1.0, 1.0, 1.0, 1.0, 273.083, 248.679, 254.179, 255.886, 263.393
1.0, 1.0, 1.0, 8.5, 224.046, 189.681, 189.589, 190.026, 195.716
1.0, 1.0, 1.0, 16.0, 224.046, 189.681, 189.589, 190.026, 195.716
1.0, 1.0, 1.0, 23.5, 206.566, 178.291, 178.173, 178.555, 183.839
1.0, 1.0, 1.0, 31.0, 206.566, 178.291, 178.173, 178.555, 183.839
1.0, 1.0, 8.5, 1.0, 189.270, 167.538, 172.757, 174.132, 178.118
1.0, 1.0, 8.5, 8.5, 140.853, 110.795, 110.609, 110.709, 112.548
1.0, 1.0, 8.5, 16.0, 140.853, 110.795, 110.609, 110.709, 112.548
1.0, 1.0, 8.5, 23.5, 119.486, 95.156, 94.929, 94.906, 95.729
1.0, 1.0, 8.5, 31.0, 119.486, 95.156, 94.929, 94.906, 95.729
1.0, 1.0, 16.0, 1.0, 189.270, 167.538, 172.757, 174.132, 178.118
1.0, 1.0, 16.0, 8.5, 140.853, 110.795, 110.609, 110.709, 112.548
1.0, 1.0, 16.0, 16.0, 140.853, 110.795, 110.609, 110.709, 112.548
1.0, 1.0, 16.0, 23.5, 119.486, 95.156, 94.929, 94.906, 95.729
1.0, 1.0, 16.0, 31.0, 119.486, 95.156, 94.929, 94.906, 95.729
1.0, 1.0, 23.5, 1.0, 159.858, 136.933, 141.833, 143.148, 146.355
1.0, 1.0, 23.5, 8.5, 114.043, 84.651, 84.455, 84.563, 85.772
1.0, 1.0, 23.5, 16.0, 114.043, 84.651, 84.455, 84.563, 85.772
1.0, 1.0, 23.5, 23.5, 91.854, 68.992, 68.774, 68.775, 69.069
1.0, 1.0, 23.5, 31.0, 91.854, 68.992, 68.774, 68.775, 69.069
1.0, 1.0, 31.0, 1.0, 159.858, 136.933, 141.833, 143.148, 146.355
1.0, 1.0, 31.0, 8.5, 114.043, 84.651, 84.455, 84.563, 85.772
1.0, 1.0, 31.0, 16.0, 114.043, 84.651, 84.455, 84.563, 85.772
1.0, 1.0, 31.0, 23.5, 91.854, 68.992, 68.774, 68.775, 69.069
1.0, 1.0, 31.0, 31.0, 91.854, 68.992, 68.774, 68.775, 69.069
1.0, 8.5, 1.0, 1.0, 187.413, 170.349, 172.180, 173.020, 179.900
1.0, 8.5, 1.0, 8.5, 182.407, 155.381, 155.323, 155.691, 161.177
1.0, 8.5, 1.0, 16.0, 182.407, 155.381, 155.323, 155.691, 161.177
1.0, 8.5, 1.0, 23.5, 166.075, 145.119, 145.061, 145.367, 150.464
1.0, 8.5, 1.0, 31.0, 166.075, 145.119, 145.061, 145.367, 150.464
1.0, 8.5, 8.5, 1.0, 102.642, 93.451, 95.382, 95.961, 99.612
1.0, 8.5, 8.5, 8.5, 98.391, 78.743, 78.639, 78.704, 80.609
1.0, 8.5, 8.5, 16.0, 98.391, 78.743, 78.639, 78.704, 80.609
1.0, 8.5, 8.5, 23.5, 77.738, 64.214, 64.095, 64.036, 64.974
1.0, 8.5, 8.5, 31.0, 77.738, 64.214, 64.095, 64.036, 64.974
1.0, 8.5, 16.0, 1.0, 102.642, 93.451, 95.382, 95.961, 99.612
1.0, 8.5, 16.0, 8.5, 98.391, 78.743, 78.639, 78.704, 80.609
1.0, 8.5, 16.0, 16.0, 98.391, 78.743, 78.639, 78.704, 80.609
1.0, 8.5, 16.0, 23.5, 77.738, 64.214, 64.095, 64.036, 64.974
1.0, 8.5, 16.0, 31.0, 77.738, 64.214, 64.095, 64.036, 64.974
1.0, 8.5, 23.5, 1.0, 79.350, 70.838, 72.811, 73.412, 76.573
1.0, 8.5, 23.5, 8.5, 75.350, 56.601, 56.525, 56.608, 57.998
1.0, 8.5, 23.5, 16.0, 75.350, 56.601, 56.525, 56.608, 57.998
1.0, 8.5, 23.5, 23.5, 54.267, 42.017, 41.933, 41.900, 42.376
1.0, 8.5, 23.5, 31.0, 54.267, 42.017, 41.933, 41.900, 42.376
1.0, 8.5, 31.0, 1.0, 79.350, 70.838, 72.811, 73.412, 76.573
1.0, 8.5, 31.0, 8.5, 75.350, 56.601, 56.525, 56.608, 57.998
1.0, 8.5, 31.0, 16.0, 75.350, 56.601, 56.525, 56.608, 57.998
1.0, 8.5, 31.0, 23.5, 54.267, 42.017, 41.933, 41.900, 42.376
1.0, 8.5, 31.0, 31.0, 54.267, 42.017, 41.933, 41.900, 42.376
1.0, 16.0, 1.0, 1.0, 187.413, 170.349, 172.180, 173.020, 179.900
1.0, 16.0, 1.0, 8.5, 182.407, 155.381, 155.323, 155.691, 161.177
1.0, 16.0, 1.0, 16.0, 182.407, 155.381, 155.323, 155.691, 161.177
1.0, 16.0, 1.0, 23.5, 166.075, 145.119, 145.061, 145.367, 150.464
1.0, 16.0, 1.0, 31.0, 166.075, 145.119, 145.061, 145.367, 150.464
1.0, 16.0, 8.5, 1.0, 102.642, 93.451, 95.382, 95.961, 99.612
1.0, 16.0, 8.5, 8.5, 98.391, 78.743, 78.639, 78.704, 80.609
1.0, 16.0, 8.5, 16.0, 98.391, 78.743, 78.639, 78.704, 80.609
1.0, 16.0, 8.5, 23.5, 77.738, 64.214, 64.095, 64.036, 64.974
1.0, 16.0, 8.5, 31.0, 77.738, 64.214, 64.095, 64.036, 64.974
1.0, 16.0, 16.0, 1.0, 102.642, 93.451, 95.382, 95.961, 99.612
1.0, 16.0, 16.0, 8.5, 98.391, 78.743, 78.639, 78.704, 80.609
1.0, 16.0, 16.0, 16.0, 98.391, 78.743, 78.639, 78.704, 80.609
1.0, 16.0, 16.0, 23.5, 77.738, 64.214, 64.095, 64.036, 64.974
1.0, 16.0, 16.0, 31.0, 77.738, 64.214, 64.095, 64.036, 64.974
1.0, 16.0, 23.5, 1.0, 79.350, 70.838, 72.811, 73.412, 76.573
1.0, 16.0, 23.5, 8.5, 75.350, 56.601, 56.525, 56.608, 57.998
1.0, 16.0, 23.5, 16.0, 75.350, 56.601, 56.525, 56.608, 57.998
1.0, 16.0, 23.5, 23.5, 54.267, 42.017, 41.933, 41.900, 42.376
1.0, 16.0, 23.5, 31.0, 54.267, 42.017, 41.933, 41.900, 42.376
1.0, 16.0, 31.0, 1.0, 79.350, 70.838, 72.811, 73.412, 76.573
1.0, 16.0, 31.0, 8.5, 75.350, 56.601, 56.525, 56.608, 57.998
1.0, 16.0, 31.0, 16.0, 75.350, 56.601, 56.525, 56.608, 57.998
1.0, 16.0, 31.0, 23.5, 54.267, 42.017, 41.933, 41.900, 42.376
1.0, 16.0, 31.0, 31.0, 54.267, 42.017, 41.933, 41.900, 42.376
1.0, 23.5, 1.0, 1.0, 163.678, 151.607, 153.472, 154.258, 160.739
1.0, 23.5, 1.0, 8.5, 158.185, 136.213, 136.185, 136.486, 141.507
1.0, 23.5, 1.0, 16.0, 158.185, 136.213, 136.185, 136.486, 141.507
1.0, 23.5, 1.0, 23.5, 152.968, 136.019, 136.009, 136.333, 141.457
1.0, 23.5, 1.0, 31.0, 152.968, 136.019, 136.009, 136.333, 141.457
1.0, 23.5, 8.5, 1.0, 76.056, 71.972, 73.890, 74.364, 77.172
1.0, 23.5, 8.5, 8.5, 71.132, 57.189, 57.068, 57.017, 58.028
1.0, 23.5, 8.5, 16.0, 71.132, 57.189, 57.068, 57.017, 58.028
1.0, 23.5, 8.5, 23.5, 63.726, 56.837, 56.725, 56.691, 57.734
1.0, 23.5, 8.5, 31.0, 63.726, 56.837, 56.725, 56.691, 57.734
1.0, 23.5, 16.0, 1.0, 76.056, 71.972, 73.890, 74.364, 77.172
1.0, 23.5, 16.0, 8.5, 71.132, 57.189, 57.068, 57.017, 58.028
1.0, 23.5, 16.0, 16.0, 71.132, 57.189, 57.068, 57.017, 58.028
1.0, 23.5, 16.0, 23.5, 63.726, 56.837, 56.725, 56.691, 57.734
1.0, 23.5, 16.0, 31.0, 63.726, 56.837, 56.725, 56.691, 57.734
1.0, 23.5, 23.5, 1.0, 51.539, 48.460, 50.436, 50.941, 53.273
1.0, 23.5, 23.5, 8.5, 46.898, 34.129, 34.041, 34.015, 34.530
1.0, 23.5, 23.5, 16.0, 46.898, 34.129, 34.041, 34.015, 34.530
1.0, 23.5, 23.5, 23.5, 39.773, 33.933, 33.853, 33.843, 34.393
1.0, 23.5, 23.5, 31.0, 39.773, 33.933, 33.853, 33.843, 34.393
1.0, 23.5, 31.0, 1.0, 51.539, 48.460, 50.436, 50.941, 53.273
1.0, 23.5, 31.0, 8.5, 46.898, 34.129, 34.041, 34.015, 34.530
1.0, 23.5, 31.0, 16.0, 46.898, 34.129, 34.041, 34.015, 34.530
1.0, 23.5, 31.0, 23.5, 39.773, 33.933, 33.853, 33.843, 34.393
1.0, 23.5, 31.0, 31.0, 39.773, 33.933, 33.853, 33.843, 34.393
1.0, 31.0, 1.0, 1.0, 163.678, 151.607, 153.472, 154.258, 160.739
1.0, 31.0, 1.0, 8.5, 158.185, 136.213, 136.185, 136.486, 141.507
1.0, 31.0, 1.0, 16.0, 158.185, 136.213, 136.185, 136.486, 141.507
1.0, 31.0, 1.0, 23.5, 152.968, 136.019, 136.009, 136.333, 141.457
1.0, 31.0, 1.0, 31.0, 152.968, 136.019, 136.009, 136.333, 141.457
1.0, 31.0, 8.5, 1.0, 76.056, 71.972, 73.890, 74.364, 77.172
1.0, 31.0, 8.5, 8.5, 71.132, 57.189, 57.068, 57.017, 58.028
1.0, 31.0, 8.5, 16.0, 71.132, 57.189, 57.068, 57.017, 58.028
1.0, 31.0, 8.5, 23.5, 63.726, 56.837, 56.725, 56.691, 57.734
1.0, 31.0, 8.5, 31.0, 63.726, 56.837, 56.725, 56.691, 57.734
1.0, 31.0, 16.0, 1.0, 76.056, 71.972, 73.890, 74.364, 77.172
1.0, 31.0, 16.0, 8.5, 71.132, 57.189, 57.068, 57.017, 58.028
1.0, 31.0, 16.0, 16.0, 71.132, 57.189, 57.068, 57.017, 58.028
1.0, 31.0, 16.0, 23.5, 63.726, 56.837, 56.725, 56.691, 57.734
1.0, 31.0, 16.0, 31.0, 63.726, 56.837, 56.725, 56.691, 57.734
1.0, 31.0, 23.5, 1.0, 51.539, 48.460, 50.436, 50.941, 53.273
1.0, 31.0, 23.5, 8.5, 46.898, 34.129, 34.041, 34.015, 34.530
1.0, 31.0, 23.5, 16.0, 46.898, 34.129, 34.041, 34.015, 34.530
1.0, 31.0, 23.5, 23.5, 39.773, 33.933, 33.853, 33.843, 34.393
1.0, 31.0, 23.5, 31.0, 39.773, 33.933, 33.853, 33.843, 34.393
1.0, 31.0, 31.0, 1.0, 51.539, 48.460, 50.436, 50.941, 53.273
1.0, 31.0, 31.0, 8.5, 46.898, 34.129, 34.041, 34.015, 34.530
1.0, 31.0, 31.0, 16.0, 46.898, 34.129, 34.041, 34.015, 34.530
1.0, 31.0, 31.0, 23.5, 39.773, 33.933, 33.853, 33.843, 34.393
1.0, 31.0, 31.0, 31.0, 39.773, 33.933, 33.853, 33.843, 34.393
8.5, 1.0, 1.0, 1.0, 209.399, 186.462, 191.695, 193.330, 200.600
8.5, 1.0, 1.0, 8.5, 162.098, 132.474, 132.301, 132.738, 138.385
8.5, 1.0, 1.0, 16.0, 162.098, 132.474, 132.301, 132.738, 138.385
8.5, 1.0, 1.0, 23.5, 142.521, 120.088, 119.890, 120.288, 125.619
8.5, 1.0, 1.0, 31.0, 142.521, 120.088, 119.890, 120.288, 125.619
8.5, 1.0, 8.5, 1.0, 172.272, 151.280, 156.244, 157.576, 161.690
8.5, 1.0, 8.5, 8.5, 123.471, 96.057, 95.882, 95.997, 98.044
8.5, 1.0, 8.5, 16.0, 123.471, 96.057, 95.882, 95.997, 98.044
8.5, 1.0, 8.5, 23.5, 102.541, 81.080, 80.869, 80.872, 81.955
8.5, 1.0, 8.5, 31.0, 102.541, 81.080, 80.869, 80.872, 81.955
8.5, 1.0, 16.0, 1.0, 172.272, 151.280, 156.244, 157.576, 161.690
8.5, 1.0, 16.0, 8.5, 123.471, 96.057, 95.882, 95.997, 98.044
8.5, 1.0, 16.0, 16.0, 123.471, 96.057, 95.882, 95.997, 98.044
8.5, 1.0, 16.0, 23.5, 102.541, 81.080, 80.869, 80.872, 81.955
8.5, 1.0, 16.0, 31.0, 102.541, 81.080, 80.869, 80.872, 81.955
8.5, 1.0, 23.5, 1.0, 144.160, 122.162, 126.851, 128.131, 131.454
8.5, 1.0, 23.5, 8.5, 97.817, 71.099, 70.929, 71.054, 72.448
8.5, 1.0, 23.5, 16.0, 97.817, 71.099, 70.929, 71.054, 72.448
8.5, 1.0, 23.5, 23.5, 76.155, 56.146, 55.956, 55.984, 56.516
8.5, 1.0, 23.5, 31.0, 76.155, 56.146, 55.956, 55.984, 56.516
8.5, 1.0, 31.0, 1.0, 144.160, 122.162, 126.851, 128.131, 131.454
8.5, 1.0, 31.0, 8.5, 97.817, 71.099, 70.929, 71.054, 72.448
8.5, 1.0, 31.0, 16.0, 97.817, 71.099, 70.929, 71.054, 72.448
8.5, 1.0, 31.0, 23.5, 76.155, 56.146, 55.956, 55.984, 56.516
8.5, 1.0, 31.0, 31.0, 76.155, 56.146, 55.956, 55.984, 56.516
8.5, 8.5, 1.0, 1.0, 126.364, 114.401, 116.137, 116.964, 123.937
8.5, 8.5, 1.0, 8.5, 121.108, 99.817, 99.645, 100.009, 105.550
8.5, 8.5, 1.0, 16.0, 121.108, 99.817, 99.645, 100.009, 105.550
8.5, 8.5, 1.0, 23.5, 103.098, 89.005, 88.813, 89.129, 94.378
8.5, 8.5, 1.0, 31.0, 103.098, 89.005, 88.813, 89.129, 94.378
8.5, 8.5, 8.5, 1.0, 85.811, 78.705, 80.526, 81.103, 84.939
8.5, 8.5, 8.5, 8.5, 80.434, 64.124, 64.058, 64.153, 66.324
8.5, 8.5, 8.5, 16.0, 80.434, 64.124, 64.058, 64.153, 66.324
8.5, 8.5, 8.5, 23.5, 60.734, 50.589, 50.503, 50.480, 51.717
8.5, 8.5, 8.5, 31.0, 60.734, 50.589, 50.503, 50.480, 51.717
8.5, 8.5, 16.0, 1.0, 85.811, 78.705, 80.526, 81.103, 84.939
8.5, 8.5, 16.0, 8.5, 80.434, 64.124, 64.058, 64.153, 66.324
8.5, 8.5, 16.0, 16.0, 80.434, 64.124, 64.058, 64.153, 66.324
8.5, 8.5, 16.0, 23.5, 60.734, 50.589, 50.503, 50.480, 51.717
8.5, 8.5, 16.0, 31.0, 60.734, 50.589, 50.503, 50.480, 51.717
8.5, 8.5, 23.5, 1.0, 63.421, 56.947, 58.814, 59.413, 62.737
8.5, 8.5, 23.5, 8.5, 58.456, 42.925, 42.886, 42.998, 44.631
8.5, 8.5, 23.5, 16.0, 58.456, 42.925, 42.886, 42.998, 44.631
8.5, 8.5, 23.5, 23.5, 38.353, 29.321, 29.268, 29.270, 30.022
8.5, 8.5, 23.5, 31.0, 38.353, 29.321, 29.268, 29.270, 30.022
8.5, 8.5, 31.0, 1.0, 63.421, 56.947, 58.814, 59.413, 62.737
8.5, 8.5, 31.0, 8.5, 58.456, 42.925, 42.886, 42.998, 44.631
8.5, 8.5, 31.0, 16.0, 58.456, 42.925, 42.886, 42.998, 44.631
8.5, 8.5, 31.0, 23.5, 38.353, 29.321, 29.268, 29.270, 30.022
8.5, 8.5, 31.0, 31.0, 38.353, 29.321, 29.268, 29.270, 30.022
8.5, 16.0, 1.0, 1.0, 126.364, 114.401, 116.137, 116.964, 123.937
8.5, 16.0, 1.0, 8.5, 121.108, 99.817, 99.645, 100.009, 105.550
8.5, 16.0, 1.0, 16.0, 121.108, 99.817, 99.645, 100.009, 105.550
8.5, 16.0, 1.0, 23.5, 103.098, 89.005, 88.813, 89.129, 94.378
8.5, 16.0, 1.0, 31.0, 103.098, 89.005, 88.813, 89.129, 94.378
8.5, 16.0, 8.5, 1.0, 85.811, 78.705, 80.526, 81.103, 84.939
8.5, 16.0, 8.5, 8.5, 80.434, 64.124, 64.058, 64.153, 66.324
8.5, 16.0, 8.5, 16.0, 80.434, 64.124, 64.058, 64.153, 66.324
8.5, 16.0, 8.5, 23.5, 60.734, 50.589, 50.503, 50.480, 51.717
8.5, 16.0, 8.5, 31.0, 60.734, 50.589, 50.503, 50.480, 51.717
8.5, 16.0, 16.0, 1.0, 85.811, 78.705, 80.526, 81.103, 84.939
8.5, 16.0, 16.0, 8.5, 80.434, 64.124, 64.058, 64.153, 66.324
8.5, 16.0, 16.0, 16.0, 80.434, 64.124, 64.058, 64.153, 66.324
8.5, 16.0, 16.0, 23.5, 60.734, 50.589, 50.503, 50.480, 51.717
8.5, 16.0, 16.0, 31.0, 60.734, 50.589, 50.503, 50.480, 51.717
8.5, 16.0, 23.5, 1.0, 63.421, 56.947, 58.814, 59.413, 62.737
8.5, 16.0, 23.5, 8.5, 58.456, 42.925, 42.886, 42.998, 44.631
8.5, 16.0, 23.5, 16.0, 58.456, 42.925, 42.886, 42.998, 44.631
8.5, 16.0, 23.5, 23.5, 38.353, 29.321, 29.268, 29.270, 30.022
8.5, 16.0, 23.5, 31.0, 38.353, 29.321, 29.268, 29.270, 30.022
8.5, 16.0, 31.0, 1.0, 63.421, 56.947, 58.814, 59.413, 62.737
8.5, 16.0, 31.0, 8.5, 58.456, 42.925, 42.886, 42.998, 44.631
8.5, 16.0, 31.0, 16.0, 58.456, 42.925, 42.886, 42.998, 44.631
8.5, 16.0, 31.0, 23.5, 38.353, 29.321, 29.268, 29.270, 30.022
8.5, 16.0, 31.0, 31.0, 38.353, 29.321, 29.268, 29.270, 30.022
8.5, 23.5, 1.0, 1.0, 103.409, 97.357, 99.095, 99.882, 106.558
8.5, 23.5, 1.0, 8.5, 97.830, 82.487, 82.308, 82.617, 87.788
8.5, 23.5, 1.0, 16.0, 97.830, 82.487, 82.308, 82.617, 87.788
8.5, 23.5, 1.0, 23.5, 91.707, 81.963, 81.808, 82.148, 87.481
8.5, 23.5, 1.0, 31.0, 91.707, 81.963, 81.808, 82.148, 87.481
8.5, 23.5, 8.5, 1.0, 60.181, 58.529, 60.356, 60.839, 63.907
8.5, 23.5, 8.5, 8.5, 54.267, 43.772, 43.689, 43.675, 45.009
8.5, 23.5, 8.5, 16.0, 54.267, 43.772, 43.689, 43.675, 45.009
8.5, 23.5, 8.5, 23.5, 47.080, 43.431, 43.355, 43.354, 44.695
8.5, 23.5, 8.5, 31.0, 47.080, 43.431, 43.355, 43.354, 44.695
8.5, 23.5, 16.0, 1.0, 60.181, 58.529, 60.356, 60.839, 63.907
8.5, 23.5, 16.0, 8.5, 54.267, 43.772, 43.689, 43.675, 45.009
8.5, 23.5, 16.0, 16.0, 54.267, 43.772, 43.689, 43.675, 45.009
8.5, 23.5, 16.0, 23.5, 47.080, 43.431, 43.355, 43.354, 44.695
8.5, 23.5, 16.0, 31.0, 47.080, 43.431, 43.355, 43.354, 44.695
8.5, 23.5, 23.5, 1.0, 36.725, 35.896, 37.782, 38.295, 40.857
8.5, 23.5, 23.5, 8.5, 31.286, 21.713, 21.659, 21.668, 22.476
8.5, 23.5, 23.5, 16.0, 31.286, 21.713, 21.659, 21.668, 22.476
8.5, 23.5, 23.5, 23.5, 24.356, 21.517, 21.469, 21.492, 22.307
8.5, 23.5, 23.5, 31.0, 24.356, 21.517, 21.469, 21.492, 22.307
8.5, 23.5, 31.0, 1.0, 36.725, 35.896, 37.782, 38.295, 40.857
8.5, 23.5, 31.0, 8.5, 31.286, 21.713, 21.659, 21.668, 22.476
8.5, 23.5, 31.0, 16.0, 31.286, 21.713, 21.659, 21.668, 22.476
8.5, 23.5, 31.0, 23.5, 24.356, 21.517, 21.469, 21.492, 22.307
8.5, 23.5, 31.0, 31.0, 24.356, 21.517, 21.469, 21.492, 22.307
8.5, 31.0, 1.0, 1.0, 103.409, 97.357, 99.095, 99.882, 106.558
8.5, 31.0, 1.0, 8.5, 97.830, 82.487, 82.308, 82.617, 87.788
8.5, 31.0, 1.0, 16.0, 97.830, 82.487, 82.308, 82.617, 87.788
8.5, 31.0, 1.0, 23.5, 91.707, 81.963, 81.808, 82.148, 87.481
8.5, 31.0, 1.0, 31.0, 91.707, 81.963, 81.808, 82.148, 87.481
8.5, 31.0, 8.5, 1.0, 60.181, 58.529, 60.356, 60.839, 63.907
8.5, 31.0, 8.5, 8.5, 54.267, 43.772, 43.689, 43.675, 45.009
8.5, 31.0, 8.5, 16.0, 54.267, 43.772, 43.689, 43.675, 45.009
8.5, 31.0, 8.5, 23.5, 47.080, 43.431, 43.355, 43.354, 44.695
8.5, 31.0, 8.5, 31.0, 47.080, 43.431, 43.355, 43.354, 44.695
8.5, 31.0, 16.0, 1.0, 60.181, 58.529, 60.356, 60.839, 63.907
8.5, 31.0, 16.0, 8.5, 54.267, 43.772, 43.689, 43.675, 45.009
8.5, 31.0, 16.0, 16.0, 54.267, 43.772, 43.689, 43.675, 45.009
8.5, 31.0, 16.0, 23.5, 47.080, 43.431, 43.355, 43.354, 44.695
8.5, 31.0, 16.0, 31.0, 47.080, 43.431, 43.355, 43.354, 44.695
8.5, 31.0, 23.5, 1.0, 36.725, 35.896, 37.782, 38.295, 40.857
8.5, 31.0, 23.5, 8.5, 31.286, 21.713, 21.659, 21.668, 22.476
8.5, 31.0, 23.5, 16.0, 31.286, 21.713, 21.659, 21.668, 22.476
8.5, 31.0, 23.5, 23.5, 24.356, 21.517, 21.469, 21.492, 22.307
8.5, 31.0, 23.5, 31.0, 24.356, 21.517, 21.469, 21.492, 22.307
8.5, 31.0, 31.0, 1.0, 36.725, 35.896, 37.782, 38.295, 40.857
8.5, 31.0, 31.0, 8.5, 31.286, 21.713, 21.659, 21.668, 22.476
8.5, 31.0, 31.0, 16.0, 31.286, 21.713, 21.659, 21.668, 22.476
8.5, 31.0, 31.0, 23.5, 24.356, 21.517, 21.469, 21.492, 22.307
8.5, 31.0, 31.0, 31.0, 24.356, 21.517, 21.469, 21.492, 22.307
16.0, 1.0, 1.0, 1.0, 209.399, 186.462, 191.695, 193.330, 200.600
16.0, 1.0, 1.0, 8.5, 162.098, 132.474, 132.301, 132.738, 138.385
16.0, 1.0, 1.0, 16.0, 162.098, 132.474, 132.301, 132.738, 138.385
16.0, 1.0, 1.0, 23.5, 142.521, 120.088, 119.890, 120.288, 125.619
16.0, 1.0, 1.0, 31.0, 142.521, 120.088, 119.890, 120.288, 125.619
16.0, 1.0, 8.5, 1.0, 172.272, 151.280, 156.244, 157.576, 161.690
16.0, 1.0, 8.5, 8.5, 123.471, 96.057, 95.882, 95.997, 98.044
16.0, 1.0, 8.5, 16.0, 123.471, 96.057, 95.882, 95.997, 98.044
16.0, 1.0, 8.5, 23.5, 102.541, 81.080, 80.869, 80.872, 81.955
16.0, 1.0, 8.5, 31.0, 102.541, 81.080, 80.869, 80.872, 81.955
16.0, 1.0, 16.0, 1.0, 172.272, 151.280, 156.244, 157.576, 161.690
16.0, 1.0, 16.0, 8.5, 123.471, 96.057, 95.882, 95.997, 98.044
16.0, 1.0, 16.0, 16.0, 123.471, 96.057, 95.882, 95.997, 98.044
16.0, 1.0, 16.0, 23.5, 102.541, 81.080, 80.869, 80.872, 81.955
16.0, 1.0, 16.0, 31.0, 102.541, 81.080, 80.869, 80.872, 81.955
16.0, 1.0, 23.5, 1.0, 144.160, 122.162, 126.851, 128.131, 131.454
16.0, 1.0, 23.5, 8.5, 97.817, 71.099, 70.929, 71.054, 72.448
16.0, 1.0, 23.5, 16.0, 97.817, 71.099, 70.929, 71.054, 72.448
16.0, 1.0, 23.5, 23.5, 76.155, 56.146, 55.956, 55.984, 56.516
16.0, 1.0, 23.5, 31.0, 76.155, 56.146, 55.956, 55.984, 56.516
16.0, 1.0, 31.0, 1.0, 144.160, 122.162, 126.851, 128.131, 131.454
16.0, 1.0, 31.0, 8.5, 97.817, 71.099, 70.929, 71.054, 72.448
16.0, 1.0, 31.0, 16.0, 97.817, 71.099, 70.929, 71.054, 72.448
16.0, 1.0, 31.0, 23.5, 76.155, 56.146, 55.956, 55.984, 56.516
16.0, 1.0, 31.0, 31.0, 76.155, 56.146, 55.956, 55.984, 56.516
16.0, 8.5, 1.0, 1.0, 126.364, 114.401, 116.137, 116.964, 123.937
16.0, 8.5, 1.0, 8.5, 121.108, 99.817, 99.645, 100.009, 105.550
16.0, 8.5, 1.0, 16.0, 121.108, 99.817, 99.645, 100.009, 105.550
16.0, 8.5, 1.0, 23.5, 103.098, 89.005, 88.813, 89.129, 94.378
16.0, 8.5, 1.0, 31.0, 103.098, 89.005, 88.813, 89.129, 94.378
16.0, 8.5, 8.5, 1.0, 85.811, 78.705, 80.526, 81.103, 84.939
16.0, 8.5, 8.5, 8.5, 80.434, 64.124, 64.058, 64.153, 66.324
16.0, 8.5, 8.5, 16.0, 80.434, 64.124, 64.058, 64.153, 66.324
16.0, 8.5, 8.5, 23.5, 60.734, 50.589, 50.503, 50.480, 51.717
16.0, 8.5, 8.5, 31.0, 60.734, 50.589, 50.503, 50.480, 51.717
16.0, 8.5, 16.0, 1.0, 85.811, 78.705, 80.526, 81.103, 84.939
16.0, 8.5, 16.0, 8.5, 80.434, 64.124, 64.058, 64.153, 66.324
16.0, 8.5, 16.0, 16.0, 80.434, 64.124, 64.058, 64.153, 66.324
16.0, 8.5, 16.0, 23.5, 60.734, 50.589, 50.503, 50.480, 51.717
16.0, 8.5, 16.0, 31.0, 60.734, 50.589, 50.503, 50.480, 51.717
16.0, 8.5, 23.5, 1.0, 63.421, 56.947, 58.814, 59.413, 62.737
16.0, 8.5, 23.5, 8.5, 58.456, 42.925, 42.886, 42.998, 44.631
16.0, 8.5, 23.5, 16.0, 58.456, 42.925, 42.886, 42.998, 44.631
16.0, 8.5, 23.5, 23.5, 38.353, 29.321, 29.268, 29.270, 30.022
16.0, 8.5, 23.5, 31.0, 38.353, 29.321, 29.268, 29.270, 30.022
16.0, 8.5, 31.0, 1.0, 63.421, 56.947, 58.814, 59.413, 62.737
16.0, 8.5, 31.0, 8.5, 58.456, 42.925, 42.886, 42.998, 44.631
16.0, 8.5, 31.0, 16.0, 58.456, 42.925, 42.886, 42.998, 44.631
16.0, 8.5, 31.0, 23.5, 38.353, 29.321, 29.268, 29.270, 30.022
16.0, 8.5, 31.0, 31.0, 38.353, 29.321, 29.268, 29.270, 30.022
16.0, 16.0, 1.0, 1.0, 126.364, 114.401, 116.137, 116.964, 123.937
16.0, 16.0, 1.0, 8.5, 121.108, 99.817, 99.645, 100.009, 105.550
16.0, 16.0, 1.0, 16.0, 121.108, 99.817, 99.645, 100.009, 105.550
16.0, 16.0, 1.0, 23.5, 103.098, 89.005, 88.813, 89.129, 94.378
16.0, 16.0, 1.0, 31.0, 103.098, 89.005, 88.813, 89.129, 94.378
16.0, 16.0, 8.5, 1.0, 85.811, 78.705, 80.526, 81.103, 84.939
16.0, 16.0, 8.5, 8.5, 80.434, 64.124, 64.058, 64.153, 66.324
16.0, 16.0, 8.5, 16.0, 80.434, 64.124, 64.058, 64.153, 66.324
16.0, 16.0, 8.5, 23.5, 60.734, 50.589, 50.503, 50.480, 51.717
16.0, 16.0, 8.5, 31.0, 60.734, 50.589, 50.503, 50.480, 51.717
16.0, 16.0, 16.0, 1.0, 85.811, 78.705, 80.526, 81.103, 84.939
16.0, 16.0, 16.0, 8.5, 80.434, 64.124, 64.058, 64.153, 66.324
16.0, 16.0, 16.0, 16.0, 80.434, 64.124, 64.058, 64.153, 66.324
16.0, 16.0, 16.0, 23.5, 60.734, 50.589, 50.503, 50.480, 51.717
16.0, 16.0, 16.0, 31.0, 60.734, 50.589, 50.503, 50.480, 51.717
16.0, 16.0, 23.5, 1.0, 63.421, 56.947, 58.814, 59.413, 62.737
16.0, 16.0, 23.5, 8.5, 58.456, 42.925, 42.886, 42.998, 44.631
16.0, 16.0, 23.5, 16.0, 58.456, 42.925, 42.886, 42.998, 44.631
16.0, 16.0, 23.5, 23.5, 38.353, 29.321, 29.268, 29.270, 30.022
16.0, 16.0, 23.5, 31.0, 38.353, 29.321, 29.268, 29.270, 30.022
16.0, 16.0, 31.0, 1.0, 63.421, 56.947, 58.814, 59.413, 62.737
16.0, 16.0, 31.0, 8.5, 58.456, 42.925, 42.886, 42.998, 44.631
16.0, 16.0, 31.0, 16.0, 58.456, 42.925, 42.886, 42.998, 44.631
16.0, 16.0, 31.0, 23.5, 38.353, 29.321, 29.268, 29.270, 30.022
16.0, 16.0, 31.0, 31.0, 38.353, 29.321, 29.268, 29.270, 30.022
16.0, 23.5, 1.0, 1.0, 103.409, 97.357, 99.095, 99.882, 106.558
16.0, 23.5, 1.0, 8.5, 97.830, 82.487, 82.308, 82.617, 87.788
16.0, 23.5, 1.0, 16.0, 97.830, 82.487, 82.308, 82.617, 87.788
16.0, 23.5, 1.0, 23.5, 91.707, 81.963, 81.808, 82.148, 87.481
16.0, 23.5, 1.0, 31.0, 91.707, 81.963, 81.808, 82.148, 87.481
16.0, 23.5, 8.5, 1.0, 60.181, 58.529, 60.356, 60.839, 63.907
16.0, 23.5, 8.5, 8.5, 54.267, 43.772, 43.689, 43.675, 45.009
16.0, 23.5, 8.5, 16.0, 54.267, 43.772, 43.689, 43.675, 45.009
16.0, 23.5, 8.5, 23.5, 47.080, 43.431, 43.355, 43.354, 44.695
16.0, 23.5, 8.5, 31.0, 47.080, 43.431, 43.355, 43.354, 44.695
16.0, 23.5, 16.0, 1.0, 60.181, 58.529, 60.356, 60.839, 63.907
16.0, 23.5, 16.0, 8.5, 54.267, 43.772, 43.689, 43.675, 45.009
16.0, 23.5, 16.0, 16.0, 54.267, 43.772, 43.689, 43.675, 45.009
16.0, 23.5, 16.0, 23.5, 47.080, 43.431, 43.355, 43.354, 44.695
16.0, 23.5, 16.0, 31.0, 47.080, 43.431, 43.355, 43.354, 44.695
16.0, 23.5, 23.5, 1.0, 36.725, 35.896, 37.782, 38.295, 40.857
16.0, 23.5, 23.5, 8.5, 31.286, 21.713, 21.659, 21.668, 22.476
16.0, 23.5, 23.5, 16.0, 31.286, 21.713, 21.659, 21.668, 22.476
16.0, 23.5, 23.5, 23.5, 24.356, 21.517, 21.469, 21.492, 22.307
16.0, 23.5, 23.5, 31.0, 24.356, 21.517, 21.469, 21.492, 22.307
16.0, 23.5, 31.0, 1.0, 36.725, 35.896, 37.782, 38.295, 40.857
16.0, 23.5, 31.0, 8.5, 31.286, 21.713, 21.659, 21.668, 22.476
16.0, 23.5, 31.0, 16.0, 31.286, 21.713, 21.659, 21.668, 22.476
16.0, 23.5, 31.0, 23.5, 24.356, 21.517, 21.469, 21.492, 22.307
16.0, 23.5, 31.0, 31.0, 24.356, 21.517, 21.469, 21.492, 22.307
16.0, 31.0, 1.0, 1.0, 103.409, 97.357, 99.095, 99.882, 106.558
16.0, 31.0, 1.0, 8.5, 97.830, 82.487, 82.308, 82.617, 87.788
16.0, 31.0, 1.0, 16.0, 97.830, 82.487, 82.308, 82.617, 87.788
16.0, 31.0, 1.0, 23.5, 91.707, 81.963, 81.808, 82.148, 87.481
16.0, 31.0, 1.0, 31.0, 91.707, 81.963, 81.808, 82.148, 87.481
16.0, 31.0, 8.5, 1.0, 60.181, 58.529, 60.356, 60.839, 63.907
16.0, 31.0, 8.5, 8.5, 54.267, 43.772, 43.689, 43.675, 45.009
16.0, 31.0, 8.5, 16.0, 54.267, 43.772, 43.689, 43.675, 45.009
16.0, 31.0, 8.5, 23.5, 47.080, 43.431, 43.355, 43.354, 44.695
16.0, 31.0, 8.5, 31.0, 47.080, 43.431, 43.355, 43.354, 44.695
16.0, 31.0, 16.0, 1.0, 60.181, 58.529, 60.356, 60.839, 63.907
16.0, 31.0, 16.0, 8.5, 54.267, 43.772, 43.689, 43.675, 45.009
16.0, 31.0, 16.0, 16.0, 54.267, 43.772, 43.689, 43.675, 45.009
16.0, 31.0, 16.0, 23.5, 47.080, 43.431, 43.355, 43.354, 44.695
16.0, 31.0, 16.0, 31.0, 47.080, 43.431, 43.355, 43.354, 44.695
16.0, 31.0, 23.5, 1.0, 36.725, 35.896, 37.782, 38.295, 40.857
16.0, 31.0, 23.5, 8.5, 31.286, 21.713, 21.659, 21.668, 22.476
16.0, 31.0, 23.5, 16.0, 31.286, 21.713, 21.659, 21.668, 22.476
16.0, 31.0, 23.5, 23.5, 24.356, 21.517, 21.469, 21.492, 22.307
16.0, 31.0, 23.5, 31.0, 24.356, 21.517, 21.469, 21.492, 22.307
16.0, 31.0, 31.0, 1.0, 36.725, 35.896, 37.782, 38.295, 40.857
16.0, 31.0, 31.0, 8.5, 31.286, 21.713, 21.659, 21.668, 22.476
16.0, 31.0, 31.0, 16.0, 31.286, 21.713, 21.659, 21.668, 22.476
16.0, 31.0, 31.0, 23.5, 24.356, 21.517, 21.469, 21.492, 22.307
16.0, 31.0, 31.0, 31.0, 24.356, 21.517, 21.469, 21.492, 22.307
23.5, 1.0, 1.0, 1.0, 188.788, 168.042, 173.141, 174.771, 182.166
23.5, 1.0, 1.0, 8.5, 142.748, 116.855, 116.784, 117.262, 123.107
23.5, 1.0, 1.0, 16.0, 142.748, 116.855, 116.784, 117.262, 123.107
23.5, 1.0, 1.0, 23.5, 123.980, 104.478, 104.383, 104.817, 110.283
23.5, 1.0, 1.0, 31.0, 123.980, 104.478, 104.383, 104.817, 110.283
23.5, 1.0, 8.5, 1.0, 155.060, 134.260, 139.035, 140.340, 144.399
23.5, 1.0, 8.5, 8.5, 107.199, 81.440, 81.329, 81.469, 83.520
23.5, 1.0, 8.5, 16.0, 107.199, 81.440, 81.329, 81.469, 83.520
23.5, 1.0, 8.5, 23.5, 86.853, 66.458, 66.316, 66.338, 67.377
23.5, 1.0, 8.5, 31.0, 86.853, 66.458, 66.316, 66.338, 67.377
23.5, 1.0, 16.0, 1.0, 155.060, 134.260, 139.035, 140.340, 144.399
23.5, 1.0, 16.0, 8.5, 107.199, 81.440, 81.329, 81.469, 83.520
23.5, 1.0, 16.0, 16.0, 107.199, 81.440, 81.329, 81.469, 83.520
23.5, 1.0, 16.0, 23.5, 86.853, 66.458, 66.316, 66.338, 67.377
23.5, 1.0, 16.0, 31.0, 86.853, 66.458, 66.316, 66.338, 67.377
23.5, 1.0, 23.5, 1.0, 142.183, 121.256, 126.007, 127.305, 130.656
23.5, 1.0, 23.5, 8.5, 95.612, 69.488, 69.343, 69.479, 70.890
23.5, 1.0, 23.5, 16.0, 95.612, 69.488, 69.343, 69.479, 70.890
23.5, 1.0, 23.5, 23.5, 74.521, 54.737, 54.576, 54.611, 55.123
23.5, 1.0, 23.5, 31.0, 74.521, 54.737, 54.576, 54.611, 55.123
23.5, 1.0, 31.0, 1.0, 142.183, 121.256, 126.007, 127.305, 130.656
23.5, 1.0, 31.0, 8.5, 95.612, 69.488, 69.343, 69.479, 70.890
23.5, 1.0, 31.0, 16.0, 95.612, 69.488, 69.343, 69.479, 70.890
23.5, 1.0, 31.0, 23.5, 74.521, 54.737, 54.576, 54.611, 55.123
23.5, 1.0, 31.0, 31.0, 74.521, 54.737, 54.576, 54.611, 55.123
23.5, 8.5, 1.0, 1.0, 108.681, 99.449, 101.158, 102.008, 109.155
23.5, 8.5, 1.0, 8.5, 103.939, 85.927, 85.791, 86.186, 91.923
23.5, 8.5, 1.0, 16.0, 103.939, 85.927, 85.791, 86.186, 91.923
23.5, 8.5, 1.0, 23.5, 86.852, 75.159, 74.993, 75.332, 80.707
23.5, 8.5, 1.0, 31.0, 86.852, 75.159, 74.993, 75.332, 80.707
23.5, 8.5, 8.5, 1.0, 71.007, 64.937, 66.732, 67.321, 71.166
23.5, 8.5, 8.5, 8.5, 66.012, 51.109, 51.060, 51.172, 53.361
23.5, 8.5, 8.5, 16.0, 66.012, 51.109, 51.060, 51.172, 53.361
23.5, 8.5, 8.5, 23.5, 47.044, 37.608, 37.534, 37.519, 38.712
23.5, 8.5, 8.5, 31.0, 47.044, 37.608, 37.534, 37.519, 38.712
23.5, 8.5, 16.0, 1.0, 71.007, 64.937, 66.732, 67.321, 71.166
23.5, 8.5, 16.0, 8.5, 66.012, 51.109, 51.060, 51.172, 53.361
23.5, 8.5, 16.0, 16.0, 66.012, 51.109, 51.060, 51.172, 53.361
23.5, 8.5, 16.0, 23.5, 47.044, 37.608, 37.534, 37.519, 38.712
23.5, 8.5, 16.0, 31.0, 47.044, 37.608, 37.534, 37.519, 38.712
23.5, 8.5, 23.5, 1.0, 61.657, 55.722, 57.605, 58.211, 61.547
23.5, 8.5, 23.5, 8.5, 56.579, 41.434, 41.398, 41.516, 43.158
23.5, 8.5, 23.5, 16.0, 56.579, 41.434, 41.398, 41.516, 43.158
23.5, 8.5, 23.5, 23.5, 37.006, 28.031, 27.980, 27.984, 28.711
23.5, 8.5, 23.5, 31.0, 37.006, 28.031, 27.980, 27.984, 28.711
23.5, 8.5, 31.0, 1.0, 61.657, 55.722, 57.605, 58.211, 61.547
23.5, 8.5, 31.0, 8.5, 56.579, 41.434, 41.398, 41.516, 43.158
23.5, 8.5, 31.0, 16.0, 56.579, 41.434, 41.398, 41.516, 43.158
23.5, 8.5, 31.0, 23.5, 37.006, 28.031, 27.980, 27.984, 28.711
23.5, 8.5, 31.0, 31.0, 37.006, 28.031, 27.980, 27.984, 28.711
23.5, 16.0, 1.0, 1.0, 108.681, 99.449, 101.158, 102.008, 109.155
23.5, 16.0, 1.0, 8.5, 103.939, 85.927, 85.791, 86.186, 91.923
23.5, 16.0, 1.0, 16.0, 103.939, 85.927, 85.791, 86.186, 91.923
23.5, 16.0, 1.0, 23.5, 86.852, 75.159, 74.993, 75.332, 80.707
23.5, 16.0, 1.0, 31.0, 86.852, 75.159, 74.993, 75.332, 80.707
23.5, 16.0, 8.5, 1.0, 71.007, 64.937, 66.732, 67.321, 71.166
23.5, 16.0, 8.5, 8.5, 66.012, 51.109, 51.060, 51.172, 53.361
23.5, 16.0, 8.5, 16.0, 66.012, 51.109, 51.060, 51.172, 53.361
23.5, 16.0, 8.5, 23.5, 47.044, 37.608, 37.534, 37.519, 38.712
23.5, 16.0, 8.5, 31.0, 47.044, 37.608, 37.534, 37.519, 38.712
23.5, 16.0, 16.0, 1.0, 71.007, 64.937, 66.732, 67.321, 71.166
23.5, 16.0, 16.0, 8.5, 66.012, 51.109, 51.060, 51.172, 53.361
23.5, 16.0, 16.0, 16.0, 66.012, 51.109, 51.060, 51.172, 53.361
23.5, 16.0, 16.0, 23.5, 47.044, 37.608, 37.534, 37.519, 38.712
23.5, 16.0, 16.0, 31.0, 47.044, 37.608, 37.534, 37.519, 38.712
23.5, 16.0, 23.5, 1.0, 61.657, 55.722, 57.605, 58.211, 61.547
23.5, 16.0, 23.5, 8.5, 56.579, 41.434, 41.398, 41.516, 43.158
23.5, 16.0, 23.5, 16.0, 56.579, 41.434, 41.398, 41.516, 43.158
23.5, 16.0, 23.5, 23.5, 37.006, 28.031, 27.980, 27.984, 28.711
23.5, 16.0, 23.5, 31.0, 37.006, 28.031, 27.980, 27.984, 28.711
23.5, 16.0, 31.0, 1.0, 61.657, 55.722, 57.605, 58.211, 61.547
23.5, 16.0, 31.0, 8.5, 56.579, 41.434, 41.398, 41.516, 43.158
23.5, 16.0, 31.0, 16.0, 56.579, 41.434, 41.398, 41.516, 43.158
23.5, 16.0, 31.0, 23.5, 37.006, 28.031, 27.980, 27.984, 28.711
23.5, 16.0, 31.0, 31.0, 37.006, 28.031, 27.980, 27.984, 28.711
23.5, 23.5, 1.0, 1.0, 85.503, 81.892, 83.596, 84.406, 91.219
23.5, 23.5, 1.0, 8.5, 80.422, 68.204, 68.055, 68.394, 73.735
23.5, 23.5, 1.0, 16.0, 80.422, 68.204, 68.055, 68.394, 73.735
23.5, 23.5, 1.0, 23.5, 75.035, 67.822, 67.692, 68.056, 73.522
23.5, 23.5, 1.0, 31.0, 75.035, 67.822, 67.692, 68.056, 73.522
23.5, 23.5, 8.5, 1.0, 45.329, 44.266, 46.068, 46.561, 49.582
23.5, 23.5, 8.5, 8.5, 39.770, 30.333, 30.264, 30.264, 31.573
23.5, 23.5, 8.5, 16.0, 39.770, 30.333, 30.264, 30.264, 31.573
23.5, 23.5, 8.5, 23.5, 33.100, 30.053, 29.990, 29.998, 31.277
23.5, 23.5, 8.5, 31.0, 33.100, 30.053, 29.990, 29.998, 31.277
23.5, 23.5, 16.0, 1.0, 45.329, 44.266, 46.068, 46.561, 49.582
23.5, 23.5, 16.0, 8.5, 39.770, 30.333, 30.264, 30.264, 31.573
23.5, 23.5, 16.0, 16.0, 39.770, 30.333, 30.264, 30.264, 31.573
23.5, 23.5, 16.0, 23.5, 33.100, 30.053, 29.990, 29.998, 31.277
23.5, 23.5, 16.0, 31.0, 33.100, 30.053, 29.990, 29.998, 31.277
23.5, 23.5, 23.5, 1.0, 35.135, 34.681, 36.573, 37.092, 39.645
23.5, 23.5, 23.5, 8.5, 29.534, 20.316, 20.265, 20.280, 21.089
23.5, 23.5, 23.5, 16.0, 29.534, 20.316, 20.265, 20.280, 21.089
23.5, 23.5, 23.5, 23.5, 22.919, 20.124, 20.079, 20.103, 20.888
23.5, 23.5, 23.5, 31.0, 22.919, 20.124, 20.079, 20.103, 20.888
23.5, 23.5, 31.0, 1.0, 35.135, 34.681, 36.573, 37.092, 39.645
23.5, 23.5, 31.0, 8.5, 29.534, 20.316, 20.265, 20.280, 21.089
23.5, 23.5, 31.0, 16.0, 29.534, 20.316, 20.265, 20.280, 21.089
23.5, 23.5, 31.0, 23.5, 22.919, 20.124, 20.079, 20.103, 20.888
23.5, 23.5, 31.0, 31.0, 22.919, 20.124, 20.079, 20.103, 20.888
23.5, 31.0, 1.0, 1.0, 85.503, 81.892, 83.596, 84.406, 91.219
23.5, 31.0, 1.0, 8.5, 80.422, 68.204, 68.055, 68.394, 73.735
23.5, 31.0, 1.0, 16.0, 80.422, 68.204, 68.055, 68.394, 73.735
23.5, 31.0, 1.0, 23.5, 75.035, 67.822, 67.692, 68.056, 73.522
23.5, 31.0, 1.0, 31.0, 75.035, 67.822, 67.692, 68.056, 73.522
23.5, 31.0, 8.5, 1.0, 45.329, 44.266, 46.068, 46.561, 49.582
23.5, 31.0, 8.5, 8.5, 39.770, 30.333, 30.264, 30.264, 31.573
23.5, 31.0, 8.5, 16.0, 39.770, 30.333, 30.264, 30.264, 31.573
23.5, 31.0, 8.5, 23.5, 33.100, 30.053, 29.990, 29.998, 31.277
23.5, 31.0, 8.5, 31.0, 33.100, 30.053, 29.990, 29.998, 31.277
23.5, 31.0, 16.0, 1.0, 45.329, 44.266, 46.068, 46.561, 49.582
23.5, 31.0, 16.0, 8.5, 39.770, 30.333, 30.264, 30.264, 31.573
23.5, 31.0, 16.0, 16.0, 39.770, 30.333, 30.264, 30.264, 31.573
23.5, 31.0, 16.0, 23.5, 33.100, 30.053, 29.990, 29.998, 31.277
23.5, 31.0, 16.0, 31.0, 33.100, 30.053, 29.990, 29.998, 31.277
23.5, 31.0, 23.5, 1.0, 35.135, 34.681, 36.573, 37.092, 39.645
23.5, 31.0, 23.5, 8.5, 29.534, 20.316, 20.265, 20.280, 21.089
23.5, 31.0, 23.5, 16.0, 29.534, 20.316, 20.265, 20.280, 21.089
23.5, 31.0, 23.5, 23.5, 22.919, 20.124, 20.079, 20.103, 20.888
23.5, 31.0, 23.5, 31.0, 22.919, 20.124, 20.079, 20.103, 20.888
23.5, 31.0, 31.0, 1.0, 35.135, 34.681, 36.573, 37.092, 39.645
23.5, 31.0, 31.0, 8.5, 29.534, 20.316, 20.265, 20.280, 21.089
23.5, 31.0, 31.0, 16.0, 29.534, 20.316, 20.265, 20.280, 21.089
23.5, 31.0, 31.0, 23.5, 22.919, 20.124, 20.079, 20.103, 20.888
23.5, 31.0, 31.0, 31.0, 22.919, 20.124, 20.079, 20.103, 20.888
31.0, 1.0, 1.0, 1.0, 188.788, 168.042, 173.141, 174.771, 182.166
31.0, 1.0, 1.0, 8.5, 142.748, 116.855, 116.784, 117.262, 123.107
31.0, 1.0, 1.0, 16.0, 142.748, 116.855, 116.784, 117.262, 123.107
31.0, 1.0, 1.0, 23.5, 123.980, 104.478, 104.383, 104.817, 110.283
31.0, 1.0, 1.0, 31.0, 123.980, 104.478, 104.383, 104.817, 110.283
31.0, 1.0, 8.5, 1.0, 155.060, 134.260, 139.035, 140.340, 144.399
31.0, 1.0, 8.5, 8.5, 107.199, 81.440, 81.329, 81.469, 83.520
31.0, 1.0, 8.5, 16.0, 107.199, 81.440, 81.329, 81.469, 83.520
31.0, 1.0, 8.5, 23.5, 86.853, 66.458, 66.316, 66.338, 67.377
31.0, 1.0, 8.5, 31.0, 86.853, 66.458, 66.316, 66.338, 67.377
31.0, 1.0, 16.0, 1.0, 155.060, 134.260, 139.035, 140.340, 144.399
31.0, 1.0, 16.0, 8.5, 107.199, 81.440, 81.329, 81.469, 83.520
31.0, 1.0, 16.0, 16.0, 107.199, 81.440, 81.329, 81.469, 83.520
31.0, 1.0, 16.0, 23.5, 86.853, 66.458, 66.316, 66.338, 67.377
31.0, 1.0, 16.0, 31.0, 86.853, 66.458, 66.316, 66.338, 67.377
31.0, 1.0, 23.5, 1.0, 142.183, 121.256, 126.007, 127.305, 130.656
31.0, 1.0, 23.5, 8.5, 95.612, 69.488, 69.343, 69.479, 70.890
31.0, 1.0, 23.5, 16.0, 95.612, 69.488, 69.343, 69.479, 70.890
31.0, 1.0, 23.5, 23.5, 74.521, 54.737, 54.576, 54.611, 55.123
31.0, 1.0, 23.5, 31.0, 74.521, 54.737, 54.576, 54.611, 55.123
31.0, 1.0, 31.0, 1.0, 142.183, 121.256, 126.007, 127.305, 130.656
31.0, 1.0, 31.0, 8.5, 95.612, 69.488, 69.343, 69.479, 70.890
31.0, 1.0, 31.0, 16.0, 95.612, 69.488, 69.343, 69.479, 70.890
31.0, 1.0, 31.0, 23.5, 74.521, 54.737, 54.576, 54.611, 55.123
31.0, 1.0, 31.0, 31.0, 74.521, 54.737, 54.576, 54.611, 55.123
31.0, 8.5, 1.0, 1.0, 108.681, 99.449, 101.158, 102.008, 109.155
31.0, 8.5, 1.0, 8.5, 103.939, 85.927, 85.791, 86.186, 91.923
31.0, 8.5, 1.0, 16.0, 103.939, 85.927, 85.791, 86.186, 91.923
31.0, 8.5, 1.0, 23.5, 86.852, 75.159, 74.993, 75.332, 80.707
31.0, 8.5, 1.0, 31.0, 86.852, 75.159, 74.993, 75.332, 80.707
31.0, 8.5, 8.5, 1.0, 71.007, 64.937, 66.732, 67.321, 71.166
31.0, 8.5, 8.5, 8.5, 66.012, 51.109, 51.060, 51.172, 53.361
31.0, 8.5, 8.5, 16.0, 66.012, 51.109, 51.060, 51.172, 53.361
31.0, 8.5, 8.5, 23.5, 47.044, 37.608, 37.534, 37.519, 38.712
31.0, 8.5, 8.5, 31.0, 47.044, 37.608, 37.534, 37.519, 38.712
31.0, 8.5, 16.0, 1.0, 71.007, 64.937, 66.732, 67.321, 71.166
31.0, 8.5, 16.0, 8.5, 66.012, 51.109, 51.060, 51.172, 53.361
31.0, 8.5, 16.0, 16.0, 66.012, 51.109, 51.060, 51.172, 53.361
31.0, 8.5, 16.0, 23.5, 47.044, 37.608, 37.534, 37.519, 38.712
31.0, 8.5, 16.0, 31.0, 47.044, 37.608, 37.534, 37.519, 38.712
31.0, 8.5, 23.5, 1.0, 61.657, 55.722, 57.605, 58.211, 61.547
31.0, 8.5, 23.5, 8.5, 56.579, 41.434, 41.398, 41.516, 43.158
31.0, 8.5, 23.5, 16.0, 56.579, 41.434, 41.398, 41.516, 43.158
31.0, 8.5, 23.5, 23.5, 37.006, 28.031, 27.980, 27.984, 28.711
31.0, 8.5, 23.5, 31.0, 37.006, 28.031, 27.980, 27.984, 28.711
31.0, 8.5, 31.0, 1.0, 61.657, 55.722, 57.605, 58.211, 61.547
31.0, 8.5, 31.0, 8.5, 56.579, 41.434, 41.398, 41.516, 43.158
31.0, 8.5, 31.0, 16.0, 56.579, 41.434, 41.398, 41.516, 43.158
31.0, 8.5, 31.0, 23.5, 37.006, 28.031, 27.980, 27.984, 28.711
31.0, 8.5, 31.0, 31.0, 37.006, 28.031, 27.980, 27.984, 28.711
31.0, 16.0, 1.0, 1.0, 108.681, 99.449, 101.158, 102.008, 109.155
31.0, 16.0, 1.0, 8.5, 103.939, 85.927, 85.791, 86.186, 91.923
31.0, 16.0, 1.0, 16.0, 103.939, 85.927, 85.791, 86.186, 91.923
31.0, 16.0, 1.0, 23.5, 86.852, 75.159, 74.993, 75.332, 80.707
31.0, 16.0, 1.0, 31.0, 86.852, 75.159, 74.993, 75.332, 80.707
31.0, 16.0, 8.5, 1.0, 71.007, 64.937, 66.732, 67.321, 71.166
31.0, 16.0, 8.5, 8.5, 66.012, 51.109, 51.060, 51.172, 53.361
31.0, 16.0, 8.5, 16.0, 66.012, 51.109, 51.060, 51.172, 53.361
31.0, 16.0, 8.5, 23.5, 47.044, 37.608, 37.534, 37.519, 38.712
31.0, 16.0, 8.5, 31.0, 47.044, 37.608, 37.534, 37.519, 38.712
31.0, 16.0, 16.0, 1.0, 71.007, 64.937, 66.732, 67.321, 71.166
31.0, 16.0, 16.0, 8.5, 66.012, 51.109, 51.060, 51.172, 53.361
31.0, 16.0, 16.0, 16.0, 66.012, 51.109, 51.060, 51.172, 53.361
31.0, 16.0, 16.0, 23.5, 47.044, 37.608, 37.534, 37.519, 38.712
31.0, 16.0, 16.0, 31.0, 47.044, 37.608, 37.534, 37.519, 38.712
31.0, 16.0, 23.5, 1.0, 61.657, 55.722, 57.605, 58.211, 61.547
31.0, 16.0, 23.5, 8.5, 56.579, 41.434, 41.398, 41.516, 43.158
31.0, 16.0, 23.5, 16.0, 56.579, 41.434, 41.398, 41.516, 43.158
31.0, 16.0, 23.5, 23.5, 37.006, 28.031, 27.980, 27.984, 28.711
31.0, 16.0, 23.5, 31.0, 37.006, 28.031, 27.980, 27.984, 28.711
31.0, 16.0, 31.0, 1.0, 61.657, 55.722, 57.605, 58.211, 61.547
31.0, 16.0, 31.0, 8.5, 56.579, 41.434, 41.398, 41.516, 43.158
31.0, 16.0, 31.0, 16.0, 56.579, 41.434, 41.398, 41.516, 43.158
31.0, 16.0, 31.0, 23.5, 37.006, 28.031, 27.980, 27.984, 28.711
31.0, 16.0, 31.0, 31.0, 37.006, 28.031, 27.980, 27.984, 28.711
31.0, 23.5, 1.0, 1.0, 85.503, 81.892, 83.596, 84.406, 91.219
31.0, 23.5, 1.0, 8.5, 80.422, 68.204, 68.055, 68.394, 73.735
31.0, 23.5, 1.0, 16.0, 80.422, 68.204, 68.055, 68.394, 73.735
31.0, 23.5, 1.0, 23.5, 75.035, 67.822, 67.692, 68.056, 73.522
31.0, 23.5, 1.0, 31.0, 75.035, 67.822, 67.692, 68.056, 73.522
31.0, 23.5, 8.5, 1.0, 45.329, 44.266, 46.068, 46.561, 49.582
31.0, 23.5, 8.5, 8.5, 39.770, 30.333, 30.264, 30.264, 31.573
31.0, 23.5, 8.5, 16.0, 39.770, 30.333, 30.264, 30.264, 31.573
31.0, 23.5, 8.5, 23.5, 33.100, 30.053, 29.990, 29.998, 31.277
31.0, 23.5, 8.5, 31.0, 33.100, 30.053, 29.990, 29.998, 31.277
31.0, 23.5, 16.0, 1.0, 45.329, 44.266, 46.068, 46.561, 49.582
31.0, 23.5, 16.0, 8.5, 39.770, 30.333, 30.264, 30.264, 31.573
31.0, 23.5, 16.0, 16.0, 39.770, 30.333, 30.264, 30.264, 31.573
31.0, 23.5, 16.0, 23.5, 33.100, 30.053, 29.990, 29.998, 31.277
31.0, 23.5, 16.0, 31.0, 33.100, 30.053, 29.990, 29.998, 31.277
31.0, 23.5, 23.5, 1.0, 35.135, 34.681, 36.573, 37.092, 39.645
31.0, 23.5, 23.5, 8.5, 29.534, 20.316, 20.265, 20.280, 21.089
31.0, 23.5, 23.5, 16.0, 29.534, 20.316, 20.265, 20.280, 21.089
31.0, 23.5, 23.5, 23.5, 22.919, 20.124, 20.079, 20.103, 20.888
31.0, 23.5, 23.5, 31.0, 22.919, 20.124, 20.079, 20.103, 20.888
31.0, 23.5, 31.0, 1.0, 35.135, 34.681, 36.573, 37.092, 39.645
31.0, 23.5, 31.0, 8.5, 29.534, 20.316, 20.265, 20.280, 21.089
31.0, 23.5, 31.0, 16.0, 29.534, 20.316, 20.265, 20.280, 21.089
31.0, 23.5, 31.0, 23.5, 22.919, 20.124, 20.079, 20.103, 20.888
31.0, 23.5, 31.0, 31.0, 22.919, 20.124, 20.079, 20.103, 20.888
31.0, 31.0, 1.0, 1.0, 85.503, 81.892, 83.596, 84.406, 91.219
31.0, 31.0, 1.0, 8.5, 80.422, 68.204, 68.055, 68.394, 73.735
31.0, 31.0, 1.0, 16.0, 80.422, 68.204, 68.055, 68.394, 73.735
31.0, 31.0, 1.0, 23.5, 75.035, 67.822, 67.692, 68.056, 73.522
31.0, 31.0, 1.0, 31.0, 75.035, 67.822, 67.692, 68.056, 73.522
31.0, 31.0, 8.5, 1.0, 45.329, 44.266, 46.068, 46.561, 49.582
31.0, 31.0, 8.5, 8.5, 39.770, 30.333, 30.264, 30.264, 31.573
31.0, 31.0, 8.5, 16.0, 39.770, 30.333, 30.264, 30.264, 31.573
31.0, 31.0, 8.5, 23.5, 33.100, 30.053, 29.990, 29.998, 31.277
31.0, 31.0, 8.5, 31.0, 33.100, 30.053, 29.990, 29.998, 31.277
31.0, 31.0, 16.0, 1.0, 45.329, 44.266, 46.068, 46.561, 49.582
31.0, 31.0, 16.0, 8.5, 39.770, 30.333, 30.264, 30.264, 31.573
31.0, 31.0, 16.0, 16.0, 39.770, 30.333, 30.264, 30.264, 31.573
31.0, 31.0, 16.0, 23.5, 33.100, 30.053, 29.990, 29.998, 31.277
31.0, 31.0, 16.0, 31.0, 33.100, 30.053, 29.990, 29.998, 31.277
31.0, 31.0, 23.5, 1.0, 35.135, 34.681, 36.573, 37.092, 39.645
31.0, 31.0, 23.5, 8.5, 29.534, 20.316, 20.265, 20.280, 21.089
31.0, 31.0, 23.5, 16.0, 29.534, 20.316, 20.265, 20.280, 21.089
31.0, 31.0, 23.5, 23.5, 22.919, 20.124, 20.079, 20.103, 20.888
31.0, 31.0, 23.5, 31.0, 22.919, 20.124, 20.079, 20.103, 20.888
31.0, 31.0, 31.0, 1.0, 35.135, 34.681, 36.573, 37.092, 39.645
31.0, 31.0, 31.0, 8.5, 29.534, 20.316, 20.265, 20.280, 21.089
31.0, 31.0, 31.0, 16.0, 29.534, 20.316, 20.265, 20.280, 21.089
31.0, 31.0, 31.0, 23.5, 22.919, 20.124, 20.079, 20.103, 20.888
31.0, 31.0, 31.0, 31.0, 22.919, 20.124, 20.079, 20.103, 20.888
