# BICEP2/Keck Array October 2015 Data Products
# BICEP2/Keck Array VI: Improved Constraints on Cosmology and Foregrounds When Adding 95 GHz Data from Keck Array
# http://bicepkeck.org/
#
# File: bandpass_W023.txt 
# Date: 2015-10-13
#
# Experiment bandpasses for the multi-component likelihood described in BICEP2/Keck Array VI.
# See the comments in the .dataset file for further information.
# This file provides the frequency spectrum for: W023.
#   Column 1 = frequency in GHz
#   Column 2 = response to a source with uniform spectral radiance
# See Planck 2013 results IX and BK-II for further details.

18.000 4.6125e-08
18.040 -1.10789e-06
18.080 -1.1333e-06
18.130 -7.67525e-07
18.170 7.6503e-07
18.210 -3.7325e-08
18.250 1.9755e-06
18.300 -1.30325e-06
18.340 4.75575e-06
18.380 3.2485e-06
18.420 8.50775e-06
18.470 1.4006e-05
18.510 3.84575e-06
18.550 1.43505e-05
18.590 1.0497e-05
18.640 7.885e-06
18.680 3.52813e-05
18.720 4.88525e-05
18.760 0.000112827
18.810 0.00021068
18.850 0.000517135
18.890 0.00208307
18.930 0.00283275
18.980 0.00368927
19.020 0.00246203
19.060 0.0036527
19.100 0.0053159
19.150 0.0103827
19.190 0.0275854
19.230 0.0400583
19.270 0.104086
19.320 0.0895642
19.360 0.192398
19.400 0.193055
19.440 0.168917
19.490 0.128325
19.530 0.0864525
19.570 0.07718
19.610 0.0641025
19.660 0.07924
19.700 0.111837
19.740 0.14559
19.780 0.240702
19.830 0.26116
19.870 0.261195
19.910 0.283295
19.950 0.267295
20.000 0.332643
20.040 0.301375
20.080 0.357475
20.120 0.325725
20.170 0.33215
20.210 0.295525
20.250 0.233325
20.300 0.22605
20.340 0.228425
20.380 0.25335
20.420 0.291325
20.470 0.308825
20.510 0.335625
20.550 0.33805
20.590 0.328525
20.640 0.3085
20.680 0.34225
20.720 0.338875
20.760 0.422425
20.810 0.459025
20.850 0.4155
20.890 0.395025
20.930 0.298475
20.980 0.2567
21.020 0.250225
21.060 0.232825
21.100 0.2562
21.150 0.245825
21.190 0.24705
21.230 0.245375
21.270 0.241975
21.320 0.2769
21.360 0.299625
21.400 0.2676
21.440 0.338825
21.490 0.316725
21.530 0.3069
21.570 0.32145
21.610 0.289
21.660 0.3342
21.700 0.3043
21.740 0.283
21.780 0.324325
21.830 0.24895
21.870 0.33405
21.910 0.42825
21.950 0.335425
22.000 0.41665
22.040 0.374475
22.080 0.31425
22.120 0.391175
22.170 0.310025
22.210 0.3241
22.250 0.340825
22.290 0.2793
22.340 0.316
22.380 0.2328
22.420 0.215525
22.460 0.291725
22.500 0.218875
22.550 0.237475
22.590 0.327625
22.630 0.2404
22.670 0.28575
22.720 0.302
22.760 0.243375
22.800 0.2778
22.840 0.231925
22.890 0.26805
22.930 0.347925
22.970 0.260325
23.010 0.37805
23.060 0.42625
23.100 0.24755
23.140 0.302225
23.180 0.2895
23.230 0.1968
23.270 0.278925
23.310 0.286825
23.350 0.237075
23.400 0.30845
23.440 0.249975
23.480 0.2916
23.520 0.285425
23.570 0.203025
23.610 0.3512
23.650 0.332975
23.690 0.245725
23.740 0.516675
23.780 0.43455
23.820 0.324
23.860 0.513475
23.910 0.39135
23.950 0.2962
23.990 0.466975
24.030 0.37135
24.080 0.524075
24.120 0.6082
24.160 0.438275
24.200 0.772975
24.250 0.386925
24.290 0.2353
24.330 0.526425
24.380 0.313975
24.420 0.260275
24.460 0.595775
24.500 0.52415
24.550 0.290475
24.590 0.3175
24.630 0.2667
24.670 0.23235
24.720 0.203075
24.760 0.204325
24.800 0.58315
24.840 0.3164
24.890 0.2587
24.930 0.638325
24.970 0.292008
25.010 0.175645
25.060 0.4051
25.100 0.54165
25.140 0.319
25.180 0.379225
25.230 0.457095
25.270 0.257225
25.310 0.104343
25.350 0.0636675
25.400 0.038235
25.440 0.0101432
25.480 0.004765
25.520 0.0081065
25.570 0.0035645
25.610 0.001569
25.650 0.0036315
25.690 0.00143502
25.740 0.00048695
25.780 0.000576717
25.820 0.000360727
25.860 3.4e-06
25.910 9.71875e-05
25.950 0.0001415
25.990 6.8725e-05
26.030 9.0285e-05
26.080 -1.504e-05
26.120 8.446e-05
26.160 0.000108917
26.200 0.0001951
26.250 1.69525e-05
26.290 8.78e-06
26.330 -8.74525e-05
26.370 0.00013185
26.420 -6.68e-05
26.460 -0.000139978
26.500 0.000120963

