# BICEP2/Keck Array October 2018 Data Products
# BICEP2/Keck Array X: Constraints On Primordial Gravitational Waves using Planck, WMAP, and New BICEP2/Keck Observations through the 2015 Season
# http://bicepkeck.org/
#
# File: bandpass_W033.txt
# Date: 2018-08-30
#
# Experiment bandpasses for the multi-component likelihood described in BICEP2/Keck Array X.
# See the comments in the .dataset file for further information.
# This file provides the frequency spectrum for: W033.
#   Column 1 = frequency in GHz
#   Column 2 = response to a beam-filling source with uniform spectral radiance
# This convention matches the one used in the Planck Reduced Instrument
# Model (http://pla.esac.esa.int/pla, see Planck 2013 results IX).
#
# Bandpass has been peak-normalized. 
# Negative values are at the noise level of the Fourier-transform spectroscopy
# measurement.

26.500 3.8025e-06
26.570 -1.45556e-05
26.640 -9.23709e-06
26.700 1.95118e-05
26.770 -2.46268e-05
26.840 -1.38877e-07
26.910 2.1351e-05
26.970 2.99222e-05
27.040 9.27587e-06
27.110 7.00584e-05
27.170 0.00010511
27.240 0.000148597
27.310 0.000239499
27.380 0.000237262
27.440 0.00015907
27.510 0.000106567
27.580 8.89892e-05
27.650 8.50238e-05
27.720 9.20586e-05
27.780 0.000140396
27.850 0.000149827
27.920 0.000112763
27.990 0.000194714
28.050 0.000208003
28.120 0.000188771
28.190 0.000268311
28.250 0.000399479
28.320 0.000567256
28.390 0.000846389
28.460 0.00143868
28.520 0.00168552
28.590 0.00197459
28.660 0.00363951
28.730 0.00413986
28.800 0.00767956
28.860 0.0209568
28.930 0.0449803
29.000 0.0705665
29.070 0.161683
29.130 0.218242
29.200 0.201244
29.270 0.2474
29.340 0.311636
29.400 0.271592
29.470 0.289761
29.540 0.33335
29.600 0.269051
29.670 0.235945
29.740 0.334095
29.810 0.300843
29.880 0.295424
29.940 0.351975
30.010 0.490577
30.080 0.349873
30.150 0.739632
30.210 0.530704
30.280 0.485604
30.350 0.529819
30.420 0.615907
30.480 0.298382
30.550 0.428426
30.620 0.285824
30.680 0.258051
30.750 0.517378
30.820 0.65269
30.890 0.458516
30.950 0.681291
31.020 0.67739
31.090 0.474889
31.160 0.628097
31.230 0.793372
31.290 0.504305
31.360 0.433769
31.430 0.437732
31.500 0.393861
31.560 0.577207
31.630 0.574706
31.700 0.611059
31.760 0.509894
31.830 0.478109
31.900 0.486949
31.970 0.745047
32.030 0.796219
32.100 1
32.170 0.664748
32.240 0.641988
32.310 0.539987
32.370 0.535159
32.440 0.607096
32.510 0.576528
32.580 0.504839
32.640 0.437313
32.710 0.427811
32.780 0.414383
32.850 0.59588
32.910 0.661852
32.980 0.583518
33.050 0.724082
33.120 0.649117
33.180 0.445119
33.250 0.586592
33.320 0.677591
33.390 0.423918
33.450 0.457463
33.520 0.392391
33.590 0.27708
33.650 0.381744
33.720 0.362965
33.790 0.400133
33.860 0.409423
33.920 0.465561
33.990 0.398605
34.060 0.373208
34.130 0.452618
34.190 0.409932
34.260 0.388111
34.330 0.452212
34.400 0.340006
34.470 0.431223
34.530 0.402957
34.600 0.303315
34.670 0.38923
34.740 0.271206
34.800 0.248681
34.870 0.259506
34.940 0.276614
35.010 0.2745
35.070 0.323766
35.140 0.386147
35.210 0.296761
35.280 0.38402
35.340 0.375168
35.410 0.29085
35.480 0.300406
35.550 0.4107
35.610 0.249625
35.680 0.411638
35.750 0.322915
35.810 0.224385
35.880 0.46497
35.950 0.34608
36.020 0.382977
36.080 0.241699
36.150 0.399821
36.220 0.156735
36.290 0.251917
36.350 0.318503
36.420 0.192442
36.490 0.378476
36.560 0.260468
36.620 0.183277
36.690 0.238743
36.760 0.109368
36.830 0.0879414
36.900 0.0811529
36.960 0.0303947
37.030 0.0251031
37.100 0.0308735
37.170 0.00832131
37.230 0.0102026
37.300 0.00899699
37.370 0.00287002
37.440 0.00483448
37.500 0.00516799
37.570 0.00341826
37.640 0.00508054
37.710 0.00754669
37.770 0.00166201
37.840 0.00370266
37.910 0.00109728
37.980 0.000439296
38.040 0.000855636
38.110 0.000216891
38.180 0.000138122
38.240 9.79642e-05
38.310 -2.41866e-05
38.380 0.000112194
38.450 0.000185064
38.510 4.35087e-05
38.580 -4.67449e-05
38.650 -0.000133228
38.720 -1.18386e-06
38.780 1.53151e-05
38.850 -1.61799e-05
38.920 -8.0551e-06
38.990 -5.61492e-05
39.060 -0.000113534
39.120 1.5022e-05
39.190 0.000137751
39.260 -8.74715e-05
39.330 -2.89579e-05
39.390 -0.000129775
39.460 2.47148e-05
39.530 -7.43486e-07
39.600 -3.54003e-06
39.660 5.26205e-06
39.730 -2.30079e-05
39.800 0.000355479
39.870 -1.19725e-05
39.930 -8.55139e-06
40.000 -3.97899e-05

