     50   3.46775983e-12
     51   2.49854758e-12
     52   2.40382243e-12
     53   2.31438379e-12
     54   2.22984547e-12
     55   2.14985593e-12
     56   1.11853924e-12
     57   1.07980417e-12
     58   1.04304691e-12
     59   1.00813507e-12
     60   9.74947154e-13
     61   5.87844063e-13
     62   5.69108904e-13
     63   5.51255344e-13
     64   5.34228925e-13
     65   5.17979331e-13
     66   1.53617868e-12
     67   1.49083211e-12
     68   1.44746420e-12
     69   1.40596147e-12
     70   1.36621849e-12
     71   1.04983855e-12
     72   1.02097804e-12
     73   9.93291469e-13
     74   9.66716012e-13
     75   9.41193002e-13
     76   1.51680167e-12
     77   1.47778549e-12
     78   1.44025558e-12
     79   1.40413739e-12
     80   1.36936101e-12
     81   2.18071591e-12
     82   2.12801124e-12
     83   2.07719444e-12
     84   2.02817640e-12
     85   1.98087321e-12
     86   1.65916858e-12
     87   1.62135370e-12
     88   1.58481703e-12
     89   1.54950161e-12
     90   1.51535360e-12
     91   1.70532685e-12
     92   1.66855511e-12
     93   1.63296003e-12
     94   1.59849195e-12
     95   1.56510377e-12
     96   1.22413554e-12
     97   1.19908979e-12
     98   1.17480489e-12
     99   1.15125036e-12
    100   1.12839718e-12
    101   4.72152713e-13
    102   4.62962558e-13
    103   4.54038135e-13
    104   4.45369299e-13
    105   4.36946382e-13
    106   3.22890810e-13
    107   3.16897575e-13
    108   3.11069667e-13
    109   3.05401060e-13
    110   2.99886002e-13
    111   7.65378266e-13
    112   7.51801913e-13
    113   7.38583612e-13
    114   7.25710879e-13
    115   7.13171776e-13
    116   1.06507210e-12
    117   1.04698195e-12
    118   1.02934881e-12
    119   1.01215740e-12
    120   9.95393109e-13
    121   1.84251330e-12
    122   1.81249309e-12
    123   1.78320063e-12
    124   1.75461259e-12
    125   1.72670656e-12
    126   2.37407927e-12
    127   2.33691212e-12
    128   2.30061099e-12
    129   2.26514917e-12
    130   2.23050100e-12
    131   2.10299076e-12
    132   2.07130763e-12
    133   2.04033513e-12
    134   2.01005218e-12
    135   1.98043845e-12
    136   1.50442280e-12
    137   1.48258022e-12
    138   1.46120991e-12
    139   1.44029834e-12
    140   1.41983248e-12
    141   8.30312157e-13
    142   8.18679170e-13
    143   8.07288955e-13
    144   7.96134804e-13
    145   7.85210239e-13
    146   7.28546705e-13
    147   7.18684906e-13
    148   7.09021998e-13
    149   6.99552669e-13
    150   6.90271782e-13
    151   1.15276263e-12
    152   1.13766930e-12
    153   1.12287047e-12
    154   1.10835852e-12
    155   1.09412610e-12
    156   1.21984486e-12
    157   1.20437943e-12
    158   1.18920626e-12
    159   1.17431803e-12
    160   1.15970765e-12
    161   2.89668805e-12
    162   2.86109153e-12
    163   2.82614714e-12
    164   2.79183907e-12
    165   2.75815195e-12
    166   2.40339050e-12
    167   2.37473626e-12
    168   2.34659143e-12
    169   2.31894399e-12
    170   2.29178231e-12
    171   2.78773079e-12
    172   2.75545625e-12
    173   2.72373897e-12
    174   2.69256618e-12
    175   2.66192550e-12
    176   3.73767639e-12
    177   3.69562121e-12
    178   3.65427185e-12
    179   3.61361259e-12
    180   3.57362818e-12
    181   2.12580648e-12
    182   2.10254197e-12
    183   2.07965729e-12
    184   2.05714421e-12
    185   2.03499473e-12
    186   2.35482317e-12
    187   2.32973864e-12
    188   2.30505280e-12
    189   2.28075724e-12
    190   2.25684379e-12
    191   1.94845337e-12
    192   1.92823606e-12
    193   1.90833179e-12
    194   1.88873413e-12
    195   1.86943681e-12
    196   2.06502969e-12
    197   2.04414454e-12
    198   2.02357463e-12
    199   2.00331365e-12
    200   1.98335545e-12
    201   1.94817978e-12
    202   1.92896231e-12
    203   1.91002780e-12
    204   1.89137071e-12
    205   1.87298566e-12
    206   8.39361743e-13
    207   8.31281280e-13
    208   8.23316943e-13
    209   8.15466517e-13
    210   8.07727840e-13
    211   9.02049871e-14
    212   8.93570001e-14
    213   8.85209147e-14
    214   8.76965090e-14
    215   8.68835667e-14
    216   0.00000000e+00
    217   0.00000000e+00
    218   0.00000000e+00
    219   0.00000000e+00
    220   0.00000000e+00
    221   0.00000000e+00
    222   0.00000000e+00
    223   0.00000000e+00
    224   0.00000000e+00
    225   0.00000000e+00
    226   4.12020317e-14
    227   4.08402149e-14
    228   4.04831433e-14
    229   4.01307342e-14
    230   3.97829067e-14
    231   0.00000000e+00
    232   0.00000000e+00
    233   0.00000000e+00
    234   0.00000000e+00
    235   0.00000000e+00
    236   0.00000000e+00
    237   0.00000000e+00
    238   0.00000000e+00
    239   0.00000000e+00
    240   0.00000000e+00
    241   0.00000000e+00
    242   0.00000000e+00
    243   0.00000000e+00
    244   0.00000000e+00
    245   0.00000000e+00
    246   1.45380061e-12
    247   1.44206462e-12
    248   1.43047016e-12
    249   1.41901498e-12
    250   1.40769685e-12
    251   1.62134060e-11
    252   1.60851104e-11
    253   1.59583316e-11
    254   1.58330457e-11
    255   1.57092295e-11
    256   2.45828908e-11
    257   2.43921414e-11
    258   2.42036037e-11
    259   2.40172434e-11
    260   2.38330273e-11
    261   4.74950216e-11
    262   4.71335000e-11
    263   4.67760906e-11
    264   4.64227310e-11
    265   4.60733605e-11
    266   4.01410712e-11
    267   3.98412321e-11
    268   3.95447400e-11
    269   3.92515452e-11
    270   3.89615992e-11
    271   8.17218061e-11
    272   8.11225643e-11
    273   8.05298895e-11
    274   7.99436861e-11
    275   7.93638603e-11
    276   1.72019210e-10
    277   1.70780551e-10
    278   1.69555223e-10
    279   1.68343035e-10
    280   1.67143800e-10
    281   7.49579253e-10
    282   7.44277202e-10
    283   7.39031208e-10
    284   7.33840482e-10
    285   7.28704253e-10
    286   1.32578606e-09
    287   1.31657123e-09
    288   1.30745215e-09
    289   1.29842748e-09
    290   1.28949592e-09
    291   2.14204795e-09
    292   2.12741400e-09
    293   2.11292951e-09
    294   2.09859245e-09
    295   2.08440081e-09
    296   3.05233751e-09
    297   3.03183487e-09
    298   3.01153811e-09
    299   2.99144448e-09
    300   2.97155129e-09
    301   3.58239856e-09
    302   3.55873289e-09
    303   3.53530095e-09
    304   3.51209968e-09
    305   3.48912606e-09
    306   5.48128705e-09
    307   5.44566544e-09
    308   5.41038994e-09
    309   5.37545610e-09
    310   5.34085950e-09
    311   5.33695947e-09
    312   5.30283030e-09
    313   5.26902746e-09
    314   5.23554681e-09
    315   5.20238427e-09
    316   6.95927883e-09
    317   6.91547542e-09
    318   6.87208428e-09
    319   6.82910025e-09
    320   6.78651826e-09
    321   8.35760946e-09
    322   8.30581957e-09
    323   8.25450958e-09
    324   8.20367358e-09
    325   8.15330576e-09
    326   7.94384953e-09
    327   7.89537456e-09
    328   7.84734195e-09
    329   7.79974632e-09
    330   7.75258240e-09
    331   1.04255987e-08
    332   1.03629356e-08
    333   1.03008357e-08
    334   1.02392923e-08
    335   1.01782989e-08
    336   9.58923501e-09
    337   9.53245207e-09
    338   9.47617200e-09
    339   9.42038889e-09
    340   9.36509689e-09
    341   1.26700118e-08
    342   1.25960804e-08
    343   1.25227942e-08
    344   1.24501458e-08
    345   1.23781277e-08
    346   1.31075655e-08
    347   1.30321806e-08
    348   1.29574442e-08
    349   1.28833488e-08
    350   1.28098872e-08
    351   1.28623221e-08
    352   1.27893963e-08
    353   1.27170888e-08
    354   1.26453929e-08
    355   1.25743015e-08
    356   1.60606319e-08
    357   1.59708451e-08
    358   1.58818092e-08
    359   1.57935157e-08
    360   1.57059565e-08
    361   1.49867413e-08
    362   1.49041130e-08
    363   1.48221661e-08
    364   1.47408932e-08
    365   1.46602869e-08
    366   1.76679313e-08
    367   1.75718448e-08
    368   1.74765400e-08
    369   1.73820085e-08
    370   1.72882419e-08
    371   1.73302930e-08
    372   1.72373069e-08
    373   1.71450673e-08
    374   1.70535661e-08
    375   1.69627954e-08
    376   1.91711679e-08
    377   1.90696661e-08
    378   1.89689684e-08
    379   1.88690661e-08
    380   1.87699510e-08
    381   2.14104038e-08
    382   2.12985272e-08
    383   2.11875252e-08
    384   2.10773888e-08
    385   2.09681089e-08
    386   1.99274343e-08
    387   1.98246494e-08
    388   1.97226578e-08
    389   1.96214512e-08
    390   1.95210216e-08
    391   2.37053008e-08
    392   2.35845865e-08
    393   2.34647919e-08
    394   2.33459077e-08
    395   2.32279248e-08
    396   2.26509444e-08
    397   2.25370492e-08
    398   2.24240108e-08
    399   2.23118208e-08
    400   2.22004706e-08
    401   2.61432116e-08
    402   2.60133882e-08
    403   2.58845295e-08
    404   2.57566258e-08
    405   2.56296679e-08
    406   2.71867987e-08
    407   2.70534485e-08
    408   2.69210770e-08
    409   2.67896747e-08
    410   2.66592321e-08
    411   2.74727811e-08
    412   2.73396605e-08
    413   2.72075052e-08
    414   2.70763058e-08
    415   2.69460531e-08
    416   2.96817085e-08
    417   2.95396059e-08
    418   2.93985214e-08
    419   2.92584452e-08
    420   2.91193677e-08
    421   3.14032446e-08
    422   3.12546783e-08
    423   3.11071637e-08
    424   3.09606910e-08
    425   3.08152505e-08
    426   3.43475907e-08
    427   3.41869943e-08
    428   3.40275216e-08
    429   3.38691621e-08
    430   3.37119056e-08
    431   3.68031079e-08
    432   3.66330186e-08
    433   3.64641057e-08
    434   3.62963584e-08
    435   3.61297660e-08
    436   3.98900922e-08
    437   3.97078418e-08
    438   3.95268376e-08
    439   3.93470682e-08
    440   3.91685224e-08
    441   4.02417197e-08
    442   4.00599391e-08
    443   3.98793874e-08
    444   3.97000536e-08
    445   3.95219268e-08
    446   4.42415177e-08
    447   4.40439008e-08
    448   4.38476051e-08
    449   4.36526187e-08
    450   4.34589300e-08
    451   4.70577968e-08
    452   4.68499216e-08
    453   4.66434207e-08
    454   4.64382822e-08
    455   4.62344940e-08
    456   5.18332220e-08
    457   5.16067526e-08
    458   5.13817643e-08
    459   5.11582440e-08
    460   5.09361791e-08
    461   5.46275566e-08
    462   5.43914572e-08
    463   5.41568850e-08
    464   5.39238271e-08
    465   5.36922703e-08
    466   5.29458997e-08
    467   5.27195145e-08
    468   5.24945781e-08
    469   5.22710782e-08
    470   5.20490026e-08
    471   6.47743184e-08
    472   6.45002866e-08
    473   6.42279901e-08
    474   6.39574143e-08
    475   6.36885447e-08
    476   6.50202879e-08
    477   6.47480944e-08
    478   6.44776065e-08
    479   6.42088100e-08
    480   6.39416909e-08
    481   7.53549928e-08
    482   7.50428025e-08
    483   7.47325482e-08
    484   7.44242141e-08
    485   7.41177842e-08
    486   7.51351562e-08
    487   7.48270676e-08
    488   7.45208702e-08
    489   7.42165483e-08
    490   7.39140868e-08
    491   7.62368791e-08
    492   7.59274450e-08
    493   7.56198911e-08
    494   7.53142020e-08
    495   7.50103628e-08
    496   9.11632958e-08
    497   9.07969945e-08
    498   9.04328966e-08
    499   9.00709843e-08
    500   8.97112402e-08
    501   8.86192451e-08
    502   8.82667073e-08
    503   8.79162690e-08
    504   8.75679136e-08
    505   8.72216245e-08
    506   1.05454966e-07
    507   1.05039585e-07
    508   1.04626653e-07
    509   1.04216151e-07
    510   1.03808061e-07
    511   1.09103083e-07
    512   1.08677523e-07
    513   1.08254448e-07
    514   1.07833838e-07
    515   1.07415675e-07
    516   1.16270749e-07
    517   1.15821611e-07
    518   1.15375070e-07
    519   1.14931107e-07
    520   1.14489701e-07
    521   1.33800029e-07
    522   1.33288121e-07
    523   1.32779145e-07
    524   1.32273079e-07
    525   1.31769901e-07
    526   1.22613348e-07
    527   1.22148684e-07
    528   1.21686656e-07
    529   1.21227245e-07
    530   1.20770431e-07
    531   1.52862784e-07
    532   1.52288922e-07
    533   1.51718284e-07
    534   1.51150848e-07
    535   1.50586590e-07
    536   1.50618271e-07
    537   1.50058091e-07
    538   1.49501032e-07
    539   1.48947068e-07
    540   1.48396178e-07
    541   1.72004270e-07
    542   1.71370446e-07
    543   1.70740118e-07
    544   1.70113262e-07
    545   1.69489851e-07
    546   1.77489232e-07
    547   1.76841166e-07
    548   1.76196642e-07
    549   1.75555636e-07
    550   1.74918122e-07
    551   1.73490120e-07
    552   1.72862386e-07
    553   1.72238053e-07
    554   1.71617096e-07
    555   1.70999491e-07
    556   2.07801023e-07
    557   2.07055883e-07
    558   2.06314744e-07
    559   2.05577577e-07
    560   2.04844354e-07
    561   1.97979627e-07
    562   1.97276013e-07
    563   1.96576143e-07
    564   1.95879990e-07
    565   1.95187529e-07
    566   2.28647493e-07
    567   2.27842042e-07
    568   2.27040840e-07
    569   2.26243857e-07
    570   2.25451062e-07
    571   2.25882566e-07
    572   2.25093801e-07
    573   2.24309161e-07
    574   2.23528616e-07
    575   2.22752139e-07
    576   2.53701042e-07
    577   2.52822804e-07
    578   2.51949119e-07
    579   2.51079955e-07
    580   2.50215281e-07
    581   2.68109111e-07
    582   2.67188960e-07
    583   2.66273538e-07
    584   2.65362812e-07
    585   2.64456751e-07
    586   2.74229287e-07
    587   2.73296138e-07
    588   2.72367744e-07
    589   2.71444073e-07
    590   2.70525092e-07
    591   3.14403207e-07
    592   3.13342378e-07
    593   3.12286910e-07
    594   3.11236765e-07
    595   3.10191909e-07
    596   3.20639185e-07
    597   3.19566365e-07
    598   3.18498920e-07
    599   3.17436815e-07
    600   3.16380014e-07
    601   3.55790434e-07
    602   3.54609877e-07
    603   3.53435187e-07
    604   3.52266324e-07
    605   3.51103249e-07
    606   3.62032782e-07
    607   3.60841395e-07
    608   3.59655880e-07
    609   3.58476198e-07
    610   3.57302310e-07
    611   3.68925424e-07
    612   3.67721262e-07
    613   3.66522985e-07
    614   3.65330557e-07
    615   3.64143937e-07
    616   4.40181181e-07
    617   4.38756070e-07
    618   4.37337869e-07
    619   4.35926534e-07
    620   4.34522019e-07
    621   4.31260123e-07
    622   4.29875106e-07
    623   4.28496749e-07
    624   4.27125012e-07
    625   4.25759850e-07
    626   4.87412740e-07
    627   4.85859853e-07
    628   4.84314375e-07
    629   4.82776259e-07
    630   4.81245459e-07
    631   4.82057852e-07
    632   4.80534161e-07
    633   4.79017683e-07
    634   4.77508372e-07
    635   4.76006184e-07
    636   5.16401879e-07
    637   5.14782430e-07
    638   5.13170588e-07
    639   5.11566304e-07
    640   5.09969531e-07
    641   5.75704984e-07
    642   5.73913605e-07
    643   5.72130573e-07
    644   5.70355837e-07
    645   5.68589347e-07
    646   5.52957692e-07
    647   5.51250374e-07
    648   5.49550952e-07
    649   5.47859376e-07
    650   5.46175598e-07
    651   6.32156258e-07
    652   6.30219357e-07
    653   6.28291345e-07
    654   6.26372166e-07
    655   6.24461768e-07
    656   6.29356726e-07
    657   6.27443061e-07
    658   6.25538111e-07
    659   6.23641824e-07
    660   6.21754146e-07
    661   6.70404388e-07
    662   6.68381290e-07
    663   6.66367336e-07
    664   6.64362471e-07
    665   6.62366640e-07
    666   7.07508524e-07
    667   7.05389443e-07
    668   7.03279868e-07
    669   7.01179742e-07
    670   6.99089009e-07
    671   6.93564290e-07
    672   6.91502413e-07
    673   6.89449716e-07
    674   6.87406146e-07
    675   6.85371649e-07
    676   8.09790898e-07
    677   8.07401254e-07
    678   8.05022172e-07
    679   8.02653590e-07
    680   8.00295446e-07
    681   7.81121481e-07
    682   7.78833319e-07
    683   7.76555197e-07
    684   7.74287056e-07
    685   7.72028837e-07
    686   8.87873909e-07
    687   8.85291943e-07
    688   8.82721224e-07
    689   8.80161685e-07
    690   8.77613263e-07
    691   8.95835710e-07
    692   8.93249394e-07
    693   8.90674261e-07
    694   8.88110249e-07
    695   8.85557292e-07
    696   9.24209589e-07
    697   9.21560476e-07
    698   9.18922737e-07
    699   9.16296306e-07
    700   9.13681120e-07
    701   1.02753812e-06
    702   1.02461379e-06
    703   1.02170192e-06
    704   1.01880245e-06
    705   1.01591530e-06
    706   9.77349640e-07
    707   9.74587791e-07
    708   9.71837633e-07
    709   9.69099099e-07
    710   9.66372124e-07
    711   1.11643950e-06
    712   1.11330674e-06
    713   1.11018714e-06
    714   1.10708064e-06
    715   1.10398716e-06
    716   1.12390417e-06
    717   1.12077243e-06
    718   1.11765376e-06
    719   1.11454809e-06
    720   1.11145534e-06
    721   1.22838647e-06
    722   1.22498727e-06
    723   1.22160216e-06
    724   1.21823106e-06
    725   1.21487390e-06
    726   1.26675320e-06
    727   1.26327192e-06
    728   1.25980496e-06
    729   1.25635226e-06
    730   1.25291373e-06
    731   1.25745752e-06
    732   1.25402536e-06
    733   1.25060724e-06
    734   1.24720307e-06
    735   1.24381278e-06
    736   1.37778198e-06
    737   1.37404689e-06
    738   1.37032697e-06
    739   1.36662213e-06
    740   1.36293230e-06
    741   1.39830551e-06
    742   1.39454030e-06
    743   1.39079028e-06
    744   1.38705536e-06
    745   1.38333547e-06
    746   1.50041095e-06
    747   1.49639782e-06
    748   1.49240076e-06
    749   1.48841970e-06
    750   1.48445455e-06
    751   1.55174922e-06
    752   1.54762634e-06
    753   1.54351987e-06
    754   1.53942972e-06
    755   1.53535581e-06
    756   1.48803557e-06
    757   1.48410806e-06
    758   1.48019608e-06
    759   1.47629955e-06
    760   1.47241838e-06
    761   1.74409656e-06
    762   1.73952338e-06
    763   1.73496816e-06
    764   1.73043082e-06
    765   1.72591125e-06
    766   1.66153168e-06
    767   1.65720336e-06
    768   1.65289194e-06
    769   1.64859732e-06
    770   1.64431942e-06
    771   1.75071975e-06
    772   1.74618861e-06
    773   1.74167504e-06
    774   1.73717894e-06
    775   1.73270024e-06
    776   1.80109599e-06
    777   1.79646444e-06
    778   1.79185073e-06
    779   1.78725477e-06
    780   1.78267647e-06
    781   1.90356648e-06
    782   1.89870269e-06
    783   1.89385752e-06
    784   1.88903087e-06
    785   1.88422265e-06
    786   1.97593824e-06
    787   1.97092158e-06
    788   1.96592400e-06
    789   1.96094540e-06
    790   1.95598569e-06
    791   1.99669740e-06
    792   1.99166000e-06
    793   1.98664165e-06
    794   1.98164224e-06
    795   1.97666167e-06
    796   2.12432476e-06
    797   2.11899898e-06
    798   2.11369319e-06
    799   2.10840731e-06
    800   2.10314123e-06
    801   2.12480877e-06
    802   2.11951495e-06
    803   2.11424089e-06
    804   2.10898648e-06
    805   2.10375165e-06
    806   2.25289563e-06
    807   2.24731743e-06
    808   2.24175993e-06
    809   2.23622301e-06
    810   2.23070658e-06
    811   2.30289774e-06
    812   2.29723082e-06
    813   2.29158478e-06
    814   2.28595954e-06
    815   2.28035498e-06
    816   2.37116010e-06
    817   2.36536087e-06
    818   2.35958289e-06
    819   2.35382605e-06
    820   2.34809026e-06
    821   2.52452335e-06
    822   2.51838656e-06
    823   2.51227212e-06
    824   2.50617992e-06
    825   2.50010985e-06
    826   2.61176899e-06
    827   2.60545847e-06
    828   2.59917079e-06
    829   2.59290584e-06
    830   2.58666352e-06
    831   2.75690791e-06
    832   2.75028669e-06
    833   2.74368931e-06
    834   2.73711563e-06
    835   2.73056555e-06
    836   2.72064783e-06
    837   2.71415270e-06
    838   2.70768080e-06
    839   2.70123202e-06
    840   2.69480626e-06
    841   2.75891549e-06
    842   2.75236808e-06
    843   2.74584395e-06
    844   2.73934299e-06
    845   2.73286509e-06
    846   2.98421762e-06
    847   2.97717730e-06
    848   2.97016186e-06
    849   2.96317119e-06
    850   2.95620517e-06
    851   2.86304717e-06
    852   2.85633231e-06
    853   2.84964105e-06
    854   2.84297328e-06
    855   2.83632888e-06
    856   3.05043892e-06
    857   3.04332627e-06
    858   3.03623846e-06
    859   3.02917539e-06
    860   3.02213694e-06
    861   2.95867044e-06
    862   2.95181175e-06
    863   2.94497688e-06
    864   2.93816571e-06
    865   2.93137815e-06
    866   3.23910325e-06
    867   3.23163773e-06
    868   3.22419799e-06
    869   3.21678391e-06
    870   3.20939538e-06
    871   3.30416380e-06
    872   3.29659196e-06
    873   3.28904611e-06
    874   3.28152614e-06
    875   3.27403194e-06
    876   3.28589605e-06
    877   3.27840896e-06
    878   3.27094744e-06
    879   3.26351135e-06
    880   3.25610060e-06
    881   3.50036708e-06
    882   3.49243649e-06
    883   3.48453282e-06
    884   3.47665594e-06
    885   3.46880575e-06
    886   3.49399848e-06
    887   3.48612690e-06
    888   3.47828189e-06
    889   3.47046333e-06
    890   3.46267110e-06
    891   3.69079717e-06
    892   3.68252879e-06
    893   3.67428817e-06
    894   3.66607518e-06
    895   3.65788969e-06
    896   3.72236651e-06
    897   3.71407386e-06
    898   3.70580888e-06
    899   3.69757146e-06
    900   3.68936148e-06
    901   3.73040587e-06
    902   3.72214133e-06
    903   3.71390423e-06
    904   3.70569444e-06
    905   3.69751184e-06
    906   4.04370497e-06
    907   4.03479568e-06
    908   4.02591580e-06
    909   4.01706520e-06
    910   4.00824376e-06
    911   3.93226461e-06
    912   3.92364831e-06
    913   3.91506030e-06
    914   3.90650046e-06
    915   3.89796865e-06
    916   4.32673771e-06
    917   4.31730870e-06
    918   4.30791048e-06
    919   4.29854292e-06
    920   4.28920587e-06
    921   4.17151423e-06
    922   4.16247275e-06
    923   4.15346063e-06
    924   4.14447775e-06
    925   4.13552398e-06
    926   4.34160301e-06
    927   4.33224359e-06
    928   4.32291440e-06
    929   4.31361531e-06
    930   4.30434620e-06
    931   4.67342785e-06
    932   4.66340710e-06
    933   4.65341854e-06
    934   4.64346205e-06
    935   4.63353747e-06
    936   4.34428660e-06
    937   4.33502127e-06
    938   4.32578554e-06
    939   4.31657929e-06
    940   4.30740240e-06
    941   4.71385815e-06
    942   4.70385792e-06
    943   4.69388948e-06
    944   4.68395270e-06
    945   4.67404743e-06
    946   4.61993644e-06
    947   4.61018717e-06
    948   4.60046872e-06
    949   4.59078098e-06
    950   4.58112380e-06
    951   4.79780133e-06
    952   4.78772985e-06
    953   4.77769005e-06
    954   4.76768180e-06
    955   4.75770496e-06
    956   4.80242794e-06
    957   4.79239938e-06
    958   4.78240220e-06
    959   4.77243627e-06
    960   4.76250146e-06
    961   4.68565122e-06
    962   4.67591733e-06
    963   4.66621374e-06
    964   4.65654033e-06
    965   4.64689696e-06
    966   5.16773592e-06
    967   5.15705603e-06
    968   5.14640920e-06
    969   5.13579532e-06
    970   5.12521423e-06
    971   4.85432500e-06
    972   4.84434438e-06
    973   4.83439451e-06
    974   4.82447526e-06
    975   4.81458651e-06
    976   5.33453582e-06
    977   5.32362396e-06
    978   5.31274555e-06
    979   5.30190044e-06
    980   5.29108852e-06
    981   5.28219896e-06
    982   5.27144913e-06
    983   5.26073208e-06
    984   5.25004769e-06
    985   5.23939580e-06
    986   5.18966604e-06
    987   5.17915799e-06
    988   5.16868182e-06
    989   5.15823740e-06
    990   5.14782461e-06
    991   5.45455373e-06
    992   5.44356496e-06
    993   5.43260936e-06
    994   5.42168680e-06
    995   5.41079714e-06
    996   5.29077132e-06
    997   5.28016592e-06
    998   5.26959237e-06
    999   5.25905055e-06
   1000   5.24854034e-06
   1001   5.43747960e-06
   1002   5.42663447e-06
   1003   5.41582175e-06
   1004   5.40504131e-06
   1005   5.39429303e-06
   1006   5.34369796e-06
   1007   5.33309276e-06
   1008   5.32251909e-06
   1009   5.31197684e-06
   1010   5.30146588e-06
   1011   5.40308936e-06
   1012   5.39241923e-06
   1013   5.38178067e-06
   1014   5.37117357e-06
   1015   5.36059779e-06
   1016   5.89699112e-06
   1017   5.88540283e-06
   1018   5.87384867e-06
   1019   5.86232850e-06
   1020   5.85084218e-06
   1021   5.60153882e-06
   1022   5.59058495e-06
   1023   5.57966317e-06
   1024   5.56877337e-06
   1025   5.55791542e-06
   1026   5.82983677e-06
   1027   5.81849192e-06
   1028   5.80718015e-06
   1029   5.79590134e-06
   1030   5.78465535e-06
   1031   5.90570313e-06
   1032   5.89426628e-06
   1033   5.88286262e-06
   1034   5.87149203e-06
   1035   5.86015437e-06
   1036   6.01754078e-06
   1037   6.00594349e-06
   1038   5.99437971e-06
   1039   5.98284928e-06
   1040   5.97135210e-06
   1041   6.28418630e-06
   1042   6.27213320e-06
   1043   6.26011474e-06
   1044   6.24813080e-06
   1045   6.23618123e-06
   1046   6.12054542e-06
   1047   6.10886220e-06
   1048   6.09721241e-06
   1049   6.08559591e-06
   1050   6.07401257e-06
   1051   6.23396835e-06
   1052   6.22212515e-06
   1053   6.21031566e-06
   1054   6.19853976e-06
   1055   6.18679732e-06
   1056   6.15415053e-06
   1057   6.14251423e-06
   1058   6.13091090e-06
   1059   6.11934042e-06
   1060   6.10780266e-06
   1061   6.29786852e-06
   1062   6.28601650e-06
   1063   6.27419791e-06
   1064   6.26241261e-06
   1065   6.25066049e-06
   1066   6.49818895e-06
   1067   6.48601721e-06
   1068   6.47387964e-06
   1069   6.46177610e-06
   1070   6.44970648e-06
   1071   6.59694962e-06
   1072   6.58465048e-06
   1073   6.57238571e-06
   1074   6.56015517e-06
   1075   6.54795874e-06
   1076   6.43139703e-06
   1077   6.41946218e-06
   1078   6.40756051e-06
   1079   6.39569191e-06
   1080   6.38385626e-06
   1081   6.88972827e-06
   1082   6.87700192e-06
   1083   6.86431080e-06
   1084   6.85165477e-06
   1085   6.83903372e-06
   1086   6.86554058e-06
   1087   6.85291720e-06
   1088   6.84032860e-06
   1089   6.82777467e-06
   1090   6.81525525e-06
   1091   6.85826178e-06
   1092   6.84570948e-06
   1093   6.83319161e-06
   1094   6.82070805e-06
   1095   6.80825866e-06
   1096   7.07321012e-06
   1097   7.06032338e-06
   1098   7.04747183e-06
   1099   7.03465533e-06
   1100   7.02187376e-06
   1101   7.25095523e-06
   1102   7.23780455e-06
   1103   7.22468962e-06
   1104   7.21161030e-06
   1105   7.19856647e-06
   1106   7.01954853e-06
   1107   7.00687501e-06
   1108   6.99423578e-06
   1109   6.98163071e-06
   1110   6.96905969e-06
   1111   7.23546534e-06
   1112   7.22246069e-06
   1113   7.20949106e-06
   1114   7.19655634e-06
   1115   7.18365640e-06
   1116   7.26991257e-06
   1117   7.25690445e-06
   1118   7.24393122e-06
   1119   7.23099274e-06
   1120   7.21808889e-06
   1121   7.79589575e-06
   1122   7.78200861e-06
   1123   7.76815854e-06
   1124   7.75434541e-06
   1125   7.74056910e-06
   1126   7.49183936e-06
   1127   7.47855302e-06
   1128   7.46530199e-06
   1129   7.45208614e-06
   1130   7.43890536e-06
   1131   7.80525467e-06
   1132   7.79147360e-06
   1133   7.77772899e-06
   1134   7.76402073e-06
   1135   7.75034867e-06
   1136   7.82342100e-06
   1137   7.80966856e-06
   1138   7.79595235e-06
   1139   7.78227224e-06
   1140   7.76862811e-06
   1141   7.88077312e-06
   1142   7.86698048e-06
   1143   7.85322401e-06
   1144   7.83950359e-06
   1145   7.82581910e-06
   1146   8.16761244e-06
   1147   8.15338005e-06
   1148   8.13918483e-06
   1149   8.12502665e-06
   1150   8.11090538e-06
   1151   7.80194605e-06
   1152   7.78840982e-06
   1153   7.77490878e-06
   1154   7.76144282e-06
   1155   7.74801182e-06
   1156   8.16684301e-06
   1157   8.15273488e-06
   1158   8.13866328e-06
   1159   8.12462808e-06
   1160   8.11062915e-06
   1161   8.20970856e-06
   1162   8.19558737e-06
   1163   8.18150258e-06
   1164   8.16745407e-06
   1165   8.15344171e-06
   1166   8.55269505e-06
   1167   8.53804689e-06
   1168   8.52343633e-06
   1169   8.50886324e-06
   1170   8.49432749e-06
   1171   9.18547035e-06
   1172   9.16980551e-06
   1173   9.15418071e-06
   1174   9.13859581e-06
   1175   9.12305068e-06
   1176   8.76714765e-06
   1177   8.75225969e-06
   1178   8.73740962e-06
   1179   8.72259731e-06
   1180   8.70782264e-06
   1181   9.47328437e-06
   1182   9.45726529e-06
   1183   9.44128681e-06
   1184   9.42534878e-06
   1185   9.40945109e-06
   1186   9.71206498e-06
   1187   9.69571127e-06
   1188   9.67939882e-06
   1189   9.66312751e-06
   1190   9.64689719e-06
   1191   9.47331070e-06
   1192   9.45742588e-06
   1193   9.44158098e-06
   1194   9.42577586e-06
   1195   9.41001040e-06
   1196   9.51085734e-06
   1197   9.49497613e-06
   1198   9.47913467e-06
   1199   9.46333283e-06
   1200   9.44757046e-06
   1201   8.89077487e-06
   1202   8.87599079e-06
   1203   8.86124356e-06
   1204   8.84653305e-06
   1205   8.83185915e-06
   1206   8.92244157e-06
   1207   8.90766626e-06
   1208   8.89292762e-06
   1209   8.87822553e-06
   1210   8.86355987e-06
   1211   8.65450390e-06
   1212   8.64023137e-06
   1213   8.62599412e-06
   1214   8.61179203e-06
   1215   8.59762499e-06
   1216   9.14723831e-06
   1217   9.13221514e-06
   1218   9.11722894e-06
   1219   9.10227960e-06
   1220   9.08736700e-06
   1221   1.04559444e-05
   1222   1.04388420e-05
   1223   1.04217816e-05
   1224   1.04047630e-05
   1225   1.03877860e-05
   1226   1.11494538e-05
   1227   1.11312914e-05
   1228   1.11131733e-05
   1229   1.10950994e-05
   1230   1.10770696e-05
   1231   1.33554788e-05
   1232   1.33338110e-05
   1233   1.33121960e-05
   1234   1.32906334e-05
   1235   1.32691232e-05
   1236   1.39306686e-05
   1237   1.39081589e-05
   1238   1.38857038e-05
   1239   1.38633029e-05
   1240   1.38409563e-05
   1241   1.47208136e-05
   1242   1.46971229e-05
   1243   1.46734893e-05
   1244   1.46499127e-05
   1245   1.46263929e-05
   1246   1.58635776e-05
   1247   1.58381501e-05
   1248   1.58127837e-05
   1249   1.57874782e-05
   1250   1.57622334e-05
   1251   1.60868386e-05
   1252   1.60611562e-05
   1253   1.60355352e-05
   1254   1.60099754e-05
   1255   1.59844768e-05
   1256   1.82758837e-05
   1257   1.82468225e-05
   1258   1.82178305e-05
   1259   1.81889076e-05
   1260   1.81600535e-05
   1261   1.83301327e-05
   1262   1.83011006e-05
   1263   1.82721374e-05
   1264   1.82432430e-05
   1265   1.82144170e-05
   1266   2.01815467e-05
   1267   2.01497083e-05
   1268   2.01179452e-05
   1269   2.00862572e-05
   1270   2.00546439e-05
   1271   2.09153592e-05
   1272   2.08824928e-05
   1273   2.08497038e-05
   1274   2.08169920e-05
   1275   2.07843571e-05
   1276   1.93637191e-05
   1277   1.93334100e-05
   1278   1.93031720e-05
   1279   1.92730049e-05
   1280   1.92429085e-05
   1281   1.79466831e-05
   1282   1.79187016e-05
   1283   1.78907854e-05
   1284   1.78629344e-05
   1285   1.78351484e-05
   1286   1.48897261e-05
   1287   1.48666009e-05
   1288   1.48435296e-05
   1289   1.48205119e-05
   1290   1.47975477e-05
   1291   1.12493123e-05
   1292   1.12319086e-05
   1293   1.12145452e-05
   1294   1.11972221e-05
   1295   1.11799391e-05
   1296   4.99983764e-06
   1297   4.99213225e-06
   1298   4.98444465e-06
   1299   4.97677480e-06
   1300   4.96912264e-06
   1301  -2.31495984e-06
   1302  -2.31140588e-06
   1303  -2.30786010e-06
   1304  -2.30432247e-06
   1305  -2.30079297e-06
   1306  -9.33345686e-06
   1307  -9.31918279e-06
   1308  -9.30494145e-06
   1309  -9.29073272e-06
   1310  -9.27655651e-06
   1311  -1.44261194e-05
   1312  -1.44041410e-05
   1313  -1.43822127e-05
   1314  -1.43603344e-05
   1315  -1.43385061e-05
   1316  -1.65458695e-05
   1317  -1.65207572e-05
   1318  -1.64957020e-05
   1319  -1.64707038e-05
   1320  -1.64457623e-05
   1321  -1.28271346e-05
   1322  -1.28077400e-05
   1323  -1.27883893e-05
   1324  -1.27690824e-05
   1325  -1.27498192e-05
   1326  -1.72445281e-06
   1327  -1.72185525e-06
   1328  -1.71926356e-06
   1329  -1.71667772e-06
   1330  -1.71409770e-06
   1331   1.94237047e-05
   1332   1.93945564e-05
   1333   1.93654737e-05
   1334   1.93364563e-05
   1335   1.93075041e-05
   1336   5.18516033e-05
   1337   5.17740827e-05
   1338   5.16967358e-05
   1339   5.16195621e-05
   1340   5.15425611e-05
   1341   9.73309218e-05
   1342   9.71859494e-05
   1343   9.70413005e-05
   1344   9.68969744e-05
   1345   9.67529700e-05
   1346   1.52013340e-04
   1347   1.51787759e-04
   1348   1.51562680e-04
   1349   1.51338101e-04
   1350   1.51114021e-04
   1351   2.17844694e-04
   1352   2.17522617e-04
   1353   2.17201254e-04
   1354   2.16880603e-04
   1355   2.16560661e-04
   1356   2.77101239e-04
   1357   2.76693062e-04
   1358   2.76285786e-04
   1359   2.75879409e-04
   1360   2.75473927e-04
   1361   3.18546086e-04
   1362   3.18078581e-04
   1363   3.17612105e-04
   1364   3.17146654e-04
   1365   3.16682225e-04
   1366   3.43320225e-04
   1367   3.42818203e-04
   1368   3.42317281e-04
   1369   3.41817457e-04
   1370   3.41318726e-04
   1371   3.41836117e-04
   1372   3.41338086e-04
   1373   3.40841143e-04
   1374   3.40345284e-04
   1375   3.39850506e-04
   1376   3.02077397e-04
   1377   3.01638889e-04
   1378   3.01201335e-04
   1379   3.00764732e-04
   1380   3.00329078e-04
   1381   1.58925543e-04
   1382   1.58695674e-04
   1383   1.58466303e-04
   1384   1.58237430e-04
   1385   1.58009052e-04
   1386  -8.90454525e-05
   1387  -8.89171218e-05
   1388  -8.87890684e-05
   1389  -8.86612914e-05
   1390  -8.85337900e-05
   1391  -4.65632812e-04
   1392  -4.64964160e-04
   1393  -4.64296947e-04
   1394  -4.63631169e-04
   1395  -4.62966822e-04
   1396  -1.02493771e-03
   1397  -1.02347116e-03
   1398  -1.02200775e-03
   1399  -1.02054748e-03
   1400  -1.01909034e-03
   1401  -1.62474622e-03
   1402  -1.62242971e-03
   1403  -1.62011814e-03
   1404  -1.61781151e-03
   1405  -1.61550981e-03
   1406  -2.05335301e-03
   1407  -2.05043580e-03
   1408  -2.04752480e-03
   1409  -2.04461999e-03
   1410  -2.04172137e-03
   1411  -2.35199733e-03
   1412  -2.34866766e-03
   1413  -2.34534505e-03
   1414  -2.34202949e-03
   1415  -2.33872095e-03
   1416  -2.37078243e-03
   1417  -2.36743800e-03
   1418  -2.36410064e-03
   1419  -2.36077034e-03
   1420  -2.35744706e-03
   1421  -2.21895214e-03
   1422  -2.21583289e-03
   1423  -2.21272022e-03
   1424  -2.20961411e-03
   1425  -2.20651452e-03
   1426  -1.74012789e-03
   1427  -1.73769031e-03
   1428  -1.73525785e-03
   1429  -1.73283049e-03
   1430  -1.73040822e-03
   1431  -6.23793290e-04
   1432  -6.22922526e-04
   1433  -6.22053585e-04
   1434  -6.21186460e-04
   1435  -6.20321147e-04
   1436   1.33813665e-03
   1437   1.33627522e-03
   1438   1.33441767e-03
   1439   1.33256399e-03
   1440   1.33071417e-03
   1441   4.50151352e-03
   1442   4.49527333e-03
   1443   4.48904612e-03
   1444   4.48283183e-03
   1445   4.47663044e-03
   1446   9.00383586e-03
   1447   8.99139747e-03
   1448   8.97898485e-03
   1449   8.96659791e-03
   1450   8.95423658e-03
   1451   1.39602100e-02
   1452   1.39409910e-02
   1453   1.39218116e-02
   1454   1.39026719e-02
   1455   1.38835715e-02
   1456   1.77928617e-02
   1457   1.77684503e-02
   1458   1.77440891e-02
   1459   1.77197780e-02
   1460   1.76955168e-02
   1461   2.20978230e-02
   1462   2.20676090e-02
   1463   2.20374568e-02
   1464   2.20073664e-02
   1465   2.19773376e-02
   1466   2.28253914e-02
   1467   2.27942888e-02
   1468   2.27632498e-02
   1469   2.27322741e-02
   1470   2.27013616e-02
   1471   2.41525734e-02
   1472   2.41197741e-02
   1473   2.40870416e-02
   1474   2.40543756e-02
   1475   2.40217761e-02
   1476   2.32520978e-02
   1477   2.32206282e-02
   1478   2.31892225e-02
   1479   2.31578804e-02
   1480   2.31266018e-02
   1481   2.29223359e-02
   1482   2.28914172e-02
   1483   2.28605611e-02
   1484   2.28297673e-02
   1485   2.27990356e-02
   1486   2.17211917e-02
   1487   2.16919916e-02
   1488   2.16628504e-02
   1489   2.16337679e-02
   1490   2.16047439e-02
   1491   1.80551404e-02
   1492   1.80309499e-02
   1493   1.80068081e-02
   1494   1.79827147e-02
   1495   1.79586696e-02
   1496   1.37130859e-02
   1497   1.36947743e-02
   1498   1.36764994e-02
   1499   1.36582610e-02
   1500   1.36400591e-02
   1501   8.61056265e-03
   1502   8.59910291e-03
   1503   8.58766603e-03
   1504   8.57625196e-03
   1505   8.56486062e-03
   1506   4.13234099e-03
   1507   4.12685953e-03
   1508   4.12138896e-03
   1509   4.11592926e-03
   1510   4.11048041e-03
   1511   9.36751510e-04
   1512   9.35513035e-04
   1513   9.34277015e-04
   1514   9.33043442e-04
   1515   9.31812312e-04
   1516  -1.01172399e-03
   1517  -1.01039080e-03
   1518  -1.00906025e-03
   1519  -1.00773232e-03
   1520  -1.00640701e-03
   1521  -2.08730234e-03
   1522  -2.08456085e-03
   1523  -2.08182476e-03
   1524  -2.07909405e-03
   1525  -2.07636871e-03
   1526  -2.68101354e-03
   1527  -2.67750378e-03
   1528  -2.67400091e-03
   1529  -2.67050492e-03
   1530  -2.66701577e-03
   1531  -2.80383267e-03
   1532  -2.80017410e-03
   1533  -2.79652269e-03
   1534  -2.79287842e-03
   1535  -2.78924127e-03
   1536  -2.68079910e-03
   1537  -2.67731245e-03
   1538  -2.67383260e-03
   1539  -2.67035952e-03
   1540  -2.66689321e-03
   1541  -2.28148012e-03
   1542  -2.27852244e-03
   1543  -2.27557051e-03
   1544  -2.27262431e-03
   1545  -2.26968383e-03
   1546  -1.87702937e-03
   1547  -1.87460387e-03
   1548  -1.87218308e-03
   1549  -1.86976697e-03
   1550  -1.86735553e-03
   1551  -1.17191969e-03
   1552  -1.17041021e-03
   1553  -1.16890365e-03
   1554  -1.16739999e-03
   1555  -1.16589924e-03
   1556  -6.10049027e-04
   1557  -6.09265783e-04
   1558  -6.08484047e-04
   1559  -6.07703814e-04
   1560  -6.06925081e-04
   1561  -1.76233005e-04
   1562  -1.76007463e-04
   1563  -1.75782354e-04
   1564  -1.75557676e-04
   1565  -1.75333429e-04
   1566   9.09595560e-05
   1567   9.08435176e-05
   1568   9.07277012e-05
   1569   9.06121061e-05
   1570   9.04967318e-05
   1571   2.35213063e-04
   1572   2.34913953e-04
   1573   2.34615412e-04
   1574   2.34317441e-04
   1575   2.34020036e-04
   1576   2.96582174e-04
   1577   2.96206218e-04
   1578   2.95830977e-04
   1579   2.95456448e-04
   1580   2.95082630e-04
   1581   2.98785942e-04
   1582   2.98408389e-04
   1583   2.98031552e-04
   1584   2.97655427e-04
   1585   2.97280015e-04
   1586   2.78602742e-04
   1587   2.78251802e-04
   1588   2.77901524e-04
   1589   2.77551908e-04
   1590   2.77202951e-04
   1591   2.30025454e-04
   1592   2.29736614e-04
   1593   2.29448317e-04
   1594   2.29160562e-04
   1595   2.28873349e-04
   1596   1.70394819e-04
   1597   1.70181525e-04
   1598   1.69968632e-04
   1599   1.69756138e-04
   1600   1.69544042e-04
   1601   1.02737579e-04
   1602   1.02609378e-04
   1603   1.02481416e-04
   1604   1.02353693e-04
   1605   1.02226209e-04
   1606   4.29245195e-05
   1607   4.28711225e-05
   1608   4.28178250e-05
   1609   4.27646269e-05
   1610   4.27115279e-05
   1611  -3.56200338e-06
   1612  -3.55758608e-06
   1613  -3.55317699e-06
   1614  -3.54877609e-06
   1615  -3.54438336e-06
   1616  -3.65235147e-05
   1617  -3.64783612e-05
   1618  -3.64332914e-05
   1619  -3.63883051e-05
   1620  -3.63434021e-05
   1621  -5.74121867e-05
   1622  -5.73414276e-05
   1623  -5.72707992e-05
   1624  -5.72003012e-05
   1625  -5.71299334e-05
   1626  -6.64318092e-05
   1627  -6.63501851e-05
   1628  -6.62687113e-05
   1629  -6.61873876e-05
   1630  -6.61062134e-05
   1631  -7.08416251e-05
   1632  -7.07548492e-05
   1633  -7.06682328e-05
   1634  -7.05817752e-05
   1635  -7.04954763e-05
   1636  -6.61127236e-05
   1637  -6.60319876e-05
   1638  -6.59513994e-05
   1639  -6.58709586e-05
   1640  -6.57906649e-05
   1641  -5.94263162e-05
   1642  -5.93539664e-05
   1643  -5.92817487e-05
   1644  -5.92096626e-05
   1645  -5.91377080e-05
   1646  -4.76531336e-05
   1647  -4.75952934e-05
   1648  -4.75375584e-05
   1649  -4.74799284e-05
   1650  -4.74224031e-05
   1651  -3.67388462e-05
   1652  -3.66943883e-05
   1653  -3.66500112e-05
   1654  -3.66057144e-05
   1655  -3.65614980e-05
   1656  -2.60586916e-05
   1657  -2.60272530e-05
   1658  -2.59958712e-05
   1659  -2.59645462e-05
   1660  -2.59332777e-05
   1661  -1.84735656e-05
   1662  -1.84513451e-05
   1663  -1.84291647e-05
   1664  -1.84070242e-05
   1665  -1.83849236e-05
   1666  -1.43649534e-05
   1667  -1.43477266e-05
   1668  -1.43305308e-05
   1669  -1.43133660e-05
   1670  -1.42962319e-05
   1671  -1.14666335e-05
   1672  -1.14529236e-05
   1673  -1.14392382e-05
   1674  -1.14255774e-05
   1675  -1.14119410e-05
   1676  -1.03487479e-05
   1677  -1.03364114e-05
   1678  -1.03240970e-05
   1679  -1.03118046e-05
   1680  -1.02995341e-05
   1681  -9.98697199e-06
   1682  -9.97510217e-06
   1683  -9.96325350e-06
   1684  -9.95142592e-06
   1685  -9.93961940e-06
   1686  -1.03773113e-05
   1687  -1.03650140e-05
   1688  -1.03527387e-05
   1689  -1.03404851e-05
   1690  -1.03282533e-05
   1691  -1.07693509e-05
   1692  -1.07566268e-05
   1693  -1.07439253e-05
   1694  -1.07312462e-05
   1695  -1.07185896e-05
   1696  -1.07612860e-05
   1697  -1.07486089e-05
   1698  -1.07359541e-05
   1699  -1.07233217e-05
   1700  -1.07107116e-05
   1701  -1.05347541e-05
   1702  -1.05223803e-05
   1703  -1.05100283e-05
   1704  -1.04976980e-05
   1705  -1.04853894e-05
   1706  -1.00707166e-05
   1707  -1.00589225e-05
   1708  -1.00471490e-05
   1709  -1.00353963e-05
   1710  -1.00236641e-05
   1711  -1.00393959e-05
   1712  -1.00276728e-05
   1713  -1.00159702e-05
   1714  -1.00042881e-05
   1715  -9.99262636e-06
   1716  -1.06566372e-05
   1717  -1.06442295e-05
   1718  -1.06318435e-05
   1719  -1.06194791e-05
   1720  -1.06071362e-05
   1721  -1.11717842e-05
   1722  -1.11588145e-05
   1723  -1.11458674e-05
   1724  -1.11329427e-05
   1725  -1.11200406e-05
   1726  -1.23116524e-05
   1727  -1.22974007e-05
   1728  -1.22831738e-05
   1729  -1.22689715e-05
   1730  -1.22547939e-05
   1731  -1.24439235e-05
   1732  -1.24295603e-05
   1733  -1.24152219e-05
   1734  -1.24009083e-05
   1735  -1.23866195e-05
   1736  -1.26705160e-05
   1737  -1.26559333e-05
   1738  -1.26413758e-05
   1739  -1.26268434e-05
   1740  -1.26123360e-05
   1741  -1.22054488e-05
   1742  -1.21914417e-05
   1743  -1.21774587e-05
   1744  -1.21634997e-05
   1745  -1.21495647e-05
   1746  -1.10747210e-05
   1747  -1.10620479e-05
   1748  -1.10493965e-05
   1749  -1.10367668e-05
   1750  -1.10241588e-05
   1751  -1.02330967e-05
   1752  -1.02214200e-05
   1753  -1.02097634e-05
   1754  -1.01981267e-05
   1755  -1.01865098e-05
   1756  -9.26356208e-06
   1757  -9.25302183e-06
   1758  -9.24249956e-06
   1759  -9.23199523e-06
   1760  -9.22150879e-06
   1761  -8.95378256e-06
   1762  -8.94362368e-06
   1763  -8.93348208e-06
   1764  -8.92335772e-06
   1765  -8.91325056e-06
   1766  -8.50798735e-06
   1767  -8.49836157e-06
   1768  -8.48875211e-06
   1769  -8.47915895e-06
   1770  -8.46958203e-06
   1771  -8.49670482e-06
   1772  -8.48711892e-06
   1773  -8.47754923e-06
   1774  -8.46799571e-06
   1775  -8.45845834e-06
   1776  -8.72763842e-06
   1777  -8.71781968e-06
   1778  -8.70801749e-06
   1779  -8.69823183e-06
   1780  -8.68846265e-06
   1781  -8.61688408e-06
   1782  -8.60721713e-06
   1783  -8.59756643e-06
   1784  -8.58793195e-06
   1785  -8.57831366e-06
   1786  -8.74228843e-06
   1787  -8.73250822e-06
   1788  -8.72274441e-06
   1789  -8.71299696e-06
   1790  -8.70326585e-06
   1791  -8.53161927e-06
   1792  -8.52210135e-06
   1793  -8.51259936e-06
   1794  -8.50311325e-06
   1795  -8.49364298e-06
   1796  -8.44267172e-06
   1797  -8.43327923e-06
   1798  -8.42390241e-06
   1799  -8.41454122e-06
   1800  -8.40519563e-06
   1801  -8.18028533e-06
   1802  -8.17120999e-06
   1803  -8.16214974e-06
   1804  -8.15310455e-06
   1805  -8.14407440e-06
   1806  -7.79720165e-06
   1807  -7.78857524e-06
   1808  -7.77996313e-06
   1809  -7.77136530e-06
   1810  -7.76278171e-06
   1811  -7.64582864e-06
   1812  -7.63739303e-06
   1813  -7.62897137e-06
   1814  -7.62056363e-06
   1815  -7.61216978e-06
   1816  -7.46894475e-06
   1817  -7.46072696e-06
   1818  -7.45252273e-06
   1819  -7.44433202e-06
   1820  -7.43615480e-06
   1821  -7.72234161e-06
   1822  -7.71386832e-06
   1823  -7.70540897e-06
   1824  -7.69696353e-06
   1825  -7.68853197e-06
   1826  -7.63060453e-06
   1827  -7.62225480e-06
   1828  -7.61391877e-06
   1829  -7.60559642e-06
   1830  -7.59728769e-06
   1831  -7.67832751e-06
   1832  -7.66994848e-06
   1833  -7.66158317e-06
   1834  -7.65323153e-06
   1835  -7.64489354e-06
   1836  -7.74457045e-06
   1837  -7.73614213e-06
   1838  -7.72772757e-06
   1839  -7.71932672e-06
   1840  -7.71093957e-06
   1841  -7.58752139e-06
   1842  -7.57928639e-06
   1843  -7.57106479e-06
   1844  -7.56285657e-06
   1845  -7.55466168e-06
   1846  -7.45132086e-06
   1847  -7.44325557e-06
   1848  -7.43520337e-06
   1849  -7.42716422e-06
   1850  -7.41913811e-06
   1851  -7.12916023e-06
   1852  -7.12146447e-06
   1853  -7.11378116e-06
   1854  -7.10611028e-06
   1855  -7.09845180e-06
   1856  -6.92991390e-06
   1857  -6.92245335e-06
   1858  -6.91500485e-06
   1859  -6.90756836e-06
   1860  -6.90014386e-06
   1861  -6.83872696e-06
   1862  -6.83138435e-06
   1863  -6.82405356e-06
   1864  -6.81673456e-06
   1865  -6.80942732e-06
   1866  -6.79931899e-06
   1867  -6.79203823e-06
   1868  -6.78476916e-06
   1869  -6.77751175e-06
   1870  -6.77026598e-06
   1871  -6.92731061e-06
   1872  -6.91991260e-06
   1873  -6.91252644e-06
   1874  -6.90515209e-06
   1875  -6.89778954e-06
   1876  -6.79185186e-06
   1877  -6.78461782e-06
   1878  -6.77739534e-06
   1879  -6.77018439e-06
   1880  -6.76298494e-06
   1881  -6.93816344e-06
   1882  -6.93079320e-06
   1883  -6.92343469e-06
   1884  -6.91608790e-06
   1885  -6.90875279e-06
   1886  -6.83107784e-06
   1887  -6.82384057e-06
   1888  -6.81661480e-06
   1889  -6.80940050e-06
   1890  -6.80219764e-06
   1891  -6.74512653e-06
   1892  -6.73799920e-06
   1893  -6.73088316e-06
   1894  -6.72377839e-06
   1895  -6.71668486e-06
   1896  -6.72899026e-06
   1897  -6.72189871e-06
   1898  -6.71481837e-06
   1899  -6.70774921e-06
   1900  -6.70069121e-06
   1901  -6.33814680e-06
   1902  -6.33148471e-06
   1903  -6.32483312e-06
   1904  -6.31819200e-06
   1905  -6.31156134e-06
   1906  -6.25912392e-06
   1907  -6.25256214e-06
   1908  -6.24601067e-06
   1909  -6.23946948e-06
   1910  -6.23293857e-06
   1911  -6.20628649e-06
   1912  -6.19979710e-06
   1913  -6.19331789e-06
   1914  -6.18684883e-06
   1915  -6.18038990e-06
   1916  -6.11878450e-06
   1917  -6.11240329e-06
   1918  -6.10603205e-06
   1919  -6.09967077e-06
   1920  -6.09331943e-06
   1921  -6.15760510e-06
   1922  -6.15120011e-06
   1923  -6.14480510e-06
   1924  -6.13842006e-06
   1925  -6.13204496e-06
   1926  -6.16171919e-06
   1927  -6.15532653e-06
   1928  -6.14894382e-06
   1929  -6.14257103e-06
   1930  -6.13620815e-06
   1931  -6.32689513e-06
   1932  -6.32034809e-06
   1933  -6.31381121e-06
   1934  -6.30728447e-06
   1935  -6.30076784e-06
   1936  -6.20504701e-06
   1937  -6.19864263e-06
   1938  -6.19224816e-06
   1939  -6.18586357e-06
   1940  -6.17948886e-06
   1941  -6.17787709e-06
   1942  -6.17151716e-06
   1943  -6.16516704e-06
   1944  -6.15882672e-06
   1945  -6.15249618e-06
   1946  -6.08269111e-06
   1947  -6.07644525e-06
   1948  -6.07020900e-06
   1949  -6.06398234e-06
   1950  -6.05776527e-06
   1951  -5.74333541e-06
   1952  -5.73745310e-06
   1953  -5.73157983e-06
   1954  -5.72571557e-06
   1955  -5.71986031e-06
   1956  -5.84938802e-06
   1957  -5.84341239e-06
   1958  -5.83744592e-06
   1959  -5.83148859e-06
   1960  -5.82554036e-06
   1961  -5.47845263e-06
   1962  -5.47287020e-06
   1963  -5.46729631e-06
   1964  -5.46173092e-06
   1965  -5.45617403e-06
   1966  -5.62519596e-06
   1967  -5.61947857e-06
   1968  -5.61376990e-06
   1969  -5.60806992e-06
   1970  -5.60237861e-06
   1971  -5.60656435e-06
   1972  -5.60088034e-06
   1973  -5.59520497e-06
   1974  -5.58953822e-06
   1975  -5.58388008e-06
   1976  -5.57720867e-06
   1977  -5.57156872e-06
   1978  -5.56593732e-06
   1979  -5.56031445e-06
   1980  -5.55470009e-06
   1981  -5.62467958e-06
   1982  -5.61900597e-06
   1983  -5.61334093e-06
   1984  -5.60768446e-06
   1985  -5.60203653e-06
   1986  -5.54166059e-06
   1987  -5.53608478e-06
   1988  -5.53051738e-06
   1989  -5.52495837e-06
   1990  -5.51940774e-06
   1991  -5.60470223e-06
   1992  -5.59907714e-06
   1993  -5.59346051e-06
   1994  -5.58785232e-06
   1995  -5.58225257e-06
   1996  -5.36360416e-06
   1997  -5.35823452e-06
   1998  -5.35287293e-06
   1999  -5.34751939e-06
   2000  -5.34217388e-06
   2001  -5.19135385e-06
   2002  -5.18616962e-06
   2003  -5.18099316e-06
   2004  -5.17582444e-06
   2005  -5.17066345e-06
   2006  -5.09558958e-06
   2007  -5.09051366e-06
   2008  -5.08544532e-06
   2009  -5.08038455e-06
   2010  -5.07533133e-06
   2011  -4.94662707e-06
   2012  -4.94171178e-06
   2013  -4.93680381e-06
   2014  -4.93190315e-06
   2015  -4.92700978e-06
   2016  -5.01125482e-06
   2017  -5.00628765e-06
   2018  -5.00132786e-06
   2019  -4.99637544e-06
   2020  -4.99143037e-06
   2021  -4.94662013e-06
   2022  -4.94172915e-06
   2023  -4.93684541e-06
   2024  -4.93196891e-06
   2025  -4.92709964e-06
   2026  -4.88749393e-06
   2027  -4.88267332e-06
   2028  -4.87785984e-06
   2029  -4.87305348e-06
   2030  -4.86825421e-06
   2031  -5.00755390e-06
   2032  -5.00262703e-06
   2033  -4.99770742e-06
   2034  -4.99279506e-06
   2035  -4.98788995e-06
   2036  -4.84291089e-06
   2037  -4.83815769e-06
   2038  -4.83341149e-06
   2039  -4.82867227e-06
   2040  -4.82394002e-06
   2041  -4.87827424e-06
   2042  -4.87349806e-06
   2043  -4.86872889e-06
   2044  -4.86396671e-06
   2045  -4.85921152e-06
   2046  -4.56470084e-06
   2047  -4.56024259e-06
   2048  -4.55579085e-06
   2049  -4.55134564e-06
   2050  -4.54690692e-06
   2051  -4.39513624e-06
   2052  -4.39085405e-06
   2053  -4.38657811e-06
   2054  -4.38230841e-06
   2055  -4.37804495e-06
   2056  -4.25282167e-06
   2057  -4.24868820e-06
   2058  -4.24456076e-06
   2059  -4.24043933e-06
   2060  -4.23632389e-06
   2061  -4.10460881e-06
   2062  -4.10062907e-06
   2063  -4.09665511e-06
   2064  -4.09268693e-06
   2065  -4.08872450e-06
   2066  -4.07475122e-06
   2067  -4.07080998e-06
   2068  -4.06687445e-06
   2069  -4.06294463e-06
   2070  -4.05902050e-06
   2071  -3.94658722e-06
   2072  -3.94277915e-06
   2073  -3.93897659e-06
   2074  -3.93517953e-06
   2075  -3.93138795e-06
   2076  -4.04794020e-06
   2077  -4.04404373e-06
   2078  -4.04015289e-06
   2079  -4.03626766e-06
   2080  -4.03238803e-06
   2081  -4.04193599e-06
   2082  -4.03805464e-06
   2083  -4.03417888e-06
   2084  -4.03030870e-06
   2085  -4.02644409e-06
   2086  -4.06632534e-06
   2087  -4.06242993e-06
   2088  -4.05854011e-06
   2089  -4.05465588e-06
   2090  -4.05077721e-06
   2091  -3.85062191e-06
   2092  -3.84694194e-06
   2093  -3.84326725e-06
   2094  -3.83959783e-06
   2095  -3.83593365e-06
   2096  -3.78844984e-06
   2097  -3.78483792e-06
   2098  -3.78123117e-06
   2099  -3.77762956e-06
   2100  -3.77403311e-06
   2101  -3.63627183e-06
   2102  -3.63281324e-06
   2103  -3.62935959e-06
   2104  -3.62591086e-06
   2105  -3.62246704e-06
   2106  -3.45800886e-06
   2107  -3.45472763e-06
   2108  -3.45145107e-06
   2109  -3.44817916e-06
   2110  -3.44491191e-06
   2111  -3.43142539e-06
   2112  -3.42817709e-06
   2113  -3.42493340e-06
   2114  -3.42169431e-06
   2115  -3.41845981e-06
   2116  -3.38314651e-06
   2117  -3.37995147e-06
   2118  -3.37676096e-06
   2119  -3.37357496e-06
   2120  -3.37039346e-06
   2121  -3.34912746e-06
   2122  -3.34597200e-06
   2123  -3.34282100e-06
   2124  -3.33967444e-06
   2125  -3.33653233e-06
   2126  -3.31680858e-06
   2127  -3.31369091e-06
   2128  -3.31057764e-06
   2129  -3.30746875e-06
   2130  -3.30436424e-06
   2131  -3.31013761e-06
   2132  -3.30703351e-06
   2133  -3.30393377e-06
   2134  -3.30083839e-06
   2135  -3.29774735e-06
   2136  -3.32902917e-06
   2137  -3.32591465e-06
   2138  -3.32280451e-06
   2139  -3.31969872e-06
   2140  -3.31659728e-06
   2141  -3.20477282e-06
   2142  -3.20178155e-06
   2143  -3.19879446e-06
   2144  -3.19581156e-06
   2145  -3.19283282e-06
   2146  -3.05525784e-06
   2147  -3.05241277e-06
   2148  -3.04957166e-06
   2149  -3.04673452e-06
   2150  -3.04390134e-06
   2151  -2.82314895e-06
   2152  -2.82052612e-06
   2153  -2.81790694e-06
   2154  -2.81529141e-06
   2155  -2.81267952e-06
   2156  -2.69792068e-06
   2157  -2.69542000e-06
   2158  -2.69292279e-06
   2159  -2.69042906e-06
   2160  -2.68793879e-06
   2161  -2.69828909e-06
   2162  -2.69579385e-06
   2163  -2.69330207e-06
   2164  -2.69081374e-06
   2165  -2.68832886e-06
   2166  -2.56689778e-06
   2167  -2.56452952e-06
   2168  -2.56216453e-06
   2169  -2.55980282e-06
   2170  -2.55744437e-06
   2171  -2.58162818e-06
   2172  -2.57925181e-06
   2173  -2.57687872e-06
   2174  -2.57450890e-06
   2175  -2.57214235e-06
   2176  -2.50961247e-06
   2177  -2.50730769e-06
   2178  -2.50500609e-06
   2179  -2.50270765e-06
   2180  -2.50041238e-06
   2181  -2.53093693e-06
   2182  -2.52861790e-06
   2183  -2.52630205e-06
   2184  -2.52398938e-06
   2185  -2.52167988e-06
   2186  -2.50680210e-06
   2187  -2.50451042e-06
   2188  -2.50222189e-06
   2189  -2.49993650e-06
   2190  -2.49765423e-06
   2191  -2.38675829e-06
   2192  -2.38458133e-06
   2193  -2.38240736e-06
   2194  -2.38023635e-06
   2195  -2.37806831e-06
   2196  -2.33246163e-06
   2197  -2.33033904e-06
   2198  -2.32821934e-06
   2199  -2.32610254e-06
   2200  -2.32398862e-06
   2201  -2.15321623e-06
   2202  -2.15126120e-06
   2203  -2.14930884e-06
   2204  -2.14735913e-06
   2205  -2.14541208e-06
   2206  -2.09850158e-06
   2207  -2.09660055e-06
   2208  -2.09470210e-06
   2209  -2.09280622e-06
   2210  -2.09091292e-06
   2211  -2.01011431e-06
   2212  -2.00829746e-06
   2213  -2.00648308e-06
   2214  -2.00467115e-06
   2215  -2.00286167e-06
   2216  -1.94968288e-06
   2217  -1.94792463e-06
   2218  -1.94616876e-06
   2219  -1.94441525e-06
   2220  -1.94266412e-06
   2221  -1.96985271e-06
   2222  -1.96808027e-06
   2223  -1.96631021e-06
   2224  -1.96454254e-06
   2225  -1.96277726e-06
   2226  -1.90852701e-06
   2227  -1.90681360e-06
   2228  -1.90510249e-06
   2229  -1.90339369e-06
   2230  -1.90168718e-06
   2231  -1.91811556e-06
   2232  -1.91639740e-06
   2233  -1.91468154e-06
   2234  -1.91296799e-06
   2235  -1.91125673e-06
   2236  -1.87261235e-06
   2237  -1.87093869e-06
   2238  -1.86926728e-06
   2239  -1.86759810e-06
   2240  -1.86593116e-06
   2241  -1.75765586e-06
   2242  -1.75608845e-06
   2243  -1.75452313e-06
   2244  -1.75295991e-06
   2245  -1.75139878e-06
   2246  -1.73913185e-06
   2247  -1.73758441e-06
   2248  -1.73603903e-06
   2249  -1.73449572e-06
   2250  -1.73295446e-06
   2251  -1.56140674e-06
   2252  -1.56002052e-06
   2253  -1.55863614e-06
   2254  -1.55725361e-06
   2255  -1.55587291e-06
   2256  -1.48312968e-06
   2257  -1.48181587e-06
   2258  -1.48050380e-06
   2259  -1.47919348e-06
   2260  -1.47788489e-06
   2261  -1.40032665e-06
   2262  -1.39908893e-06
   2263  -1.39785284e-06
   2264  -1.39661840e-06
   2265  -1.39538559e-06
   2266  -1.36394388e-06
   2267  -1.36274098e-06
   2268  -1.36153966e-06
   2269  -1.36033994e-06
   2270  -1.35914179e-06
   2271  -1.35874744e-06
   2272  -1.35755176e-06
   2273  -1.35635765e-06
   2274  -1.35516512e-06
   2275  -1.35397415e-06
   2276  -1.30421152e-06
   2277  -1.30306635e-06
   2278  -1.30192268e-06
   2279  -1.30078052e-06
   2280  -1.29963986e-06
   2281  -1.32997017e-06
   2282  -1.32880494e-06
   2283  -1.32764123e-06
   2284  -1.32647906e-06
   2285  -1.32531841e-06
   2286  -1.28507653e-06
   2287  -1.28395308e-06
   2288  -1.28283112e-06
   2289  -1.28171062e-06
   2290  -1.28059159e-06
   2291  -1.23328816e-06
   2292  -1.23221235e-06
   2293  -1.23113794e-06
   2294  -1.23006493e-06
   2295  -1.22899333e-06
   2296  -1.16092484e-06
   2297  -1.15991436e-06
   2298  -1.15890519e-06
   2299  -1.15789733e-06
   2300  -1.15689079e-06
   2301  -1.06737842e-06
   2302  -1.06645138e-06
   2303  -1.06552554e-06
   2304  -1.06460090e-06
   2305  -1.06367747e-06
   2306  -1.03706015e-06
   2307  -1.03616139e-06
   2308  -1.03526379e-06
   2309  -1.03436736e-06
   2310  -1.03347210e-06
   2311  -9.61698827e-07
   2312  -9.60867178e-07
   2313  -9.60036606e-07
   2314  -9.59207112e-07
   2315  -9.58378691e-07
   2316  -9.42376852e-07
   2317  -9.41563670e-07
   2318  -9.40751539e-07
   2319  -9.39940459e-07
   2320  -9.39130428e-07
   2321  -9.17621707e-07
   2322  -9.16831591e-07
   2323  -9.16042494e-07
   2324  -9.15254416e-07
   2325  -9.14467354e-07
   2326  -9.09263257e-07
   2327  -9.08482019e-07
   2328  -9.07701788e-07
   2329  -9.06922561e-07
   2330  -9.06144337e-07
   2331  -9.04704818e-07
   2332  -9.03929162e-07
   2333  -9.03154504e-07
   2334  -9.02380842e-07
   2335  -9.01608173e-07
   2336  -8.59927130e-07
   2337  -8.59191442e-07
   2338  -8.58456698e-07
   2339  -8.57722896e-07
   2340  -8.56990035e-07
   2341  -8.32668024e-07
   2342  -8.31957177e-07
   2343  -8.31247240e-07
   2344  -8.30538212e-07
   2345  -8.29830090e-07
   2346  -7.73013251e-07
   2347  -7.72354737e-07
   2348  -7.71697064e-07
   2349  -7.71040231e-07
   2350  -7.70384236e-07
   2351  -7.12606150e-07
   2352  -7.12000386e-07
   2353  -7.11395394e-07
   2354  -7.10791172e-07
   2355  -7.10187720e-07
   2356  -6.43331531e-07
   2357  -6.42785815e-07
   2358  -6.42240792e-07
   2359  -6.41696463e-07
   2360  -6.41152825e-07
   2361  -6.02796606e-07
   2362  -6.02286356e-07
   2363  -6.01776754e-07
   2364  -6.01267798e-07
   2365  -6.00759488e-07
   2366  -5.91222877e-07
   2367  -5.90723480e-07
   2368  -5.90224716e-07
   2369  -5.89726584e-07
   2370  -5.89229082e-07
   2371  -5.73089365e-07
   2372  -5.72606306e-07
   2373  -5.72123857e-07
   2374  -5.71642018e-07
   2375  -5.71160787e-07
   2376  -5.67177404e-07
   2377  -5.66700333e-07
   2378  -5.66223864e-07
   2379  -5.65747996e-07
   2380  -5.65272727e-07
   2381  -5.58336519e-07
   2382  -5.57867871e-07
   2383  -5.57399811e-07
   2384  -5.56932341e-07
   2385  -5.56465459e-07
   2386  -5.37359877e-07
   2387  -5.36909779e-07
   2388  -5.36460247e-07
   2389  -5.36011280e-07
   2390  -5.35562876e-07
   2391  -5.28503926e-07
   2392  -5.28062172e-07
   2393  -5.27620971e-07
   2394  -5.27180323e-07
   2395  -5.26740227e-07
   2396  -4.78458714e-07
   2397  -4.78059624e-07
   2398  -4.77661034e-07
   2399  -4.77262941e-07
   2400  -4.76865347e-07
   2401  -4.49368410e-07
   2402  -4.48994365e-07
   2403  -4.48620786e-07
   2404  -4.48247674e-07
   2405  -4.47875027e-07
   2406  -4.11051349e-07
   2407  -4.10709908e-07
   2408  -4.10368893e-07
   2409  -4.10028303e-07
   2410  -4.09688136e-07
   2411  -3.91532750e-07
   2412  -3.91208197e-07
   2413  -3.90884047e-07
   2414  -3.90560300e-07
   2415  -3.90236955e-07
   2416  -3.80760350e-07
   2417  -3.80445379e-07
   2418  -3.80130799e-07
   2419  -3.79816609e-07
   2420  -3.79502808e-07
   2421  -3.67094353e-07
   2422  -3.66791314e-07
   2423  -3.66488649e-07
   2424  -3.66186360e-07
   2425  -3.65884444e-07
   2426  -3.67278070e-07
   2427  -3.66975503e-07
   2428  -3.66673310e-07
   2429  -3.66371490e-07
   2430  -3.66070043e-07
   2431  -3.53140034e-07
   2432  -3.52849713e-07
   2433  -3.52559749e-07
   2434  -3.52270142e-07
   2435  -3.51980893e-07
   2436  -3.46993311e-07
   2437  -3.46708627e-07
   2438  -3.46424294e-07
   2439  -3.46140311e-07
   2440  -3.45856676e-07
   2441  -3.30389394e-07
   2442  -3.30118888e-07
   2443  -3.29848714e-07
   2444  -3.29578872e-07
   2445  -3.29309360e-07
   2446  -2.99722841e-07
   2447  -2.99477945e-07
   2448  -2.99233348e-07
   2449  -2.98989051e-07
   2450  -2.98745053e-07
   2451  -2.76376627e-07
   2452  -2.76151267e-07
   2453  -2.75926182e-07
   2454  -2.75701372e-07
   2455  -2.75476836e-07
   2456  -2.51458656e-07
   2457  -2.51254031e-07
   2458  -2.51049656e-07
   2459  -2.50845530e-07
   2460  -2.50641652e-07
   2461  -2.34843318e-07
   2462  -2.34652601e-07
   2463  -2.34462117e-07
   2464  -2.34271865e-07
   2465  -2.34081844e-07
   2466  -2.22122404e-07
   2467  -2.21942384e-07
   2468  -2.21762583e-07
   2469  -2.21583000e-07
   2470  -2.21403635e-07
   2471  -2.12854864e-07
   2472  -2.12682703e-07
   2473  -2.12510752e-07
   2474  -2.12339009e-07
   2475  -2.12167473e-07
   2476  -2.11671704e-07
   2477  -2.11500846e-07
   2478  -2.11330195e-07
   2479  -2.11159750e-07
   2480  -2.10989512e-07
   2481  -2.03989096e-07
   2482  -2.03824771e-07
   2483  -2.03660644e-07
   2484  -2.03496716e-07
   2485  -2.03332985e-07
   2486  -2.03385276e-07
   2487  -2.03221766e-07
   2488  -2.03058454e-07
   2489  -2.02895338e-07
   2490  -2.02732419e-07
   2491  -1.93873536e-07
   2492  -1.93717986e-07
   2493  -1.93562623e-07
   2494  -1.93407448e-07
   2495  -1.93252458e-07
   2496  -1.82691532e-07
   2497  -1.82545247e-07
   2498  -1.82399137e-07
   2499  -1.82253204e-07
   2500  -1.82107445e-07
   2501  -1.70214032e-07
   2502  -1.70078011e-07
   2503  -1.69942152e-07
   2504  -1.69806456e-07
   2505  -1.69670923e-07
   2506  -1.56498523e-07
   2507  -1.56373711e-07
   2508  -1.56249048e-07
   2509  -1.56124535e-07
   2510  -1.56000170e-07
   2511  -1.54525563e-07
   2512  -1.54402569e-07
   2513  -1.54279723e-07
   2514  -1.54157023e-07
   2515  -1.54034470e-07
   2516  -1.47120638e-07
   2517  -1.47003771e-07
   2518  -1.46887044e-07
   2519  -1.46770455e-07
   2520  -1.46654005e-07
   2521  -1.45379149e-07
   2522  -1.45263894e-07
   2523  -1.45148777e-07
   2524  -1.45033796e-07
   2525  -1.44918952e-07
   2526  -1.42042577e-07
   2527  -1.41930190e-07
   2528  -1.41817937e-07
   2529  -1.41705817e-07
   2530  -1.41593829e-07
   2531  -1.40253754e-07
   2532  -1.40143002e-07
   2533  -1.40032380e-07
   2534  -1.39921890e-07
   2535  -1.39811531e-07
   2536  -1.40239968e-07
   2537  -1.40129445e-07
   2538  -1.40019052e-07
   2539  -1.39908790e-07
   2540  -1.39798658e-07
   2541  -1.36173716e-07
   2542  -1.36066609e-07
   2543  -1.35959628e-07
   2544  -1.35852773e-07
   2545  -1.35746043e-07
   2546  -1.33675387e-07
   2547  -1.33570450e-07
   2548  -1.33465638e-07
   2549  -1.33360949e-07
   2550  -1.33256383e-07
   2551  -1.25742953e-07
   2552  -1.25644437e-07
   2553  -1.25546037e-07
   2554  -1.25447753e-07
   2555  -1.25349584e-07
   2556  -1.23975450e-07
   2557  -1.23878509e-07
   2558  -1.23781682e-07
   2559  -1.23684968e-07
   2560  -1.23588368e-07
   2561  -1.21469404e-07
   2562  -1.21374608e-07
   2563  -1.21279923e-07
   2564  -1.21185348e-07
   2565  -1.21090885e-07
   2566  -1.19306333e-07
   2567  -1.19213406e-07
   2568  -1.19120588e-07
   2569  -1.19027878e-07
   2570  -1.18935276e-07
   2571  -1.20635876e-07
   2572  -1.20542096e-07
   2573  -1.20448426e-07
   2574  -1.20354864e-07
   2575  -1.20261412e-07
   2576  -1.16874972e-07
   2577  -1.16784292e-07
   2578  -1.16693718e-07
   2579  -1.16603249e-07
   2580  -1.16512885e-07
   2581  -1.18696747e-07
   2582  -1.18604832e-07
   2583  -1.18513023e-07
   2584  -1.18421322e-07
   2585  -1.18329726e-07
   2586  -1.18238536e-07
   2587  -1.18147153e-07
   2588  -1.18055875e-07
   2589  -1.17964704e-07
   2590  -1.17873638e-07
   2591  -1.18324912e-07
   2592  -1.18233638e-07
   2593  -1.18142470e-07
   2594  -1.18051408e-07
   2595  -1.17960450e-07
   2596  -1.19599996e-07
   2597  -1.19507916e-07
   2598  -1.19415943e-07
   2599  -1.19324075e-07
   2600  -1.19232314e-07
   2601  -1.17274001e-07
   2602  -1.17183886e-07
   2603  -1.17093874e-07
   2604  -1.17003966e-07
   2605  -1.16914162e-07
   2606  -1.21018895e-07
   2607  -1.20926080e-07
   2608  -1.20833372e-07
   2609  -1.20740771e-07
   2610  -1.20648276e-07
   2611  -1.19429814e-07
   2612  -1.19338393e-07
   2613  -1.19247077e-07
   2614  -1.19155866e-07
   2615  -1.19064760e-07
   2616  -1.21990872e-07
   2617  -1.21897669e-07
   2618  -1.21804573e-07
   2619  -1.21711583e-07
   2620  -1.21618700e-07
   2621  -1.19137991e-07
   2622  -1.19047142e-07
   2623  -1.18956396e-07
   2624  -1.18865754e-07
   2625  -1.18775215e-07
   2626  -1.20346615e-07
   2627  -1.20255018e-07
   2628  -1.20163526e-07
   2629  -1.20072138e-07
   2630  -1.19980854e-07
   2631  -1.23137044e-07
   2632  -1.23043502e-07
   2633  -1.22950066e-07
   2634  -1.22856736e-07
   2635  -1.22763513e-07
   2636  -1.22238714e-07
   2637  -1.22146030e-07
   2638  -1.22053451e-07
   2639  -1.21960978e-07
   2640  -1.21868609e-07
   2641  -1.25000084e-07
   2642  -1.24905486e-07
   2643  -1.24810994e-07
   2644  -1.24716610e-07
   2645  -1.24622334e-07
   2646  -1.27834443e-07
   2647  -1.27737882e-07
   2648  -1.27641430e-07
   2649  -1.27545088e-07
   2650  -1.27448855e-07
   2651  -1.30242830e-07
   2652  -1.30144635e-07
   2653  -1.30046552e-07
   2654  -1.29948579e-07
   2655  -1.29850717e-07
   2656  -1.36789126e-07
   2657  -1.36686190e-07
   2658  -1.36583370e-07
   2659  -1.36480666e-07
   2660  -1.36378078e-07
   2661  -1.34629856e-07
   2662  -1.34528735e-07
   2663  -1.34427728e-07
   2664  -1.34326834e-07
   2665  -1.34226055e-07
   2666  -1.40225866e-07
   2667  -1.40120739e-07
   2668  -1.40015731e-07
   2669  -1.39910840e-07
   2670  -1.39806067e-07
   2671  -1.39051938e-07
   2672  -1.38947887e-07
   2673  -1.38843952e-07
   2674  -1.38740134e-07
   2675  -1.38636432e-07
   2676  -1.37771556e-07
   2677  -1.37668655e-07
   2678  -1.37565869e-07
   2679  -1.37463198e-07
   2680  -1.37360643e-07
   2681  -1.42014295e-07
   2682  -1.41908423e-07
   2683  -1.41802669e-07
   2684  -1.41697033e-07
   2685  -1.41591515e-07
   2686  -1.41650410e-07
   2687  -1.41545005e-07
   2688  -1.41439719e-07
   2689  -1.41334549e-07
   2690  -1.41229497e-07
   2691  -1.47622886e-07
   2692  -1.47513242e-07
   2693  -1.47403719e-07
   2694  -1.47294319e-07
   2695  -1.47185040e-07
   2696  -1.46795955e-07
   2697  -1.46687127e-07
   2698  -1.46578419e-07
   2699  -1.46469833e-07
   2700  -1.46361367e-07
   2701  -1.53356230e-07
   2702  -1.53242748e-07
   2703  -1.53129392e-07
   2704  -1.53016162e-07
   2705  -1.52903058e-07
   2706  -1.58041464e-07
   2707  -1.57924731e-07
   2708  -1.57808128e-07
   2709  -1.57691654e-07
   2710  -1.57575308e-07
   2711  -1.60431566e-07
   2712  -1.60313286e-07
   2713  -1.60195137e-07
   2714  -1.60077119e-07
   2715  -1.59959231e-07
   2716  -1.65494088e-07
   2717  -1.65372301e-07
   2718  -1.65250648e-07
   2719  -1.65129129e-07
   2720  -1.65007744e-07
   2721  -1.60073461e-07
   2722  -1.59955879e-07
   2723  -1.59838426e-07
   2724  -1.59721103e-07
   2725  -1.59603909e-07
   2726  -1.64255633e-07
   2727  -1.64135200e-07
   2728  -1.64014899e-07
   2729  -1.63894731e-07
   2730  -1.63774694e-07
   2731  -1.65286598e-07
   2732  -1.65165631e-07
   2733  -1.65044796e-07
   2734  -1.64924095e-07
   2735  -1.64803525e-07
   2736  -1.63288666e-07
   2737  -1.63169379e-07
   2738  -1.63050223e-07
   2739  -1.62931197e-07
   2740  -1.62812302e-07
   2741  -1.70472189e-07
   2742  -1.70347882e-07
   2743  -1.70223710e-07
   2744  -1.70099674e-07
   2745  -1.69975774e-07
   2746  -1.69491797e-07
   2747  -1.69368429e-07
   2748  -1.69245196e-07
   2749  -1.69122098e-07
   2750  -1.68999133e-07
   2751  -1.76429459e-07
   2752  -1.76301275e-07
   2753  -1.76173230e-07
   2754  -1.76045325e-07
   2755  -1.75917559e-07
   2756  -1.80167612e-07
   2757  -1.80036949e-07
   2758  -1.79906429e-07
   2759  -1.79776050e-07
   2760  -1.79645813e-07
   2761  -1.82269504e-07
   2762  -1.82137556e-07
   2763  -1.82005751e-07
   2764  -1.81874090e-07
   2765  -1.81742571e-07
   2766  -1.85192182e-07
   2767  -1.85058360e-07
   2768  -1.84924684e-07
   2769  -1.84791152e-07
   2770  -1.84657765e-07
   2771  -1.80701398e-07
   2772  -1.80571057e-07
   2773  -1.80440857e-07
   2774  -1.80310798e-07
   2775  -1.80180879e-07
   2776  -1.86714250e-07
   2777  -1.86579814e-07
   2778  -1.86445524e-07
   2779  -1.86311378e-07
   2780  -1.86177377e-07
   2781  -1.82303972e-07
   2782  -1.82172947e-07
   2783  -1.82042064e-07
   2784  -1.81911322e-07
   2785  -1.81780721e-07
   2786  -1.86108894e-07
   2787  -1.85975375e-07
   2788  -1.85841999e-07
   2789  -1.85708767e-07
   2790  -1.85575679e-07
   2791  -1.88424690e-07
   2792  -1.88289752e-07
   2793  -1.88154958e-07
   2794  -1.88020310e-07
   2795  -1.87885805e-07
   2796  -1.89269475e-07
   2797  -1.89134174e-07
   2798  -1.88999018e-07
   2799  -1.88864006e-07
   2800  -1.88729140e-07
   2801  -1.93145865e-07
   2802  -1.93008039e-07
   2803  -1.92870361e-07
   2804  -1.92732830e-07
   2805  -1.92595445e-07
   2806  -1.91879407e-07
   2807  -1.91742729e-07
   2808  -1.91606196e-07
   2809  -1.91469810e-07
   2810  -1.91333569e-07
   2811  -1.95663408e-07
   2812  -1.95524282e-07
   2813  -1.95385304e-07
   2814  -1.95246474e-07
   2815  -1.95107793e-07
   2816  -1.98947876e-07
   2817  -1.98806666e-07
   2818  -1.98665606e-07
   2819  -1.98524696e-07
   2820  -1.98383935e-07
   2821  -1.97851528e-07
   2822  -1.97711344e-07
   2823  -1.97571310e-07
   2824  -1.97431424e-07
   2825  -1.97291687e-07
   2826  -1.98162344e-07
   2827  -1.98022189e-07
   2828  -1.97882182e-07
   2829  -1.97742323e-07
   2830  -1.97602613e-07
   2831  -1.96978243e-07
   2832  -1.96839171e-07
   2833  -1.96700246e-07
   2834  -1.96561468e-07
   2835  -1.96422837e-07
   2836  -1.99498159e-07
   2837  -1.99357555e-07
   2838  -1.99217101e-07
   2839  -1.99076795e-07
   2840  -1.98936637e-07
   2841  -1.98660685e-07
   2842  -1.98520918e-07
   2843  -1.98381299e-07
   2844  -1.98241827e-07
   2845  -1.98102502e-07
   2846  -1.99056524e-07
   2847  -1.98916725e-07
   2848  -1.98777073e-07
   2849  -1.98637568e-07
   2850  -1.98498210e-07
   2851  -1.99032262e-07
   2852  -1.98892725e-07
   2853  -1.98753334e-07
   2854  -1.98614090e-07
   2855  -1.98474993e-07
   2856  -1.99546700e-07
   2857  -1.99407047e-07
   2858  -1.99267540e-07
   2859  -1.99128180e-07
   2860  -1.98988966e-07
   2861  -2.01990978e-07
   2862  -2.01849862e-07
   2863  -2.01708893e-07
   2864  -2.01568071e-07
   2865  -2.01427398e-07
   2866  -2.00986364e-07
   2867  -2.00846194e-07
   2868  -2.00706171e-07
   2869  -2.00566294e-07
   2870  -2.00426563e-07
   2871  -2.00242697e-07
   2872  -2.00103288e-07
   2873  -1.99964025e-07
   2874  -1.99824908e-07
   2875  -1.99685936e-07
   2876  -1.96834557e-07
   2877  -1.96697760e-07
   2878  -1.96561105e-07
   2879  -1.96424592e-07
   2880  -1.96288222e-07
   2881  -1.97729417e-07
   2882  -1.97592236e-07
   2883  -1.97455198e-07
   2884  -1.97318302e-07
   2885  -1.97181548e-07
   2886  -1.97998255e-07
   2887  -1.97861125e-07
   2888  -1.97724138e-07
   2889  -1.97587293e-07
   2890  -1.97450590e-07
   2891  -1.98830200e-07
   2892  -1.98692732e-07
   2893  -1.98555406e-07
   2894  -1.98418223e-07
   2895  -1.98281182e-07
   2896  -2.01041246e-07
   2897  -2.00902489e-07
   2898  -2.00763876e-07
   2899  -2.00625406e-07
   2900  -2.00487080e-07
   2901  -1.97836121e-07
   2902  -1.97699811e-07
   2903  -1.97563643e-07
   2904  -1.97427615e-07
   2905  -1.97291727e-07
   2906  -1.99432070e-07
   2907  -1.99294897e-07
   2908  -1.99157865e-07
   2909  -1.99020975e-07
   2910  -1.98884226e-07
   2911  -1.95035155e-07
   2912  -1.94901236e-07
   2913  -1.94767456e-07
   2914  -1.94633813e-07
   2915  -1.94500308e-07
   2916  -1.95310692e-07
   2917  -1.95176815e-07
   2918  -1.95043075e-07
   2919  -1.94909472e-07
   2920  -1.94776007e-07
   2921  -1.98828264e-07
   2922  -1.98692208e-07
   2923  -1.98556292e-07
   2924  -1.98420515e-07
   2925  -1.98284878e-07
   2926  -1.93340510e-07
   2927  -1.93208435e-07
   2928  -1.93076496e-07
   2929  -1.92944692e-07
   2930  -1.92813023e-07
   2931  -1.96772460e-07
   2932  -1.96638270e-07
   2933  -1.96504218e-07
   2934  -1.96370302e-07
   2935  -1.96236524e-07
   2936  -1.94177304e-07
   2937  -1.94045109e-07
   2938  -1.93913050e-07
   2939  -1.93781125e-07
   2940  -1.93649334e-07
   2941  -1.92201891e-07
   2942  -1.92071263e-07
   2943  -1.91940769e-07
   2944  -1.91810408e-07
   2945  -1.91680179e-07
   2946  -1.94649672e-07
   2947  -1.94517605e-07
   2948  -1.94385673e-07
   2949  -1.94253875e-07
   2950  -1.94122211e-07
   2951  -1.86754660e-07
   2952  -1.86628165e-07
   2953  -1.86501798e-07
   2954  -1.86375560e-07
   2955  -1.86249449e-07
   2956  -1.89035931e-07
   2957  -1.88908107e-07
   2958  -1.88780412e-07
   2959  -1.88652847e-07
   2960  -1.88525411e-07
   2961  -1.87082131e-07
   2962  -1.86955841e-07
   2963  -1.86829680e-07
   2964  -1.86703646e-07
   2965  -1.86577739e-07
   2966  -1.87201619e-07
   2967  -1.87075462e-07
   2968  -1.86949432e-07
   2969  -1.86823530e-07
   2970  -1.86697755e-07
   2971  -1.88063307e-07
   2972  -1.87936783e-07
   2973  -1.87810386e-07
   2974  -1.87684116e-07
   2975  -1.87557973e-07
   2976  -1.81223508e-07
   2977  -1.81101790e-07
   2978  -1.80980194e-07
   2979  -1.80858721e-07
   2980  -1.80737369e-07
   2981  -1.86007085e-07
   2982  -1.85882363e-07
   2983  -1.85757766e-07
   2984  -1.85633295e-07
   2985  -1.85508949e-07
   2986  -1.81542361e-07
   2987  -1.81420836e-07
   2988  -1.81299434e-07
   2989  -1.81178153e-07
   2990  -1.81056994e-07
   2991  -1.82440502e-07
   2992  -1.82318581e-07
   2993  -1.82196781e-07
   2994  -1.82075104e-07
   2995  -1.81953548e-07
   2996  -1.78181274e-07
   2997  -1.78062397e-07
   2998  -1.77943639e-07
   2999  -1.77825000e-07
   3000  -1.77706480e-07
   3001  -1.72695461e-07
   3002  -1.72580436e-07
   3003  -1.72465526e-07
   3004  -1.72350731e-07
   3005  -1.72236050e-07
   3006  -1.74092091e-07
   3007  -1.73976328e-07
   3008  -1.73860681e-07
   3009  -1.73745150e-07
   3010  -1.73629733e-07
   3011  -1.68540924e-07
   3012  -1.68429039e-07
   3013  -1.68317265e-07
   3014  -1.68205602e-07
   3015  -1.68094051e-07
   3016  -1.66645106e-07
   3017  -1.66534663e-07
   3018  -1.66424329e-07
   3019  -1.66314105e-07
   3020  -1.66203991e-07
   3021  -1.65362129e-07
   3022  -1.65252718e-07
   3023  -1.65143415e-07
   3024  -1.65034220e-07
   3025  -1.64925133e-07
   3026  -1.61670426e-07
   3027  -1.61563633e-07
   3028  -1.61456947e-07
   3029  -1.61350366e-07
   3030  -1.61243890e-07
   3031  -1.67062429e-07
   3032  -1.66952256e-07
   3033  -1.66842193e-07
   3034  -1.66732239e-07
   3035  -1.66622393e-07
   3036  -1.64493821e-07
   3037  -1.64385521e-07
   3038  -1.64277328e-07
   3039  -1.64169242e-07
   3040  -1.64061262e-07
   3041  -1.66141119e-07
   3042  -1.66031914e-07
   3043  -1.65922817e-07
   3044  -1.65813828e-07
   3045  -1.65704946e-07
   3046  -1.63781809e-07
   3047  -1.63674332e-07
   3048  -1.63566960e-07
   3049  -1.63459695e-07
   3050  -1.63352534e-07
   3051  -1.63862270e-07
   3052  -1.63754916e-07
   3053  -1.63647668e-07
   3054  -1.63540525e-07
   3055  -1.63433487e-07
   3056  -1.63743279e-07
   3057  -1.63636178e-07
   3058  -1.63529183e-07
   3059  -1.63422292e-07
   3060  -1.63315506e-07
   3061  -1.59250374e-07
   3062  -1.59146382e-07
   3063  -1.59042492e-07
   3064  -1.58938704e-07
   3065  -1.58835017e-07
   3066  -1.61020122e-07
   3067  -1.60915146e-07
   3068  -1.60810272e-07
   3069  -1.60705501e-07
   3070  -1.60600833e-07
   3071  -1.57941629e-07
   3072  -1.57838827e-07
   3073  -1.57736126e-07
   3074  -1.57633525e-07
   3075  -1.57531024e-07
   3076  -1.56528774e-07
   3077  -1.56427057e-07
   3078  -1.56325440e-07
   3079  -1.56223922e-07
   3080  -1.56122502e-07
   3081  -1.47485271e-07
   3082  -1.47389587e-07
   3083  -1.47293996e-07
   3084  -1.47198498e-07
   3085  -1.47103092e-07
   3086  -1.37129214e-07
   3087  -1.37040393e-07
   3088  -1.36951657e-07
   3089  -1.36863008e-07
   3090  -1.36774445e-07
   3091  -1.21347934e-07
   3092  -1.21269461e-07
   3093  -1.21191065e-07
   3094  -1.21112745e-07
   3095  -1.21034500e-07
   3096  -9.49249486e-08
   3097  -9.48636622e-08
   3098  -9.48024351e-08
   3099  -9.47412674e-08
   3100  -9.46801587e-08
   3101  -6.80472495e-08
   3102  -6.80033870e-08
   3103  -6.79595668e-08
   3104  -6.79157890e-08
   3105  -6.78720535e-08
   3106  -4.19000620e-08
   3107  -4.18730971e-08
   3108  -4.18461582e-08
   3109  -4.18192453e-08
   3110  -4.17923584e-08
   3111  -2.55809381e-08
   3112  -2.55645019e-08
   3113  -2.55480815e-08
   3114  -2.55316769e-08
   3115  -2.55152881e-08
   3116  -1.47438322e-08
   3117  -1.47343742e-08
   3118  -1.47249253e-08
   3119  -1.47154855e-08
   3120  -1.47060548e-08
   3121  -8.75391597e-09
   3122  -8.74830943e-09
   3123  -8.74270827e-09
   3124  -8.73711249e-09
   3125  -8.73152208e-09
   3126  -5.53780615e-09
   3127  -5.53426508e-09
   3128  -5.53072739e-09
   3129  -5.52719310e-09
   3130  -5.52366219e-09
   3131  -3.57804003e-09
   3132  -3.57575575e-09
   3133  -3.57347366e-09
   3134  -3.57119375e-09
   3135  -3.56891602e-09
   3136  -2.42248813e-09
   3137  -2.42094403e-09
   3138  -2.41940142e-09
   3139  -2.41786027e-09
   3140  -2.41632060e-09
   3141  -1.41220791e-09
   3142  -1.41130920e-09
   3143  -1.41041135e-09
   3144  -1.40951435e-09
   3145  -1.40861822e-09
   3146  -6.25749466e-10
   3147  -6.25351880e-10
   3148  -6.24954674e-10
   3149  -6.24557846e-10
   3150  -6.24161396e-10
   3151  -5.05105170e-12
   3152  -5.04784748e-12
   3153  -5.04464631e-12
   3154  -5.04144818e-12
   3155  -5.03825309e-12
   3156   4.51899460e-10
   3157   4.51613244e-10
   3158   4.51327300e-10
   3159   4.51041627e-10
   3160   4.50756225e-10
   3161   7.45814897e-10
   3162   7.45343272e-10
   3163   7.44872095e-10
   3164   7.44401365e-10
   3165   7.43931080e-10
   3166   9.19231297e-10
   3167   9.18650928e-10
   3168   9.18071109e-10
   3169   9.17491839e-10
   3170   9.16913116e-10
   3171   1.07876428e-09
   3172   1.07808426e-09
   3173   1.07740488e-09
   3174   1.07672615e-09
   3175   1.07604806e-09
   3176   1.24329542e-09
   3177   1.24251292e-09
   3178   1.24173116e-09
   3179   1.24095013e-09
   3180   1.24016985e-09
   3181   1.36904440e-09
   3182   1.36818411e-09
   3183   1.36732463e-09
   3184   1.36646596e-09
   3185   1.36560810e-09
   3186   1.54461150e-09
   3187   1.54364241e-09
   3188   1.54267423e-09
   3189   1.54170696e-09
   3190   1.54074060e-09
   3191   1.60613555e-09
   3192   1.60512944e-09
   3193   1.60412427e-09
   3194   1.60312004e-09
   3195   1.60211676e-09
   3196   1.71847990e-09
   3197   1.71740510e-09
   3198   1.71633130e-09
   3199   1.71525851e-09
   3200   1.71418672e-09
   3201   1.73998859e-09
   3202   1.73890203e-09
   3203   1.73781649e-09
   3204   1.73673196e-09
   3205   1.73564845e-09
   3206   1.73265133e-09
   3207   1.73157104e-09
   3208   1.73049176e-09
   3209   1.72941349e-09
   3210   1.72833622e-09
   3211   1.78292388e-09
   3212   1.78181398e-09
   3213   1.78070511e-09
   3214   1.77959728e-09
   3215   1.77849047e-09
   3216   1.76995830e-09
   3217   1.76885818e-09
   3218   1.76775908e-09
   3219   1.76666101e-09
   3220   1.76556396e-09
   3221   1.80882910e-09
   3222   1.80770657e-09
   3223   1.80658507e-09
   3224   1.80546462e-09
   3225   1.80434522e-09
   3226   1.81087839e-09
   3227   1.80975632e-09
   3228   1.80863530e-09
   3229   1.80751531e-09
   3230   1.80639637e-09
   3231   1.74289549e-09
   3232   1.74181722e-09
   3233   1.74073994e-09
   3234   1.73966367e-09
   3235   1.73858839e-09
   3236   1.77483020e-09
   3237   1.77373387e-09
   3238   1.77263855e-09
   3239   1.77154424e-09
   3240   1.77045095e-09
   3241   1.68387728e-09
   3242   1.68283873e-09
   3243   1.68180114e-09
   3244   1.68076451e-09
   3245   1.67972884e-09
   3246   1.70559707e-09
   3247   1.70454674e-09
   3248   1.70349739e-09
   3249   1.70244900e-09
   3250   1.70140158e-09
   3251   1.66623695e-09
   3252   1.66521244e-09
   3253   1.66418887e-09
   3254   1.66316625e-09
   3255   1.66214457e-09
   3256   1.63029435e-09
   3257   1.62929348e-09
   3258   1.62829353e-09
   3259   1.62729450e-09
   3260   1.62629639e-09
   3261   1.64556510e-09
   3262   1.64455641e-09
   3263   1.64354863e-09
   3264   1.64254179e-09
   3265   1.64153587e-09
   3266   1.54826296e-09
   3267   1.54731535e-09
   3268   1.54636862e-09
   3269   1.54542276e-09
   3270   1.54447776e-09
   3271   1.55660854e-09
   3272   1.55565728e-09
   3273   1.55470690e-09
   3274   1.55375739e-09
   3275   1.55280875e-09
   3276   1.48431763e-09
   3277   1.48341193e-09
   3278   1.48250707e-09
   3279   1.48160303e-09
   3280   1.48069982e-09
   3281   1.44998323e-09
   3282   1.44909983e-09
   3283   1.44821724e-09
   3284   1.44733546e-09
   3285   1.44645448e-09
   3286   1.41571708e-09
   3287   1.41485587e-09
   3288   1.41399545e-09
   3289   1.41313581e-09
   3290   1.41227696e-09
   3291   1.33514614e-09
   3292   1.33433518e-09
   3293   1.33352496e-09
   3294   1.33271548e-09
   3295   1.33190673e-09
   3296   1.34594356e-09
   3297   1.34512728e-09
   3298   1.34431175e-09
   3299   1.34349695e-09
   3300   1.34268290e-09
