     50   3.65359690e-14
     51   2.68072099e-14
     52   2.57908926e-14
     53   2.48312949e-14
     54   2.39242734e-14
     55   2.30660562e-14
     56   1.21938387e-14
     57   1.17715654e-14
     58   1.13708534e-14
     59   1.09902594e-14
     60   1.06284589e-14
     61   6.45637995e-15
     62   6.25060887e-15
     63   6.05452053e-15
     64   5.86751680e-15
     65   5.68904507e-15
     66   1.67967747e-14
     67   1.63009495e-14
     68   1.58267592e-14
     69   1.53729630e-14
     70   1.49384081e-14
     71   1.11706881e-14
     72   1.08636012e-14
     73   1.05690054e-14
     74   1.02862322e-14
     75   1.00146576e-14
     76   1.64943703e-14
     77   1.60700912e-14
     78   1.56619744e-14
     79   1.52692093e-14
     80   1.48910356e-14
     81   2.42715259e-14
     82   2.36849192e-14
     83   2.31193245e-14
     84   2.25737501e-14
     85   2.20472622e-14
     86   1.82697137e-14
     87   1.78533203e-14
     88   1.74510016e-14
     89   1.70621305e-14
     90   1.66861142e-14
     91   1.87453926e-14
     92   1.83411882e-14
     93   1.79499180e-14
     94   1.75710359e-14
     95   1.72040244e-14
     96   1.33554763e-14
     97   1.30822239e-14
     98   1.28172726e-14
     99   1.25602895e-14
    100   1.23109584e-14
    101   5.06827379e-15
    102   4.96962303e-15
    103   4.87382476e-15
    104   4.78077004e-15
    105   4.69035512e-15
    106   3.50372583e-15
    107   3.43869254e-15
    108   3.37545323e-15
    109   3.31394252e-15
    110   3.25409798e-15
    111   8.30985269e-15
    112   8.16245174e-15
    113   8.01893820e-15
    114   7.87917658e-15
    115   7.74303722e-15
    116   1.15891428e-14
    117   1.13923023e-14
    118   1.12004345e-14
    119   1.10133734e-14
    120   1.08309596e-14
    121   2.01674397e-14
    122   1.98388501e-14
    123   1.95182262e-14
    124   1.92053125e-14
    125   1.88998639e-14
    126   2.64288982e-14
    127   2.60151433e-14
    128   2.56110292e-14
    129   2.52162586e-14
    130   2.48305457e-14
    131   2.32853585e-14
    132   2.29345470e-14
    133   2.25916042e-14
    134   2.22562963e-14
    135   2.19283984e-14
    136   1.65550391e-14
    137   1.63146780e-14
    138   1.60795138e-14
    139   1.58493977e-14
    140   1.56241864e-14
    141   9.30307529e-15
    142   9.17273569e-15
    143   9.04511618e-15
    144   8.92014161e-15
    145   8.79773938e-15
    146   8.26796541e-15
    147   8.15604807e-15
    148   8.04638785e-15
    149   7.93892448e-15
    150   7.83359966e-15
    151   1.31814762e-14
    152   1.30088887e-14
    153   1.28396687e-14
    154   1.26737293e-14
    155   1.25109860e-14
    156   1.40652911e-14
    157   1.38869686e-14
    158   1.37120160e-14
    159   1.35403488e-14
    160   1.33718854e-14
    161   3.37654103e-14
    162   3.33504774e-14
    163   3.29431462e-14
    164   3.25432321e-14
    165   3.21505563e-14
    166   2.84426373e-14
    167   2.81035321e-14
    168   2.77704555e-14
    169   2.74432652e-14
    170   2.71218235e-14
    171   3.36696774e-14
    172   3.32798718e-14
    173   3.28967965e-14
    174   3.25202976e-14
    175   3.21502253e-14
    176   4.63083278e-14
    177   4.57872808e-14
    178   4.52749786e-14
    179   4.47712266e-14
    180   4.42758355e-14
    181   2.71314776e-14
    182   2.68345548e-14
    183   2.65424796e-14
    184   2.62551472e-14
    185   2.59724554e-14
    186   3.10535927e-14
    187   3.07227972e-14
    188   3.03972593e-14
    189   3.00768683e-14
    190   2.97615161e-14
    191   2.66069002e-14
    192   2.63308249e-14
    193   2.60590242e-14
    194   2.57914104e-14
    195   2.55278979e-14
    196   2.92568859e-14
    197   2.89609896e-14
    198   2.86695597e-14
    199   2.83825066e-14
    200   2.80997433e-14
    201   2.80019740e-14
    202   2.77257536e-14
    203   2.74536002e-14
    204   2.71854344e-14
    205   2.69211786e-14
    206   1.28896821e-14
    207   1.27655943e-14
    208   1.26432897e-14
    209   1.25227344e-14
    210   1.24038952e-14
    211   1.44765596e-15
    212   1.43404703e-15
    213   1.42062910e-15
    214   1.40739862e-15
    215   1.39435210e-15
    216   0.00000000e+00
    217   0.00000000e+00
    218   0.00000000e+00
    219   0.00000000e+00
    220   0.00000000e+00
    221   0.00000000e+00
    222   0.00000000e+00
    223   0.00000000e+00
    224   0.00000000e+00
    225   0.00000000e+00
    226   5.24836443e-16
    227   5.20227577e-16
    228   5.15679156e-16
    229   5.11190126e-16
    230   5.06759458e-16
    231   0.00000000e+00
    232   0.00000000e+00
    233   0.00000000e+00
    234   0.00000000e+00
    235   0.00000000e+00
    236   0.00000000e+00
    237   0.00000000e+00
    238   0.00000000e+00
    239   0.00000000e+00
    240   0.00000000e+00
    241   0.00000000e+00
    242   0.00000000e+00
    243   0.00000000e+00
    244   0.00000000e+00
    245   0.00000000e+00
    246   3.29825799e-14
    247   3.27163237e-14
    248   3.24532787e-14
    249   3.21933934e-14
    250   3.19366173e-14
    251   3.75348931e-13
    252   3.72378819e-13
    253   3.69443822e-13
    254   3.66543389e-13
    255   3.63676977e-13
    256   5.83166863e-13
    257   5.78641818e-13
    258   5.74169237e-13
    259   5.69748312e-13
    260   5.65378250e-13
    261   1.20511858e-12
    262   1.19594549e-12
    263   1.18687673e-12
    264   1.17791074e-12
    265   1.16904596e-12
    266   1.11673324e-12
    267   1.10839165e-12
    268   1.10014317e-12
    269   1.09198643e-12
    270   1.08392007e-12
    271   2.20955367e-12
    272   2.19335167e-12
    273   2.17732722e-12
    274   2.16147775e-12
    275   2.14580070e-12
    276   3.63782894e-12
    277   3.61163401e-12
    278   3.58572101e-12
    279   3.56008589e-12
    280   3.53472470e-12
    281   1.38351401e-11
    282   1.37372790e-11
    283   1.36404526e-11
    284   1.35446463e-11
    285   1.34498459e-11
    286   2.45950530e-11
    287   2.44241060e-11
    288   2.42549351e-11
    289   2.40875158e-11
    290   2.39218238e-11
    291   3.94629386e-11
    292   3.91933375e-11
    293   3.89264898e-11
    294   3.86623582e-11
    295   3.84009058e-11
    296   5.66270000e-11
    297   5.62466347e-11
    298   5.58700890e-11
    299   5.54973119e-11
    300   5.51282532e-11
    301   6.60966183e-11
    302   6.56599776e-11
    303   6.52276494e-11
    304   6.47995771e-11
    305   6.43757050e-11
    306   1.01925526e-10
    307   1.01263136e-10
    308   1.00607181e-10
    309   9.99575802e-11
    310   9.93142503e-11
    311   1.00247235e-10
    312   9.96061667e-11
    313   9.89712282e-11
    314   9.83423416e-11
    315   9.77194300e-11
    316   1.31657105e-10
    317   1.30828423e-10
    318   1.30007540e-10
    319   1.29194359e-10
    320   1.28388784e-10
    321   1.59032252e-10
    322   1.58046771e-10
    323   1.57070422e-10
    324   1.56103092e-10
    325   1.55144671e-10
    326   1.51895781e-10
    327   1.50968883e-10
    328   1.50050442e-10
    329   1.49140358e-10
    330   1.48238528e-10
    331   2.01699531e-10
    332   2.00487215e-10
    333   1.99285795e-10
    334   1.98095143e-10
    335   1.96915129e-10
    336   1.86566954e-10
    337   1.85462192e-10
    338   1.84367214e-10
    339   1.83281905e-10
    340   1.82206151e-10
    341   2.47920652e-10
    342   2.46473999e-10
    343   2.45039970e-10
    344   2.43618421e-10
    345   2.42209206e-10
    346   2.58115213e-10
    347   2.56630728e-10
    348   2.55159013e-10
    349   2.53699921e-10
    350   2.52253309e-10
    351   2.55279212e-10
    352   2.53831848e-10
    353   2.52396758e-10
    354   2.50973804e-10
    355   2.49562851e-10
    356   3.19460242e-10
    357   3.17674303e-10
    358   3.15903299e-10
    359   3.14147064e-10
    360   3.12405433e-10
    361   3.00430225e-10
    362   2.98773824e-10
    363   2.97131083e-10
    364   2.95501854e-10
    365   2.93885988e-10
    366   3.57093796e-10
    367   3.55151753e-10
    368   3.53225508e-10
    369   3.51314893e-10
    370   3.49419738e-10
    371   3.51693610e-10
    372   3.49806591e-10
    373   3.47934719e-10
    374   3.46077831e-10
    375   3.44235769e-10
    376   3.89551586e-10
    377   3.87489105e-10
    378   3.85442961e-10
    379   3.83412981e-10
    380   3.81398995e-10
    381   4.35339623e-10
    382   4.33064827e-10
    383   4.30807814e-10
    384   4.28568400e-10
    385   4.26346402e-10
    386   4.05366554e-10
    387   4.03275691e-10
    388   4.01200963e-10
    389   3.99142205e-10
    390   3.97099253e-10
    391   4.83156441e-10
    392   4.80696067e-10
    393   4.78254440e-10
    394   4.75831367e-10
    395   4.73426663e-10
    396   4.56792841e-10
    397   4.54495959e-10
    398   4.52216358e-10
    399   4.49953865e-10
    400   4.47708309e-10
    401   5.24058761e-10
    402   5.21456362e-10
    403   5.18873299e-10
    404   5.16309382e-10
    405   5.13764422e-10
    406   5.37608993e-10
    407   5.34972042e-10
    408   5.32354445e-10
    409   5.29756013e-10
    410   5.27176558e-10
    411   5.33389028e-10
    412   5.30804468e-10
    413   5.28238649e-10
    414   5.25691389e-10
    415   5.23162509e-10
    416   5.68097013e-10
    417   5.65377222e-10
    418   5.62676916e-10
    419   5.59995909e-10
    420   5.57334018e-10
    421   5.86861738e-10
    422   5.84085340e-10
    423   5.81328598e-10
    424   5.78591326e-10
    425   5.75873343e-10
    426   6.23613553e-10
    427   6.20697771e-10
    428   6.17802391e-10
    429   6.14927222e-10
    430   6.12072079e-10
    431   6.50522795e-10
    432   6.47516338e-10
    433   6.44530675e-10
    434   6.41565614e-10
    435   6.38620967e-10
    436   6.84321363e-10
    437   6.81194827e-10
    438   6.78089668e-10
    439   6.75005693e-10
    440   6.71942709e-10
    441   6.69289708e-10
    442   6.66266380e-10
    443   6.63263493e-10
    444   6.60280860e-10
    445   6.57318302e-10
    446   7.13723172e-10
    447   7.10535132e-10
    448   7.07368405e-10
    449   7.04222800e-10
    450   7.01098132e-10
    451   7.24582153e-10
    452   7.21381352e-10
    453   7.18201712e-10
    454   7.15043049e-10
    455   7.11905178e-10
    456   7.71899834e-10
    457   7.68527255e-10
    458   7.65176730e-10
    459   7.61848069e-10
    460   7.58541081e-10
    461   7.83850685e-10
    462   7.80462894e-10
    463   7.77097019e-10
    464   7.73752872e-10
    465   7.70430264e-10
    466   7.32041711e-10
    467   7.28911658e-10
    468   7.25801637e-10
    469   7.22711479e-10
    470   7.19641013e-10
    471   8.72140800e-10
    472   8.68451154e-10
    473   8.64784873e-10
    474   8.61141759e-10
    475   8.57521618e-10
    476   8.38113466e-10
    477   8.34604883e-10
    478   8.31118286e-10
    479   8.27653491e-10
    480   8.24210318e-10
    481   9.43784948e-10
    482   9.39874915e-10
    483   9.35989130e-10
    484   9.32127394e-10
    485   9.28289507e-10
    486   8.97975988e-10
    487   8.94293875e-10
    488   8.90634363e-10
    489   8.86997268e-10
    490   8.83382407e-10
    491   8.80795743e-10
    492   8.77220725e-10
    493   8.73667428e-10
    494   8.70135678e-10
    495   8.66625300e-10
    496   1.01953846e-09
    497   1.01544187e-09
    498   1.01136993e-09
    499   1.00732243e-09
    500   1.00329917e-09
    501   9.47232976e-10
    502   9.43464772e-10
    503   9.39719009e-10
    504   9.35995509e-10
    505   9.32294096e-10
    506   1.08332427e-09
    507   1.07905712e-09
    508   1.07481513e-09
    509   1.07059810e-09
    510   1.06640585e-09
    511   1.06700443e-09
    512   1.06284255e-09
    513   1.05870496e-09
    514   1.05459149e-09
    515   1.05050195e-09
    516   1.09308519e-09
    517   1.08886275e-09
    518   1.08466473e-09
    519   1.08049093e-09
    520   1.07634119e-09
    521   1.21105891e-09
    522   1.20642550e-09
    523   1.20181863e-09
    524   1.19723810e-09
    525   1.19268370e-09
    526   1.05950245e-09
    527   1.05548728e-09
    528   1.05149490e-09
    529   1.04752512e-09
    530   1.04357779e-09
    531   1.28215725e-09
    532   1.27734389e-09
    533   1.27255760e-09
    534   1.26779815e-09
    535   1.26306536e-09
    536   1.22257191e-09
    537   1.21802492e-09
    538   1.21350325e-09
    539   1.20900672e-09
    540   1.20453513e-09
    541   1.36760969e-09
    542   1.36257013e-09
    543   1.35755838e-09
    544   1.35257424e-09
    545   1.34761748e-09
    546   1.37702373e-09
    547   1.37199581e-09
    548   1.36699537e-09
    549   1.36202222e-09
    550   1.35707616e-09
    551   1.31155039e-09
    552   1.30680484e-09
    553   1.30208501e-09
    554   1.29739070e-09
    555   1.29272173e-09
    556   1.54771721e-09
    557   1.54216735e-09
    558   1.53664730e-09
    559   1.53115682e-09
    560   1.52569572e-09
    561   1.43984728e-09
    562   1.43473010e-09
    563   1.42964016e-09
    564   1.42457724e-09
    565   1.41954118e-09
    566   1.63430333e-09
    567   1.62854621e-09
    568   1.62281946e-09
    569   1.61712286e-09
    570   1.61145621e-09
    571   1.57079021e-09
    572   1.56530513e-09
    573   1.55984873e-09
    574   1.55442081e-09
    575   1.54902118e-09
    576   1.72743524e-09
    577   1.72145537e-09
    578   1.71550650e-09
    579   1.70958841e-09
    580   1.70370090e-09
    581   1.78068047e-09
    582   1.77456917e-09
    583   1.76848928e-09
    584   1.76244058e-09
    585   1.75642286e-09
    586   1.77076693e-09
    587   1.76474136e-09
    588   1.75874649e-09
    589   1.75278211e-09
    590   1.74684802e-09
    591   1.97336523e-09
    592   1.96670690e-09
    593   1.96008220e-09
    594   1.95349092e-09
    595   1.94693284e-09
    596   1.96891454e-09
    597   1.96232679e-09
    598   1.95577205e-09
    599   1.94925009e-09
    600   1.94276071e-09
    601   2.14306408e-09
    602   2.13595313e-09
    603   2.12887751e-09
    604   2.12183699e-09
    605   2.11483134e-09
    606   2.13355159e-09
    607   2.12653044e-09
    608   2.11954390e-09
    609   2.11259173e-09
    610   2.10567371e-09
    611   2.11762962e-09
    612   2.11071773e-09
    613   2.10383963e-09
    614   2.09699510e-09
    615   2.09018391e-09
    616   2.46147324e-09
    617   2.45350408e-09
    618   2.44557357e-09
    619   2.43768144e-09
    620   2.42982746e-09
    621   2.35087165e-09
    622   2.34332168e-09
    623   2.33580803e-09
    624   2.32833045e-09
    625   2.32088873e-09
    626   2.61866830e-09
    627   2.61032528e-09
    628   2.60202206e-09
    629   2.59375840e-09
    630   2.58553404e-09
    631   2.54431047e-09
    632   2.53626840e-09
    633   2.52826440e-09
    634   2.52029823e-09
    635   2.51236965e-09
    636   2.69110691e-09
    637   2.68266753e-09
    638   2.67426779e-09
    639   2.66590745e-09
    640   2.65758624e-09
    641   2.97471045e-09
    642   2.96545425e-09
    643   2.95624120e-09
    644   2.94707101e-09
    645   2.93794342e-09
    646   2.83401308e-09
    647   2.82526276e-09
    648   2.81655290e-09
    649   2.80788325e-09
    650   2.79925357e-09
    651   3.21715457e-09
    652   3.20729734e-09
    653   3.19748534e-09
    654   3.18771831e-09
    655   3.17799595e-09
    656   3.17409723e-09
    657   3.16444585e-09
    658   3.15483843e-09
    659   3.14527470e-09
    660   3.13575438e-09
    661   3.36460959e-09
    662   3.35445611e-09
    663   3.34434853e-09
    664   3.33428656e-09
    665   3.32426993e-09
    666   3.52697182e-09
    667   3.51640807e-09
    668   3.50589171e-09
    669   3.49542246e-09
    670   3.48500004e-09
    671   3.43022740e-09
    672   3.42002978e-09
    673   3.40987756e-09
    674   3.39977048e-09
    675   3.38970827e-09
    676   3.97022891e-09
    677   3.95851301e-09
    678   3.94684889e-09
    679   3.93523624e-09
    680   3.92367477e-09
    681   3.80764719e-09
    682   3.79649334e-09
    683   3.78538843e-09
    684   3.77433217e-09
    685   3.76332427e-09
    686   4.30035803e-09
    687   4.28785245e-09
    688   4.27540134e-09
    689   4.26300439e-09
    690   4.25066128e-09
    691   4.31664527e-09
    692   4.30418293e-09
    693   4.29177448e-09
    694   4.27941961e-09
    695   4.26711801e-09
    696   4.42857596e-09
    697   4.41588209e-09
    698   4.40324272e-09
    699   4.39065753e-09
    700   4.37812623e-09
    701   4.90472168e-09
    702   4.89076303e-09
    703   4.87686389e-09
    704   4.86302391e-09
    705   4.84924277e-09
    706   4.63705438e-09
    707   4.62395074e-09
    708   4.61090255e-09
    709   4.59790953e-09
    710   4.58497134e-09
    711   5.27674580e-09
    712   5.26193908e-09
    713   5.24719460e-09
    714   5.23251200e-09
    715   5.21789095e-09
    716   5.28871848e-09
    717   5.27398155e-09
    718   5.25930613e-09
    719   5.24469188e-09
    720   5.23013845e-09
    721   5.77308940e-09
    722   5.75711407e-09
    723   5.74120495e-09
    724   5.72536168e-09
    725   5.70958391e-09
    726   5.93613529e-09
    727   5.91982162e-09
    728   5.90357512e-09
    729   5.88739541e-09
    730   5.87128212e-09
    731   5.87925254e-09
    732   5.86320545e-09
    733   5.84722398e-09
    734   5.83130776e-09
    735   5.81545643e-09
    736   6.43722246e-09
    737   6.41977150e-09
    738   6.40239142e-09
    739   6.38508181e-09
    740   6.36784232e-09
    741   6.55295235e-09
    742   6.53530724e-09
    743   6.51773331e-09
    744   6.50023018e-09
    745   6.48279745e-09
    746   7.05942940e-09
    747   7.04054762e-09
    748   7.02174149e-09
    749   7.00301061e-09
    750   6.98435457e-09
    751   7.35196871e-09
    752   7.33243509e-09
    753   7.31297921e-09
    754   7.29360067e-09
    755   7.27429905e-09
    756   7.10578399e-09
    757   7.08702904e-09
    758   7.06834825e-09
    759   7.04974122e-09
    760   7.03120756e-09
    761   8.40249876e-09
    762   8.38046665e-09
    763   8.35852108e-09
    764   8.33666160e-09
    765   8.31488776e-09
    766   8.06523640e-09
    767   8.04422634e-09
    768   8.02329828e-09
    769   8.00245179e-09
    770   7.98168643e-09
    771   8.53497989e-09
    772   8.51289002e-09
    773   8.49088578e-09
    774   8.46896676e-09
    775   8.44713249e-09
    776   8.81069327e-09
    777   8.78803640e-09
    778   8.76546681e-09
    779   8.74298406e-09
    780   8.72058769e-09
    781   9.35658449e-09
    782   9.33267755e-09
    783   9.30886211e-09
    784   9.28513771e-09
    785   9.26150390e-09
    786   9.77308521e-09
    787   9.74827256e-09
    788   9.72355429e-09
    789   9.69892991e-09
    790   9.67439895e-09
    791   9.93095945e-09
    792   9.90590500e-09
    793   9.88094525e-09
    794   9.85607971e-09
    795   9.83130792e-09
    796   1.06311365e-08
    797   1.06044837e-08
    798   1.05779310e-08
    799   1.05514780e-08
    800   1.05251240e-08
    801   1.06874930e-08
    802   1.06608658e-08
    803   1.06343380e-08
    804   1.06079091e-08
    805   1.05815785e-08
    806   1.13698915e-08
    807   1.13417395e-08
    808   1.13136919e-08
    809   1.12857482e-08
    810   1.12579080e-08
    811   1.16386308e-08
    812   1.16099907e-08
    813   1.15814561e-08
    814   1.15530267e-08
    815   1.15247017e-08
    816   1.19724826e-08
    817   1.19432011e-08
    818   1.19140269e-08
    819   1.18849594e-08
    820   1.18559982e-08
    821   1.27499339e-08
    822   1.27189404e-08
    823   1.26880599e-08
    824   1.26572916e-08
    825   1.26266351e-08
    826   1.32606140e-08
    827   1.32285739e-08
    828   1.31966497e-08
    829   1.31648410e-08
    830   1.31331472e-08
    831   1.40658365e-08
    832   1.40320548e-08
    833   1.39983947e-08
    834   1.39648556e-08
    835   1.39314369e-08
    836   1.39977439e-08
    837   1.39643264e-08
    838   1.39310285e-08
    839   1.38978495e-08
    840   1.38647889e-08
    841   1.43447656e-08
    842   1.43107228e-08
    843   1.42768011e-08
    844   1.42429999e-08
    845   1.42093185e-08
    846   1.57380420e-08
    847   1.57009130e-08
    848   1.56639153e-08
    849   1.56270482e-08
    850   1.55903111e-08
    851   1.52934235e-08
    852   1.52575550e-08
    853   1.52218126e-08
    854   1.51861956e-08
    855   1.51507035e-08
    856   1.65141552e-08
    857   1.64756495e-08
    858   1.64372783e-08
    859   1.63990409e-08
    860   1.63609369e-08
    861   1.62365701e-08
    862   1.61989310e-08
    863   1.61614226e-08
    864   1.61240444e-08
    865   1.60867957e-08
    866   1.79780166e-08
    867   1.79365807e-08
    868   1.78952879e-08
    869   1.78541374e-08
    870   1.78131288e-08
    871   1.84804848e-08
    872   1.84381348e-08
    873   1.83959302e-08
    874   1.83538704e-08
    875   1.83119546e-08
    876   1.84542058e-08
    877   1.84121569e-08
    878   1.83702516e-08
    879   1.83284892e-08
    880   1.82868690e-08
    881   1.97481394e-08
    882   1.97033971e-08
    883   1.96588066e-08
    884   1.96143674e-08
    885   1.95700787e-08
    886   1.98131702e-08
    887   1.97685334e-08
    888   1.97240472e-08
    889   1.96797111e-08
    890   1.96355243e-08
    891   2.10640285e-08
    892   2.10168394e-08
    893   2.09698088e-08
    894   2.09229358e-08
    895   2.08762198e-08
    896   2.14842294e-08
    897   2.14363670e-08
    898   2.13886644e-08
    899   2.13411209e-08
    900   2.12937356e-08
    901   2.18029837e-08
    902   2.17546803e-08
    903   2.17065371e-08
    904   2.16585536e-08
    905   2.16107291e-08
    906   2.39041924e-08
    907   2.38515255e-08
    908   2.37990325e-08
    909   2.37467125e-08
    910   2.36945650e-08
    911   2.35024085e-08
    912   2.34509105e-08
    913   2.33995815e-08
    914   2.33484209e-08
    915   2.32974279e-08
    916   2.60890675e-08
    917   2.60322131e-08
    918   2.59755444e-08
    919   2.59190604e-08
    920   2.58627606e-08
    921   2.54161921e-08
    922   2.53611042e-08
    923   2.53061952e-08
    924   2.52514643e-08
    925   2.51969108e-08
    926   2.67377878e-08
    927   2.66801477e-08
    928   2.66226939e-08
    929   2.65654254e-08
    930   2.65083415e-08
    931   2.91524911e-08
    932   2.90899824e-08
    933   2.90276745e-08
    934   2.89655667e-08
    935   2.89036579e-08
    936   2.74852690e-08
    937   2.74266494e-08
    938   2.73682172e-08
    939   2.73099714e-08
    940   2.72519115e-08
    941   3.02869359e-08
    942   3.02226836e-08
    943   3.01586355e-08
    944   3.00947908e-08
    945   3.00311487e-08
    946   3.01726416e-08
    947   3.01089695e-08
    948   3.00454987e-08
    949   2.99822283e-08
    950   2.99191577e-08
    951   3.18778847e-08
    952   3.18109671e-08
    953   3.17442599e-08
    954   3.16777624e-08
    955   3.16114736e-08
    956   3.24875118e-08
    957   3.24196705e-08
    958   3.23520415e-08
    959   3.22846238e-08
    960   3.22174167e-08
    961   3.21541289e-08
    962   3.20873325e-08
    963   3.20207440e-08
    964   3.19543625e-08
    965   3.18881873e-08
    966   3.58712474e-08
    967   3.57971141e-08
    968   3.57232104e-08
    969   3.56495354e-08
    970   3.55760880e-08
    971   3.40168241e-08
    972   3.39468846e-08
    973   3.38771606e-08
    974   3.38076512e-08
    975   3.37383555e-08
    976   3.78009980e-08
    977   3.77236756e-08
    978   3.76465902e-08
    979   3.75697408e-08
    980   3.74931265e-08
    981   3.78745666e-08
    982   3.77974879e-08
    983   3.77206442e-08
    984   3.76440346e-08
    985   3.75676582e-08
    986   3.77796154e-08
    987   3.77031191e-08
    988   3.76268549e-08
    989   3.75508219e-08
    990   3.74750191e-08
    991   4.05034376e-08
    992   4.04218391e-08
    993   4.03404870e-08
    994   4.02593803e-08
    995   4.01785179e-08
    996   4.02019441e-08
    997   4.01213589e-08
    998   4.00410158e-08
    999   3.99609137e-08
   1000   3.98810518e-08
   1001   4.23257024e-08
   1002   4.22412831e-08
   1003   4.21571162e-08
   1004   4.20732006e-08
   1005   4.19895353e-08
   1006   4.25321650e-08
   1007   4.24477549e-08
   1008   4.23635958e-08
   1009   4.22796867e-08
   1010   4.21960267e-08
   1011   4.38075408e-08
   1012   4.37210288e-08
   1013   4.36347728e-08
   1014   4.35487718e-08
   1015   4.34630247e-08
   1016   4.84822769e-08
   1017   4.83870034e-08
   1018   4.82920106e-08
   1019   4.81972972e-08
   1020   4.81028621e-08
   1021   4.65257942e-08
   1022   4.64348124e-08
   1023   4.63440973e-08
   1024   4.62536478e-08
   1025   4.61634627e-08
   1026   4.88472165e-08
   1027   4.87521599e-08
   1028   4.86573805e-08
   1029   4.85628773e-08
   1030   4.84686490e-08
   1031   4.98419209e-08
   1032   4.97453982e-08
   1033   4.96491556e-08
   1034   4.95531920e-08
   1035   4.94575064e-08
   1036   5.12754670e-08
   1037   5.11766465e-08
   1038   5.10781115e-08
   1039   5.09798607e-08
   1040   5.08818932e-08
   1041   5.43377312e-08
   1042   5.42335112e-08
   1043   5.41295907e-08
   1044   5.40259686e-08
   1045   5.39226438e-08
   1046   5.39620830e-08
   1047   5.38590774e-08
   1048   5.37563664e-08
   1049   5.36539490e-08
   1050   5.35518239e-08
   1051   5.60100508e-08
   1052   5.59036437e-08
   1053   5.57975395e-08
   1054   5.56917371e-08
   1055   5.55862354e-08
   1056   5.62477587e-08
   1057   5.61414051e-08
   1058   5.60353529e-08
   1059   5.59296009e-08
   1060   5.58241480e-08
   1061   5.82885754e-08
   1062   5.81788816e-08
   1063   5.80694971e-08
   1064   5.79604208e-08
   1065   5.78516516e-08
   1066   6.07783374e-08
   1067   6.06644937e-08
   1068   6.05509695e-08
   1069   6.04377637e-08
   1070   6.03248750e-08
   1071   6.22854459e-08
   1072   6.21693230e-08
   1073   6.20535245e-08
   1074   6.19380492e-08
   1075   6.18228960e-08
   1076   6.12192882e-08
   1077   6.11056825e-08
   1078   6.09923927e-08
   1079   6.08794177e-08
   1080   6.07667563e-08
   1081   6.61824966e-08
   1082   6.60602478e-08
   1083   6.59383373e-08
   1084   6.58167640e-08
   1085   6.56955266e-08
   1086   6.65830393e-08
   1087   6.64606159e-08
   1088   6.63385298e-08
   1089   6.62167798e-08
   1090   6.60953647e-08
   1091   6.72089880e-08
   1092   6.70859791e-08
   1093   6.69633077e-08
   1094   6.68409723e-08
   1095   6.67189719e-08
   1096   7.02779321e-08
   1097   7.01498922e-08
   1098   7.00222018e-08
   1099   6.98948598e-08
   1100   6.97678648e-08
   1101   7.31271636e-08
   1102   7.29945367e-08
   1103   7.28622703e-08
   1104   7.27303631e-08
   1105   7.25988137e-08
   1106   7.17421680e-08
   1107   7.16126403e-08
   1108   7.14834631e-08
   1109   7.13546351e-08
   1110   7.12261550e-08
   1111   7.45681676e-08
   1112   7.44341426e-08
   1113   7.43004786e-08
   1114   7.41671744e-08
   1115   7.40342285e-08
   1116   7.50904513e-08
   1117   7.49560913e-08
   1118   7.48220916e-08
   1119   7.46884509e-08
   1120   7.45551679e-08
   1121   8.05635739e-08
   1122   8.04200627e-08
   1123   8.02769347e-08
   1124   8.01341885e-08
   1125   7.99918226e-08
   1126   7.74822849e-08
   1127   7.73448745e-08
   1128   7.72078294e-08
   1129   7.70711481e-08
   1130   7.69348295e-08
   1131   8.10307476e-08
   1132   8.08876785e-08
   1133   8.07449880e-08
   1134   8.06026748e-08
   1135   8.04607375e-08
   1136   8.19911119e-08
   1137   8.18469834e-08
   1138   8.17032346e-08
   1139   8.15598642e-08
   1140   8.14168708e-08
   1141   8.38900789e-08
   1142   8.37432575e-08
   1143   8.35968212e-08
   1144   8.34507687e-08
   1145   8.33050986e-08
   1146   8.84012900e-08
   1147   8.82472472e-08
   1148   8.80936068e-08
   1149   8.79403672e-08
   1150   8.77875272e-08
   1151   8.54206680e-08
   1152   8.52724647e-08
   1153   8.51246468e-08
   1154   8.49772129e-08
   1155   8.48301618e-08
   1156   8.95576579e-08
   1157   8.94029481e-08
   1158   8.92486388e-08
   1159   8.90947287e-08
   1160   8.89412163e-08
   1161   8.95186959e-08
   1162   8.93647184e-08
   1163   8.92111378e-08
   1164   8.90579528e-08
   1165   8.89051620e-08
   1166   9.24183738e-08
   1167   9.22600894e-08
   1168   9.21022111e-08
   1169   9.19447378e-08
   1170   9.17876681e-08
   1171   9.83570875e-08
   1172   9.81893500e-08
   1173   9.80220412e-08
   1174   9.78551597e-08
   1175   9.76887040e-08
   1176   9.31946135e-08
   1177   9.30363548e-08
   1178   9.28784989e-08
   1179   9.27210443e-08
   1180   9.25639899e-08
   1181   1.00378935e-07
   1182   1.00209196e-07
   1183   1.00039888e-07
   1184   9.98710091e-08
   1185   9.97025571e-08
   1186   1.03000353e-07
   1187   1.02826915e-07
   1188   1.02653915e-07
   1189   1.02481352e-07
   1190   1.02309223e-07
   1191   1.01854600e-07
   1192   1.01683810e-07
   1193   1.01513450e-07
   1194   1.01343518e-07
   1195   1.01174011e-07
   1196   1.05883704e-07
   1197   1.05706900e-07
   1198   1.05530538e-07
   1199   1.05354617e-07
   1200   1.05179136e-07
   1201   1.04417441e-07
   1202   1.04243810e-07
   1203   1.04070611e-07
   1204   1.03897844e-07
   1205   1.03725507e-07
   1206   1.10098886e-07
   1207   1.09916565e-07
   1208   1.09734697e-07
   1209   1.09553280e-07
   1210   1.09372312e-07
   1211   1.08222693e-07
   1212   1.08044218e-07
   1213   1.07866184e-07
   1214   1.07688590e-07
   1215   1.07511435e-07
   1216   1.10013037e-07
   1217   1.09832355e-07
   1218   1.09652117e-07
   1219   1.09472323e-07
   1220   1.09292970e-07
   1221   1.15642235e-07
   1222   1.15453084e-07
   1223   1.15264397e-07
   1224   1.15076172e-07
   1225   1.14888407e-07
   1226   1.11004070e-07
   1227   1.10823245e-07
   1228   1.10642862e-07
   1229   1.10462918e-07
   1230   1.10283413e-07
   1231   1.20737457e-07
   1232   1.20541574e-07
   1233   1.20346167e-07
   1234   1.20151235e-07
   1235   1.19956777e-07
   1236   1.17685884e-07
   1237   1.17495723e-07
   1238   1.17306022e-07
   1239   1.17116781e-07
   1240   1.16927997e-07
   1241   1.19579296e-07
   1242   1.19386853e-07
   1243   1.19194874e-07
   1244   1.19003358e-07
   1245   1.18812303e-07
   1246   1.25098421e-07
   1247   1.24897902e-07
   1248   1.24697866e-07
   1249   1.24498309e-07
   1250   1.24299231e-07
   1251   1.22177604e-07
   1252   1.21982549e-07
   1253   1.21787961e-07
   1254   1.21593838e-07
   1255   1.21400179e-07
   1256   1.31241711e-07
   1257   1.31033018e-07
   1258   1.30824822e-07
   1259   1.30617123e-07
   1260   1.30409917e-07
   1261   1.23796707e-07
   1262   1.23600633e-07
   1263   1.23405023e-07
   1264   1.23209878e-07
   1265   1.23015195e-07
   1266   1.30005890e-07
   1267   1.29800792e-07
   1268   1.29596180e-07
   1269   1.29392052e-07
   1270   1.29188405e-07
   1271   1.33400971e-07
   1272   1.33191344e-07
   1273   1.32982212e-07
   1274   1.32773571e-07
   1275   1.32565422e-07
   1276   1.29649854e-07
   1277   1.29446920e-07
   1278   1.29244461e-07
   1279   1.29042477e-07
   1280   1.28840967e-07
   1281   1.33763162e-07
   1282   1.33554605e-07
   1283   1.33346535e-07
   1284   1.33138952e-07
   1285   1.32931853e-07
   1286   1.33147939e-07
   1287   1.32941148e-07
   1288   1.32734838e-07
   1289   1.32529007e-07
   1290   1.32323655e-07
   1291   1.40309220e-07
   1292   1.40092149e-07
   1293   1.39875582e-07
   1294   1.39659516e-07
   1295   1.39443951e-07
   1296   1.37773917e-07
   1297   1.37561589e-07
   1298   1.37349752e-07
   1299   1.37138405e-07
   1300   1.36927544e-07
   1301   1.40022671e-07
   1302   1.39807707e-07
   1303   1.39593237e-07
   1304   1.39379260e-07
   1305   1.39165774e-07
   1306   1.40504321e-07
   1307   1.40289442e-07
   1308   1.40075055e-07
   1309   1.39861159e-07
   1310   1.39647753e-07
   1311   1.41916623e-07
   1312   1.41700410e-07
   1313   1.41484692e-07
   1314   1.41269465e-07
   1315   1.41054729e-07
   1316   1.45988956e-07
   1317   1.45767383e-07
   1318   1.45546314e-07
   1319   1.45325748e-07
   1320   1.45105682e-07
   1321   1.43314716e-07
   1322   1.43098024e-07
   1323   1.42881823e-07
   1324   1.42666111e-07
   1325   1.42450888e-07
   1326   1.45286986e-07
   1327   1.45068139e-07
   1328   1.44849786e-07
   1329   1.44631926e-07
   1330   1.44414557e-07
   1331   1.45224787e-07
   1332   1.45006855e-07
   1333   1.44789413e-07
   1334   1.44572459e-07
   1335   1.44355993e-07
   1336   1.47470717e-07
   1337   1.47250242e-07
   1338   1.47030260e-07
   1339   1.46810771e-07
   1340   1.46591773e-07
   1341   1.51077775e-07
   1342   1.50852748e-07
   1343   1.50628223e-07
   1344   1.50404199e-07
   1345   1.50180674e-07
   1346   1.49957002e-07
   1347   1.49734472e-07
   1348   1.49512438e-07
   1349   1.49290897e-07
   1350   1.49069848e-07
   1351   1.53297555e-07
   1352   1.53070909e-07
   1353   1.52844765e-07
   1354   1.52619123e-07
   1355   1.52393979e-07
   1356   1.54631800e-07
   1357   1.54404024e-07
   1358   1.54176750e-07
   1359   1.53949978e-07
   1360   1.53723706e-07
   1361   1.53972596e-07
   1362   1.53746622e-07
   1363   1.53521146e-07
   1364   1.53296165e-07
   1365   1.53071679e-07
   1366   1.53852718e-07
   1367   1.53627746e-07
   1368   1.53403267e-07
   1369   1.53179280e-07
   1370   1.52955783e-07
   1371   1.54688982e-07
   1372   1.54463611e-07
   1373   1.54238733e-07
   1374   1.54014345e-07
   1375   1.53790446e-07
   1376   1.62216751e-07
   1377   1.61981271e-07
   1378   1.61746302e-07
   1379   1.61511845e-07
   1380   1.61277897e-07
   1381   1.56767572e-07
   1382   1.56540824e-07
   1383   1.56314569e-07
   1384   1.56088803e-07
   1385   1.55863526e-07
   1386   1.61289988e-07
   1387   1.61057540e-07
   1388   1.60825594e-07
   1389   1.60594149e-07
   1390   1.60363203e-07
   1391   1.55914750e-07
   1392   1.55690855e-07
   1393   1.55467442e-07
   1394   1.55244510e-07
   1395   1.55022057e-07
   1396   1.63296221e-07
   1397   1.63062565e-07
   1398   1.62829411e-07
   1399   1.62596756e-07
   1400   1.62364599e-07
   1401   1.64539820e-07
   1402   1.64305224e-07
   1403   1.64071129e-07
   1404   1.63837534e-07
   1405   1.63604438e-07
   1406   1.60292116e-07
   1407   1.60064388e-07
   1408   1.59837145e-07
   1409   1.59610386e-07
   1410   1.59384108e-07
   1411   1.62528536e-07
   1412   1.62298448e-07
   1413   1.62068848e-07
   1414   1.61839735e-07
   1415   1.61611107e-07
   1416   1.59413367e-07
   1417   1.59188485e-07
   1418   1.58964078e-07
   1419   1.58740146e-07
   1420   1.58516686e-07
   1421   1.60818280e-07
   1422   1.60592213e-07
   1423   1.60366623e-07
   1424   1.60141507e-07
   1425   1.59916865e-07
   1426   1.65691309e-07
   1427   1.65459207e-07
   1428   1.65227594e-07
   1429   1.64996466e-07
   1430   1.64765822e-07
   1431   1.62022281e-07
   1432   1.61796112e-07
   1433   1.61570415e-07
   1434   1.61345191e-07
   1435   1.61120437e-07
   1436   1.64765647e-07
   1437   1.64536447e-07
   1438   1.64307726e-07
   1439   1.64079481e-07
   1440   1.63851712e-07
   1441   1.62691017e-07
   1442   1.62465488e-07
   1443   1.62240427e-07
   1444   1.62015834e-07
   1445   1.61791707e-07
   1446   1.63395098e-07
   1447   1.63169376e-07
   1448   1.62944120e-07
   1449   1.62719331e-07
   1450   1.62495007e-07
   1451   1.62759554e-07
   1452   1.62535483e-07
   1453   1.62311874e-07
   1454   1.62088727e-07
   1455   1.61866039e-07
   1456   1.57762467e-07
   1457   1.57546021e-07
   1458   1.57330019e-07
   1459   1.57114462e-07
   1460   1.56899347e-07
   1461   1.68004623e-07
   1462   1.67774912e-07
   1463   1.67545672e-07
   1464   1.67316902e-07
   1465   1.67088600e-07
   1466   1.60128116e-07
   1467   1.59909920e-07
   1468   1.59692171e-07
   1469   1.59474865e-07
   1470   1.59258003e-07
   1471   1.64153396e-07
   1472   1.63930475e-07
   1473   1.63708008e-07
   1474   1.63485993e-07
   1475   1.63264430e-07
   1476   1.57614306e-07
   1477   1.57400990e-07
   1478   1.57188106e-07
   1479   1.56975654e-07
   1480   1.56763632e-07
   1481   1.59807467e-07
   1482   1.59591911e-07
   1483   1.59376792e-07
   1484   1.59162107e-07
   1485   1.58947855e-07
   1486   1.63933834e-07
   1487   1.63713455e-07
   1488   1.63493521e-07
   1489   1.63274030e-07
   1490   1.63054981e-07
   1491   1.59036493e-07
   1492   1.58823414e-07
   1493   1.58610764e-07
   1494   1.58398540e-07
   1495   1.58186742e-07
   1496   1.59822724e-07
   1497   1.59609307e-07
   1498   1.59396317e-07
   1499   1.59183753e-07
   1500   1.58971614e-07
   1501   1.58681897e-07
   1502   1.58470709e-07
   1503   1.58259941e-07
   1504   1.58049594e-07
   1505   1.57839666e-07
   1506   1.59045712e-07
   1507   1.58834741e-07
   1508   1.58624190e-07
   1509   1.58414057e-07
   1510   1.58204341e-07
   1511   1.60565743e-07
   1512   1.60353459e-07
   1513   1.60141597e-07
   1514   1.59930154e-07
   1515   1.59719130e-07
   1516   1.54487316e-07
   1517   1.54283742e-07
   1518   1.54080570e-07
   1519   1.53877799e-07
   1520   1.53675428e-07
   1521   1.55951486e-07
   1522   1.55746658e-07
   1523   1.55542232e-07
   1524   1.55338209e-07
   1525   1.55134587e-07
   1526   1.59908378e-07
   1527   1.59699039e-07
   1528   1.59490112e-07
   1529   1.59281594e-07
   1530   1.59073485e-07
   1531   1.56059234e-07
   1532   1.55855601e-07
   1533   1.55652366e-07
   1534   1.55449529e-07
   1535   1.55247088e-07
   1536   1.53343260e-07
   1537   1.53143821e-07
   1538   1.52944772e-07
   1539   1.52746110e-07
   1540   1.52547835e-07
   1541   1.47165454e-07
   1542   1.46974671e-07
   1543   1.46784258e-07
   1544   1.46594216e-07
   1545   1.46404542e-07
   1546   1.55114889e-07
   1547   1.54914449e-07
   1548   1.54714398e-07
   1549   1.54514735e-07
   1550   1.54315457e-07
   1551   1.47922841e-07
   1552   1.47732311e-07
   1553   1.47542149e-07
   1554   1.47352354e-07
   1555   1.47162924e-07
   1556   1.50474507e-07
   1557   1.50281312e-07
   1558   1.50088489e-07
   1559   1.49896037e-07
   1560   1.49703955e-07
   1561   1.46890202e-07
   1562   1.46702212e-07
   1563   1.46514584e-07
   1564   1.46327315e-07
   1565   1.46140405e-07
   1566   1.43737053e-07
   1567   1.43553685e-07
   1568   1.43370669e-07
   1569   1.43188002e-07
   1570   1.43005684e-07
   1571   1.42883773e-07
   1572   1.42702073e-07
   1573   1.42520720e-07
   1574   1.42339713e-07
   1575   1.42159050e-07
   1576   1.42019259e-07
   1577   1.41839232e-07
   1578   1.41659546e-07
   1579   1.41480202e-07
   1580   1.41301198e-07
   1581   1.38982278e-07
   1582   1.38806657e-07
   1583   1.38631368e-07
   1584   1.38456412e-07
   1585   1.38281786e-07
   1586   1.39367714e-07
   1587   1.39192160e-07
   1588   1.39016938e-07
   1589   1.38842047e-07
   1590   1.38667485e-07
   1591   1.36085115e-07
   1592   1.35914234e-07
   1593   1.35743675e-07
   1594   1.35573437e-07
   1595   1.35403519e-07
   1596   1.34834152e-07
   1597   1.34665372e-07
   1598   1.34496909e-07
   1599   1.34328761e-07
   1600   1.34160929e-07
   1601   1.32504502e-07
   1602   1.32339155e-07
   1603   1.32174118e-07
   1604   1.32009390e-07
   1605   1.31844969e-07
   1606   1.30493101e-07
   1607   1.30330771e-07
   1608   1.30168743e-07
   1609   1.30007018e-07
   1610   1.29845594e-07
   1611   1.31627569e-07
   1612   1.31464336e-07
   1613   1.31301405e-07
   1614   1.31138778e-07
   1615   1.30976452e-07
   1616   1.26799256e-07
   1617   1.26642496e-07
   1618   1.26486027e-07
   1619   1.26329847e-07
   1620   1.26173957e-07
   1621   1.25088427e-07
   1622   1.24934258e-07
   1623   1.24780375e-07
   1624   1.24626775e-07
   1625   1.24473459e-07
   1626   1.20961482e-07
   1627   1.20812857e-07
   1628   1.20664507e-07
   1629   1.20516430e-07
   1630   1.20368625e-07
   1631   1.22405497e-07
   1632   1.22255559e-07
   1633   1.22105897e-07
   1634   1.21956509e-07
   1635   1.21807395e-07
   1636   1.17676068e-07
   1637   1.17532364e-07
   1638   1.17388922e-07
   1639   1.17245743e-07
   1640   1.17102826e-07
   1641   1.17836583e-07
   1642   1.17693120e-07
   1643   1.17549920e-07
   1644   1.17406980e-07
   1645   1.17264301e-07
   1646   1.13958218e-07
   1647   1.13819898e-07
   1648   1.13681830e-07
   1649   1.13544013e-07
   1650   1.13406446e-07
   1651   1.14846822e-07
   1652   1.14707845e-07
   1653   1.14569121e-07
   1654   1.14430648e-07
   1655   1.14292426e-07
   1656   1.11623748e-07
   1657   1.11489079e-07
   1658   1.11354654e-07
   1659   1.11220471e-07
   1660   1.11086531e-07
   1661   1.07224750e-07
   1662   1.07095778e-07
   1663   1.06967037e-07
   1664   1.06838529e-07
   1665   1.06710252e-07
   1666   1.08712329e-07
   1667   1.08581958e-07
   1668   1.08451823e-07
   1669   1.08321921e-07
   1670   1.08192252e-07
   1671   1.05867091e-07
   1672   1.05740512e-07
   1673   1.05614161e-07
   1674   1.05488035e-07
   1675   1.05362136e-07
   1676   1.05988866e-07
   1677   1.05862520e-07
   1678   1.05736399e-07
   1679   1.05610504e-07
   1680   1.05484833e-07
   1681   1.02312193e-07
   1682   1.02190592e-07
   1683   1.02069208e-07
   1684   1.01948039e-07
   1685   1.01827087e-07
   1686   1.00521644e-07
   1687   1.00402524e-07
   1688   1.00283617e-07
   1689   1.00164921e-07
   1690   1.00046435e-07
   1691   9.91769509e-08
   1692   9.90597725e-08
   1693   9.89428015e-08
   1694   9.88260376e-08
   1695   9.87094803e-08
   1696   9.76134608e-08
   1697   9.74984693e-08
   1698   9.73836808e-08
   1699   9.72690949e-08
   1700   9.71547111e-08
   1701   9.69236299e-08
   1702   9.68097862e-08
   1703   9.66961431e-08
   1704   9.65826999e-08
   1705   9.64694562e-08
   1706   9.42142308e-08
   1707   9.41038935e-08
   1708   9.39937500e-08
   1709   9.38837997e-08
   1710   9.37740422e-08
   1711   9.22050237e-08
   1712   9.20973547e-08
   1713   9.19898742e-08
   1714   9.18825818e-08
   1715   9.17754769e-08
   1716   9.23690703e-08
   1717   9.22615237e-08
   1718   9.21541649e-08
   1719   9.20469933e-08
   1720   9.19400086e-08
   1721   8.95015397e-08
   1722   8.93976343e-08
   1723   8.92939097e-08
   1724   8.91903655e-08
   1725   8.90870013e-08
   1726   9.18246246e-08
   1727   9.17183308e-08
   1728   9.16122213e-08
   1729   9.15062960e-08
   1730   9.14005542e-08
   1731   8.88438049e-08
   1732   8.87412583e-08
   1733   8.86388892e-08
   1734   8.85366971e-08
   1735   8.84346816e-08
   1736   8.96439648e-08
   1737   8.95407923e-08
   1738   8.94377979e-08
   1739   8.93349811e-08
   1740   8.92323414e-08
   1741   8.93100089e-08
   1742   8.92075157e-08
   1743   8.91051988e-08
   1744   8.90030579e-08
   1745   8.89010925e-08
   1746   8.71251865e-08
   1747   8.70254867e-08
   1748   8.69259579e-08
   1749   8.68265998e-08
   1750   8.67274119e-08
   1751   8.84538833e-08
   1752   8.83529518e-08
   1753   8.82521929e-08
   1754   8.81516063e-08
   1755   8.80511915e-08
   1756   8.70772144e-08
   1757   8.69781364e-08
   1758   8.68792273e-08
   1759   8.67804869e-08
   1760   8.66819147e-08
   1761   8.90432241e-08
   1762   8.89421964e-08
   1763   8.88413407e-08
   1764   8.87406563e-08
   1765   8.86401431e-08
   1766   8.70853872e-08
   1767   8.69868604e-08
   1768   8.68885007e-08
   1769   8.67903078e-08
   1770   8.66922812e-08
   1771   8.81931036e-08
   1772   8.80936050e-08
   1773   8.79942746e-08
   1774   8.78951122e-08
   1775   8.77961173e-08
   1776   9.10993451e-08
   1777   9.09968567e-08
   1778   9.08945412e-08
   1779   9.07923982e-08
   1780   9.06904272e-08
   1781   9.04068881e-08
   1782   9.03054641e-08
   1783   9.02042106e-08
   1784   9.01031273e-08
   1785   9.00022138e-08
   1786   9.27806005e-08
   1787   9.26768046e-08
   1788   9.25731827e-08
   1789   9.24697345e-08
   1790   9.23664597e-08
   1791   9.26869781e-08
   1792   9.25835761e-08
   1793   9.24803471e-08
   1794   9.23772905e-08
   1795   9.22744062e-08
   1796   9.52996744e-08
   1797   9.51936534e-08
   1798   9.50878092e-08
   1799   9.49821414e-08
   1800   9.48766496e-08
   1801   9.71321010e-08
   1802   9.70243410e-08
   1803   9.69167603e-08
   1804   9.68093585e-08
   1805   9.67021351e-08
   1806   9.75968633e-08
   1807   9.74888873e-08
   1808   9.73810903e-08
   1809   9.72734720e-08
   1810   9.71660320e-08
   1811   1.00080613e-07
   1812   9.99701945e-08
   1813   9.98599586e-08
   1814   9.97499049e-08
   1815   9.96400331e-08
   1816   1.01085019e-07
   1817   1.00973799e-07
   1818   1.00862762e-07
   1819   1.00751909e-07
   1820   1.00641238e-07
   1821   1.07308319e-07
   1822   1.07190576e-07
   1823   1.07073026e-07
   1824   1.06955670e-07
   1825   1.06838507e-07
   1826   1.08760499e-07
   1827   1.08641489e-07
   1828   1.08522674e-07
   1829   1.08404053e-07
   1830   1.08285628e-07
   1831   1.12591454e-07
   1832   1.12468587e-07
   1833   1.12345922e-07
   1834   1.12223458e-07
   1835   1.12101193e-07
   1836   1.17666483e-07
   1837   1.17538428e-07
   1838   1.17410582e-07
   1839   1.17282945e-07
   1840   1.17155515e-07
   1841   1.20868795e-07
   1842   1.20737612e-07
   1843   1.20606643e-07
   1844   1.20475886e-07
   1845   1.20345342e-07
   1846   1.25871309e-07
   1847   1.25735066e-07
   1848   1.25599044e-07
   1849   1.25463243e-07
   1850   1.25327662e-07
   1851   1.28660015e-07
   1852   1.28521130e-07
   1853   1.28382469e-07
   1854   1.28244033e-07
   1855   1.28105820e-07
   1856   1.33408152e-07
   1857   1.33264528e-07
   1858   1.33121137e-07
   1859   1.32977976e-07
   1860   1.32835047e-07
   1861   1.39373793e-07
   1862   1.39224150e-07
   1863   1.39074748e-07
   1864   1.38925586e-07
   1865   1.38776664e-07
   1866   1.45752636e-07
   1867   1.45596563e-07
   1868   1.45440740e-07
   1869   1.45285168e-07
   1870   1.45129845e-07
   1871   1.55578374e-07
   1872   1.55412224e-07
   1873   1.55246340e-07
   1874   1.55080722e-07
   1875   1.54915369e-07
   1876   1.59677273e-07
   1877   1.59507200e-07
   1878   1.59337399e-07
   1879   1.59167869e-07
   1880   1.58998609e-07
   1881   1.71041484e-07
   1882   1.70859791e-07
   1883   1.70678387e-07
   1884   1.70497272e-07
   1885   1.70316445e-07
   1886   1.77386536e-07
   1887   1.77198602e-07
   1888   1.77010966e-07
   1889   1.76823628e-07
   1890   1.76636587e-07
   1891   1.85974263e-07
   1892   1.85777751e-07
   1893   1.85581550e-07
   1894   1.85385660e-07
   1895   1.85190079e-07
   1896   1.98769952e-07
   1897   1.98560472e-07
   1898   1.98351324e-07
   1899   1.98142505e-07
   1900   1.97934017e-07
   1901   2.01875979e-07
   1902   2.01663785e-07
   1903   2.01451925e-07
   1904   2.01240399e-07
   1905   2.01029206e-07
   1906   2.14964930e-07
   1907   2.14739570e-07
   1908   2.14514565e-07
   1909   2.14289913e-07
   1910   2.14065614e-07
   1911   2.28643398e-07
   1912   2.28404325e-07
   1913   2.28165627e-07
   1914   2.27927303e-07
   1915   2.27689352e-07
   1916   2.39890022e-07
   1917   2.39639844e-07
   1918   2.39390056e-07
   1919   2.39140659e-07
   1920   2.38891652e-07
   1921   2.55094374e-07
   1922   2.54829031e-07
   1923   2.54564101e-07
   1924   2.54299585e-07
   1925   2.54035480e-07
   1926   2.68885505e-07
   1927   2.68606542e-07
   1928   2.68328012e-07
   1929   2.68049916e-07
   1930   2.67772252e-07
   1931   2.90319755e-07
   1932   2.90019334e-07
   1933   2.89719378e-07
   1934   2.89419888e-07
   1935   2.89120862e-07
   1936   2.99073495e-07
   1937   2.98764814e-07
   1938   2.98456610e-07
   1939   2.98148883e-07
   1940   2.97841632e-07
   1941   3.13381513e-07
   1942   3.13058897e-07
   1943   3.12736778e-07
   1944   3.12415157e-07
   1945   3.12094031e-07
   1946   3.25797722e-07
   1947   3.25463184e-07
   1948   3.25129162e-07
   1949   3.24795653e-07
   1950   3.24462658e-07
   1951   3.25644501e-07
   1952   3.25310977e-07
   1953   3.24977965e-07
   1954   3.24645464e-07
   1955   3.24313473e-07
   1956   3.50484309e-07
   1957   3.50126261e-07
   1958   3.49768762e-07
   1959   3.49411809e-07
   1960   3.49055403e-07
   1961   3.45377432e-07
   1962   3.45025499e-07
   1963   3.44674105e-07
   1964   3.44323247e-07
   1965   3.43972924e-07
   1966   3.71663566e-07
   1967   3.71285811e-07
   1968   3.70908632e-07
   1969   3.70532027e-07
   1970   3.70155995e-07
   1971   3.87652243e-07
   1972   3.87259236e-07
   1973   3.86866826e-07
   1974   3.86475013e-07
   1975   3.86083794e-07
   1976   4.03799432e-07
   1977   4.03391090e-07
   1978   4.02983367e-07
   1979   4.02576261e-07
   1980   4.02169773e-07
   1981   4.27971043e-07
   1982   4.27539349e-07
   1983   4.27108307e-07
   1984   4.26677917e-07
   1985   4.26248177e-07
   1986   4.44950939e-07
   1987   4.44503246e-07
   1988   4.44056229e-07
   1989   4.43609885e-07
   1990   4.43164214e-07
   1991   4.77716920e-07
   1992   4.77237465e-07
   1993   4.76758732e-07
   1994   4.76280718e-07
   1995   4.75803423e-07
   1996   4.88517131e-07
   1997   4.88028063e-07
   1998   4.87539730e-07
   1999   4.87052129e-07
   2000   4.86565260e-07
   2001   5.06392274e-07
   2002   5.05886577e-07
   2003   5.05381637e-07
   2004   5.04877453e-07
   2005   5.04374023e-07
   2006   5.31667255e-07
   2007   5.31137640e-07
   2008   5.30608816e-07
   2009   5.30080782e-07
   2010   5.29553535e-07
   2011   5.49746218e-07
   2012   5.49199954e-07
   2013   5.48654504e-07
   2014   5.48109867e-07
   2015   5.47566039e-07
   2016   5.89711774e-07
   2017   5.89127250e-07
   2018   5.88543594e-07
   2019   5.87960806e-07
   2020   5.87378883e-07
   2021   6.13932643e-07
   2022   6.13325615e-07
   2023   6.12719487e-07
   2024   6.12114258e-07
   2025   6.11509924e-07
   2026   6.37526854e-07
   2027   6.36898052e-07
   2028   6.36270179e-07
   2029   6.35643235e-07
   2030   6.35017217e-07
   2031   6.85433682e-07
   2032   6.84759292e-07
   2033   6.84085896e-07
   2034   6.83413493e-07
   2035   6.82742081e-07
   2036   6.96303934e-07
   2037   6.95620529e-07
   2038   6.94938130e-07
   2039   6.94256735e-07
   2040   6.93576341e-07
   2041   7.41584581e-07
   2042   7.40858516e-07
   2043   7.40133517e-07
   2044   7.39409581e-07
   2045   7.38686707e-07
   2046   7.39417843e-07
   2047   7.38695667e-07
   2048   7.37974549e-07
   2049   7.37254486e-07
   2050   7.36535477e-07
   2051   7.63524076e-07
   2052   7.62780172e-07
   2053   7.62037355e-07
   2054   7.61295623e-07
   2055   7.60554973e-07
   2056   7.91950058e-07
   2057   7.91180334e-07
   2058   7.90411731e-07
   2059   7.89644248e-07
   2060   7.88877882e-07
   2061   8.13957494e-07
   2062   8.13168297e-07
   2063   8.12380248e-07
   2064   8.11593344e-07
   2065   8.10807583e-07
   2066   8.52645035e-07
   2067   8.51820327e-07
   2068   8.50996815e-07
   2069   8.50174497e-07
   2070   8.49353370e-07
   2071   8.66353519e-07
   2072   8.65517573e-07
   2073   8.64682836e-07
   2074   8.63849306e-07
   2075   8.63016981e-07
   2076   9.28864761e-07
   2077   9.27970655e-07
   2078   9.27077839e-07
   2079   9.26186311e-07
   2080   9.25296068e-07
   2081   9.69176931e-07
   2082   9.68246260e-07
   2083   9.67316930e-07
   2084   9.66388937e-07
   2085   9.65462278e-07
   2086   1.02087563e-06
   2087   1.01989766e-06
   2088   1.01892110e-06
   2089   1.01794594e-06
   2090   1.01697218e-06
   2091   1.01849908e-06
   2092   1.01752572e-06
   2093   1.01655375e-06
   2094   1.01558318e-06
   2095   1.01461400e-06
   2096   1.06410584e-06
   2097   1.06309132e-06
   2098   1.06207825e-06
   2099   1.06106663e-06
   2100   1.06005645e-06
   2101   1.09131837e-06
   2102   1.09028038e-06
   2103   1.08924387e-06
   2104   1.08820883e-06
   2105   1.08717527e-06
   2106   1.10824764e-06
   2107   1.10719604e-06
   2108   1.10614595e-06
   2109   1.10509734e-06
   2110   1.10405023e-06
   2111   1.16732101e-06
   2112   1.16621598e-06
   2113   1.16511253e-06
   2114   1.16401063e-06
   2115   1.16291031e-06
   2116   1.21233830e-06
   2117   1.21119337e-06
   2118   1.21005006e-06
   2119   1.20890837e-06
   2120   1.20776829e-06
   2121   1.25674121e-06
   2122   1.25555714e-06
   2123   1.25437475e-06
   2124   1.25319402e-06
   2125   1.25201496e-06
   2126   1.29930510e-06
   2127   1.29808381e-06
   2128   1.29686423e-06
   2129   1.29564638e-06
   2130   1.29443023e-06
   2131   1.35519683e-06
   2132   1.35392598e-06
   2133   1.35265692e-06
   2134   1.35138965e-06
   2135   1.35012415e-06
   2136   1.42984750e-06
   2137   1.42850978e-06
   2138   1.42717395e-06
   2139   1.42583998e-06
   2140   1.42450789e-06
   2141   1.45543377e-06
   2142   1.45407530e-06
   2143   1.45271873e-06
   2144   1.45136405e-06
   2145   1.45001127e-06
   2146   1.48096603e-06
   2147   1.47958694e-06
   2148   1.47820978e-06
   2149   1.47683454e-06
   2150   1.47546122e-06
   2151   1.46912134e-06
   2152   1.46775646e-06
   2153   1.46639348e-06
   2154   1.46503240e-06
   2155   1.46367322e-06
   2156   1.50255761e-06
   2157   1.50116490e-06
   2158   1.49977413e-06
   2159   1.49838529e-06
   2160   1.49699838e-06
   2161   1.59042323e-06
   2162   1.58895249e-06
   2163   1.58748379e-06
   2164   1.58601712e-06
   2165   1.58455248e-06
   2166   1.58426716e-06
   2167   1.58280549e-06
   2168   1.58134584e-06
   2169   1.57988821e-06
   2170   1.57843260e-06
   2171   1.65814155e-06
   2172   1.65661524e-06
   2173   1.65509104e-06
   2174   1.65356894e-06
   2175   1.65204894e-06
   2176   1.67569386e-06
   2177   1.67415494e-06
   2178   1.67261814e-06
   2179   1.67108345e-06
   2180   1.66955087e-06
   2181   1.75879214e-06
   2182   1.75718060e-06
   2183   1.75557128e-06
   2184   1.75396417e-06
   2185   1.75235926e-06
   2186   1.82029506e-06
   2187   1.81863098e-06
   2188   1.81696918e-06
   2189   1.81530966e-06
   2190   1.81365241e-06
   2191   1.82355764e-06
   2192   1.82189437e-06
   2193   1.82023339e-06
   2194   1.81857467e-06
   2195   1.81691822e-06
   2196   1.89405178e-06
   2197   1.89232815e-06
   2198   1.89060687e-06
   2199   1.88888794e-06
   2200   1.88717136e-06
   2201   1.87313514e-06
   2202   1.87143442e-06
   2203   1.86973601e-06
   2204   1.86803991e-06
   2205   1.86634612e-06
   2206   1.95784710e-06
   2207   1.95607348e-06
   2208   1.95430228e-06
   2209   1.95253348e-06
   2210   1.95076708e-06
   2211   2.00027985e-06
   2212   1.99847189e-06
   2213   1.99666639e-06
   2214   1.99486332e-06
   2215   1.99306270e-06
   2216   2.05134418e-06
   2217   2.04949425e-06
   2218   2.04764682e-06
   2219   2.04580189e-06
   2220   2.04395944e-06
   2221   2.17324475e-06
   2222   2.17128929e-06
   2223   2.16933647e-06
   2224   2.16738629e-06
   2225   2.16543873e-06
   2226   2.19402728e-06
   2227   2.19205756e-06
   2228   2.19009049e-06
   2229   2.18812606e-06
   2230   2.18616427e-06
   2231   2.29226427e-06
   2232   2.29021096e-06
   2233   2.28816041e-06
   2234   2.28611261e-06
   2235   2.28406756e-06
   2236   2.33644735e-06
   2237   2.33435914e-06
   2238   2.33227373e-06
   2239   2.33019111e-06
   2240   2.32811128e-06
   2241   2.31073279e-06
   2242   2.30867217e-06
   2243   2.30661430e-06
   2244   2.30455918e-06
   2245   2.30250680e-06
   2246   2.44101387e-06
   2247   2.43884191e-06
   2248   2.43667284e-06
   2249   2.43450667e-06
   2250   2.43234339e-06
   2251   2.36035007e-06
   2252   2.35825455e-06
   2253   2.35616181e-06
   2254   2.35407185e-06
   2255   2.35198468e-06
   2256   2.40979097e-06
   2257   2.40765629e-06
   2258   2.40552444e-06
   2259   2.40339542e-06
   2260   2.40126923e-06
   2261   2.41535769e-06
   2262   2.41322281e-06
   2263   2.41109075e-06
   2264   2.40896152e-06
   2265   2.40683510e-06
   2266   2.46598546e-06
   2267   2.46381063e-06
   2268   2.46163868e-06
   2269   2.45946959e-06
   2270   2.45730338e-06
   2271   2.55510689e-06
   2272   2.55285842e-06
   2273   2.55061291e-06
   2274   2.54837037e-06
   2275   2.54613078e-06
   2276   2.55043162e-06
   2277   2.54819219e-06
   2278   2.54595571e-06
   2279   2.54372217e-06
   2280   2.54149157e-06
   2281   2.71064771e-06
   2282   2.70827281e-06
   2283   2.70590103e-06
   2284   2.70353237e-06
   2285   2.70116682e-06
   2286   2.74574016e-06
   2287   2.74333978e-06
   2288   2.74094254e-06
   2289   2.73854844e-06
   2290   2.73615748e-06
   2291   2.79078044e-06
   2292   2.78834600e-06
   2293   2.78591475e-06
   2294   2.78348667e-06
   2295   2.78106177e-06
   2296   2.81371732e-06
   2297   2.81126821e-06
   2298   2.80882230e-06
   2299   2.80637958e-06
   2300   2.80394005e-06
   2301   2.79979731e-06
   2302   2.79736561e-06
   2303   2.79493708e-06
   2304   2.79251171e-06
   2305   2.79008950e-06
   2306   2.94100471e-06
   2307   2.93845591e-06
   2308   2.93591041e-06
   2309   2.93336822e-06
   2310   2.93082933e-06
   2311   2.91668989e-06
   2312   2.91416762e-06
   2313   2.91164862e-06
   2314   2.90913288e-06
   2315   2.90662041e-06
   2316   3.01842093e-06
   2317   3.01581632e-06
   2318   3.01321507e-06
   2319   3.01061719e-06
   2320   3.00802267e-06
   2321   3.07079850e-06
   2322   3.06815439e-06
   2323   3.06551370e-06
   2324   3.06287642e-06
   2325   3.06024253e-06
   2326   3.15917149e-06
   2327   3.15645713e-06
   2328   3.15374627e-06
   2329   3.15103891e-06
   2330   3.14833502e-06
   2331   3.26304436e-06
   2332   3.26024677e-06
   2333   3.25745277e-06
   2334   3.25466236e-06
   2335   3.25187554e-06
   2336   3.23879109e-06
   2337   3.23602023e-06
   2338   3.23325292e-06
   2339   3.23048916e-06
   2340   3.22772895e-06
   2341   3.32083033e-06
   2342   3.31799534e-06
   2343   3.31516399e-06
   2344   3.31233625e-06
   2345   3.30951214e-06
   2346   3.32147467e-06
   2347   3.31864517e-06
   2348   3.31581929e-06
   2349   3.31299702e-06
   2350   3.31017835e-06
   2351   3.33694393e-06
   2352   3.33410730e-06
   2353   3.33127428e-06
   2354   3.32844487e-06
   2355   3.32561907e-06
   2356   3.28035433e-06
   2357   3.27757171e-06
   2358   3.27479264e-06
   2359   3.27201709e-06
   2360   3.26924508e-06
   2361   3.30110105e-06
   2362   3.29830677e-06
   2363   3.29551603e-06
   2364   3.29272883e-06
   2365   3.28994516e-06
   2366   3.41951765e-06
   2367   3.41662924e-06
   2368   3.41374449e-06
   2369   3.41086339e-06
   2370   3.40798593e-06
   2371   3.45765200e-06
   2372   3.45473753e-06
   2373   3.45182675e-06
   2374   3.44891964e-06
   2375   3.44601620e-06
   2376   3.54848294e-06
   2377   3.54549820e-06
   2378   3.54251723e-06
   2379   3.53954001e-06
   2380   3.53656654e-06
   2381   3.61747798e-06
   2382   3.61444159e-06
   2383   3.61140902e-06
   2384   3.60838027e-06
   2385   3.60535533e-06
   2386   3.61982890e-06
   2387   3.61679690e-06
   2388   3.61376871e-06
   2389   3.61074432e-06
   2390   3.60772373e-06
   2391   3.74108200e-06
   2392   3.73795498e-06
   2393   3.73483189e-06
   2394   3.73171271e-06
   2395   3.72859743e-06
   2396   3.60601711e-06
   2397   3.60300928e-06
   2398   3.60000520e-06
   2399   3.59700489e-06
   2400   3.59400832e-06
   2401   3.64250430e-06
   2402   3.63947235e-06
   2403   3.63644419e-06
   2404   3.63341981e-06
   2405   3.63039919e-06
   2406   3.58294320e-06
   2407   3.57996703e-06
   2408   3.57699456e-06
   2409   3.57402579e-06
   2410   3.57106072e-06
   2411   3.63302319e-06
   2412   3.63001167e-06
   2413   3.62700389e-06
   2414   3.62399985e-06
   2415   3.62099954e-06
   2416   3.71652713e-06
   2417   3.71345276e-06
   2418   3.71038220e-06
   2419   3.70731546e-06
   2420   3.70425251e-06
   2421   3.74116510e-06
   2422   3.73807674e-06
   2423   3.73499220e-06
   2424   3.73191148e-06
   2425   3.72883456e-06
   2426   3.89765189e-06
   2427   3.89444098e-06
   2428   3.89123403e-06
   2429   3.88803103e-06
   2430   3.88483200e-06
   2431   3.91116882e-06
   2432   3.90795339e-06
   2433   3.90474192e-06
   2434   3.90153441e-06
   2435   3.89833085e-06
   2436   4.03567924e-06
   2437   4.03236825e-06
   2438   4.02906134e-06
   2439   4.02575849e-06
   2440   4.02245970e-06
   2441   4.07516274e-06
   2442   4.07182621e-06
   2443   4.06849377e-06
   2444   4.06516541e-06
   2445   4.06184115e-06
   2446   3.98408469e-06
   2447   3.98082938e-06
   2448   3.97757807e-06
   2449   3.97433074e-06
   2450   3.97108738e-06
   2451   4.01594162e-06
   2452   4.01266698e-06
   2453   4.00939634e-06
   2454   4.00612970e-06
   2455   4.00286704e-06
   2456   4.00429234e-06
   2457   4.00103384e-06
   2458   3.99777931e-06
   2459   3.99452875e-06
   2460   3.99128216e-06
   2461   4.05325652e-06
   2462   4.04996487e-06
   2463   4.04667723e-06
   2464   4.04339359e-06
   2465   4.04011394e-06
   2466   4.08807055e-06
   2467   4.08475735e-06
   2468   4.08144818e-06
   2469   4.07814303e-06
   2470   4.07484189e-06
   2471   4.11098934e-06
   2472   4.10766431e-06
   2473   4.10434331e-06
   2474   4.10102633e-06
   2475   4.09771337e-06
   2476   4.25940916e-06
   2477   4.25597103e-06
   2478   4.25253706e-06
   2479   4.24910725e-06
   2480   4.24568159e-06
   2481   4.26796509e-06
   2482   4.26452700e-06
   2483   4.26109306e-06
   2484   4.25766326e-06
   2485   4.25423760e-06
   2486   4.43637507e-06
   2487   4.43280849e-06
   2488   4.42924622e-06
   2489   4.42568823e-06
   2490   4.42213453e-06
   2491   4.44175050e-06
   2492   4.43818676e-06
   2493   4.43462732e-06
   2494   4.43107215e-06
   2495   4.42752125e-06
   2496   4.42881813e-06
   2497   4.42527188e-06
   2498   4.42172989e-06
   2499   4.41819215e-06
   2500   4.41465866e-06
   2501   4.39185529e-06
   2502   4.38834567e-06
   2503   4.38484025e-06
   2504   4.38133903e-06
   2505   4.37784201e-06
   2506   4.30420519e-06
   2507   4.30077246e-06
   2508   4.29734385e-06
   2509   4.29391933e-06
   2510   4.29049890e-06
   2511   4.51117869e-06
   2512   4.50758806e-06
   2513   4.50400172e-06
   2514   4.50041965e-06
   2515   4.49684185e-06
   2516   4.52302936e-06
   2517   4.51943644e-06
   2518   4.51584781e-06
   2519   4.51226345e-06
   2520   4.50868335e-06
   2521   4.67492251e-06
   2522   4.67121630e-06
   2523   4.66751449e-06
   2524   4.66381709e-06
   2525   4.66012407e-06
   2526   4.74359532e-06
   2527   4.73984211e-06
   2528   4.73609335e-06
   2529   4.73234903e-06
   2530   4.72860915e-06
   2531   4.83215852e-06
   2532   4.82834278e-06
   2533   4.82453156e-06
   2534   4.82072485e-06
   2535   4.81692264e-06
   2536   4.93494730e-06
   2537   4.93105807e-06
   2538   4.92717344e-06
   2539   4.92329339e-06
   2540   4.91941793e-06
   2541   4.85798814e-06
   2542   4.85416709e-06
   2543   4.85035054e-06
   2544   4.84653850e-06
   2545   4.84273094e-06
   2546   4.83694952e-06
   2547   4.83315248e-06
   2548   4.82935991e-06
   2549   4.82557181e-06
   2550   4.82178816e-06
   2551   4.67436285e-06
   2552   4.67070064e-06
   2553   4.66704272e-06
   2554   4.66338910e-06
   2555   4.65973977e-06
   2556   4.80144688e-06
   2557   4.79769245e-06
   2558   4.79394242e-06
   2559   4.79019679e-06
   2560   4.78645554e-06
   2561   4.94364908e-06
   2562   4.93979100e-06
   2563   4.93593743e-06
   2564   4.93208837e-06
   2565   4.92824381e-06
   2566   5.11550821e-06
   2567   5.11152378e-06
   2568   5.10754401e-06
   2569   5.10356888e-06
   2570   5.09959839e-06
   2571   5.42760327e-06
   2572   5.42338396e-06
   2573   5.41916958e-06
   2574   5.41496011e-06
   2575   5.41075554e-06
   2576   5.46592123e-06
   2577   5.46168039e-06
   2578   5.45744447e-06
   2579   5.45321349e-06
   2580   5.44898742e-06
   2581   5.71136955e-06
   2582   5.70694685e-06
   2583   5.70252928e-06
   2584   5.69811684e-06
   2585   5.69370951e-06
   2586   5.76917565e-06
   2587   5.76471682e-06
   2588   5.76026315e-06
   2589   5.75581464e-06
   2590   5.75137128e-06
   2591   5.66331488e-06
   2592   5.65894630e-06
   2593   5.65458278e-06
   2594   5.65022430e-06
   2595   5.64587085e-06
   2596   5.33984476e-06
   2597   5.33573363e-06
   2598   5.33162724e-06
   2599   5.32752560e-06
   2600   5.32342868e-06
   2601   4.68771354e-06
   2602   4.68411142e-06
   2603   4.68051345e-06
   2604   4.67691962e-06
   2605   4.67332992e-06
   2606   4.35868589e-06
   2607   4.35534302e-06
   2608   4.35200399e-06
   2609   4.34866881e-06
   2610   4.34533745e-06
   2611   4.18420709e-06
   2612   4.18100418e-06
   2613   4.17780494e-06
   2614   4.17460937e-06
   2615   4.17141747e-06
   2616   4.66859948e-06
   2617   4.66503260e-06
   2618   4.66146981e-06
   2619   4.65791110e-06
   2620   4.65435646e-06
   2621   5.43539609e-06
   2622   5.43125128e-06
   2623   5.42711122e-06
   2624   5.42297588e-06
   2625   5.41884527e-06
   2626   6.69158222e-06
   2627   6.68648920e-06
   2628   6.68140200e-06
   2629   6.67632061e-06
   2630   6.67124500e-06
   2631   8.09012393e-06
   2632   8.08397817e-06
   2633   8.07783941e-06
   2634   8.07170764e-06
   2635   8.06558285e-06
   2636   8.95987705e-06
   2637   8.95308347e-06
   2638   8.94629762e-06
   2639   8.93951948e-06
   2640   8.93274904e-06
   2641   9.64170048e-06
   2642   9.63440376e-06
   2643   9.62711533e-06
   2644   9.61983516e-06
   2645   9.61256324e-06
   2646   1.00462370e-05
   2647   1.00386485e-05
   2648   1.00310686e-05
   2649   1.00234973e-05
   2650   1.00159345e-05
   2651   1.04894026e-05
   2652   1.04814942e-05
   2653   1.04735949e-05
   2654   1.04657044e-05
   2655   1.04578229e-05
   2656   1.16591321e-05
   2657   1.16503584e-05
   2658   1.16415946e-05
   2659   1.16328407e-05
   2660   1.16240967e-05
   2661   1.24562772e-05
   2662   1.24469213e-05
   2663   1.24375759e-05
   2664   1.24282410e-05
   2665   1.24189166e-05
   2666   1.38695486e-05
   2667   1.38591507e-05
   2668   1.38487644e-05
   2669   1.38383898e-05
   2670   1.38280269e-05
   2671   1.39633578e-05
   2672   1.39529091e-05
   2673   1.39424722e-05
   2674   1.39320469e-05
   2675   1.39216334e-05
   2676   1.29380647e-05
   2677   1.29284013e-05
   2678   1.29187487e-05
   2679   1.29091070e-05
   2680   1.28994760e-05
   2681   1.11463366e-05
   2682   1.11380270e-05
   2683   1.11297267e-05
   2684   1.11214356e-05
   2685   1.11131538e-05
   2686   7.65706641e-06
   2687   7.65136866e-06
   2688   7.64567726e-06
   2689   7.63999222e-06
   2690   7.63431351e-06
   2691   2.80332521e-06
   2692   2.80124308e-06
   2693   2.79916327e-06
   2694   2.79708578e-06
   2695   2.79501060e-06
   2696  -4.25641225e-06
   2697  -4.25325673e-06
   2698  -4.25010471e-06
   2699  -4.24695619e-06
   2700  -4.24381117e-06
   2701  -1.28267583e-05
   2702  -1.28172667e-05
   2703  -1.28077855e-05
   2704  -1.27983150e-05
   2705  -1.27888549e-05
   2706  -2.08618996e-05
   2707  -2.08464906e-05
   2708  -2.08310986e-05
   2709  -2.08157237e-05
   2710  -2.08003658e-05
   2711  -2.64421626e-05
   2712  -2.64226678e-05
   2713  -2.64031947e-05
   2714  -2.63837430e-05
   2715  -2.63643128e-05
   2716  -2.92609447e-05
   2717  -2.92394115e-05
   2718  -2.92179020e-05
   2719  -2.91964163e-05
   2720  -2.91749543e-05
   2721  -2.50703460e-05
   2722  -2.50519305e-05
   2723  -2.50335354e-05
   2724  -2.50151604e-05
   2725  -2.49968057e-05
   2726  -1.42475840e-05
   2727  -1.42371376e-05
   2728  -1.42267027e-05
   2729  -1.42162793e-05
   2730  -1.42058673e-05
   2731   7.63267207e-06
   2732   7.62708600e-06
   2733   7.62150605e-06
   2734   7.61593223e-06
   2735   7.61036452e-06
   2736   4.03363709e-05
   2737   4.03069041e-05
   2738   4.02774696e-05
   2739   4.02480673e-05
   2740   4.02186972e-05
   2741   8.76587856e-05
   2742   8.75948652e-05
   2743   8.75310148e-05
   2744   8.74672341e-05
   2745   8.74035231e-05
   2746   1.42528924e-04
   2747   1.42425182e-04
   2748   1.42321553e-04
   2749   1.42218037e-04
   2750   1.42114634e-04
   2751   2.10173447e-04
   2752   2.10020746e-04
   2753   2.09868211e-04
   2754   2.09715843e-04
   2755   2.09563641e-04
   2756   2.69501074e-04
   2757   2.69305624e-04
   2758   2.69110387e-04
   2759   2.68915361e-04
   2760   2.68720548e-04
   2761   3.14488871e-04
   2762   3.14261207e-04
   2763   3.14033790e-04
   2764   3.13806621e-04
   2765   3.13579697e-04
   2766   3.44345209e-04
   2767   3.44096382e-04
   2768   3.43847825e-04
   2769   3.43599537e-04
   2770   3.43351518e-04
   2771   3.32946643e-04
   2772   3.32706487e-04
   2773   3.32466590e-04
   2774   3.32226953e-04
   2775   3.31987575e-04
   2776   2.87035496e-04
   2777   2.86828828e-04
   2778   2.86622383e-04
   2779   2.86416162e-04
   2780   2.86210162e-04
   2781   1.42560674e-04
   2782   1.42458213e-04
   2783   1.42355864e-04
   2784   1.42253624e-04
   2785   1.42151494e-04
   2786  -1.11720620e-04
   2787  -1.11640469e-04
   2788  -1.11560404e-04
   2789  -1.11480425e-04
   2790  -1.11400532e-04
   2791  -5.18530599e-04
   2792  -5.18159259e-04
   2793  -5.17788317e-04
   2794  -5.17417773e-04
   2795  -5.17047628e-04
   2796  -1.06482160e-03
   2797  -1.06406040e-03
   2798  -1.06330002e-03
   2799  -1.06254045e-03
   2800  -1.06178170e-03
   2801  -1.67747543e-03
   2802  -1.67627841e-03
   2803  -1.67508267e-03
   2804  -1.67388820e-03
   2805  -1.67269502e-03
   2806  -2.12773359e-03
   2807  -2.12621797e-03
   2808  -2.12470398e-03
   2809  -2.12319160e-03
   2810  -2.12168083e-03
   2811  -2.44501666e-03
   2812  -2.44327814e-03
   2813  -2.44154147e-03
   2814  -2.43980665e-03
   2815  -2.43807367e-03
   2816  -2.54464312e-03
   2817  -2.54283697e-03
   2818  -2.54103274e-03
   2819  -2.53923043e-03
   2820  -2.53743004e-03
   2821  -2.34200510e-03
   2822  -2.34034572e-03
   2823  -2.33868811e-03
   2824  -2.33703225e-03
   2825  -2.33537816e-03
   2826  -1.80672531e-03
   2827  -1.80544746e-03
   2828  -1.80417096e-03
   2829  -1.80289581e-03
   2830  -1.80162202e-03
   2831  -7.11174216e-04
   2832  -7.10672107e-04
   2833  -7.10170530e-04
   2834  -7.09669484e-04
   2835  -7.09168967e-04
   2836   1.26291943e-03
   2837   1.26202934e-03
   2838   1.26114020e-03
   2839   1.26025200e-03
   2840   1.25936473e-03
   2841   4.45752083e-03
   2842   4.45438476e-03
   2843   4.45125201e-03
   2844   4.44812256e-03
   2845   4.44499641e-03
   2846   8.92762524e-03
   2847   8.92135529e-03
   2848   8.91509194e-03
   2849   8.90883519e-03
   2850   8.90258502e-03
   2851   1.39422116e-02
   2852   1.39324370e-02
   2853   1.39226727e-02
   2854   1.39129187e-02
   2855   1.39031749e-02
   2856   1.83346810e-02
   2857   1.83218494e-02
   2858   1.83090314e-02
   2859   1.82962267e-02
   2860   1.82834355e-02
   2861   2.15963198e-02
   2862   2.15812320e-02
   2863   2.15661600e-02
   2864   2.15511038e-02
   2865   2.15360633e-02
   2866   2.32484430e-02
   2867   2.32322292e-02
   2868   2.32160325e-02
   2869   2.31998527e-02
   2870   2.31836897e-02
   2871   2.39373781e-02
   2872   2.39207130e-02
   2873   2.39040652e-02
   2874   2.38874349e-02
   2875   2.38708219e-02
   2876   2.34988773e-02
   2877   2.34825459e-02
   2878   2.34662315e-02
   2879   2.34499341e-02
   2880   2.34336536e-02
   2881   2.27785566e-02
   2882   2.27627533e-02
   2883   2.27469664e-02
   2884   2.27311959e-02
   2885   2.27154418e-02
   2886   2.10303067e-02
   2887   2.10157415e-02
   2888   2.10011915e-02
   2889   2.09866565e-02
   2890   2.09721366e-02
   2891   1.80565604e-02
   2892   1.80440764e-02
   2893   1.80316053e-02
   2894   1.80191472e-02
   2895   1.80067020e-02
   2896   1.38206133e-02
   2897   1.38110744e-02
   2898   1.38015454e-02
   2899   1.37920263e-02
   2900   1.37825170e-02
   2901   8.60687070e-03
   2902   8.60094055e-03
   2903   8.59501652e-03
   2904   8.58909862e-03
   2905   8.58318683e-03
   2906   4.20753777e-03
   2907   4.20464376e-03
   2908   4.20175273e-03
   2909   4.19886468e-03
   2910   4.19597960e-03
   2911   9.83814176e-04
   2912   9.83138653e-04
   2913   9.82463826e-04
   2914   9.81789694e-04
   2915   9.81116255e-04
   2916  -9.41172459e-04
   2917  -9.40527324e-04
   2918  -9.39882851e-04
   2919  -9.39239040e-04
   2920  -9.38595891e-04
   2921  -2.03445764e-03
   2922  -2.03306549e-03
   2923  -2.03167477e-03
   2924  -2.03028547e-03
   2925  -2.02889759e-03
   2926  -2.48062661e-03
   2927  -2.47893205e-03
   2928  -2.47723922e-03
   2929  -2.47554813e-03
   2930  -2.47385877e-03
   2931  -2.69456946e-03
   2932  -2.69273189e-03
   2933  -2.69089620e-03
   2934  -2.68906238e-03
   2935  -2.68723044e-03
   2936  -2.57852896e-03
   2937  -2.57677352e-03
   2938  -2.57501986e-03
   2939  -2.57326800e-03
   2940  -2.57151792e-03
   2941  -2.26090672e-03
   2942  -2.25937012e-03
   2943  -2.25783509e-03
   2944  -2.25630163e-03
   2945  -2.25476973e-03
   2946  -1.78669589e-03
   2947  -1.78548365e-03
   2948  -1.78427263e-03
   2949  -1.78306286e-03
   2950  -1.78185431e-03
   2951  -1.11683077e-03
   2952  -1.11607430e-03
   2953  -1.11531860e-03
   2954  -1.11456367e-03
   2955  -1.11380950e-03
   2956  -5.70056858e-04
   2957  -5.69671391e-04
   2958  -5.69286315e-04
   2959  -5.68901630e-04
   2960  -5.68517334e-04
   2961  -1.53227763e-04
   2962  -1.53124327e-04
   2963  -1.53020995e-04
   2964  -1.52917768e-04
   2965  -1.52814646e-04
   2966   1.06287749e-04
   2967   1.06216120e-04
   2968   1.06144564e-04
   2969   1.06073080e-04
   2970   1.06001668e-04
   2971   2.47773992e-04
   2972   2.47607295e-04
   2973   2.47440766e-04
   2974   2.47274406e-04
   2975   2.47108213e-04
   2976   2.95439967e-04
   2977   2.95241536e-04
   2978   2.95043304e-04
   2979   2.94845272e-04
   2980   2.94647439e-04
   2981   3.09481929e-04
   2982   3.09274415e-04
   2983   3.09067109e-04
   2984   3.08860012e-04
   2985   3.08653122e-04
   2986   2.80428234e-04
   2987   2.80240515e-04
   2988   2.80052985e-04
   2989   2.79865643e-04
   2990   2.79678489e-04
   2991   2.39671331e-04
   2992   2.39511163e-04
   2993   2.39351156e-04
   2994   2.39191309e-04
   2995   2.39031622e-04
   2996   1.78508126e-04
   2997   1.78389031e-04
   2998   1.78270055e-04
   2999   1.78151199e-04
   3000   1.78032461e-04
   3001   1.11801522e-04
   3002   1.11727056e-04
   3003   1.11652665e-04
   3004   1.11578347e-04
   3005   1.11504104e-04
   3006   5.51109633e-05
   3007   5.50743173e-05
   3008   5.50377079e-05
   3009   5.50011349e-05
   3010   5.49645984e-05
   3011   8.84891641e-06
   3012   8.84304209e-06
   3013   8.83717363e-06
   3014   8.83131101e-06
   3015   8.82545421e-06
   3016  -2.35058523e-05
   3017  -2.34902739e-05
   3018  -2.34747110e-05
   3019  -2.34591635e-05
   3020  -2.34436315e-05
   3021  -4.38912813e-05
   3022  -4.38622407e-05
   3023  -4.38332288e-05
   3024  -4.38042458e-05
   3025  -4.37752915e-05
   3026  -5.32322899e-05
   3027  -5.31971270e-05
   3028  -5.31619989e-05
   3029  -5.31269055e-05
   3030  -5.30918470e-05
   3031  -5.75115083e-05
   3032  -5.74735814e-05
   3033  -5.74356919e-05
   3034  -5.73978399e-05
   3035  -5.73600253e-05
   3036  -5.37574158e-05
   3037  -5.37220229e-05
   3038  -5.36866650e-05
   3039  -5.36513419e-05
   3040  -5.36160536e-05
   3041  -4.76274208e-05
   3042  -4.75961153e-05
   3043  -4.75648406e-05
   3044  -4.75335968e-05
   3045  -4.75023837e-05
   3046  -3.77189207e-05
   3047  -3.76941687e-05
   3048  -3.76694411e-05
   3049  -3.76447378e-05
   3050  -3.76200588e-05
   3051  -2.77443211e-05
   3052  -2.77261445e-05
   3053  -2.77079858e-05
   3054  -2.76898449e-05
   3055  -2.76717217e-05
   3056  -1.90980351e-05
   3057  -1.90855436e-05
   3058  -1.90730643e-05
   3059  -1.90605972e-05
   3060  -1.90481423e-05
   3061  -1.25666769e-05
   3062  -1.25584707e-05
   3063  -1.25502726e-05
   3064  -1.25420825e-05
   3065  -1.25339005e-05
   3066  -8.61571006e-06
   3067  -8.61009310e-06
   3068  -8.60448164e-06
   3069  -8.59887566e-06
   3070  -8.59327515e-06
   3071  -5.92627606e-06
   3072  -5.92241875e-06
   3073  -5.91856521e-06
   3074  -5.91471542e-06
   3075  -5.91086939e-06
   3076  -4.47479217e-06
   3077  -4.47188434e-06
   3078  -4.46897934e-06
   3079  -4.46607717e-06
   3080  -4.46317782e-06
   3081  -3.56468796e-06
   3082  -3.56237529e-06
   3083  -3.56006487e-06
   3084  -3.55775670e-06
   3085  -3.55545078e-06
   3086  -2.70345252e-06
   3087  -2.70170144e-06
   3088  -2.69995205e-06
   3089  -2.69820437e-06
   3090  -2.69645838e-06
   3091  -1.05816059e-06
   3092  -1.05747631e-06
   3093  -1.05679269e-06
   3094  -1.05610973e-06
   3095  -1.05542743e-06
   3096   1.83331335e-06
   3097   1.83212971e-06
   3098   1.83094722e-06
   3099   1.82976586e-06
   3100   1.82858566e-06
   3101   5.46034370e-06
   3102   5.45682402e-06
   3103   5.45330774e-06
   3104   5.44979486e-06
   3105   5.44628537e-06
   3106   8.44093354e-06
   3107   8.43550136e-06
   3108   8.43007442e-06
   3109   8.42465272e-06
   3110   8.41923624e-06
   3111   1.07604214e-05
   3112   1.07535077e-05
   3113   1.07466005e-05
   3114   1.07397001e-05
   3115   1.07328063e-05
   3116   1.14096054e-05
   3117   1.14022863e-05
   3118   1.13949742e-05
   3119   1.13876692e-05
   3120   1.13803711e-05
   3121   1.12160703e-05
   3122   1.12088868e-05
   3123   1.12017102e-05
   3124   1.11945406e-05
   3125   1.11873778e-05
   3126   1.08132766e-05
   3127   1.08063621e-05
   3128   1.07994544e-05
   3129   1.07925532e-05
   3130   1.07856587e-05
   3131   1.00805924e-05
   3132   1.00741567e-05
   3133   1.00677273e-05
   3134   1.00613040e-05
   3135   1.00548868e-05
   3136   9.93386975e-06
   3137   9.92753790e-06
   3138   9.92121211e-06
   3139   9.91489237e-06
   3140   9.90857866e-06
   3141   9.51683579e-06
   3142   9.51077942e-06
   3143   9.50472883e-06
   3144   9.49868400e-06
   3145   9.49264494e-06
   3146   9.36919296e-06
   3147   9.36324002e-06
   3148   9.35729274e-06
   3149   9.35135113e-06
   3150   9.34541518e-06
   3151   9.39458451e-06
   3152   9.38862490e-06
   3153   9.38267096e-06
   3154   9.37672267e-06
   3155   9.37078005e-06
   3156   8.89355638e-06
   3157   8.88792354e-06
   3158   8.88229605e-06
   3159   8.87667390e-06
   3160   8.87105708e-06
   3161   8.58481905e-06
   3162   8.57939035e-06
   3163   8.57396679e-06
   3164   8.56854837e-06
   3165   8.56313509e-06
   3166   8.19160257e-06
   3167   8.18643070e-06
   3168   8.18126372e-06
   3169   8.17610163e-06
   3170   8.17094443e-06
   3171   8.03141900e-06
   3172   8.02635625e-06
   3173   8.02129829e-06
   3174   8.01624511e-06
   3175   8.01119670e-06
   3176   7.88135191e-06
   3177   7.87639157e-06
   3178   7.87143592e-06
   3179   7.86648494e-06
   3180   7.86153863e-06
   3181   7.46303424e-06
   3182   7.45834456e-06
   3183   7.45365931e-06
   3184   7.44897846e-06
   3185   7.44430203e-06
   3186   7.41061662e-06
   3187   7.40596718e-06
   3188   7.40132213e-06
   3189   7.39668143e-06
   3190   7.39204511e-06
   3191   6.95726572e-06
   3192   6.95290756e-06
   3193   6.94855349e-06
   3194   6.94420350e-06
   3195   6.93985760e-06
   3196   6.90199044e-06
   3197   6.89767366e-06
   3198   6.89336093e-06
   3199   6.88905225e-06
   3200   6.88474760e-06
   3201   6.61394930e-06
   3202   6.60981913e-06
   3203   6.60569283e-06
   3204   6.60157039e-06
   3205   6.59745181e-06
   3206   6.33001285e-06
   3207   6.32606615e-06
   3208   6.32212314e-06
   3209   6.31818381e-06
   3210   6.31424817e-06
   3211   6.30583037e-06
   3212   6.30190487e-06
   3213   6.29798303e-06
   3214   6.29406485e-06
   3215   6.29015033e-06
   3216   6.06707201e-06
   3217   6.06330100e-06
   3218   6.05953352e-06
   3219   6.05576954e-06
   3220   6.05200907e-06
   3221   6.02382651e-06
   3222   6.02008820e-06
   3223   6.01635336e-06
   3224   6.01262200e-06
   3225   6.00889411e-06
   3226   5.89240824e-06
   3227   5.88875715e-06
   3228   5.88510945e-06
   3229   5.88146513e-06
   3230   5.87782420e-06
   3231   5.57547196e-06
   3232   5.57202259e-06
   3233   5.56857642e-06
   3234   5.56513345e-06
   3235   5.56169367e-06
   3236   5.60132563e-06
   3237   5.59786562e-06
   3238   5.59440881e-06
   3239   5.59095521e-06
   3240   5.58750480e-06
   3241   5.24600018e-06
   3242   5.24276465e-06
   3243   5.23953212e-06
   3244   5.23630258e-06
   3245   5.23307602e-06
   3246   5.23899450e-06
   3247   5.23576827e-06
   3248   5.23254502e-06
   3249   5.22932475e-06
   3250   5.22610744e-06
   3251   5.04734679e-06
   3252   5.04424335e-06
   3253   5.04114278e-06
   3254   5.03804507e-06
   3255   5.03495021e-06
   3256   4.87066612e-06
   3257   4.86767592e-06
   3258   4.86468847e-06
   3259   4.86170377e-06
   3260   4.85872182e-06
   3261   4.86961517e-06
   3262   4.86663020e-06
   3263   4.86364797e-06
   3264   4.86066847e-06
   3265   4.85769172e-06
   3266   4.56473383e-06
   3267   4.56194002e-06
   3268   4.55914878e-06
   3269   4.55636010e-06
   3270   4.55357397e-06
   3271   4.59077784e-06
   3272   4.58797239e-06
   3273   4.58516950e-06
   3274   4.58236919e-06
   3275   4.57957143e-06
   3276   4.39221543e-06
   3277   4.38953542e-06
   3278   4.38685785e-06
   3279   4.38418273e-06
   3280   4.38151006e-06
   3281   4.30776332e-06
   3282   4.30513884e-06
   3283   4.30251675e-06
   3284   4.29989706e-06
   3285   4.29727976e-06
   3286   4.21810042e-06
   3287   4.21553447e-06
   3288   4.21297086e-06
   3289   4.21040959e-06
   3290   4.20785065e-06
   3291   3.98810022e-06
   3292   3.98567787e-06
   3293   3.98325772e-06
   3294   3.98083978e-06
   3295   3.97842404e-06
   3296   4.03517170e-06
   3297   4.03272447e-06
   3298   4.03027947e-06
   3299   4.02783669e-06
   3300   4.02539613e-06
