     50   4.77440088e-11
     51   3.50259926e-11
     52   3.36980841e-11
     53   3.24442848e-11
     54   3.12591809e-11
     55   3.01378442e-11
     56   1.61458270e-11
     57   1.55866961e-11
     58   1.50561145e-11
     59   1.45521710e-11
     60   1.40731120e-11
     61   9.02987241e-12
     62   8.74208164e-12
     63   8.46783311e-12
     64   8.20629030e-12
     65   7.95668029e-12
     66   2.32877737e-11
     67   2.26003402e-11
     68   2.19429022e-11
     69   2.13137397e-11
     70   2.07112540e-11
     71   1.61287722e-11
     72   1.56853855e-11
     73   1.52600340e-11
     74   1.48517526e-11
     75   1.44596401e-11
     76   2.35723877e-11
     77   2.29660430e-11
     78   2.23827963e-11
     79   2.18214890e-11
     80   2.12810344e-11
     81   3.42535744e-11
     82   3.34257164e-11
     83   3.26275119e-11
     84   3.18575615e-11
     85   3.11145472e-11
     86   2.61202242e-11
     87   2.55249061e-11
     88   2.49497108e-11
     89   2.43937415e-11
     90   2.38561507e-11
     91   2.69790491e-11
     92   2.63973035e-11
     93   2.58341731e-11
     94   2.52888723e-11
     95   2.47606561e-11
     96   1.88246674e-11
     97   1.84395156e-11
     98   1.80660643e-11
     99   1.77038444e-11
    100   1.73524098e-11
    101   7.11289084e-12
    102   6.97444289e-12
    103   6.83999817e-12
    104   6.70940380e-12
    105   6.58251415e-12
    106   5.17173025e-12
    107   5.07573683e-12
    108   4.98239144e-12
    109   4.89159757e-12
    110   4.80326309e-12
    111   1.23197544e-11
    112   1.21012254e-11
    113   1.18884597e-11
    114   1.16812564e-11
    115   1.14794233e-11
    116   1.72431936e-11
    117   1.69503196e-11
    118   1.66648443e-11
    119   1.63865208e-11
    120   1.61151119e-11
    121   3.01796730e-11
    122   2.96879533e-11
    123   2.92081539e-11
    124   2.87398926e-11
    125   2.82828024e-11
    126   3.99408872e-11
    127   3.93155968e-11
    128   3.87048760e-11
    129   3.81082757e-11
    130   3.75253640e-11
    131   3.54263229e-11
    132   3.48925988e-11
    133   3.43708458e-11
    134   3.38607087e-11
    135   3.33618451e-11
    136   2.63105873e-11
    137   2.59285862e-11
    138   2.55548445e-11
    139   2.51891258e-11
    140   2.48312020e-11
    141   1.48425277e-11
    142   1.46345783e-11
    143   1.44309686e-11
    144   1.42315788e-11
    145   1.40362930e-11
    146   1.34008391e-11
    147   1.32194418e-11
    148   1.30417030e-11
    149   1.28675247e-11
    150   1.26968127e-11
    151   2.19612228e-11
    152   2.16736805e-11
    153   2.13917487e-11
    154   2.11152824e-11
    155   2.08441412e-11
    156   2.41658900e-11
    157   2.38595102e-11
    158   2.35589202e-11
    159   2.32639750e-11
    160   2.29745342e-11
    161   5.99201913e-11
    162   5.91838501e-11
    163   5.84609990e-11
    164   5.77513104e-11
    165   5.70544668e-11
    166   5.20416393e-11
    167   5.14211768e-11
    168   5.08117446e-11
    169   5.02130829e-11
    170   4.96249394e-11
    171   6.31374598e-11
    172   6.24064953e-11
    173   6.16881516e-11
    174   6.09821400e-11
    175   6.02881796e-11
    176   8.81405326e-11
    177   8.71488026e-11
    178   8.61737169e-11
    179   8.52149050e-11
    180   8.42720070e-11
    181   5.18171300e-11
    182   5.12500511e-11
    183   5.06922305e-11
    184   5.01434679e-11
    185   4.96035681e-11
    186   5.88509721e-11
    187   5.82240677e-11
    188   5.76071272e-11
    189   5.69999406e-11
    190   5.64023034e-11
    191   4.95721532e-11
    192   4.90577884e-11
    193   4.85513880e-11
    194   4.80527883e-11
    195   4.75618299e-11
    196   5.32137678e-11
    197   5.26755781e-11
    198   5.21455119e-11
    199   5.16234066e-11
    200   5.11091036e-11
    201   5.06527613e-11
    202   5.01531062e-11
    203   4.96608080e-11
    204   4.91757229e-11
    205   4.86977108e-11
    206   2.20148070e-11
    207   2.18028723e-11
    208   2.15939834e-11
    209   2.13880822e-11
    210   2.11851120e-11
    211   2.38147641e-12
    212   2.35908894e-12
    213   2.33701569e-12
    214   2.31525079e-12
    215   2.29378852e-12
    216   0.00000000e+00
    217   0.00000000e+00
    218   0.00000000e+00
    219   0.00000000e+00
    220   0.00000000e+00
    221   0.00000000e+00
    222   0.00000000e+00
    223   0.00000000e+00
    224   0.00000000e+00
    225   0.00000000e+00
    226   1.35544613e-12
    227   1.34354325e-12
    228   1.33179646e-12
    229   1.32020306e-12
    230   1.30876039e-12
    231   0.00000000e+00
    232   0.00000000e+00
    233   0.00000000e+00
    234   0.00000000e+00
    235   0.00000000e+00
    236   0.00000000e+00
    237   0.00000000e+00
    238   0.00000000e+00
    239   0.00000000e+00
    240   0.00000000e+00
    241   0.00000000e+00
    242   0.00000000e+00
    243   0.00000000e+00
    244   0.00000000e+00
    245   0.00000000e+00
    246   4.21276218e-11
    247   4.17875412e-11
    248   4.14515620e-11
    249   4.11196185e-11
    250   4.07916465e-11
    251   4.82843450e-10
    252   4.79022741e-10
    253   4.75247204e-10
    254   4.71516128e-10
    255   4.67828818e-10
    256   7.11341352e-10
    257   7.05821745e-10
    258   7.00366133e-10
    259   6.94973531e-10
    260   6.89642972e-10
    261   1.42034016e-09
    262   1.40952885e-09
    263   1.39884051e-09
    264   1.38827328e-09
    265   1.37782534e-09
    266   1.33087265e-09
    267   1.32093151e-09
    268   1.31110135e-09
    269   1.30138051e-09
    270   1.29176739e-09
    271   2.77974056e-09
    272   2.75935755e-09
    273   2.73919791e-09
    274   2.71925839e-09
    275   2.69953581e-09
    276   5.76322962e-09
    277   5.72173032e-09
    278   5.68067764e-09
    279   5.64006521e-09
    280   5.59988675e-09
    281   2.54105086e-08
    282   2.52307706e-08
    283   2.50529330e-08
    284   2.48769690e-08
    285   2.47028524e-08
    286   4.56146783e-08
    287   4.52976352e-08
    288   4.49838861e-08
    289   4.46733854e-08
    290   4.43660885e-08
    291   7.39997729e-08
    292   7.34942248e-08
    293   7.29938397e-08
    294   7.24985475e-08
    295   7.20082794e-08
    296   1.07909528e-07
    297   1.07184697e-07
    298   1.06467144e-07
    299   1.05756772e-07
    300   1.05053487e-07
    301   1.30725270e-07
    302   1.29861686e-07
    303   1.29006631e-07
    304   1.28159994e-07
    305   1.27321664e-07
    306   2.09402345e-07
    307   2.08041488e-07
    308   2.06693853e-07
    309   2.05359271e-07
    310   2.04037573e-07
    311   2.15249337e-07
    312   2.13872845e-07
    313   2.12509515e-07
    314   2.11159179e-07
    315   2.09821672e-07
    316   2.92632001e-07
    317   2.90790104e-07
    318   2.88965542e-07
    319   2.87158098e-07
    320   2.85367560e-07
    321   3.62509665e-07
    322   3.60263288e-07
    323   3.58037727e-07
    324   3.55832726e-07
    325   3.53648032e-07
    326   3.51178585e-07
    327   3.49035623e-07
    328   3.46912216e-07
    329   3.44808127e-07
    330   3.42723123e-07
    331   4.71221491e-07
    332   4.68389211e-07
    333   4.65582389e-07
    334   4.62800721e-07
    335   4.60043908e-07
    336   4.43732368e-07
    337   4.41104793e-07
    338   4.38500489e-07
    339   4.35919180e-07
    340   4.33360598e-07
    341   5.97031561e-07
    342   5.93547793e-07
    343   5.90094430e-07
    344   5.86671117e-07
    345   5.83277508e-07
    346   6.28996112e-07
    347   6.25378598e-07
    348   6.21792203e-07
    349   6.18236571e-07
    350   6.14711350e-07
    351   6.26790324e-07
    352   6.23236592e-07
    353   6.19712999e-07
    354   6.16219203e-07
    355   6.12754869e-07
    356   7.97569812e-07
    357   7.93111007e-07
    358   7.88689489e-07
    359   7.84304842e-07
    360   7.79956658e-07
    361   7.55846225e-07
    362   7.51678919e-07
    363   7.47545982e-07
    364   7.43447038e-07
    365   7.39381715e-07
    366   8.98095136e-07
    367   8.93210873e-07
    368   8.88366346e-07
    369   8.83561126e-07
    370   8.78794788e-07
    371   8.90365340e-07
    372   8.85588067e-07
    373   8.80849141e-07
    374   8.76148151e-07
    375   8.71484694e-07
    376   9.95117797e-07
    377   9.89849146e-07
    378   9.84622227e-07
    379   9.79436600e-07
    380   9.74291831e-07
    381   1.12082700e-06
    382   1.11497030e-06
    383   1.10915939e-06
    384   1.10339378e-06
    385   1.09767302e-06
    386   1.05449895e-06
    387   1.04905989e-06
    388   1.04366280e-06
    389   1.03830726e-06
    390   1.03299283e-06
    391   1.25507656e-06
    392   1.24868534e-06
    393   1.24234282e-06
    394   1.23604850e-06
    395   1.22980190e-06
    396   1.20101700e-06
    397   1.19497795e-06
    398   1.18898434e-06
    399   1.18303571e-06
    400   1.17713161e-06
    401   1.38319913e-06
    402   1.37633036e-06
    403   1.36951263e-06
    404   1.36274544e-06
    405   1.35602828e-06
    406   1.43583280e-06
    407   1.42879010e-06
    408   1.42179909e-06
    409   1.41485926e-06
    410   1.40797012e-06
    411   1.44381444e-06
    412   1.43681838e-06
    413   1.42987304e-06
    414   1.42297794e-06
    415   1.41613259e-06
    416   1.55158458e-06
    417   1.54415630e-06
    418   1.53678123e-06
    419   1.52945888e-06
    420   1.52218873e-06
    421   1.62895314e-06
    422   1.62124669e-06
    423   1.61359480e-06
    424   1.60599695e-06
    425   1.59845264e-06
    426   1.77569205e-06
    427   1.76738958e-06
    428   1.75914521e-06
    429   1.75095839e-06
    430   1.74282858e-06
    431   1.88855721e-06
    432   1.87982905e-06
    433   1.87116126e-06
    434   1.86255328e-06
    435   1.85400456e-06
    436   2.02133722e-06
    437   2.01210211e-06
    438   2.00293014e-06
    439   1.99382075e-06
    440   1.98477335e-06
    441   2.01410943e-06
    442   2.00501126e-06
    443   1.99597459e-06
    444   1.98699889e-06
    445   1.97808359e-06
    446   2.18203846e-06
    447   2.17229179e-06
    448   2.16261027e-06
    449   2.15299334e-06
    450   2.14344041e-06
    451   2.28494762e-06
    452   2.27485399e-06
    453   2.26482709e-06
    454   2.25486634e-06
    455   2.24497116e-06
    456   2.47232603e-06
    457   2.46152396e-06
    458   2.45079253e-06
    459   2.44013112e-06
    460   2.42953913e-06
    461   2.55856523e-06
    462   2.54750715e-06
    463   2.53652061e-06
    464   2.52560498e-06
    465   2.51475967e-06
    466   2.43053075e-06
    467   2.42013833e-06
    468   2.40981241e-06
    469   2.39955244e-06
    470   2.38935786e-06
    471   2.90777466e-06
    472   2.89547313e-06
    473   2.88324951e-06
    474   2.87110313e-06
    475   2.85903334e-06
    476   2.85243200e-06
    477   2.84049090e-06
    478   2.82862463e-06
    479   2.81683256e-06
    480   2.80511408e-06
    481   3.21138676e-06
    482   3.19808221e-06
    483   3.18486018e-06
    484   3.17171997e-06
    485   3.15866092e-06
    486   3.10960172e-06
    487   3.09685093e-06
    488   3.08417841e-06
    489   3.07158351e-06
    490   3.05906560e-06
    491   3.04254011e-06
    492   3.03019089e-06
    493   3.01791671e-06
    494   3.00571696e-06
    495   2.99359103e-06
    496   3.50641447e-06
    497   3.49232542e-06
    498   3.47832112e-06
    499   3.46440089e-06
    500   3.45056405e-06
    501   3.31259413e-06
    502   3.29941624e-06
    503   3.28631683e-06
    504   3.27329528e-06
    505   3.26035097e-06
    506   3.83534930e-06
    507   3.82024208e-06
    508   3.80522394e-06
    509   3.79029419e-06
    510   3.77545212e-06
    511   3.87398763e-06
    512   3.85887701e-06
    513   3.84385463e-06
    514   3.82891980e-06
    515   3.81407184e-06
    516   4.03273785e-06
    517   4.01715993e-06
    518   4.00167210e-06
    519   3.98627366e-06
    520   3.97096393e-06
    521   4.52975646e-06
    522   4.51242599e-06
    523   4.49519478e-06
    524   4.47806208e-06
    525   4.46102714e-06
    526   4.05224228e-06
    527   4.03688561e-06
    528   4.02161608e-06
    529   4.00643302e-06
    530   3.99133578e-06
    531   4.92228631e-06
    532   4.90380753e-06
    533   4.88543262e-06
    534   4.86716080e-06
    535   4.84899129e-06
    536   4.74176179e-06
    537   4.72412624e-06
    538   4.70658889e-06
    539   4.68914902e-06
    540   4.67180590e-06
    541   5.27122819e-06
    542   5.25180406e-06
    543   5.23248709e-06
    544   5.21327650e-06
    545   5.19417151e-06
    546   5.21896574e-06
    547   5.19990974e-06
    548   5.18095792e-06
    549   5.16210951e-06
    550   5.14336378e-06
    551   4.83116160e-06
    552   4.81368115e-06
    553   4.79629541e-06
    554   4.77900368e-06
    555   4.76180530e-06
    556   5.49537398e-06
    557   5.47566848e-06
    558   5.45606879e-06
    559   5.43657413e-06
    560   5.41718378e-06
    561   5.09218984e-06
    562   5.07409233e-06
    563   5.05609113e-06
    564   5.03818555e-06
    565   5.02037492e-06
    566   5.92449487e-06
    567   5.90362480e-06
    568   5.88286481e-06
    569   5.86221414e-06
    570   5.84167201e-06
    571   6.07862641e-06
    572   6.05740032e-06
    573   6.03628521e-06
    574   6.01528031e-06
    575   5.99438487e-06
    576   7.24505872e-06
    577   7.21997848e-06
    578   7.19502824e-06
    579   7.17020711e-06
    580   7.14551421e-06
    581   8.07224080e-06
    582   8.04453686e-06
    583   8.01697529e-06
    584   7.98955512e-06
    585   7.96227539e-06
    586   8.50832901e-06
    587   8.47937682e-06
    588   8.45057216e-06
    589   8.42191402e-06
    590   8.39340142e-06
    591   9.88743083e-06
    592   9.85406963e-06
    593   9.82087699e-06
    594   9.78785178e-06
    595   9.75499287e-06
    596   1.01867473e-05
    597   1.01526637e-05
    598   1.01187508e-05
    599   1.00850076e-05
    600   1.00514329e-05
    601   1.15380577e-05
    602   1.14997730e-05
    603   1.14616786e-05
    604   1.14237731e-05
    605   1.13860553e-05
    606   1.20878105e-05
    607   1.20480316e-05
    608   1.20084488e-05
    609   1.19690607e-05
    610   1.19298661e-05
    611   1.25995828e-05
    612   1.25584581e-05
    613   1.25175344e-05
    614   1.24768105e-05
    615   1.24362849e-05
    616   1.51169308e-05
    617   1.50679890e-05
    618   1.50192844e-05
    619   1.49708156e-05
    620   1.49225810e-05
    621   1.43773424e-05
    622   1.43311687e-05
    623   1.42852171e-05
    624   1.42394861e-05
    625   1.41939744e-05
    626   1.52712234e-05
    627   1.52225696e-05
    628   1.51741479e-05
    629   1.51259569e-05
    630   1.50779951e-05
    631   1.34727637e-05
    632   1.34301789e-05
    633   1.33877957e-05
    634   1.33456128e-05
    635   1.33036290e-05
    636   1.21878859e-05
    637   1.21496644e-05
    638   1.21116224e-05
    639   1.20737589e-05
    640   1.20360725e-05
    641   1.04953364e-05
    642   1.04626789e-05
    643   1.04301735e-05
    644   1.03978193e-05
    645   1.03656155e-05
    646   6.25528502e-06
    647   6.23597114e-06
    648   6.21674657e-06
    649   6.19761077e-06
    650   6.17856318e-06
    651   2.12852903e-06
    652   2.12200731e-06
    653   2.11551551e-06
    654   2.10905345e-06
    655   2.10262096e-06
    656  -2.46618692e-06
    657  -2.45868806e-06
    658  -2.45122336e-06
    659  -2.44379260e-06
    660  -2.43639557e-06
    661  -6.06658889e-06
    662  -6.04828157e-06
    663  -6.03005700e-06
    664  -6.01191468e-06
    665  -5.99385411e-06
    666  -7.69591610e-06
    667  -7.67286582e-06
    668  -7.64991894e-06
    669  -7.62707485e-06
    670  -7.60433293e-06
    671  -5.34957048e-06
    672  -5.33366689e-06
    673  -5.31783412e-06
    674  -5.30207174e-06
    675  -5.28637934e-06
    676   2.11544916e-06
    677   2.10920660e-06
    678   2.10299163e-06
    679   2.09680408e-06
    680   2.09064381e-06
    681   1.66585469e-05
    682   1.66097485e-05
    683   1.65611643e-05
    684   1.65127929e-05
    685   1.64646331e-05
    686   4.32019361e-05
    687   4.30763035e-05
    688   4.29512181e-05
    689   4.28266767e-05
    690   4.27026762e-05
    691   7.55643185e-05
    692   7.53461610e-05
    693   7.51289470e-05
    694   7.49126709e-05
    695   7.46973273e-05
    696   1.18478449e-04
    697   1.18138848e-04
    698   1.17800705e-04
    699   1.17464011e-04
    700   1.17128759e-04
    701   1.79366435e-04
    702   1.78855965e-04
    703   1.78347671e-04
    704   1.77841541e-04
    705   1.77337562e-04
    706   2.08617462e-04
    707   2.08027940e-04
    708   2.07440912e-04
    709   2.06856366e-04
    710   2.06274287e-04
    711   2.67157574e-04
    712   2.66407921e-04
    713   2.65661419e-04
    714   2.64918051e-04
    715   2.64177798e-04
    716   2.83948751e-04
    717   2.83157533e-04
    718   2.82369616e-04
    719   2.81584984e-04
    720   2.80803618e-04
    721   3.02413370e-04
    722   3.01576529e-04
    723   3.00743157e-04
    724   2.99913235e-04
    725   2.99086744e-04
    726   2.61288808e-04
    727   2.60570735e-04
    728   2.59855619e-04
    729   2.59143442e-04
    730   2.58434189e-04
    731   1.48264995e-04
    732   1.47860314e-04
    733   1.47457288e-04
    734   1.47055907e-04
    735   1.46656163e-04
    736  -4.78149750e-05
    737  -4.76853513e-05
    738  -4.75562539e-05
    739  -4.74276801e-05
    740  -4.72996270e-05
    741  -3.68975687e-04
    742  -3.67982148e-04
    743  -3.66992616e-04
    744  -3.66007071e-04
    745  -3.65025490e-04
    746  -8.45210537e-04
    747  -8.42949861e-04
    748  -8.40698243e-04
    749  -8.38455634e-04
    750  -8.36221987e-04
    751  -1.35982692e-03
    752  -1.35621396e-03
    753  -1.35261539e-03
    754  -1.34903111e-03
    755  -1.34546107e-03
    756  -1.66595751e-03
    757  -1.66156039e-03
    758  -1.65718066e-03
    759  -1.65281823e-03
    760  -1.64847300e-03
    761  -2.17520815e-03
    762  -2.16950456e-03
    763  -2.16382337e-03
    764  -2.15816447e-03
    765  -2.15252774e-03
    766  -2.10055028e-03
    767  -2.09507832e-03
    768  -2.08962771e-03
    769  -2.08419835e-03
    770  -2.07879011e-03
    771  -2.01239476e-03
    772  -2.00718636e-03
    773  -2.00199816e-03
    774  -1.99683005e-03
    775  -1.99168192e-03
    776  -1.56376521e-03
    777  -1.55974396e-03
    778  -1.55573820e-03
    779  -1.55174785e-03
    780  -1.54777283e-03
    781  -6.36012155e-04
    782  -6.34387084e-04
    783  -6.32768234e-04
    784  -6.31155573e-04
    785  -6.29549068e-04
    786   1.17325637e-03
    787   1.17027762e-03
    788   1.16731020e-03
    789   1.16435405e-03
    790   1.16140911e-03
    791   4.06870940e-03
    792   4.05844460e-03
    793   4.04821860e-03
    794   4.03803120e-03
    795   4.02788221e-03
    796   8.45793638e-03
    797   8.43673191e-03
    798   8.41560708e-03
    799   8.39456149e-03
    800   8.37359475e-03
    801   1.29345335e-02
    802   1.29023079e-02
    803   1.28702027e-02
    804   1.28382171e-02
    805   1.28063506e-02
    806   1.75850086e-02
    807   1.75414679e-02
    808   1.74980887e-02
    809   1.74548702e-02
    810   1.74118116e-02
    811   2.05298790e-02
    812   2.04793594e-02
    813   2.04290262e-02
    814   2.03788782e-02
    815   2.03289147e-02
    816   2.22749396e-02
    817   2.22204610e-02
    818   2.21661820e-02
    819   2.21121017e-02
    820   2.20582190e-02
    821   2.38554496e-02
    822   2.37974601e-02
    823   2.37396817e-02
    824   2.36821136e-02
    825   2.36247545e-02
    826   2.42071053e-02
    827   2.41486164e-02
    828   2.40903392e-02
    829   2.40322727e-02
    830   2.39744159e-02
    831   2.42134102e-02
    832   2.41552574e-02
    833   2.40973137e-02
    834   2.40395783e-02
    835   2.39820502e-02
    836   2.17127068e-02
    837   2.16608711e-02
    838   2.16092207e-02
    839   2.15577549e-02
    840   2.15064727e-02
    841   1.85383912e-02
    842   1.84943962e-02
    843   1.84505577e-02
    844   1.84068748e-02
    845   1.83633469e-02
    846   1.50003884e-02
    847   1.49649997e-02
    848   1.49297361e-02
    849   1.48945969e-02
    850   1.48595817e-02
    851   8.97330510e-03
    852   8.95225954e-03
    853   8.93128792e-03
    854   8.91038992e-03
    855   8.88956517e-03
    856   4.53621684e-03
    857   4.52563983e-03
    858   4.51509977e-03
    859   4.50459649e-03
    860   4.49412981e-03
    861   1.02055517e-03
    862   1.01818935e-03
    863   1.01583175e-03
    864   1.01348233e-03
    865   1.01114105e-03
    866  -1.09409507e-03
    867  -1.09157339e-03
    868  -1.08906042e-03
    869  -1.08655611e-03
    870  -1.08406043e-03
    871  -2.31265503e-03
    872  -2.30735534e-03
    873  -2.30207384e-03
    874  -2.29681045e-03
    875  -2.29156510e-03
    876  -2.82903879e-03
    877  -2.82259267e-03
    878  -2.81616857e-03
    879  -2.80976637e-03
    880  -2.80338597e-03
    881  -3.15662864e-03
    882  -3.14947683e-03
    883  -3.14234931e-03
    884  -3.13524595e-03
    885  -3.12816665e-03
    886  -2.99693882e-03
    887  -2.99018706e-03
    888  -2.98345809e-03
    889  -2.97675180e-03
    890  -2.97006811e-03
    891  -2.73263374e-03
    892  -2.72651191e-03
    893  -2.72041062e-03
    894  -2.71432980e-03
    895  -2.70826933e-03
    896  -2.10452565e-03
    897  -2.09983721e-03
    898  -2.09516441e-03
    899  -2.09050720e-03
    900  -2.08586550e-03
    901  -1.35750662e-03
    902  -1.35449913e-03
    903  -1.35150163e-03
    904  -1.34851406e-03
    905  -1.34553638e-03
    906  -7.48280064e-04
    907  -7.46631416e-04
    908  -7.44988211e-04
    909  -7.43350425e-04
    910  -7.41718033e-04
    911  -2.30186717e-04
    912  -2.29682336e-04
    913  -2.29179612e-04
    914  -2.28678536e-04
    915  -2.28179101e-04
    916   8.14616858e-05
    917   8.12841610e-05
    918   8.11072159e-05
    919   8.09308480e-05
    920   8.07550547e-05
    921   2.44759323e-04
    922   2.44228823e-04
    923   2.43700047e-04
    924   2.43172985e-04
    925   2.42647632e-04
    926   3.20799922e-04
    927   3.20108357e-04
    928   3.19419026e-04
    929   3.18731918e-04
    930   3.18047026e-04
    931   3.48710452e-04
    932   3.47962748e-04
    933   3.47217447e-04
    934   3.46474537e-04
    935   3.45734009e-04
    936   2.93249367e-04
    937   2.92623935e-04
    938   2.92000502e-04
    939   2.91379060e-04
    940   2.90759599e-04
    941   2.61579261e-04
    942   2.61024333e-04
    943   2.60471169e-04
    944   2.59919762e-04
    945   2.59370103e-04
    946   1.84180848e-04
    947   1.83792179e-04
    948   1.83404738e-04
    949   1.83018521e-04
    950   1.82633523e-04
    951   1.10468813e-04
    952   1.10236918e-04
    953   1.10005753e-04
    954   1.09775314e-04
    955   1.09545599e-04
    956   3.98140212e-05
    957   3.97308805e-05
    958   3.96480000e-05
    959   3.95653785e-05
    960   3.94830150e-05
    961  -1.54439270e-05
    962  -1.54118441e-05
    963  -1.53798610e-05
    964  -1.53479774e-05
    965  -1.53161928e-05
    966  -5.88633779e-05
    967  -5.87417280e-05
    968  -5.86204547e-05
    969  -5.84995567e-05
    970  -5.83790322e-05
    971  -7.89202562e-05
    972  -7.87579941e-05
    973  -7.85962319e-05
    974  -7.84349675e-05
    975  -7.82741990e-05
    976  -9.91205413e-05
    977  -9.89177890e-05
    978  -9.87156582e-05
    979  -9.85141463e-05
    980  -9.83132508e-05
    981  -9.99684772e-05
    982  -9.97650309e-05
    983  -9.95622049e-05
    984  -9.93599969e-05
    985  -9.91584042e-05
    986  -9.33557866e-05
    987  -9.31667594e-05
    988  -9.29783059e-05
    989  -9.27904235e-05
    990  -9.26031100e-05
    991  -8.74197063e-05
    992  -8.72435901e-05
    993  -8.70680055e-05
    994  -8.68929505e-05
    995  -8.67184229e-05
    996  -7.04721468e-05
    997  -7.03308847e-05
    998  -7.01900469e-05
    999  -7.00496318e-05
   1000  -6.99096375e-05
   1001  -5.62516091e-05
   1002  -5.61394144e-05
   1003  -5.60275551e-05
   1004  -5.59160297e-05
   1005  -5.58048370e-05
   1006  -4.18336614e-05
   1007  -4.17506375e-05
   1008  -4.16678606e-05
   1009  -4.15853296e-05
   1010  -4.15030435e-05
   1011  -3.28038158e-05
   1012  -3.27390341e-05
   1013  -3.26744442e-05
   1014  -3.26100452e-05
   1015  -3.25458364e-05
   1016  -2.89009951e-05
   1017  -2.88442012e-05
   1018  -2.87875746e-05
   1019  -2.87311146e-05
   1020  -2.86748204e-05
   1021  -2.35228973e-05
   1022  -2.34768980e-05
   1023  -2.34310335e-05
   1024  -2.33853033e-05
   1025  -2.33397068e-05
   1026  -2.24240232e-05
   1027  -2.23803861e-05
   1028  -2.23368762e-05
   1029  -2.22934931e-05
   1030  -2.22502363e-05
   1031  -2.20592343e-05
   1032  -2.20165149e-05
   1033  -2.19739195e-05
   1034  -2.19314476e-05
   1035  -2.18890987e-05
   1036  -2.25288631e-05
   1037  -2.24854444e-05
   1038  -2.24421512e-05
   1039  -2.23989828e-05
   1040  -2.23559389e-05
   1041  -2.35203465e-05
   1042  -2.34752344e-05
   1043  -2.34302519e-05
   1044  -2.33853986e-05
   1045  -2.33406739e-05
   1046  -2.24356098e-05
   1047  -2.23927836e-05
   1048  -2.23500798e-05
   1049  -2.23074981e-05
   1050  -2.22650380e-05
   1051  -2.19050750e-05
   1052  -2.18634600e-05
   1053  -2.18219636e-05
   1054  -2.17805851e-05
   1055  -2.17393242e-05
   1056  -2.07248194e-05
   1057  -2.06856328e-05
   1058  -2.06465573e-05
   1059  -2.06075923e-05
   1060  -2.05687376e-05
   1061  -2.07740327e-05
   1062  -2.07349379e-05
   1063  -2.06959533e-05
   1064  -2.06570785e-05
   1065  -2.06183132e-05
   1066  -2.16674065e-05
   1067  -2.16268214e-05
   1068  -2.15863501e-05
   1069  -2.15459924e-05
   1070  -2.15057477e-05
   1071  -2.26029431e-05
   1072  -2.25608030e-05
   1073  -2.25187805e-05
   1074  -2.24768754e-05
   1075  -2.24350871e-05
   1076  -2.25759386e-05
   1077  -2.25340440e-05
   1078  -2.24922659e-05
   1079  -2.24506040e-05
   1080  -2.24090576e-05
   1081  -2.44092590e-05
   1082  -2.43641715e-05
   1083  -2.43192088e-05
   1084  -2.42743704e-05
   1085  -2.42296559e-05
   1086  -2.39852920e-05
   1087  -2.39411912e-05
   1088  -2.38972120e-05
   1089  -2.38533539e-05
   1090  -2.38096164e-05
   1091  -2.29530543e-05
   1092  -2.29110446e-05
   1093  -2.28691501e-05
   1094  -2.28273704e-05
   1095  -2.27857051e-05
   1096  -2.21102441e-05
   1097  -2.20699613e-05
   1098  -2.20297884e-05
   1099  -2.19897252e-05
   1100  -2.19497711e-05
   1101  -2.09042265e-05
   1102  -2.08663136e-05
   1103  -2.08285038e-05
   1104  -2.07907966e-05
   1105  -2.07531917e-05
   1106  -1.87761147e-05
   1107  -1.87422151e-05
   1108  -1.87084073e-05
   1109  -1.86746909e-05
   1110  -1.86410655e-05
   1111  -1.83197263e-05
   1112  -1.82867994e-05
   1113  -1.82539611e-05
   1114  -1.82212113e-05
   1115  -1.81885495e-05
   1116  -1.77491446e-05
   1117  -1.77173859e-05
   1118  -1.76857123e-05
   1119  -1.76541237e-05
   1120  -1.76226195e-05
   1121  -1.85967788e-05
   1122  -1.85636516e-05
   1123  -1.85306128e-05
   1124  -1.84976622e-05
   1125  -1.84647994e-05
   1126  -1.76108131e-05
   1127  -1.75795813e-05
   1128  -1.75484325e-05
   1129  -1.75173665e-05
   1130  -1.74863829e-05
   1131  -1.81730963e-05
   1132  -1.81410096e-05
   1133  -1.81090078e-05
   1134  -1.80770906e-05
   1135  -1.80452578e-05
   1136  -1.80900901e-05
   1137  -1.80582903e-05
   1138  -1.80265743e-05
   1139  -1.79949418e-05
   1140  -1.79633925e-05
   1141  -1.80347974e-05
   1142  -1.80032335e-05
   1143  -1.79717525e-05
   1144  -1.79403539e-05
   1145  -1.79090376e-05
   1146  -1.82989702e-05
   1147  -1.82670835e-05
   1148  -1.82352801e-05
   1149  -1.82035597e-05
   1150  -1.81719220e-05
   1151  -1.68678177e-05
   1152  -1.68385524e-05
   1153  -1.68093631e-05
   1154  -1.67802497e-05
   1155  -1.67512118e-05
   1156  -1.68973479e-05
   1157  -1.68681579e-05
   1158  -1.68390435e-05
   1159  -1.68100044e-05
   1160  -1.67810404e-05
   1161  -1.62822313e-05
   1162  -1.62542249e-05
   1163  -1.62262907e-05
   1164  -1.61984284e-05
   1165  -1.61706378e-05
   1166  -1.63877707e-05
   1167  -1.63597034e-05
   1168  -1.63317082e-05
   1169  -1.63037848e-05
   1170  -1.62759330e-05
   1171  -1.71457271e-05
   1172  -1.71164869e-05
   1173  -1.70873214e-05
   1174  -1.70582304e-05
   1175  -1.70292137e-05
   1176  -1.60341253e-05
   1177  -1.60068970e-05
   1178  -1.59797379e-05
   1179  -1.59526478e-05
   1180  -1.59256266e-05
   1181  -1.70132614e-05
   1182  -1.69844924e-05
   1183  -1.69557964e-05
   1184  -1.69271730e-05
   1185  -1.68986220e-05
   1186  -1.71244574e-05
   1187  -1.70956223e-05
   1188  -1.70668599e-05
   1189  -1.70381701e-05
   1190  -1.70095525e-05
   1191  -1.64701036e-05
   1192  -1.64424866e-05
   1193  -1.64149390e-05
   1194  -1.63874605e-05
   1195  -1.63600510e-05
   1196  -1.65068181e-05
   1197  -1.64792551e-05
   1198  -1.64517610e-05
   1199  -1.64243357e-05
   1200  -1.63969789e-05
   1201  -1.56275936e-05
   1202  -1.56016071e-05
   1203  -1.55756855e-05
   1204  -1.55498283e-05
   1205  -1.55240356e-05
   1206  -1.58781301e-05
   1207  -1.58518364e-05
   1208  -1.58256079e-05
   1209  -1.57994445e-05
   1210  -1.57733459e-05
   1211  -1.51830656e-05
   1212  -1.51580265e-05
   1213  -1.51330493e-05
   1214  -1.51081338e-05
   1215  -1.50832798e-05
   1216  -1.51511868e-05
   1217  -1.51263029e-05
   1218  -1.51014803e-05
   1219  -1.50767187e-05
   1220  -1.50520179e-05
   1221  -1.57216841e-05
   1222  -1.56959689e-05
   1223  -1.56703166e-05
   1224  -1.56447272e-05
   1225  -1.56192004e-05
   1226  -1.49106607e-05
   1227  -1.48863713e-05
   1228  -1.48621412e-05
   1229  -1.48379702e-05
   1230  -1.48138581e-05
   1231  -1.60128715e-05
   1232  -1.59868924e-05
   1233  -1.59609764e-05
   1234  -1.59351235e-05
   1235  -1.59093333e-05
   1236  -1.53339512e-05
   1237  -1.53091740e-05
   1238  -1.52844569e-05
   1239  -1.52597996e-05
   1240  -1.52352019e-05
   1241  -1.51965976e-05
   1242  -1.51721412e-05
   1243  -1.51477438e-05
   1244  -1.51234052e-05
   1245  -1.50991252e-05
   1246  -1.53736627e-05
   1247  -1.53490205e-05
   1248  -1.53244374e-05
   1249  -1.52999134e-05
   1250  -1.52754483e-05
   1251  -1.44740193e-05
   1252  -1.44509117e-05
   1253  -1.44278594e-05
   1254  -1.44048622e-05
   1255  -1.43819199e-05
   1256  -1.50626228e-05
   1257  -1.50386711e-05
   1258  -1.50147765e-05
   1259  -1.49909388e-05
   1260  -1.49671578e-05
   1261  -1.38892850e-05
   1262  -1.38672865e-05
   1263  -1.38453403e-05
   1264  -1.38234461e-05
   1265  -1.38016038e-05
   1266  -1.43817735e-05
   1267  -1.43590849e-05
   1268  -1.43364499e-05
   1269  -1.43138683e-05
   1270  -1.42913401e-05
   1271  -1.46189608e-05
   1272  -1.45959886e-05
   1273  -1.45730704e-05
   1274  -1.45502062e-05
   1275  -1.45273958e-05
   1276  -1.41094222e-05
   1277  -1.40873374e-05
   1278  -1.40653044e-05
   1279  -1.40433231e-05
   1280  -1.40213932e-05
   1281  -1.44264799e-05
   1282  -1.44039868e-05
   1283  -1.43815463e-05
   1284  -1.43591583e-05
   1285  -1.43368224e-05
   1286  -1.41862143e-05
   1287  -1.41641817e-05
   1288  -1.41422005e-05
   1289  -1.41202703e-05
   1290  -1.40983911e-05
   1291  -1.46617620e-05
   1292  -1.46390789e-05
   1293  -1.46164485e-05
   1294  -1.45938704e-05
   1295  -1.45713447e-05
   1296  -1.40125126e-05
   1297  -1.39909175e-05
   1298  -1.39693723e-05
   1299  -1.39478768e-05
   1300  -1.39264309e-05
   1301  -1.38130993e-05
   1302  -1.37918932e-05
   1303  -1.37707359e-05
   1304  -1.37496273e-05
   1305  -1.37285672e-05
   1306  -1.34743915e-05
   1307  -1.34537845e-05
   1308  -1.34332248e-05
   1309  -1.34127121e-05
   1310  -1.33922464e-05
   1311  -1.33348890e-05
   1312  -1.33145730e-05
   1313  -1.32943034e-05
   1314  -1.32740801e-05
   1315  -1.32539029e-05
   1316  -1.35447220e-05
   1317  -1.35241647e-05
   1318  -1.35036541e-05
   1319  -1.34831902e-05
   1320  -1.34627727e-05
   1321  -1.31947139e-05
   1322  -1.31747634e-05
   1323  -1.31548582e-05
   1324  -1.31349981e-05
   1325  -1.31151829e-05
   1326  -1.32945942e-05
   1327  -1.32745685e-05
   1328  -1.32545880e-05
   1329  -1.32346525e-05
   1330  -1.32147620e-05
   1331  -1.32028716e-05
   1332  -1.31830587e-05
   1333  -1.31632903e-05
   1334  -1.31435663e-05
   1335  -1.31238866e-05
   1336  -1.32497603e-05
   1337  -1.32299513e-05
   1338  -1.32101866e-05
   1339  -1.31904663e-05
   1340  -1.31707900e-05
   1341  -1.33074794e-05
   1342  -1.32876582e-05
   1343  -1.32678812e-05
   1344  -1.32481484e-05
   1345  -1.32284595e-05
   1346  -1.28293848e-05
   1347  -1.28103466e-05
   1348  -1.27913507e-05
   1349  -1.27723971e-05
   1350  -1.27534855e-05
   1351  -1.26827160e-05
   1352  -1.26639650e-05
   1353  -1.26452555e-05
   1354  -1.26265875e-05
   1355  -1.26079608e-05
   1356  -1.24206697e-05
   1357  -1.24023737e-05
   1358  -1.23841182e-05
   1359  -1.23659029e-05
   1360  -1.23477278e-05
   1361  -1.21160910e-05
   1362  -1.20983092e-05
   1363  -1.20805664e-05
   1364  -1.20628627e-05
   1365  -1.20451979e-05
   1366  -1.19531950e-05
   1367  -1.19357164e-05
   1368  -1.19182761e-05
   1369  -1.19008740e-05
   1370  -1.18835099e-05
   1371  -1.19230328e-05
   1372  -1.19056618e-05
   1373  -1.18883287e-05
   1374  -1.18710335e-05
   1375  -1.18537759e-05
   1376  -1.24080407e-05
   1377  -1.23900287e-05
   1378  -1.23720559e-05
   1379  -1.23541221e-05
   1380  -1.23362273e-05
   1381  -1.18746423e-05
   1382  -1.18574669e-05
   1383  -1.18403287e-05
   1384  -1.18232277e-05
   1385  -1.18061637e-05
   1386  -1.20313221e-05
   1387  -1.20139827e-05
   1388  -1.19966809e-05
   1389  -1.19794164e-05
   1390  -1.19621891e-05
   1391  -1.13416754e-05
   1392  -1.13253887e-05
   1393  -1.13091370e-05
   1394  -1.12929203e-05
   1395  -1.12767384e-05
   1396  -1.14586068e-05
   1397  -1.14422111e-05
   1398  -1.14258504e-05
   1399  -1.14095249e-05
   1400  -1.13932343e-05
   1401  -1.10777762e-05
   1402  -1.10619818e-05
   1403  -1.10462212e-05
   1404  -1.10304942e-05
   1405  -1.10148009e-05
   1406  -1.04014517e-05
   1407  -1.03866743e-05
   1408  -1.03719284e-05
   1409  -1.03572138e-05
   1410  -1.03425305e-05
   1411  -1.02749220e-05
   1412  -1.02603760e-05
   1413  -1.02458609e-05
   1414  -1.02313765e-05
   1415  -1.02169229e-05
   1416  -9.93738427e-06
   1417  -9.92336575e-06
   1418  -9.90937686e-06
   1419  -9.89541754e-06
   1420  -9.88148769e-06
   1421  -9.95637931e-06
   1422  -9.94238334e-06
   1423  -9.92841687e-06
   1424  -9.91447981e-06
   1425  -9.90057207e-06
   1426  -1.02147926e-05
   1427  -1.02004837e-05
   1428  -1.01862048e-05
   1429  -1.01719559e-05
   1430  -1.01577368e-05
   1431  -9.94791592e-06
   1432  -9.93402946e-06
   1433  -9.92017205e-06
   1434  -9.90634362e-06
   1435  -9.89254408e-06
   1436  -1.00251830e-05
   1437  -1.00112373e-05
   1438  -9.99732073e-06
   1439  -9.98343315e-06
   1440  -9.96957449e-06
   1441  -9.71890093e-06
   1442  -9.70542818e-06
   1443  -9.69198344e-06
   1444  -9.67856661e-06
   1445  -9.66517762e-06
   1446  -9.48948731e-06
   1447  -9.47637802e-06
   1448  -9.46329588e-06
   1449  -9.45024081e-06
   1450  -9.43721273e-06
   1451  -9.13674433e-06
   1452  -9.12416579e-06
   1453  -9.11161319e-06
   1454  -9.09908649e-06
   1455  -9.08658560e-06
   1456  -8.59520448e-06
   1457  -8.58341206e-06
   1458  -8.57164388e-06
   1459  -8.55989990e-06
   1460  -8.54818003e-06
   1461  -8.97120017e-06
   1462  -8.95893396e-06
   1463  -8.94669289e-06
   1464  -8.93447689e-06
   1465  -8.92228590e-06
   1466  -8.46650032e-06
   1467  -8.45496361e-06
   1468  -8.44345047e-06
   1469  -8.43196083e-06
   1470  -8.42049462e-06
   1471  -8.64410967e-06
   1472  -8.63237094e-06
   1473  -8.62065610e-06
   1474  -8.60896510e-06
   1475  -8.59729786e-06
   1476  -8.28114443e-06
   1477  -8.26993666e-06
   1478  -8.25875163e-06
   1479  -8.24758927e-06
   1480  -8.23644952e-06
   1481  -8.35632086e-06
   1482  -8.34504948e-06
   1483  -8.33380089e-06
   1484  -8.32257503e-06
   1485  -8.31137183e-06
   1486  -8.47146478e-06
   1487  -8.46007649e-06
   1488  -8.44871115e-06
   1489  -8.43736869e-06
   1490  -8.42604906e-06
   1491  -8.02214025e-06
   1492  -8.01139212e-06
   1493  -8.00066557e-06
   1494  -7.98996055e-06
   1495  -7.97927700e-06
   1496  -7.75606107e-06
   1497  -7.74570412e-06
   1498  -7.73536790e-06
   1499  -7.72505236e-06
   1500  -7.71475744e-06
   1501  -7.34654150e-06
   1502  -7.33676404e-06
   1503  -7.32700608e-06
   1504  -7.31726758e-06
   1505  -7.30754848e-06
   1506  -7.05344022e-06
   1507  -7.04408398e-06
   1508  -7.03474633e-06
   1509  -7.02542725e-06
   1510  -7.01612667e-06
   1511  -6.91749093e-06
   1512  -6.90834535e-06
   1513  -6.89921789e-06
   1514  -6.89010851e-06
   1515  -6.88101716e-06
   1516  -6.56032503e-06
   1517  -6.55168023e-06
   1518  -6.54305250e-06
   1519  -6.53444181e-06
   1520  -6.52584810e-06
   1521  -6.58822132e-06
   1522  -6.57956827e-06
   1523  -6.57093225e-06
   1524  -6.56231322e-06
   1525  -6.55371114e-06
   1526  -6.74508089e-06
   1527  -6.73625081e-06
   1528  -6.72743805e-06
   1529  -6.71864258e-06
   1530  -6.70986434e-06
   1531  -6.56693234e-06
   1532  -6.55836351e-06
   1533  -6.54981145e-06
   1534  -6.54127611e-06
   1535  -6.53275743e-06
   1536  -6.39514808e-06
   1537  -6.38683054e-06
   1538  -6.37852922e-06
   1539  -6.37024407e-06
   1540  -6.36197505e-06
   1541  -6.01664395e-06
   1542  -6.00884405e-06
   1543  -6.00105932e-06
   1544  -5.99328970e-06
   1545  -5.98553516e-06
   1546  -6.14249768e-06
   1547  -6.13456035e-06
   1548  -6.12663840e-06
   1549  -6.11873179e-06
   1550  -6.11084047e-06
   1551  -5.63068146e-06
   1552  -5.62342893e-06
   1553  -5.61619041e-06
   1554  -5.60896585e-06
   1555  -5.60175522e-06
   1556  -5.53172894e-06
   1557  -5.52462674e-06
   1558  -5.51753821e-06
   1559  -5.51046331e-06
   1560  -5.50340201e-06
   1561  -5.28427371e-06
   1562  -5.27751092e-06
   1563  -5.27076110e-06
   1564  -5.26402423e-06
   1565  -5.25730027e-06
   1566  -5.13058505e-06
   1567  -5.12403989e-06
   1568  -5.11750725e-06
   1569  -5.11098710e-06
   1570  -5.10447940e-06
   1571  -5.10107722e-06
   1572  -5.09459040e-06
   1573  -5.08811594e-06
   1574  -5.08165381e-06
   1575  -5.07520399e-06
   1576  -5.08719214e-06
   1577  -5.08074347e-06
   1578  -5.07430706e-06
   1579  -5.06788287e-06
   1580  -5.06147087e-06
   1581  -4.98026132e-06
   1582  -4.97396814e-06
   1583  -4.96768689e-06
   1584  -4.96141753e-06
   1585  -4.95516002e-06
   1586  -4.95128175e-06
   1587  -4.94504490e-06
   1588  -4.93881982e-06
   1589  -4.93260650e-06
   1590  -4.92640488e-06
   1591  -4.72196974e-06
   1592  -4.71604042e-06
   1593  -4.71012225e-06
   1594  -4.70421521e-06
   1595  -4.69831928e-06
   1596  -4.48884502e-06
   1597  -4.48322607e-06
   1598  -4.47761765e-06
   1599  -4.47201976e-06
   1600  -4.46643235e-06
   1601  -4.18716182e-06
   1602  -4.18193685e-06
   1603  -4.17672165e-06
   1604  -4.17151620e-06
   1605  -4.16632048e-06
   1606  -3.93119319e-06
   1607  -3.92630289e-06
   1608  -3.92142171e-06
   1609  -3.91654962e-06
   1610  -3.91168660e-06
   1611  -3.84465251e-06
   1612  -3.83988469e-06
   1613  -3.83512573e-06
   1614  -3.83037561e-06
   1615  -3.82563431e-06
   1616  -3.65954991e-06
   1617  -3.65502567e-06
   1618  -3.65050980e-06
   1619  -3.64600231e-06
   1620  -3.64150315e-06
   1621  -3.60815308e-06
   1622  -3.60370612e-06
   1623  -3.59926737e-06
   1624  -3.59483682e-06
   1625  -3.59041445e-06
   1626  -3.50336054e-06
   1627  -3.49905600e-06
   1628  -3.49475938e-06
   1629  -3.49047068e-06
   1630  -3.48618986e-06
   1631  -3.55263449e-06
   1632  -3.54828277e-06
   1633  -3.54393904e-06
   1634  -3.53960328e-06
   1635  -3.53527548e-06
   1636  -3.40012728e-06
   1637  -3.39597509e-06
   1638  -3.39183050e-06
   1639  -3.38769349e-06
   1640  -3.38356404e-06
   1641  -3.33337142e-06
   1642  -3.32931314e-06
   1643  -3.32526227e-06
   1644  -3.32121878e-06
   1645  -3.31718267e-06
   1646  -3.10066677e-06
   1647  -3.09690326e-06
   1648  -3.09314659e-06
   1649  -3.08939675e-06
   1650  -3.08565373e-06
   1651  -2.97104712e-06
   1652  -2.96745185e-06
   1653  -2.96386309e-06
   1654  -2.96028084e-06
   1655  -2.95670509e-06
   1656  -2.75718643e-06
   1657  -2.75386001e-06
   1658  -2.75053960e-06
   1659  -2.74722520e-06
   1660  -2.74391679e-06
   1661  -2.57434176e-06
   1662  -2.57124527e-06
   1663  -2.56815437e-06
   1664  -2.56506904e-06
   1665  -2.56198926e-06
   1666  -2.58278403e-06
   1667  -2.57968670e-06
   1668  -2.57659494e-06
   1669  -2.57350874e-06
   1670  -2.57042807e-06
   1671  -2.51792317e-06
   1672  -2.51491265e-06
   1673  -2.51190753e-06
   1674  -2.50890779e-06
   1675  -2.50591342e-06
   1676  -2.53218302e-06
   1677  -2.52916447e-06
   1678  -2.52615132e-06
   1679  -2.52314355e-06
   1680  -2.52014115e-06
   1681  -2.44487850e-06
   1682  -2.44197269e-06
   1683  -2.43907205e-06
   1684  -2.43617658e-06
   1685  -2.43328627e-06
   1686  -2.37589006e-06
   1687  -2.37307461e-06
   1688  -2.37026416e-06
   1689  -2.36745869e-06
   1690  -2.36465821e-06
   1691  -2.27335028e-06
   1692  -2.27066430e-06
   1693  -2.26798307e-06
   1694  -2.26530659e-06
   1695  -2.26263485e-06
   1696  -2.12326190e-06
   1697  -2.12076064e-06
   1698  -2.11826379e-06
   1699  -2.11577135e-06
   1700  -2.11328330e-06
   1701  -1.97153608e-06
   1702  -1.96922037e-06
   1703  -1.96690874e-06
   1704  -1.96460118e-06
   1705  -1.96229767e-06
   1706  -1.79627098e-06
   1707  -1.79416731e-06
   1708  -1.79206734e-06
   1709  -1.78997105e-06
   1710  -1.78787843e-06
   1711  -1.68027986e-06
   1712  -1.67831777e-06
   1713  -1.67635912e-06
   1714  -1.67440390e-06
   1715  -1.67245210e-06
   1716  -1.64008385e-06
   1717  -1.63817428e-06
   1718  -1.63626804e-06
   1719  -1.63436513e-06
   1720  -1.63246553e-06
   1721  -1.56893223e-06
   1722  -1.56711080e-06
   1723  -1.56529254e-06
   1724  -1.56347745e-06
   1725  -1.56166551e-06
   1726  -1.59912776e-06
   1727  -1.59727665e-06
   1728  -1.59542875e-06
   1729  -1.59358406e-06
   1730  -1.59174257e-06
   1731  -1.53353389e-06
   1732  -1.53176383e-06
   1733  -1.52999683e-06
   1734  -1.52823289e-06
   1735  -1.52647200e-06
   1736  -1.51956045e-06
   1737  -1.51781156e-06
   1738  -1.51606570e-06
   1739  -1.51432285e-06
   1740  -1.51258299e-06
   1741  -1.46190589e-06
   1742  -1.46022819e-06
   1743  -1.45855338e-06
   1744  -1.45688145e-06
   1745  -1.45521239e-06
   1746  -1.34659545e-06
   1747  -1.34505450e-06
   1748  -1.34351619e-06
   1749  -1.34198053e-06
   1750  -1.34044749e-06
   1751  -1.27157253e-06
   1752  -1.27012158e-06
   1753  -1.26867312e-06
   1754  -1.26722713e-06
   1755  -1.26578361e-06
   1756  -1.16517258e-06
   1757  -1.16384682e-06
   1758  -1.16252333e-06
   1759  -1.16120209e-06
   1760  -1.15988311e-06
   1761  -1.12684846e-06
   1762  -1.12556995e-06
   1763  -1.12429361e-06
   1764  -1.12301944e-06
   1765  -1.12174744e-06
   1766  -1.06068380e-06
   1767  -1.05948376e-06
   1768  -1.05828576e-06
   1769  -1.05708979e-06
   1770  -1.05589584e-06
   1771  -1.04453336e-06
   1772  -1.04335493e-06
   1773  -1.04217849e-06
   1774  -1.04100404e-06
   1775  -1.03983157e-06
   1776  -1.05101764e-06
   1777  -1.04983523e-06
   1778  -1.04865481e-06
   1779  -1.04747638e-06
   1780  -1.04629994e-06
   1781  -1.01199226e-06
   1782  -1.01085694e-06
   1783  -1.00972353e-06
   1784  -1.00859203e-06
   1785  -1.00746243e-06
   1786  -9.94826558e-07
   1787  -9.93713621e-07
   1788  -9.92602550e-07
   1789  -9.91493342e-07
   1790  -9.90385993e-07
   1791  -9.31031084e-07
   1792  -9.29992421e-07
   1793  -9.28955496e-07
   1794  -9.27920304e-07
   1795  -9.26886841e-07
   1796  -8.74269370e-07
   1797  -8.73296744e-07
   1798  -8.72325740e-07
   1799  -8.71356354e-07
   1800  -8.70388584e-07
   1801  -7.98413403e-07
   1802  -7.97527630e-07
   1803  -7.96643331e-07
   1804  -7.95760501e-07
   1805  -7.94879138e-07
   1806  -7.19619233e-07
   1807  -7.18823084e-07
   1808  -7.18028255e-07
   1809  -7.17234744e-07
   1810  -7.16442548e-07
   1811  -6.74399481e-07
   1812  -6.73655419e-07
   1813  -6.72912588e-07
   1814  -6.72170984e-07
   1815  -6.71430606e-07
   1816  -6.35995905e-07
   1817  -6.35296144e-07
   1818  -6.34597536e-07
   1819  -6.33900080e-07
   1820  -6.33203774e-07
   1821  -6.38909967e-07
   1822  -6.38208927e-07
   1823  -6.37509041e-07
   1824  -6.36810305e-07
   1825  -6.36112717e-07
   1826  -6.15570615e-07
   1827  -6.14897032e-07
   1828  -6.14224554e-07
   1829  -6.13553179e-07
   1830  -6.12882904e-07
   1831  -6.05137141e-07
   1832  -6.04476781e-07
   1833  -6.03817502e-07
   1834  -6.03159300e-07
   1835  -6.02502175e-07
   1836  -5.96155265e-07
   1837  -5.95506476e-07
   1838  -5.94858747e-07
   1839  -5.94212073e-07
   1840  -5.93566454e-07
   1841  -5.69819709e-07
   1842  -5.69201264e-07
   1843  -5.68583825e-07
   1844  -5.67967391e-07
   1845  -5.67351958e-07
   1846  -5.43892358e-07
   1847  -5.43303650e-07
   1848  -5.42715898e-07
   1849  -5.42129099e-07
   1850  -5.41543251e-07
   1851  -5.04072656e-07
   1852  -5.03528521e-07
   1853  -5.02985267e-07
   1854  -5.02442892e-07
   1855  -5.01901394e-07
   1856  -4.74435739e-07
   1857  -4.73924975e-07
   1858  -4.73415036e-07
   1859  -4.72905919e-07
   1860  -4.72397623e-07
   1861  -4.54568260e-07
   1862  -4.54080199e-07
   1863  -4.53592923e-07
   1864  -4.53106431e-07
   1865  -4.52620721e-07
   1866  -4.41514927e-07
   1867  -4.41042150e-07
   1868  -4.40570131e-07
   1869  -4.40098870e-07
   1870  -4.39628365e-07
   1871  -4.41220332e-07
   1872  -4.40749132e-07
   1873  -4.40278686e-07
   1874  -4.39808993e-07
   1875  -4.39340051e-07
   1876  -4.25487404e-07
   1877  -4.25034215e-07
   1878  -4.24581750e-07
   1879  -4.24130008e-07
   1880  -4.23678986e-07
   1881  -4.28642604e-07
   1882  -4.28187268e-07
   1883  -4.27732656e-07
   1884  -4.27278768e-07
   1885  -4.26825602e-07
   1886  -4.17429314e-07
   1887  -4.16987064e-07
   1888  -4.16545516e-07
   1889  -4.16104668e-07
   1890  -4.15664521e-07
   1891  -4.09955368e-07
   1892  -4.09522183e-07
   1893  -4.09089684e-07
   1894  -4.08657870e-07
   1895  -4.08226740e-07
   1896  -4.08143449e-07
   1897  -4.07713315e-07
   1898  -4.07283860e-07
   1899  -4.06855084e-07
   1900  -4.06426984e-07
   1901  -3.84546248e-07
   1902  -3.84142048e-07
   1903  -3.83738484e-07
   1904  -3.83335556e-07
   1905  -3.82933263e-07
   1906  -3.79609936e-07
   1907  -3.79211970e-07
   1908  -3.78814629e-07
   1909  -3.78417913e-07
   1910  -3.78021819e-07
   1911  -3.74873953e-07
   1912  -3.74481979e-07
   1913  -3.74090620e-07
   1914  -3.73699873e-07
   1915  -3.73309739e-07
   1916  -3.66494814e-07
   1917  -3.66112601e-07
   1918  -3.65730985e-07
   1919  -3.65349966e-07
   1920  -3.64969542e-07
   1921  -3.65287286e-07
   1922  -3.64907323e-07
   1923  -3.64527952e-07
   1924  -3.64149172e-07
   1925  -3.63770983e-07
   1926  -3.62341939e-07
   1927  -3.61966017e-07
   1928  -3.61590679e-07
   1929  -3.61215925e-07
   1930  -3.60841754e-07
   1931  -3.70671213e-07
   1932  -3.70287644e-07
   1933  -3.69904671e-07
   1934  -3.69522291e-07
   1935  -3.69140504e-07
   1936  -3.64554915e-07
   1937  -3.64178649e-07
   1938  -3.63802965e-07
   1939  -3.63427862e-07
   1940  -3.63053339e-07
   1941  -3.68285837e-07
   1942  -3.67906699e-07
   1943  -3.67528145e-07
   1944  -3.67150175e-07
   1945  -3.66772789e-07
   1946  -3.72428287e-07
   1947  -3.72045868e-07
   1948  -3.71664038e-07
   1949  -3.71282795e-07
   1950  -3.70902139e-07
   1951  -3.63758537e-07
   1952  -3.63385977e-07
   1953  -3.63013988e-07
   1954  -3.62642571e-07
   1955  -3.62271724e-07
   1956  -3.81584081e-07
   1957  -3.81194262e-07
   1958  -3.80805040e-07
   1959  -3.80416414e-07
   1960  -3.80028383e-07
   1961  -3.64103289e-07
   1962  -3.63732275e-07
   1963  -3.63361829e-07
   1964  -3.62991948e-07
   1965  -3.62622631e-07
   1966  -3.76875993e-07
   1967  -3.76492940e-07
   1968  -3.76110471e-07
   1969  -3.75728585e-07
   1970  -3.75347280e-07
   1971  -3.76514840e-07
   1972  -3.76133125e-07
   1973  -3.75751989e-07
   1974  -3.75371433e-07
   1975  -3.74991454e-07
   1976  -3.74682304e-07
   1977  -3.74303406e-07
   1978  -3.73925083e-07
   1979  -3.73547333e-07
   1980  -3.73170155e-07
   1981  -3.79871241e-07
   1982  -3.79488065e-07
   1983  -3.79105468e-07
   1984  -3.78723450e-07
   1985  -3.78342008e-07
   1986  -3.80119628e-07
   1987  -3.79737166e-07
   1988  -3.79355281e-07
   1989  -3.78973971e-07
   1990  -3.78593236e-07
   1991  -3.97164649e-07
   1992  -3.96766040e-07
   1993  -3.96368030e-07
   1994  -3.95970619e-07
   1995  -3.95573805e-07
   1996  -4.00012708e-07
   1997  -3.99612245e-07
   1998  -3.99212383e-07
   1999  -3.98813121e-07
   2000  -3.98414457e-07
   2001  -4.10334801e-07
   2002  -4.09925029e-07
   2003  -4.09515871e-07
   2004  -4.09107326e-07
   2005  -4.08699391e-07
   2006  -4.23458660e-07
   2007  -4.23036836e-07
   2008  -4.22615642e-07
   2009  -4.22195076e-07
   2010  -4.21775138e-07
   2011  -4.24896347e-07
   2012  -4.24474142e-07
   2013  -4.24052566e-07
   2014  -4.23631618e-07
   2015  -4.23211296e-07
   2016  -4.37983324e-07
   2017  -4.37549193e-07
   2018  -4.37115708e-07
   2019  -4.36682867e-07
   2020  -4.36250668e-07
   2021  -4.35991779e-07
   2022  -4.35560691e-07
   2023  -4.35130242e-07
   2024  -4.34700431e-07
   2025  -4.34271256e-07
   2026  -4.33701506e-07
   2027  -4.33273739e-07
   2028  -4.32846606e-07
   2029  -4.32420103e-07
   2030  -4.31994231e-07
   2031  -4.49118537e-07
   2032  -4.48676654e-07
   2033  -4.48235423e-07
   2034  -4.47794843e-07
   2035  -4.47354912e-07
   2036  -4.44127778e-07
   2037  -4.43691878e-07
   2038  -4.43256619e-07
   2039  -4.42822001e-07
   2040  -4.42388021e-07
   2041  -4.66376764e-07
   2042  -4.65920147e-07
   2043  -4.65464201e-07
   2044  -4.65008924e-07
   2045  -4.64554314e-07
   2046  -4.65149764e-07
   2047  -4.64695461e-07
   2048  -4.64241823e-07
   2049  -4.63788848e-07
   2050  -4.63336537e-07
   2051  -4.82118721e-07
   2052  -4.81648991e-07
   2053  -4.81179948e-07
   2054  -4.80711589e-07
   2055  -4.80243914e-07
   2056  -4.98310389e-07
   2057  -4.97826064e-07
   2058  -4.97342444e-07
   2059  -4.96859529e-07
   2060  -4.96377316e-07
   2061  -5.03233556e-07
   2062  -5.02745631e-07
   2063  -5.02258415e-07
   2064  -5.01771907e-07
   2065  -5.01286106e-07
   2066  -5.12131827e-07
   2067  -5.11636476e-07
   2068  -5.11141842e-07
   2069  -5.10647926e-07
   2070  -5.10154725e-07
   2071  -5.02144613e-07
   2072  -5.01660093e-07
   2073  -5.01176274e-07
   2074  -5.00693154e-07
   2075  -5.00210733e-07
   2076  -5.19353925e-07
   2077  -5.18854005e-07
   2078  -5.18354807e-07
   2079  -5.17856329e-07
   2080  -5.17358570e-07
   2081  -5.24008794e-07
   2082  -5.23505605e-07
   2083  -5.23003140e-07
   2084  -5.22501398e-07
   2085  -5.22000378e-07
   2086  -5.38112427e-07
   2087  -5.37596931e-07
   2088  -5.37082177e-07
   2089  -5.36568161e-07
   2090  -5.36054883e-07
   2091  -5.28332074e-07
   2092  -5.27827158e-07
   2093  -5.27322964e-07
   2094  -5.26819493e-07
   2095  -5.26316743e-07
   2096  -5.48546039e-07
   2097  -5.48023054e-07
   2098  -5.47500816e-07
   2099  -5.46979325e-07
   2100  -5.46458578e-07
   2101  -5.60433859e-07
   2102  -5.59900810e-07
   2103  -5.59368522e-07
   2104  -5.58836993e-07
   2105  -5.58306220e-07
   2106  -5.63294212e-07
   2107  -5.62759713e-07
   2108  -5.62225976e-07
   2109  -5.61692997e-07
   2110  -5.61160776e-07
   2111  -5.80381844e-07
   2112  -5.79832435e-07
   2113  -5.79283806e-07
   2114  -5.78735955e-07
   2115  -5.78188881e-07
   2116  -5.84325913e-07
   2117  -5.83774077e-07
   2118  -5.83223022e-07
   2119  -5.82672746e-07
   2120  -5.82123249e-07
   2121  -5.84518620e-07
   2122  -5.83967902e-07
   2123  -5.83417962e-07
   2124  -5.82868798e-07
   2125  -5.82320409e-07
   2126  -5.83231844e-07
   2127  -5.82683630e-07
   2128  -5.82136188e-07
   2129  -5.81589517e-07
   2130  -5.81043615e-07
   2131  -5.87941752e-07
   2132  -5.87390406e-07
   2133  -5.86839835e-07
   2134  -5.86290038e-07
   2135  -5.85741013e-07
   2136  -6.03228538e-07
   2137  -6.02664180e-07
   2138  -6.02100613e-07
   2139  -6.01537836e-07
   2140  -6.00975848e-07
   2141  -6.03012423e-07
   2142  -6.02449583e-07
   2143  -6.01887531e-07
   2144  -6.01326265e-07
   2145  -6.00765784e-07
   2146  -6.09227445e-07
   2147  -6.08660128e-07
   2148  -6.08093604e-07
   2149  -6.07527869e-07
   2150  -6.06962924e-07
   2151  -6.03528840e-07
   2152  -6.02968135e-07
   2153  -6.02408211e-07
   2154  -6.01849066e-07
   2155  -6.01290700e-07
   2156  -6.14612540e-07
   2157  -6.14042861e-07
   2158  -6.13473974e-07
   2159  -6.12905877e-07
   2160  -6.12338568e-07
   2161  -6.42794231e-07
   2162  -6.42199808e-07
   2163  -6.41606209e-07
   2164  -6.41013433e-07
   2165  -6.40421477e-07
   2166  -6.27405139e-07
   2167  -6.26826285e-07
   2168  -6.26248232e-07
   2169  -6.25670978e-07
   2170  -6.25094522e-07
   2171  -6.39300064e-07
   2172  -6.38711593e-07
   2173  -6.38123934e-07
   2174  -6.37537086e-07
   2175  -6.36951047e-07
   2176  -6.26921387e-07
   2177  -6.26345635e-07
   2178  -6.25770677e-07
   2179  -6.25196509e-07
   2180  -6.24623132e-07
   2181  -6.38917971e-07
   2182  -6.38332546e-07
   2183  -6.37747925e-07
   2184  -6.37164108e-07
   2185  -6.36581091e-07
   2186  -6.44860327e-07
   2187  -6.44270808e-07
   2188  -6.43682097e-07
   2189  -6.43094192e-07
   2190  -6.42507093e-07
   2191  -6.34131340e-07
   2192  -6.33552951e-07
   2193  -6.32975353e-07
   2194  -6.32398544e-07
   2195  -6.31822524e-07
   2196  -6.50216331e-07
   2197  -6.49624620e-07
   2198  -6.49033716e-07
   2199  -6.48443618e-07
   2200  -6.47854325e-07
   2201  -6.35697022e-07
   2202  -6.35119837e-07
   2203  -6.34543438e-07
   2204  -6.33967823e-07
   2205  -6.33392991e-07
   2206  -6.52490402e-07
   2207  -6.51899311e-07
   2208  -6.51309023e-07
   2209  -6.50719536e-07
   2210  -6.50130850e-07
   2211  -6.48320276e-07
   2212  -6.47734290e-07
   2213  -6.47149098e-07
   2214  -6.46564699e-07
   2215  -6.45981091e-07
   2216  -6.42322907e-07
   2217  -6.41743650e-07
   2218  -6.41165177e-07
   2219  -6.40587486e-07
   2220  -6.40010575e-07
   2221  -6.56426081e-07
   2222  -6.55835438e-07
   2223  -6.55245591e-07
   2224  -6.54656540e-07
   2225  -6.54068283e-07
   2226  -6.41346209e-07
   2227  -6.40770429e-07
   2228  -6.40195425e-07
   2229  -6.39621194e-07
   2230  -6.39047736e-07
   2231  -6.51693189e-07
   2232  -6.51109431e-07
   2233  -6.50526457e-07
   2234  -6.49944265e-07
   2235  -6.49362855e-07
   2236  -6.49450864e-07
   2237  -6.48870415e-07
   2238  -6.48290743e-07
   2239  -6.47711847e-07
   2240  -6.47133726e-07
   2241  -6.32609652e-07
   2242  -6.32045514e-07
   2243  -6.31482131e-07
   2244  -6.30919501e-07
   2245  -6.30357622e-07
   2246  -6.62508352e-07
   2247  -6.61918866e-07
   2248  -6.61330167e-07
   2249  -6.60742252e-07
   2250  -6.60155122e-07
   2251  -6.37270055e-07
   2252  -6.36704285e-07
   2253  -6.36139267e-07
   2254  -6.35575001e-07
   2255  -6.35011486e-07
   2256  -6.45853316e-07
   2257  -6.45281195e-07
   2258  -6.44709834e-07
   2259  -6.44139231e-07
   2260  -6.43569385e-07
   2261  -6.39628344e-07
   2262  -6.39062989e-07
   2263  -6.38498383e-07
   2264  -6.37934525e-07
   2265  -6.37371414e-07
   2266  -6.41241911e-07
   2267  -6.40676380e-07
   2268  -6.40111596e-07
   2269  -6.39547559e-07
   2270  -6.38984267e-07
   2271  -6.48938197e-07
   2272  -6.48367137e-07
   2273  -6.47796831e-07
   2274  -6.47227276e-07
   2275  -6.46658473e-07
   2276  -6.29241741e-07
   2277  -6.28689229e-07
   2278  -6.28137445e-07
   2279  -6.27586387e-07
   2280  -6.27036054e-07
   2281  -6.48631307e-07
   2282  -6.48063017e-07
   2283  -6.47495474e-07
   2284  -6.46928677e-07
   2285  -6.46362623e-07
   2286  -6.38763828e-07
   2287  -6.38205407e-07
   2288  -6.37647718e-07
   2289  -6.37090760e-07
   2290  -6.36534531e-07
   2291  -6.34215852e-07
   2292  -6.33662616e-07
   2293  -6.33110104e-07
   2294  -6.32558314e-07
   2295  -6.32007245e-07
   2296  -6.28274996e-07
   2297  -6.27728135e-07
   2298  -6.27181988e-07
   2299  -6.26636553e-07
   2300  -6.26091829e-07
   2301  -6.15175707e-07
   2302  -6.14641410e-07
   2303  -6.14107810e-07
   2304  -6.13574903e-07
   2305  -6.13042691e-07
   2306  -6.33910320e-07
   2307  -6.33360945e-07
   2308  -6.32812284e-07
   2309  -6.32264335e-07
   2310  -6.31717098e-07
   2311  -6.13089719e-07
   2312  -6.12559537e-07
   2313  -6.12030042e-07
   2314  -6.11501233e-07
   2315  -6.10973109e-07
   2316  -6.16255712e-07
   2317  -6.15723942e-07
   2318  -6.15192859e-07
   2319  -6.14662463e-07
   2320  -6.14132753e-07
   2321  -6.08651794e-07
   2322  -6.08127716e-07
   2323  -6.07604314e-07
   2324  -6.07081587e-07
   2325  -6.06559535e-07
   2326  -6.09355339e-07
   2327  -6.08831781e-07
   2328  -6.08308899e-07
   2329  -6.07786689e-07
   2330  -6.07265152e-07
   2331  -6.13524101e-07
   2332  -6.12998092e-07
   2333  -6.12472759e-07
   2334  -6.11948101e-07
   2335  -6.11424116e-07
   2336  -5.95373591e-07
   2337  -5.94864235e-07
   2338  -5.94355532e-07
   2339  -5.93847482e-07
   2340  -5.93340082e-07
   2341  -5.98342374e-07
   2342  -5.97831571e-07
   2343  -5.97321421e-07
   2344  -5.96811924e-07
   2345  -5.96303079e-07
   2346  -5.88446293e-07
   2347  -5.87945008e-07
   2348  -5.87444363e-07
   2349  -5.86944357e-07
   2350  -5.86444989e-07
   2351  -5.82646358e-07
   2352  -5.82151068e-07
   2353  -5.81656410e-07
   2354  -5.81162381e-07
   2355  -5.80668982e-07
   2356  -5.63656967e-07
   2357  -5.63178836e-07
   2358  -5.62701312e-07
   2359  -5.62224396e-07
   2360  -5.61748086e-07
   2361  -5.56320709e-07
   2362  -5.55849800e-07
   2363  -5.55379488e-07
   2364  -5.54909773e-07
   2365  -5.54440653e-07
   2366  -5.63494607e-07
   2367  -5.63018632e-07
   2368  -5.62543260e-07
   2369  -5.62068490e-07
   2370  -5.61594321e-07
   2371  -5.56253727e-07
   2372  -5.55784859e-07
   2373  -5.55316583e-07
   2374  -5.54848899e-07
   2375  -5.54381805e-07
   2376  -5.56902337e-07
   2377  -5.56433909e-07
   2378  -5.55966072e-07
   2379  -5.55498824e-07
   2380  -5.55032166e-07
   2381  -5.54663962e-07
   2382  -5.54198396e-07
   2383  -5.53733416e-07
   2384  -5.53269020e-07
   2385  -5.52805209e-07
   2386  -5.43670737e-07
   2387  -5.43215353e-07
   2388  -5.42760542e-07
   2389  -5.42306302e-07
   2390  -5.41852631e-07
   2391  -5.51869247e-07
   2392  -5.51407962e-07
   2393  -5.50947256e-07
   2394  -5.50487127e-07
   2395  -5.50027574e-07
   2396  -5.24147129e-07
   2397  -5.23709930e-07
   2398  -5.23273278e-07
   2399  -5.22837171e-07
   2400  -5.22401610e-07
   2401  -5.22505017e-07
   2402  -5.22070094e-07
   2403  -5.21635715e-07
   2404  -5.21201877e-07
   2405  -5.20768580e-07
   2406  -5.06231104e-07
   2407  -5.05810603e-07
   2408  -5.05390625e-07
   2409  -5.04971170e-07
   2410  -5.04552237e-07
   2411  -5.03111532e-07
   2412  -5.02694488e-07
   2413  -5.02277963e-07
   2414  -5.01861954e-07
   2415  -5.01446463e-07
   2416  -5.01980491e-07
   2417  -5.01565245e-07
   2418  -5.01150514e-07
   2419  -5.00736298e-07
   2420  -5.00322594e-07
   2421  -4.90858231e-07
   2422  -4.90453024e-07
   2423  -4.90048318e-07
   2424  -4.89644112e-07
   2425  -4.89240407e-07
   2426  -4.95935600e-07
   2427  -4.95527044e-07
   2428  -4.95118993e-07
   2429  -4.94711446e-07
   2430  -4.94304401e-07
   2431  -4.82754114e-07
   2432  -4.82357234e-07
   2433  -4.81960844e-07
   2434  -4.81564942e-07
   2435  -4.81169528e-07
   2436  -4.84368838e-07
   2437  -4.83971448e-07
   2438  -4.83574547e-07
   2439  -4.83178134e-07
   2440  -4.82782208e-07
   2441  -4.78205441e-07
   2442  -4.77813910e-07
   2443  -4.77422860e-07
   2444  -4.77032291e-07
   2445  -4.76642200e-07
   2446  -4.59040582e-07
   2447  -4.58665510e-07
   2448  -4.58290898e-07
   2449  -4.57916745e-07
   2450  -4.57543050e-07
   2451  -4.54774377e-07
   2452  -4.54403549e-07
   2453  -4.54033174e-07
   2454  -4.53663252e-07
   2455  -4.53293782e-07
   2456  -4.44180166e-07
   2457  -4.43818713e-07
   2458  -4.43457701e-07
   2459  -4.43097130e-07
   2460  -4.42736998e-07
   2461  -4.38191797e-07
   2462  -4.37835942e-07
   2463  -4.37480519e-07
   2464  -4.37125530e-07
   2465  -4.36770972e-07
   2466  -4.29315441e-07
   2467  -4.28967500e-07
   2468  -4.28619982e-07
   2469  -4.28272886e-07
   2470  -4.27926212e-07
   2471  -4.19468025e-07
   2472  -4.19128753e-07
   2473  -4.18789892e-07
   2474  -4.18451442e-07
   2475  -4.18113401e-07
   2476  -4.22451937e-07
   2477  -4.22110940e-07
   2478  -4.21770357e-07
   2479  -4.21430185e-07
   2480  -4.21090425e-07
   2481  -4.11413124e-07
   2482  -4.11081706e-07
   2483  -4.10750689e-07
   2484  -4.10420072e-07
   2485  -4.10089854e-07
   2486  -4.15828615e-07
   2487  -4.15494314e-07
   2488  -4.15160416e-07
   2489  -4.14826920e-07
   2490  -4.14493826e-07
   2491  -4.04849593e-07
   2492  -4.04524772e-07
   2493  -4.04200341e-07
   2494  -4.03876300e-07
   2495  -4.03552649e-07
   2496  -3.93089701e-07
   2497  -3.92774946e-07
   2498  -3.92460569e-07
   2499  -3.92146569e-07
   2500  -3.91832946e-07
   2501  -3.79759933e-07
   2502  -3.79456459e-07
   2503  -3.79153349e-07
   2504  -3.78850601e-07
   2505  -3.78548216e-07
   2506  -3.61851789e-07
   2507  -3.61563202e-07
   2508  -3.61274960e-07
   2509  -3.60987063e-07
   2510  -3.60699510e-07
   2511  -3.66731795e-07
   2512  -3.66439898e-07
   2513  -3.66148349e-07
   2514  -3.65857149e-07
   2515  -3.65566295e-07
   2516  -3.54569157e-07
   2517  -3.54287502e-07
   2518  -3.54006182e-07
   2519  -3.53725197e-07
   2520  -3.53444546e-07
   2521  -3.53265906e-07
   2522  -3.52985842e-07
   2523  -3.52706111e-07
   2524  -3.52426712e-07
   2525  -3.52147645e-07
   2526  -3.46628765e-07
   2527  -3.46354506e-07
   2528  -3.46080572e-07
   2529  -3.45806964e-07
   2530  -3.45533680e-07
   2531  -3.43338019e-07
   2532  -3.43066900e-07
   2533  -3.42796102e-07
   2534  -3.42525625e-07
   2535  -3.42255468e-07
   2536  -3.43558909e-07
   2537  -3.43288151e-07
   2538  -3.43017712e-07
   2539  -3.42747593e-07
   2540  -3.42477792e-07
   2541  -3.33540260e-07
   2542  -3.33277914e-07
   2543  -3.33015878e-07
   2544  -3.32754150e-07
   2545  -3.32492730e-07
   2546  -3.26616242e-07
   2547  -3.26359846e-07
   2548  -3.26103752e-07
   2549  -3.25847959e-07
   2550  -3.25592467e-07
   2551  -3.06457733e-07
   2552  -3.06217633e-07
   2553  -3.05977815e-07
   2554  -3.05738278e-07
   2555  -3.05499023e-07
   2556  -3.01272826e-07
   2557  -3.01037250e-07
   2558  -3.00801949e-07
   2559  -3.00566925e-07
   2560  -3.00332176e-07
   2561  -2.94416195e-07
   2562  -2.94186429e-07
   2563  -2.93956932e-07
   2564  -2.93727704e-07
   2565  -2.93498743e-07
   2566  -2.88285712e-07
   2567  -2.88061168e-07
   2568  -2.87836887e-07
   2569  -2.87612868e-07
   2570  -2.87389110e-07
   2571  -2.90628307e-07
   2572  -2.90402379e-07
   2573  -2.90176714e-07
   2574  -2.89951312e-07
   2575  -2.89726173e-07
   2576  -2.80112567e-07
   2577  -2.79895236e-07
   2578  -2.79678158e-07
   2579  -2.79461332e-07
   2580  -2.79244758e-07
   2581  -2.82103914e-07
   2582  -2.81885462e-07
   2583  -2.81667263e-07
   2584  -2.81449317e-07
   2585  -2.81231625e-07
   2586  -2.76940088e-07
   2587  -2.76726048e-07
   2588  -2.76512257e-07
   2589  -2.76298714e-07
   2590  -2.76085417e-07
   2591  -2.70044225e-07
   2592  -2.69835918e-07
   2593  -2.69627852e-07
   2594  -2.69420026e-07
   2595  -2.69212440e-07
   2596  -2.62541177e-07
   2597  -2.62339047e-07
   2598  -2.62137151e-07
   2599  -2.61935487e-07
   2600  -2.61734056e-07
   2601  -2.45937691e-07
   2602  -2.45748708e-07
   2603  -2.45559943e-07
   2604  -2.45371395e-07
   2605  -2.45183064e-07
   2606  -2.43288960e-07
   2607  -2.43102370e-07
   2608  -2.42915996e-07
   2609  -2.42729835e-07
   2610  -2.42543889e-07
   2611  -2.32901110e-07
   2612  -2.32722829e-07
   2613  -2.32544754e-07
   2614  -2.32366882e-07
   2615  -2.32189215e-07
   2616  -2.33079249e-07
   2617  -2.32901173e-07
   2618  -2.32723301e-07
   2619  -2.32545633e-07
   2620  -2.32368168e-07
   2621  -2.24503386e-07
   2622  -2.24332189e-07
   2623  -2.24161188e-07
   2624  -2.23990382e-07
   2625  -2.23819772e-07
   2626  -2.24003433e-07
   2627  -2.23832942e-07
   2628  -2.23662646e-07
   2629  -2.23492544e-07
   2630  -2.23322636e-07
   2631  -2.25473045e-07
   2632  -2.25301762e-07
   2633  -2.25130673e-07
   2634  -2.24959780e-07
   2635  -2.24789081e-07
   2636  -2.17764042e-07
   2637  -2.17598928e-07
   2638  -2.17434003e-07
   2639  -2.17269264e-07
   2640  -2.17104713e-07
   2641  -2.13009753e-07
   2642  -2.12848550e-07
   2643  -2.12687530e-07
   2644  -2.12526693e-07
   2645  -2.12366037e-07
   2646  -2.04530546e-07
   2647  -2.04376053e-07
   2648  -2.04221734e-07
   2649  -2.04067590e-07
   2650  -2.03913620e-07
   2651  -1.93766368e-07
   2652  -1.93620281e-07
   2653  -1.93474359e-07
   2654  -1.93328602e-07
   2655  -1.93183010e-07
   2656  -1.90631429e-07
   2657  -1.90487976e-07
   2658  -1.90344684e-07
   2659  -1.90201554e-07
   2660  -1.90058586e-07
   2661  -1.78932633e-07
   2662  -1.78798236e-07
   2663  -1.78663990e-07
   2664  -1.78529896e-07
   2665  -1.78395952e-07
   2666  -1.80759323e-07
   2667  -1.80623809e-07
   2668  -1.80488446e-07
   2669  -1.80353236e-07
   2670  -1.80218178e-07
   2671  -1.75711132e-07
   2672  -1.75579648e-07
   2673  -1.75448312e-07
   2674  -1.75317124e-07
   2675  -1.75186082e-07
   2676  -1.71195701e-07
   2677  -1.71067836e-07
   2678  -1.70940114e-07
   2679  -1.70812534e-07
   2680  -1.70685098e-07
   2681  -1.72944889e-07
   2682  -1.72815958e-07
   2683  -1.72687171e-07
   2684  -1.72558528e-07
   2685  -1.72430028e-07
   2686  -1.67290204e-07
   2687  -1.67165720e-07
   2688  -1.67041376e-07
   2689  -1.66917170e-07
   2690  -1.66793102e-07
   2691  -1.65945545e-07
   2692  -1.65822291e-07
   2693  -1.65699175e-07
   2694  -1.65576195e-07
   2695  -1.65453353e-07
   2696  -1.53993797e-07
   2697  -1.53879632e-07
   2698  -1.53765594e-07
   2699  -1.53651683e-07
   2700  -1.53537899e-07
   2701  -1.48694282e-07
   2702  -1.48584250e-07
   2703  -1.48474341e-07
   2704  -1.48364553e-07
   2705  -1.48254887e-07
   2706  -1.42779494e-07
   2707  -1.42674034e-07
   2708  -1.42568691e-07
   2709  -1.42463465e-07
   2710  -1.42358355e-07
   2711  -1.37623217e-07
   2712  -1.37521753e-07
   2713  -1.37420401e-07
   2714  -1.37319161e-07
   2715  -1.37218033e-07
   2716  -1.37294315e-07
   2717  -1.37193280e-07
   2718  -1.37092356e-07
   2719  -1.36991544e-07
   2720  -1.36890842e-07
   2721  -1.29937572e-07
   2722  -1.29842126e-07
   2723  -1.29746785e-07
   2724  -1.29651549e-07
   2725  -1.29556418e-07
   2726  -1.30984637e-07
   2727  -1.30888598e-07
   2728  -1.30792665e-07
   2729  -1.30696838e-07
   2730  -1.30601116e-07
   2731  -1.29179435e-07
   2732  -1.29084893e-07
   2733  -1.28990455e-07
   2734  -1.28896121e-07
   2735  -1.28801890e-07
   2736  -1.24021662e-07
   2737  -1.23931061e-07
   2738  -1.23840559e-07
   2739  -1.23750156e-07
   2740  -1.23659852e-07
   2741  -1.23772137e-07
   2742  -1.23681883e-07
   2743  -1.23591728e-07
   2744  -1.23501671e-07
   2745  -1.23411712e-07
   2746  -1.15629655e-07
   2747  -1.15545491e-07
   2748  -1.15461420e-07
   2749  -1.15377441e-07
   2750  -1.15293553e-07
   2751  -1.11986928e-07
   2752  -1.11905564e-07
   2753  -1.11824289e-07
   2754  -1.11743102e-07
   2755  -1.11662004e-07
   2756  -1.07100802e-07
   2757  -1.07023129e-07
   2758  -1.06945541e-07
   2759  -1.06868038e-07
   2760  -1.06790618e-07
   2761  -1.03291926e-07
   2762  -1.03217151e-07
   2763  -1.03142458e-07
   2764  -1.03067845e-07
   2765  -1.02993314e-07
   2766  -1.01771301e-07
   2767  -1.01697760e-07
   2768  -1.01624299e-07
   2769  -1.01550918e-07
   2770  -1.01477616e-07
   2771  -9.73509707e-08
   2772  -9.72807509e-08
   2773  -9.72106071e-08
   2774  -9.71405390e-08
   2775  -9.70705468e-08
   2776  -9.89481375e-08
   2777  -9.88768941e-08
   2778  -9.88057277e-08
   2779  -9.87346380e-08
   2780  -9.86636251e-08
   2781  -9.48009785e-08
   2782  -9.47328437e-08
   2783  -9.46647824e-08
   2784  -9.45967944e-08
   2785  -9.45288796e-08
   2786  -9.41683190e-08
   2787  -9.41007604e-08
   2788  -9.40332744e-08
   2789  -9.39658610e-08
   2790  -9.38985201e-08
   2791  -9.13475085e-08
   2792  -9.12820909e-08
   2793  -9.12167435e-08
   2794  -9.11514663e-08
   2795  -9.10862591e-08
   2796  -8.64498410e-08
   2797  -8.63880415e-08
   2798  -8.63263082e-08
   2799  -8.62646410e-08
   2800  -8.62030399e-08
   2801  -8.22998386e-08
   2802  -8.22411107e-08
   2803  -8.21824456e-08
   2804  -8.21238433e-08
   2805  -8.20653036e-08
   2806  -7.66851317e-08
   2807  -7.66305078e-08
   2808  -7.65759422e-08
   2809  -7.65214349e-08
   2810  -7.64669858e-08
   2811  -7.45970652e-08
   2812  -7.45440231e-08
   2813  -7.44910376e-08
   2814  -7.44381085e-08
   2815  -7.43852358e-08
   2816  -7.35524727e-08
   2817  -7.35002662e-08
   2818  -7.34481152e-08
   2819  -7.33960197e-08
   2820  -7.33439797e-08
   2821  -7.16714418e-08
   2822  -7.16206605e-08
   2823  -7.15699332e-08
   2824  -7.15192597e-08
   2825  -7.14686400e-08
   2826  -7.06730737e-08
   2827  -7.06230884e-08
   2828  -7.05731560e-08
   2829  -7.05232766e-08
   2830  -7.04734500e-08
   2831  -6.91151693e-08
   2832  -6.90663721e-08
   2833  -6.90176265e-08
   2834  -6.89689325e-08
   2835  -6.89202901e-08
   2836  -6.85021243e-08
   2837  -6.84538452e-08
   2838  -6.84056170e-08
   2839  -6.83574398e-08
   2840  -6.83093135e-08
   2841  -6.59974725e-08
   2842  -6.59510404e-08
   2843  -6.59046572e-08
   2844  -6.58583230e-08
   2845  -6.58120376e-08
   2846  -6.31410390e-08
   2847  -6.30966945e-08
   2848  -6.30523967e-08
   2849  -6.30081455e-08
   2850  -6.29639409e-08
   2851  -5.98490257e-08
   2852  -5.98070668e-08
   2853  -5.97651521e-08
   2854  -5.97232815e-08
   2855  -5.96814548e-08
   2856  -5.70794004e-08
   2857  -5.70394533e-08
   2858  -5.69995482e-08
   2859  -5.69596848e-08
   2860  -5.69198633e-08
   2861  -5.56191259e-08
   2862  -5.55802688e-08
   2863  -5.55414524e-08
   2864  -5.55026766e-08
   2865  -5.54639414e-08
   2866  -5.39991170e-08
   2867  -5.39614574e-08
   2868  -5.39238372e-08
   2869  -5.38862564e-08
   2870  -5.38487148e-08
   2871  -5.29238239e-08
   2872  -5.28869785e-08
   2873  -5.28501715e-08
   2874  -5.28134030e-08
   2875  -5.27766728e-08
   2876  -5.13043043e-08
   2877  -5.12686484e-08
   2878  -5.12330297e-08
   2879  -5.11974482e-08
   2880  -5.11619036e-08
   2881  -5.07349281e-08
   2882  -5.06997291e-08
   2883  -5.06645667e-08
   2884  -5.06294409e-08
   2885  -5.05943516e-08
   2886  -4.97139516e-08
   2887  -4.96795207e-08
   2888  -4.96451255e-08
   2889  -4.96107660e-08
   2890  -4.95764422e-08
   2891  -4.82450855e-08
   2892  -4.82117296e-08
   2893  -4.81784084e-08
   2894  -4.81451216e-08
   2895  -4.81118693e-08
   2896  -4.65504579e-08
   2897  -4.65183292e-08
   2898  -4.64862338e-08
   2899  -4.64541716e-08
   2900  -4.64221425e-08
   2901  -4.33688187e-08
   2902  -4.33389375e-08
   2903  -4.33090871e-08
   2904  -4.32792677e-08
   2905  -4.32494789e-08
   2906  -4.15574165e-08
   2907  -4.15288326e-08
   2908  -4.15002782e-08
   2909  -4.14717532e-08
   2910  -4.14432576e-08
   2911  -3.90987657e-08
   2912  -3.90719191e-08
   2913  -3.90451001e-08
   2914  -3.90183087e-08
   2915  -3.89915449e-08
   2916  -3.80993122e-08
   2917  -3.80731967e-08
   2918  -3.80471080e-08
   2919  -3.80210461e-08
   2920  -3.79950110e-08
   2921  -3.81421781e-08
   2922  -3.81160779e-08
   2923  -3.80900045e-08
   2924  -3.80639578e-08
   2925  -3.80379379e-08
   2926  -3.65448730e-08
   2927  -3.65199085e-08
   2928  -3.64949696e-08
   2929  -3.64700563e-08
   2930  -3.64451684e-08
   2931  -3.66784931e-08
   2932  -3.66534801e-08
   2933  -3.66284926e-08
   2934  -3.66035307e-08
   2935  -3.65785943e-08
   2936  -3.54784706e-08
   2937  -3.54543171e-08
   2938  -3.54301882e-08
   2939  -3.54060840e-08
   2940  -3.53820044e-08
   2941  -3.40950609e-08
   2942  -3.40718887e-08
   2943  -3.40487401e-08
   2944  -3.40256150e-08
   2945  -3.40025135e-08
   2946  -3.31659063e-08
   2947  -3.31434038e-08
   2948  -3.31209242e-08
   2949  -3.30984674e-08
   2950  -3.30760335e-08
   2951  -3.03052484e-08
   2952  -3.02847216e-08
   2953  -3.02642156e-08
   2954  -3.02437305e-08
   2955  -3.02232662e-08
   2956  -2.93119141e-08
   2957  -2.92920936e-08
   2958  -2.92722933e-08
   2959  -2.92525131e-08
   2960  -2.92327529e-08
   2961  -2.79947930e-08
   2962  -2.79758952e-08
   2963  -2.79570165e-08
   2964  -2.79381569e-08
   2965  -2.79193163e-08
   2966  -2.73732914e-08
   2967  -2.73548442e-08
   2968  -2.73364157e-08
   2969  -2.73180058e-08
   2970  -2.72996144e-08
   2971  -2.70872541e-08
   2972  -2.70690304e-08
   2973  -2.70508250e-08
   2974  -2.70326381e-08
   2975  -2.70144695e-08
   2976  -2.57991549e-08
   2977  -2.57818269e-08
   2978  -2.57645164e-08
   2979  -2.57472234e-08
   2980  -2.57299477e-08
   2981  -2.61665783e-08
   2982  -2.61490330e-08
   2983  -2.61315054e-08
   2984  -2.61139954e-08
   2985  -2.60965029e-08
   2986  -2.51628983e-08
   2987  -2.51460543e-08
   2988  -2.51292272e-08
   2989  -2.51124169e-08
   2990  -2.50956235e-08
   2991  -2.46796237e-08
   2992  -2.46631307e-08
   2993  -2.46466543e-08
   2994  -2.46301944e-08
   2995  -2.46137510e-08
   2996  -2.33278840e-08
   2997  -2.33123204e-08
   2998  -2.32967724e-08
   2999  -2.32812399e-08
   3000  -2.32657229e-08
   3001  -2.17640431e-08
   3002  -2.17495470e-08
   3003  -2.17350654e-08
   3004  -2.17205983e-08
   3005  -2.17061456e-08
   3006  -2.11481844e-08
   3007  -2.11341220e-08
   3008  -2.11200735e-08
   3009  -2.11060391e-08
   3010  -2.10920187e-08
   3011  -1.99277788e-08
   3012  -1.99145498e-08
   3013  -1.99013340e-08
   3014  -1.98881314e-08
   3015  -1.98749419e-08
   3016  -1.93500431e-08
   3017  -1.93372190e-08
   3018  -1.93244075e-08
   3019  -1.93116089e-08
   3020  -1.92988229e-08
   3021  -1.89571238e-08
   3022  -1.89445809e-08
   3023  -1.89320504e-08
   3024  -1.89195323e-08
   3025  -1.89070266e-08
   3026  -1.83595185e-08
   3027  -1.83473910e-08
   3028  -1.83352755e-08
   3029  -1.83231720e-08
   3030  -1.83110805e-08
   3031  -1.87680501e-08
   3032  -1.87556732e-08
   3033  -1.87433085e-08
   3034  -1.87309561e-08
   3035  -1.87186158e-08
   3036  -1.82312557e-08
   3037  -1.82192525e-08
   3038  -1.82072613e-08
   3039  -1.81952818e-08
   3040  -1.81833142e-08
   3041  -1.80554785e-08
   3042  -1.80436106e-08
   3043  -1.80317545e-08
   3044  -1.80199100e-08
   3045  -1.80080772e-08
   3046  -1.73572160e-08
   3047  -1.73458258e-08
   3048  -1.73344468e-08
   3049  -1.73230790e-08
   3050  -1.73117224e-08
   3051  -1.68896074e-08
   3052  -1.68785422e-08
   3053  -1.68674879e-08
   3054  -1.68564444e-08
   3055  -1.68454118e-08
   3056  -1.64268513e-08
   3057  -1.64161069e-08
   3058  -1.64053730e-08
   3059  -1.63946497e-08
   3060  -1.63839369e-08
   3061  -1.56456022e-08
   3062  -1.56353855e-08
   3063  -1.56251788e-08
   3064  -1.56149821e-08
   3065  -1.56047953e-08
   3066  -1.55997151e-08
   3067  -1.55895449e-08
   3068  -1.55793847e-08
   3069  -1.55692345e-08
   3070  -1.55590941e-08
   3071  -1.51971303e-08
   3072  -1.51872387e-08
   3073  -1.51773568e-08
   3074  -1.51674846e-08
   3075  -1.51576220e-08
   3076  -1.50120978e-08
   3077  -1.50023425e-08
   3078  -1.49925968e-08
   3079  -1.49828605e-08
   3080  -1.49731338e-08
   3081  -1.41015836e-08
   3082  -1.40924349e-08
   3083  -1.40832951e-08
   3084  -1.40741642e-08
   3085  -1.40650421e-08
   3086  -1.31107549e-08
   3087  -1.31022628e-08
   3088  -1.30937789e-08
   3089  -1.30853033e-08
   3090  -1.30768359e-08
   3091  -1.16646719e-08
   3092  -1.16571287e-08
   3093  -1.16495928e-08
   3094  -1.16420641e-08
   3095  -1.16345428e-08
   3096  -9.33594747e-09
   3097  -9.32991990e-09
   3098  -9.32389817e-09
   3099  -9.31788227e-09
   3100  -9.31187218e-09
   3101  -7.02154688e-09
   3102  -7.01702086e-09
   3103  -7.01249922e-09
   3104  -7.00798195e-09
   3105  -7.00346904e-09
   3106  -4.70712027e-09
   3107  -4.70409099e-09
   3108  -4.70106463e-09
   3109  -4.69804120e-09
   3110  -4.69502068e-09
   3111  -3.27272533e-09
   3112  -3.27062255e-09
   3113  -3.26852179e-09
   3114  -3.26642305e-09
   3115  -3.26432633e-09
   3116  -2.24562839e-09
   3117  -2.24418784e-09
   3118  -2.24274868e-09
   3119  -2.24131091e-09
   3120  -2.23987452e-09
   3121  -1.64870550e-09
   3122  -1.64764957e-09
   3123  -1.64659465e-09
   3124  -1.64554075e-09
   3125  -1.64448785e-09
   3126  -1.32299367e-09
   3127  -1.32214770e-09
   3128  -1.32130254e-09
   3129  -1.32045819e-09
   3130  -1.31961465e-09
   3131  -1.09526625e-09
   3132  -1.09456702e-09
   3133  -1.09386845e-09
   3134  -1.09317055e-09
   3135  -1.09247332e-09
   3136  -9.80249743e-10
   3137  -9.79624933e-10
   3138  -9.79000719e-10
   3139  -9.78377102e-10
   3140  -9.77754081e-10
   3141  -8.49197479e-10
   3142  -8.48657063e-10
   3143  -8.48117161e-10
   3144  -8.47577775e-10
   3145  -8.47038904e-10
   3146  -7.55141208e-10
   3147  -7.54661410e-10
   3148  -7.54182070e-10
   3149  -7.53703186e-10
   3150  -7.53224759e-10
   3151  -6.92076488e-10
   3152  -6.91637458e-10
   3153  -6.91198845e-10
   3154  -6.90760649e-10
   3155  -6.90322870e-10
   3156  -6.11357404e-10
   3157  -6.10970193e-10
   3158  -6.10583350e-10
   3159  -6.10196875e-10
   3160  -6.09810766e-10
   3161  -5.63633482e-10
   3162  -5.63277062e-10
   3163  -5.62920980e-10
   3164  -5.62565236e-10
   3165  -5.62209829e-10
   3166  -5.20408528e-10
   3167  -5.20079961e-10
   3168  -5.19751705e-10
   3169  -5.19423760e-10
   3170  -5.19096126e-10
   3171  -4.93244056e-10
   3172  -4.92933130e-10
   3173  -4.92622499e-10
   3174  -4.92312161e-10
   3175  -4.92002116e-10
   3176  -4.65426809e-10
   3177  -4.65133881e-10
   3178  -4.64841229e-10
   3179  -4.64548853e-10
   3180  -4.64256753e-10
   3181  -4.22154026e-10
   3182  -4.21888749e-10
   3183  -4.21623723e-10
   3184  -4.21358946e-10
   3185  -4.21094419e-10
   3186  -4.02433012e-10
   3187  -4.02180525e-10
   3188  -4.01928276e-10
   3189  -4.01676263e-10
   3190  -4.01424488e-10
   3191  -3.64807272e-10
   3192  -3.64578750e-10
   3193  -3.64350442e-10
   3194  -3.64122349e-10
   3195  -3.63894470e-10
   3196  -3.51500820e-10
   3197  -3.51280977e-10
   3198  -3.51061341e-10
   3199  -3.50841910e-10
   3200  -3.50622685e-10
   3201  -3.27747344e-10
   3202  -3.27542678e-10
   3203  -3.27338203e-10
   3204  -3.27133920e-10
   3205  -3.26929828e-10
   3206  -3.04458202e-10
   3207  -3.04268376e-10
   3208  -3.04078726e-10
   3209  -3.03889255e-10
   3210  -3.03699960e-10
   3211  -2.93615853e-10
   3212  -2.93433071e-10
   3213  -2.93250460e-10
   3214  -2.93068019e-10
   3215  -2.92885749e-10
   3216  -2.73283423e-10
   3217  -2.73113563e-10
   3218  -2.72943862e-10
   3219  -2.72774318e-10
   3220  -2.72604932e-10
   3221  -2.62992711e-10
   3222  -2.62829501e-10
   3223  -2.62666443e-10
   3224  -2.62503536e-10
   3225  -2.62340781e-10
   3226  -2.50574783e-10
   3227  -2.50419520e-10
   3228  -2.50264401e-10
   3229  -2.50109427e-10
   3230  -2.49954596e-10
   3231  -2.31830079e-10
   3232  -2.31686653e-10
   3233  -2.31543360e-10
   3234  -2.31400200e-10
   3235  -2.31257173e-10
   3236  -2.28166767e-10
   3237  -2.28025825e-10
   3238  -2.27885014e-10
   3239  -2.27744334e-10
   3240  -2.27603783e-10
   3241  -2.09634960e-10
   3242  -2.09505665e-10
   3243  -2.09376490e-10
   3244  -2.09247435e-10
   3245  -2.09118499e-10
   3246  -2.04762041e-10
   3247  -2.04635946e-10
   3248  -2.04509968e-10
   3249  -2.04384106e-10
   3250  -2.04258360e-10
   3251  -1.93112938e-10
   3252  -1.92994200e-10
   3253  -1.92875571e-10
   3254  -1.92757052e-10
   3255  -1.92638642e-10
   3256  -1.82080084e-10
   3257  -1.81968302e-10
   3258  -1.81856622e-10
   3259  -1.81745045e-10
   3260  -1.81633570e-10
   3261  -1.77782755e-10
   3262  -1.77673778e-10
   3263  -1.77564901e-10
   3264  -1.77456124e-10
   3265  -1.77347447e-10
   3266  -1.63068856e-10
   3267  -1.62969051e-10
   3268  -1.62869338e-10
   3269  -1.62769716e-10
   3270  -1.62670185e-10
   3271  -1.60126392e-10
   3272  -1.60028538e-10
   3273  -1.59930773e-10
   3274  -1.59833098e-10
   3275  -1.59735512e-10
   3276  -1.49969519e-10
   3277  -1.49878012e-10
   3278  -1.49786588e-10
   3279  -1.49695248e-10
   3280  -1.49603991e-10
   3281  -1.43814200e-10
   3282  -1.43726582e-10
   3283  -1.43639044e-10
   3284  -1.43551586e-10
   3285  -1.43464208e-10
   3286  -1.37622398e-10
   3287  -1.37538680e-10
   3288  -1.37455038e-10
   3289  -1.37371473e-10
   3290  -1.37287983e-10
   3291  -1.27383502e-10
   3292  -1.27306130e-10
   3293  -1.27228828e-10
   3294  -1.27151597e-10
   3295  -1.27074436e-10
   3296  -1.26091907e-10
   3297  -1.26015435e-10
   3298  -1.25939033e-10
   3299  -1.25862701e-10
   3300  -1.25786438e-10
