     50   1.18216287e-11
     51   8.79412506e-12
     52   8.46072142e-12
     53   8.14592469e-12
     54   7.84837563e-12
     55   7.56683685e-12
     56   3.97815275e-12
     57   3.84038910e-12
     58   3.70965968e-12
     59   3.58549360e-12
     60   3.46745876e-12
     61   2.11784151e-12
     62   2.05034385e-12
     63   1.98602235e-12
     64   1.92468082e-12
     65   1.86613797e-12
     66   5.32840276e-12
     67   5.17111326e-12
     68   5.02068693e-12
     69   4.87673021e-12
     70   4.73887735e-12
     71   3.68931408e-12
     72   3.58789328e-12
     73   3.49059788e-12
     74   3.39720713e-12
     75   3.30751487e-12
     76   5.65106953e-12
     77   5.50570897e-12
     78   5.36588572e-12
     79   5.23132207e-12
     80   5.10175750e-12
     81   8.63339239e-12
     82   8.42473612e-12
     83   8.22355384e-12
     84   8.02949280e-12
     85   7.84222083e-12
     86   6.83314548e-12
     87   6.67740810e-12
     88   6.52693492e-12
     89   6.38149133e-12
     90   6.24085564e-12
     91   7.28429843e-12
     92   7.12722807e-12
     93   6.97518381e-12
     94   6.82795349e-12
     95   6.68533600e-12
     96   5.14566492e-12
     97   5.04038486e-12
     98   4.93830310e-12
     99   4.83929139e-12
    100   4.74322784e-12
    101   1.99846083e-12
    102   1.95956204e-12
    103   1.92178802e-12
    104   1.88509580e-12
    105   1.84944448e-12
    106   1.54205489e-12
    107   1.51343253e-12
    108   1.48559973e-12
    109   1.45852772e-12
    110   1.43218903e-12
    111   3.79162503e-12
    112   3.72436883e-12
    113   3.65888638e-12
    114   3.59511585e-12
    115   3.53299810e-12
    116   5.47079360e-12
    117   5.37787268e-12
    118   5.28729920e-12
    119   5.19899474e-12
    120   5.11288414e-12
    121   9.79226780e-12
    122   9.63272165e-12
    123   9.47704322e-12
    124   9.32510850e-12
    125   9.17679841e-12
    126   1.29849195e-11
    127   1.27816355e-11
    128   1.25830881e-11
    129   1.23891313e-11
    130   1.21996247e-11
    131   1.16401598e-11
    132   1.14647920e-11
    133   1.12933577e-11
    134   1.11257400e-11
    135   1.09618266e-11
    136   8.68226069e-12
    137   8.55620371e-12
    138   8.43287226e-12
    139   8.31218831e-12
    140   8.19407664e-12
    141   4.86884395e-12
    142   4.80062961e-12
    143   4.73383885e-12
    144   4.66843234e-12
    145   4.60437209e-12
    146   4.32126741e-12
    147   4.26277361e-12
    148   4.20545949e-12
    149   4.14929356e-12
    150   4.09424535e-12
    151   6.91941483e-12
    152   6.82881766e-12
    153   6.73998822e-12
    154   6.65288082e-12
    155   6.56745124e-12
    156   7.40975627e-12
    157   7.31581395e-12
    158   7.22364691e-12
    159   7.13321068e-12
    160   7.04446221e-12
    161   1.78292372e-11
    162   1.76101391e-11
    163   1.73950549e-11
    164   1.71838873e-11
    165   1.69765417e-11
    166   1.50288999e-11
    167   1.48497190e-11
    168   1.46737235e-11
    169   1.45008383e-11
    170   1.43309907e-11
    171   1.77843167e-11
    172   1.75784215e-11
    173   1.73760812e-11
    174   1.71772145e-11
    175   1.69817424e-11
    176   2.44646919e-11
    177   2.41894228e-11
    178   2.39187735e-11
    179   2.36526412e-11
    180   2.33909261e-11
    181   1.43697853e-11
    182   1.42125245e-11
    183   1.40578312e-11
    184   1.39056499e-11
    185   1.37559263e-11
    186   1.65418340e-11
    187   1.63656237e-11
    188   1.61922140e-11
    189   1.60215460e-11
    190   1.58535621e-11
    191   1.42950000e-11
    192   1.41466739e-11
    193   1.40006445e-11
    194   1.38568645e-11
    195   1.37152880e-11
    196   1.58797998e-11
    197   1.57191957e-11
    198   1.55610159e-11
    199   1.54052117e-11
    200   1.52517359e-11
    201   1.57900019e-11
    202   1.56342443e-11
    203   1.54807800e-11
    204   1.53295643e-11
    205   1.51805534e-11
    206   7.14720559e-12
    207   7.07840006e-12
    208   7.01058335e-12
    209   6.94373659e-12
    210   6.87784139e-12
    211   8.10870206e-13
    212   8.03247486e-13
    213   7.95731751e-13
    214   7.88321009e-13
    215   7.81013312e-13
    216   0.00000000e+00
    217   0.00000000e+00
    218   0.00000000e+00
    219   0.00000000e+00
    220   0.00000000e+00
    221   0.00000000e+00
    222   0.00000000e+00
    223   0.00000000e+00
    224   0.00000000e+00
    225   0.00000000e+00
    226   4.34180833e-13
    227   4.30368063e-13
    228   4.26605295e-13
    229   4.22891661e-13
    230   4.19226307e-13
    231   0.00000000e+00
    232   0.00000000e+00
    233   0.00000000e+00
    234   0.00000000e+00
    235   0.00000000e+00
    236   0.00000000e+00
    237   0.00000000e+00
    238   0.00000000e+00
    239   0.00000000e+00
    240   0.00000000e+00
    241   0.00000000e+00
    242   0.00000000e+00
    243   0.00000000e+00
    244   0.00000000e+00
    245   0.00000000e+00
    246   1.75716115e-11
    247   1.74297624e-11
    248   1.72896241e-11
    249   1.71511690e-11
    250   1.70143705e-11
    251   2.00924535e-10
    252   1.99334633e-10
    253   1.97763527e-10
    254   1.96210923e-10
    255   1.94676531e-10
    256   2.98421268e-10
    257   2.96105688e-10
    258   2.93816955e-10
    259   2.91554655e-10
    260   2.89318384e-10
    261   5.91645025e-10
    262   5.87141554e-10
    263   5.82689308e-10
    264   5.78287512e-10
    265   5.73935407e-10
    266   5.32268631e-10
    267   5.28292779e-10
    268   5.24361308e-10
    269   5.20473560e-10
    270   5.16628890e-10
    271   1.10938265e-09
    272   1.10124788e-09
    273   1.09320225e-09
    274   1.08524447e-09
    275   1.07737327e-09
    276   2.38940560e-09
    277   2.37220021e-09
    278   2.35517998e-09
    279   2.33834227e-09
    280   2.32168448e-09
    281   1.12741385e-08
    282   1.11943923e-08
    283   1.11154893e-08
    284   1.10374175e-08
    285   1.09601655e-08
    286   2.07819355e-08
    287   2.06374915e-08
    288   2.04945481e-08
    289   2.03530848e-08
    290   2.02130811e-08
    291   3.45921783e-08
    292   3.43558531e-08
    293   3.41219414e-08
    294   3.38904105e-08
    295   3.36612282e-08
    296   5.10442761e-08
    297   5.07014102e-08
    298   5.03619872e-08
    299   5.00259613e-08
    300   4.96932873e-08
    301   6.21819848e-08
    302   6.17712046e-08
    303   6.13644815e-08
    304   6.09617621e-08
    305   6.05629943e-08
    306   9.93832790e-08
    307   9.87374100e-08
    308   9.80978167e-08
    309   9.74644180e-08
    310   9.68371342e-08
    311   1.01923360e-07
    312   1.01271573e-07
    313   1.00626018e-07
    314   9.99866168e-08
    315   9.93532903e-08
    316   1.38940981e-07
    317   1.38066453e-07
    318   1.37200155e-07
    319   1.36341985e-07
    320   1.35491842e-07
    321   1.73547207e-07
    322   1.72471781e-07
    323   1.71406320e-07
    324   1.70350702e-07
    325   1.69304805e-07
    326   1.70047839e-07
    327   1.69010172e-07
    328   1.67981975e-07
    329   1.66963133e-07
    330   1.65953531e-07
    331   2.30863574e-07
    332   2.29475966e-07
    333   2.28100832e-07
    334   2.26738021e-07
    335   2.25387387e-07
    336   2.19250012e-07
    337   2.17951717e-07
    338   2.16664919e-07
    339   2.15389484e-07
    340   2.14125278e-07
    341   2.96858288e-07
    342   2.95126077e-07
    343   2.93408982e-07
    344   2.91706830e-07
    345   2.90019447e-07
    346   3.14537416e-07
    347   3.12728433e-07
    348   3.10935011e-07
    349   3.09156973e-07
    350   3.07394142e-07
    351   3.14896275e-07
    352   3.13110898e-07
    353   3.11340663e-07
    354   3.09585397e-07
    355   3.07844934e-07
    356   4.02351217e-07
    357   4.00101878e-07
    358   3.97871348e-07
    359   3.95659419e-07
    360   3.93465884e-07
    361   3.82732377e-07
    362   3.80622208e-07
    363   3.78529443e-07
    364   3.76453890e-07
    365   3.74395362e-07
    366   4.56090360e-07
    367   4.53609927e-07
    368   4.51149673e-07
    369   4.48709380e-07
    370   4.46288834e-07
    371   4.54555658e-07
    372   4.52116731e-07
    373   4.49697381e-07
    374   4.47297398e-07
    375   4.44916576e-07
    376   5.12180850e-07
    377   5.09469109e-07
    378   5.06778847e-07
    379   5.04109837e-07
    380   5.01461857e-07
    381   5.81967508e-07
    382   5.78926532e-07
    383   5.75909329e-07
    384   5.72915652e-07
    385   5.69945257e-07
    386   5.53222737e-07
    387   5.50369238e-07
    388   5.47537760e-07
    389   5.44728077e-07
    390   5.41939964e-07
    391   6.64764962e-07
    392   6.61379785e-07
    393   6.58020399e-07
    394   6.54686545e-07
    395   6.51377962e-07
    396   6.43973312e-07
    397   6.40735235e-07
    398   6.37521520e-07
    399   6.34331922e-07
    400   6.31166202e-07
    401   7.49778564e-07
    402   7.46055273e-07
    403   7.42359648e-07
    404   7.38691414e-07
    405   7.35050302e-07
    406   7.87498794e-07
    407   7.83636143e-07
    408   7.79801842e-07
    409   7.75995614e-07
    410   7.72217186e-07
    411   8.00717870e-07
    412   7.96837957e-07
    413   7.92986177e-07
    414   7.89162257e-07
    415   7.85365931e-07
    416   8.67164602e-07
    417   8.63013011e-07
    418   8.58891162e-07
    419   8.54798772e-07
    420   8.50735562e-07
    421   9.17646801e-07
    422   9.13305484e-07
    423   9.08994903e-07
    424   9.04714766e-07
    425   9.00464789e-07
    426   1.00688831e-06
    427   1.00218048e-06
    428   9.97505593e-07
    429   9.92863338e-07
    430   9.88253414e-07
    431   1.07581976e-06
    432   1.07084775e-06
    433   1.06591012e-06
    434   1.06100658e-06
    435   1.05613678e-06
    436   1.15296556e-06
    437   1.14769787e-06
    438   1.14246621e-06
    439   1.13727023e-06
    440   1.13210962e-06
    441   1.14657596e-06
    442   1.14139662e-06
    443   1.13625231e-06
    444   1.13114269e-06
    445   1.12606746e-06
    446   1.24139898e-06
    447   1.23585393e-06
    448   1.23034595e-06
    449   1.22487472e-06
    450   1.21943989e-06
    451   1.30110343e-06
    452   1.29535587e-06
    453   1.28964632e-06
    454   1.28397444e-06
    455   1.27833989e-06
    456   1.40576782e-06
    457   1.39962575e-06
    458   1.39352384e-06
    459   1.38746175e-06
    460   1.38143914e-06
    461   1.45047438e-06
    462   1.44420546e-06
    463   1.43797708e-06
    464   1.43178891e-06
    465   1.42564060e-06
    466   1.37475618e-06
    467   1.36887802e-06
    468   1.36303748e-06
    469   1.35723424e-06
    470   1.35146798e-06
    471   1.63487237e-06
    472   1.62795594e-06
    473   1.62108331e-06
    474   1.61425411e-06
    475   1.60746797e-06
    476   1.60498033e-06
    477   1.59826142e-06
    478   1.59158461e-06
    479   1.58494956e-06
    480   1.57835591e-06
    481   1.80572987e-06
    482   1.79824886e-06
    483   1.79081424e-06
    484   1.78342564e-06
    485   1.77608267e-06
    486   1.75611856e-06
    487   1.74891767e-06
    488   1.74176098e-06
    489   1.73464813e-06
    490   1.72757876e-06
    491   1.72239598e-06
    492   1.71540503e-06
    493   1.70845656e-06
    494   1.70155023e-06
    495   1.69468568e-06
    496   1.98090203e-06
    497   1.97294261e-06
    498   1.96503107e-06
    499   1.95716702e-06
    500   1.94935008e-06
    501   1.85724338e-06
    502   1.84985504e-06
    503   1.84251071e-06
    504   1.83521003e-06
    505   1.82795266e-06
    506   2.12168567e-06
    507   2.11332847e-06
    508   2.10502055e-06
    509   2.09676153e-06
    510   2.08855101e-06
    511   2.11856911e-06
    512   2.11030556e-06
    513   2.10209027e-06
    514   2.09392285e-06
    515   2.08580294e-06
    516   2.17819826e-06
    517   2.16978418e-06
    518   2.16141875e-06
    519   2.15310161e-06
    520   2.14483238e-06
    521   2.42014541e-06
    522   2.41088613e-06
    523   2.40167989e-06
    524   2.39252628e-06
    525   2.38342491e-06
    526   2.15665729e-06
    527   2.14848427e-06
    528   2.14035762e-06
    529   2.13227699e-06
    530   2.12424204e-06
    531   2.60991595e-06
    532   2.60011806e-06
    533   2.59037523e-06
    534   2.58068707e-06
    535   2.57105315e-06
    536   2.50626311e-06
    537   2.49694182e-06
    538   2.48767244e-06
    539   2.47845458e-06
    540   2.46928785e-06
    541   2.77849326e-06
    542   2.76825469e-06
    543   2.75807261e-06
    544   2.74794660e-06
    545   2.73787626e-06
    546   2.78550585e-06
    547   2.77533514e-06
    548   2.76522003e-06
    549   2.75516012e-06
    550   2.74515500e-06
    551   2.64884752e-06
    552   2.63926327e-06
    553   2.62973095e-06
    554   2.62025018e-06
    555   2.61082058e-06
    556   3.08567656e-06
    557   3.07461184e-06
    558   3.06360653e-06
    559   3.05266019e-06
    560   3.04177242e-06
    561   2.87251166e-06
    562   2.86230283e-06
    563   2.85214833e-06
    564   2.84204776e-06
    565   2.83200076e-06
    566   3.23541819e-06
    567   3.22402086e-06
    568   3.21268365e-06
    569   3.20140614e-06
    570   3.19018790e-06
    571   3.11223263e-06
    572   3.10136495e-06
    573   3.09055410e-06
    574   3.07979968e-06
    575   3.06910129e-06
    576   3.39623750e-06
    577   3.38448074e-06
    578   3.37278491e-06
    579   3.36114961e-06
    580   3.34957442e-06
    581   3.48240519e-06
    582   3.47045357e-06
    583   3.45856337e-06
    584   3.44673417e-06
    585   3.43496556e-06
    586   3.45392886e-06
    587   3.44217581e-06
    588   3.43048265e-06
    589   3.41884897e-06
    590   3.40727437e-06
    591   3.83194266e-06
    592   3.81901330e-06
    593   3.80614926e-06
    594   3.79335011e-06
    595   3.78061541e-06
    596   3.78182656e-06
    597   3.76917303e-06
    598   3.75658290e-06
    599   3.74405574e-06
    600   3.73159114e-06
    601   4.05836230e-06
    602   4.04489615e-06
    603   4.03149692e-06
    604   4.01816415e-06
    605   4.00489742e-06
    606   3.99977431e-06
    607   3.98661175e-06
    608   3.97351406e-06
    609   3.96048081e-06
    610   3.94751158e-06
    611   3.95313022e-06
    612   3.94022731e-06
    613   3.92738747e-06
    614   3.91461029e-06
    615   3.90189537e-06
    616   4.57931224e-06
    617   4.56448647e-06
    618   4.54973258e-06
    619   4.53505011e-06
    620   4.52043860e-06
    621   4.35976372e-06
    622   4.34576208e-06
    623   4.33182778e-06
    624   4.31796039e-06
    625   4.30415948e-06
    626   4.80378048e-06
    627   4.78847574e-06
    628   4.77324401e-06
    629   4.75808485e-06
    630   4.74299778e-06
    631   4.62765184e-06
    632   4.61302474e-06
    633   4.59846687e-06
    634   4.58397782e-06
    635   4.56955713e-06
    636   4.81583915e-06
    637   4.80073657e-06
    638   4.78570491e-06
    639   4.77074375e-06
    640   4.75585263e-06
    641   5.20206474e-06
    642   5.18587785e-06
    643   5.16976639e-06
    644   5.15372990e-06
    645   5.13776791e-06
    646   4.85388777e-06
    647   4.83890086e-06
    648   4.82398325e-06
    649   4.80913452e-06
    650   4.79435424e-06
    651   5.43845503e-06
    652   5.42179183e-06
    653   5.40520509e-06
    654   5.38869435e-06
    655   5.37225915e-06
    656   5.34047155e-06
    657   5.32423295e-06
    658   5.30806831e-06
    659   5.29197716e-06
    660   5.27595908e-06
    661   5.63699508e-06
    662   5.61998417e-06
    663   5.60305013e-06
    664   5.58619253e-06
    665   5.56941088e-06
    666   5.88831073e-06
    667   5.87067446e-06
    668   5.85311731e-06
    669   5.83563880e-06
    670   5.81823847e-06
    671   5.71082434e-06
    672   5.69384680e-06
    673   5.67694485e-06
    674   5.66011804e-06
    675   5.64336594e-06
    676   6.57162897e-06
    677   6.55223650e-06
    678   6.53292973e-06
    679   6.51370817e-06
    680   6.49457132e-06
    681   6.25295287e-06
    682   6.23463592e-06
    683   6.21639933e-06
    684   6.19824264e-06
    685   6.18016538e-06
    686   6.98627122e-06
    687   6.96595492e-06
    688   6.94572711e-06
    689   6.92558728e-06
    690   6.90553492e-06
    691   6.87519240e-06
    692   6.85534342e-06
    693   6.83558028e-06
    694   6.81590247e-06
    695   6.79630952e-06
    696   6.78955387e-06
    697   6.77009259e-06
    698   6.75071488e-06
    699   6.73142024e-06
    700   6.71220820e-06
    701   7.12885429e-06
    702   7.10856585e-06
    703   7.08836389e-06
    704   7.06824793e-06
    705   7.04821748e-06
    706   6.42143970e-06
    707   6.40329364e-06
    708   6.38522439e-06
    709   6.36723151e-06
    710   6.34931458e-06
    711   7.13407896e-06
    712   7.11406051e-06
    713   7.09412619e-06
    714   7.07427555e-06
    715   7.05450811e-06
    716   7.26263647e-06
    717   7.24239924e-06
    718   7.22224649e-06
    719   7.20217773e-06
    720   7.18219251e-06
    721   8.35289967e-06
    722   8.32978546e-06
    723   8.30676707e-06
    724   8.28384395e-06
    725   8.26101559e-06
    726   9.23470863e-06
    727   9.20932985e-06
    728   9.18405554e-06
    729   9.15888513e-06
    730   9.13381806e-06
    731   9.79726695e-06
    732   9.77052586e-06
    733   9.74389412e-06
    734   9.71737111e-06
    735   9.69095624e-06
    736   1.12207674e-05
    737   1.11903486e-05
    738   1.11600532e-05
    739   1.11298807e-05
    740   1.10998304e-05
    741   1.17109023e-05
    742   1.16793684e-05
    743   1.16479617e-05
    744   1.16166815e-05
    745   1.15855271e-05
    746   1.28502957e-05
    747   1.28159251e-05
    748   1.27816923e-05
    749   1.27475964e-05
    750   1.27136368e-05
    751   1.37032404e-05
    752   1.36668319e-05
    753   1.36305683e-05
    754   1.35944489e-05
    755   1.35584729e-05
    756   1.37282683e-05
    757   1.36920340e-05
    758   1.36559430e-05
    759   1.36199945e-05
    760   1.35841877e-05
    761   1.68722763e-05
    762   1.68280357e-05
    763   1.67839688e-05
    764   1.67400748e-05
    765   1.66963528e-05
    766   1.66389546e-05
    767   1.65956099e-05
    768   1.65524343e-05
    769   1.65094270e-05
    770   1.64665872e-05
    771   1.73964911e-05
    772   1.73514663e-05
    773   1.73066160e-05
    774   1.72619393e-05
    775   1.72174355e-05
    776   1.69480890e-05
    777   1.69045066e-05
    778   1.68610922e-05
    779   1.68178448e-05
    780   1.67747635e-05
    781   1.61852774e-05
    782   1.61439225e-05
    783   1.61027259e-05
    784   1.60616868e-05
    785   1.60208044e-05
    786   1.43551193e-05
    787   1.43186735e-05
    788   1.42823662e-05
    789   1.42461969e-05
    790   1.42101648e-05
    791   1.12234284e-05
    792   1.11951132e-05
    793   1.11669051e-05
    794   1.11388034e-05
    795   1.11108077e-05
    796   7.27185614e-06
    797   7.25362523e-06
    798   7.23546279e-06
    799   7.21736848e-06
    800   7.19934197e-06
    801   1.79738514e-06
    802   1.79290707e-06
    803   1.78844572e-06
    804   1.78400100e-06
    805   1.77957282e-06
    806  -3.47572253e-06
    807  -3.46711660e-06
    808  -3.45854259e-06
    809  -3.45000034e-06
    810  -3.44148971e-06
    811  -7.36099803e-06
    812  -7.34288423e-06
    813  -7.32483720e-06
    814  -7.30685663e-06
    815  -7.28894219e-06
    816  -8.82109079e-06
    817  -8.79951674e-06
    818  -8.77802174e-06
    819  -8.75660541e-06
    820  -8.73526736e-06
    821  -6.51952205e-06
    822  -6.50367393e-06
    823  -6.48788352e-06
    824  -6.47215056e-06
    825  -6.45647475e-06
    826   2.36273430e-06
    827   2.35702549e-06
    828   2.35133735e-06
    829   2.34566977e-06
    830   2.34002266e-06
    831   2.04136949e-05
    832   2.03646677e-05
    833   2.03158170e-05
    834   2.02671418e-05
    835   2.02186413e-05
    836   4.63488199e-05
    837   4.62381692e-05
    838   4.61279143e-05
    839   4.60180533e-05
    840   4.59085842e-05
    841   8.24309988e-05
    842   8.22353750e-05
    843   8.20404467e-05
    844   8.18462107e-05
    845   8.16526637e-05
    846   1.37999264e-04
    847   1.37673698e-04
    848   1.37349283e-04
    849   1.37026013e-04
    850   1.36703884e-04
    851   1.83382429e-04
    852   1.82952332e-04
    853   1.82523747e-04
    854   1.82096666e-04
    855   1.81671083e-04
    856   2.42490349e-04
    857   2.41924939e-04
    858   2.41361504e-04
    859   2.40800035e-04
    860   2.40240523e-04
    861   2.71206818e-04
    862   2.70578115e-04
    863   2.69951596e-04
    864   2.69327250e-04
    865   2.68705068e-04
    866   3.19855820e-04
    867   3.19118613e-04
    868   3.18383952e-04
    869   3.17651824e-04
    870   3.16922220e-04
    871   3.21513171e-04
    872   3.20776390e-04
    873   3.20042138e-04
    874   3.19310404e-04
    875   3.18581177e-04
    876   2.68447360e-04
    877   2.67835689e-04
    878   2.67226105e-04
    879   2.66618601e-04
    880   2.66013166e-04
    881   1.62087575e-04
    882   1.61720342e-04
    883   1.61354355e-04
    884   1.60989610e-04
    885   1.60626100e-04
    886  -5.89288708e-05
    887  -5.87961108e-05
    888  -5.86637989e-05
    889  -5.85319331e-05
    890  -5.84005114e-05
    891  -4.14485845e-04
    892  -4.13557285e-04
    893  -4.12631843e-04
    894  -4.11709503e-04
    895  -4.10790252e-04
    896  -8.88007703e-04
    897  -8.86029407e-04
    898  -8.84057715e-04
    899  -8.82092597e-04
    900  -8.80134024e-04
    901  -1.39144032e-03
    902  -1.38835765e-03
    903  -1.38528522e-03
    904  -1.38222297e-03
    905  -1.37917086e-03
    906  -1.93257593e-03
    907  -1.92831798e-03
    908  -1.92407409e-03
    909  -1.91984420e-03
    910  -1.91562824e-03
    911  -2.10244968e-03
    912  -2.09784283e-03
    913  -2.09325111e-03
    914  -2.08867445e-03
    915  -2.08411278e-03
    916  -2.33099739e-03
    917  -2.32591758e-03
    918  -2.32085436e-03
    919  -2.31580766e-03
    920  -2.31077739e-03
    921  -2.05069962e-03
    922  -2.04625486e-03
    923  -2.04182454e-03
    924  -2.03740859e-03
    925  -2.03300695e-03
    926  -1.60426283e-03
    927  -1.60080444e-03
    928  -1.59735721e-03
    929  -1.59392111e-03
    930  -1.59049609e-03
    931  -6.35875990e-04
    932  -6.34512546e-04
    933  -6.33153484e-04
    934  -6.31798783e-04
    935  -6.30448425e-04
    936   1.19198467e-03
    937   1.18944245e-03
    938   1.18690835e-03
    939   1.18438234e-03
    940   1.18186439e-03
    941   4.37010213e-03
    942   4.36083116e-03
    943   4.35158967e-03
    944   4.34237752e-03
    945   4.33319459e-03
    946   8.45031054e-03
    947   8.43247818e-03
    948   8.41470221e-03
    949   8.39698239e-03
    950   8.37931848e-03
    951   1.35893393e-02
    952   1.35608128e-02
    953   1.35323760e-02
    954   1.35040285e-02
    955   1.34757700e-02
    956   1.78593854e-02
    957   1.78220909e-02
    958   1.77849131e-02
    959   1.77478516e-02
    960   1.77109058e-02
    961   2.01802301e-02
    962   2.01383081e-02
    963   2.00965165e-02
    964   2.00548549e-02
    965   2.00133228e-02
    966   2.38033058e-02
    967   2.37541127e-02
    968   2.37050720e-02
    969   2.36561829e-02
    970   2.36074450e-02
    971   2.27890248e-02
    972   2.27421699e-02
    973   2.26954594e-02
    974   2.26488927e-02
    975   2.26024692e-02
    976   2.48240420e-02
    977   2.47732641e-02
    978   2.47226419e-02
    979   2.46721746e-02
    980   2.46218618e-02
    981   2.35892352e-02
    982   2.35412286e-02
    983   2.34933684e-02
    984   2.34456541e-02
    985   2.33980849e-02
    986   2.12624635e-02
    987   2.12194112e-02
    988   2.11764896e-02
    989   2.11336980e-02
    990   2.10910360e-02
    991   1.89877568e-02
    992   1.89495040e-02
    993   1.89113666e-02
    994   1.88733443e-02
    995   1.88354365e-02
    996   1.38267573e-02
    997   1.37990414e-02
    998   1.37714088e-02
    999   1.37438591e-02
   1000   1.37163920e-02
   1001   8.89692141e-03
   1002   8.87917637e-03
   1003   8.86148437e-03
   1004   8.84384519e-03
   1005   8.82625862e-03
   1006   4.15804581e-03
   1007   4.14979367e-03
   1008   4.14156608e-03
   1009   4.13336293e-03
   1010   4.12518413e-03
   1011   9.46278313e-04
   1012   9.44409584e-04
   1013   9.42546384e-04
   1014   9.40688692e-04
   1015   9.38836487e-04
   1016  -1.11869959e-03
   1017  -1.11650121e-03
   1018  -1.11430931e-03
   1019  -1.11212385e-03
   1020  -1.10994482e-03
   1021  -2.15257488e-03
   1022  -2.14836549e-03
   1023  -2.14416844e-03
   1024  -2.13998368e-03
   1025  -2.13581115e-03
   1026  -2.76357296e-03
   1027  -2.75819505e-03
   1028  -2.75283283e-03
   1029  -2.74748623e-03
   1030  -2.74215518e-03
   1031  -2.92313639e-03
   1032  -2.91747551e-03
   1033  -2.91183106e-03
   1034  -2.90620298e-03
   1035  -2.90059119e-03
   1036  -2.84855468e-03
   1037  -2.84306482e-03
   1038  -2.83759081e-03
   1039  -2.83213259e-03
   1040  -2.82669011e-03
   1041  -2.60955689e-03
   1042  -2.60455175e-03
   1043  -2.59956099e-03
   1044  -2.59458457e-03
   1045  -2.58962242e-03
   1046  -1.96742516e-03
   1047  -1.96366964e-03
   1048  -1.95992486e-03
   1049  -1.95619078e-03
   1050  -1.95246736e-03
   1051  -1.30131094e-03
   1052  -1.29883873e-03
   1053  -1.29637355e-03
   1054  -1.29391539e-03
   1055  -1.29146422e-03
   1056  -6.56108989e-04
   1057  -6.54868414e-04
   1058  -6.53631355e-04
   1059  -6.52397797e-04
   1060  -6.51167729e-04
   1061  -2.05505326e-04
   1062  -2.05118584e-04
   1063  -2.04732932e-04
   1064  -2.04348367e-04
   1065  -2.03964884e-04
   1066   8.40072467e-05
   1067   8.38498929e-05
   1068   8.36929809e-05
   1069   8.35365089e-05
   1070   8.33804752e-05
   1071   2.41609135e-04
   1072   2.41158687e-04
   1073   2.40709497e-04
   1074   2.40261562e-04
   1075   2.39814875e-04
   1076   2.94161418e-04
   1077   2.93615538e-04
   1078   2.93071175e-04
   1079   2.92528325e-04
   1080   2.91986982e-04
   1081   3.18672853e-04
   1082   3.18084217e-04
   1083   3.17497210e-04
   1084   3.16911827e-04
   1085   3.16328061e-04
   1086   2.88770463e-04
   1087   2.88239513e-04
   1088   2.87710026e-04
   1089   2.87181997e-04
   1090   2.86655420e-04
   1091   2.39186183e-04
   1092   2.38748414e-04
   1093   2.38311846e-04
   1094   2.37876474e-04
   1095   2.37442294e-04
   1096   1.79236593e-04
   1097   1.78910040e-04
   1098   1.78584379e-04
   1099   1.78259606e-04
   1100   1.77935719e-04
   1101   1.07861264e-04
   1102   1.07665642e-04
   1103   1.07470552e-04
   1104   1.07275991e-04
   1105   1.07081958e-04
   1106   3.80917798e-05
   1107   3.80230066e-05
   1108   3.79544194e-05
   1109   3.78860177e-05
   1110   3.78178007e-05
   1111  -1.27304882e-05
   1112  -1.27076071e-05
   1113  -1.26847876e-05
   1114  -1.26620295e-05
   1115  -1.26393326e-05
   1116  -4.87271360e-05
   1117  -4.86399481e-05
   1118  -4.85529940e-05
   1119  -4.84662729e-05
   1120  -4.83797839e-05
   1121  -7.54697102e-05
   1122  -7.53352730e-05
   1123  -7.52011946e-05
   1124  -7.50674739e-05
   1125  -7.49341096e-05
   1126  -8.27280568e-05
   1127  -8.25813434e-05
   1128  -8.24350199e-05
   1129  -8.22890849e-05
   1130  -8.21435372e-05
   1131  -8.75765402e-05
   1132  -8.74219138e-05
   1133  -8.72676966e-05
   1134  -8.71138871e-05
   1135  -8.69604838e-05
   1136  -8.31539951e-05
   1137  -8.30078224e-05
   1138  -8.28620348e-05
   1139  -8.27166310e-05
   1140  -8.25716095e-05
   1141  -7.48532892e-05
   1142  -7.47222837e-05
   1143  -7.45916218e-05
   1144  -7.44613024e-05
   1145  -7.43313241e-05
   1146  -6.43549189e-05
   1147  -6.42427779e-05
   1148  -6.41309298e-05
   1149  -6.40193735e-05
   1150  -6.39081080e-05
   1151  -4.71317652e-05
   1152  -4.70499925e-05
   1153  -4.69684324e-05
   1154  -4.68870842e-05
   1155  -4.68059471e-05
   1156  -3.64679328e-05
   1157  -3.64049348e-05
   1158  -3.63421000e-05
   1159  -3.62794277e-05
   1160  -3.62169174e-05
   1161  -2.73919397e-05
   1162  -2.73448239e-05
   1163  -2.72978296e-05
   1164  -2.72509563e-05
   1165  -2.72042036e-05
   1166  -2.21724260e-05
   1167  -2.21344513e-05
   1168  -2.20965742e-05
   1169  -2.20587942e-05
   1170  -2.20211110e-05
   1171  -1.97550566e-05
   1172  -1.97213664e-05
   1173  -1.96877624e-05
   1174  -1.96542442e-05
   1175  -1.96208115e-05
   1176  -1.69482649e-05
   1177  -1.69194842e-05
   1178  -1.68907767e-05
   1179  -1.68621422e-05
   1180  -1.68335804e-05
   1181  -1.76634834e-05
   1182  -1.76336149e-05
   1183  -1.76038221e-05
   1184  -1.75741047e-05
   1185  -1.75444625e-05
   1186  -1.81524055e-05
   1187  -1.81218394e-05
   1188  -1.80913505e-05
   1189  -1.80609385e-05
   1190  -1.80306031e-05
   1191  -1.78897416e-05
   1192  -1.78597442e-05
   1193  -1.78298221e-05
   1194  -1.77999751e-05
   1195  -1.77702031e-05
   1196  -1.80868624e-05
   1197  -1.80566610e-05
   1198  -1.80265352e-05
   1199  -1.79964847e-05
   1200  -1.79665093e-05
   1201  -1.69809309e-05
   1202  -1.69526941e-05
   1203  -1.69245276e-05
   1204  -1.68964313e-05
   1205  -1.68684049e-05
   1206  -1.70475641e-05
   1207  -1.70193339e-05
   1208  -1.69911736e-05
   1209  -1.69630833e-05
   1210  -1.69350625e-05
   1211  -1.64102838e-05
   1212  -1.63832208e-05
   1213  -1.63562248e-05
   1214  -1.63292954e-05
   1215  -1.63024325e-05
   1216  -1.68574005e-05
   1217  -1.68297144e-05
   1218  -1.68020964e-05
   1219  -1.67745463e-05
   1220  -1.67470640e-05
   1221  -1.82399011e-05
   1222  -1.82100669e-05
   1223  -1.81803058e-05
   1224  -1.81506176e-05
   1225  -1.81210021e-05
   1226  -1.80329157e-05
   1227  -1.80035402e-05
   1228  -1.79742363e-05
   1229  -1.79450040e-05
   1230  -1.79158429e-05
   1231  -1.98285005e-05
   1232  -1.97963310e-05
   1233  -1.97642396e-05
   1234  -1.97322263e-05
   1235  -1.97002907e-05
   1236  -1.89737080e-05
   1237  -1.89430496e-05
   1238  -1.89124655e-05
   1239  -1.88819553e-05
   1240  -1.88515190e-05
   1241  -1.83307896e-05
   1242  -1.83012893e-05
   1243  -1.82718601e-05
   1244  -1.82425018e-05
   1245  -1.82132142e-05
   1246  -1.77387620e-05
   1247  -1.77103288e-05
   1248  -1.76819639e-05
   1249  -1.76536671e-05
   1250  -1.76254382e-05
   1251  -1.57885122e-05
   1252  -1.57633060e-05
   1253  -1.57381602e-05
   1254  -1.57130744e-05
   1255  -1.56880486e-05
   1256  -1.56204274e-05
   1257  -1.55955888e-05
   1258  -1.55708093e-05
   1259  -1.55460888e-05
   1260  -1.55214272e-05
   1261  -1.39164440e-05
   1262  -1.38944026e-05
   1263  -1.38724134e-05
   1264  -1.38504764e-05
   1265  -1.38285914e-05
   1266  -1.41516716e-05
   1267  -1.41293460e-05
   1268  -1.41070731e-05
   1269  -1.40848529e-05
   1270  -1.40626851e-05
   1271  -1.42644824e-05
   1272  -1.42420672e-05
   1273  -1.42197047e-05
   1274  -1.41973950e-05
   1275  -1.41751376e-05
   1276  -1.37214477e-05
   1277  -1.36999702e-05
   1278  -1.36785431e-05
   1279  -1.36571662e-05
   1280  -1.36358394e-05
   1281  -1.40500240e-05
   1282  -1.40281179e-05
   1283  -1.40062630e-05
   1284  -1.39844591e-05
   1285  -1.39627061e-05
   1286  -1.38386264e-05
   1287  -1.38171337e-05
   1288  -1.37956910e-05
   1289  -1.37742982e-05
   1290  -1.37529551e-05
   1291  -1.42986448e-05
   1292  -1.42765236e-05
   1293  -1.42544536e-05
   1294  -1.42324347e-05
   1295  -1.42104669e-05
   1296  -1.36002160e-05
   1297  -1.35792563e-05
   1298  -1.35583451e-05
   1299  -1.35374821e-05
   1300  -1.35166672e-05
   1301  -1.33179513e-05
   1302  -1.32975054e-05
   1303  -1.32771066e-05
   1304  -1.32567546e-05
   1305  -1.32364494e-05
   1306  -1.28812954e-05
   1307  -1.28615955e-05
   1308  -1.28419407e-05
   1309  -1.28223309e-05
   1310  -1.28027661e-05
   1311  -1.26602714e-05
   1312  -1.26409833e-05
   1313  -1.26217391e-05
   1314  -1.26025389e-05
   1315  -1.25833825e-05
   1316  -1.28187442e-05
   1317  -1.27992887e-05
   1318  -1.27798775e-05
   1319  -1.27605103e-05
   1320  -1.27411872e-05
   1321  -1.24888322e-05
   1322  -1.24699491e-05
   1323  -1.24511088e-05
   1324  -1.24323111e-05
   1325  -1.24135560e-05
   1326  -1.26168015e-05
   1327  -1.25977967e-05
   1328  -1.25788348e-05
   1329  -1.25599157e-05
   1330  -1.25410393e-05
   1331  -1.25504202e-05
   1332  -1.25315863e-05
   1333  -1.25127948e-05
   1334  -1.24940456e-05
   1335  -1.24753384e-05
   1336  -1.26187466e-05
   1337  -1.25998810e-05
   1338  -1.25810577e-05
   1339  -1.25622765e-05
   1340  -1.25435373e-05
   1341  -1.26791888e-05
   1342  -1.26603034e-05
   1343  -1.26414602e-05
   1344  -1.26226590e-05
   1345  -1.26038997e-05
   1346  -1.22076642e-05
   1347  -1.21895486e-05
   1348  -1.21714733e-05
   1349  -1.21534381e-05
   1350  -1.21354430e-05
   1351  -1.20477523e-05
   1352  -1.20299401e-05
   1353  -1.20121673e-05
   1354  -1.19944339e-05
   1355  -1.19767397e-05
   1356  -1.17862467e-05
   1357  -1.17688852e-05
   1358  -1.17515621e-05
   1359  -1.17342773e-05
   1360  -1.17170305e-05
   1361  -1.15116928e-05
   1362  -1.14947980e-05
   1363  -1.14779404e-05
   1364  -1.14611198e-05
   1365  -1.14443362e-05
   1366  -1.13895929e-05
   1367  -1.13729384e-05
   1368  -1.13563204e-05
   1369  -1.13397388e-05
   1370  -1.13231935e-05
   1371  -1.14003074e-05
   1372  -1.13836980e-05
   1373  -1.13671248e-05
   1374  -1.13505878e-05
   1375  -1.13340869e-05
   1376  -1.19068493e-05
   1377  -1.18895648e-05
   1378  -1.18723180e-05
   1379  -1.18551086e-05
   1380  -1.18379366e-05
   1381  -1.14483551e-05
   1382  -1.14317963e-05
   1383  -1.14152734e-05
   1384  -1.13987863e-05
   1385  -1.13823348e-05
   1386  -1.16696064e-05
   1387  -1.16527884e-05
   1388  -1.16360067e-05
   1389  -1.16192613e-05
   1390  -1.16025519e-05
   1391  -1.11013114e-05
   1392  -1.10853698e-05
   1393  -1.10694626e-05
   1394  -1.10535895e-05
   1395  -1.10377506e-05
   1396  -1.13584052e-05
   1397  -1.13421528e-05
   1398  -1.13259353e-05
   1399  -1.13097525e-05
   1400  -1.12936043e-05
   1401  -1.11517085e-05
   1402  -1.11358087e-05
   1403  -1.11199429e-05
   1404  -1.11041110e-05
   1405  -1.10883129e-05
   1406  -1.06285198e-05
   1407  -1.06134198e-05
   1408  -1.05983520e-05
   1409  -1.05833162e-05
   1410  -1.05683124e-05
   1411  -1.06254471e-05
   1412  -1.06104049e-05
   1413  -1.05953946e-05
   1414  -1.05804161e-05
   1415  -1.05654694e-05
   1416  -1.03729782e-05
   1417  -1.03583452e-05
   1418  -1.03437431e-05
   1419  -1.03291719e-05
   1420  -1.03146314e-05
   1421  -1.04634747e-05
   1422  -1.04487659e-05
   1423  -1.04340881e-05
   1424  -1.04194412e-05
   1425  -1.04048251e-05
   1426  -1.08062130e-05
   1427  -1.07910756e-05
   1428  -1.07759700e-05
   1429  -1.07608961e-05
   1430  -1.07458538e-05
   1431  -1.05920702e-05
   1432  -1.05772845e-05
   1433  -1.05625298e-05
   1434  -1.05478059e-05
   1435  -1.05331128e-05
   1436  -1.07526467e-05
   1437  -1.07376891e-05
   1438  -1.07227627e-05
   1439  -1.07078673e-05
   1440  -1.06930030e-05
   1441  -1.05132137e-05
   1442  -1.04986399e-05
   1443  -1.04840963e-05
   1444  -1.04695829e-05
   1445  -1.04550997e-05
   1446  -1.03713557e-05
   1447  -1.03570281e-05
   1448  -1.03427303e-05
   1449  -1.03284620e-05
   1450  -1.03142232e-05
   1451  -1.01056523e-05
   1452  -1.00917399e-05
   1453  -1.00778562e-05
   1454  -1.00640011e-05
   1455  -1.00501745e-05
   1456  -9.61904239e-06
   1457  -9.60584528e-06
   1458  -9.59267531e-06
   1459  -9.57953241e-06
   1460  -9.56641650e-06
   1461  -1.01388323e-05
   1462  -1.01249696e-05
   1463  -1.01111353e-05
   1464  -1.00973293e-05
   1465  -1.00835516e-05
   1466  -9.63799827e-06
   1467  -9.62486525e-06
   1468  -9.61175905e-06
   1469  -9.59867960e-06
   1470  -9.58562683e-06
   1471  -9.90149841e-06
   1472  -9.88805214e-06
   1473  -9.87463324e-06
   1474  -9.86124164e-06
   1475  -9.84787726e-06
   1476  -9.54137937e-06
   1477  -9.52846598e-06
   1478  -9.51557879e-06
   1479  -9.50271773e-06
   1480  -9.48988273e-06
   1481  -9.68990413e-06
   1482  -9.67683395e-06
   1483  -9.66379020e-06
   1484  -9.65077280e-06
   1485  -9.63778169e-06
   1486  -9.91041118e-06
   1487  -9.89708850e-06
   1488  -9.88379266e-06
   1489  -9.87052360e-06
   1490  -9.85728124e-06
   1491  -9.51620103e-06
   1492  -9.50345114e-06
   1493  -9.49072686e-06
   1494  -9.47802811e-06
   1495  -9.46535483e-06
   1496  -9.37584843e-06
   1497  -9.36332852e-06
   1498  -9.35083367e-06
   1499  -9.33836382e-06
   1500  -9.32591889e-06
   1501  -9.08908068e-06
   1502  -9.07698409e-06
   1503  -9.06491162e-06
   1504  -9.05286323e-06
   1505  -9.04083884e-06
   1506  -8.92730106e-06
   1507  -8.91545918e-06
   1508  -8.90364084e-06
   1509  -8.89184598e-06
   1510  -8.88007455e-06
   1511  -8.92065057e-06
   1512  -8.90885662e-06
   1513  -8.89708604e-06
   1514  -8.88533877e-06
   1515  -8.87361476e-06
   1516  -8.56980827e-06
   1517  -8.55851549e-06
   1518  -8.54724502e-06
   1519  -8.53599679e-06
   1520  -8.52477076e-06
   1521  -8.67901369e-06
   1522  -8.66761456e-06
   1523  -8.65623787e-06
   1524  -8.64488357e-06
   1525  -8.63355159e-06
   1526  -8.93875276e-06
   1527  -8.92705091e-06
   1528  -8.91537202e-06
   1529  -8.90371604e-06
   1530  -8.89208290e-06
   1531  -8.74985290e-06
   1532  -8.73843570e-06
   1533  -8.72704084e-06
   1534  -8.71566825e-06
   1535  -8.70431788e-06
   1536  -8.57152988e-06
   1537  -8.56038173e-06
   1538  -8.54925533e-06
   1539  -8.53815059e-06
   1540  -8.52706749e-06
   1541  -8.11568363e-06
   1542  -8.10516257e-06
   1543  -8.09466195e-06
   1544  -8.08418173e-06
   1545  -8.07372185e-06
   1546  -8.34620274e-06
   1547  -8.33541779e-06
   1548  -8.32465374e-06
   1549  -8.31391051e-06
   1550  -8.30318808e-06
   1551  -7.71795789e-06
   1552  -7.70801687e-06
   1553  -7.69809505e-06
   1554  -7.68819237e-06
   1555  -7.67830879e-06
   1556  -7.64643844e-06
   1557  -7.63662116e-06
   1558  -7.62682276e-06
   1559  -7.61704322e-06
   1560  -7.60728247e-06
   1561  -7.35950879e-06
   1562  -7.35009013e-06
   1563  -7.34068954e-06
   1564  -7.33130696e-06
   1565  -7.32194237e-06
   1566  -7.18477980e-06
   1567  -7.17561408e-06
   1568  -7.16646588e-06
   1569  -7.15733517e-06
   1570  -7.14822190e-06
   1571  -7.18476448e-06
   1572  -7.17562792e-06
   1573  -7.16650878e-06
   1574  -7.15740700e-06
   1575  -7.14832256e-06
   1576  -7.20469189e-06
   1577  -7.19555903e-06
   1578  -7.18644351e-06
   1579  -7.17734531e-06
   1580  -7.16826437e-06
   1581  -7.10813663e-06
   1582  -7.09915462e-06
   1583  -7.09018963e-06
   1584  -7.08124161e-06
   1585  -7.07231051e-06
   1586  -7.14548980e-06
   1587  -7.13648903e-06
   1588  -7.12750525e-06
   1589  -7.11853843e-06
   1590  -7.10958851e-06
   1591  -6.93061864e-06
   1592  -6.92191594e-06
   1593  -6.91322961e-06
   1594  -6.90455963e-06
   1595  -6.89590594e-06
   1596  -6.74961846e-06
   1597  -6.74116956e-06
   1598  -6.73273651e-06
   1599  -6.72431927e-06
   1600  -6.71591781e-06
   1601  -6.48032925e-06
   1602  -6.47224274e-06
   1603  -6.46417136e-06
   1604  -6.45611506e-06
   1605  -6.44807381e-06
   1606  -6.26147090e-06
   1607  -6.25368179e-06
   1608  -6.24590720e-06
   1609  -6.23814711e-06
   1610  -6.23040147e-06
   1611  -6.26889333e-06
   1612  -6.26111917e-06
   1613  -6.25335945e-06
   1614  -6.24561416e-06
   1615  -6.23788324e-06
   1616  -6.06448113e-06
   1617  -6.05698370e-06
   1618  -6.04950017e-06
   1619  -6.04203050e-06
   1620  -6.03457466e-06
   1621  -6.04553071e-06
   1622  -6.03807974e-06
   1623  -6.03064254e-06
   1624  -6.02321907e-06
   1625  -6.01580930e-06
   1626  -5.91716652e-06
   1627  -5.90989616e-06
   1628  -5.90263919e-06
   1629  -5.89539558e-06
   1630  -5.88816529e-06
   1631  -6.04446595e-06
   1632  -6.03706192e-06
   1633  -6.02967149e-06
   1634  -6.02229461e-06
   1635  -6.01493127e-06
   1636  -5.82742696e-06
   1637  -5.82031058e-06
   1638  -5.81320723e-06
   1639  -5.80611687e-06
   1640  -5.79903948e-06
   1641  -5.76702158e-06
   1642  -5.76000041e-06
   1643  -5.75299204e-06
   1644  -5.74599646e-06
   1645  -5.73901363e-06
   1646  -5.43134945e-06
   1647  -5.42475701e-06
   1648  -5.41817656e-06
   1649  -5.41160808e-06
   1650  -5.40505154e-06
   1651  -5.28090764e-06
   1652  -5.27451719e-06
   1653  -5.26813833e-06
   1654  -5.26177104e-06
   1655  -5.25541528e-06
   1656  -4.97356153e-06
   1657  -4.96756115e-06
   1658  -4.96157163e-06
   1659  -4.95559293e-06
   1660  -4.94962503e-06
   1661  -4.69882528e-06
   1662  -4.69317340e-06
   1663  -4.68753172e-06
   1664  -4.68190021e-06
   1665  -4.67627884e-06
   1666  -4.75399685e-06
   1667  -4.74829576e-06
   1668  -4.74260492e-06
   1669  -4.73692430e-06
   1670  -4.73125388e-06
   1671  -4.66642608e-06
   1672  -4.66084673e-06
   1673  -4.65527738e-06
   1674  -4.64971801e-06
   1675  -4.64416860e-06
   1676  -4.72270105e-06
   1677  -4.71707125e-06
   1678  -4.71145151e-06
   1679  -4.70584180e-06
   1680  -4.70024211e-06
   1681  -4.59244101e-06
   1682  -4.58698276e-06
   1683  -4.58153423e-06
   1684  -4.57609540e-06
   1685  -4.57066625e-06
   1686  -4.51462242e-06
   1687  -4.50927255e-06
   1688  -4.50393218e-06
   1689  -4.49860129e-06
   1690  -4.49327987e-06
   1691  -4.39828044e-06
   1692  -4.39308383e-06
   1693  -4.38789643e-06
   1694  -4.38271820e-06
   1695  -4.37754914e-06
   1696  -4.21324669e-06
   1697  -4.20828336e-06
   1698  -4.20332880e-06
   1699  -4.19838298e-06
   1700  -4.19344588e-06
   1701  -4.03767021e-06
   1702  -4.03292769e-06
   1703  -4.02819351e-06
   1704  -4.02346766e-06
   1705  -4.01875013e-06
   1706  -3.79883494e-06
   1707  -3.79438600e-06
   1708  -3.78994488e-06
   1709  -3.78551155e-06
   1710  -3.78108599e-06
   1711  -3.64997938e-06
   1712  -3.64571726e-06
   1713  -3.64146259e-06
   1714  -3.63721537e-06
   1715  -3.63297557e-06
   1716  -3.63077765e-06
   1717  -3.62655029e-06
   1718  -3.62233030e-06
   1719  -3.61811768e-06
   1720  -3.61391240e-06
   1721  -3.51541810e-06
   1722  -3.51133693e-06
   1723  -3.50726286e-06
   1724  -3.50319588e-06
   1725  -3.49913597e-06
   1726  -3.61128324e-06
   1727  -3.60710291e-06
   1728  -3.60292983e-06
   1729  -3.59876400e-06
   1730  -3.59460538e-06
   1731  -3.48177776e-06
   1732  -3.47775897e-06
   1733  -3.47374714e-06
   1734  -3.46974224e-06
   1735  -3.46574427e-06
   1736  -3.46727578e-06
   1737  -3.46328525e-06
   1738  -3.45930160e-06
   1739  -3.45532482e-06
   1740  -3.45135489e-06
   1741  -3.35341885e-06
   1742  -3.34957043e-06
   1743  -3.34572862e-06
   1744  -3.34189343e-06
   1745  -3.33806482e-06
   1746  -3.11076907e-06
   1747  -3.10720933e-06
   1748  -3.10365569e-06
   1749  -3.10010815e-06
   1750  -3.09656669e-06
   1751  -2.96284711e-06
   1752  -2.95946632e-06
   1753  -2.95609130e-06
   1754  -2.95272206e-06
   1755  -2.94935857e-06
   1756  -2.73662230e-06
   1757  -2.73350852e-06
   1758  -2.73040006e-06
   1759  -2.72729689e-06
   1760  -2.72419901e-06
   1761  -2.66325889e-06
   1762  -2.66023718e-06
   1763  -2.65722061e-06
   1764  -2.65420917e-06
   1765  -2.65120285e-06
   1766  -2.51936910e-06
   1767  -2.51651873e-06
   1768  -2.51367319e-06
   1769  -2.51083249e-06
   1770  -2.50799659e-06
   1771  -2.49164337e-06
   1772  -2.48883232e-06
   1773  -2.48602603e-06
   1774  -2.48322447e-06
   1775  -2.48042766e-06
   1776  -2.52113996e-06
   1777  -2.51830363e-06
   1778  -2.51547209e-06
   1779  -2.51264532e-06
   1780  -2.50982331e-06
   1781  -2.44028823e-06
   1782  -2.43755056e-06
   1783  -2.43481750e-06
   1784  -2.43208903e-06
   1785  -2.42936514e-06
   1786  -2.41999474e-06
   1787  -2.41728743e-06
   1788  -2.41458466e-06
   1789  -2.41188642e-06
   1790  -2.40919271e-06
   1791  -2.29564272e-06
   1792  -2.29308169e-06
   1793  -2.29052495e-06
   1794  -2.28797247e-06
   1795  -2.28542427e-06
   1796  -2.19944331e-06
   1797  -2.19699643e-06
   1798  -2.19455362e-06
   1799  -2.19211489e-06
   1800  -2.18968022e-06
   1801  -2.06009827e-06
   1802  -2.05781276e-06
   1803  -2.05553106e-06
   1804  -2.05325314e-06
   1805  -2.05097902e-06
   1806  -1.90552954e-06
   1807  -1.90342136e-06
   1808  -1.90131668e-06
   1809  -1.89921549e-06
   1810  -1.89711777e-06
   1811  -1.82467734e-06
   1812  -1.82266418e-06
   1813  -1.82065435e-06
   1814  -1.81864784e-06
   1815  -1.81664465e-06
   1816  -1.74749967e-06
   1817  -1.74557696e-06
   1818  -1.74365742e-06
   1819  -1.74174105e-06
   1820  -1.73982784e-06
   1821  -1.77236236e-06
   1822  -1.77041765e-06
   1823  -1.76847614e-06
   1824  -1.76653782e-06
   1825  -1.76460268e-06
   1826  -1.71753522e-06
   1827  -1.71565582e-06
   1828  -1.71377950e-06
   1829  -1.71190627e-06
   1830  -1.71003610e-06
   1831  -1.69122647e-06
   1832  -1.68938091e-06
   1833  -1.68753836e-06
   1834  -1.68569883e-06
   1835  -1.68386231e-06
   1836  -1.66235270e-06
   1837  -1.66054358e-06
   1838  -1.65873742e-06
   1839  -1.65693420e-06
   1840  -1.65513392e-06
   1841  -1.57582756e-06
   1842  -1.57411726e-06
   1843  -1.57240974e-06
   1844  -1.57070500e-06
   1845  -1.56900303e-06
   1846  -1.48273625e-06
   1847  -1.48113134e-06
   1848  -1.47952904e-06
   1849  -1.47792933e-06
   1850  -1.47633222e-06
   1851  -1.34745318e-06
   1852  -1.34599864e-06
   1853  -1.34454645e-06
   1854  -1.34309661e-06
   1855  -1.34164911e-06
   1856  -1.24241475e-06
   1857  -1.24107720e-06
   1858  -1.23974182e-06
   1859  -1.23840858e-06
   1860  -1.23707750e-06
   1861  -1.17171221e-06
   1862  -1.17045416e-06
   1863  -1.16919814e-06
   1864  -1.16794414e-06
   1865  -1.16669216e-06
   1866  -1.12570522e-06
   1867  -1.12449981e-06
   1868  -1.12329633e-06
   1869  -1.12209478e-06
   1870  -1.12089516e-06
   1871  -1.11762566e-06
   1872  -1.11643210e-06
   1873  -1.11524044e-06
   1874  -1.11405069e-06
   1875  -1.11286285e-06
   1876  -1.07285470e-06
   1877  -1.07171199e-06
   1878  -1.07057112e-06
   1879  -1.06943206e-06
   1880  -1.06829482e-06
   1881  -1.07331527e-06
   1882  -1.07217511e-06
   1883  -1.07103677e-06
   1884  -1.06990024e-06
   1885  -1.06876552e-06
   1886  -1.03230988e-06
   1887  -1.03121619e-06
   1888  -1.03012423e-06
   1889  -1.02903401e-06
   1890  -1.02794552e-06
   1891  -9.89313664e-07
   1892  -9.88268293e-07
   1893  -9.87224577e-07
   1894  -9.86182514e-07
   1895  -9.85142100e-07
   1896  -9.48689572e-07
   1897  -9.47689767e-07
   1898  -9.46691543e-07
   1899  -9.45694894e-07
   1900  -9.44699819e-07
   1901  -8.52573454e-07
   1902  -8.51677306e-07
   1903  -8.50782569e-07
   1904  -8.49889242e-07
   1905  -8.48997321e-07
   1906  -8.03463197e-07
   1907  -8.02620882e-07
   1908  -8.01779891e-07
   1909  -8.00940221e-07
   1910  -8.00101869e-07
   1911  -7.66287922e-07
   1912  -7.65486680e-07
   1913  -7.64686694e-07
   1914  -7.63887962e-07
   1915  -7.63090480e-07
   1916  -7.32896223e-07
   1917  -7.32131894e-07
   1918  -7.31368760e-07
   1919  -7.30606818e-07
   1920  -7.29846066e-07
   1921  -7.19143793e-07
   1922  -7.18395756e-07
   1923  -7.17648886e-07
   1924  -7.16903180e-07
   1925  -7.16158635e-07
   1926  -7.03499631e-07
   1927  -7.02769765e-07
   1928  -7.02041034e-07
   1929  -7.01313436e-07
   1930  -7.00586969e-07
   1931  -7.05894996e-07
   1932  -7.05164539e-07
   1933  -7.04435216e-07
   1934  -7.03707023e-07
   1935  -7.02979959e-07
   1936  -6.72184602e-07
   1937  -6.71490824e-07
   1938  -6.70798119e-07
   1939  -6.70106485e-07
   1940  -6.69415921e-07
   1941  -6.42772843e-07
   1942  -6.42111128e-07
   1943  -6.41450435e-07
   1944  -6.40790761e-07
   1945  -6.40132104e-07
   1946  -5.98974057e-07
   1947  -5.98359015e-07
   1948  -5.97744920e-07
   1949  -5.97131769e-07
   1950  -5.96519562e-07
   1951  -5.29158144e-07
   1952  -5.28616182e-07
   1953  -5.28075052e-07
   1954  -5.27534753e-07
   1955  -5.26995283e-07
   1956  -5.03688386e-07
   1957  -5.03173827e-07
   1958  -5.02660057e-07
   1959  -5.02147073e-07
   1960  -5.01634874e-07
   1961  -4.46442501e-07
   1962  -4.45987586e-07
   1963  -4.45533365e-07
   1964  -4.45079839e-07
   1965  -4.44627004e-07
   1966  -4.40375895e-07
   1967  -4.39928302e-07
   1968  -4.39481390e-07
   1969  -4.39035160e-07
   1970  -4.38589608e-07
   1971  -4.26133520e-07
   1972  -4.25701501e-07
   1973  -4.25270137e-07
   1974  -4.24839430e-07
   1975  -4.24409376e-07
   1976  -4.14012111e-07
   1977  -4.13593441e-07
   1978  -4.13175406e-07
   1979  -4.12758005e-07
   1980  -4.12341235e-07
   1981  -4.09350472e-07
   1982  -4.08937560e-07
   1983  -4.08525272e-07
   1984  -4.08113608e-07
   1985  -4.07702566e-07
   1986  -3.95175083e-07
   1987  -3.94777472e-07
   1988  -3.94380461e-07
   1989  -3.93984049e-07
   1990  -3.93588235e-07
   1991  -3.89954699e-07
   1992  -3.89563325e-07
   1993  -3.89172541e-07
   1994  -3.88782344e-07
   1995  -3.88392734e-07
   1996  -3.62538651e-07
   1997  -3.62175704e-07
   1998  -3.61813302e-07
   1999  -3.61451444e-07
   2000  -3.61090128e-07
   2001  -3.38757756e-07
   2002  -3.38419463e-07
   2003  -3.38081677e-07
   2004  -3.37744396e-07
   2005  -3.37407620e-07
   2006  -3.21082531e-07
   2007  -3.20762688e-07
   2008  -3.20443322e-07
   2009  -3.20124434e-07
   2010  -3.19806021e-07
   2011  -3.02787000e-07
   2012  -3.02486131e-07
   2013  -3.02185710e-07
   2014  -3.01885737e-07
   2015  -3.01586210e-07
   2016  -3.00060537e-07
   2017  -2.99763116e-07
   2018  -2.99466137e-07
   2019  -2.99169599e-07
   2020  -2.98873501e-07
   2021  -2.91392980e-07
   2022  -2.91104865e-07
   2023  -2.90817176e-07
   2024  -2.90529914e-07
   2025  -2.90243077e-07
   2026  -2.84559695e-07
   2027  -2.84279029e-07
   2028  -2.83998779e-07
   2029  -2.83718943e-07
   2030  -2.83439520e-07
   2031  -2.89053152e-07
   2032  -2.88768756e-07
   2033  -2.88484779e-07
   2034  -2.88201221e-07
   2035  -2.87918081e-07
   2036  -2.78202292e-07
   2037  -2.77929244e-07
   2038  -2.77656597e-07
   2039  -2.77384352e-07
   2040  -2.77112506e-07
   2041  -2.80783922e-07
   2042  -2.80509014e-07
   2043  -2.80234510e-07
   2044  -2.79960408e-07
   2045  -2.79686709e-07
   2046  -2.65479170e-07
   2047  -2.65219881e-07
   2048  -2.64960972e-07
   2049  -2.64702442e-07
   2050  -2.64444290e-07
   2051  -2.59192427e-07
   2052  -2.58939895e-07
   2053  -2.58687732e-07
   2054  -2.58435937e-07
   2055  -2.58184510e-07
   2056  -2.54326720e-07
   2057  -2.54079531e-07
   2058  -2.53832702e-07
   2059  -2.53586232e-07
   2060  -2.53340122e-07
   2061  -2.47587775e-07
   2062  -2.47347719e-07
   2063  -2.47108011e-07
   2064  -2.46868653e-07
   2065  -2.46629642e-07
   2066  -2.46411519e-07
   2067  -2.46173182e-07
   2068  -2.45935189e-07
   2069  -2.45697542e-07
   2070  -2.45460239e-07
   2071  -2.38192308e-07
   2072  -2.37962475e-07
   2073  -2.37732976e-07
   2074  -2.37503808e-07
   2075  -2.37274971e-07
   2076  -2.43934812e-07
   2077  -2.43700006e-07
   2078  -2.43465538e-07
   2079  -2.43231408e-07
   2080  -2.42997616e-07
   2081  -2.43881685e-07
   2082  -2.43647493e-07
   2083  -2.43413638e-07
   2084  -2.43180120e-07
   2085  -2.42946938e-07
   2086  -2.48252244e-07
   2087  -2.48014426e-07
   2088  -2.47776950e-07
   2089  -2.47539814e-07
   2090  -2.47303019e-07
   2091  -2.40732435e-07
   2092  -2.40502372e-07
   2093  -2.40272638e-07
   2094  -2.40043234e-07
   2095  -2.39814157e-07
   2096  -2.46238053e-07
   2097  -2.46003289e-07
   2098  -2.45768860e-07
   2099  -2.45534767e-07
   2100  -2.45301008e-07
   2101  -2.47562622e-07
   2102  -2.47327156e-07
   2103  -2.47092026e-07
   2104  -2.46857232e-07
   2105  -2.46622772e-07
   2106  -2.45500707e-07
   2107  -2.45267756e-07
   2108  -2.45035137e-07
   2109  -2.44802849e-07
   2110  -2.44570890e-07
   2111  -2.50438277e-07
   2112  -2.50201204e-07
   2113  -2.49964467e-07
   2114  -2.49728066e-07
   2115  -2.49492001e-07
   2116  -2.50749138e-07
   2117  -2.50512331e-07
   2118  -2.50275859e-07
   2119  -2.50039722e-07
   2120  -2.49803919e-07
   2121  -2.50076344e-07
   2122  -2.49840728e-07
   2123  -2.49605446e-07
   2124  -2.49370495e-07
   2125  -2.49135876e-07
   2126  -2.49468463e-07
   2127  -2.49233972e-07
   2128  -2.48999812e-07
   2129  -2.48765982e-07
   2130  -2.48532482e-07
   2131  -2.51690548e-07
   2132  -2.51454523e-07
   2133  -2.51218831e-07
   2134  -2.50983469e-07
   2135  -2.50748439e-07
   2136  -2.59242869e-07
   2137  -2.59000331e-07
   2138  -2.58758133e-07
   2139  -2.58516275e-07
   2140  -2.58274756e-07
   2141  -2.61285521e-07
   2142  -2.61041642e-07
   2143  -2.60798105e-07
   2144  -2.60554908e-07
   2145  -2.60312052e-07
   2146  -2.67261560e-07
   2147  -2.67012684e-07
   2148  -2.66764156e-07
   2149  -2.66515974e-07
   2150  -2.66268139e-07
   2151  -2.68345190e-07
   2152  -2.68095885e-07
   2153  -2.67846928e-07
   2154  -2.67598317e-07
   2155  -2.67350052e-07
   2156  -2.76376561e-07
   2157  -2.76120390e-07
   2158  -2.75864575e-07
   2159  -2.75609116e-07
   2160  -2.75354011e-07
   2161  -2.91433783e-07
   2162  -2.91164280e-07
   2163  -2.90895151e-07
   2164  -2.90626394e-07
   2165  -2.90358010e-07
   2166  -2.85794121e-07
   2167  -2.85530443e-07
   2168  -2.85267129e-07
   2169  -2.85004180e-07
   2170  -2.84741594e-07
   2171  -2.92429550e-07
   2172  -2.92160371e-07
   2173  -2.91891563e-07
   2174  -2.91623126e-07
   2175  -2.91355059e-07
   2176  -2.87955837e-07
   2177  -2.87691384e-07
   2178  -2.87427296e-07
   2179  -2.87163571e-07
   2180  -2.86900208e-07
   2181  -2.95316204e-07
   2182  -2.95045613e-07
   2183  -2.94775393e-07
   2184  -2.94505545e-07
   2185  -2.94236067e-07
   2186  -3.01087010e-07
   2187  -3.00811762e-07
   2188  -3.00536891e-07
   2189  -3.00262397e-07
   2190  -2.99988279e-07
   2191  -3.01032748e-07
   2192  -3.00758177e-07
   2193  -3.00483982e-07
   2194  -3.00210161e-07
   2195  -2.99936714e-07
   2196  -3.16046699e-07
   2197  -3.15759089e-07
   2198  -3.15471872e-07
   2199  -3.15185047e-07
   2200  -3.14898613e-07
   2201  -3.17191820e-07
   2202  -3.16903823e-07
   2203  -3.16616219e-07
   2204  -3.16329006e-07
   2205  -3.16042184e-07
   2206  -3.33071568e-07
   2207  -3.32769838e-07
   2208  -3.32468519e-07
   2209  -3.32167608e-07
   2210  -3.31867106e-07
   2211  -3.36210822e-07
   2212  -3.35906936e-07
   2213  -3.35603463e-07
   2214  -3.35300401e-07
   2215  -3.34997749e-07
   2216  -3.36446256e-07
   2217  -3.36142844e-07
   2218  -3.35839842e-07
   2219  -3.35537250e-07
   2220  -3.35235066e-07
   2221  -3.46095002e-07
   2222  -3.45783591e-07
   2223  -3.45472600e-07
   2224  -3.45162027e-07
   2225  -3.44851874e-07
   2226  -3.39933806e-07
   2227  -3.39628625e-07
   2228  -3.39323854e-07
   2229  -3.39019494e-07
   2230  -3.38715543e-07
   2231  -3.47657440e-07
   2232  -3.47346024e-07
   2233  -3.47035025e-07
   2234  -3.46724445e-07
   2235  -3.46414281e-07
   2236  -3.49717899e-07
   2237  -3.49405337e-07
   2238  -3.49093194e-07
   2239  -3.48781469e-07
   2240  -3.48470161e-07
   2241  -3.45935363e-07
   2242  -3.45626871e-07
   2243  -3.45318791e-07
   2244  -3.45011123e-07
   2245  -3.44703866e-07
   2246  -3.70299155e-07
   2247  -3.69969671e-07
   2248  -3.69640626e-07
   2249  -3.69312020e-07
   2250  -3.68983852e-07
   2251  -3.64823627e-07
   2252  -3.64499736e-07
   2253  -3.64176275e-07
   2254  -3.63853245e-07
   2255  -3.63530644e-07
   2256  -3.77598229e-07
   2257  -3.77263738e-07
   2258  -3.76929692e-07
   2259  -3.76596089e-07
   2260  -3.76262928e-07
   2261  -3.79595721e-07
   2262  -3.79260204e-07
   2263  -3.78925131e-07
   2264  -3.78590503e-07
   2265  -3.78256317e-07
   2266  -3.84009051e-07
   2267  -3.83670382e-07
   2268  -3.83332160e-07
   2269  -3.82994385e-07
   2270  -3.82657057e-07
   2271  -3.91016658e-07
   2272  -3.90672567e-07
   2273  -3.90328929e-07
   2274  -3.89985745e-07
   2275  -3.89643014e-07
   2276  -3.81074687e-07
   2277  -3.80740080e-07
   2278  -3.80405915e-07
   2279  -3.80072189e-07
   2280  -3.79738902e-07
   2281  -3.95260609e-07
   2282  -3.94914307e-07
   2283  -3.94568460e-07
   2284  -3.94223066e-07
   2285  -3.93878127e-07
   2286  -3.92852571e-07
   2287  -3.92509131e-07
   2288  -3.92166141e-07
   2289  -3.91823601e-07
   2290  -3.91481509e-07
   2291  -3.95825385e-07
   2292  -3.95480100e-07
   2293  -3.95135267e-07
   2294  -3.94790886e-07
   2295  -3.94446954e-07
   2296  -3.99907592e-07
   2297  -3.99559506e-07
   2298  -3.99211874e-07
   2299  -3.98864695e-07
   2300  -3.98517970e-07
   2301  -4.00336445e-07
   2302  -3.99988742e-07
   2303  -3.99641492e-07
   2304  -3.99294694e-07
   2305  -3.98948347e-07
   2306  -4.20686257e-07
   2307  -4.20321671e-07
   2308  -4.19957560e-07
   2309  -4.19593921e-07
   2310  -4.19230754e-07
   2311  -4.12628519e-07
   2312  -4.12271689e-07
   2313  -4.11915323e-07
   2314  -4.11559418e-07
   2315  -4.11203974e-07
   2316  -4.18541694e-07
   2317  -4.18180532e-07
   2318  -4.17819837e-07
   2319  -4.17459609e-07
   2320  -4.17099846e-07
   2321  -4.15922586e-07
   2322  -4.15564457e-07
   2323  -4.15206790e-07
   2324  -4.14849584e-07
   2325  -4.14492839e-07
   2326  -4.18475522e-07
   2327  -4.18115968e-07
   2328  -4.17756878e-07
   2329  -4.17398250e-07
   2330  -4.17040083e-07
   2331  -4.23814542e-07
   2332  -4.23451182e-07
   2333  -4.23088288e-07
   2334  -4.22725861e-07
   2335  -4.22363900e-07
   2336  -4.14607030e-07
   2337  -4.14252324e-07
   2338  -4.13898073e-07
   2339  -4.13544276e-07
   2340  -4.13190932e-07
   2341  -4.21821752e-07
   2342  -4.21461643e-07
   2343  -4.21101996e-07
   2344  -4.20742809e-07
   2345  -4.20384081e-07
   2346  -4.21860797e-07
   2347  -4.21501422e-07
   2348  -4.21142507e-07
   2349  -4.20784050e-07
   2350  -4.20426050e-07
   2351  -4.25787398e-07
   2352  -4.25425449e-07
   2353  -4.25063962e-07
   2354  -4.24702935e-07
   2355  -4.24342368e-07
   2356  -4.19072834e-07
   2357  -4.18717349e-07
   2358  -4.18362315e-07
   2359  -4.18007734e-07
   2360  -4.17653602e-07
   2361  -4.19016016e-07
   2362  -4.18661331e-07
   2363  -4.18307096e-07
   2364  -4.17953311e-07
   2365  -4.17599974e-07
   2366  -4.28061869e-07
   2367  -4.27700292e-07
   2368  -4.27339173e-07
   2369  -4.26978512e-07
   2370  -4.26618306e-07
   2371  -4.24852374e-07
   2372  -4.24494264e-07
   2373  -4.24136607e-07
   2374  -4.23779402e-07
   2375  -4.23422648e-07
   2376  -4.27305863e-07
   2377  -4.26946443e-07
   2378  -4.26587476e-07
   2379  -4.26228961e-07
   2380  -4.25870898e-07
   2381  -4.27880038e-07
   2382  -4.27520890e-07
   2383  -4.27162194e-07
   2384  -4.26803949e-07
   2385  -4.26446154e-07
   2386  -4.22759106e-07
   2387  -4.22404999e-07
   2388  -4.22051337e-07
   2389  -4.21698119e-07
   2390  -4.21345345e-07
   2391  -4.34336509e-07
   2392  -4.33973465e-07
   2393  -4.33610876e-07
   2394  -4.33248741e-07
   2395  -4.32887060e-07
   2396  -4.19392167e-07
   2397  -4.19042346e-07
   2398  -4.18692962e-07
   2399  -4.18344015e-07
   2400  -4.17995504e-07
   2401  -4.25975027e-07
   2402  -4.25620454e-07
   2403  -4.25266324e-07
   2404  -4.24912635e-07
   2405  -4.24559388e-07
   2406  -4.19832846e-07
   2407  -4.19484111e-07
   2408  -4.19135811e-07
   2409  -4.18787944e-07
   2410  -4.18440510e-07
   2411  -4.22488432e-07
   2412  -4.22138219e-07
   2413  -4.21788441e-07
   2414  -4.21439098e-07
   2415  -4.21090188e-07
   2416  -4.25067048e-07
   2417  -4.24715426e-07
   2418  -4.24364240e-07
   2419  -4.24013490e-07
   2420  -4.23663174e-07
   2421  -4.17998166e-07
   2422  -4.17653105e-07
   2423  -4.17308471e-07
   2424  -4.16964264e-07
   2425  -4.16620482e-07
   2426  -4.24260314e-07
   2427  -4.23910805e-07
   2428  -4.23561727e-07
   2429  -4.23213081e-07
   2430  -4.22864865e-07
   2431  -4.15025236e-07
   2432  -4.14684038e-07
   2433  -4.14343260e-07
   2434  -4.14002902e-07
   2435  -4.13662963e-07
   2436  -4.19405280e-07
   2437  -4.19061187e-07
   2438  -4.18717519e-07
   2439  -4.18374272e-07
   2440  -4.18031448e-07
   2441  -4.18656568e-07
   2442  -4.18313793e-07
   2443  -4.17971439e-07
   2444  -4.17629505e-07
   2445  -4.17287991e-07
   2446  -4.08203082e-07
   2447  -4.07869548e-07
   2448  -4.07536424e-07
   2449  -4.07203707e-07
   2450  -4.06871397e-07
   2451  -4.11896321e-07
   2452  -4.11560456e-07
   2453  -4.11225002e-07
   2454  -4.10889958e-07
   2455  -4.10555323e-07
   2456  -4.09020210e-07
   2457  -4.08687368e-07
   2458  -4.08354933e-07
   2459  -4.08022904e-07
   2460  -4.07691279e-07
   2461  -4.08527990e-07
   2462  -4.08196224e-07
   2463  -4.07864863e-07
   2464  -4.07533904e-07
   2465  -4.07203349e-07
   2466  -4.03416054e-07
   2467  -4.03089103e-07
   2468  -4.02762550e-07
   2469  -4.02436394e-07
   2470  -4.02110633e-07
   2471  -3.96202839e-07
   2472  -3.95882383e-07
   2473  -3.95562317e-07
   2474  -3.95242638e-07
   2475  -3.94923347e-07
   2476  -4.00587717e-07
   2477  -4.00264369e-07
   2478  -3.99941412e-07
   2479  -3.99618846e-07
   2480  -3.99296671e-07
   2481  -3.91855093e-07
   2482  -3.91539431e-07
   2483  -3.91224150e-07
   2484  -3.90909250e-07
   2485  -3.90594730e-07
   2486  -3.98492120e-07
   2487  -3.98171756e-07
   2488  -3.97851779e-07
   2489  -3.97532187e-07
   2490  -3.97212980e-07
   2491  -3.91746033e-07
   2492  -3.91431725e-07
   2493  -3.91117794e-07
   2494  -3.90804242e-07
   2495  -3.90491066e-07
   2496  -3.85654034e-07
   2497  -3.85345232e-07
   2498  -3.85036802e-07
   2499  -3.84728742e-07
   2500  -3.84421051e-07
   2501  -3.78617201e-07
   2502  -3.78314640e-07
   2503  -3.78012442e-07
   2504  -3.77710605e-07
   2505  -3.77409130e-07
   2506  -3.66102341e-07
   2507  -3.65810365e-07
   2508  -3.65518737e-07
   2509  -3.65227458e-07
   2510  -3.64936527e-07
   2511  -3.75125815e-07
   2512  -3.74827237e-07
   2513  -3.74529015e-07
   2514  -3.74231149e-07
   2515  -3.73933639e-07
   2516  -3.65109692e-07
   2517  -3.64819663e-07
   2518  -3.64529980e-07
   2519  -3.64240642e-07
   2520  -3.63951648e-07
   2521  -3.65429097e-07
   2522  -3.65139390e-07
   2523  -3.64850027e-07
   2524  -3.64561008e-07
   2525  -3.64272333e-07
   2526  -3.59798771e-07
   2527  -3.59514092e-07
   2528  -3.59229751e-07
   2529  -3.58945746e-07
   2530  -3.58662079e-07
   2531  -3.57726018e-07
   2532  -3.57443538e-07
   2533  -3.57161392e-07
   2534  -3.56879580e-07
   2535  -3.56598102e-07
   2536  -3.59953501e-07
   2537  -3.59669822e-07
   2538  -3.59386478e-07
   2539  -3.59103468e-07
   2540  -3.58820793e-07
   2541  -3.52439208e-07
   2542  -3.52161996e-07
   2543  -3.51885112e-07
   2544  -3.51608555e-07
   2545  -3.51332323e-07
   2546  -3.49389949e-07
   2547  -3.49115676e-07
   2548  -3.48841725e-07
   2549  -3.48568097e-07
   2550  -3.48294791e-07
   2551  -3.32649197e-07
   2552  -3.32388577e-07
   2553  -3.32128263e-07
   2554  -3.31868254e-07
   2555  -3.31608551e-07
   2556  -3.31426857e-07
   2557  -3.31167702e-07
   2558  -3.30908850e-07
   2559  -3.30650303e-07
   2560  -3.30392058e-07
   2561  -3.27165878e-07
   2562  -3.26910554e-07
   2563  -3.26655529e-07
   2564  -3.26400802e-07
   2565  -3.26146373e-07
   2566  -3.22374784e-07
   2567  -3.22123689e-07
   2568  -3.21872887e-07
   2569  -3.21622378e-07
   2570  -3.21372161e-07
   2571  -3.26251558e-07
   2572  -3.25997937e-07
   2573  -3.25744612e-07
   2574  -3.25491582e-07
   2575  -3.25238847e-07
   2576  -3.15371721e-07
   2577  -3.15127033e-07
   2578  -3.14882630e-07
   2579  -3.14638511e-07
   2580  -3.14394676e-07
   2581  -3.18747998e-07
   2582  -3.18501170e-07
   2583  -3.18254628e-07
   2584  -3.18008372e-07
   2585  -3.17762402e-07
   2586  -3.14543536e-07
   2587  -3.14300434e-07
   2588  -3.14057614e-07
   2589  -3.13815075e-07
   2590  -3.13572817e-07
   2591  -3.09033447e-07
   2592  -3.08795064e-07
   2593  -3.08556957e-07
   2594  -3.08319125e-07
   2595  -3.08081568e-07
   2596  -3.03516108e-07
   2597  -3.03282432e-07
   2598  -3.03049025e-07
   2599  -3.02815888e-07
   2600  -3.02583020e-07
   2601  -2.87810645e-07
   2602  -2.87589486e-07
   2603  -2.87368582e-07
   2604  -2.87147932e-07
   2605  -2.86927537e-07
   2606  -2.88046717e-07
   2607  -2.87825801e-07
   2608  -2.87605139e-07
   2609  -2.87384731e-07
   2610  -2.87164576e-07
   2611  -2.78162843e-07
   2612  -2.77949916e-07
   2613  -2.77737233e-07
   2614  -2.77524794e-07
   2615  -2.77312599e-07
   2616  -2.80069926e-07
   2617  -2.79855949e-07
   2618  -2.79642216e-07
   2619  -2.79428728e-07
   2620  -2.79215485e-07
   2621  -2.70814267e-07
   2622  -2.70607755e-07
   2623  -2.70401480e-07
   2624  -2.70195440e-07
   2625  -2.69989636e-07
   2626  -2.71020195e-07
   2627  -2.70813920e-07
   2628  -2.70607880e-07
   2629  -2.70402075e-07
   2630  -2.70196504e-07
   2631  -2.73623944e-07
   2632  -2.73416082e-07
   2633  -2.73208457e-07
   2634  -2.73001068e-07
   2635  -2.72793916e-07
   2636  -2.65407120e-07
   2637  -2.65205883e-07
   2638  -2.65004874e-07
   2639  -2.64804094e-07
   2640  -2.64603542e-07
   2641  -2.61369830e-07
   2642  -2.61172028e-07
   2643  -2.60974452e-07
   2644  -2.60777099e-07
   2645  -2.60579970e-07
   2646  -2.53487475e-07
   2647  -2.53296001e-07
   2648  -2.53104744e-07
   2649  -2.52913704e-07
   2650  -2.52722879e-07
   2651  -2.42985345e-07
   2652  -2.42802150e-07
   2653  -2.42619162e-07
   2654  -2.42436381e-07
   2655  -2.42253806e-07
   2656  -2.41735462e-07
   2657  -2.41553552e-07
   2658  -2.41371848e-07
   2659  -2.41190348e-07
   2660  -2.41009053e-07
   2661  -2.28817572e-07
   2662  -2.28645706e-07
   2663  -2.28474034e-07
   2664  -2.28302555e-07
   2665  -2.28131270e-07
   2666  -2.32424028e-07
   2667  -2.32249780e-07
   2668  -2.32075729e-07
   2669  -2.31901873e-07
   2670  -2.31728213e-07
   2671  -2.26787610e-07
   2672  -2.26617906e-07
   2673  -2.26448393e-07
   2674  -2.26279070e-07
   2675  -2.26109937e-07
   2676  -2.21676497e-07
   2677  -2.21510927e-07
   2678  -2.21345544e-07
   2679  -2.21180345e-07
   2680  -2.21015331e-07
   2681  -2.24841605e-07
   2682  -2.24673985e-07
   2683  -2.24506552e-07
   2684  -2.24339307e-07
   2685  -2.24172248e-07
   2686  -2.18699951e-07
   2687  -2.18537213e-07
   2688  -2.18374656e-07
   2689  -2.18212281e-07
   2690  -2.18050086e-07
   2691  -2.18688359e-07
   2692  -2.18525932e-07
   2693  -2.18363685e-07
   2694  -2.18201619e-07
   2695  -2.18039733e-07
   2696  -2.05242643e-07
   2697  -2.05090485e-07
   2698  -2.04938496e-07
   2699  -2.04786675e-07
   2700  -2.04635024e-07
   2701  -2.00847026e-07
   2702  -2.00698402e-07
   2703  -2.00549943e-07
   2704  -2.00401648e-07
   2705  -2.00253518e-07
   2706  -1.95344337e-07
   2707  -1.95200052e-07
   2708  -1.95055927e-07
   2709  -1.94911961e-07
   2710  -1.94768154e-07
   2711  -1.90184881e-07
   2712  -1.90044666e-07
   2713  -1.89904605e-07
   2714  -1.89764700e-07
   2715  -1.89624948e-07
   2716  -1.90983458e-07
   2717  -1.90842913e-07
   2718  -1.90702522e-07
   2719  -1.90562287e-07
   2720  -1.90422206e-07
   2721  -1.81575952e-07
   2722  -1.81442575e-07
   2723  -1.81309345e-07
   2724  -1.81176262e-07
   2725  -1.81043325e-07
   2726  -1.83656829e-07
   2727  -1.83522171e-07
   2728  -1.83387661e-07
   2729  -1.83253299e-07
   2730  -1.83119084e-07
   2731  -1.81708147e-07
   2732  -1.81575161e-07
   2733  -1.81442321e-07
   2734  -1.81309627e-07
   2735  -1.81177079e-07
   2736  -1.75139079e-07
   2737  -1.75011135e-07
   2738  -1.74883331e-07
   2739  -1.74755668e-07
   2740  -1.74628144e-07
   2741  -1.75773863e-07
   2742  -1.75645690e-07
   2743  -1.75517657e-07
   2744  -1.75389763e-07
   2745  -1.75262010e-07
   2746  -1.65516730e-07
   2747  -1.65396256e-07
   2748  -1.65275913e-07
   2749  -1.65155701e-07
   2750  -1.65035621e-07
   2751  -1.61840645e-07
   2752  -1.61723061e-07
   2753  -1.61605604e-07
   2754  -1.61488275e-07
   2755  -1.61371074e-07
   2756  -1.56263516e-07
   2757  -1.56150189e-07
   2758  -1.56036985e-07
   2759  -1.55923905e-07
   2760  -1.55810947e-07
   2761  -1.51801578e-07
   2762  -1.51691686e-07
   2763  -1.51581914e-07
   2764  -1.51472261e-07
   2765  -1.51362726e-07
   2766  -1.50281025e-07
   2767  -1.50172430e-07
   2768  -1.50063953e-07
   2769  -1.49955594e-07
   2770  -1.49847352e-07
   2771  -1.44154232e-07
   2772  -1.44050253e-07
   2773  -1.43946386e-07
   2774  -1.43842632e-07
   2775  -1.43738989e-07
   2776  -1.46882500e-07
   2777  -1.46776743e-07
   2778  -1.46671101e-07
   2779  -1.46565573e-07
   2780  -1.46460158e-07
   2781  -1.41189554e-07
   2782  -1.41088079e-07
   2783  -1.40986713e-07
   2784  -1.40885457e-07
   2785  -1.40784310e-07
   2786  -1.40888985e-07
   2787  -1.40787908e-07
   2788  -1.40686939e-07
   2789  -1.40586079e-07
   2790  -1.40485328e-07
   2791  -1.37544901e-07
   2792  -1.37446400e-07
   2793  -1.37348004e-07
   2794  -1.37249714e-07
   2795  -1.37151530e-07
   2796  -1.31344604e-07
   2797  -1.31250711e-07
   2798  -1.31156919e-07
   2799  -1.31063227e-07
   2800  -1.30969636e-07
   2801  -1.26394417e-07
   2802  -1.26304224e-07
   2803  -1.26214127e-07
   2804  -1.26124127e-07
   2805  -1.26034223e-07
   2806  -1.19052585e-07
   2807  -1.18967782e-07
   2808  -1.18883070e-07
   2809  -1.18798448e-07
   2810  -1.18713916e-07
   2811  -1.16749781e-07
   2812  -1.16666766e-07
   2813  -1.16583840e-07
   2814  -1.16501002e-07
   2815  -1.16418253e-07
   2816  -1.15770456e-07
   2817  -1.15688284e-07
   2818  -1.15606199e-07
   2819  -1.15524202e-07
   2820  -1.15442291e-07
   2821  -1.13207223e-07
   2822  -1.13127013e-07
   2823  -1.13046887e-07
   2824  -1.12966847e-07
   2825  -1.12886892e-07
   2826  -1.11862560e-07
   2827  -1.11783442e-07
   2828  -1.11704408e-07
   2829  -1.11625458e-07
   2830  -1.11546592e-07
   2831  -1.09584021e-07
   2832  -1.09506652e-07
   2833  -1.09429364e-07
   2834  -1.09352159e-07
   2835  -1.09275035e-07
   2836  -1.08723415e-07
   2837  -1.08646789e-07
   2838  -1.08570243e-07
   2839  -1.08493779e-07
   2840  -1.08417395e-07
   2841  -1.04903838e-07
   2842  -1.04830034e-07
   2843  -1.04756307e-07
   2844  -1.04682658e-07
   2845  -1.04609087e-07
   2846  -1.00531323e-07
   2847  -1.00460719e-07
   2848  -1.00390190e-07
   2849  -1.00319734e-07
   2850  -1.00249353e-07
   2851  -9.54812591e-08
   2852  -9.54143193e-08
   2853  -9.53474499e-08
   2854  -9.52806507e-08
   2855  -9.52139218e-08
   2856  -9.12519403e-08
   2857  -9.11880775e-08
   2858  -9.11242817e-08
   2859  -9.10605529e-08
   2860  -9.09968909e-08
   2861  -8.90966553e-08
   2862  -8.90344098e-08
   2863  -8.89722295e-08
   2864  -8.89101143e-08
   2865  -8.88480642e-08
   2866  -8.65964248e-08
   2867  -8.65360315e-08
   2868  -8.64757014e-08
   2869  -8.64154344e-08
   2870  -8.63552303e-08
   2871  -8.49312934e-08
   2872  -8.48721645e-08
   2873  -8.48130973e-08
   2874  -8.47540918e-08
   2875  -8.46951478e-08
   2876  -8.24377042e-08
   2877  -8.23804111e-08
   2878  -8.23231776e-08
   2879  -8.22660038e-08
   2880  -8.22088895e-08
   2881  -8.16725541e-08
   2882  -8.16158912e-08
   2883  -8.15592872e-08
   2884  -8.15027420e-08
   2885  -8.14462557e-08
   2886  -8.02342552e-08
   2887  -8.01786865e-08
   2888  -8.01231755e-08
   2889  -8.00677221e-08
   2890  -8.00123263e-08
   2891  -7.82845612e-08
   2892  -7.82304365e-08
   2893  -7.81763679e-08
   2894  -7.81223554e-08
   2895  -7.80683989e-08
   2896  -7.60179605e-08
   2897  -7.59654936e-08
   2898  -7.59130811e-08
   2899  -7.58607227e-08
   2900  -7.58084185e-08
   2901  -7.13699890e-08
   2902  -7.13208150e-08
   2903  -7.12716917e-08
   2904  -7.12226192e-08
   2905  -7.11735974e-08
   2906  -6.88747702e-08
   2907  -6.88273970e-08
   2908  -6.87800726e-08
   2909  -6.87327970e-08
   2910  -6.86855701e-08
   2911  -6.51912689e-08
   2912  -6.51465062e-08
   2913  -6.51017896e-08
   2914  -6.50571191e-08
   2915  -6.50124944e-08
   2916  -6.38410225e-08
   2917  -6.37972620e-08
   2918  -6.37535466e-08
   2919  -6.37098760e-08
   2920  -6.36662503e-08
   2921  -6.40690127e-08
   2922  -6.40251711e-08
   2923  -6.39813745e-08
   2924  -6.39376228e-08
   2925  -6.38939160e-08
   2926  -6.15509221e-08
   2927  -6.15088756e-08
   2928  -6.14668721e-08
   2929  -6.14249116e-08
   2930  -6.13829940e-08
   2931  -6.18567159e-08
   2932  -6.18145325e-08
   2933  -6.17723922e-08
   2934  -6.17302950e-08
   2935  -6.16882408e-08
   2936  -5.99492701e-08
   2937  -5.99084571e-08
   2938  -5.98676857e-08
   2939  -5.98269559e-08
   2940  -5.97862677e-08
   2941  -5.76898704e-08
   2942  -5.76506623e-08
   2943  -5.76114941e-08
   2944  -5.75723658e-08
   2945  -5.75332774e-08
   2946  -5.61827324e-08
   2947  -5.61446133e-08
   2948  -5.61065330e-08
   2949  -5.60684915e-08
   2950  -5.60304886e-08
   2951  -5.14359300e-08
   2952  -5.14010906e-08
   2953  -5.13662867e-08
   2954  -5.13315180e-08
   2955  -5.12967847e-08
   2956  -4.98259640e-08
   2957  -4.97922722e-08
   2958  -4.97586145e-08
   2959  -4.97249910e-08
   2960  -4.96914015e-08
   2961  -4.76821677e-08
   2962  -4.76499800e-08
   2963  -4.76178248e-08
   2964  -4.75857021e-08
   2965  -4.75536119e-08
   2966  -4.66726473e-08
   2967  -4.66411941e-08
   2968  -4.66097727e-08
   2969  -4.65783830e-08
   2970  -4.65470250e-08
   2971  -4.62234024e-08
   2972  -4.61923044e-08
   2973  -4.61612377e-08
   2974  -4.61302023e-08
   2975  -4.60991982e-08
   2976  -4.40727117e-08
   2977  -4.40431103e-08
   2978  -4.40135388e-08
   2979  -4.39839970e-08
   2980  -4.39544850e-08
   2981  -4.47666527e-08
   2982  -4.47366357e-08
   2983  -4.47066488e-08
   2984  -4.46766921e-08
   2985  -4.46467655e-08
   2986  -4.31132085e-08
   2987  -4.30843485e-08
   2988  -4.30555175e-08
   2989  -4.30267154e-08
   2990  -4.29979422e-08
   2991  -4.24379160e-08
   2992  -4.24095555e-08
   2993  -4.23812235e-08
   2994  -4.23529198e-08
   2995  -4.23246444e-08
   2996  -4.02693882e-08
   2997  -4.02425218e-08
   2998  -4.02156823e-08
   2999  -4.01888696e-08
   3000  -4.01620837e-08
   3001  -3.77162302e-08
   3002  -3.76911091e-08
   3003  -3.76660130e-08
   3004  -3.76409420e-08
   3005  -3.76158961e-08
   3006  -3.68097011e-08
   3007  -3.67852245e-08
   3008  -3.67607724e-08
   3009  -3.67363446e-08
   3010  -3.67119411e-08
   3011  -3.47917487e-08
   3012  -3.47686523e-08
   3013  -3.47455790e-08
   3014  -3.47225286e-08
   3015  -3.46995011e-08
   3016  -3.38600419e-08
   3017  -3.38376013e-08
   3018  -3.38151830e-08
   3019  -3.37927870e-08
   3020  -3.37704132e-08
   3021  -3.32203359e-08
   3022  -3.31983557e-08
   3023  -3.31763973e-08
   3024  -3.31544607e-08
   3025  -3.31325458e-08
   3026  -3.21637771e-08
   3027  -3.21425311e-08
   3028  -3.21213062e-08
   3029  -3.21001023e-08
   3030  -3.20789193e-08
   3031  -3.28450308e-08
   3032  -3.28233706e-08
   3033  -3.28017318e-08
   3034  -3.27801144e-08
   3035  -3.27585183e-08
   3036  -3.18078845e-08
   3037  -3.17869427e-08
   3038  -3.17660217e-08
   3039  -3.17451213e-08
   3040  -3.17242415e-08
   3041  -3.13222754e-08
   3042  -3.13016873e-08
   3043  -3.12811194e-08
   3044  -3.12605718e-08
   3045  -3.12400445e-08
   3046  -2.98193937e-08
   3047  -2.97998255e-08
   3048  -2.97802767e-08
   3049  -2.97607470e-08
   3050  -2.97412366e-08
   3051  -2.86611792e-08
   3052  -2.86424019e-08
   3053  -2.86236431e-08
   3054  -2.86049027e-08
   3055  -2.85861806e-08
   3056  -2.75790273e-08
   3057  -2.75609886e-08
   3058  -2.75429675e-08
   3059  -2.75249641e-08
   3060  -2.75069783e-08
   3061  -2.60647169e-08
   3062  -2.60476964e-08
   3063  -2.60306926e-08
   3064  -2.60137054e-08
   3065  -2.59967349e-08
   3066  -2.58767795e-08
   3067  -2.58599093e-08
   3068  -2.58430556e-08
   3069  -2.58262183e-08
   3070  -2.58093975e-08
   3071  -2.51315324e-08
   3072  -2.51151747e-08
   3073  -2.50988330e-08
   3074  -2.50825072e-08
   3075  -2.50661974e-08
   3076  -2.47800056e-08
   3077  -2.47639029e-08
   3078  -2.47478159e-08
   3079  -2.47317446e-08
   3080  -2.47156889e-08
   3081  -2.32808879e-08
   3082  -2.32657840e-08
   3083  -2.32506947e-08
   3084  -2.32356201e-08
   3085  -2.32205601e-08
   3086  -2.16495878e-08
   3087  -2.16355649e-08
   3088  -2.16215557e-08
   3089  -2.16075600e-08
   3090  -2.15935779e-08
   3091  -1.92560168e-08
   3092  -1.92435644e-08
   3093  -1.92311241e-08
   3094  -1.92186959e-08
   3095  -1.92062797e-08
   3096  -1.53224889e-08
   3097  -1.53125962e-08
   3098  -1.53027131e-08
   3099  -1.52928396e-08
   3100  -1.52829757e-08
   3101  -1.14040378e-08
   3102  -1.13966869e-08
   3103  -1.13893430e-08
   3104  -1.13820063e-08
   3105  -1.13746767e-08
   3106  -7.51687004e-09
   3107  -7.51203254e-09
   3108  -7.50719971e-09
   3109  -7.50237154e-09
   3110  -7.49754803e-09
   3111  -5.12639836e-09
   3112  -5.12310455e-09
   3113  -5.11981392e-09
   3114  -5.11652646e-09
   3115  -5.11324216e-09
   3116  -3.45653070e-09
   3117  -3.45431338e-09
   3118  -3.45209819e-09
   3119  -3.44988513e-09
   3120  -3.44767420e-09
   3121  -2.50319710e-09
   3122  -2.50159390e-09
   3123  -2.49999224e-09
   3124  -2.49839212e-09
   3125  -2.49679353e-09
   3126  -1.98794739e-09
   3127  -1.98667622e-09
   3128  -1.98540627e-09
   3129  -1.98413754e-09
   3130  -1.98287002e-09
   3131  -1.63306242e-09
   3132  -1.63201985e-09
   3133  -1.63097827e-09
   3134  -1.62993769e-09
   3135  -1.62889811e-09
   3136  -1.44960905e-09
   3137  -1.44868507e-09
   3138  -1.44776197e-09
   3139  -1.44683976e-09
   3140  -1.44591842e-09
   3141  -1.24291740e-09
   3142  -1.24212642e-09
   3143  -1.24133620e-09
   3144  -1.24054674e-09
   3145  -1.23975803e-09
   3146  -1.09383043e-09
   3147  -1.09313543e-09
   3148  -1.09244110e-09
   3149  -1.09174744e-09
   3150  -1.09105443e-09
   3151  -9.93126475e-10
   3152  -9.92496468e-10
   3153  -9.91867061e-10
   3154  -9.91238252e-10
   3155  -9.90610042e-10
   3156  -8.70776224e-10
   3157  -8.70224707e-10
   3158  -8.69673714e-10
   3159  -8.69123244e-10
   3160  -8.68573296e-10
   3161  -7.99211377e-10
   3162  -7.98705986e-10
   3163  -7.98201075e-10
   3164  -7.97696643e-10
   3165  -7.97192689e-10
   3166  -7.36251232e-10
   3167  -7.35786390e-10
   3168  -7.35321988e-10
   3169  -7.34858026e-10
   3170  -7.34394503e-10
   3171  -6.96046299e-10
   3172  -6.95607533e-10
   3173  -6.95169183e-10
   3174  -6.94731246e-10
   3175  -6.94293724e-10
   3176  -6.54555743e-10
   3177  -6.54143781e-10
   3178  -6.53732208e-10
   3179  -6.53321023e-10
   3180  -6.52910226e-10
   3181  -5.91458671e-10
   3182  -5.91087006e-10
   3183  -5.90715691e-10
   3184  -5.90344726e-10
   3185  -5.89974110e-10
   3186  -5.62047240e-10
   3187  -5.61694611e-10
   3188  -5.61342313e-10
   3189  -5.60990347e-10
   3190  -5.60638711e-10
   3191  -5.08412118e-10
   3192  -5.08093639e-10
   3193  -5.07775459e-10
   3194  -5.07457578e-10
   3195  -5.07139995e-10
   3196  -4.89362457e-10
   3197  -4.89056390e-10
   3198  -4.88750610e-10
   3199  -4.88445117e-10
   3200  -4.88139911e-10
   3201  -4.56302420e-10
   3202  -4.56017476e-10
   3203  -4.55732799e-10
   3204  -4.55448388e-10
   3205  -4.55164243e-10
   3206  -4.24107894e-10
   3207  -4.23843467e-10
   3208  -4.23579288e-10
   3209  -4.23315355e-10
   3210  -4.23051668e-10
   3211  -4.09200565e-10
   3212  -4.08945829e-10
   3213  -4.08691332e-10
   3214  -4.08437072e-10
   3215  -4.08183049e-10
   3216  -3.81154229e-10
   3217  -3.80917322e-10
   3218  -3.80680635e-10
   3219  -3.80444170e-10
   3220  -3.80207924e-10
   3221  -3.67206053e-10
   3222  -3.66978169e-10
   3223  -3.66750497e-10
   3224  -3.66523038e-10
   3225  -3.66295789e-10
   3226  -3.50746618e-10
   3227  -3.50529286e-10
   3228  -3.50312156e-10
   3229  -3.50095227e-10
   3230  -3.49878501e-10
   3231  -3.25618783e-10
   3232  -3.25417333e-10
   3233  -3.25216069e-10
   3234  -3.25014993e-10
   3235  -3.24814103e-10
   3236  -3.21752000e-10
   3237  -3.21553249e-10
   3238  -3.21354683e-10
   3239  -3.21156301e-10
   3240  -3.20958102e-10
   3241  -2.96984401e-10
   3242  -2.96801233e-10
   3243  -2.96618234e-10
   3244  -2.96435404e-10
   3245  -2.96252744e-10
   3246  -2.91445708e-10
   3247  -2.91266233e-10
   3248  -2.91086923e-10
   3249  -2.90907779e-10
   3250  -2.90728800e-10
   3251  -2.76300352e-10
   3252  -2.76130465e-10
   3253  -2.75960735e-10
   3254  -2.75791160e-10
   3255  -2.75621742e-10
   3256  -2.61912238e-10
   3257  -2.61751444e-10
   3258  -2.61590799e-10
   3259  -2.61430302e-10
   3260  -2.61269952e-10
   3261  -2.57270424e-10
   3262  -2.57112723e-10
   3263  -2.56955166e-10
   3264  -2.56797754e-10
   3265  -2.56640487e-10
   3266  -2.37573956e-10
   3267  -2.37428551e-10
   3268  -2.37283279e-10
   3269  -2.37138141e-10
   3270  -2.36993135e-10
   3271  -2.34953565e-10
   3272  -2.34809983e-10
   3273  -2.34666533e-10
   3274  -2.34523214e-10
   3275  -2.34380027e-10
   3276  -2.21665970e-10
   3277  -2.21530715e-10
   3278  -2.21395584e-10
   3279  -2.21260576e-10
   3280  -2.21125692e-10
   3281  -2.14106225e-10
   3282  -2.13975782e-10
   3283  -2.13845458e-10
   3284  -2.13715253e-10
   3285  -2.13585166e-10
   3286  -2.06344120e-10
   3287  -2.06218597e-10
   3288  -2.06093189e-10
   3289  -2.05967895e-10
   3290  -2.05842715e-10
   3291  -1.92235459e-10
   3292  -1.92118696e-10
   3293  -1.92002040e-10
   3294  -1.91885490e-10
   3295  -1.91769045e-10
   3296  -1.91548252e-10
   3297  -1.91432083e-10
   3298  -1.91316020e-10
   3299  -1.91200062e-10
   3300  -1.91084210e-10
