     50   1.00033261e-12
     51   8.42424751e-13
     52   8.10486670e-13
     53   7.80331020e-13
     54   7.51827594e-13
     55   7.24857857e-13
     56   4.02470617e-13
     57   3.88533038e-13
     58   3.75307113e-13
     59   3.62745202e-13
     60   3.50803590e-13
     61   2.33360320e-13
     62   2.25922900e-13
     63   2.18835455e-13
     64   2.12076366e-13
     65   2.05625658e-13
     66   7.22710523e-13
     67   7.01376779e-13
     68   6.80973912e-13
     69   6.61448542e-13
     70   6.42751061e-13
     71   4.12176419e-13
     72   4.00845515e-13
     73   3.89975508e-13
     74   3.79541736e-13
     75   3.69521164e-13
     76   6.52803814e-13
     77   6.36011960e-13
     78   6.19859770e-13
     79   6.04315162e-13
     80   5.89348039e-13
     81   1.01701523e-12
     82   9.92435480e-13
     83   9.68736170e-13
     84   9.45875743e-13
     85   9.23815070e-13
     86   8.17196489e-13
     87   7.98571387e-13
     88   7.80575846e-13
     89   7.63181807e-13
     90   7.46362761e-13
     91   8.88636128e-13
     92   8.69474585e-13
     93   8.50926194e-13
     94   8.32965070e-13
     95   8.15566681e-13
     96   7.55911252e-13
     97   7.40445344e-13
     98   7.25449273e-13
     99   7.10904202e-13
    100   6.96792223e-13
    101   3.24639450e-13
    102   3.18320548e-13
    103   3.12184356e-13
    104   3.06223898e-13
    105   3.00432528e-13
    106   2.04511803e-13
    107   2.00715823e-13
    108   1.97024556e-13
    109   1.93434188e-13
    110   1.89941074e-13
    111   5.20498813e-13
    112   5.11266155e-13
    113   5.02276992e-13
    114   4.93522834e-13
    115   4.84995562e-13
    116   7.81179192e-13
    117   7.67910937e-13
    118   7.54977873e-13
    119   7.42368806e-13
    120   7.30073002e-13
    121   1.46337505e-12
    122   1.43953217e-12
    123   1.41626729e-12
    124   1.39356188e-12
    125   1.37139813e-12
    126   2.04120126e-12
    127   2.00924544e-12
    128   1.97803422e-12
    129   1.94754463e-12
    130   1.91775460e-12
    131   1.98621613e-12
    132   1.95629229e-12
    133   1.92703963e-12
    134   1.89843822e-12
    135   1.87046889e-12
    136   1.51521877e-12
    137   1.49321944e-12
    138   1.47169576e-12
    139   1.45063413e-12
    140   1.43002141e-12
    141   9.22075943e-13
    142   9.09157310e-13
    143   8.96508281e-13
    144   8.84121404e-13
    145   8.71989486e-13
    146   8.85344656e-13
    147   8.73360399e-13
    148   8.61617838e-13
    149   8.50110518e-13
    150   8.38832197e-13
    151   1.51894045e-12
    152   1.49905269e-12
    153   1.47955297e-12
    154   1.46043127e-12
    155   1.44167789e-12
    156   1.73658809e-12
    157   1.71457130e-12
    158   1.69297056e-12
    159   1.67177547e-12
    160   1.65097592e-12
    161   4.43041685e-12
    162   4.37597279e-12
    163   4.32252617e-12
    164   4.27005277e-12
    165   4.21852911e-12
    166   3.92058702e-12
    167   3.87384412e-12
    168   3.82793220e-12
    169   3.78283167e-12
    170   3.73852354e-12
    171   4.81345284e-12
    172   4.75772581e-12
    173   4.70296096e-12
    174   4.64913628e-12
    175   4.59623035e-12
    176   6.78829576e-12
    177   6.71191596e-12
    178   6.63681804e-12
    179   6.56297349e-12
    180   6.49035456e-12
    181   4.04523635e-12
    182   4.00096589e-12
    183   3.95741820e-12
    184   3.91457765e-12
    185   3.87242899e-12
    186   4.68756046e-12
    187   4.63762666e-12
    188   4.58848650e-12
    189   4.54012326e-12
    190   4.49252064e-12
    191   4.05629165e-12
    192   4.01420323e-12
    193   3.97276650e-12
    194   3.93196808e-12
    195   3.89179491e-12
    196   4.49608752e-12
    197   4.45061530e-12
    198   4.40582945e-12
    199   4.36171622e-12
    200   4.31826222e-12
    201   4.30107877e-12
    202   4.25865156e-12
    203   4.21684903e-12
    204   4.17565899e-12
    205   4.13506954e-12
    206   2.00178191e-12
    207   1.98251093e-12
    208   1.96351689e-12
    209   1.94479452e-12
    210   1.92633866e-12
    211   2.25982632e-13
    212   2.23858245e-13
    213   2.21763673e-13
    214   2.19698362e-13
    215   2.17661769e-13
    216   0.00000000e+00
    217   0.00000000e+00
    218   0.00000000e+00
    219   0.00000000e+00
    220   0.00000000e+00
    221   0.00000000e+00
    222   0.00000000e+00
    223   0.00000000e+00
    224   0.00000000e+00
    225   0.00000000e+00
    226   1.22300923e-13
    227   1.21226934e-13
    228   1.20167031e-13
    229   1.19120967e-13
    230   1.18088503e-13
    231   0.00000000e+00
    232   0.00000000e+00
    233   0.00000000e+00
    234   0.00000000e+00
    235   0.00000000e+00
    236   0.00000000e+00
    237   0.00000000e+00
    238   0.00000000e+00
    239   0.00000000e+00
    240   0.00000000e+00
    241   0.00000000e+00
    242   0.00000000e+00
    243   0.00000000e+00
    244   0.00000000e+00
    245   0.00000000e+00
    246   5.84613866e-12
    247   5.79894495e-12
    248   5.75232041e-12
    249   5.70625592e-12
    250   5.66074255e-12
    251   6.90960587e-11
    252   6.85493061e-11
    253   6.80090176e-11
    254   6.74750916e-11
    255   6.69474287e-11
    256   1.07393991e-10
    257   1.06560674e-10
    258   1.05737019e-10
    259   1.04922877e-10
    260   1.04118101e-10
    261   2.22673215e-10
    262   2.20978276e-10
    263   2.19302616e-10
    264   2.17645943e-10
    265   2.16007972e-10
    266   2.07612757e-10
    267   2.06061965e-10
    268   2.04528485e-10
    269   2.03012059e-10
    270   2.01512435e-10
    271   4.42394344e-10
    272   4.39150397e-10
    273   4.35942000e-10
    274   4.32768636e-10
    275   4.29629796e-10
    276   9.24517563e-10
    277   9.17860387e-10
    278   9.11274857e-10
    279   9.04759950e-10
    280   8.98314658e-10
    281   4.09721714e-09
    282   4.06823601e-09
    283   4.03956128e-09
    284   4.01118866e-09
    285   3.98311391e-09
    286   7.50255229e-09
    287   7.45040609e-09
    288   7.39880166e-09
    289   7.34773153e-09
    290   7.29718835e-09
    291   1.24910295e-08
    292   1.24056939e-08
    293   1.23212297e-08
    294   1.22376253e-08
    295   1.21548689e-08
    296   1.85560393e-08
    297   1.84313978e-08
    298   1.83080079e-08
    299   1.81858530e-08
    300   1.80649166e-08
    301   2.27104120e-08
    302   2.25603848e-08
    303   2.24118394e-08
    304   2.22647563e-08
    305   2.21191163e-08
    306   3.63823232e-08
    307   3.61458829e-08
    308   3.59117400e-08
    309   3.56798648e-08
    310   3.54502282e-08
    311   3.72693313e-08
    312   3.70309987e-08
    313   3.67949449e-08
    314   3.65611411e-08
    315   3.63295587e-08
    316   5.09381237e-08
    317   5.06175067e-08
    318   5.02999073e-08
    319   4.99852876e-08
    320   4.96736106e-08
    321   6.40575320e-08
    322   6.36605844e-08
    323   6.32673151e-08
    324   6.28776787e-08
    325   6.24916307e-08
    326   6.34755279e-08
    327   6.30881874e-08
    328   6.27043817e-08
    329   6.23240676e-08
    330   6.19472032e-08
    331   8.71685840e-08
    332   8.66446565e-08
    333   8.61254385e-08
    334   8.56108736e-08
    335   8.51009065e-08
    336   8.38681723e-08
    337   8.33715444e-08
    338   8.28793147e-08
    339   8.23914314e-08
    340   8.19078434e-08
    341   1.15515285e-07
    342   1.14841236e-07
    343   1.14173070e-07
    344   1.13510719e-07
    345   1.12854114e-07
    346   1.24702008e-07
    347   1.23984816e-07
    348   1.23273793e-07
    349   1.22568869e-07
    350   1.21869974e-07
    351   1.27271482e-07
    352   1.26549887e-07
    353   1.25834412e-07
    354   1.25124987e-07
    355   1.24421545e-07
    356   1.65778668e-07
    357   1.64851884e-07
    358   1.63932850e-07
    359   1.63021481e-07
    360   1.62117690e-07
    361   1.60809082e-07
    362   1.59922473e-07
    363   1.59043175e-07
    364   1.58171109e-07
    365   1.57306197e-07
    366   1.95723541e-07
    367   1.94659105e-07
    368   1.93603328e-07
    369   1.92556118e-07
    370   1.91517381e-07
    371   1.98283408e-07
    372   1.97219514e-07
    373   1.96164160e-07
    374   1.95117255e-07
    375   1.94078708e-07
    376   2.26297840e-07
    377   2.25099706e-07
    378   2.23911063e-07
    379   2.22731809e-07
    380   2.21561847e-07
    381   2.60119358e-07
    382   2.58760147e-07
    383   2.57411561e-07
    384   2.56073491e-07
    385   2.54745827e-07
    386   2.49361874e-07
    387   2.48075676e-07
    388   2.46799404e-07
    389   2.45532956e-07
    390   2.44276231e-07
    391   3.02062644e-07
    392   3.00524453e-07
    393   2.98997981e-07
    394   2.97483110e-07
    395   2.95979723e-07
    396   2.93849320e-07
    397   2.92371764e-07
    398   2.90905325e-07
    399   2.89449890e-07
    400   2.88005351e-07
    401   3.43350844e-07
    402   3.41645813e-07
    403   3.39953452e-07
    404   3.38273635e-07
    405   3.36606237e-07
    406   3.61230209e-07
    407   3.59458389e-07
    408   3.57699573e-07
    409   3.55953634e-07
    410   3.54220447e-07
    411   3.68680698e-07
    412   3.66894240e-07
    413   3.65120735e-07
    414   3.63360059e-07
    415   3.61612087e-07
    416   4.00342936e-07
    417   3.98426275e-07
    418   3.96523346e-07
    419   3.94634017e-07
    420   3.92758159e-07
    421   4.26414189e-07
    422   4.24396857e-07
    423   4.22393806e-07
    424   4.20404902e-07
    425   4.18430013e-07
    426   4.70890162e-07
    427   4.68688457e-07
    428   4.66502158e-07
    429   4.64331120e-07
    430   4.62175203e-07
    431   5.08196249e-07
    432   5.05847569e-07
    433   5.03515133e-07
    434   5.01198792e-07
    435   4.98898398e-07
    436   5.51048314e-07
    437   5.48530677e-07
    438   5.46030255e-07
    439   5.43546891e-07
    440   5.41080429e-07
    441   5.54687539e-07
    442   5.52181894e-07
    443   5.49693190e-07
    444   5.47221272e-07
    445   5.44765991e-07
    446   6.07835699e-07
    447   6.05120634e-07
    448   6.02423720e-07
    449   5.99744795e-07
    450   5.97083701e-07
    451   6.45805800e-07
    452   6.42952989e-07
    453   6.40119039e-07
    454   6.37303784e-07
    455   6.34507062e-07
    456   7.09347756e-07
    457   7.06248478e-07
    458   7.03169468e-07
    459   7.00110550e-07
    460   6.97071549e-07
    461   7.45228792e-07
    462   7.42007925e-07
    463   7.38807893e-07
    464   7.35628518e-07
    465   7.32469623e-07
    466   7.19301169e-07
    467   7.16225592e-07
    468   7.13169699e-07
    469   7.10133322e-07
    470   7.07116295e-07
    471   8.70021458e-07
    472   8.66340778e-07
    473   8.62683405e-07
    474   8.59049145e-07
    475   8.55437801e-07
    476   8.64811414e-07
    477   8.61191066e-07
    478   8.57593404e-07
    479   8.54018239e-07
    480   8.50465384e-07
    481   9.84223199e-07
    482   9.80145633e-07
    483   9.76093355e-07
    484   9.72066155e-07
    485   9.68063827e-07
    486   9.65577480e-07
    487   9.61618170e-07
    488   9.57683163e-07
    489   9.53772260e-07
    490   9.49885264e-07
    491   9.55899708e-07
    492   9.52019854e-07
    493   9.48163574e-07
    494   9.44330678e-07
    495   9.40520975e-07
    496   1.10982787e-06
    497   1.10536850e-06
    498   1.10093595e-06
    499   1.09653000e-06
    500   1.09215046e-06
    501   1.04898038e-06
    502   1.04480741e-06
    503   1.04065929e-06
    504   1.03653583e-06
    505   1.03243683e-06
    506   1.20626604e-06
    507   1.20151462e-06
    508   1.19679123e-06
    509   1.19209563e-06
    510   1.18742761e-06
    511   1.20962915e-06
    512   1.20491095e-06
    513   1.20022031e-06
    514   1.19555700e-06
    515   1.19092081e-06
    516   1.24830698e-06
    517   1.24348494e-06
    518   1.23869079e-06
    519   1.23392430e-06
    520   1.22918528e-06
    521   1.39306255e-06
    522   1.38773280e-06
    523   1.38243359e-06
    524   1.37716467e-06
    525   1.37192582e-06
    526   1.24827790e-06
    527   1.24354734e-06
    528   1.23884362e-06
    529   1.23416654e-06
    530   1.22951589e-06
    531   1.51958869e-06
    532   1.51388400e-06
    533   1.50821137e-06
    534   1.50257056e-06
    535   1.49696134e-06
    536   1.47130348e-06
    537   1.46583141e-06
    538   1.46038982e-06
    539   1.45497846e-06
    540   1.44959713e-06
    541   1.65021324e-06
    542   1.64413231e-06
    543   1.63808493e-06
    544   1.63207086e-06
    545   1.62608984e-06
    546   1.67734645e-06
    547   1.67122196e-06
    548   1.66513095e-06
    549   1.65907318e-06
    550   1.65304840e-06
    551   1.61682864e-06
    552   1.61097852e-06
    553   1.60516009e-06
    554   1.59937312e-06
    555   1.59361740e-06
    556   1.90877436e-06
    557   1.90192981e-06
    558   1.89512201e-06
    559   1.88835070e-06
    560   1.88161562e-06
    561   1.79158770e-06
    562   1.78522044e-06
    563   1.77888707e-06
    564   1.77258734e-06
    565   1.76632102e-06
    566   2.03530376e-06
    567   2.02813404e-06
    568   2.02100215e-06
    569   2.01390781e-06
    570   2.00685075e-06
    571   1.96979135e-06
    572   1.96291299e-06
    573   1.95607059e-06
    574   1.94926391e-06
    575   1.94249270e-06
    576   2.16446256e-06
    577   2.15696984e-06
    578   2.14951595e-06
    579   2.14210063e-06
    580   2.13472362e-06
    581   2.22812455e-06
    582   2.22047762e-06
    583   2.21286999e-06
    584   2.20530139e-06
    585   2.19777156e-06
    586   2.21210612e-06
    587   2.20457875e-06
    588   2.19708974e-06
    589   2.18963883e-06
    590   2.18222575e-06
    591   2.45453787e-06
    592   2.44625601e-06
    593   2.43801599e-06
    594   2.42981754e-06
    595   2.42166037e-06
    596   2.42062287e-06
    597   2.41252376e-06
    598   2.40446522e-06
    599   2.39644700e-06
    600   2.38846882e-06
    601   2.59753077e-06
    602   2.58891184e-06
    603   2.58033574e-06
    604   2.57180218e-06
    605   2.56331088e-06
    606   2.55771391e-06
    607   2.54929692e-06
    608   2.54092141e-06
    609   2.53258711e-06
    610   2.52429374e-06
    611   2.51808957e-06
    612   2.50987059e-06
    613   2.50169179e-06
    614   2.49355290e-06
    615   2.48545367e-06
    616   2.90799884e-06
    617   2.89858403e-06
    618   2.88921488e-06
    619   2.87989107e-06
    620   2.87061233e-06
    621   2.76389267e-06
    622   2.75501626e-06
    623   2.74618255e-06
    624   2.73739125e-06
    625   2.72864210e-06
    626   3.03471333e-06
    627   3.02504479e-06
    628   3.01542238e-06
    629   3.00584582e-06
    630   2.99631480e-06
    631   2.92592864e-06
    632   2.91668035e-06
    633   2.90747584e-06
    634   2.89831483e-06
    635   2.88919706e-06
    636   3.05545849e-06
    637   3.04587650e-06
    638   3.03633952e-06
    639   3.02684725e-06
    640   3.01739943e-06
    641   3.31292028e-06
    642   3.30261171e-06
    643   3.29235117e-06
    644   3.28213838e-06
    645   3.27197303e-06
    646   3.09644990e-06
    647   3.08688927e-06
    648   3.07737285e-06
    649   3.06790037e-06
    650   3.05847156e-06
    651   3.44475813e-06
    652   3.43420353e-06
    653   3.42369737e-06
    654   3.41323934e-06
    655   3.40282916e-06
    656   3.33904888e-06
    657   3.32889594e-06
    658   3.31878924e-06
    659   3.30872850e-06
    660   3.29871343e-06
    661   3.46851756e-06
    662   3.45805052e-06
    663   3.44763078e-06
    664   3.43725807e-06
    665   3.42693211e-06
    666   3.57103184e-06
    667   3.56033613e-06
    668   3.54968840e-06
    669   3.53908836e-06
    670   3.52853574e-06
    671   3.42445458e-06
    672   3.41427412e-06
    673   3.40413899e-06
    674   3.39404892e-06
    675   3.38400364e-06
    676   3.91689979e-06
    677   3.90534126e-06
    678   3.89383381e-06
    679   3.88237715e-06
    680   3.87097098e-06
    681   3.70794473e-06
    682   3.69708294e-06
    683   3.68626880e-06
    684   3.67550205e-06
    685   3.66478240e-06
    686   4.12963212e-06
    687   4.11762302e-06
    688   4.10566622e-06
    689   4.09376143e-06
    690   4.08190835e-06
    691   4.06966388e-06
    692   4.05791459e-06
    693   4.04621610e-06
    694   4.03456812e-06
    695   4.02297038e-06
    696   4.08311065e-06
    697   4.07140701e-06
    698   4.05975361e-06
    699   4.04815018e-06
    700   4.03659642e-06
    701   4.40695736e-06
    702   4.39441533e-06
    703   4.38192676e-06
    704   4.36949136e-06
    705   4.35710882e-06
    706   4.07777370e-06
    707   4.06625051e-06
    708   4.05477608e-06
    709   4.04335016e-06
    710   4.03197246e-06
    711   4.54290884e-06
    712   4.53016129e-06
    713   4.51746732e-06
    714   4.50482663e-06
    715   4.49223893e-06
    716   4.46739340e-06
    717   4.45494508e-06
    718   4.44254872e-06
    719   4.43020402e-06
    720   4.41791071e-06
    721   4.78078997e-06
    722   4.76756053e-06
    723   4.75438593e-06
    724   4.74126586e-06
    725   4.72820003e-06
    726   4.83225483e-06
    727   4.81897485e-06
    728   4.80574954e-06
    729   4.79257860e-06
    730   4.77946173e-06
    731   4.70605487e-06
    732   4.69320997e-06
    733   4.68041758e-06
    734   4.66767742e-06
    735   4.65498920e-06
    736   5.06384248e-06
    737   5.05011468e-06
    738   5.03644263e-06
    739   5.02282603e-06
    740   5.00926457e-06
    741   5.05270392e-06
    742   5.03909853e-06
    743   5.02554802e-06
    744   5.01205209e-06
    745   4.99861045e-06
    746   5.34430751e-06
    747   5.33001314e-06
    748   5.31577605e-06
    749   5.30159593e-06
    750   5.28747246e-06
    751   5.44420529e-06
    752   5.42974045e-06
    753   5.41533318e-06
    754   5.40098318e-06
    755   5.38669014e-06
    756   5.15549588e-06
    757   5.14188851e-06
    758   5.12833494e-06
    759   5.11483488e-06
    760   5.10138806e-06
    761   5.98304732e-06
    762   5.96735923e-06
    763   5.95173276e-06
    764   5.93616760e-06
    765   5.92066341e-06
    766   5.65462617e-06
    767   5.63989579e-06
    768   5.62522290e-06
    769   5.61060719e-06
    770   5.59604837e-06
    771   5.90877364e-06
    772   5.89348080e-06
    773   5.87824725e-06
    774   5.86307269e-06
    775   5.84795681e-06
    776   6.00888781e-06
    777   5.99343584e-06
    778   5.97804339e-06
    779   5.96271016e-06
    780   5.94743586e-06
    781   6.26178950e-06
    782   6.24579004e-06
    783   6.22985182e-06
    784   6.21397454e-06
    785   6.19815787e-06
    786   6.38846793e-06
    787   6.37224840e-06
    788   6.35609057e-06
    789   6.33999411e-06
    790   6.32395872e-06
    791   6.32280392e-06
    792   6.30685236e-06
    793   6.29096108e-06
    794   6.27512979e-06
    795   6.25935818e-06
    796   6.59465309e-06
    797   6.57811996e-06
    798   6.56164893e-06
    799   6.54523969e-06
    800   6.52889192e-06
    801   6.51179477e-06
    802   6.49557105e-06
    803   6.47940789e-06
    804   6.46330499e-06
    805   6.44726204e-06
    806   6.84743329e-06
    807   6.83047896e-06
    808   6.81358752e-06
    809   6.79675865e-06
    810   6.77999206e-06
    811   6.96642053e-06
    812   6.94927770e-06
    813   6.93219807e-06
    814   6.91518132e-06
    815   6.89822716e-06
    816   7.13973501e-06
    817   7.12227312e-06
    818   7.10487520e-06
    819   7.08754096e-06
    820   7.07027007e-06
    821   7.56628211e-06
    822   7.54788945e-06
    823   7.52956378e-06
    824   7.51130476e-06
    825   7.49311208e-06
    826   7.81262385e-06
    827   7.79374709e-06
    828   7.77493865e-06
    829   7.75619822e-06
    830   7.73752547e-06
    831   8.22182791e-06
    832   8.20208170e-06
    833   8.18240655e-06
    834   8.16280211e-06
    835   8.14326804e-06
    836   8.10201862e-06
    837   8.08267629e-06
    838   8.06340315e-06
    839   8.04419886e-06
    840   8.02506310e-06
    841   8.13830888e-06
    842   8.11899519e-06
    843   8.09975017e-06
    844   8.08057349e-06
    845   8.06146484e-06
    846   8.59119884e-06
    847   8.57093060e-06
    848   8.55073401e-06
    849   8.53060872e-06
    850   8.51055440e-06
    851   7.90486840e-06
    852   7.88632870e-06
    853   7.86785414e-06
    854   7.84944442e-06
    855   7.83109925e-06
    856   8.12953878e-06
    857   8.11058329e-06
    858   8.09169402e-06
    859   8.07287066e-06
    860   8.05411290e-06
    861   7.82476813e-06
    862   7.80662900e-06
    863   7.78855288e-06
    864   7.77053946e-06
    865   7.75258846e-06
    866   8.87168563e-06
    867   8.85123808e-06
    868   8.83086113e-06
    869   8.81055447e-06
    870   8.79031777e-06
    871   9.71454896e-06
    872   9.69228704e-06
    873   9.67010155e-06
    874   9.64799215e-06
    875   9.62595849e-06
    876   1.05115364e-05
    877   1.04875853e-05
    878   1.04637160e-05
    879   1.04399280e-05
    880   1.04162211e-05
    881   1.21146408e-05
    882   1.20871933e-05
    883   1.20598389e-05
    884   1.20325774e-05
    885   1.20054081e-05
    886   1.27891205e-05
    887   1.27603081e-05
    888   1.27315929e-05
    889   1.27029745e-05
    890   1.26744526e-05
    891   1.39154541e-05
    892   1.38842797e-05
    893   1.38532100e-05
    894   1.38222445e-05
    895   1.37913826e-05
    896   1.44191475e-05
    897   1.43870247e-05
    898   1.43550091e-05
    899   1.43231002e-05
    900   1.42912976e-05
    901   1.49925500e-05
    902   1.49593347e-05
    903   1.49262297e-05
    904   1.48932344e-05
    905   1.48603485e-05
    906   1.70730436e-05
    907   1.70354274e-05
    908   1.69979354e-05
    909   1.69605671e-05
    910   1.69233218e-05
    911   1.75629484e-05
    912   1.75244648e-05
    913   1.74861076e-05
    914   1.74478761e-05
    915   1.74097699e-05
    916   1.99620766e-05
    917   1.99185744e-05
    918   1.98752142e-05
    919   1.98319955e-05
    920   1.97889176e-05
    921   1.92605570e-05
    922   1.92188110e-05
    923   1.91772006e-05
    924   1.91357252e-05
    925   1.90943842e-05
    926   1.90751157e-05
    927   1.90339945e-05
    928   1.89930061e-05
    929   1.89521499e-05
    930   1.89114255e-05
    931   1.86137965e-05
    932   1.85738848e-05
    933   1.85341014e-05
    934   1.84944457e-05
    935   1.84549171e-05
    936   1.48099078e-05
    937   1.47783218e-05
    938   1.47468367e-05
    939   1.47154521e-05
    940   1.46841676e-05
    941   1.23873353e-05
    942   1.23610561e-05
    943   1.23348605e-05
    944   1.23087481e-05
    945   1.22827185e-05
    946   7.16297390e-06
    947   7.14785815e-06
    948   7.13279021e-06
    949   7.11776986e-06
    950   7.10279690e-06
    951   1.15764479e-06
    952   1.15521468e-06
    953   1.15279221e-06
    954   1.15037735e-06
    955   1.14797008e-06
    956  -5.05119536e-06
    957  -5.04064732e-06
    958  -5.03013228e-06
    959  -5.01965011e-06
    960  -5.00920067e-06
    961  -9.13262011e-06
    962  -9.11364816e-06
    963  -9.09473528e-06
    964  -9.07588121e-06
    965  -9.05708570e-06
    966  -1.16428392e-05
    967  -1.16187775e-05
    968  -1.15947904e-05
    969  -1.15708774e-05
    970  -1.15470384e-05
    971  -7.81100151e-06
    972  -7.79494189e-06
    973  -7.77893174e-06
    974  -7.76297087e-06
    975  -7.74705907e-06
    976   2.06179044e-06
    977   2.05757302e-06
    978   2.05336853e-06
    979   2.04917692e-06
    980   2.04499812e-06
    981   2.17361911e-05
    982   2.16919557e-05
    983   2.16478552e-05
    984   2.16038890e-05
    985   2.15600566e-05
    986   5.06547371e-05
    987   5.05521712e-05
    988   5.04499165e-05
    989   5.03479718e-05
    990   5.02463357e-05
    991   9.49626633e-05
    992   9.47713510e-05
    993   9.45806163e-05
    994   9.43904567e-05
    995   9.42008701e-05
    996   1.43287928e-04
    997   1.43000706e-04
    998   1.42714346e-04
    999   1.42428846e-04
   1000   1.42144202e-04
   1001   2.04629614e-04
   1002   2.04221478e-04
   1003   2.03814561e-04
   1004   2.03408859e-04
   1005   2.03004367e-04
   1006   2.52909790e-04
   1007   2.52407861e-04
   1008   2.51907424e-04
   1009   2.51408474e-04
   1010   2.50911005e-04
   1011   2.96878212e-04
   1012   2.96291930e-04
   1013   2.95707384e-04
   1014   2.95124566e-04
   1015   2.94543469e-04
   1016   3.48112579e-04
   1017   3.47428497e-04
   1018   3.46746429e-04
   1019   3.46066367e-04
   1020   3.45388304e-04
   1021   3.26195772e-04
   1022   3.25557892e-04
   1023   3.24921882e-04
   1024   3.24287733e-04
   1025   3.23655439e-04
   1026   2.86203832e-04
   1027   2.85646880e-04
   1028   2.85091552e-04
   1029   2.84537842e-04
   1030   2.83985743e-04
   1031   1.60488131e-04
   1032   1.60177333e-04
   1033   1.59867437e-04
   1034   1.59558440e-04
   1035   1.59250338e-04
   1036  -7.22920850e-05
   1037  -7.21527604e-05
   1038  -7.20138381e-05
   1039  -7.18753167e-05
   1040  -7.17371946e-05
   1041  -4.57696378e-04
   1042  -4.56818514e-04
   1043  -4.55943174e-04
   1044  -4.55070346e-04
   1045  -4.54200023e-04
   1046  -9.49591632e-04
   1047  -9.47779002e-04
   1048  -9.45971557e-04
   1049  -9.44169278e-04
   1050  -9.42372144e-04
   1051  -1.52378375e-03
   1052  -1.52088889e-03
   1053  -1.51800227e-03
   1054  -1.51512386e-03
   1055  -1.51225363e-03
   1056  -1.94788674e-03
   1057  -1.94420367e-03
   1058  -1.94053103e-03
   1059  -1.93686879e-03
   1060  -1.93321690e-03
   1061  -2.24404222e-03
   1062  -2.23981913e-03
   1063  -2.23560796e-03
   1064  -2.23140865e-03
   1065  -2.22722116e-03
   1066  -2.35625849e-03
   1067  -2.35184499e-03
   1068  -2.34744388e-03
   1069  -2.34305511e-03
   1070  -2.33867863e-03
   1071  -2.18862696e-03
   1072  -2.18454656e-03
   1073  -2.18047756e-03
   1074  -2.17641991e-03
   1075  -2.17237358e-03
   1076  -1.61186174e-03
   1077  -1.60887058e-03
   1078  -1.60588774e-03
   1079  -1.60291319e-03
   1080  -1.59994689e-03
   1081  -6.43370205e-04
   1082  -6.42181805e-04
   1083  -6.40996695e-04
   1084  -6.39814862e-04
   1085  -6.38636294e-04
   1086   1.27215408e-03
   1087   1.26981502e-03
   1088   1.26748241e-03
   1089   1.26515622e-03
   1090   1.26283643e-03
   1091   4.33249716e-03
   1092   4.32456763e-03
   1093   4.31665985e-03
   1094   4.30877374e-03
   1095   4.30090922e-03
   1096   8.82350111e-03
   1097   8.80742550e-03
   1098   8.79139378e-03
   1099   8.77540580e-03
   1100   8.75946139e-03
   1101   1.40307798e-02
   1102   1.40053329e-02
   1103   1.39799552e-02
   1104   1.39546464e-02
   1105   1.39294062e-02
   1106   1.76990342e-02
   1107   1.76670793e-02
   1108   1.76352109e-02
   1109   1.76034286e-02
   1110   1.75717321e-02
   1111   2.10302895e-02
   1112   2.09924907e-02
   1113   2.09547937e-02
   1114   2.09171982e-02
   1115   2.08797038e-02
   1116   2.25470767e-02
   1117   2.25067331e-02
   1118   2.24664976e-02
   1119   2.24263699e-02
   1120   2.23863496e-02
   1121   2.46077131e-02
   1122   2.45638784e-02
   1123   2.45201607e-02
   1124   2.44765596e-02
   1125   2.44330748e-02
   1126   2.33298528e-02
   1127   2.32884787e-02
   1128   2.32472145e-02
   1129   2.32060599e-02
   1130   2.31650144e-02
   1131   2.32516647e-02
   1132   2.32106112e-02
   1133   2.31696664e-02
   1134   2.31288298e-02
   1135   2.30881010e-02
   1136   2.13515932e-02
   1137   2.13140601e-02
   1138   2.12766260e-02
   1139   2.12392904e-02
   1140   2.12020530e-02
   1141   1.83568811e-02
   1142   1.83247536e-02
   1143   1.82927103e-02
   1144   1.82607510e-02
   1145   1.82288753e-02
   1146   1.43546387e-02
   1147   1.43296252e-02
   1148   1.43046770e-02
   1149   1.42797939e-02
   1150   1.42549757e-02
   1151   8.55196363e-03
   1152   8.53712614e-03
   1153   8.52232722e-03
   1154   8.50756675e-03
   1155   8.49284459e-03
   1156   4.20940056e-03
   1157   4.20212887e-03
   1158   4.19487600e-03
   1159   4.18764190e-03
   1160   4.18042649e-03
   1161   9.21952239e-04
   1162   9.20366426e-04
   1163   9.18784701e-04
   1164   9.17207049e-04
   1165   9.15633458e-04
   1166  -1.05553451e-03
   1167  -1.05372671e-03
   1168  -1.05192354e-03
   1169  -1.05012499e-03
   1170  -1.04833106e-03
   1171  -2.24468351e-03
   1172  -2.24085544e-03
   1173  -2.23703716e-03
   1174  -2.23322863e-03
   1175  -2.22942981e-03
   1176  -2.60767744e-03
   1177  -2.60324921e-03
   1178  -2.59883224e-03
   1179  -2.59442651e-03
   1180  -2.59003197e-03
   1181  -2.92850731e-03
   1182  -2.92355528e-03
   1183  -2.91861580e-03
   1184  -2.91368883e-03
   1185  -2.90877432e-03
   1186  -2.85289037e-03
   1187  -2.84808651e-03
   1188  -2.84329478e-03
   1189  -2.83851513e-03
   1190  -2.83374752e-03
   1191  -2.44109417e-03
   1192  -2.43700095e-03
   1193  -2.43291802e-03
   1194  -2.42884534e-03
   1195  -2.42478287e-03
   1196  -1.94339593e-03
   1197  -1.94015085e-03
   1198  -1.93691390e-03
   1199  -1.93368503e-03
   1200  -1.93046424e-03
   1201  -1.23094157e-03
   1202  -1.22889470e-03
   1203  -1.22685292e-03
   1204  -1.22481623e-03
   1205  -1.22278460e-03
   1206  -6.50928830e-04
   1207  -6.49850910e-04
   1208  -6.48775666e-04
   1209  -6.47703088e-04
   1210  -6.46633168e-04
   1211  -1.89830151e-04
   1212  -1.89517094e-04
   1213  -1.89204810e-04
   1214  -1.88893298e-04
   1215  -1.88582554e-04
   1216   8.60013175e-05
   1217   8.58600713e-05
   1218   8.57191727e-05
   1219   8.55786207e-05
   1220   8.54384141e-05
   1221   2.41360814e-04
   1222   2.40966030e-04
   1223   2.40572214e-04
   1224   2.40179363e-04
   1225   2.39787474e-04
   1226   2.88913104e-04
   1227   2.88442466e-04
   1228   2.87972977e-04
   1229   2.87504633e-04
   1230   2.87037431e-04
   1231   3.18222148e-04
   1232   3.17705868e-04
   1233   3.17190843e-04
   1234   3.16677070e-04
   1235   3.16164544e-04
   1236   2.79467114e-04
   1237   2.79015541e-04
   1238   2.78565062e-04
   1239   2.78115673e-04
   1240   2.77667371e-04
   1241   2.33026952e-04
   1242   2.32651934e-04
   1243   2.32277820e-04
   1244   2.31904608e-04
   1245   2.31532295e-04
   1246   1.76291705e-04
   1247   1.76009129e-04
   1248   1.75727233e-04
   1249   1.75446013e-04
   1250   1.75165468e-04
   1251   1.00573051e-04
   1252   1.00412487e-04
   1253   1.00252308e-04
   1254   1.00092511e-04
   1255   9.99330966e-05
   1256   4.08070464e-05
   1257   4.07421574e-05
   1258   4.06774231e-05
   1259   4.06128430e-05
   1260   4.05484165e-05
   1261  -9.62704334e-06
   1262  -9.61179560e-06
   1263  -9.59658406e-06
   1264  -9.58140860e-06
   1265  -9.56626910e-06
   1266  -4.51096267e-05
   1267  -4.50384618e-05
   1268  -4.49674652e-05
   1269  -4.48966364e-05
   1270  -4.48259748e-05
   1271  -6.83463097e-05
   1272  -6.82389103e-05
   1273  -6.81317638e-05
   1274  -6.80248695e-05
   1275  -6.79182266e-05
   1276  -7.60705055e-05
   1277  -7.59514361e-05
   1278  -7.58326460e-05
   1279  -7.57141343e-05
   1280  -7.55959003e-05
   1281  -7.98383218e-05
   1282  -7.97138419e-05
   1283  -7.95896528e-05
   1284  -7.94657538e-05
   1285  -7.93421439e-05
   1286  -7.52573985e-05
   1287  -7.51405165e-05
   1288  -7.50239066e-05
   1289  -7.49075679e-05
   1290  -7.47914997e-05
   1291  -6.98537736e-05
   1292  -6.97457035e-05
   1293  -6.96378841e-05
   1294  -6.95303145e-05
   1295  -6.94229939e-05
   1296  -5.58186051e-05
   1297  -5.57325815e-05
   1298  -5.56467565e-05
   1299  -5.55611297e-05
   1300  -5.54757003e-05
   1301  -4.32717027e-05
   1302  -4.32052714e-05
   1303  -4.31389929e-05
   1304  -4.30728669e-05
   1305  -4.30068927e-05
   1306  -3.19925537e-05
   1307  -3.19436261e-05
   1308  -3.18948106e-05
   1309  -3.18461070e-05
   1310  -3.17975148e-05
   1311  -2.41822654e-05
   1312  -2.41454233e-05
   1313  -2.41086653e-05
   1314  -2.40719911e-05
   1315  -2.40354006e-05
   1316  -1.94098411e-05
   1317  -1.93803821e-05
   1318  -1.93509900e-05
   1319  -1.93216648e-05
   1320  -1.92924062e-05
   1321  -1.58761497e-05
   1322  -1.58521449e-05
   1323  -1.58281946e-05
   1324  -1.58042985e-05
   1325  -1.57804564e-05
   1326  -1.45605923e-05
   1327  -1.45386596e-05
   1328  -1.45167763e-05
   1329  -1.44949425e-05
   1330  -1.44731579e-05
   1331  -1.42362856e-05
   1332  -1.42149219e-05
   1333  -1.41936061e-05
   1334  -1.41723383e-05
   1335  -1.41511183e-05
   1336  -1.46888885e-05
   1337  -1.46669279e-05
   1338  -1.46450165e-05
   1339  -1.46231542e-05
   1340  -1.46013408e-05
   1341  -1.51974838e-05
   1342  -1.51748474e-05
   1343  -1.51522616e-05
   1344  -1.51297262e-05
   1345  -1.51072410e-05
   1346  -1.48151167e-05
   1347  -1.47931317e-05
   1348  -1.47711956e-05
   1349  -1.47493083e-05
   1350  -1.47274696e-05
   1351  -1.45517324e-05
   1352  -1.45302181e-05
   1353  -1.45087515e-05
   1354  -1.44873324e-05
   1355  -1.44659607e-05
   1356  -1.41496384e-05
   1357  -1.41287957e-05
   1358  -1.41079989e-05
   1359  -1.40872480e-05
   1360  -1.40665429e-05
   1361  -1.39365604e-05
   1362  -1.39161068e-05
   1363  -1.38956983e-05
   1364  -1.38753345e-05
   1365  -1.38550155e-05
   1366  -1.42528240e-05
   1367  -1.42319827e-05
   1368  -1.42111871e-05
   1369  -1.41904371e-05
   1370  -1.41697324e-05
   1371  -1.49579512e-05
   1372  -1.49361585e-05
   1373  -1.49144134e-05
   1374  -1.48927158e-05
   1375  -1.48710655e-05
   1376  -1.63120167e-05
   1377  -1.62883375e-05
   1378  -1.62647098e-05
   1379  -1.62411335e-05
   1380  -1.62176084e-05
   1381  -1.61112767e-05
   1382  -1.60879735e-05
   1383  -1.60647208e-05
   1384  -1.60415184e-05
   1385  -1.60183663e-05
   1386  -1.64422133e-05
   1387  -1.64185171e-05
   1388  -1.63948721e-05
   1389  -1.63712781e-05
   1390  -1.63477350e-05
   1391  -1.52292264e-05
   1392  -1.52073571e-05
   1393  -1.51855349e-05
   1394  -1.51637597e-05
   1395  -1.51420312e-05
   1396  -1.48639043e-05
   1397  -1.48426360e-05
   1398  -1.48214133e-05
   1399  -1.48002361e-05
   1400  -1.47791042e-05
   1401  -1.37558767e-05
   1402  -1.37362640e-05
   1403  -1.37166932e-05
   1404  -1.36971642e-05
   1405  -1.36776768e-05
   1406  -1.24320114e-05
   1407  -1.24143492e-05
   1408  -1.23967245e-05
   1409  -1.23791374e-05
   1410  -1.23615877e-05
   1411  -1.19959880e-05
   1412  -1.19790055e-05
   1413  -1.19620591e-05
   1414  -1.19451486e-05
   1415  -1.19282740e-05
   1416  -1.14925032e-05
   1417  -1.14762909e-05
   1418  -1.14601129e-05
   1419  -1.14439690e-05
   1420  -1.14278593e-05
   1421  -1.15051144e-05
   1422  -1.14889413e-05
   1423  -1.14728023e-05
   1424  -1.14566973e-05
   1425  -1.14406262e-05
   1426  -1.18443576e-05
   1427  -1.18277659e-05
   1428  -1.18112091e-05
   1429  -1.17946871e-05
   1430  -1.17781997e-05
   1431  -1.16140789e-05
   1432  -1.15978666e-05
   1433  -1.15816882e-05
   1434  -1.15655437e-05
   1435  -1.15494329e-05
   1436  -1.18079481e-05
   1437  -1.17915226e-05
   1438  -1.17751312e-05
   1439  -1.17587740e-05
   1440  -1.17424509e-05
   1441  -1.15517201e-05
   1442  -1.15357066e-05
   1443  -1.15197264e-05
   1444  -1.15037794e-05
   1445  -1.14878655e-05
   1446  -1.13716843e-05
   1447  -1.13559748e-05
   1448  -1.13402979e-05
   1449  -1.13246534e-05
   1450  -1.13090413e-05
   1451  -1.10047455e-05
   1452  -1.09895952e-05
   1453  -1.09744763e-05
   1454  -1.09593885e-05
   1455  -1.09443318e-05
   1456  -1.03703427e-05
   1457  -1.03561149e-05
   1458  -1.03419163e-05
   1459  -1.03277468e-05
   1460  -1.03136065e-05
   1461  -1.08341614e-05
   1462  -1.08193480e-05
   1463  -1.08045650e-05
   1464  -1.07898122e-05
   1465  -1.07750896e-05
   1466  -1.02595706e-05
   1467  -1.02455906e-05
   1468  -1.02316392e-05
   1469  -1.02177162e-05
   1470  -1.02038216e-05
   1471  -1.05379388e-05
   1472  -1.05236282e-05
   1473  -1.05093468e-05
   1474  -1.04950944e-05
   1475  -1.04808710e-05
   1476  -1.01872696e-05
   1477  -1.01734820e-05
   1478  -1.01597225e-05
   1479  -1.01459908e-05
   1480  -1.01322869e-05
   1481  -1.03864623e-05
   1482  -1.03724526e-05
   1483  -1.03584712e-05
   1484  -1.03445181e-05
   1485  -1.03305931e-05
   1486  -1.06420643e-05
   1487  -1.06277581e-05
   1488  -1.06134806e-05
   1489  -1.05992320e-05
   1490  -1.05850120e-05
   1491  -1.02251635e-05
   1492  -1.02114638e-05
   1493  -1.01977915e-05
   1494  -1.01841467e-05
   1495  -1.01705293e-05
   1496  -1.00617699e-05
   1497  -1.00483341e-05
   1498  -1.00349251e-05
   1499  -1.00215430e-05
   1500  -1.00081876e-05
   1501  -9.74164985e-06
   1502  -9.72868475e-06
   1503  -9.71574552e-06
   1504  -9.70283209e-06
   1505  -9.68994438e-06
   1506  -9.56206647e-06
   1507  -9.54938258e-06
   1508  -9.53672392e-06
   1509  -9.52409040e-06
   1510  -9.51148198e-06
   1511  -9.55692989e-06
   1512  -9.54429472e-06
   1513  -9.53168459e-06
   1514  -9.51909943e-06
   1515  -9.50653918e-06
   1516  -9.19270691e-06
   1517  -9.18059331e-06
   1518  -9.16850365e-06
   1519  -9.15643784e-06
   1520  -9.14439584e-06
   1521  -9.34100097e-06
   1522  -9.32873237e-06
   1523  -9.31648793e-06
   1524  -9.30426759e-06
   1525  -9.29207127e-06
   1526  -9.66595619e-06
   1527  -9.65330235e-06
   1528  -9.64067333e-06
   1529  -9.62806909e-06
   1530  -9.61548954e-06
   1531  -9.50873225e-06
   1532  -9.49632484e-06
   1533  -9.48394170e-06
   1534  -9.47158276e-06
   1535  -9.45924796e-06
   1536  -9.37478201e-06
   1537  -9.36258915e-06
   1538  -9.35042007e-06
   1539  -9.33827470e-06
   1540  -9.32615297e-06
   1541  -8.96678828e-06
   1542  -8.95516386e-06
   1543  -8.94356203e-06
   1544  -8.93198273e-06
   1545  -8.92042590e-06
   1546  -9.34059035e-06
   1547  -9.32852045e-06
   1548  -9.31647394e-06
   1549  -9.30445074e-06
   1550  -9.29245081e-06
   1551  -8.76874487e-06
   1552  -8.75745040e-06
   1553  -8.74617774e-06
   1554  -8.73492683e-06
   1555  -8.72369761e-06
   1556  -8.80733528e-06
   1557  -8.79602752e-06
   1558  -8.78474152e-06
   1559  -8.77347722e-06
   1560  -8.76223458e-06
   1561  -8.57778768e-06
   1562  -8.56680987e-06
   1563  -8.55585312e-06
   1564  -8.54491737e-06
   1565  -8.53400258e-06
   1566  -8.45330275e-06
   1567  -8.44251876e-06
   1568  -8.43175539e-06
   1569  -8.42101259e-06
   1570  -8.41029031e-06
   1571  -8.51825833e-06
   1572  -8.50742602e-06
   1573  -8.49661436e-06
   1574  -8.48582330e-06
   1575  -8.47505278e-06
   1576  -8.60198243e-06
   1577  -8.59107832e-06
   1578  -8.58019493e-06
   1579  -8.56933220e-06
   1580  -8.55849009e-06
   1581  -8.54366630e-06
   1582  -8.53287032e-06
   1583  -8.52209480e-06
   1584  -8.51133967e-06
   1585  -8.50060489e-06
   1586  -8.64884968e-06
   1587  -8.63795520e-06
   1588  -8.62708130e-06
   1589  -8.61622792e-06
   1590  -8.60539501e-06
   1591  -8.46264457e-06
   1592  -8.45201811e-06
   1593  -8.44141166e-06
   1594  -8.43082516e-06
   1595  -8.42025856e-06
   1596  -8.33078083e-06
   1597  -8.32035269e-06
   1598  -8.30994412e-06
   1599  -8.29955507e-06
   1600  -8.28918549e-06
   1601  -8.09757054e-06
   1602  -8.08746594e-06
   1603  -8.07738025e-06
   1604  -8.06731341e-06
   1605  -8.05726538e-06
   1606  -7.91334955e-06
   1607  -7.90350555e-06
   1608  -7.89367990e-06
   1609  -7.88387256e-06
   1610  -7.87408349e-06
   1611  -8.00071983e-06
   1612  -7.99079799e-06
   1613  -7.98089460e-06
   1614  -7.97100961e-06
   1615  -7.96114298e-06
   1616  -7.79711687e-06
   1617  -7.78747742e-06
   1618  -7.77785582e-06
   1619  -7.76825205e-06
   1620  -7.75866605e-06
   1621  -7.81707092e-06
   1622  -7.80743657e-06
   1623  -7.79782002e-06
   1624  -7.78822123e-06
   1625  -7.77864015e-06
   1626  -7.69790954e-06
   1627  -7.68845119e-06
   1628  -7.67901027e-06
   1629  -7.66958673e-06
   1630  -7.66018052e-06
   1631  -7.91525800e-06
   1632  -7.90556239e-06
   1633  -7.89588457e-06
   1634  -7.88622452e-06
   1635  -7.87658219e-06
   1636  -7.69781773e-06
   1637  -7.68841725e-06
   1638  -7.67903398e-06
   1639  -7.66966787e-06
   1640  -7.66031890e-06
   1641  -7.72404415e-06
   1642  -7.71464035e-06
   1643  -7.70525372e-06
   1644  -7.69588421e-06
   1645  -7.68653177e-06
   1646  -7.41401408e-06
   1647  -7.40501512e-06
   1648  -7.39603254e-06
   1649  -7.38706630e-06
   1650  -7.37811635e-06
   1651  -7.37738215e-06
   1652  -7.36845475e-06
   1653  -7.35954355e-06
   1654  -7.35064849e-06
   1655  -7.34176956e-06
   1656  -7.10763921e-06
   1657  -7.09906417e-06
   1658  -7.09050464e-06
   1659  -7.08196057e-06
   1660  -7.07343195e-06
   1661  -6.84176388e-06
   1662  -6.83353442e-06
   1663  -6.82531981e-06
   1664  -6.81711999e-06
   1665  -6.80893495e-06
   1666  -7.01285488e-06
   1667  -7.00444492e-06
   1668  -6.99605008e-06
   1669  -6.98767032e-06
   1670  -6.97930561e-06
   1671  -6.94307432e-06
   1672  -6.93477293e-06
   1673  -6.92648642e-06
   1674  -6.91821476e-06
   1675  -6.90995790e-06
   1676  -7.07342033e-06
   1677  -7.06498830e-06
   1678  -7.05657134e-06
   1679  -7.04816941e-06
   1680  -7.03978248e-06
   1681  -6.92204524e-06
   1682  -6.91381818e-06
   1683  -6.90560578e-06
   1684  -6.89740800e-06
   1685  -6.88922480e-06
   1686  -6.84476812e-06
   1687  -6.83665700e-06
   1688  -6.82856029e-06
   1689  -6.82047796e-06
   1690  -6.81240997e-06
   1691  -6.71251047e-06
   1692  -6.70457957e-06
   1693  -6.69666273e-06
   1694  -6.68875989e-06
   1695  -6.68087104e-06
   1696  -6.47858016e-06
   1697  -6.47094820e-06
   1698  -6.46332972e-06
   1699  -6.45572468e-06
   1700  -6.44813306e-06
   1701  -6.26289645e-06
   1702  -6.25554024e-06
   1703  -6.24819698e-06
   1704  -6.24086664e-06
   1705  -6.23354920e-06
   1706  -5.93992842e-06
   1707  -5.93297198e-06
   1708  -5.92602775e-06
   1709  -5.91909571e-06
   1710  -5.91217583e-06
   1711  -5.74695785e-06
   1712  -5.74024705e-06
   1713  -5.73354800e-06
   1714  -5.72686067e-06
   1715  -5.72018504e-06
   1716  -5.75285083e-06
   1717  -5.74615271e-06
   1718  -5.73946627e-06
   1719  -5.73279151e-06
   1720  -5.72612838e-06
   1721  -5.60197335e-06
   1722  -5.59546983e-06
   1723  -5.58897762e-06
   1724  -5.58249671e-06
   1725  -5.57602706e-06
   1726  -5.78987835e-06
   1727  -5.78317613e-06
   1728  -5.77648554e-06
   1729  -5.76980656e-06
   1730  -5.76313915e-06
   1731  -5.62490201e-06
   1732  -5.61840955e-06
   1733  -5.61192833e-06
   1734  -5.60545832e-06
   1735  -5.59899949e-06
   1736  -5.66101936e-06
   1737  -5.65450402e-06
   1738  -5.64799992e-06
   1739  -5.64150703e-06
   1740  -5.63502533e-06
   1741  -5.56616181e-06
   1742  -5.55977402e-06
   1743  -5.55339722e-06
   1744  -5.54703138e-06
   1745  -5.54067648e-06
   1746  -5.28634979e-06
   1747  -5.28030047e-06
   1748  -5.27426153e-06
   1749  -5.26823294e-06
   1750  -5.26221469e-06
   1751  -5.18408295e-06
   1752  -5.17816758e-06
   1753  -5.17226232e-06
   1754  -5.16636717e-06
   1755  -5.16048209e-06
   1756  -4.93020407e-06
   1757  -4.92459439e-06
   1758  -4.91899429e-06
   1759  -4.91340373e-06
   1760  -4.90782269e-06
   1761  -4.91398264e-06
   1762  -4.90840728e-06
   1763  -4.90284141e-06
   1764  -4.89728499e-06
   1765  -4.89173802e-06
   1766  -4.72782432e-06
   1767  -4.72247534e-06
   1768  -4.71713544e-06
   1769  -4.71180459e-06
   1770  -4.70648277e-06
   1771  -4.72824061e-06
   1772  -4.72290626e-06
   1773  -4.71758092e-06
   1774  -4.71226459e-06
   1775  -4.70695724e-06
   1776  -4.82479219e-06
   1777  -4.81936421e-06
   1778  -4.81394539e-06
   1779  -4.80853571e-06
   1780  -4.80313513e-06
   1781  -4.70524118e-06
   1782  -4.69996254e-06
   1783  -4.69469279e-06
   1784  -4.68943189e-06
   1785  -4.68417984e-06
   1786  -4.70199694e-06
   1787  -4.69673670e-06
   1788  -4.69148528e-06
   1789  -4.68624267e-06
   1790  -4.68100883e-06
   1791  -4.50442195e-06
   1792  -4.49939679e-06
   1793  -4.49438004e-06
   1794  -4.48937168e-06
   1795  -4.48437169e-06
   1796  -4.36925867e-06
   1797  -4.36439786e-06
   1798  -4.35954516e-06
   1799  -4.35470055e-06
   1800  -4.34986401e-06
   1801  -4.15308146e-06
   1802  -4.14847396e-06
   1803  -4.14387413e-06
   1804  -4.13928194e-06
   1805  -4.13469739e-06
   1806  -3.89832180e-06
   1807  -3.89400890e-06
   1808  -3.88970315e-06
   1809  -3.88540455e-06
   1810  -3.88111306e-06
   1811  -3.77559402e-06
   1812  -3.77142842e-06
   1813  -3.76726972e-06
   1814  -3.76311788e-06
   1815  -3.75897291e-06
   1816  -3.64587115e-06
   1817  -3.64185974e-06
   1818  -3.63785495e-06
   1819  -3.63385675e-06
   1820  -3.62986515e-06
   1821  -3.72253606e-06
   1822  -3.71845154e-06
   1823  -3.71437373e-06
   1824  -3.71030262e-06
   1825  -3.70623821e-06
   1826  -3.63120731e-06
   1827  -3.62723389e-06
   1828  -3.62326699e-06
   1829  -3.61930660e-06
   1830  -3.61535269e-06
   1831  -3.60468840e-06
   1832  -3.60075476e-06
   1833  -3.59682756e-06
   1834  -3.59290678e-06
   1835  -3.58899240e-06
   1836  -3.58332819e-06
   1837  -3.57942850e-06
   1838  -3.57553517e-06
   1839  -3.57164819e-06
   1840  -3.56776755e-06
   1841  -3.45822231e-06
   1842  -3.45446898e-06
   1843  -3.45072176e-06
   1844  -3.44698064e-06
   1845  -3.44324559e-06
   1846  -3.33868649e-06
   1847  -3.33507270e-06
   1848  -3.33146478e-06
   1849  -3.32786271e-06
   1850  -3.32426648e-06
   1851  -3.13346765e-06
   1852  -3.13008515e-06
   1853  -3.12670812e-06
   1854  -3.12333655e-06
   1855  -3.11997043e-06
   1856  -2.98586355e-06
   1857  -2.98264905e-06
   1858  -2.97943975e-06
   1859  -2.97623562e-06
   1860  -2.97303665e-06
   1861  -2.89381949e-06
   1862  -2.89071245e-06
   1863  -2.88761041e-06
   1864  -2.88451336e-06
   1865  -2.88142129e-06
   1866  -2.83159974e-06
   1867  -2.82856765e-06
   1868  -2.82554042e-06
   1869  -2.82251805e-06
   1870  -2.81950052e-06
   1871  -2.84414181e-06
   1872  -2.84110441e-06
   1873  -2.83807188e-06
   1874  -2.83504420e-06
   1875  -2.83202136e-06
   1876  -2.75177077e-06
   1877  -2.74883984e-06
   1878  -2.74591360e-06
   1879  -2.74299203e-06
   1880  -2.74007511e-06
   1881  -2.77096650e-06
   1882  -2.76802297e-06
   1883  -2.76508413e-06
   1884  -2.76214996e-06
   1885  -2.75922046e-06
   1886  -2.68080305e-06
   1887  -2.67796284e-06
   1888  -2.67512714e-06
   1889  -2.67229595e-06
   1890  -2.66946924e-06
   1891  -2.58337891e-06
   1892  -2.58064915e-06
   1893  -2.57792371e-06
   1894  -2.57520259e-06
   1895  -2.57248577e-06
   1896  -2.49512483e-06
   1897  -2.49249527e-06
   1898  -2.48986987e-06
   1899  -2.48724861e-06
   1900  -2.48463148e-06
   1901  -2.26132013e-06
   1902  -2.25894324e-06
   1903  -2.25657008e-06
   1904  -2.25420067e-06
   1905  -2.25183499e-06
   1906  -2.14979775e-06
   1907  -2.14754399e-06
   1908  -2.14529378e-06
   1909  -2.14304711e-06
   1910  -2.14080396e-06
   1911  -2.06350203e-06
   1912  -2.06134441e-06
   1913  -2.05919016e-06
   1914  -2.05703929e-06
   1915  -2.05489179e-06
   1916  -1.98313213e-06
   1917  -1.98106394e-06
   1918  -1.97899899e-06
   1919  -1.97693726e-06
   1920  -1.97487876e-06
   1921  -1.95572406e-06
   1922  -1.95368976e-06
   1923  -1.95165864e-06
   1924  -1.94963068e-06
   1925  -1.94760588e-06
   1926  -1.92339003e-06
   1927  -1.92139456e-06
   1928  -1.91940218e-06
   1929  -1.91741291e-06
   1930  -1.91542672e-06
   1931  -1.94062085e-06
   1932  -1.93861270e-06
   1933  -1.93660767e-06
   1934  -1.93460575e-06
   1935  -1.93260694e-06
   1936  -1.86540338e-06
   1937  -1.86347805e-06
   1938  -1.86155570e-06
   1939  -1.85963633e-06
   1940  -1.85771992e-06
   1941  -1.80928119e-06
   1942  -1.80741860e-06
   1943  -1.80555887e-06
   1944  -1.80370202e-06
   1945  -1.80184803e-06
   1946  -1.72037037e-06
   1947  -1.71860385e-06
   1948  -1.71684005e-06
   1949  -1.71507896e-06
   1950  -1.71332058e-06
   1951  -1.55912034e-06
   1952  -1.55752349e-06
   1953  -1.55592910e-06
   1954  -1.55433715e-06
   1955  -1.55274765e-06
   1956  -1.52420585e-06
   1957  -1.52264875e-06
   1958  -1.52109404e-06
   1959  -1.51954170e-06
   1960  -1.51799174e-06
   1961  -1.38105204e-06
   1962  -1.37964478e-06
   1963  -1.37823966e-06
   1964  -1.37683670e-06
   1965  -1.37543587e-06
   1966  -1.38409109e-06
   1967  -1.38268432e-06
   1968  -1.38127969e-06
   1969  -1.37987720e-06
   1970  -1.37847684e-06
   1971  -1.35384244e-06
   1972  -1.35246989e-06
   1973  -1.35109944e-06
   1974  -1.34973106e-06
   1975  -1.34836476e-06
   1976  -1.32378800e-06
   1977  -1.32244932e-06
   1978  -1.32111267e-06
   1979  -1.31977804e-06
   1980  -1.31844544e-06
   1981  -1.31209532e-06
   1982  -1.31077181e-06
   1983  -1.30945030e-06
   1984  -1.30813079e-06
   1985  -1.30681327e-06
   1986  -1.26382431e-06
   1987  -1.26255270e-06
   1988  -1.26128300e-06
   1989  -1.26001522e-06
   1990  -1.25874935e-06
   1991  -1.23805551e-06
   1992  -1.23681295e-06
   1993  -1.23557226e-06
   1994  -1.23433343e-06
   1995  -1.23309647e-06
   1996  -1.13435515e-06
   1997  -1.13321952e-06
   1998  -1.13208559e-06
   1999  -1.13095336e-06
   2000  -1.12982284e-06
   2001  -1.04011819e-06
   2002  -1.03907950e-06
   2003  -1.03804237e-06
   2004  -1.03700679e-06
   2005  -1.03597275e-06
   2006  -9.66999482e-07
   2007  -9.66036215e-07
   2008  -9.65074387e-07
   2009  -9.64113995e-07
   2010  -9.63155035e-07
   2011  -8.97825175e-07
   2012  -8.96933037e-07
   2013  -8.96042229e-07
   2014  -8.95152747e-07
   2015  -8.94264588e-07
   2016  -8.79813450e-07
   2017  -8.78941376e-07
   2018  -8.78070599e-07
   2019  -8.77201114e-07
   2020  -8.76332921e-07
   2021  -8.48800955e-07
   2022  -8.47961701e-07
   2023  -8.47123690e-07
   2024  -8.46286922e-07
   2025  -8.45451392e-07
   2026  -8.24395749e-07
   2027  -8.23582635e-07
   2028  -8.22770724e-07
   2029  -8.21960012e-07
   2030  -8.21150499e-07
   2031  -8.31940946e-07
   2032  -8.31122409e-07
   2033  -8.30305079e-07
   2034  -8.29488954e-07
   2035  -8.28674032e-07
   2036  -7.91297660e-07
   2037  -7.90521021e-07
   2038  -7.89745525e-07
   2039  -7.88971170e-07
   2040  -7.88197953e-07
   2041  -7.81071219e-07
   2042  -7.80306494e-07
   2043  -7.79542891e-07
   2044  -7.78780409e-07
   2045  -7.78019045e-07
   2046  -7.11138457e-07
   2047  -7.10443901e-07
   2048  -7.09750362e-07
   2049  -7.09057838e-07
   2050  -7.08366328e-07
   2051  -6.62514280e-07
   2052  -6.61868791e-07
   2053  -6.61224244e-07
   2054  -6.60580639e-07
   2055  -6.59937972e-07
   2056  -6.20157607e-07
   2057  -6.19554854e-07
   2058  -6.18952979e-07
   2059  -6.18351981e-07
   2060  -6.17751858e-07
   2061  -5.82625973e-07
   2062  -5.82061071e-07
   2063  -5.81496990e-07
   2064  -5.80933728e-07
   2065  -5.80371285e-07
   2066  -5.66744298e-07
   2067  -5.66196124e-07
   2068  -5.65648744e-07
   2069  -5.65102157e-07
   2070  -5.64556362e-07
   2071  -5.39697164e-07
   2072  -5.39176409e-07
   2073  -5.38656408e-07
   2074  -5.38137158e-07
   2075  -5.37618659e-07
   2076  -5.44878461e-07
   2077  -5.44353972e-07
   2078  -5.43830240e-07
   2079  -5.43307263e-07
   2080  -5.42785041e-07
   2081  -5.35100878e-07
   2082  -5.34587037e-07
   2083  -5.34073936e-07
   2084  -5.33561573e-07
   2085  -5.33049948e-07
   2086  -5.27374743e-07
   2087  -5.26869534e-07
   2088  -5.26365051e-07
   2089  -5.25861293e-07
   2090  -5.25358257e-07
   2091  -4.84069243e-07
   2092  -4.83606628e-07
   2093  -4.83144675e-07
   2094  -4.82683384e-07
   2095  -4.82222753e-07
   2096  -4.55757703e-07
   2097  -4.55323183e-07
   2098  -4.54889283e-07
   2099  -4.54456004e-07
   2100  -4.54023343e-07
   2101  -4.13776245e-07
   2102  -4.13382688e-07
   2103  -4.12989692e-07
   2104  -4.12597256e-07
   2105  -4.12205380e-07
   2106  -3.71846631e-07
   2107  -3.71493794e-07
   2108  -3.71141458e-07
   2109  -3.70789624e-07
   2110  -3.70438289e-07
   2111  -3.51963041e-07
   2112  -3.51629861e-07
   2113  -3.51297154e-07
   2114  -3.50964919e-07
   2115  -3.50633155e-07
   2116  -3.35540933e-07
   2117  -3.35224048e-07
   2118  -3.34907613e-07
   2119  -3.34591625e-07
   2120  -3.34276084e-07
   2121  -3.24453547e-07
   2122  -3.24147855e-07
   2123  -3.23842596e-07
   2124  -3.23537767e-07
   2125  -3.23233368e-07
   2126  -3.15946046e-07
   2127  -3.15649069e-07
   2128  -3.15352511e-07
   2129  -3.15056371e-07
   2130  -3.14760647e-07
   2131  -3.10749370e-07
   2132  -3.10457962e-07
   2133  -3.10166965e-07
   2134  -3.09876376e-07
   2135  -3.09586196e-07
   2136  -3.08535000e-07
   2137  -3.08246346e-07
   2138  -3.07958097e-07
   2139  -3.07670252e-07
   2140  -3.07382811e-07
   2141  -2.93607214e-07
   2142  -2.93333167e-07
   2143  -2.93059503e-07
   2144  -2.92786222e-07
   2145  -2.92513324e-07
   2146  -2.77004873e-07
   2147  -2.76746924e-07
   2148  -2.76489335e-07
   2149  -2.76232106e-07
   2150  -2.75975235e-07
   2151  -2.53176701e-07
   2152  -2.52941488e-07
   2153  -2.52706604e-07
   2154  -2.52472046e-07
   2155  -2.52237815e-07
   2156  -2.39260808e-07
   2157  -2.39039040e-07
   2158  -2.38817579e-07
   2159  -2.38596426e-07
   2160  -2.38375580e-07
   2161  -2.36826391e-07
   2162  -2.36607386e-07
   2163  -2.36388685e-07
   2164  -2.36170287e-07
   2165  -2.35952191e-07
   2166  -2.23012054e-07
   2167  -2.22806300e-07
   2168  -2.22600830e-07
   2169  -2.22395645e-07
   2170  -2.22190742e-07
   2171  -2.22589268e-07
   2172  -2.22384377e-07
   2173  -2.22179768e-07
   2174  -2.21975441e-07
   2175  -2.21771396e-07
   2176  -2.15130792e-07
   2177  -2.14933220e-07
   2178  -2.14735920e-07
   2179  -2.14538892e-07
   2180  -2.14342135e-07
   2181  -2.16475737e-07
   2182  -2.16277385e-07
   2183  -2.16079306e-07
   2184  -2.15881499e-07
   2185  -2.15683964e-07
   2186  -2.14812773e-07
   2187  -2.14616395e-07
   2188  -2.14420287e-07
   2189  -2.14224447e-07
   2190  -2.14028875e-07
   2191  -2.06302150e-07
   2192  -2.06113982e-07
   2193  -2.05926072e-07
   2194  -2.05738419e-07
   2195  -2.05551022e-07
   2196  -2.05135511e-07
   2197  -2.04948833e-07
   2198  -2.04762410e-07
   2199  -2.04576241e-07
   2200  -2.04390326e-07
   2201  -1.93701481e-07
   2202  -1.93525608e-07
   2203  -1.93349975e-07
   2204  -1.93174581e-07
   2205  -1.92999426e-07
   2206  -1.92945678e-07
   2207  -1.92770889e-07
   2208  -1.92596337e-07
   2209  -1.92422022e-07
   2210  -1.92247943e-07
   2211  -1.87630025e-07
   2212  -1.87460435e-07
   2213  -1.87291075e-07
   2214  -1.87121945e-07
   2215  -1.86953043e-07
   2216  -1.83473791e-07
   2217  -1.83308331e-07
   2218  -1.83143096e-07
   2219  -1.82978083e-07
   2220  -1.82813294e-07
   2221  -1.86134656e-07
   2222  -1.85967174e-07
   2223  -1.85799919e-07
   2224  -1.85632889e-07
   2225  -1.85466084e-07
   2226  -1.81002792e-07
   2227  -1.80840293e-07
   2228  -1.80678014e-07
   2229  -1.80515953e-07
   2230  -1.80354109e-07
   2231  -1.83650077e-07
   2232  -1.83485571e-07
   2233  -1.83321286e-07
   2234  -1.83157222e-07
   2235  -1.82993378e-07
   2236  -1.82799463e-07
   2237  -1.82636085e-07
   2238  -1.82472926e-07
   2239  -1.82309985e-07
   2240  -1.82147263e-07
   2241  -1.78477593e-07
   2242  -1.78318434e-07
   2243  -1.78159487e-07
   2244  -1.78000753e-07
   2245  -1.77842230e-07
   2246  -1.88122946e-07
   2247  -1.87955559e-07
   2248  -1.87788394e-07
   2249  -1.87621453e-07
   2250  -1.87454733e-07
   2251  -1.82247239e-07
   2252  -1.82085439e-07
   2253  -1.81923855e-07
   2254  -1.81762485e-07
   2255  -1.81601331e-07
   2256  -1.86112677e-07
   2257  -1.85947811e-07
   2258  -1.85783164e-07
   2259  -1.85618736e-07
   2260  -1.85454527e-07
   2261  -1.85520448e-07
   2262  -1.85356470e-07
   2263  -1.85192709e-07
   2264  -1.85029166e-07
   2265  -1.84865839e-07
   2266  -1.86548667e-07
   2267  -1.86384144e-07
   2268  -1.86219839e-07
   2269  -1.86055750e-07
   2270  -1.85891878e-07
   2271  -1.89446376e-07
   2272  -1.89279665e-07
   2273  -1.89113174e-07
   2274  -1.88946902e-07
   2275  -1.88780850e-07
   2276  -1.84359435e-07
   2277  -1.84197556e-07
   2278  -1.84035891e-07
   2279  -1.83874438e-07
   2280  -1.83713198e-07
   2281  -1.91419031e-07
   2282  -1.91251322e-07
   2283  -1.91083833e-07
   2284  -1.90916564e-07
   2285  -1.90749515e-07
   2286  -1.91039128e-07
   2287  -1.90872117e-07
   2288  -1.90705325e-07
   2289  -1.90538752e-07
   2290  -1.90372398e-07
   2291  -1.94245829e-07
   2292  -1.94076385e-07
   2293  -1.93907163e-07
   2294  -1.93738163e-07
   2295  -1.93569383e-07
   2296  -1.98572309e-07
   2297  -1.98399469e-07
   2298  -1.98226854e-07
   2299  -1.98054464e-07
   2300  -1.97882299e-07
   2301  -2.01448753e-07
   2302  -2.01273789e-07
   2303  -2.01099054e-07
   2304  -2.00924545e-07
   2305  -2.00750264e-07
   2306  -2.14215361e-07
   2307  -2.14029713e-07
   2308  -2.13844305e-07
   2309  -2.13659138e-07
   2310  -2.13474212e-07
   2311  -2.11850474e-07
   2312  -2.11667272e-07
   2313  -2.11484307e-07
   2314  -2.11301579e-07
   2315  -2.11119089e-07
   2316  -2.16013519e-07
   2317  -2.15827120e-07
   2318  -2.15640962e-07
   2319  -2.15455044e-07
   2320  -2.15269367e-07
   2321  -2.15452194e-07
   2322  -2.15266680e-07
   2323  -2.15081404e-07
   2324  -2.14896368e-07
   2325  -2.14711571e-07
   2326  -2.17655372e-07
   2327  -2.17468363e-07
   2328  -2.17281595e-07
   2329  -2.17095067e-07
   2330  -2.16908779e-07
   2331  -2.21801434e-07
   2332  -2.21611271e-07
   2333  -2.21421353e-07
   2334  -2.21231678e-07
   2335  -2.21042247e-07
   2336  -2.19245791e-07
   2337  -2.19058222e-07
   2338  -2.18870892e-07
   2339  -2.18683803e-07
   2340  -2.18496954e-07
   2341  -2.26943353e-07
   2342  -2.26749612e-07
   2343  -2.26556119e-07
   2344  -2.26362873e-07
   2345  -2.26169875e-07
   2346  -2.32391961e-07
   2347  -2.32193991e-07
   2348  -2.31996274e-07
   2349  -2.31798810e-07
   2350  -2.31601597e-07
   2351  -2.40880577e-07
   2352  -2.40675812e-07
   2353  -2.40471307e-07
   2354  -2.40267064e-07
   2355  -2.40063080e-07
   2356  -2.42522374e-07
   2357  -2.42316650e-07
   2358  -2.42111188e-07
   2359  -2.41905988e-07
   2360  -2.41701048e-07
   2361  -2.46406390e-07
   2362  -2.46197814e-07
   2363  -2.45989502e-07
   2364  -2.45781456e-07
   2365  -2.45573672e-07
   2366  -2.54250539e-07
   2367  -2.54035777e-07
   2368  -2.53821288e-07
   2369  -2.53607070e-07
   2370  -2.53393124e-07
   2371  -2.53934018e-07
   2372  -2.53719976e-07
   2373  -2.53506204e-07
   2374  -2.53292703e-07
   2375  -2.53079471e-07
   2376  -2.56685405e-07
   2377  -2.56469498e-07
   2378  -2.56253865e-07
   2379  -2.56038503e-07
   2380  -2.55823412e-07
   2381  -2.58731097e-07
   2382  -2.58513927e-07
   2383  -2.58297030e-07
   2384  -2.58080406e-07
   2385  -2.57864054e-07
   2386  -2.58131424e-07
   2387  -2.57915210e-07
   2388  -2.57699269e-07
   2389  -2.57483598e-07
   2390  -2.57268199e-07
   2391  -2.69428449e-07
   2392  -2.69203245e-07
   2393  -2.68978324e-07
   2394  -2.68753684e-07
   2395  -2.68529325e-07
   2396  -2.65863936e-07
   2397  -2.65642175e-07
   2398  -2.65420691e-07
   2399  -2.65199484e-07
   2400  -2.64978554e-07
   2401  -2.76750556e-07
   2402  -2.76520194e-07
   2403  -2.76290120e-07
   2404  -2.76060333e-07
   2405  -2.75830833e-07
   2406  -2.78536594e-07
   2407  -2.78305227e-07
   2408  -2.78074148e-07
   2409  -2.77843358e-07
   2410  -2.77612854e-07
   2411  -2.84502371e-07
   2412  -2.84266539e-07
   2413  -2.84030999e-07
   2414  -2.83795753e-07
   2415  -2.83560798e-07
   2416  -2.88871478e-07
   2417  -2.88632519e-07
   2418  -2.88393857e-07
   2419  -2.88155490e-07
   2420  -2.87917419e-07
   2421  -2.85785527e-07
   2422  -2.85549609e-07
   2423  -2.85313982e-07
   2424  -2.85078648e-07
   2425  -2.84843604e-07
   2426  -2.91605150e-07
   2427  -2.91364924e-07
   2428  -2.91124994e-07
   2429  -2.90885360e-07
   2430  -2.90646022e-07
   2431  -2.87018046e-07
   2432  -2.86782085e-07
   2433  -2.86546414e-07
   2434  -2.86311033e-07
   2435  -2.86075942e-07
   2436  -2.92737213e-07
   2437  -2.92497043e-07
   2438  -2.92257169e-07
   2439  -2.92017589e-07
   2440  -2.91778304e-07
   2441  -2.96498199e-07
   2442  -2.96255441e-07
   2443  -2.96012982e-07
   2444  -2.95770819e-07
   2445  -2.95528954e-07
   2446  -2.94942189e-07
   2447  -2.94701198e-07
   2448  -2.94460503e-07
   2449  -2.94220103e-07
   2450  -2.93979997e-07
   2451  -3.04344408e-07
   2452  -3.04096242e-07
   2453  -3.03848380e-07
   2454  -3.03600820e-07
   2455  -3.03353563e-07
   2456  -3.08227256e-07
   2457  -3.07976436e-07
   2458  -3.07725921e-07
   2459  -3.07475712e-07
   2460  -3.07225808e-07
   2461  -3.12283831e-07
   2462  -3.12030225e-07
   2463  -3.11776928e-07
   2464  -3.11523940e-07
   2465  -3.11271259e-07
   2466  -3.11208638e-07
   2467  -3.10956418e-07
   2468  -3.10704503e-07
   2469  -3.10452895e-07
   2470  -3.10201593e-07
   2471  -3.07522282e-07
   2472  -3.07273553e-07
   2473  -3.07025126e-07
   2474  -3.06777000e-07
   2475  -3.06529174e-07
   2476  -3.12426594e-07
   2477  -3.12174409e-07
   2478  -3.11922528e-07
   2479  -3.11670952e-07
   2480  -3.11419681e-07
   2481  -3.07301490e-07
   2482  -3.07053941e-07
   2483  -3.06806691e-07
   2484  -3.06559739e-07
   2485  -3.06313085e-07
   2486  -3.15074958e-07
   2487  -3.14821657e-07
   2488  -3.14568661e-07
   2489  -3.14315970e-07
   2490  -3.14063584e-07
   2491  -3.13616340e-07
   2492  -3.13364718e-07
   2493  -3.13113397e-07
   2494  -3.12862380e-07
   2495  -3.12611664e-07
   2496  -3.14059772e-07
   2497  -3.13808298e-07
   2498  -3.13557125e-07
   2499  -3.13306255e-07
   2500  -3.13055685e-07
   2501  -3.14324908e-07
   2502  -3.14073725e-07
   2503  -3.13822842e-07
   2504  -3.13572260e-07
   2505  -3.13321978e-07
   2506  -3.09237029e-07
   2507  -3.08990404e-07
   2508  -3.08744074e-07
   2509  -3.08498038e-07
   2510  -3.08252297e-07
   2511  -3.20903242e-07
   2512  -3.20647822e-07
   2513  -3.20392707e-07
   2514  -3.20137896e-07
   2515  -3.19883389e-07
   2516  -3.14989652e-07
   2517  -3.14739437e-07
   2518  -3.14489520e-07
   2519  -3.14239900e-07
   2520  -3.13990578e-07
   2521  -3.17081903e-07
   2522  -3.16830525e-07
   2523  -3.16579446e-07
   2524  -3.16328665e-07
   2525  -3.16078182e-07
   2526  -3.13741036e-07
   2527  -3.13492798e-07
   2528  -3.13244855e-07
   2529  -3.12997206e-07
   2530  -3.12749851e-07
   2531  -3.13661557e-07
   2532  -3.13413873e-07
   2533  -3.13166481e-07
   2534  -3.12919383e-07
   2535  -3.12672577e-07
   2536  -3.18149533e-07
   2537  -3.17898800e-07
   2538  -3.17648362e-07
   2539  -3.17398221e-07
   2540  -3.17148375e-07
   2541  -3.15318773e-07
   2542  -3.15070759e-07
   2543  -3.14823037e-07
   2544  -3.14575608e-07
   2545  -3.14328470e-07
   2546  -3.17776375e-07
   2547  -3.17526918e-07
   2548  -3.17277756e-07
   2549  -3.17028886e-07
   2550  -3.16780309e-07
   2551  -3.08280196e-07
   2552  -3.08038668e-07
   2553  -3.07797424e-07
   2554  -3.07556463e-07
   2555  -3.07315785e-07
   2556  -3.12383214e-07
   2557  -3.12138950e-07
   2558  -3.11894972e-07
   2559  -3.11651280e-07
   2560  -3.11407874e-07
   2561  -3.12208923e-07
   2562  -3.11965272e-07
   2563  -3.11721905e-07
   2564  -3.11478824e-07
   2565  -3.11236026e-07
   2566  -3.10270742e-07
   2567  -3.10029075e-07
   2568  -3.09787690e-07
   2569  -3.09546586e-07
   2570  -3.09305764e-07
   2571  -3.15821747e-07
   2572  -3.15576234e-07
   2573  -3.15331008e-07
   2574  -3.15086067e-07
   2575  -3.14841411e-07
   2576  -3.06747018e-07
   2577  -3.06509023e-07
   2578  -3.06271303e-07
   2579  -3.06033861e-07
   2580  -3.05796694e-07
   2581  -3.11629094e-07
   2582  -3.11387779e-07
   2583  -3.11146743e-07
   2584  -3.10905987e-07
   2585  -3.10665511e-07
   2586  -3.09633570e-07
   2587  -3.09394263e-07
   2588  -3.09155233e-07
   2589  -3.08916480e-07
   2590  -3.08678003e-07
   2591  -3.07525473e-07
   2592  -3.07288254e-07
   2593  -3.07051308e-07
   2594  -3.06814637e-07
   2595  -3.06578239e-07
   2596  -3.06838581e-07
   2597  -3.06602347e-07
   2598  -3.06366386e-07
   2599  -3.06130697e-07
   2600  -3.05895279e-07
   2601  -2.96397185e-07
   2602  -2.96169428e-07
   2603  -2.95941933e-07
   2604  -2.95714701e-07
   2605  -2.95487730e-07
   2606  -3.01708307e-07
   2607  -3.01476913e-07
   2608  -3.01245786e-07
   2609  -3.01014924e-07
   2610  -3.00784327e-07
   2611  -2.94905764e-07
   2612  -2.94680021e-07
   2613  -2.94454536e-07
   2614  -2.94229310e-07
   2615  -2.94004343e-07
   2616  -2.99333250e-07
   2617  -2.99104555e-07
   2618  -2.98876122e-07
   2619  -2.98647951e-07
   2620  -2.98420040e-07
   2621  -2.90933861e-07
   2622  -2.90712007e-07
   2623  -2.90490407e-07
   2624  -2.90269060e-07
   2625  -2.90047966e-07
   2626  -2.92336747e-07
   2627  -2.92114247e-07
   2628  -2.91892001e-07
   2629  -2.91670009e-07
   2630  -2.91448270e-07
   2631  -2.96415519e-07
   2632  -2.96190344e-07
   2633  -2.95965425e-07
   2634  -2.95740762e-07
   2635  -2.95516355e-07
   2636  -2.89307817e-07
   2637  -2.89088458e-07
   2638  -2.88869348e-07
   2639  -2.88650486e-07
   2640  -2.88431874e-07
   2641  -2.87654904e-07
   2642  -2.87437211e-07
   2643  -2.87219764e-07
   2644  -2.87002564e-07
   2645  -2.86785611e-07
   2646  -2.82797827e-07
   2647  -2.82584213e-07
   2648  -2.82370842e-07
   2649  -2.82157711e-07
   2650  -2.81944822e-07
   2651  -2.75489551e-07
   2652  -2.75281850e-07
   2653  -2.75074383e-07
   2654  -2.74867151e-07
   2655  -2.74660154e-07
   2656  -2.78155319e-07
   2657  -2.77946003e-07
   2658  -2.77736923e-07
   2659  -2.77528078e-07
   2660  -2.77319469e-07
   2661  -2.66165112e-07
   2662  -2.65965195e-07
   2663  -2.65765503e-07
   2664  -2.65566035e-07
   2665  -2.65366792e-07
   2666  -2.72258955e-07
   2667  -2.72054844e-07
   2668  -2.71850962e-07
   2669  -2.71647309e-07
   2670  -2.71443885e-07
   2671  -2.66850560e-07
   2672  -2.66650877e-07
   2673  -2.66451419e-07
   2674  -2.66252184e-07
   2675  -2.66053173e-07
   2676  -2.61731980e-07
   2677  -2.61536494e-07
   2678  -2.61341226e-07
   2679  -2.61146177e-07
   2680  -2.60951346e-07
   2681  -2.66454990e-07
   2682  -2.66256347e-07
   2683  -2.66057926e-07
   2684  -2.65859727e-07
   2685  -2.65661749e-07
   2686  -2.60607173e-07
   2687  -2.60413251e-07
   2688  -2.60219545e-07
   2689  -2.60026055e-07
   2690  -2.59832781e-07
   2691  -2.62872998e-07
   2692  -2.62677753e-07
   2693  -2.62482725e-07
   2694  -2.62287915e-07
   2695  -2.62093321e-07
   2696  -2.49715589e-07
   2697  -2.49530460e-07
   2698  -2.49345537e-07
   2699  -2.49160820e-07
   2700  -2.48976307e-07
   2701  -2.47889697e-07
   2702  -2.47706262e-07
   2703  -2.47523030e-07
   2704  -2.47340002e-07
   2705  -2.47157176e-07
   2706  -2.44367673e-07
   2707  -2.44187178e-07
   2708  -2.44006883e-07
   2709  -2.43826787e-07
   2710  -2.43646891e-07
   2711  -2.40308933e-07
   2712  -2.40131763e-07
   2713  -2.39954789e-07
   2714  -2.39778010e-07
   2715  -2.39601427e-07
   2716  -2.42860390e-07
   2717  -2.42681668e-07
   2718  -2.42503144e-07
   2719  -2.42324816e-07
   2720  -2.42146685e-07
   2721  -2.31902389e-07
   2722  -2.31732044e-07
   2723  -2.31561888e-07
   2724  -2.31391918e-07
   2725  -2.31222136e-07
   2726  -2.35346784e-07
   2727  -2.35174227e-07
   2728  -2.35001859e-07
   2729  -2.34829681e-07
   2730  -2.34657691e-07
   2731  -2.33675646e-07
   2732  -2.33504627e-07
   2733  -2.33333796e-07
   2734  -2.33163153e-07
   2735  -2.32992696e-07
   2736  -2.26367870e-07
   2737  -2.26202502e-07
   2738  -2.26037315e-07
   2739  -2.25872310e-07
   2740  -2.25707484e-07
   2741  -2.28828998e-07
   2742  -2.28662137e-07
   2743  -2.28495458e-07
   2744  -2.28328962e-07
   2745  -2.28162647e-07
   2746  -2.17728574e-07
   2747  -2.17570096e-07
   2748  -2.17411791e-07
   2749  -2.17253659e-07
   2750  -2.17095700e-07
   2751  -2.15468805e-07
   2752  -2.15312257e-07
   2753  -2.15155879e-07
   2754  -2.14999672e-07
   2755  -2.14843635e-07
   2756  -2.10455543e-07
   2757  -2.10302914e-07
   2758  -2.10150452e-07
   2759  -2.09998155e-07
   2760  -2.09846024e-07
   2761  -2.06240990e-07
   2762  -2.06091688e-07
   2763  -2.05942549e-07
   2764  -2.05793572e-07
   2765  -2.05644756e-07
   2766  -2.05428321e-07
   2767  -2.05279877e-07
   2768  -2.05131593e-07
   2769  -2.04983471e-07
   2770  -2.04835508e-07
   2771  -1.97845904e-07
   2772  -1.97703197e-07
   2773  -1.97560644e-07
   2774  -1.97418245e-07
   2775  -1.97276000e-07
   2776  -2.02265614e-07
   2777  -2.02119982e-07
   2778  -2.01974506e-07
   2779  -2.01829188e-07
   2780  -2.01684026e-07
   2781  -1.95046553e-07
   2782  -1.94906370e-07
   2783  -1.94766339e-07
   2784  -1.94626458e-07
   2785  -1.94486728e-07
   2786  -1.95465868e-07
   2787  -1.95325636e-07
   2788  -1.95185555e-07
   2789  -1.95045625e-07
   2790  -1.94905845e-07
   2791  -1.92116788e-07
   2792  -1.91979205e-07
   2793  -1.91841770e-07
   2794  -1.91704483e-07
   2795  -1.91567343e-07
   2796  -1.85258927e-07
   2797  -1.85126493e-07
   2798  -1.84994201e-07
   2799  -1.84862050e-07
   2800  -1.84730041e-07
   2801  -1.80360959e-07
   2802  -1.80232256e-07
   2803  -1.80103691e-07
   2804  -1.79975263e-07
   2805  -1.79846973e-07
   2806  -1.71751057e-07
   2807  -1.71628716e-07
   2808  -1.71506506e-07
   2809  -1.71384427e-07
   2810  -1.71262477e-07
   2811  -1.69853252e-07
   2812  -1.69732478e-07
   2813  -1.69611833e-07
   2814  -1.69491317e-07
   2815  -1.69370929e-07
   2816  -1.69353266e-07
   2817  -1.69233062e-07
   2818  -1.69112985e-07
   2819  -1.68993036e-07
   2820  -1.68873215e-07
   2821  -1.66280971e-07
   2822  -1.66163156e-07
   2823  -1.66045466e-07
   2824  -1.65927901e-07
   2825  -1.65810461e-07
   2826  -1.64897201e-07
   2827  -1.64780573e-07
   2828  -1.64664069e-07
   2829  -1.64547688e-07
   2830  -1.64431431e-07
   2831  -1.62149456e-07
   2832  -1.62034974e-07
   2833  -1.61920613e-07
   2834  -1.61806373e-07
   2835  -1.61692254e-07
   2836  -1.61745745e-07
   2837  -1.61631749e-07
   2838  -1.61517874e-07
   2839  -1.61404119e-07
   2840  -1.61290484e-07
   2841  -1.57296155e-07
   2842  -1.57185491e-07
   2843  -1.57074943e-07
   2844  -1.56964511e-07
   2845  -1.56854196e-07
   2846  -1.52451636e-07
   2847  -1.52344568e-07
   2848  -1.52237613e-07
   2849  -1.52130770e-07
   2850  -1.52024040e-07
   2851  -1.46749879e-07
   2852  -1.46646996e-07
   2853  -1.46544221e-07
   2854  -1.46441554e-07
   2855  -1.46338995e-07
   2856  -1.42059802e-07
   2857  -1.41960381e-07
   2858  -1.41861065e-07
   2859  -1.41761853e-07
   2860  -1.41662744e-07
   2861  -1.40133794e-07
   2862  -1.40035892e-07
   2863  -1.39938093e-07
   2864  -1.39840397e-07
   2865  -1.39742802e-07
   2866  -1.37123274e-07
   2867  -1.37027642e-07
   2868  -1.36932111e-07
   2869  -1.36836680e-07
   2870  -1.36741348e-07
   2871  -1.35084590e-07
   2872  -1.34990544e-07
   2873  -1.34896597e-07
   2874  -1.34802747e-07
   2875  -1.34708996e-07
   2876  -1.31566966e-07
   2877  -1.31475528e-07
   2878  -1.31384186e-07
   2879  -1.31292939e-07
   2880  -1.31201788e-07
   2881  -1.30774045e-07
   2882  -1.30683316e-07
   2883  -1.30592682e-07
   2884  -1.30502142e-07
   2885  -1.30411696e-07
   2886  -1.28975083e-07
   2887  -1.28885757e-07
   2888  -1.28796524e-07
   2889  -1.28707384e-07
   2890  -1.28618336e-07
   2891  -1.26593072e-07
   2892  -1.26505547e-07
   2893  -1.26418114e-07
   2894  -1.26330771e-07
   2895  -1.26243518e-07
   2896  -1.23893977e-07
   2897  -1.23808467e-07
   2898  -1.23723045e-07
   2899  -1.23637711e-07
   2900  -1.23552466e-07
   2901  -1.17421141e-07
   2902  -1.17340238e-07
   2903  -1.17259418e-07
   2904  -1.17178682e-07
   2905  -1.17098029e-07
   2906  -1.14346489e-07
   2907  -1.14267840e-07
   2908  -1.14189272e-07
   2909  -1.14110784e-07
   2910  -1.14032378e-07
   2911  -1.08992881e-07
   2912  -1.08918043e-07
   2913  -1.08843282e-07
   2914  -1.08768597e-07
   2915  -1.08693989e-07
   2916  -1.07281878e-07
   2917  -1.07208340e-07
   2918  -1.07134879e-07
   2919  -1.07061492e-07
   2920  -1.06988181e-07
   2921  -1.07984074e-07
   2922  -1.07910182e-07
   2923  -1.07836366e-07
   2924  -1.07762625e-07
   2925  -1.07688960e-07
   2926  -1.04062899e-07
   2927  -1.03991812e-07
   2928  -1.03920797e-07
   2929  -1.03849855e-07
   2930  -1.03778986e-07
   2931  -1.04887445e-07
   2932  -1.04815917e-07
   2933  -1.04744461e-07
   2934  -1.04673079e-07
   2935  -1.04601770e-07
   2936  -1.02107486e-07
   2937  -1.02037972e-07
   2938  -1.01968529e-07
   2939  -1.01899157e-07
   2940  -1.01829855e-07
   2941  -9.89047275e-08
   2942  -9.88375082e-08
   2943  -9.87703575e-08
   2944  -9.87032752e-08
   2945  -9.86362611e-08
   2946  -9.71954739e-08
   2947  -9.71295284e-08
   2948  -9.70636500e-08
   2949  -9.69978385e-08
   2950  -9.69320940e-08
   2951  -8.99735658e-08
   2952  -8.99126236e-08
   2953  -8.98517432e-08
   2954  -8.97909247e-08
   2955  -8.97301679e-08
   2956  -8.80982197e-08
   2957  -8.80386486e-08
   2958  -8.79791379e-08
   2959  -8.79196875e-08
   2960  -8.78602974e-08
   2961  -8.50339065e-08
   2962  -8.49765044e-08
   2963  -8.49191605e-08
   2964  -8.48618747e-08
   2965  -8.48046467e-08
   2966  -8.37121448e-08
   2967  -8.36557302e-08
   2968  -8.35993727e-08
   2969  -8.35430720e-08
   2970  -8.34868283e-08
   2971  -8.32021933e-08
   2972  -8.31462167e-08
   2973  -8.30902966e-08
   2974  -8.30344329e-08
   2975  -8.29786255e-08
   2976  -7.94770389e-08
   2977  -7.94236583e-08
   2978  -7.93703314e-08
   2979  -7.93170583e-08
   2980  -7.92638387e-08
   2981  -8.08310655e-08
   2982  -8.07768665e-08
   2983  -8.07227220e-08
   2984  -8.06686318e-08
   2985  -8.06145961e-08
   2986  -7.79233948e-08
   2987  -7.78712329e-08
   2988  -7.78191233e-08
   2989  -7.77670661e-08
   2990  -7.77150610e-08
   2991  -7.68579699e-08
   2992  -7.68066071e-08
   2993  -7.67552958e-08
   2994  -7.67040359e-08
   2995  -7.66528273e-08
   2996  -7.30820705e-08
   2997  -7.30333125e-08
   2998  -7.29846033e-08
   2999  -7.29359429e-08
   3000  -7.28873311e-08
   3001  -6.86102467e-08
   3002  -6.85645484e-08
   3003  -6.85188958e-08
   3004  -6.84732887e-08
   3005  -6.84277272e-08
   3006  -6.71194738e-08
   3007  -6.70748428e-08
   3008  -6.70302563e-08
   3009  -6.69857142e-08
   3010  -6.69412165e-08
   3011  -6.35403767e-08
   3012  -6.34981957e-08
   3013  -6.34560567e-08
   3014  -6.34139597e-08
   3015  -6.33719045e-08
   3016  -6.19036046e-08
   3017  -6.18625782e-08
   3018  -6.18215927e-08
   3019  -6.17806478e-08
   3020  -6.17397437e-08
   3021  -6.08007016e-08
   3022  -6.07604729e-08
   3023  -6.07202841e-08
   3024  -6.06801351e-08
   3025  -6.06400260e-08
   3026  -5.89387550e-08
   3027  -5.88998226e-08
   3028  -5.88609288e-08
   3029  -5.88220735e-08
   3030  -5.87832567e-08
   3031  -6.03212059e-08
   3032  -6.02814261e-08
   3033  -6.02416855e-08
   3034  -6.02019843e-08
   3035  -6.01623223e-08
   3036  -5.86085139e-08
   3037  -5.85699271e-08
   3038  -5.85313784e-08
   3039  -5.84928678e-08
   3040  -5.84543951e-08
   3041  -5.80003429e-08
   3042  -5.79622193e-08
   3043  -5.79241332e-08
   3044  -5.78860847e-08
   3045  -5.78480737e-08
   3046  -5.56012567e-08
   3047  -5.55647699e-08
   3048  -5.55283191e-08
   3049  -5.54919041e-08
   3050  -5.54555249e-08
   3051  -5.38798041e-08
   3052  -5.38445049e-08
   3053  -5.38092404e-08
   3054  -5.37740105e-08
   3055  -5.37388152e-08
   3056  -5.22955726e-08
   3057  -5.22613674e-08
   3058  -5.22271957e-08
   3059  -5.21930575e-08
   3060  -5.21589527e-08
   3061  -4.97774835e-08
   3062  -4.97449784e-08
   3063  -4.97125052e-08
   3064  -4.96800637e-08
   3065  -4.96476540e-08
   3066  -4.96579388e-08
   3067  -4.96255646e-08
   3068  -4.95932221e-08
   3069  -4.95609112e-08
   3070  -4.95286318e-08
   3071  -4.83415381e-08
   3072  -4.83100734e-08
   3073  -4.82786394e-08
   3074  -4.82472361e-08
   3075  -4.82158635e-08
   3076  -4.77190827e-08
   3077  -4.76880737e-08
   3078  -4.76570948e-08
   3079  -4.76261461e-08
   3080  -4.75952276e-08
   3081  -4.48877605e-08
   3082  -4.48586386e-08
   3083  -4.48295450e-08
   3084  -4.48004798e-08
   3085  -4.47714427e-08
   3086  -4.17701557e-08
   3087  -4.17431003e-08
   3088  -4.17160712e-08
   3089  -4.16890683e-08
   3090  -4.16620916e-08
   3091  -3.71307571e-08
   3092  -3.71067456e-08
   3093  -3.70827574e-08
   3094  -3.70587925e-08
   3095  -3.70348508e-08
   3096  -2.94007884e-08
   3097  -2.93818063e-08
   3098  -2.93628427e-08
   3099  -2.93438974e-08
   3100  -2.93249704e-08
   3101  -2.16326032e-08
   3102  -2.16186590e-08
   3103  -2.16047284e-08
   3104  -2.15908112e-08
   3105  -2.15769074e-08
   3106  -1.39901516e-08
   3107  -1.39811482e-08
   3108  -1.39721535e-08
   3109  -1.39631675e-08
   3110  -1.39541901e-08
   3111  -9.28889879e-09
   3112  -9.28293050e-09
   3113  -9.27696796e-09
   3114  -9.27101116e-09
   3115  -9.26506010e-09
   3116  -6.07396049e-09
   3117  -6.07006411e-09
   3118  -6.06617149e-09
   3119  -6.06228260e-09
   3120  -6.05839746e-09
   3121  -4.26109286e-09
   3122  -4.25836380e-09
   3123  -4.25563736e-09
   3124  -4.25291353e-09
   3125  -4.25019232e-09
   3126  -3.28262762e-09
   3127  -3.28052858e-09
   3128  -3.27843156e-09
   3129  -3.27633655e-09
   3130  -3.27424355e-09
   3131  -2.62716711e-09
   3132  -2.62548989e-09
   3133  -2.62381427e-09
   3134  -2.62214025e-09
   3135  -2.62046783e-09
   3136  -2.27760997e-09
   3137  -2.27615822e-09
   3138  -2.27470786e-09
   3139  -2.27325889e-09
   3140  -2.27181130e-09
   3141  -1.90564595e-09
   3142  -1.90443322e-09
   3143  -1.90322166e-09
   3144  -1.90201124e-09
   3145  -1.90080199e-09
   3146  -1.63521943e-09
   3147  -1.63418046e-09
   3148  -1.63314247e-09
   3149  -1.63210547e-09
   3150  -1.63106946e-09
   3151  -1.44724329e-09
   3152  -1.44632521e-09
   3153  -1.44540800e-09
   3154  -1.44449166e-09
   3155  -1.44357620e-09
   3156  -1.23872860e-09
   3157  -1.23794403e-09
   3158  -1.23716021e-09
   3159  -1.23637714e-09
   3160  -1.23559481e-09
   3161  -1.11549999e-09
   3162  -1.11479460e-09
   3163  -1.11408987e-09
   3164  -1.11338580e-09
   3165  -1.11268241e-09
   3166  -1.01384110e-09
   3167  -1.01320100e-09
   3168  -1.01256150e-09
   3169  -1.01192261e-09
   3170  -1.01128433e-09
   3171  -9.46496606e-10
   3172  -9.45899965e-10
   3173  -9.45303888e-10
   3174  -9.44708374e-10
   3175  -9.44113423e-10
   3176  -8.77232151e-10
   3177  -8.76680042e-10
   3178  -8.76128454e-10
   3179  -8.75577387e-10
   3180  -8.75026839e-10
   3181  -7.78556254e-10
   3182  -7.78067019e-10
   3183  -7.77578245e-10
   3184  -7.77089931e-10
   3185  -7.76602078e-10
   3186  -7.26180936e-10
   3187  -7.25725329e-10
   3188  -7.25270151e-10
   3189  -7.24815400e-10
   3190  -7.24361077e-10
   3191  -6.45230622e-10
   3192  -6.44826437e-10
   3193  -6.44422632e-10
   3194  -6.44019206e-10
   3195  -6.43616158e-10
   3196  -6.12052308e-10
   3197  -6.11669506e-10
   3198  -6.11287063e-10
   3199  -6.10904979e-10
   3200  -6.10523253e-10
   3201  -5.64224955e-10
   3202  -5.63872618e-10
   3203  -5.63520610e-10
   3204  -5.63168931e-10
   3205  -5.62817582e-10
   3206  -5.19548271e-10
   3207  -5.19224338e-10
   3208  -5.18900708e-10
   3209  -5.18577380e-10
   3210  -5.18254354e-10
   3211  -4.97061282e-10
   3212  -4.96751851e-10
   3213  -4.96442710e-10
   3214  -4.96133856e-10
   3215  -4.95825292e-10
   3216  -4.59067674e-10
   3217  -4.58782339e-10
   3218  -4.58497271e-10
   3219  -4.58212468e-10
   3220  -4.57927930e-10
   3221  -4.38725793e-10
   3222  -4.38453525e-10
   3223  -4.38181510e-10
   3224  -4.37909749e-10
   3225  -4.37638240e-10
   3226  -4.16777415e-10
   3227  -4.16519169e-10
   3228  -4.16261162e-10
   3229  -4.16003395e-10
   3230  -4.15745868e-10
   3231  -3.85693844e-10
   3232  -3.85455228e-10
   3233  -3.85216833e-10
   3234  -3.84978659e-10
   3235  -3.84740705e-10
   3236  -3.80490762e-10
   3237  -3.80255728e-10
   3238  -3.80020912e-10
   3239  -3.79786313e-10
   3240  -3.79551931e-10
   3241  -3.50839547e-10
   3242  -3.50623163e-10
   3243  -3.50406979e-10
   3244  -3.50190995e-10
   3245  -3.49975211e-10
   3246  -3.43601454e-10
   3247  -3.43389860e-10
   3248  -3.43178462e-10
   3249  -3.42967259e-10
   3250  -3.42756251e-10
   3251  -3.25192113e-10
   3252  -3.24992164e-10
   3253  -3.24792400e-10
   3254  -3.24592819e-10
   3255  -3.24393422e-10
   3256  -3.07575621e-10
   3257  -3.07386794e-10
   3258  -3.07198141e-10
   3259  -3.07009661e-10
   3260  -3.06821355e-10
   3261  -3.01751016e-10
   3262  -3.01566049e-10
   3263  -3.01381252e-10
   3264  -3.01196624e-10
   3265  -3.01012166e-10
   3266  -2.79032093e-10
   3267  -2.78861313e-10
   3268  -2.78690691e-10
   3269  -2.78520225e-10
   3270  -2.78349915e-10
   3271  -2.76565937e-10
   3272  -2.76396926e-10
   3273  -2.76228069e-10
   3274  -2.76059368e-10
   3275  -2.75890820e-10
   3276  -2.61978230e-10
   3277  -2.61818378e-10
   3278  -2.61658672e-10
   3279  -2.61499112e-10
   3280  -2.61339697e-10
   3281  -2.54047471e-10
   3282  -2.53892693e-10
   3283  -2.53738058e-10
   3284  -2.53583563e-10
   3285  -2.53429209e-10
   3286  -2.45802203e-10
   3287  -2.45652677e-10
   3288  -2.45503287e-10
   3289  -2.45354034e-10
   3290  -2.45204917e-10
   3291  -2.30094863e-10
   3292  -2.29955105e-10
   3293  -2.29815473e-10
   3294  -2.29675969e-10
   3295  -2.29536592e-10
   3296  -2.30463314e-10
   3297  -2.30323544e-10
   3298  -2.30183901e-10
   3299  -2.30044385e-10
   3300  -2.29904996e-10
