     50   2.31696888e-12
     51   1.69726544e-12
     52   1.63291856e-12
     53   1.57216282e-12
     54   1.51473587e-12
     55   1.46039891e-12
     56   7.78533180e-13
     57   7.51572534e-13
     58   7.25988500e-13
     59   7.01688928e-13
     60   6.78589251e-13
     61   4.17327647e-13
     62   4.04027011e-13
     63   3.91352248e-13
     64   3.79264697e-13
     65   3.67728636e-13
     66   1.05874028e-12
     67   1.02748725e-12
     68   9.97597915e-13
     69   9.68994075e-13
     70   9.41603057e-13
     71   7.36611289e-13
     72   7.16361534e-13
     73   6.96935459e-13
     74   6.78288991e-13
     75   6.60380964e-13
     76   1.08549782e-12
     77   1.05757592e-12
     78   1.03071767e-12
     79   1.00486973e-12
     80   9.79982036e-13
     81   1.57655259e-12
     82   1.53844966e-12
     83   1.50171156e-12
     84   1.46627387e-12
     85   1.43207595e-12
     86   1.19696598e-12
     87   1.16968537e-12
     88   1.14332690e-12
     89   1.11784947e-12
     90   1.09321423e-12
     91   1.22403121e-12
     92   1.19763759e-12
     93   1.17208853e-12
     94   1.14734840e-12
     95   1.12338339e-12
     96   8.39153244e-13
     97   8.21984209e-13
     98   8.05336751e-13
     99   7.89189955e-13
    100   7.73523946e-13
    101   3.13748594e-13
    102   3.07641675e-13
    103   3.01711338e-13
    104   2.95950839e-13
    105   2.90353755e-13
    106   2.28781017e-13
    107   2.24534571e-13
    108   2.20405265e-13
    109   2.16388832e-13
    110   2.12481193e-13
    111   5.43087464e-13
    112   5.33454127e-13
    113   5.24074851e-13
    114   5.14940780e-13
    115   5.06043440e-13
    116   7.60313512e-13
    117   7.47399658e-13
    118   7.34812043e-13
    119   7.22539770e-13
    120   7.10572393e-13
    121   1.32928202e-12
    122   1.30762393e-12
    123   1.28649088e-12
    124   1.26586602e-12
    125   1.24573321e-12
    126   1.73673649e-12
    127   1.70954719e-12
    128   1.68299142e-12
    129   1.65704965e-12
    130   1.63170309e-12
    131   1.54911367e-12
    132   1.52577511e-12
    133   1.50296002e-12
    134   1.48065287e-12
    135   1.45883868e-12
    136   1.14716126e-12
    137   1.13050572e-12
    138   1.11421030e-12
    139   1.09826469e-12
    140   1.08265895e-12
    141   6.45236021e-13
    142   6.36196020e-13
    143   6.27344678e-13
    144   6.18676781e-13
    145   6.10187295e-13
    146   5.76525132e-13
    147   5.68721137e-13
    148   5.61074531e-13
    149   5.53581112e-13
    150   5.46236813e-13
    151   9.27459363e-13
    152   9.15315967e-13
    153   9.03409513e-13
    154   8.91733876e-13
    155   8.80283129e-13
    156   9.96987111e-13
    157   9.84347117e-13
    158   9.71945986e-13
    159   9.59777739e-13
    160   9.47836579e-13
    161   2.40554376e-12
    162   2.37598276e-12
    163   2.34696333e-12
    164   2.31847232e-12
    165   2.29049698e-12
    166   2.03003008e-12
    167   2.00582720e-12
    168   1.98205459e-12
    169   1.95870211e-12
    170   1.93575992e-12
    171   2.39776119e-12
    172   2.37000147e-12
    173   2.34272104e-12
    174   2.31590895e-12
    175   2.28955453e-12
    176   3.27611731e-12
    177   3.23925545e-12
    178   3.20301224e-12
    179   3.16737393e-12
    180   3.13232712e-12
    181   1.89898955e-12
    182   1.87820729e-12
    183   1.85776433e-12
    184   1.83765333e-12
    185   1.81786713e-12
    186   2.14297711e-12
    187   2.12014925e-12
    188   2.09768421e-12
    189   2.07557435e-12
    190   2.05381221e-12
    191   1.80532849e-12
    192   1.78659625e-12
    193   1.76815406e-12
    194   1.74999596e-12
    195   1.73211614e-12
    196   1.94702517e-12
    197   1.92733348e-12
    198   1.90793902e-12
    199   1.88883584e-12
    200   1.87001814e-12
    201   1.84856319e-12
    202   1.83032837e-12
    203   1.81236204e-12
    204   1.79465895e-12
    205   1.77721399e-12
    206   8.18021206e-13
    207   8.10146186e-13
    208   8.02384340e-13
    209   7.94733509e-13
    210   7.87191586e-13
    211   8.92279243e-14
    212   8.83891224e-14
    213   8.75620931e-14
    214   8.67466171e-14
    215   8.59424802e-14
    216   0.00000000e+00
    217   0.00000000e+00
    218   0.00000000e+00
    219   0.00000000e+00
    220   0.00000000e+00
    221   0.00000000e+00
    222   0.00000000e+00
    223   0.00000000e+00
    224   0.00000000e+00
    225   0.00000000e+00
    226   4.04055354e-14
    227   4.00507131e-14
    228   3.97005442e-14
    229   3.93549477e-14
    230   3.90138442e-14
    231   0.00000000e+00
    232   0.00000000e+00
    233   0.00000000e+00
    234   0.00000000e+00
    235   0.00000000e+00
    236   0.00000000e+00
    237   0.00000000e+00
    238   0.00000000e+00
    239   0.00000000e+00
    240   0.00000000e+00
    241   0.00000000e+00
    242   0.00000000e+00
    243   0.00000000e+00
    244   0.00000000e+00
    245   0.00000000e+00
    246   1.56623361e-12
    247   1.55358998e-12
    248   1.54109885e-12
    249   1.52875775e-12
    250   1.51656431e-12
    251   1.78133864e-11
    252   1.76724303e-11
    253   1.75331406e-11
    254   1.73954912e-11
    255   1.72594565e-11
    256   2.74989316e-11
    257   2.72855554e-11
    258   2.70746532e-11
    259   2.68661868e-11
    260   2.66601188e-11
    261   5.44784877e-11
    262   5.40638095e-11
    263   5.36538481e-11
    264   5.32485321e-11
    265   5.28477916e-11
    266   4.76035527e-11
    267   4.72479716e-11
    268   4.68963597e-11
    269   4.65486582e-11
    270   4.62048093e-11
    271   9.88598054e-11
    272   9.81348958e-11
    273   9.74179303e-11
    274   9.67087934e-11
    275   9.60073714e-11
    276   2.07704602e-10
    277   2.06208983e-10
    278   2.04729460e-10
    279   2.03265803e-10
    280   2.01817787e-10
    281   9.17515388e-10
    282   9.11025462e-10
    283   9.04604152e-10
    284   8.98250494e-10
    285   8.91963541e-10
    286   1.63993281e-09
    287   1.62853451e-09
    288   1.61725465e-09
    289   1.60609157e-09
    290   1.59504367e-09
    291   2.67172932e-09
    292   2.65347673e-09
    293   2.63541054e-09
    294   2.61752824e-09
    295   2.59982732e-09
    296   3.84365581e-09
    297   3.81783785e-09
    298   3.79227916e-09
    299   3.76697627e-09
    300   3.74192577e-09
    301   4.54725794e-09
    302   4.51721831e-09
    303   4.48747537e-09
    304   4.45802523e-09
    305   4.42886404e-09
    306   7.00813207e-09
    307   6.96258785e-09
    308   6.91748615e-09
    309   6.87282128e-09
    310   6.82858760e-09
    311   6.88052863e-09
    312   6.83652853e-09
    313   6.79294915e-09
    314   6.74978513e-09
    315   6.70703123e-09
    316   9.02625201e-09
    317   8.96943857e-09
    318   8.91315984e-09
    319   8.85740914e-09
    320   8.80217988e-09
    321   1.09041106e-08
    322   1.08365407e-08
    323   1.07695969e-08
    324   1.07032716e-08
    325   1.06375570e-08
    326   1.04072459e-08
    327   1.03437388e-08
    328   1.02808112e-08
    329   1.02184562e-08
    330   1.01566667e-08
    331   1.37830873e-08
    332   1.37002439e-08
    333   1.36181452e-08
    334   1.35367823e-08
    335   1.34561463e-08
    336   1.27943375e-08
    337   1.27185754e-08
    338   1.26434843e-08
    339   1.25690563e-08
    340   1.24952835e-08
    341   1.69552541e-08
    342   1.68563177e-08
    343   1.67582448e-08
    344   1.66610252e-08
    345   1.65646492e-08
    346   1.75995942e-08
    347   1.74983746e-08
    348   1.73980256e-08
    349   1.72985374e-08
    350   1.71999001e-08
    351   1.73060575e-08
    352   1.72079369e-08
    353   1.71106483e-08
    354   1.70141825e-08
    355   1.69185302e-08
    356   2.16804638e-08
    357   2.15592594e-08
    358   2.14390686e-08
    359   2.13198801e-08
    360   2.12016827e-08
    361   2.02296807e-08
    362   2.01181458e-08
    363   2.00075307e-08
    364   1.98978254e-08
    365   1.97890199e-08
    366   2.37112159e-08
    367   2.35822632e-08
    368   2.34543596e-08
    369   2.33274937e-08
    370   2.32016544e-08
    371   2.31537574e-08
    372   2.30295255e-08
    373   2.29062907e-08
    374   2.27840425e-08
    375   2.26627703e-08
    376   2.54854142e-08
    377   2.53504816e-08
    378   2.52166179e-08
    379   2.50838116e-08
    380   2.49520518e-08
    381   2.82500192e-08
    382   2.81024034e-08
    383   2.79559415e-08
    384   2.78106217e-08
    385   2.76664320e-08
    386   2.61137568e-08
    387   2.59790632e-08
    388   2.58454090e-08
    389   2.57127836e-08
    390   2.55811764e-08
    391   3.06288518e-08
    392   3.04728807e-08
    393   3.03180980e-08
    394   3.01644917e-08
    395   3.00120497e-08
    396   2.89050364e-08
    397   2.87596938e-08
    398   2.86154447e-08
    399   2.84722782e-08
    400   2.83301834e-08
    401   3.28702671e-08
    402   3.27070381e-08
    403   3.25450220e-08
    404   3.23842068e-08
    405   3.22245806e-08
    406   3.36663862e-08
    407   3.35012539e-08
    408   3.33373336e-08
    409   3.31746134e-08
    410   3.30130817e-08
    411   3.33547619e-08
    412   3.31931399e-08
    413   3.30326899e-08
    414   3.28734004e-08
    415   3.27152604e-08
    416   3.52287538e-08
    417   3.50600945e-08
    418   3.48926435e-08
    419   3.47263893e-08
    420   3.45613204e-08
    421   3.63698765e-08
    422   3.61978134e-08
    423   3.60269684e-08
    424   3.58573302e-08
    425   3.56888872e-08
    426   3.89499900e-08
    427   3.87678745e-08
    428   3.85870333e-08
    429   3.84074545e-08
    430   3.82291264e-08
    431   4.06733799e-08
    432   4.04854037e-08
    433   4.02987277e-08
    434   4.01133398e-08
    435   3.99292283e-08
    436   4.26574879e-08
    437   4.24625938e-08
    438   4.22690323e-08
    439   4.20767913e-08
    440   4.18858588e-08
    441   4.15443885e-08
    442   4.13567234e-08
    443   4.11703271e-08
    444   4.09851881e-08
    445   4.08012951e-08
    446   4.40207415e-08
    447   4.38241108e-08
    448   4.36287946e-08
    449   4.34347813e-08
    450   4.32420592e-08
    451   4.51560272e-08
    452   4.49565530e-08
    453   4.47583976e-08
    454   4.45615494e-08
    455   4.43659969e-08
    456   4.78090970e-08
    457   4.76002098e-08
    458   4.73926886e-08
    459   4.71865216e-08
    460   4.69816969e-08
    461   4.82773238e-08
    462   4.80686699e-08
    463   4.78613659e-08
    464   4.76554000e-08
    465   4.74507608e-08
    466   4.47144190e-08
    467   4.45232298e-08
    468   4.43332642e-08
    469   4.41445117e-08
    470   4.39569622e-08
    471   5.20464334e-08
    472   5.18262477e-08
    473   5.16074564e-08
    474   5.13900476e-08
    475   5.11740097e-08
    476   4.98036522e-08
    477   4.95951599e-08
    478   4.93879740e-08
    479   4.91820837e-08
    480   4.89774782e-08
    481   5.48138737e-08
    482   5.45867838e-08
    483   5.43611021e-08
    484   5.41368172e-08
    485   5.39139175e-08
    486   5.19534853e-08
    487   5.17404522e-08
    488   5.15287268e-08
    489   5.13182982e-08
    490   5.11091561e-08
    491   4.99245447e-08
    492   4.97219084e-08
    493   4.95205034e-08
    494   4.93203196e-08
    495   4.91213472e-08
    496   5.64294068e-08
    497   5.62026690e-08
    498   5.59772951e-08
    499   5.57532740e-08
    500   5.55305951e-08
    501   5.18786679e-08
    502   5.16722885e-08
    503   5.14671381e-08
    504   5.12632071e-08
    505   5.10604857e-08
    506   5.80863360e-08
    507   5.78575372e-08
    508   5.76300876e-08
    509   5.74039766e-08
    510   5.71791936e-08
    511   5.65697786e-08
    512   5.63491262e-08
    513   5.61297624e-08
    514   5.59116770e-08
    515   5.56948602e-08
    516   5.66572260e-08
    517   5.64383667e-08
    518   5.62207732e-08
    519   5.60044356e-08
    520   5.57893443e-08
    521   6.12526891e-08
    522   6.10183414e-08
    523   6.07853359e-08
    524   6.05536626e-08
    525   6.03233112e-08
    526   5.28427927e-08
    527   5.26425360e-08
    528   5.24434154e-08
    529   5.22454225e-08
    530   5.20485486e-08
    531   6.20979107e-08
    532   6.18647887e-08
    533   6.16329770e-08
    534   6.14024658e-08
    535   6.11732454e-08
    536   5.78733397e-08
    537   5.76580973e-08
    538   5.74440535e-08
    539   5.72311993e-08
    540   5.70195260e-08
    541   6.26522620e-08
    542   6.24213925e-08
    543   6.21917967e-08
    544   6.19634653e-08
    545   6.17363891e-08
    546   6.13975660e-08
    547   6.11733852e-08
    548   6.09504299e-08
    549   6.07286914e-08
    550   6.05081606e-08
    551   5.69913274e-08
    552   5.67851174e-08
    553   5.65800245e-08
    554   5.63760408e-08
    555   5.61731582e-08
    556   6.49295884e-08
    557   6.46967617e-08
    558   6.44651850e-08
    559   6.42348496e-08
    560   6.40057463e-08
    561   5.86827756e-08
    562   5.84742185e-08
    563   5.82667713e-08
    564   5.80604261e-08
    565   5.78551750e-08
    566   6.43499154e-08
    567   6.41232316e-08
    568   6.38977434e-08
    569   6.36734426e-08
    570   6.34503207e-08
    571   6.00872316e-08
    572   5.98774116e-08
    573   5.96686888e-08
    574   5.94610553e-08
    575   5.92545038e-08
    576   6.38399241e-08
    577   6.36189292e-08
    578   6.33990799e-08
    579   6.31803682e-08
    580   6.29627864e-08
    581   6.36549175e-08
    582   6.34364538e-08
    583   6.32191127e-08
    584   6.30028867e-08
    585   6.27877681e-08
    586   6.12846822e-08
    587   6.10761423e-08
    588   6.08686651e-08
    589   6.06622433e-08
    590   6.04568697e-08
    591   6.60941047e-08
    592   6.58710964e-08
    593   6.56492149e-08
    594   6.54284527e-08
    595   6.52088021e-08
    596   6.34764167e-08
    597   6.32640323e-08
    598   6.30527121e-08
    599   6.28424489e-08
    600   6.26332357e-08
    601   6.65790089e-08
    602   6.63580915e-08
    603   6.61382719e-08
    604   6.59195427e-08
    605   6.57018968e-08
    606   6.39887726e-08
    607   6.37781967e-08
    608   6.35686586e-08
    609   6.33601514e-08
    610   6.31526684e-08
    611   6.15489472e-08
    612   6.13480532e-08
    613   6.11481411e-08
    614   6.09492046e-08
    615   6.07512373e-08
    616   6.94418092e-08
    617   6.92169876e-08
    618   6.89932561e-08
    619   6.87706075e-08
    620   6.85490350e-08
    621   6.43829356e-08
    622   6.41761659e-08
    623   6.39703907e-08
    624   6.37656037e-08
    625   6.35617984e-08
    626   6.92871922e-08
    627   6.90664446e-08
    628   6.88467502e-08
    629   6.86281025e-08
    630   6.84104946e-08
    631   6.52398583e-08
    632   6.50336479e-08
    633   6.48284136e-08
    634   6.46241493e-08
    635   6.44208489e-08
    636   6.68597996e-08
    637   6.66501257e-08
    638   6.64414365e-08
    639   6.62337260e-08
    640   6.60269880e-08
    641   7.14558195e-08
    642   7.12334755e-08
    643   7.10121678e-08
    644   7.07918897e-08
    645   7.05726350e-08
    646   6.60712858e-08
    647   6.58672835e-08
    648   6.56642245e-08
    649   6.54621031e-08
    650   6.52609135e-08
    651   7.29238700e-08
    652   7.27004342e-08
    653   7.24780238e-08
    654   7.22566325e-08
    655   7.20362540e-08
    656   7.01230254e-08
    657   6.99098046e-08
    658   6.96975548e-08
    659   6.94862701e-08
    660   6.92759448e-08
    661   7.24074056e-08
    662   7.21888998e-08
    663   7.19713815e-08
    664   7.17548449e-08
    665   7.15392841e-08
    666   7.39816169e-08
    667   7.37600322e-08
    668   7.35394415e-08
    669   7.33198390e-08
    670   7.31012186e-08
    671   7.02926414e-08
    672   7.00836704e-08
    673   6.98756299e-08
    674   6.96685144e-08
    675   6.94623184e-08
    676   7.96090514e-08
    677   7.93741300e-08
    678   7.91402468e-08
    679   7.89073959e-08
    680   7.86755711e-08
    681   7.48867289e-08
    682   7.46673611e-08
    683   7.44489557e-08
    684   7.42315072e-08
    685   7.40150100e-08
    686   8.31540973e-08
    687   8.29122825e-08
    688   8.26715210e-08
    689   8.24318066e-08
    690   8.21931334e-08
    691   8.21579907e-08
    692   8.19207970e-08
    693   8.16846291e-08
    694   8.14494809e-08
    695   8.12153466e-08
    696   8.31471993e-08
    697   8.29088699e-08
    698   8.26715637e-08
    699   8.24352750e-08
    700   8.21999978e-08
    701   9.07975091e-08
    702   9.05391029e-08
    703   9.02817983e-08
    704   9.00255889e-08
    705   8.97704687e-08
    706   8.47894746e-08
    707   8.45498718e-08
    708   8.43112832e-08
    709   8.40737030e-08
    710   8.38371257e-08
    711   9.53313687e-08
    712   9.50638659e-08
    713   9.47974873e-08
    714   9.45322269e-08
    715   9.42680783e-08
    716   9.46710993e-08
    717   9.44072998e-08
    718   9.41446013e-08
    719   9.38829978e-08
    720   9.36224831e-08
    721   1.02457603e-07
    722   1.02174081e-07
    723   1.01891735e-07
    724   1.01610558e-07
    725   1.01330543e-07
    726   1.04991491e-07
    727   1.04702954e-07
    728   1.04415605e-07
    729   1.04129437e-07
    730   1.03844443e-07
    731   1.03761467e-07
    732   1.03478256e-07
    733   1.03196203e-07
    734   1.02915301e-07
    735   1.02635545e-07
    736   1.13562540e-07
    737   1.13254678e-07
    738   1.12948066e-07
    739   1.12642698e-07
    740   1.12338567e-07
    741   1.15588181e-07
    742   1.15276937e-07
    743   1.14966949e-07
    744   1.14658209e-07
    745   1.14350712e-07
    746   1.24752588e-07
    747   1.24418914e-07
    748   1.24086576e-07
    749   1.23755569e-07
    750   1.23425883e-07
    751   1.30417796e-07
    752   1.30071286e-07
    753   1.29726155e-07
    754   1.29382395e-07
    755   1.29040001e-07
    756   1.26793716e-07
    757   1.26459057e-07
    758   1.26125722e-07
    759   1.25793703e-07
    760   1.25462994e-07
    761   1.51280289e-07
    762   1.50883619e-07
    763   1.50488506e-07
    764   1.50094944e-07
    765   1.49702923e-07
    766   1.46748133e-07
    767   1.46365852e-07
    768   1.45985063e-07
    769   1.45605758e-07
    770   1.45227929e-07
    771   1.57161753e-07
    772   1.56754993e-07
    773   1.56349811e-07
    774   1.55946198e-07
    775   1.55544145e-07
    776   1.64474227e-07
    777   1.64051278e-07
    778   1.63629959e-07
    779   1.63210261e-07
    780   1.62792175e-07
    781   1.76920574e-07
    782   1.76468525e-07
    783   1.76018207e-07
    784   1.75569610e-07
    785   1.75122726e-07
    786   1.87485072e-07
    787   1.87009071e-07
    788   1.86534880e-07
    789   1.86062490e-07
    790   1.85591893e-07
    791   1.93711594e-07
    792   1.93222887e-07
    793   1.92736026e-07
    794   1.92251003e-07
    795   1.91767809e-07
    796   2.11221656e-07
    797   2.10692113e-07
    798   2.10164559e-07
    799   2.09638983e-07
    800   2.09115377e-07
    801   2.16654861e-07
    802   2.16115080e-07
    803   2.15577313e-07
    804   2.15041551e-07
    805   2.14507783e-07
    806   2.35514680e-07
    807   2.34931542e-07
    808   2.34350568e-07
    809   2.33771746e-07
    810   2.33195066e-07
    811   2.46427148e-07
    812   2.45820744e-07
    813   2.45216577e-07
    814   2.44614634e-07
    815   2.44014905e-07
    816   2.59180322e-07
    817   2.58546436e-07
    818   2.57914872e-07
    819   2.57285620e-07
    820   2.56658667e-07
    821   2.81966703e-07
    822   2.81281278e-07
    823   2.80598349e-07
    824   2.79917905e-07
    825   2.79239933e-07
    826   2.99047242e-07
    827   2.98324688e-07
    828   2.97604749e-07
    829   2.96887414e-07
    830   2.96172668e-07
    831   3.23567402e-07
    832   3.22790297e-07
    833   3.22015987e-07
    834   3.21244461e-07
    835   3.20475704e-07
    836   3.27158645e-07
    837   3.26377604e-07
    838   3.25599357e-07
    839   3.24823890e-07
    840   3.24051189e-07
    841   3.39363522e-07
    842   3.38558150e-07
    843   3.37755642e-07
    844   3.36955984e-07
    845   3.36159163e-07
    846   3.75404464e-07
    847   3.74518815e-07
    848   3.73636297e-07
    849   3.72756894e-07
    850   3.71880593e-07
    851   3.68149675e-07
    852   3.67286235e-07
    853   3.66425828e-07
    854   3.65568441e-07
    855   3.64714060e-07
    856   4.01000650e-07
    857   4.00065645e-07
    858   3.99133905e-07
    859   3.98205417e-07
    860   3.97280165e-07
    861   3.98427316e-07
    862   3.97503695e-07
    863   3.96583281e-07
    864   3.95666061e-07
    865   3.94752019e-07
    866   4.46822423e-07
    867   4.45792582e-07
    868   4.44766297e-07
    869   4.43743553e-07
    870   4.42724331e-07
    871   4.66214639e-07
    872   4.65146258e-07
    873   4.64081546e-07
    874   4.63020485e-07
    875   4.61963059e-07
    876   4.73809397e-07
    877   4.72729798e-07
    878   4.71653884e-07
    879   4.70581639e-07
    880   4.69513046e-07
    881   5.16150124e-07
    882   5.14980711e-07
    883   5.13815267e-07
    884   5.12653774e-07
    885   5.11496216e-07
    886   5.27716027e-07
    887   5.26527143e-07
    888   5.25342273e-07
    889   5.24161397e-07
    890   5.22984498e-07
    891   5.70748607e-07
    892   5.69469977e-07
    893   5.68195639e-07
    894   5.66925574e-07
    895   5.65659762e-07
    896   5.90995600e-07
    897   5.89678985e-07
    898   5.88366765e-07
    899   5.87058921e-07
    900   5.85755432e-07
    901   6.07971730e-07
    902   6.06624798e-07
    903   6.05282337e-07
    904   6.03944327e-07
    905   6.02610749e-07
    906   6.75366353e-07
    907   6.73878352e-07
    908   6.72395264e-07
    909   6.70917066e-07
    910   6.69443738e-07
    911   6.73539855e-07
    912   6.72064008e-07
    913   6.70593006e-07
    914   6.69126829e-07
    915   6.67665455e-07
    916   7.59530519e-07
    917   7.57875318e-07
    918   7.56225522e-07
    919   7.54581107e-07
    920   7.52942050e-07
    921   7.51253127e-07
    922   7.49624836e-07
    923   7.48001832e-07
    924   7.46384094e-07
    925   7.44771599e-07
    926   8.01256153e-07
    927   7.99528843e-07
    928   7.97807112e-07
    929   7.96090937e-07
    930   7.94380293e-07
    931   8.84218518e-07
    932   8.82322579e-07
    933   8.80432732e-07
    934   8.78548950e-07
    935   8.76671208e-07
    936   8.41640598e-07
    937   8.39845577e-07
    938   8.38056293e-07
    939   8.36272720e-07
    940   8.34494835e-07
    941   9.34092908e-07
    942   9.32111274e-07
    943   9.30135939e-07
    944   9.28166877e-07
    945   9.26204061e-07
    946   9.35888059e-07
    947   9.33913091e-07
    948   9.31944369e-07
    949   9.29981864e-07
    950   9.28025553e-07
    951   9.94974092e-07
    952   9.92885456e-07
    953   9.90803390e-07
    954   9.88727866e-07
    955   9.86658857e-07
    956   1.02164876e-06
    957   1.01951533e-06
    958   1.01738857e-06
    959   1.01526846e-06
    960   1.01315497e-06
    961   1.02163476e-06
    962   1.01951243e-06
    963   1.01739671e-06
    964   1.01528757e-06
    965   1.01318498e-06
    966   1.15419217e-06
    967   1.15180686e-06
    968   1.14942894e-06
    969   1.14705837e-06
    970   1.14469513e-06
    971   1.10918833e-06
    972   1.10690781e-06
    973   1.10463432e-06
    974   1.10236782e-06
    975   1.10010829e-06
    976   1.24861706e-06
    977   1.24606300e-06
    978   1.24351677e-06
    979   1.24097833e-06
    980   1.23844766e-06
    981   1.26458744e-06
    982   1.26201387e-06
    983   1.25944815e-06
    984   1.25689025e-06
    985   1.25434013e-06
    986   1.27251335e-06
    987   1.26993676e-06
    988   1.26736798e-06
    989   1.26480700e-06
    990   1.26225377e-06
    991   1.37287489e-06
    992   1.37010909e-06
    993   1.36735163e-06
    994   1.36460250e-06
    995   1.36186164e-06
    996   1.37094298e-06
    997   1.36819491e-06
    998   1.36545510e-06
    999   1.36272351e-06
   1000   1.36000010e-06
   1001   1.45234473e-06
   1002   1.44944801e-06
   1003   1.44655994e-06
   1004   1.44368050e-06
   1005   1.44080965e-06
   1006   1.47058868e-06
   1007   1.46767012e-06
   1008   1.46476024e-06
   1009   1.46185901e-06
   1010   1.45896639e-06
   1011   1.52878430e-06
   1012   1.52576522e-06
   1013   1.52275508e-06
   1014   1.51975384e-06
   1015   1.51676146e-06
   1016   1.70781098e-06
   1017   1.70445493e-06
   1018   1.70110876e-06
   1019   1.69777244e-06
   1020   1.69444592e-06
   1021   1.65471929e-06
   1022   1.65148347e-06
   1023   1.64825713e-06
   1024   1.64504023e-06
   1025   1.64183275e-06
   1026   1.75142468e-06
   1027   1.74801641e-06
   1028   1.74461808e-06
   1029   1.74122965e-06
   1030   1.73785108e-06
   1031   1.80343385e-06
   1032   1.79994136e-06
   1033   1.79645901e-06
   1034   1.79298675e-06
   1035   1.78952455e-06
   1036   1.86885858e-06
   1037   1.86525683e-06
   1038   1.86166548e-06
   1039   1.85808450e-06
   1040   1.85451383e-06
   1041   1.99153577e-06
   1042   1.98771599e-06
   1043   1.98390720e-06
   1044   1.98010934e-06
   1045   1.97632237e-06
   1046   1.98262943e-06
   1047   1.97884489e-06
   1048   1.97507117e-06
   1049   1.97130823e-06
   1050   1.96755604e-06
   1051   2.05684330e-06
   1052   2.05293574e-06
   1053   2.04903930e-06
   1054   2.04515394e-06
   1055   2.04127963e-06
   1056   2.06486782e-06
   1057   2.06096356e-06
   1058   2.05707036e-06
   1059   2.05318818e-06
   1060   2.04931698e-06
   1061   2.13895708e-06
   1062   2.13493176e-06
   1063   2.13091779e-06
   1064   2.12691513e-06
   1065   2.12292373e-06
   1066   2.23298033e-06
   1067   2.22879774e-06
   1068   2.22462689e-06
   1069   2.22046774e-06
   1070   2.21632024e-06
   1071   2.29307922e-06
   1072   2.28880408e-06
   1073   2.28454088e-06
   1074   2.28028958e-06
   1075   2.27605014e-06
   1076   2.26410211e-06
   1077   2.25990058e-06
   1078   2.25571073e-06
   1079   2.25153252e-06
   1080   2.24736591e-06
   1081   2.46065092e-06
   1082   2.45610573e-06
   1083   2.45157313e-06
   1084   2.44705306e-06
   1085   2.44254548e-06
   1086   2.48569561e-06
   1087   2.48112526e-06
   1088   2.47656751e-06
   1089   2.47202231e-06
   1090   2.46748961e-06
   1091   2.51296478e-06
   1092   2.50836544e-06
   1093   2.50377872e-06
   1094   2.49920456e-06
   1095   2.49464293e-06
   1096   2.62672785e-06
   1097   2.62194219e-06
   1098   2.61716960e-06
   1099   2.61241003e-06
   1100   2.60766343e-06
   1101   2.73501562e-06
   1102   2.73005527e-06
   1103   2.72510840e-06
   1104   2.72017496e-06
   1105   2.71525490e-06
   1106   2.69359139e-06
   1107   2.68872821e-06
   1108   2.68387819e-06
   1109   2.67904129e-06
   1110   2.67421745e-06
   1111   2.82478112e-06
   1112   2.81970400e-06
   1113   2.81464056e-06
   1114   2.80959074e-06
   1115   2.80455451e-06
   1116   2.87870318e-06
   1117   2.87355230e-06
   1118   2.86841522e-06
   1119   2.86329191e-06
   1120   2.85818231e-06
   1121   3.12586826e-06
   1122   3.12030003e-06
   1123   3.11474666e-06
   1124   3.10920810e-06
   1125   3.10368430e-06
   1126   3.03470282e-06
   1127   3.02932094e-06
   1128   3.02395338e-06
   1129   3.01860006e-06
   1130   3.01326095e-06
   1131   3.19457097e-06
   1132   3.18893059e-06
   1133   3.18330514e-06
   1134   3.17769455e-06
   1135   3.17209879e-06
   1136   3.24473303e-06
   1137   3.23902926e-06
   1138   3.23334052e-06
   1139   3.22766675e-06
   1140   3.22200790e-06
   1141   3.31896631e-06
   1142   3.31315758e-06
   1143   3.30736408e-06
   1144   3.30158576e-06
   1145   3.29582257e-06
   1146   3.48118898e-06
   1147   3.47512287e-06
   1148   3.46907260e-06
   1149   3.46303812e-06
   1150   3.45701937e-06
   1151   3.33696383e-06
   1152   3.33117426e-06
   1153   3.32539975e-06
   1154   3.31964023e-06
   1155   3.31389567e-06
   1156   3.47233474e-06
   1157   3.46633633e-06
   1158   3.46035344e-06
   1159   3.45438603e-06
   1160   3.44843404e-06
   1161   3.45103381e-06
   1162   3.44509782e-06
   1163   3.43917714e-06
   1164   3.43327170e-06
   1165   3.42738147e-06
   1166   3.55213069e-06
   1167   3.54604697e-06
   1168   3.53997887e-06
   1169   3.53392633e-06
   1170   3.52788930e-06
   1171   3.78136003e-06
   1172   3.77491132e-06
   1173   3.76847910e-06
   1174   3.76206331e-06
   1175   3.75566388e-06
   1176   3.59513794e-06
   1177   3.58903285e-06
   1178   3.58294329e-06
   1179   3.57686922e-06
   1180   3.57081058e-06
   1181   3.89368257e-06
   1182   3.88709845e-06
   1183   3.88053102e-06
   1184   3.87398022e-06
   1185   3.86744599e-06
   1186   4.01601356e-06
   1187   4.00925117e-06
   1188   4.00250585e-06
   1189   3.99577754e-06
   1190   3.98906618e-06
   1191   3.98407146e-06
   1192   3.97739098e-06
   1193   3.97072729e-06
   1194   3.96408033e-06
   1195   3.95745005e-06
   1196   4.14281821e-06
   1197   4.13590054e-06
   1198   4.12900019e-06
   1199   4.12211709e-06
   1200   4.11525118e-06
   1201   4.08642761e-06
   1202   4.07963247e-06
   1203   4.07285426e-06
   1204   4.06609294e-06
   1205   4.05934844e-06
   1206   4.31568252e-06
   1207   4.30853587e-06
   1208   4.30140696e-06
   1209   4.29429573e-06
   1210   4.28720211e-06
   1211   4.25987114e-06
   1212   4.25284599e-06
   1213   4.24583822e-06
   1214   4.23884774e-06
   1215   4.23187452e-06
   1216   4.35880250e-06
   1217   4.35164372e-06
   1218   4.34450256e-06
   1219   4.33737897e-06
   1220   4.33027288e-06
   1221   4.60544033e-06
   1222   4.59790741e-06
   1223   4.59039296e-06
   1224   4.58289691e-06
   1225   4.57541921e-06
   1226   4.43381800e-06
   1227   4.42659533e-06
   1228   4.41939029e-06
   1229   4.41220283e-06
   1230   4.40503289e-06
   1231   4.83070507e-06
   1232   4.82286778e-06
   1233   4.81504956e-06
   1234   4.80725033e-06
   1235   4.79947004e-06
   1236   4.70402189e-06
   1237   4.69642097e-06
   1238   4.68883846e-06
   1239   4.68127429e-06
   1240   4.67372841e-06
   1241   4.76309430e-06
   1242   4.75542889e-06
   1243   4.74778197e-06
   1244   4.74015348e-06
   1245   4.73254336e-06
   1246   4.94655759e-06
   1247   4.93862883e-06
   1248   4.93071911e-06
   1249   4.92282839e-06
   1250   4.91495658e-06
   1251   4.79001924e-06
   1252   4.78237203e-06
   1253   4.77474312e-06
   1254   4.76713246e-06
   1255   4.75953997e-06
   1256   5.11406219e-06
   1257   5.10593011e-06
   1258   5.09781741e-06
   1259   5.08972403e-06
   1260   5.08164991e-06
   1261   4.81119759e-06
   1262   4.80357740e-06
   1263   4.79597530e-06
   1264   4.78839124e-06
   1265   4.78082514e-06
   1266   5.05338222e-06
   1267   5.04541002e-06
   1268   5.03745666e-06
   1269   5.02952210e-06
   1270   5.02160627e-06
   1271   5.19836301e-06
   1272   5.19019430e-06
   1273   5.18204483e-06
   1274   5.17391454e-06
   1275   5.16580336e-06
   1276   5.07052699e-06
   1277   5.06259034e-06
   1278   5.05467231e-06
   1279   5.04677284e-06
   1280   5.03889188e-06
   1281   5.24109771e-06
   1282   5.23292605e-06
   1283   5.22477349e-06
   1284   5.21663996e-06
   1285   5.20852542e-06
   1286   5.21528194e-06
   1287   5.20718210e-06
   1288   5.19910112e-06
   1289   5.19103894e-06
   1290   5.18299550e-06
   1291   5.47164563e-06
   1292   5.46318051e-06
   1293   5.45473501e-06
   1294   5.44630909e-06
   1295   5.43790267e-06
   1296   5.32612115e-06
   1297   5.31791291e-06
   1298   5.30972363e-06
   1299   5.30155325e-06
   1300   5.29340172e-06
   1301   5.35681944e-06
   1302   5.34859558e-06
   1303   5.34039064e-06
   1304   5.33220457e-06
   1305   5.32403730e-06
   1306   5.32708009e-06
   1307   5.31893315e-06
   1308   5.31080489e-06
   1309   5.30269524e-06
   1310   5.29460416e-06
   1311   5.36139557e-06
   1312   5.35322738e-06
   1313   5.34507784e-06
   1314   5.33694690e-06
   1315   5.32883450e-06
   1316   5.52939553e-06
   1317   5.52100335e-06
   1318   5.51263027e-06
   1319   5.50427622e-06
   1320   5.49594114e-06
   1321   5.46790724e-06
   1322   5.45963975e-06
   1323   5.45139101e-06
   1324   5.44316094e-06
   1325   5.43494950e-06
   1326   5.59957221e-06
   1327   5.59113753e-06
   1328   5.58272190e-06
   1329   5.57432525e-06
   1330   5.56594753e-06
   1331   5.65256323e-06
   1332   5.64408068e-06
   1333   5.63561720e-06
   1334   5.62717275e-06
   1335   5.61874726e-06
   1336   5.77920322e-06
   1337   5.77056303e-06
   1338   5.76194221e-06
   1339   5.75334069e-06
   1340   5.74475842e-06
   1341   5.92186488e-06
   1342   5.91304438e-06
   1343   5.90424357e-06
   1344   5.89546239e-06
   1345   5.88670079e-06
   1346   5.83392483e-06
   1347   5.82526755e-06
   1348   5.81662952e-06
   1349   5.80801070e-06
   1350   5.79941102e-06
   1351   5.90977581e-06
   1352   5.90103838e-06
   1353   5.89232032e-06
   1354   5.88362157e-06
   1355   5.87494206e-06
   1356   5.92862715e-06
   1357   5.91989414e-06
   1358   5.91118040e-06
   1359   5.90248589e-06
   1360   5.89381055e-06
   1361   5.91264294e-06
   1362   5.90396542e-06
   1363   5.89530699e-06
   1364   5.88666760e-06
   1365   5.87804718e-06
   1366   5.94819110e-06
   1367   5.93949333e-06
   1368   5.93081462e-06
   1369   5.92215491e-06
   1370   5.91351416e-06
   1371   6.03384479e-06
   1372   6.02505391e-06
   1373   6.01628222e-06
   1374   6.00752967e-06
   1375   5.99879621e-06
   1376   6.37883701e-06
   1377   6.36957722e-06
   1378   6.36033758e-06
   1379   6.35111803e-06
   1380   6.34191851e-06
   1381   6.21423041e-06
   1382   6.20524219e-06
   1383   6.19627346e-06
   1384   6.18732416e-06
   1385   6.17839423e-06
   1386   6.43598795e-06
   1387   6.42671252e-06
   1388   6.41745713e-06
   1389   6.40822172e-06
   1390   6.39900623e-06
   1391   6.24937297e-06
   1392   6.24039882e-06
   1393   6.23144399e-06
   1394   6.22250842e-06
   1395   6.21359205e-06
   1396   6.55353927e-06
   1397   6.54416200e-06
   1398   6.53480485e-06
   1399   6.52546774e-06
   1400   6.51615064e-06
   1401   6.60771825e-06
   1402   6.59829716e-06
   1403   6.58889621e-06
   1404   6.57951533e-06
   1405   6.57015447e-06
   1406   6.46439736e-06
   1407   6.45521334e-06
   1408   6.44604889e-06
   1409   6.43690394e-06
   1410   6.42777843e-06
   1411   6.61735338e-06
   1412   6.60798534e-06
   1413   6.59863717e-06
   1414   6.58930883e-06
   1415   6.58000025e-06
   1416   6.59540034e-06
   1417   6.58609630e-06
   1418   6.57681193e-06
   1419   6.56754719e-06
   1420   6.55830201e-06
   1421   6.77495256e-06
   1422   6.76542881e-06
   1423   6.75592514e-06
   1424   6.74644148e-06
   1425   6.73697777e-06
   1426   7.09795712e-06
   1427   7.08801427e-06
   1428   7.07809229e-06
   1429   7.06819113e-06
   1430   7.05831073e-06
   1431   7.03561794e-06
   1432   7.02579680e-06
   1433   7.01599621e-06
   1434   7.00621612e-06
   1435   6.99645646e-06
   1436   7.20224654e-06
   1437   7.19222776e-06
   1438   7.18222988e-06
   1439   7.17225283e-06
   1440   7.16229655e-06
   1441   7.10295414e-06
   1442   7.09310773e-06
   1443   7.08328178e-06
   1444   7.07347624e-06
   1445   7.06369104e-06
   1446   7.11659541e-06
   1447   7.10676417e-06
   1448   7.09695328e-06
   1449   7.08716269e-06
   1450   7.07739234e-06
   1451   7.11816580e-06
   1452   7.10836622e-06
   1453   7.09858687e-06
   1454   7.08882769e-06
   1455   7.07908862e-06
   1456   7.00540271e-06
   1457   6.99579145e-06
   1458   6.98619997e-06
   1459   6.97662819e-06
   1460   6.96707607e-06
   1461   7.64818211e-06
   1462   7.63772484e-06
   1463   7.62728901e-06
   1464   7.61687455e-06
   1465   7.60648141e-06
   1466   7.51573067e-06
   1467   7.50548951e-06
   1468   7.49526927e-06
   1469   7.48506989e-06
   1470   7.47489131e-06
   1471   7.94367363e-06
   1472   7.93288610e-06
   1473   7.92212052e-06
   1474   7.91137684e-06
   1475   7.90065500e-06
   1476   7.84810413e-06
   1477   7.83748244e-06
   1478   7.82688230e-06
   1479   7.81630364e-06
   1480   7.80574642e-06
   1481   8.16667913e-06
   1482   8.15566354e-06
   1483   8.14467023e-06
   1484   8.13369913e-06
   1485   8.12275019e-06
   1486   8.54027211e-06
   1487   8.52879132e-06
   1488   8.51733367e-06
   1489   8.50589909e-06
   1490   8.49448752e-06
   1491   8.29322556e-06
   1492   8.28211423e-06
   1493   8.27102520e-06
   1494   8.25995844e-06
   1495   8.24891387e-06
   1496   8.10530425e-06
   1497   8.09448095e-06
   1498   8.08367931e-06
   1499   8.07289927e-06
   1500   8.06214079e-06
   1501   7.65544027e-06
   1502   7.64525169e-06
   1503   7.63508345e-06
   1504   7.62493547e-06
   1505   7.61480771e-06
   1506   7.35311336e-06
   1507   7.34335960e-06
   1508   7.33362524e-06
   1509   7.32391022e-06
   1510   7.31421450e-06
   1511   7.43925424e-06
   1512   7.42941884e-06
   1513   7.41960292e-06
   1514   7.40980645e-06
   1515   7.40002937e-06
   1516   7.63802977e-06
   1517   7.62796483e-06
   1518   7.61791978e-06
   1519   7.60789455e-06
   1520   7.59788910e-06
   1521   8.68504514e-06
   1522   8.67363809e-06
   1523   8.66225350e-06
   1524   8.65089130e-06
   1525   8.63955145e-06
   1526   1.02645569e-05
   1527   1.02511194e-05
   1528   1.02377083e-05
   1529   1.02243235e-05
   1530   1.02109649e-05
   1531   1.14323553e-05
   1532   1.14174379e-05
   1533   1.14025496e-05
   1534   1.13876905e-05
   1535   1.13728603e-05
   1536   1.23912946e-05
   1537   1.23751785e-05
   1538   1.23590938e-05
   1539   1.23430404e-05
   1540   1.23270183e-05
   1541   1.26822071e-05
   1542   1.26657661e-05
   1543   1.26493570e-05
   1544   1.26329798e-05
   1545   1.26166343e-05
   1546   1.40478998e-05
   1547   1.40297471e-05
   1548   1.40116296e-05
   1549   1.39935472e-05
   1550   1.39754997e-05
   1551   1.42277869e-05
   1552   1.42094610e-05
   1553   1.41911705e-05
   1554   1.41729152e-05
   1555   1.41546952e-05
   1556   1.56750659e-05
   1557   1.56549407e-05
   1558   1.56348541e-05
   1559   1.56148062e-05
   1560   1.55947969e-05
   1561   1.68006441e-05
   1562   1.67791427e-05
   1563   1.67576826e-05
   1564   1.67362636e-05
   1565   1.67148856e-05
   1566   1.77391989e-05
   1567   1.77165688e-05
   1568   1.76939819e-05
   1569   1.76714382e-05
   1570   1.76489376e-05
   1571   1.81895310e-05
   1572   1.81664002e-05
   1573   1.81433134e-05
   1574   1.81202706e-05
   1575   1.80972717e-05
   1576   1.75325373e-05
   1577   1.75103126e-05
   1578   1.74881301e-05
   1579   1.74659897e-05
   1580   1.74438913e-05
   1581   1.54679612e-05
   1582   1.54484155e-05
   1583   1.54289068e-05
   1584   1.54094351e-05
   1585   1.53900002e-05
   1586   1.26723911e-05
   1587   1.26564284e-05
   1588   1.26404959e-05
   1589   1.26245934e-05
   1590   1.26087209e-05
   1591   8.14185979e-06
   1592   8.13163614e-06
   1593   8.12143174e-06
   1594   8.11124653e-06
   1595   8.10108047e-06
   1596   1.82326148e-06
   1597   1.82097920e-06
   1598   1.81870119e-06
   1599   1.81642746e-06
   1600   1.81415799e-06
   1601  -5.89794273e-06
   1602  -5.89058295e-06
   1603  -5.88323694e-06
   1604  -5.87590466e-06
   1605  -5.86858609e-06
   1606  -1.32676320e-05
   1607  -1.32511274e-05
   1608  -1.32346536e-05
   1609  -1.32182105e-05
   1610  -1.32017980e-05
   1611  -1.89249027e-05
   1612  -1.89014336e-05
   1613  -1.88780081e-05
   1614  -1.88546262e-05
   1615  -1.88312876e-05
   1616  -2.03537887e-05
   1617  -2.03286256e-05
   1618  -2.03035091e-05
   1619  -2.02784392e-05
   1620  -2.02534157e-05
   1621  -1.71347878e-05
   1622  -1.71136695e-05
   1623  -1.70925904e-05
   1624  -1.70715501e-05
   1625  -1.70505486e-05
   1626  -5.76971989e-06
   1627  -5.76263070e-06
   1628  -5.75555456e-06
   1629  -5.74849145e-06
   1630  -5.74144133e-06
   1631   1.56286652e-05
   1632   1.56095212e-05
   1633   1.55904124e-05
   1634   1.55713386e-05
   1635   1.55522998e-05
   1636   4.77772325e-05
   1637   4.77188875e-05
   1638   4.76606493e-05
   1639   4.76025177e-05
   1640   4.75444924e-05
   1641   9.34937953e-05
   1642   9.33799694e-05
   1643   9.32663512e-05
   1644   9.31529402e-05
   1645   9.30397360e-05
   1646   1.47992318e-04
   1647   1.47812688e-04
   1648   1.47633385e-04
   1649   1.47454409e-04
   1650   1.47275757e-04
   1651   2.15451711e-04
   1652   2.15190992e-04
   1653   2.14930746e-04
   1654   2.14670972e-04
   1655   2.14411668e-04
   1656   2.69902233e-04
   1657   2.69576608e-04
   1658   2.69251572e-04
   1659   2.68927124e-04
   1660   2.68603261e-04
   1661   3.07636814e-04
   1662   3.07266780e-04
   1663   3.06897414e-04
   1664   3.06528713e-04
   1665   3.06160676e-04
   1666   3.45829475e-04
   1667   3.45414749e-04
   1668   3.45000769e-04
   1669   3.44587533e-04
   1670   3.44175038e-04
   1671   3.41418926e-04
   1672   3.41010713e-04
   1673   3.40603232e-04
   1674   3.40196481e-04
   1675   3.39790458e-04
   1676   2.92796932e-04
   1677   2.92447897e-04
   1678   2.92099486e-04
   1679   2.91751696e-04
   1680   2.91404528e-04
   1681   1.53198411e-04
   1682   1.53016330e-04
   1683   1.52834573e-04
   1684   1.52653140e-04
   1685   1.52472030e-04
   1686  -9.68171541e-05
   1687  -9.67024249e-05
   1688  -9.65878994e-05
   1689  -9.64735773e-05
   1690  -9.63594580e-05
   1691  -4.93740486e-04
   1692  -4.93157127e-04
   1693  -4.92574801e-04
   1694  -4.91993506e-04
   1695  -4.91413240e-04
   1696  -1.03323372e-03
   1697  -1.03201654e-03
   1698  -1.03080151e-03
   1699  -1.02958862e-03
   1700  -1.02837788e-03
   1701  -1.63030931e-03
   1702  -1.62839439e-03
   1703  -1.62648285e-03
   1704  -1.62457468e-03
   1705  -1.62266985e-03
   1706  -2.08474871e-03
   1707  -2.08230720e-03
   1708  -2.07986997e-03
   1709  -2.07743702e-03
   1710  -2.07500833e-03
   1711  -2.35009101e-03
   1712  -2.34734677e-03
   1713  -2.34460735e-03
   1714  -2.34187271e-03
   1715  -2.33914286e-03
   1716  -2.44879155e-03
   1717  -2.44594039e-03
   1718  -2.44309420e-03
   1719  -2.44025298e-03
   1720  -2.43741672e-03
   1721  -2.22815473e-03
   1722  -2.22556798e-03
   1723  -2.22298575e-03
   1724  -2.22040800e-03
   1725  -2.21783473e-03
   1726  -1.77335547e-03
   1727  -1.77130268e-03
   1728  -1.76925345e-03
   1729  -1.76720777e-03
   1730  -1.76516564e-03
   1731  -6.59089665e-04
   1732  -6.58328921e-04
   1733  -6.57569494e-04
   1734  -6.56811379e-04
   1735  -6.56054575e-04
   1736   1.30409943e-03
   1737   1.30259852e-03
   1738   1.30110021e-03
   1739   1.29960448e-03
   1740   1.29811132e-03
   1741   4.51485673e-03
   1742   4.50967543e-03
   1743   4.50450304e-03
   1744   4.49933955e-03
   1745   4.49418493e-03
   1746   8.80695824e-03
   1747   8.79688019e-03
   1748   8.78681943e-03
   1749   8.77677591e-03
   1750   8.76674961e-03
   1751   1.39801685e-02
   1752   1.39642163e-02
   1753   1.39482913e-02
   1754   1.39323935e-02
   1755   1.39165230e-02
   1756   1.81011132e-02
   1757   1.80805174e-02
   1758   1.80599568e-02
   1759   1.80394312e-02
   1760   1.80189406e-02
   1761   2.15438787e-02
   1762   2.15194353e-02
   1763   2.14950333e-02
   1764   2.14706729e-02
   1765   2.14463539e-02
   1766   2.27026537e-02
   1767   2.26769683e-02
   1768   2.26513265e-02
   1769   2.26257282e-02
   1770   2.26001732e-02
   1771   2.35932082e-02
   1772   2.35665905e-02
   1773   2.35400179e-02
   1774   2.35134902e-02
   1775   2.34870073e-02
   1776   2.41893651e-02
   1777   2.41621516e-02
   1778   2.41349841e-02
   1779   2.41078623e-02
   1780   2.40807862e-02
   1781   2.29978076e-02
   1782   2.29720072e-02
   1783   2.29462502e-02
   1784   2.29205365e-02
   1785   2.28948660e-02
   1786   2.14659298e-02
   1787   2.14419153e-02
   1788   2.14179411e-02
   1789   2.13940071e-02
   1790   2.13701132e-02
   1791   1.80336677e-02
   1792   1.80135492e-02
   1793   1.79934644e-02
   1794   1.79734132e-02
   1795   1.79533955e-02
   1796   1.37787366e-02
   1797   1.37634078e-02
   1798   1.37481045e-02
   1799   1.37328267e-02
   1800   1.37175743e-02
   1801   8.69265050e-03
   1802   8.68300674e-03
   1803   8.67337901e-03
   1804   8.66376729e-03
   1805   8.65417153e-03
   1806   4.11689994e-03
   1807   4.11234522e-03
   1808   4.10779805e-03
   1809   4.10325842e-03
   1810   4.09872631e-03
   1811   9.49451530e-04
   1812   9.48404004e-04
   1813   9.47358210e-04
   1814   9.46314146e-04
   1815   9.45271806e-04
   1816  -9.82937257e-04
   1817  -9.81855769e-04
   1818  -9.80776065e-04
   1819  -9.79698142e-04
   1820  -9.78621994e-04
   1821  -2.09723473e-03
   1822  -2.09493355e-03
   1823  -2.09263616e-03
   1824  -2.09034255e-03
   1825  -2.08805270e-03
   1826  -2.57276149e-03
   1827  -2.56994626e-03
   1828  -2.56713566e-03
   1829  -2.56432966e-03
   1830  -2.56152827e-03
   1831  -2.74101140e-03
   1832  -2.73802025e-03
   1833  -2.73503400e-03
   1834  -2.73205263e-03
   1835  -2.72907613e-03
   1836  -2.67910344e-03
   1837  -2.67618781e-03
   1838  -2.67327693e-03
   1839  -2.67037080e-03
   1840  -2.66746941e-03
   1841  -2.34424618e-03
   1842  -2.34170189e-03
   1843  -2.33916174e-03
   1844  -2.33662572e-03
   1845  -2.33409382e-03
   1846  -1.83277978e-03
   1847  -1.83079598e-03
   1848  -1.82881540e-03
   1849  -1.82683804e-03
   1850  -1.82486388e-03
   1851  -1.17113226e-03
   1852  -1.16986805e-03
   1853  -1.16860588e-03
   1854  -1.16734576e-03
   1855  -1.16608768e-03
   1856  -5.89619559e-04
   1857  -5.88984792e-04
   1858  -5.88351049e-04
   1859  -5.87718328e-04
   1860  -5.87086628e-04
   1861  -1.66582471e-04
   1862  -1.66403614e-04
   1863  -1.66225046e-04
   1864  -1.66046764e-04
   1865  -1.65868770e-04
   1866   9.81426557e-05
   1867   9.80375639e-05
   1868   9.79326407e-05
   1869   9.78278859e-05
   1870   9.77232991e-05
   1871   2.44411271e-04
   1872   2.44150252e-04
   1873   2.43889652e-04
   1874   2.43629468e-04
   1875   2.43369700e-04
   1876   2.96305710e-04
   1877   2.95990113e-04
   1878   2.95675021e-04
   1879   2.95360431e-04
   1880   2.95046343e-04
   1881   3.07210295e-04
   1882   3.06883953e-04
   1883   3.06558131e-04
   1884   3.06232827e-04
   1885   3.05908041e-04
   1886   2.77289231e-04
   1887   2.76995454e-04
   1888   2.76702143e-04
   1889   2.76409297e-04
   1890   2.76116917e-04
   1891   2.33884823e-04
   1892   2.33637685e-04
   1893   2.33390939e-04
   1894   2.33144584e-04
   1895   2.32898618e-04
   1896   1.78183622e-04
   1897   1.77995838e-04
   1898   1.77808350e-04
   1899   1.77621159e-04
   1900   1.77434263e-04
   1901   1.06570408e-04
   1902   1.06458390e-04
   1903   1.06346550e-04
   1904   1.06234885e-04
   1905   1.06123396e-04
   1906   4.75793814e-05
   1907   4.75295013e-05
   1908   4.74796996e-05
   1909   4.74299762e-05
   1910   4.73803308e-05
   1911   1.17506578e-06
   1912   1.17383712e-06
   1913   1.17261038e-06
   1914   1.17138556e-06
   1915   1.17016266e-06
   1916  -3.17012714e-05
   1917  -3.16682105e-05
   1918  -3.16352013e-05
   1919  -3.16022436e-05
   1920  -3.15693375e-05
   1921  -5.26670406e-05
   1922  -5.26122576e-05
   1923  -5.25575600e-05
   1924  -5.25029477e-05
   1925  -5.24484204e-05
   1926  -6.28445283e-05
   1927  -6.27793284e-05
   1928  -6.27142299e-05
   1929  -6.26492327e-05
   1930  -6.25843364e-05
   1931  -6.68188999e-05
   1932  -6.67497560e-05
   1933  -6.66807194e-05
   1934  -6.66117899e-05
   1935  -6.65429671e-05
   1936  -6.22893020e-05
   1937  -6.22250117e-05
   1938  -6.21608208e-05
   1939  -6.20967292e-05
   1940  -6.20327367e-05
   1941  -5.51114508e-05
   1942  -5.50547153e-05
   1943  -5.49980674e-05
   1944  -5.49415068e-05
   1945  -5.48850335e-05
   1946  -4.48783665e-05
   1947  -4.48322842e-05
   1948  -4.47862729e-05
   1949  -4.47403324e-05
   1950  -4.46944625e-05
   1951  -3.22830172e-05
   1952  -3.22499530e-05
   1953  -3.22169397e-05
   1954  -3.21839769e-05
   1955  -3.21510648e-05
   1956  -2.36441010e-05
   1957  -2.36199467e-05
   1958  -2.35958293e-05
   1959  -2.35717489e-05
   1960  -2.35477053e-05
   1961  -1.57000247e-05
   1962  -1.56840267e-05
   1963  -1.56680532e-05
   1964  -1.56521040e-05
   1965  -1.56361792e-05
   1966  -1.16263346e-05
   1967  -1.16145177e-05
   1968  -1.16027188e-05
   1969  -1.15909379e-05
   1970  -1.15791749e-05
   1971  -8.84889789e-06
   1972  -8.83992676e-06
   1973  -8.83096927e-06
   1974  -8.82202539e-06
   1975  -8.81309508e-06
   1976  -7.53644375e-06
   1977  -7.52882252e-06
   1978  -7.52121284e-06
   1979  -7.51361470e-06
   1980  -7.50602806e-06
   1981  -7.47063617e-06
   1982  -7.46310054e-06
   1983  -7.45557630e-06
   1984  -7.44806344e-06
   1985  -7.44056193e-06
   1986  -7.84091011e-06
   1987  -7.83302088e-06
   1988  -7.82514355e-06
   1989  -7.81727809e-06
   1990  -7.80942449e-06
   1991  -8.48936094e-06
   1992  -8.48084069e-06
   1993  -8.47233327e-06
   1994  -8.46383863e-06
   1995  -8.45535677e-06
   1996  -8.44796483e-06
   1997  -8.43950735e-06
   1998  -8.43106256e-06
   1999  -8.42263045e-06
   2000  -8.41421098e-06
   2001  -8.23982524e-06
   2002  -8.23159673e-06
   2003  -8.22338054e-06
   2004  -8.21517664e-06
   2005  -8.20698502e-06
   2006  -8.09882289e-06
   2007  -8.09075533e-06
   2008  -8.08269982e-06
   2009  -8.07465633e-06
   2010  -8.06662485e-06
   2011  -8.10426581e-06
   2012  -8.09621288e-06
   2013  -8.08817195e-06
   2014  -8.08014299e-06
   2015  -8.07212599e-06
   2016  -8.79636883e-06
   2017  -8.78764984e-06
   2018  -8.77894381e-06
   2019  -8.77025071e-06
   2020  -8.76157052e-06
   2021  -9.47231984e-06
   2022  -9.46295406e-06
   2023  -9.45360216e-06
   2024  -9.44426412e-06
   2025  -9.43493990e-06
   2026  -1.01128847e-05
   2027  -1.01029102e-05
   2028  -1.00929504e-05
   2029  -1.00830054e-05
   2030  -1.00730751e-05
   2031  -1.08715140e-05
   2032  -1.08608176e-05
   2033  -1.08501370e-05
   2034  -1.08394722e-05
   2035  -1.08288231e-05
   2036  -1.06334096e-05
   2037  -1.06229732e-05
   2038  -1.06125521e-05
   2039  -1.06021464e-05
   2040  -1.05917559e-05
   2041  -1.04890577e-05
   2042  -1.04787882e-05
   2043  -1.04685337e-05
   2044  -1.04582943e-05
   2045  -1.04480699e-05
   2046  -9.37357256e-06
   2047  -9.36441756e-06
   2048  -9.35527597e-06
   2049  -9.34614776e-06
   2050  -9.33703290e-06
   2051  -8.48333632e-06
   2052  -8.47507098e-06
   2053  -8.46681772e-06
   2054  -8.45857650e-06
   2055  -8.45034732e-06
   2056  -7.78113810e-06
   2057  -7.77357534e-06
   2058  -7.76602359e-06
   2059  -7.75848285e-06
   2060  -7.75095308e-06
   2061  -7.28104688e-06
   2062  -7.27398733e-06
   2063  -7.26693804e-06
   2064  -7.25989899e-06
   2065  -7.25287016e-06
   2066  -7.14703755e-06
   2067  -7.14012468e-06
   2068  -7.13322184e-06
   2069  -7.12632901e-06
   2070  -7.11944616e-06
   2071  -6.91582624e-06
   2072  -6.90915314e-06
   2073  -6.90248971e-06
   2074  -6.89583590e-06
   2075  -6.88919172e-06
   2076  -7.13817922e-06
   2077  -7.13130815e-06
   2078  -7.12444700e-06
   2079  -7.11759575e-06
   2080  -7.11075437e-06
   2081  -7.20848056e-06
   2082  -7.20155848e-06
   2083  -7.19464637e-06
   2084  -7.18774420e-06
   2085  -7.18085196e-06
   2086  -7.35318727e-06
   2087  -7.34614315e-06
   2088  -7.33910914e-06
   2089  -7.33208523e-06
   2090  -7.32507140e-06
   2091  -7.05254120e-06
   2092  -7.04580123e-06
   2093  -7.03907091e-06
   2094  -7.03235023e-06
   2095  -7.02563918e-06
   2096  -7.00623607e-06
   2097  -6.99955631e-06
   2098  -6.99288609e-06
   2099  -6.98622541e-06
   2100  -6.97957424e-06
   2101  -6.75411081e-06
   2102  -6.74768674e-06
   2103  -6.74127183e-06
   2104  -6.73486606e-06
   2105  -6.72846942e-06
   2106  -6.42079171e-06
   2107  -6.41469916e-06
   2108  -6.40861527e-06
   2109  -6.40254004e-06
   2110  -6.39647343e-06
   2111  -6.36474366e-06
   2112  -6.35871858e-06
   2113  -6.35270205e-06
   2114  -6.34669406e-06
   2115  -6.34069459e-06
   2116  -6.29368018e-06
   2117  -6.28773644e-06
   2118  -6.28180111e-06
   2119  -6.27587419e-06
   2120  -6.26995565e-06
   2121  -6.27825880e-06
   2122  -6.27234359e-06
   2123  -6.26643673e-06
   2124  -6.26053822e-06
   2125  -6.25464802e-06
   2126  -6.28231151e-06
   2127  -6.27640639e-06
   2128  -6.27050959e-06
   2129  -6.26462110e-06
   2130  -6.25874090e-06
   2131  -6.33967642e-06
   2132  -6.33373135e-06
   2133  -6.32779464e-06
   2134  -6.32186627e-06
   2135  -6.31594622e-06
   2136  -6.45425233e-06
   2137  -6.44821397e-06
   2138  -6.44218408e-06
   2139  -6.43616264e-06
   2140  -6.43014964e-06
   2141  -6.30481335e-06
   2142  -6.29892857e-06
   2143  -6.29305201e-06
   2144  -6.28718368e-06
   2145  -6.28132356e-06
   2146  -6.11983894e-06
   2147  -6.11414010e-06
   2148  -6.10844922e-06
   2149  -6.10276628e-06
   2150  -6.09709127e-06
   2151  -5.77351115e-06
   2152  -5.76814730e-06
   2153  -5.76279093e-06
   2154  -5.75744201e-06
   2155  -5.75210053e-06
   2156  -5.64146529e-06
   2157  -5.63623626e-06
   2158  -5.63101451e-06
   2159  -5.62580000e-06
   2160  -5.62059273e-06
   2161  -5.75813641e-06
   2162  -5.75281158e-06
   2163  -5.74749413e-06
   2164  -5.74218405e-06
   2165  -5.73688133e-06
   2166  -5.56953518e-06
   2167  -5.56439664e-06
   2168  -5.55926521e-06
   2169  -5.55414087e-06
   2170  -5.54902361e-06
   2171  -5.67566358e-06
   2172  -5.67043918e-06
   2173  -5.66522198e-06
   2174  -5.66001198e-06
   2175  -5.65480917e-06
   2176  -5.58245047e-06
   2177  -5.57732366e-06
   2178  -5.57220391e-06
   2179  -5.56709121e-06
   2180  -5.56198555e-06
   2181  -5.69928794e-06
   2182  -5.69406582e-06
   2183  -5.68885088e-06
   2184  -5.68364309e-06
   2185  -5.67844246e-06
   2186  -5.72874382e-06
   2187  -5.72350671e-06
   2188  -5.71827678e-06
   2189  -5.71305401e-06
   2190  -5.70783840e-06
   2191  -5.54487693e-06
   2192  -5.53981947e-06
   2193  -5.53476892e-06
   2194  -5.52972527e-06
   2195  -5.52468852e-06
   2196  -5.52671863e-06
   2197  -5.52168919e-06
   2198  -5.51666662e-06
   2199  -5.51165090e-06
   2200  -5.50664202e-06
   2201  -5.21693929e-06
   2202  -5.21220254e-06
   2203  -5.20747224e-06
   2204  -5.20274837e-06
   2205  -5.19803093e-06
   2206  -5.19589705e-06
   2207  -5.19119009e-06
   2208  -5.18648952e-06
   2209  -5.18179534e-06
   2210  -5.17710752e-06
   2211  -5.07529653e-06
   2212  -5.07070921e-06
   2213  -5.06612811e-06
   2214  -5.06155321e-06
   2215  -5.05698451e-06
   2216  -5.00574714e-06
   2217  -5.00123288e-06
   2218  -4.99672473e-06
   2219  -4.99222267e-06
   2220  -4.98772669e-06
   2221  -5.13042132e-06
   2222  -5.12580504e-06
   2223  -5.12119498e-06
   2224  -5.11659114e-06
   2225  -5.11199351e-06
   2226  -5.04344451e-06
   2227  -5.03891667e-06
   2228  -5.03439493e-06
   2229  -5.02987927e-06
   2230  -5.02536968e-06
   2231  -5.14517182e-06
   2232  -5.14056300e-06
   2233  -5.13596037e-06
   2234  -5.13136392e-06
   2235  -5.12677363e-06
   2236  -5.12104349e-06
   2237  -5.11646653e-06
   2238  -5.11189571e-06
   2239  -5.10733100e-06
   2240  -5.10277241e-06
   2241  -4.93372647e-06
   2242  -4.92932676e-06
   2243  -4.92493293e-06
   2244  -4.92054497e-06
   2245  -4.91616288e-06
   2246  -5.05289045e-06
   2247  -5.04839450e-06
   2248  -5.04390454e-06
   2249  -5.03942057e-06
   2250  -5.03494258e-06
   2251  -4.72731624e-06
   2252  -4.72311931e-06
   2253  -4.71892797e-06
   2254  -4.71474220e-06
   2255  -4.71056200e-06
   2256  -4.67835694e-06
   2257  -4.67421268e-06
   2258  -4.67007392e-06
   2259  -4.66594065e-06
   2260  -4.66181287e-06
   2261  -4.57139522e-06
   2262  -4.56735465e-06
   2263  -4.56331944e-06
   2264  -4.55928958e-06
   2265  -4.55526505e-06
   2266  -4.56739960e-06
   2267  -4.56337146e-06
   2268  -4.55934866e-06
   2269  -4.55533117e-06
   2270  -4.55131898e-06
   2271  -4.63385952e-06
   2272  -4.62978176e-06
   2273  -4.62570939e-06
   2274  -4.62164238e-06
   2275  -4.61758074e-06
   2276  -4.51435290e-06
   2277  -4.51038903e-06
   2278  -4.50643038e-06
   2279  -4.50247693e-06
   2280  -4.49852869e-06
   2281  -4.66896259e-06
   2282  -4.66487194e-06
   2283  -4.66078667e-06
   2284  -4.65670676e-06
   2285  -4.65263220e-06
   2286  -4.58922757e-06
   2287  -4.58521557e-06
   2288  -4.58120882e-06
   2289  -4.57720733e-06
   2290  -4.57321108e-06
   2291  -4.50926375e-06
   2292  -4.50533025e-06
   2293  -4.50140190e-06
   2294  -4.49747868e-06
   2295  -4.49356059e-06
   2296  -4.37921770e-06
   2297  -4.37540596e-06
   2298  -4.37159919e-06
   2299  -4.36779739e-06
   2300  -4.36400054e-06
   2301  -4.18298335e-06
   2302  -4.17935031e-06
   2303  -4.17572201e-06
   2304  -4.17209843e-06
   2305  -4.16847957e-06
   2306  -4.22059028e-06
   2307  -4.21693252e-06
   2308  -4.21327952e-06
   2309  -4.20963127e-06
   2310  -4.20598775e-06
   2311  -4.03716187e-06
   2312  -4.03367065e-06
   2313  -4.03018395e-06
   2314  -4.02670178e-06
   2315  -4.02322411e-06
   2316  -4.05015826e-06
   2317  -4.04666336e-06
   2318  -4.04317298e-06
   2319  -4.03968711e-06
   2320  -4.03620574e-06
   2321  -4.01276996e-06
   2322  -4.00931478e-06
   2323  -4.00586405e-06
   2324  -4.00241777e-06
   2325  -3.99897594e-06
   2326  -4.03341102e-06
   2327  -4.02994551e-06
   2328  -4.02648448e-06
   2329  -4.02302790e-06
   2330  -4.01957577e-06
   2331  -4.07168228e-06
   2332  -4.06819140e-06
   2333  -4.06470500e-06
   2334  -4.06122308e-06
   2335  -4.05774563e-06
   2336  -3.93753493e-06
   2337  -3.93416628e-06
   2338  -3.93080194e-06
   2339  -3.92744193e-06
   2340  -3.92408621e-06
   2341  -3.90612792e-06
   2342  -3.90279327e-06
   2343  -3.89946289e-06
   2344  -3.89613676e-06
   2345  -3.89281490e-06
   2346  -3.74978844e-06
   2347  -3.74659407e-06
   2348  -3.74340378e-06
   2349  -3.74021757e-06
   2350  -3.73703542e-06
   2351  -3.59942088e-06
   2352  -3.59636113e-06
   2353  -3.59330527e-06
   2354  -3.59025331e-06
   2355  -3.58720523e-06
   2356  -3.38696563e-06
   2357  -3.38409258e-06
   2358  -3.38122319e-06
   2359  -3.37835744e-06
   2360  -3.37549534e-06
   2361  -3.28748150e-06
   2362  -3.28469874e-06
   2363  -3.28191951e-06
   2364  -3.27914381e-06
   2365  -3.27637163e-06
   2366  -3.31150086e-06
   2367  -3.30870368e-06
   2368  -3.30591006e-06
   2369  -3.30311996e-06
   2370  -3.30033340e-06
   2371  -3.27182069e-06
   2372  -3.26906286e-06
   2373  -3.26630852e-06
   2374  -3.26355765e-06
   2375  -3.26081026e-06
   2376  -3.28732452e-06
   2377  -3.28455945e-06
   2378  -3.28179787e-06
   2379  -3.27903976e-06
   2380  -3.27628513e-06
   2381  -3.28061830e-06
   2382  -3.27786466e-06
   2383  -3.27511449e-06
   2384  -3.27236777e-06
   2385  -3.26962451e-06
   2386  -3.20991965e-06
   2387  -3.20723099e-06
   2388  -3.20454571e-06
   2389  -3.20186380e-06
   2390  -3.19918526e-06
   2391  -3.23015481e-06
   2392  -3.22745486e-06
   2393  -3.22475829e-06
   2394  -3.22206510e-06
   2395  -3.21937528e-06
   2396  -3.01639187e-06
   2397  -3.01387585e-06
   2398  -3.01136298e-06
   2399  -3.00885324e-06
   2400  -3.00634665e-06
   2401  -2.94181091e-06
   2402  -2.93936221e-06
   2403  -2.93691656e-06
   2404  -2.93447396e-06
   2405  -2.93203441e-06
   2406  -2.79696698e-06
   2407  -2.79464367e-06
   2408  -2.79232326e-06
   2409  -2.79000574e-06
   2410  -2.78769110e-06
   2411  -2.74971743e-06
   2412  -2.74743811e-06
   2413  -2.74516162e-06
   2414  -2.74288796e-06
   2415  -2.74061712e-06
   2416  -2.73705926e-06
   2417  -2.73479512e-06
   2418  -2.73253379e-06
   2419  -2.73027527e-06
   2420  -2.72801954e-06
   2421  -2.68345029e-06
   2422  -2.68123508e-06
   2423  -2.67902262e-06
   2424  -2.67681289e-06
   2425  -2.67460589e-06
   2426  -2.72317941e-06
   2427  -2.72093604e-06
   2428  -2.71869543e-06
   2429  -2.71645759e-06
   2430  -2.71422251e-06
   2431  -2.65816724e-06
   2432  -2.65598192e-06
   2433  -2.65379930e-06
   2434  -2.65161936e-06
   2435  -2.64944211e-06
   2436  -2.66056879e-06
   2437  -2.65838598e-06
   2438  -2.65620586e-06
   2439  -2.65402842e-06
   2440  -2.65185365e-06
   2441  -2.59525654e-06
   2442  -2.59313167e-06
   2443  -2.59100942e-06
   2444  -2.58888977e-06
   2445  -2.58677271e-06
   2446  -2.43337169e-06
   2447  -2.43138344e-06
   2448  -2.42939762e-06
   2449  -2.42741424e-06
   2450  -2.42543328e-06
   2451  -2.33722811e-06
   2452  -2.33532231e-06
   2453  -2.33341884e-06
   2454  -2.33151769e-06
   2455  -2.32961887e-06
   2456  -2.21760499e-06
   2457  -2.21580041e-06
   2458  -2.21399803e-06
   2459  -2.21219785e-06
   2460  -2.21039987e-06
   2461  -2.14699601e-06
   2462  -2.14525243e-06
   2463  -2.14351098e-06
   2464  -2.14177165e-06
   2465  -2.14003443e-06
   2466  -2.08580959e-06
   2467  -2.08411914e-06
   2468  -2.08243074e-06
   2469  -2.08074439e-06
   2470  -2.07906009e-06
   2471  -2.03557084e-06
   2472  -2.03392444e-06
   2473  -2.03228004e-06
   2474  -2.03063762e-06
   2475  -2.02899720e-06
   2476  -2.05291763e-06
   2477  -2.05126055e-06
   2478  -2.04960548e-06
   2479  -2.04795240e-06
   2480  -2.04630133e-06
   2481  -2.00008562e-06
   2482  -1.99847444e-06
   2483  -1.99686520e-06
   2484  -1.99525790e-06
   2485  -1.99365255e-06
   2486  -2.01455485e-06
   2487  -2.01293527e-06
   2488  -2.01131764e-06
   2489  -2.00970197e-06
   2490  -2.00808823e-06
   2491  -1.94121573e-06
   2492  -1.93965824e-06
   2493  -1.93810263e-06
   2494  -1.93654888e-06
   2495  -1.93499701e-06
   2496  -1.85059146e-06
   2497  -1.84910965e-06
   2498  -1.84762963e-06
   2499  -1.84615138e-06
   2500  -1.84467490e-06
   2501  -1.74613784e-06
   2502  -1.74474246e-06
   2503  -1.74334876e-06
   2504  -1.74195673e-06
   2505  -1.74056636e-06
   2506  -1.62897461e-06
   2507  -1.62767546e-06
   2508  -1.62637786e-06
   2509  -1.62508181e-06
   2510  -1.62378731e-06
   2511  -1.62957715e-06
   2512  -1.62828010e-06
   2513  -1.62698460e-06
   2514  -1.62569065e-06
   2515  -1.62439824e-06
   2516  -1.56749262e-06
   2517  -1.56624747e-06
   2518  -1.56500380e-06
   2519  -1.56376161e-06
   2520  -1.56252090e-06
   2521  -1.56243311e-06
   2522  -1.56119444e-06
   2523  -1.55995723e-06
   2524  -1.55872150e-06
   2525  -1.55748724e-06
   2526  -1.53526011e-06
   2527  -1.53404538e-06
   2528  -1.53283210e-06
   2529  -1.53162026e-06
   2530  -1.53040985e-06
   2531  -1.52015982e-06
   2532  -1.51895942e-06
   2533  -1.51776043e-06
   2534  -1.51656287e-06
   2535  -1.51536673e-06
   2536  -1.51168155e-06
   2537  -1.51049020e-06
   2538  -1.50930025e-06
   2539  -1.50811171e-06
   2540  -1.50692457e-06
   2541  -1.44358068e-06
   2542  -1.44244523e-06
   2543  -1.44131112e-06
   2544  -1.44017835e-06
   2545  -1.43904691e-06
   2546  -1.37353897e-06
   2547  -1.37246073e-06
   2548  -1.37138376e-06
   2549  -1.37030806e-06
   2550  -1.36923363e-06
   2551  -1.24191697e-06
   2552  -1.24094396e-06
   2553  -1.23997210e-06
   2554  -1.23900138e-06
   2555  -1.23803181e-06
   2556  -1.17745584e-06
   2557  -1.17653514e-06
   2558  -1.17561553e-06
   2559  -1.17469699e-06
   2560  -1.17377952e-06
   2561  -1.12134991e-06
   2562  -1.12047480e-06
   2563  -1.11960071e-06
   2564  -1.11872764e-06
   2565  -1.11785559e-06
   2566  -1.08319557e-06
   2567  -1.08235188e-06
   2568  -1.08150917e-06
   2569  -1.08066745e-06
   2570  -1.07982670e-06
   2571  -1.08644249e-06
   2572  -1.08559791e-06
   2573  -1.08475432e-06
   2574  -1.08391171e-06
   2575  -1.08307008e-06
   2576  -1.04578450e-06
   2577  -1.04497311e-06
   2578  -1.04416266e-06
   2579  -1.04335315e-06
   2580  -1.04254459e-06
   2581  -1.05177936e-06
   2582  -1.05096490e-06
   2583  -1.05015138e-06
   2584  -1.04933881e-06
   2585  -1.04852717e-06
   2586  -1.02674154e-06
   2587  -1.02594800e-06
   2588  -1.02515538e-06
   2589  -1.02436367e-06
   2590  -1.02357289e-06
   2591  -9.86836782e-07
   2592  -9.86075554e-07
   2593  -9.85315206e-07
   2594  -9.84555738e-07
   2595  -9.83797148e-07
   2596  -9.34908533e-07
   2597  -9.34188750e-07
   2598  -9.33469797e-07
   2599  -9.32751675e-07
   2600  -9.32034380e-07
   2601  -8.46230717e-07
   2602  -8.45580458e-07
   2603  -8.44930949e-07
   2604  -8.44282187e-07
   2605  -8.43634172e-07
   2606  -8.10349491e-07
   2607  -8.09727998e-07
   2608  -8.09107220e-07
   2609  -8.08487155e-07
   2610  -8.07867802e-07
   2611  -7.58676660e-07
   2612  -7.58095911e-07
   2613  -7.57515828e-07
   2614  -7.56936411e-07
   2615  -7.56357658e-07
   2616  -7.51195472e-07
   2617  -7.50621548e-07
   2618  -7.50048281e-07
   2619  -7.49475670e-07
   2620  -7.48903715e-07
   2621  -7.21176032e-07
   2622  -7.20626093e-07
   2623  -7.20076783e-07
   2624  -7.19528101e-07
   2625  -7.18980046e-07
   2626  -7.19070843e-07
   2627  -7.18523553e-07
   2628  -7.17976887e-07
   2629  -7.17430845e-07
   2630  -7.16885426e-07
   2631  -7.21714977e-07
   2632  -7.21166718e-07
   2633  -7.20619083e-07
   2634  -7.20072072e-07
   2635  -7.19525683e-07
   2636  -6.90487319e-07
   2637  -6.89963776e-07
   2638  -6.89440828e-07
   2639  -6.88918475e-07
   2640  -6.88396716e-07
   2641  -6.61430154e-07
   2642  -6.60929592e-07
   2643  -6.60429598e-07
   2644  -6.59930171e-07
   2645  -6.59431311e-07
   2646  -6.13442896e-07
   2647  -6.12979527e-07
   2648  -6.12516683e-07
   2649  -6.12054362e-07
   2650  -6.11592565e-07
   2651  -5.55218036e-07
   2652  -5.54799438e-07
   2653  -5.54381313e-07
   2654  -5.53963660e-07
   2655  -5.53546480e-07
   2656  -5.22211488e-07
   2657  -5.21818516e-07
   2658  -5.21425986e-07
   2659  -5.21033900e-07
   2660  -5.20642256e-07
   2661  -4.74125823e-07
   2662  -4.73769706e-07
   2663  -4.73413990e-07
   2664  -4.73058674e-07
   2665  -4.72703758e-07
   2666  -4.69805295e-07
   2667  -4.69453084e-07
   2668  -4.69101269e-07
   2669  -4.68749850e-07
   2670  -4.68398825e-07
   2671  -4.52724934e-07
   2672  -4.52386163e-07
   2673  -4.52047772e-07
   2674  -4.51709761e-07
   2675  -4.51372129e-07
   2676  -4.39478679e-07
   2677  -4.39150434e-07
   2678  -4.38822557e-07
   2679  -4.38495047e-07
   2680  -4.38167903e-07
   2681  -4.42769651e-07
   2682  -4.42439565e-07
   2683  -4.42109847e-07
   2684  -4.41780498e-07
   2685  -4.41451517e-07
   2686  -4.25573524e-07
   2687  -4.25256848e-07
   2688  -4.24940524e-07
   2689  -4.24624554e-07
   2690  -4.24308936e-07
   2691  -4.15932579e-07
   2692  -4.15623651e-07
   2693  -4.15315067e-07
   2694  -4.15006827e-07
   2695  -4.14698930e-07
   2696  -3.76203568e-07
   2697  -3.75924666e-07
   2698  -3.75646075e-07
   2699  -3.75367793e-07
   2700  -3.75089820e-07
   2701  -3.51379818e-07
   2702  -3.51119801e-07
   2703  -3.50860073e-07
   2704  -3.50600633e-07
   2705  -3.50341481e-07
   2706  -3.26556066e-07
   2707  -3.26314865e-07
   2708  -3.26073931e-07
   2709  -3.25833263e-07
   2710  -3.25592863e-07
   2711  -3.07624635e-07
   2712  -3.07397836e-07
   2713  -3.07171288e-07
   2714  -3.06944990e-07
   2715  -3.06718942e-07
   2716  -3.03296202e-07
   2717  -3.03073006e-07
   2718  -3.02850055e-07
   2719  -3.02627351e-07
   2720  -3.02404892e-07
   2721  -2.85881682e-07
   2722  -2.85671687e-07
   2723  -2.85461923e-07
   2724  -2.85252391e-07
   2725  -2.85043089e-07
   2726  -2.87527773e-07
   2727  -2.87316956e-07
   2728  -2.87106371e-07
   2729  -2.86896017e-07
   2730  -2.86685895e-07
   2731  -2.82304892e-07
   2732  -2.82098283e-07
   2733  -2.81891901e-07
   2734  -2.81685746e-07
   2735  -2.81479816e-07
   2736  -2.68194328e-07
   2737  -2.67998405e-07
   2738  -2.67802696e-07
   2739  -2.67607202e-07
   2740  -2.67411921e-07
   2741  -2.61564242e-07
   2742  -2.61373511e-07
   2743  -2.61182988e-07
   2744  -2.60992673e-07
   2745  -2.60802567e-07
   2746  -2.35066485e-07
   2747  -2.34895388e-07
   2748  -2.34724477e-07
   2749  -2.34553753e-07
   2750  -2.34383215e-07
   2751  -2.16061772e-07
   2752  -2.15904793e-07
   2753  -2.15747985e-07
   2754  -2.15591348e-07
   2755  -2.15434882e-07
   2756  -1.96047825e-07
   2757  -1.95905645e-07
   2758  -1.95763620e-07
   2759  -1.95621750e-07
   2760  -1.95480033e-07
   2761  -1.81782270e-07
   2762  -1.81650675e-07
   2763  -1.81519223e-07
   2764  -1.81387913e-07
   2765  -1.81256746e-07
   2766  -1.74816103e-07
   2767  -1.74689780e-07
   2768  -1.74563593e-07
   2769  -1.74437543e-07
   2770  -1.74311629e-07
   2771  -1.65212160e-07
   2772  -1.65092992e-07
   2773  -1.64973952e-07
   2774  -1.64855041e-07
   2775  -1.64736259e-07
   2776  -1.67020008e-07
   2777  -1.66899753e-07
   2778  -1.66779627e-07
   2779  -1.66659631e-07
   2780  -1.66539764e-07
   2781  -1.59463515e-07
   2782  -1.59348907e-07
   2783  -1.59234422e-07
   2784  -1.59120060e-07
   2785  -1.59005821e-07
   2786  -1.57827012e-07
   2787  -1.57713783e-07
   2788  -1.57600675e-07
   2789  -1.57487690e-07
   2790  -1.57374826e-07
   2791  -1.51958153e-07
   2792  -1.51849330e-07
   2793  -1.51740624e-07
   2794  -1.51632034e-07
   2795  -1.51523561e-07
   2796  -1.42039402e-07
   2797  -1.41937864e-07
   2798  -1.41836434e-07
   2799  -1.41735114e-07
   2800  -1.41633901e-07
   2801  -1.33154454e-07
   2802  -1.33059437e-07
   2803  -1.32964522e-07
   2804  -1.32869708e-07
   2805  -1.32774996e-07
   2806  -1.22159426e-07
   2807  -1.22072410e-07
   2808  -1.21985487e-07
   2809  -1.21898657e-07
   2810  -1.21811920e-07
   2811  -1.17690309e-07
   2812  -1.17606626e-07
   2813  -1.17523032e-07
   2814  -1.17439527e-07
   2815  -1.17356110e-07
   2816  -1.15559147e-07
   2817  -1.15477125e-07
   2818  -1.15395190e-07
   2819  -1.15313342e-07
   2820  -1.15231581e-07
   2821  -1.12533751e-07
   2822  -1.12454018e-07
   2823  -1.12374369e-07
   2824  -1.12294805e-07
   2825  -1.12215326e-07
   2826  -1.11173066e-07
   2827  -1.11094436e-07
   2828  -1.11015890e-07
   2829  -1.10937426e-07
   2830  -1.10859046e-07
   2831  -1.09084425e-07
   2832  -1.09007409e-07
   2833  -1.08930474e-07
   2834  -1.08853620e-07
   2835  -1.08776848e-07
   2836  -1.08740360e-07
   2837  -1.08663721e-07
   2838  -1.08587164e-07
   2839  -1.08510687e-07
   2840  -1.08434292e-07
   2841  -1.05759080e-07
   2842  -1.05684674e-07
   2843  -1.05610346e-07
   2844  -1.05536097e-07
   2845  -1.05461926e-07
   2846  -1.02675813e-07
   2847  -1.02603703e-07
   2848  -1.02531669e-07
   2849  -1.02459710e-07
   2850  -1.02387828e-07
   2851  -9.90287521e-08
   2852  -9.89593253e-08
   2853  -9.88899714e-08
   2854  -9.88206904e-08
   2855  -9.87514822e-08
   2856  -9.61016643e-08
   2857  -9.60344074e-08
   2858  -9.59672211e-08
   2859  -9.59001053e-08
   2860  -9.58330599e-08
   2861  -9.50002746e-08
   2862  -9.49339047e-08
   2863  -9.48676043e-08
   2864  -9.48013733e-08
   2865  -9.47352117e-08
   2866  -9.32228260e-08
   2867  -9.31578114e-08
   2868  -9.30928647e-08
   2869  -9.30279860e-08
   2870  -9.29631751e-08
   2871  -9.22257888e-08
   2872  -9.21615814e-08
   2873  -9.20974411e-08
   2874  -9.20333678e-08
   2875  -9.19693613e-08
   2876  -9.02530131e-08
   2877  -9.01902884e-08
   2878  -9.01276291e-08
   2879  -9.00650350e-08
   2880  -9.00025062e-08
   2881  -9.04594017e-08
   2882  -9.03966426e-08
   2883  -9.03339488e-08
   2884  -9.02713202e-08
   2885  -9.02087566e-08
   2886  -9.06336298e-08
   2887  -9.05708587e-08
   2888  -9.05081528e-08
   2889  -9.04455120e-08
   2890  -9.03829362e-08
   2891  -9.12084715e-08
   2892  -9.11454115e-08
   2893  -9.10824168e-08
   2894  -9.10194874e-08
   2895  -9.09566233e-08
   2896  -9.28461445e-08
   2897  -9.27820630e-08
   2898  -9.27180478e-08
   2899  -9.26540988e-08
   2900  -9.25902159e-08
   2901  -9.21115725e-08
   2902  -9.20481075e-08
   2903  -9.19847080e-08
   2904  -9.19213740e-08
   2905  -9.18581054e-08
   2906  -9.35941280e-08
   2907  -9.35297524e-08
   2908  -9.34654431e-08
   2909  -9.34012002e-08
   2910  -9.33370235e-08
   2911  -9.19807789e-08
   2912  -9.19176216e-08
   2913  -9.18545292e-08
   2914  -9.17915019e-08
   2915  -9.17285393e-08
   2916  -9.23493136e-08
   2917  -9.22860119e-08
   2918  -9.22227752e-08
   2919  -9.21596036e-08
   2920  -9.20964968e-08
   2921  -9.42920343e-08
   2922  -9.42275115e-08
   2923  -9.41630549e-08
   2924  -9.40986644e-08
   2925  -9.40343399e-08
   2926  -9.19629537e-08
   2927  -9.19001321e-08
   2928  -9.18373749e-08
   2929  -9.17746819e-08
   2930  -9.17120531e-08
   2931  -9.42575786e-08
   2932  -9.41932993e-08
   2933  -9.41290857e-08
   2934  -9.40649377e-08
   2935  -9.40008554e-08
   2936  -9.42546226e-08
   2937  -9.41904547e-08
   2938  -9.41263523e-08
   2939  -9.40623153e-08
   2940  -9.39983437e-08
   2941  -9.55395074e-08
   2942  -9.54745753e-08
   2943  -9.54097093e-08
   2944  -9.53449095e-08
   2945  -9.52801756e-08
   2946  -1.00119711e-07
   2947  -1.00051782e-07
   2948  -9.99839213e-08
   2949  -9.99161298e-08
   2950  -9.98484073e-08
   2951  -9.97861670e-08
   2952  -9.97185784e-08
   2953  -9.96510584e-08
   2954  -9.95836069e-08
   2955  -9.95162240e-08
   2956  -1.04411583e-07
   2957  -1.04340981e-07
   2958  -1.04270451e-07
   2959  -1.04199992e-07
   2960  -1.04129604e-07
   2961  -1.05741824e-07
   2962  -1.05670443e-07
   2963  -1.05599135e-07
   2964  -1.05527898e-07
   2965  -1.05456734e-07
   2966  -1.07311552e-07
   2967  -1.07239233e-07
   2968  -1.07166988e-07
   2969  -1.07094815e-07
   2970  -1.07022716e-07
   2971  -1.08802507e-07
   2972  -1.08729307e-07
   2973  -1.08656181e-07
   2974  -1.08583129e-07
   2975  -1.08510150e-07
   2976  -1.05643048e-07
   2977  -1.05572093e-07
   2978  -1.05501209e-07
   2979  -1.05430397e-07
   2980  -1.05359656e-07
   2981  -1.09539630e-07
   2982  -1.09466181e-07
   2983  -1.09392806e-07
   2984  -1.09319505e-07
   2985  -1.09246278e-07
   2986  -1.08781645e-07
   2987  -1.08708826e-07
   2988  -1.08636081e-07
   2989  -1.08563409e-07
   2990  -1.08490809e-07
   2991  -1.12456707e-07
   2992  -1.12381555e-07
   2993  -1.12306477e-07
   2994  -1.12231475e-07
   2995  -1.12156548e-07
   2996  -1.14416829e-07
   2997  -1.14340494e-07
   2998  -1.14264235e-07
   2999  -1.14188052e-07
   3000  -1.14111946e-07
   3001  -1.16158101e-07
   3002  -1.16080733e-07
   3003  -1.16003443e-07
   3004  -1.15926230e-07
   3005  -1.15849093e-07
   3006  -1.21982947e-07
   3007  -1.21901835e-07
   3008  -1.21820803e-07
   3009  -1.21739853e-07
   3010  -1.21658982e-07
   3011  -1.21551362e-07
   3012  -1.21470671e-07
   3013  -1.21390060e-07
   3014  -1.21309529e-07
   3015  -1.21229078e-07
   3016  -1.22358765e-07
   3017  -1.22277673e-07
   3018  -1.22196660e-07
   3019  -1.22115729e-07
   3020  -1.22034878e-07
   3021  -1.22826234e-07
   3022  -1.22744966e-07
   3023  -1.22663779e-07
   3024  -1.22582672e-07
   3025  -1.22501646e-07
   3026  -1.21377193e-07
   3027  -1.21297017e-07
   3028  -1.21216920e-07
   3029  -1.21136902e-07
   3030  -1.21056963e-07
   3031  -1.27208305e-07
   3032  -1.27124415e-07
   3033  -1.27040608e-07
   3034  -1.26956884e-07
   3035  -1.26873243e-07
   3036  -1.28121058e-07
   3037  -1.28036706e-07
   3038  -1.27952437e-07
   3039  -1.27868250e-07
   3040  -1.27784147e-07
   3041  -1.34090964e-07
   3042  -1.34002826e-07
   3043  -1.33914775e-07
   3044  -1.33826811e-07
   3045  -1.33738933e-07
   3046  -1.38641477e-07
   3047  -1.38550497e-07
   3048  -1.38459607e-07
   3049  -1.38368807e-07
   3050  -1.38278095e-07
   3051  -1.46016489e-07
   3052  -1.45920826e-07
   3053  -1.45825258e-07
   3054  -1.45729784e-07
   3055  -1.45634403e-07
   3056  -1.52270142e-07
   3057  -1.52170546e-07
   3058  -1.52071047e-07
   3059  -1.51971646e-07
   3060  -1.51872343e-07
   3061  -1.52395786e-07
   3062  -1.52296271e-07
   3063  -1.52196853e-07
   3064  -1.52097532e-07
   3065  -1.51998308e-07
   3066  -1.56614147e-07
   3067  -1.56512043e-07
   3068  -1.56410040e-07
   3069  -1.56308136e-07
   3070  -1.56206331e-07
   3071  -1.54850516e-07
   3072  -1.54749726e-07
   3073  -1.54649035e-07
   3074  -1.54548442e-07
   3075  -1.54447947e-07
   3076  -1.54003295e-07
   3077  -1.53903220e-07
   3078  -1.53803242e-07
   3079  -1.53703362e-07
   3080  -1.53603578e-07
   3081  -1.45028323e-07
   3082  -1.44934233e-07
   3083  -1.44840234e-07
   3084  -1.44746327e-07
   3085  -1.44652511e-07
   3086  -1.34347068e-07
   3087  -1.34260049e-07
   3088  -1.34173114e-07
   3089  -1.34086263e-07
   3090  -1.33999497e-07
   3091  -1.17808072e-07
   3092  -1.17731889e-07
   3093  -1.17655779e-07
   3094  -1.17579743e-07
   3095  -1.17503781e-07
   3096  -9.04024023e-08
   3097  -9.03440358e-08
   3098  -9.02857258e-08
   3099  -9.02274723e-08
   3100  -9.01692751e-08
   3101  -6.22413577e-08
   3102  -6.22012375e-08
   3103  -6.21611562e-08
   3104  -6.21211136e-08
   3105  -6.20811096e-08
   3106  -3.51885557e-08
   3107  -3.51659100e-08
   3108  -3.51432862e-08
   3109  -3.51206842e-08
   3110  -3.50981040e-08
   3111  -1.77506743e-08
   3112  -1.77392691e-08
   3113  -1.77278750e-08
   3114  -1.77164918e-08
   3115  -1.77051196e-08
   3116  -6.38335356e-09
   3117  -6.37925871e-09
   3118  -6.37516781e-09
   3119  -6.37108083e-09
   3120  -6.36699779e-09
   3121  -6.29688806e-11
   3122  -6.29285514e-11
   3123  -6.28882611e-11
   3124  -6.28480094e-11
   3125  -6.28077963e-11
   3126   3.46237491e-09
   3127   3.46016094e-09
   3128   3.45794909e-09
   3129   3.45573936e-09
   3130   3.45353175e-09
   3131   5.38731020e-09
   3132   5.38387085e-09
   3133   5.38043479e-09
   3134   5.37700202e-09
   3135   5.37357254e-09
   3136   6.84228464e-09
   3137   6.83792337e-09
   3138   6.83356627e-09
   3139   6.82921334e-09
   3140   6.82486456e-09
   3141   7.73339176e-09
   3142   7.72847034e-09
   3143   7.72355362e-09
   3144   7.71864159e-09
   3145   7.71373424e-09
   3146   8.57841429e-09
   3147   8.57296379e-09
   3148   8.56751847e-09
   3149   8.56207835e-09
   3150   8.55664340e-09
   3151   9.45817974e-09
   3152   9.45217978e-09
   3153   9.44618553e-09
   3154   9.44019699e-09
   3155   9.43421413e-09
   3156   9.71236087e-09
   3157   9.70620943e-09
   3158   9.70006383e-09
   3159   9.69392406e-09
   3160   9.68779012e-09
   3161   1.00415240e-08
   3162   1.00351742e-08
   3163   1.00288303e-08
   3164   1.00224925e-08
   3165   1.00161606e-08
   3166   1.01433781e-08
   3167   1.01369739e-08
   3168   1.01305758e-08
   3169   1.01241838e-08
   3170   1.01177978e-08
   3171   1.04339481e-08
   3172   1.04273709e-08
   3173   1.04207999e-08
   3174   1.04142351e-08
   3175   1.04076765e-08
   3176   1.07182999e-08
   3177   1.07115540e-08
   3178   1.07048145e-08
   3179   1.06980814e-08
   3180   1.06913547e-08
   3181   1.06321878e-08
   3182   1.06255067e-08
   3183   1.06188318e-08
   3184   1.06121633e-08
   3185   1.06055010e-08
   3186   1.10598918e-08
   3187   1.10529528e-08
   3188   1.10460203e-08
   3189   1.10390943e-08
   3190   1.10321749e-08
   3191   1.08633157e-08
   3192   1.08565107e-08
   3193   1.08497121e-08
   3194   1.08429199e-08
   3195   1.08361341e-08
   3196   1.12356156e-08
   3197   1.12285884e-08
   3198   1.12215678e-08
   3199   1.12145537e-08
   3200   1.12075463e-08
   3201   1.11539117e-08
   3202   1.11469465e-08
   3203   1.11399879e-08
   3204   1.11330357e-08
   3205   1.11260900e-08
   3206   1.09665076e-08
   3207   1.09596701e-08
   3208   1.09528389e-08
   3209   1.09460142e-08
   3210   1.09391959e-08
   3211   1.11657752e-08
   3212   1.11588243e-08
   3213   1.11518799e-08
   3214   1.11449419e-08
   3215   1.11380104e-08
   3216   1.09700631e-08
   3217   1.09632446e-08
   3218   1.09564325e-08
   3219   1.09496267e-08
   3220   1.09428273e-08
   3221   1.11238753e-08
   3222   1.11169719e-08
   3223   1.11100750e-08
   3224   1.11031845e-08
   3225   1.10963004e-08
   3226   1.11143338e-08
   3227   1.11074470e-08
   3228   1.11005667e-08
   3229   1.10936927e-08
   3230   1.10868252e-08
   3231   1.07354077e-08
   3232   1.07287660e-08
   3233   1.07221305e-08
   3234   1.07155012e-08
   3235   1.07088780e-08
   3236   1.10173938e-08
   3237   1.10105882e-08
   3238   1.10037889e-08
   3239   1.09969959e-08
   3240   1.09902092e-08
   3241   1.05507259e-08
   3242   1.05442186e-08
   3243   1.05377174e-08
   3244   1.05312221e-08
   3245   1.05247329e-08
   3246   1.07721404e-08
   3247   1.07655068e-08
   3248   1.07588793e-08
   3249   1.07522580e-08
   3250   1.07456427e-08
   3251   1.06057080e-08
   3252   1.05991869e-08
   3253   1.05926719e-08
   3254   1.05861628e-08
   3255   1.05796598e-08
   3256   1.04465762e-08
   3257   1.04401628e-08
   3258   1.04337554e-08
   3259   1.04273538e-08
   3260   1.04209581e-08
   3261   1.06319650e-08
   3262   1.06254478e-08
   3263   1.06189366e-08
   3264   1.06124314e-08
   3265   1.06059322e-08
   3266   1.01138308e-08
   3267   1.01076408e-08
   3268   1.01014564e-08
   3269   1.00952776e-08
   3270   1.00891046e-08
   3271   1.02934985e-08
   3272   1.02872081e-08
   3273   1.02809234e-08
   3274   1.02746445e-08
   3275   1.02683714e-08
   3276   9.95421176e-09
   3277   9.94813795e-09
   3278   9.94206970e-09
   3279   9.93600700e-09
   3280   9.92994984e-09
   3281   9.86622110e-09
   3282   9.86021015e-09
   3283   9.85420470e-09
   3284   9.84820472e-09
   3285   9.84221023e-09
   3286   9.76505287e-09
   3287   9.75911261e-09
   3288   9.75317776e-09
   3289   9.74724833e-09
   3290   9.74132430e-09
   3291   9.32769847e-09
   3292   9.32203287e-09
   3293   9.31637244e-09
   3294   9.31071715e-09
   3295   9.30506702e-09
   3296   9.51642207e-09
   3297   9.51065061e-09
   3298   9.50488439e-09
   3299   9.49912342e-09
   3300   9.49336768e-09
