     50   2.65323749e-13
     51   2.03240018e-13
     52   1.95534764e-13
     53   1.88259533e-13
     54   1.81382911e-13
     55   1.74876300e-13
     56   9.28279591e-14
     57   8.96133220e-14
     58   8.65628243e-14
     59   8.36654786e-14
     60   8.09112019e-14
     61   4.67102019e-14
     62   4.52215026e-14
     63   4.38028552e-14
     64   4.24499328e-14
     65   4.11587369e-14
     66   1.30643840e-13
     67   1.26787355e-13
     68   1.23099144e-13
     69   1.19569558e-13
     70   1.16189628e-13
     71   9.41665903e-14
     72   9.15779111e-14
     73   8.90945291e-14
     74   8.67108101e-14
     75   8.44214915e-14
     76   1.34785253e-13
     77   1.31318217e-13
     78   1.27983253e-13
     79   1.24773738e-13
     80   1.21683456e-13
     81   1.90993612e-13
     82   1.86377580e-13
     83   1.81926892e-13
     84   1.77633746e-13
     85   1.73490792e-13
     86   1.47045352e-13
     87   1.43693974e-13
     88   1.40455877e-13
     89   1.37326015e-13
     90   1.34299616e-13
     91   1.52002727e-13
     92   1.48725112e-13
     93   1.45552378e-13
     94   1.42480097e-13
     95   1.39504073e-13
     96   1.15055947e-13
     97   1.12701908e-13
     98   1.10419382e-13
     99   1.08205502e-13
    100   1.06057542e-13
    101   4.60875946e-14
    102   4.51905286e-14
    103   4.43194012e-14
    104   4.34732220e-14
    105   4.26510473e-14
    106   2.97314181e-14
    107   2.91795678e-14
    108   2.86429407e-14
    109   2.81209819e-14
    110   2.76131616e-14
    111   7.13225543e-14
    112   7.00574281e-14
    113   6.88256671e-14
    114   6.76261085e-14
    115   6.64576393e-14
    116   1.00600364e-13
    117   9.88916766e-14
    118   9.72261549e-14
    119   9.56023575e-14
    120   9.40189021e-14
    121   1.76604639e-13
    122   1.73727207e-13
    123   1.70919529e-13
    124   1.68179370e-13
    125   1.65504581e-13
    126   2.30732276e-13
    127   2.27120071e-13
    128   2.23592032e-13
    129   2.20145566e-13
    130   2.16778175e-13
    131   2.09627993e-13
    132   2.06469790e-13
    133   2.03382424e-13
    134   2.00363792e-13
    135   1.97411870e-13
    136   1.54363564e-13
    137   1.52122373e-13
    138   1.49929640e-13
    139   1.47783977e-13
    140   1.45684047e-13
    141   8.59164732e-14
    142   8.47127509e-14
    143   8.35341495e-14
    144   8.23799748e-14
    145   8.12495563e-14
    146   7.65757787e-14
    147   7.55392289e-14
    148   7.45235841e-14
    149   7.35282858e-14
    150   7.25527943e-14
    151   1.24019087e-13
    152   1.22395283e-13
    153   1.20803161e-13
    154   1.19241905e-13
    155   1.17710721e-13
    156   1.34787148e-13
    157   1.33078290e-13
    158   1.31401726e-13
    159   1.29756646e-13
    160   1.28142267e-13
    161   3.30192113e-13
    162   3.26134481e-13
    163   3.22151187e-13
    164   3.18240426e-13
    165   3.14400447e-13
    166   2.84041564e-13
    167   2.80655100e-13
    168   2.77328840e-13
    169   2.74061364e-13
    170   2.70851295e-13
    171   3.43207978e-13
    172   3.39234539e-13
    173   3.35329705e-13
    174   3.31491907e-13
    175   3.27719618e-13
    176   4.81087012e-13
    177   4.75673969e-13
    178   4.70351775e-13
    179   4.65118406e-13
    180   4.59971897e-13
    181   2.86631193e-13
    182   2.83494344e-13
    183   2.80408708e-13
    184   2.77373177e-13
    185   2.74386672e-13
    186   3.32752555e-13
    187   3.29207940e-13
    188   3.25719662e-13
    189   3.22286535e-13
    190   3.18907401e-13
    191   2.88352626e-13
    192   2.85360656e-13
    193   2.82415012e-13
    194   2.79514744e-13
    195   2.76658924e-13
    196   3.19647788e-13
    197   3.16414956e-13
    198   3.13230922e-13
    199   3.10094707e-13
    200   3.07005359e-13
    201   3.10359928e-13
    202   3.07298438e-13
    203   3.04282026e-13
    204   3.01309809e-13
    205   2.98380930e-13
    206   1.41359445e-13
    207   1.39998589e-13
    208   1.38657291e-13
    209   1.37335177e-13
    210   1.36031884e-13
    211   1.57855860e-14
    212   1.56371910e-14
    213   1.54908787e-14
    214   1.53466103e-14
    215   1.52043480e-14
    216   0.00000000e+00
    217   0.00000000e+00
    218   0.00000000e+00
    219   0.00000000e+00
    220   0.00000000e+00
    221   0.00000000e+00
    222   0.00000000e+00
    223   0.00000000e+00
    224   0.00000000e+00
    225   0.00000000e+00
    226   6.73202739e-15
    227   6.67290991e-15
    228   6.61456774e-15
    229   6.55698738e-15
    230   6.50015562e-15
    231   0.00000000e+00
    232   0.00000000e+00
    233   0.00000000e+00
    234   0.00000000e+00
    235   0.00000000e+00
    236   0.00000000e+00
    237   0.00000000e+00
    238   0.00000000e+00
    239   0.00000000e+00
    240   0.00000000e+00
    241   0.00000000e+00
    242   0.00000000e+00
    243   0.00000000e+00
    244   0.00000000e+00
    245   0.00000000e+00
    246   3.13576846e-13
    247   3.11045457e-13
    248   3.08544596e-13
    249   3.06073776e-13
    250   3.03632517e-13
    251   3.58137361e-12
    252   3.55303444e-12
    253   3.52503031e-12
    254   3.49735596e-12
    255   3.47000624e-12
    256   5.61778739e-12
    257   5.57419654e-12
    258   5.53111108e-12
    259   5.48852324e-12
    260   5.44642539e-12
    261   1.12772608e-11
    262   1.11914208e-11
    263   1.11065572e-11
    264   1.10226552e-11
    265   1.09397003e-11
    266   9.95624429e-12
    267   9.88187478e-12
    268   9.80833543e-12
    269   9.73561395e-12
    270   9.66369824e-12
    271   2.09569470e-11
    272   2.08032759e-11
    273   2.06512889e-11
    274   2.05009614e-11
    275   2.03522694e-11
    276   4.39381966e-11
    277   4.36218108e-11
    278   4.33088299e-11
    279   4.29992054e-11
    280   4.26928895e-11
    281   1.96819444e-10
    282   1.95427267e-10
    283   1.94049809e-10
    284   1.92686864e-10
    285   1.91338227e-10
    286   3.58952948e-10
    287   3.56458059e-10
    288   3.53989091e-10
    289   3.51545686e-10
    290   3.49127492e-10
    291   5.97484873e-10
    292   5.93403004e-10
    293   5.89362822e-10
    294   5.85363762e-10
    295   5.81405266e-10
    296   8.82586842e-10
    297   8.76658479e-10
    298   8.70789648e-10
    299   8.64979554e-10
    300   8.59227416e-10
    301   1.07183844e-09
    302   1.06475777e-09
    303   1.05774703e-09
    304   1.05080531e-09
    305   1.04393170e-09
    306   1.69542462e-09
    307   1.68440645e-09
    308   1.67349534e-09
    309   1.66268990e-09
    310   1.65198878e-09
    311   1.70517864e-09
    312   1.69427425e-09
    313   1.68347411e-09
    314   1.67277692e-09
    315   1.66218136e-09
    316   2.28958704e-09
    317   2.27517582e-09
    318   2.26090023e-09
    319   2.24675859e-09
    320   2.23274921e-09
    321   2.83179408e-09
    322   2.81424620e-09
    323   2.79686093e-09
    324   2.77963626e-09
    325   2.76257022e-09
    326   2.76863247e-09
    327   2.75173772e-09
    328   2.73499714e-09
    329   2.71840886e-09
    330   2.70197104e-09
    331   3.76249109e-09
    332   3.73987661e-09
    333   3.71746540e-09
    334   3.69525504e-09
    335   3.67324313e-09
    336   3.57995490e-09
    337   3.55875609e-09
    338   3.53774501e-09
    339   3.51691947e-09
    340   3.49627728e-09
    341   4.86135673e-09
    342   4.83298999e-09
    343   4.80487082e-09
    344   4.77699635e-09
    345   4.74936373e-09
    346   5.16209761e-09
    347   5.13240910e-09
    348   5.10297598e-09
    349   5.07379532e-09
    350   5.04486424e-09
    351   5.18875331e-09
    352   5.15933449e-09
    353   5.13016515e-09
    354   5.10124248e-09
    355   5.07256372e-09
    356   6.64976306e-09
    357   6.61258764e-09
    358   6.57572310e-09
    359   6.53916597e-09
    360   6.50291285e-09
    361   6.35412559e-09
    362   6.31909256e-09
    363   6.28434846e-09
    364   6.24989012e-09
    365   6.21571442e-09
    366   7.62508479e-09
    367   7.58361599e-09
    368   7.54248457e-09
    369   7.50168688e-09
    370   7.46121930e-09
    371   7.63657915e-09
    372   7.59560493e-09
    373   7.55495961e-09
    374   7.51463967e-09
    375   7.47464164e-09
    376   8.62414433e-09
    377   8.57848380e-09
    378   8.53318493e-09
    379   8.48824393e-09
    380   8.44365702e-09
    381   9.79396588e-09
    382   9.74278912e-09
    383   9.69201243e-09
    384   9.64163166e-09
    385   9.59164271e-09
    386   9.28554454e-09
    387   9.23765011e-09
    388   9.19012528e-09
    389   9.14296626e-09
    390   9.09616931e-09
    391   1.11614535e-08
    392   1.11046161e-08
    393   1.10482117e-08
    394   1.09922361e-08
    395   1.09366847e-08
    396   1.08007805e-08
    397   1.07464711e-08
    398   1.06925704e-08
    399   1.06390742e-08
    400   1.05859784e-08
    401   1.25825797e-08
    402   1.25200965e-08
    403   1.24580775e-08
    404   1.23965182e-08
    405   1.23354141e-08
    406   1.31927849e-08
    407   1.31280748e-08
    408   1.30638397e-08
    409   1.30000748e-08
    410   1.29367757e-08
    411   1.33942790e-08
    412   1.33293765e-08
    413   1.32649445e-08
    414   1.32009786e-08
    415   1.31374743e-08
    416   1.44926294e-08
    417   1.44232452e-08
    418   1.43543581e-08
    419   1.42859634e-08
    420   1.42180564e-08
    421   1.53217553e-08
    422   1.52492692e-08
    423   1.51772964e-08
    424   1.51058318e-08
    425   1.50348709e-08
    426   1.68032994e-08
    427   1.67247335e-08
    428   1.66467174e-08
    429   1.65692458e-08
    430   1.64923138e-08
    431   1.79539442e-08
    432   1.78709682e-08
    433   1.77885662e-08
    434   1.77067327e-08
    435   1.76254626e-08
    436   1.92879035e-08
    437   1.91997806e-08
    438   1.91122604e-08
    439   1.90253371e-08
    440   1.89390056e-08
    441   1.92692551e-08
    442   1.91822117e-08
    443   1.90957568e-08
    444   1.90098850e-08
    445   1.89245911e-08
    446   2.09790674e-08
    447   2.08853586e-08
    448   2.07922763e-08
    449   2.06998149e-08
    450   2.06079689e-08
    451   2.21366506e-08
    452   2.20388632e-08
    453   2.19417223e-08
    454   2.18452222e-08
    455   2.17493574e-08
    456   2.41065296e-08
    457   2.40012036e-08
    458   2.38965662e-08
    459   2.37926117e-08
    460   2.36893341e-08
    461   2.50543359e-08
    462   2.49460514e-08
    463   2.48384675e-08
    464   2.47315780e-08
    465   2.46253770e-08
    466   2.39020118e-08
    467   2.37998119e-08
    468   2.36982661e-08
    469   2.35973689e-08
    470   2.34971146e-08
    471   2.86196928e-08
    472   2.84986154e-08
    473   2.83783047e-08
    474   2.82587543e-08
    475   2.81399577e-08
    476   2.82334486e-08
    477   2.81152553e-08
    478   2.79978027e-08
    479   2.78810845e-08
    480   2.77650946e-08
    481   3.20004371e-08
    482   3.18678616e-08
    483   3.17361083e-08
    484   3.16051703e-08
    485   3.14750411e-08
    486   3.12733840e-08
    487   3.11451488e-08
    488   3.10177008e-08
    489   3.08910334e-08
    490   3.07651403e-08
    491   3.09183896e-08
    492   3.07928965e-08
    493   3.06681659e-08
    494   3.05441916e-08
    495   3.04209675e-08
    496   3.59304370e-08
    497   3.57860657e-08
    498   3.56425628e-08
    499   3.54999214e-08
    500   3.53581345e-08
    501   3.39880168e-08
    502   3.38528085e-08
    503   3.37184054e-08
    504   3.35848011e-08
    505   3.34519893e-08
    506   3.91972026e-08
    507   3.90428070e-08
    508   3.88893219e-08
    509   3.87367400e-08
    510   3.85850544e-08
    511   3.93261329e-08
    512   3.91727400e-08
    513   3.90202428e-08
    514   3.88686344e-08
    515   3.87179079e-08
    516   4.05737596e-08
    517   4.04170286e-08
    518   4.02612040e-08
    519   4.01062789e-08
    520   3.99522462e-08
    521   4.52200880e-08
    522   4.50470797e-08
    523   4.48750623e-08
    524   4.47040284e-08
    525   4.45339704e-08
    526   4.02510474e-08
    527   4.00985092e-08
    528   3.99468364e-08
    529   3.97960226e-08
    530   3.96460613e-08
    531   4.87491358e-08
    532   4.85661265e-08
    533   4.83841458e-08
    534   4.82031860e-08
    535   4.80232396e-08
    536   4.68257022e-08
    537   4.66515481e-08
    538   4.64783638e-08
    539   4.63061421e-08
    540   4.61348758e-08
    541   5.22029064e-08
    542   5.20105421e-08
    543   5.18192391e-08
    544   5.16289896e-08
    545   5.14397859e-08
    546   5.27226849e-08
    547   5.25301787e-08
    548   5.23387248e-08
    549   5.21483158e-08
    550   5.19589439e-08
    551   5.04911146e-08
    552   5.03084241e-08
    553   5.01267233e-08
    554   4.99460052e-08
    555   4.97662626e-08
    556   5.91978025e-08
    557   5.89855290e-08
    558   5.87743953e-08
    559   5.85643931e-08
    560   5.83555144e-08
    561   5.50983040e-08
    562   5.49024860e-08
    563   5.47077102e-08
    564   5.45139689e-08
    565   5.43212551e-08
    566   6.20525932e-08
    567   6.18340021e-08
    568   6.16165639e-08
    569   6.14002707e-08
    570   6.11851144e-08
    571   5.96293865e-08
    572   5.94211652e-08
    573   5.92140328e-08
    574   5.90079814e-08
    575   5.88030038e-08
    576   6.51017152e-08
    577   6.48763524e-08
    578   6.46521578e-08
    579   6.44291233e-08
    580   6.42072409e-08
    581   6.66596455e-08
    582   6.64308695e-08
    583   6.62032692e-08
    584   6.59768366e-08
    585   6.57515637e-08
    586   6.59362071e-08
    587   6.57118390e-08
    588   6.54886142e-08
    589   6.52665249e-08
    590   6.50455634e-08
    591   7.30286608e-08
    592   7.27822546e-08
    593   7.25370935e-08
    594   7.22931689e-08
    595   7.20504727e-08
    596   7.19693909e-08
    597   7.17285901e-08
    598   7.14889957e-08
    599   7.12505999e-08
    600   7.10133945e-08
    601   7.72764524e-08
    602   7.70200396e-08
    603   7.67649009e-08
    604   7.65110278e-08
    605   7.62584121e-08
    606   7.61076705e-08
    607   7.58572135e-08
    608   7.56079907e-08
    609   7.53599942e-08
    610   7.51132158e-08
    611   7.49917766e-08
    612   7.47470055e-08
    613   7.45034309e-08
    614   7.42610449e-08
    615   7.40198398e-08
    616   8.64613598e-08
    617   8.61814365e-08
    618   8.59028703e-08
    619   8.56256527e-08
    620   8.53497747e-08
    621   8.18917052e-08
    622   8.16287051e-08
    623   8.13669699e-08
    624   8.11064915e-08
    625   8.08472619e-08
    626   8.94354864e-08
    627   8.91505467e-08
    628   8.88669666e-08
    629   8.85847373e-08
    630   8.83038505e-08
    631   8.57341719e-08
    632   8.54631830e-08
    633   8.51934768e-08
    634   8.49250453e-08
    635   8.46578806e-08
    636   8.91976083e-08
    637   8.89178824e-08
    638   8.86394704e-08
    639   8.83623640e-08
    640   8.80865549e-08
    641   9.67157936e-08
    642   9.64148500e-08
    643   9.61153088e-08
    644   9.58171615e-08
    645   9.55203992e-08
    646   9.06128482e-08
    647   9.03330711e-08
    648   9.00545878e-08
    649   8.97773903e-08
    650   8.95014706e-08
    651   1.01169512e-07
    652   1.00859533e-07
    653   1.00550976e-07
    654   1.00243833e-07
    655   9.99380952e-08
    656   9.82398672e-08
    657   9.79411524e-08
    658   9.76437980e-08
    659   9.73477957e-08
    660   9.70531373e-08
    661   1.01901977e-07
    662   1.01594464e-07
    663   1.01288342e-07
    664   1.00983601e-07
    665   1.00680233e-07
    666   1.04475388e-07
    667   1.04162470e-07
    668   1.03850957e-07
    669   1.03540838e-07
    670   1.03232107e-07
    671   9.94514908e-08
    672   9.91558343e-08
    673   9.88614943e-08
    674   9.85684629e-08
    675   9.82767325e-08
    676   1.12729447e-07
    677   1.12396789e-07
    678   1.12065602e-07
    679   1.11735876e-07
    680   1.11407603e-07
    681   1.05626933e-07
    682   1.05317517e-07
    683   1.05009458e-07
    684   1.04702750e-07
    685   1.04397383e-07
    686   1.16660354e-07
    687   1.16321102e-07
    688   1.15983328e-07
    689   1.15647022e-07
    690   1.15312178e-07
    691   1.14343500e-07
    692   1.14013386e-07
    693   1.13684699e-07
    694   1.13357431e-07
    695   1.13031574e-07
    696   1.14485013e-07
    697   1.14156858e-07
    698   1.13830112e-07
    699   1.13504767e-07
    700   1.13180815e-07
    701   1.23415913e-07
    702   1.23064676e-07
    703   1.22714936e-07
    704   1.22366686e-07
    705   1.22019915e-07
    706   1.13618103e-07
    707   1.13297034e-07
    708   1.12977325e-07
    709   1.12658967e-07
    710   1.12341953e-07
    711   1.25555478e-07
    712   1.25203166e-07
    713   1.24852334e-07
    714   1.24502975e-07
    715   1.24155080e-07
    716   1.22217647e-07
    717   1.21877089e-07
    718   1.21537953e-07
    719   1.21200231e-07
    720   1.20863914e-07
    721   1.29230371e-07
    722   1.28872764e-07
    723   1.28516639e-07
    724   1.28161988e-07
    725   1.27808803e-07
    726   1.28980323e-07
    727   1.28625860e-07
    728   1.28272856e-07
    729   1.27921303e-07
    730   1.27571194e-07
    731   1.23955946e-07
    732   1.23617615e-07
    733   1.23280668e-07
    734   1.22945096e-07
    735   1.22610893e-07
    736   1.31579945e-07
    737   1.31223239e-07
    738   1.30867981e-07
    739   1.30514165e-07
    740   1.30161781e-07
    741   1.29654379e-07
    742   1.29305260e-07
    743   1.28957548e-07
    744   1.28611237e-07
    745   1.28266320e-07
    746   1.35553762e-07
    747   1.35191198e-07
    748   1.34830086e-07
    749   1.34470420e-07
    750   1.34112190e-07
    751   1.36933737e-07
    752   1.36569914e-07
    753   1.36207540e-07
    754   1.35846606e-07
    755   1.35487105e-07
    756   1.28442956e-07
    757   1.28103945e-07
    758   1.27766274e-07
    759   1.27429936e-07
    760   1.27094925e-07
    761   1.47128110e-07
    762   1.46742327e-07
    763   1.46358059e-07
    764   1.45975299e-07
    765   1.45594038e-07
    766   1.36697198e-07
    767   1.36341100e-07
    768   1.35986391e-07
    769   1.35633065e-07
    770   1.35281115e-07
    771   1.40282638e-07
    772   1.39919564e-07
    773   1.39557898e-07
    774   1.39197633e-07
    775   1.38838761e-07
    776   1.40250928e-07
    777   1.39890270e-07
    778   1.39531001e-07
    779   1.39173115e-07
    780   1.38816604e-07
    781   1.44029566e-07
    782   1.43661557e-07
    783   1.43294956e-07
    784   1.42929758e-07
    785   1.42565953e-07
    786   1.45345490e-07
    787   1.44976475e-07
    788   1.44608865e-07
    789   1.44242651e-07
    790   1.43877826e-07
    791   1.42977171e-07
    792   1.42616459e-07
    793   1.42257110e-07
    794   1.41899118e-07
    795   1.41542476e-07
    796   1.48249520e-07
    797   1.47877851e-07
    798   1.47507578e-07
    799   1.47138694e-07
    800   1.46771191e-07
    801   1.44407115e-07
    802   1.44047334e-07
    803   1.43688896e-07
    804   1.43331794e-07
    805   1.42976022e-07
    806   1.48706842e-07
    807   1.48338642e-07
    808   1.47971808e-07
    809   1.47606333e-07
    810   1.47242210e-07
    811   1.47014037e-07
    812   1.46652268e-07
    813   1.46291833e-07
    814   1.45932724e-07
    815   1.45574936e-07
    816   1.46161245e-07
    817   1.45803774e-07
    818   1.45447612e-07
    819   1.45092754e-07
    820   1.44739192e-07
    821   1.50404323e-07
    822   1.50038710e-07
    823   1.49674428e-07
    824   1.49311471e-07
    825   1.48949832e-07
    826   1.50794967e-07
    827   1.50430618e-07
    828   1.50067588e-07
    829   1.49705871e-07
    830   1.49345460e-07
    831   1.54515914e-07
    832   1.54144816e-07
    833   1.53775054e-07
    834   1.53406620e-07
    835   1.53039509e-07
    836   1.48443317e-07
    837   1.48088932e-07
    838   1.47735814e-07
    839   1.47383957e-07
    840   1.47033356e-07
    841   1.46853304e-07
    842   1.46504795e-07
    843   1.46157524e-07
    844   1.45811487e-07
    845   1.45466677e-07
    846   1.55269980e-07
    847   1.54903669e-07
    848   1.54538653e-07
    849   1.54174926e-07
    850   1.53812481e-07
    851   1.45547801e-07
    852   1.45206440e-07
    853   1.44866279e-07
    854   1.44527311e-07
    855   1.44189532e-07
    856   1.51599013e-07
    857   1.51245533e-07
    858   1.50893287e-07
    859   1.50542271e-07
    860   1.50192477e-07
    861   1.43567425e-07
    862   1.43234612e-07
    863   1.42902954e-07
    864   1.42572447e-07
    865   1.42243086e-07
    866   1.53102142e-07
    867   1.52749271e-07
    868   1.52397618e-07
    869   1.52047178e-07
    870   1.51697945e-07
    871   1.51653209e-07
    872   1.51305679e-07
    873   1.50959343e-07
    874   1.50614195e-07
    875   1.50270229e-07
    876   1.45918014e-07
    877   1.45585532e-07
    878   1.45254186e-07
    879   1.44923969e-07
    880   1.44594877e-07
    881   1.50089759e-07
    882   1.49749709e-07
    883   1.49410813e-07
    884   1.49073066e-07
    885   1.48736463e-07
    886   1.44671973e-07
    887   1.44346043e-07
    888   1.44021214e-07
    889   1.43697480e-07
    890   1.43374836e-07
    891   1.47619001e-07
    892   1.47288295e-07
    893   1.46958699e-07
    894   1.46630208e-07
    895   1.46302817e-07
    896   1.44262735e-07
    897   1.43941348e-07
    898   1.43621034e-07
    899   1.43301787e-07
    900   1.42983604e-07
    901   1.40222699e-07
    902   1.39912042e-07
    903   1.39602417e-07
    904   1.39293818e-07
    905   1.38986242e-07
    906   1.47175778e-07
    907   1.46851513e-07
    908   1.46528319e-07
    909   1.46206190e-07
    910   1.45885123e-07
    911   1.38381868e-07
    912   1.38078648e-07
    913   1.37776424e-07
    914   1.37475191e-07
    915   1.37174945e-07
    916   1.46869015e-07
    917   1.46548952e-07
    918   1.46229934e-07
    919   1.45911956e-07
    920   1.45595015e-07
    921   1.36733428e-07
    922   1.36437067e-07
    923   1.36141669e-07
    924   1.35847229e-07
    925   1.35553744e-07
    926   1.37491153e-07
    927   1.37194756e-07
    928   1.36899316e-07
    929   1.36604830e-07
    930   1.36311293e-07
    931   1.43216673e-07
    932   1.42909588e-07
    933   1.42603490e-07
    934   1.42298374e-07
    935   1.41994236e-07
    936   1.29151782e-07
    937   1.28876332e-07
    938   1.28601762e-07
    939   1.28328068e-07
    940   1.28055247e-07
    941   1.36216936e-07
    942   1.35927959e-07
    943   1.35639899e-07
    944   1.35352755e-07
    945   1.35066521e-07
    946   1.30166881e-07
    947   1.29892195e-07
    948   1.29618378e-07
    949   1.29345425e-07
    950   1.29073334e-07
    951   1.31989904e-07
    952   1.31712833e-07
    953   1.31436633e-07
    954   1.31161301e-07
    955   1.30886833e-07
    956   1.29176669e-07
    957   1.28906918e-07
    958   1.28638012e-07
    959   1.28369947e-07
    960   1.28102718e-07
    961   1.22753646e-07
    962   1.22498640e-07
    963   1.22244428e-07
    964   1.21991006e-07
    965   1.21738371e-07
    966   1.31446530e-07
    967   1.31174876e-07
    968   1.30904063e-07
    969   1.30634089e-07
    970   1.30364948e-07
    971   1.19642001e-07
    972   1.19396014e-07
    973   1.19150785e-07
    974   1.18906310e-07
    975   1.18662587e-07
    976   1.27312930e-07
    977   1.27052510e-07
    978   1.26792888e-07
    979   1.26534061e-07
    980   1.26276025e-07
    981   1.22281761e-07
    982   1.22032904e-07
    983   1.21784807e-07
    984   1.21537466e-07
    985   1.21290877e-07
    986   1.16895993e-07
    987   1.16659302e-07
    988   1.16423329e-07
    989   1.16188070e-07
    990   1.15953525e-07
    991   1.20099121e-07
    992   1.19857168e-07
    993   1.19615946e-07
    994   1.19375452e-07
    995   1.19135682e-07
    996   1.14390202e-07
    997   1.14160906e-07
    998   1.13932298e-07
    999   1.13704377e-07
   1000   1.13477139e-07
   1001   1.15577953e-07
   1002   1.15347431e-07
   1003   1.15117598e-07
   1004   1.14888452e-07
   1005   1.14659988e-07
   1006   1.11437013e-07
   1007   1.11215853e-07
   1008   1.10995351e-07
   1009   1.10775504e-07
   1010   1.10556309e-07
   1011   1.10425313e-07
   1012   1.10207243e-07
   1013   1.09989818e-07
   1014   1.09773036e-07
   1015   1.09556895e-07
   1016   1.17678186e-07
   1017   1.17446934e-07
   1018   1.17216363e-07
   1019   1.16986471e-07
   1020   1.16757254e-07
   1021   1.08858302e-07
   1022   1.08645428e-07
   1023   1.08433178e-07
   1024   1.08221550e-07
   1025   1.08010540e-07
   1026   1.10305869e-07
   1027   1.10091214e-07
   1028   1.09877185e-07
   1029   1.09663780e-07
   1030   1.09450995e-07
   1031   1.08839412e-07
   1032   1.08628636e-07
   1033   1.08418472e-07
   1034   1.08208917e-07
   1035   1.07999969e-07
   1036   1.08375712e-07
   1037   1.08166845e-07
   1038   1.07958581e-07
   1039   1.07750919e-07
   1040   1.07543855e-07
   1041   1.11606144e-07
   1042   1.11392083e-07
   1043   1.11178637e-07
   1044   1.10965804e-07
   1045   1.10753582e-07
   1046   1.07875770e-07
   1047   1.07669851e-07
   1048   1.07464521e-07
   1049   1.07259778e-07
   1050   1.07055620e-07
   1051   1.09223344e-07
   1052   1.09015843e-07
   1053   1.08808933e-07
   1054   1.08602611e-07
   1055   1.08396875e-07
   1056   1.07161854e-07
   1057   1.06959232e-07
   1058   1.06757184e-07
   1059   1.06555708e-07
   1060   1.06354802e-07
   1061   1.08753533e-07
   1062   1.08548868e-07
   1063   1.08344781e-07
   1064   1.08141269e-07
   1065   1.07938330e-07
   1066   1.11269764e-07
   1067   1.11061345e-07
   1068   1.10853511e-07
   1069   1.10646260e-07
   1070   1.10439589e-07
   1071   1.11959152e-07
   1072   1.11750419e-07
   1073   1.11542269e-07
   1074   1.11334700e-07
   1075   1.11127710e-07
   1076   1.08490217e-07
   1077   1.08288890e-07
   1078   1.08088123e-07
   1079   1.07887913e-07
   1080   1.07688260e-07
   1081   1.15783689e-07
   1082   1.15569819e-07
   1083   1.15356542e-07
   1084   1.15143854e-07
   1085   1.14931754e-07
   1086   1.15331019e-07
   1087   1.15118965e-07
   1088   1.14907495e-07
   1089   1.14696607e-07
   1090   1.14486299e-07
   1091   1.15535233e-07
   1092   1.15323775e-07
   1093   1.15112898e-07
   1094   1.14902598e-07
   1095   1.14692874e-07
   1096   1.19965607e-07
   1097   1.19747041e-07
   1098   1.19529072e-07
   1099   1.19311697e-07
   1100   1.19094914e-07
   1101   1.24480198e-07
   1102   1.24254435e-07
   1103   1.24029286e-07
   1104   1.23804748e-07
   1105   1.23580819e-07
   1106   1.21815883e-07
   1107   1.21595949e-07
   1108   1.21376611e-07
   1109   1.21157865e-07
   1110   1.20939710e-07
   1111   1.26635279e-07
   1112   1.26407672e-07
   1113   1.26180677e-07
   1114   1.25954293e-07
   1115   1.25728518e-07
   1116   1.28066499e-07
   1117   1.27837349e-07
   1118   1.27608813e-07
   1119   1.27380889e-07
   1120   1.27153575e-07
   1121   1.38567264e-07
   1122   1.38320428e-07
   1123   1.38074252e-07
   1124   1.37828732e-07
   1125   1.37583866e-07
   1126   1.34776020e-07
   1127   1.34537003e-07
   1128   1.34298620e-07
   1129   1.34060871e-07
   1130   1.33823753e-07
   1131   1.42692167e-07
   1132   1.42440228e-07
   1133   1.42188955e-07
   1134   1.41938347e-07
   1135   1.41688400e-07
   1136   1.46521818e-07
   1137   1.46264254e-07
   1138   1.46007368e-07
   1139   1.45751159e-07
   1140   1.45495623e-07
   1141   1.52372692e-07
   1142   1.52106015e-07
   1143   1.51840038e-07
   1144   1.51574757e-07
   1145   1.51310171e-07
   1146   1.63157370e-07
   1147   1.62873062e-07
   1148   1.62589496e-07
   1149   1.62306670e-07
   1150   1.62024582e-07
   1151   1.60195899e-07
   1152   1.59917962e-07
   1153   1.59640748e-07
   1154   1.59364254e-07
   1155   1.59088478e-07
   1156   1.71130810e-07
   1157   1.70835184e-07
   1158   1.70540323e-07
   1159   1.70246224e-07
   1160   1.69952886e-07
   1161   1.75040115e-07
   1162   1.74739036e-07
   1163   1.74438733e-07
   1164   1.74139203e-07
   1165   1.73840444e-07
   1166   1.85069868e-07
   1167   1.84752900e-07
   1168   1.84436745e-07
   1169   1.84121401e-07
   1170   1.83806865e-07
   1171   2.02200974e-07
   1172   2.01856141e-07
   1173   2.01512191e-07
   1174   2.01169118e-07
   1175   2.00826921e-07
   1176   1.97115085e-07
   1177   1.96780353e-07
   1178   1.96446473e-07
   1179   1.96113443e-07
   1180   1.95781258e-07
   1181   2.18555512e-07
   1182   2.18185940e-07
   1183   2.17817305e-07
   1184   2.17449603e-07
   1185   2.17082832e-07
   1186   2.30844878e-07
   1187   2.30456168e-07
   1188   2.30068440e-07
   1189   2.29681689e-07
   1190   2.29295913e-07
   1191   2.34926485e-07
   1192   2.34532561e-07
   1193   2.34139627e-07
   1194   2.33747680e-07
   1195   2.33356716e-07
   1196   2.52058292e-07
   1197   2.51637406e-07
   1198   2.51217573e-07
   1199   2.50798789e-07
   1200   2.50381053e-07
   1201   2.56918666e-07
   1202   2.56491448e-07
   1203   2.56065294e-07
   1204   2.55640201e-07
   1205   2.55216166e-07
   1206   2.80702691e-07
   1207   2.80237855e-07
   1208   2.79774173e-07
   1209   2.79311641e-07
   1210   2.78850255e-07
   1211   2.86579752e-07
   1212   2.86107141e-07
   1213   2.85635698e-07
   1214   2.85165419e-07
   1215   2.84696300e-07
   1216   3.02904288e-07
   1217   3.02406807e-07
   1218   3.01910549e-07
   1219   3.01415513e-07
   1220   3.00921692e-07
   1221   3.30650214e-07
   1222   3.30109383e-07
   1223   3.29569879e-07
   1224   3.29031696e-07
   1225   3.28494830e-07
   1226   3.29703152e-07
   1227   3.29166066e-07
   1228   3.28630293e-07
   1229   3.28095826e-07
   1230   3.27562662e-07
   1231   3.71038420e-07
   1232   3.70436451e-07
   1233   3.69835947e-07
   1234   3.69236901e-07
   1235   3.68639309e-07
   1236   3.72458133e-07
   1237   3.71856302e-07
   1238   3.71255929e-07
   1239   3.70657008e-07
   1240   3.70059536e-07
   1241   3.88308142e-07
   1242   3.87683225e-07
   1243   3.87059814e-07
   1244   3.86437907e-07
   1245   3.85817497e-07
   1246   4.14981021e-07
   1247   4.14315854e-07
   1248   4.13652285e-07
   1249   4.12990309e-07
   1250   4.12329921e-07
   1251   4.13273042e-07
   1252   4.12613257e-07
   1253   4.11955050e-07
   1254   4.11298418e-07
   1255   4.10643353e-07
   1256   4.54084053e-07
   1257   4.53361996e-07
   1258   4.52641659e-07
   1259   4.51923038e-07
   1260   4.51206126e-07
   1261   4.39471418e-07
   1262   4.38775363e-07
   1263   4.38080961e-07
   1264   4.37388206e-07
   1265   4.36697093e-07
   1266   4.74769294e-07
   1267   4.74020299e-07
   1268   4.73273074e-07
   1269   4.72527616e-07
   1270   4.71783917e-07
   1271   5.02634233e-07
   1272   5.01844394e-07
   1273   5.01056414e-07
   1274   5.00270289e-07
   1275   4.99486013e-07
   1276   5.05030077e-07
   1277   5.04239578e-07
   1278   5.03450934e-07
   1279   5.02664138e-07
   1280   5.01879185e-07
   1281   5.39550303e-07
   1282   5.38709063e-07
   1283   5.37869789e-07
   1284   5.37032475e-07
   1285   5.36197114e-07
   1286   5.56860388e-07
   1287   5.55995530e-07
   1288   5.55132686e-07
   1289   5.54271848e-07
   1290   5.53413011e-07
   1291   6.07324239e-07
   1292   6.06384654e-07
   1293   6.05447248e-07
   1294   6.04512014e-07
   1295   6.03578945e-07
   1296   6.15921973e-07
   1297   6.14972758e-07
   1298   6.14025736e-07
   1299   6.13080899e-07
   1300   6.12138242e-07
   1301   6.45826034e-07
   1302   6.44834553e-07
   1303   6.43845353e-07
   1304   6.42858428e-07
   1305   6.41873770e-07
   1306   6.69355756e-07
   1307   6.68332081e-07
   1308   6.67310752e-07
   1309   6.66291763e-07
   1310   6.65275106e-07
   1311   7.00156195e-07
   1312   6.99089494e-07
   1313   6.98025228e-07
   1314   6.96963391e-07
   1315   6.95903975e-07
   1316   7.47491972e-07
   1317   7.46357475e-07
   1318   7.45225558e-07
   1319   7.44096215e-07
   1320   7.42969437e-07
   1321   7.62187799e-07
   1322   7.61035370e-07
   1323   7.59885552e-07
   1324   7.58738339e-07
   1325   7.57593722e-07
   1326   8.02440615e-07
   1327   8.01231892e-07
   1328   8.00025899e-07
   1329   7.98822627e-07
   1330   7.97622067e-07
   1331   8.30160213e-07
   1332   8.28914428e-07
   1333   8.27671445e-07
   1334   8.26431256e-07
   1335   8.25193852e-07
   1336   8.68890328e-07
   1337   8.67591296e-07
   1338   8.66295175e-07
   1339   8.65001956e-07
   1340   8.63711630e-07
   1341   9.13262998e-07
   1342   9.11902711e-07
   1343   9.10545461e-07
   1344   9.09191238e-07
   1345   9.07840035e-07
   1346   9.26320289e-07
   1347   9.24945672e-07
   1348   9.23574112e-07
   1349   9.22205601e-07
   1350   9.20840129e-07
   1351   9.67254411e-07
   1352   9.65824355e-07
   1353   9.64397468e-07
   1354   9.62973740e-07
   1355   9.61553163e-07
   1356   9.99144808e-07
   1357   9.97673042e-07
   1358   9.96204526e-07
   1359   9.94739250e-07
   1360   9.93277205e-07
   1361   1.02284562e-06
   1362   1.02134447e-06
   1363   1.01984662e-06
   1364   1.01835206e-06
   1365   1.01686079e-06
   1366   1.05451928e-06
   1367   1.05297731e-06
   1368   1.05143871e-06
   1369   1.04990348e-06
   1370   1.04837161e-06
   1371   1.09514177e-06
   1372   1.09354623e-06
   1373   1.09195417e-06
   1374   1.09036558e-06
   1375   1.08878046e-06
   1376   1.18548665e-06
   1377   1.18376575e-06
   1378   1.18204859e-06
   1379   1.18033517e-06
   1380   1.17862547e-06
   1381   1.18047041e-06
   1382   1.17876299e-06
   1383   1.17705926e-06
   1384   1.17535923e-06
   1385   1.17366288e-06
   1386   1.24968858e-06
   1387   1.24788755e-06
   1388   1.24609041e-06
   1389   1.24429715e-06
   1390   1.24250776e-06
   1391   1.24148979e-06
   1392   1.23970700e-06
   1393   1.23792805e-06
   1394   1.23615292e-06
   1395   1.23438161e-06
   1396   1.33538458e-06
   1397   1.33347381e-06
   1398   1.33156715e-06
   1399   1.32966457e-06
   1400   1.32776607e-06
   1401   1.38354112e-06
   1402   1.38156851e-06
   1403   1.37960011e-06
   1404   1.37763592e-06
   1405   1.37567592e-06
   1406   1.38990645e-06
   1407   1.38793180e-06
   1408   1.38596136e-06
   1409   1.38399511e-06
   1410   1.38203304e-06
   1411   1.45716545e-06
   1412   1.45510257e-06
   1413   1.45304407e-06
   1414   1.45098994e-06
   1415   1.44894015e-06
   1416   1.48032605e-06
   1417   1.47823778e-06
   1418   1.47615392e-06
   1419   1.47407446e-06
   1420   1.47199940e-06
   1421   1.54799488e-06
   1422   1.54581882e-06
   1423   1.54364734e-06
   1424   1.54148044e-06
   1425   1.53931810e-06
   1426   1.65151062e-06
   1427   1.64919717e-06
   1428   1.64688858e-06
   1429   1.64458484e-06
   1430   1.64228593e-06
   1431   1.67174739e-06
   1432   1.66941377e-06
   1433   1.66708503e-06
   1434   1.66476116e-06
   1435   1.66244215e-06
   1436   1.75670409e-06
   1437   1.75426041e-06
   1438   1.75182182e-06
   1439   1.74938831e-06
   1440   1.74695987e-06
   1441   1.78450846e-06
   1442   1.78203470e-06
   1443   1.77956608e-06
   1444   1.77710258e-06
   1445   1.77464420e-06
   1446   1.83426030e-06
   1447   1.83172635e-06
   1448   1.82919765e-06
   1449   1.82667419e-06
   1450   1.82415594e-06
   1451   1.86275986e-06
   1452   1.86019540e-06
   1453   1.85763623e-06
   1454   1.85508234e-06
   1455   1.85253371e-06
   1456   1.84112226e-06
   1457   1.83859628e-06
   1458   1.83607550e-06
   1459   1.83355990e-06
   1460   1.83104946e-06
   1461   2.00440220e-06
   1462   2.00166161e-06
   1463   1.99892663e-06
   1464   1.99619726e-06
   1465   1.99347347e-06
   1466   1.96110432e-06
   1467   1.95843206e-06
   1468   1.95576526e-06
   1469   1.95310390e-06
   1470   1.95044797e-06
   1471   2.06827178e-06
   1472   2.06546306e-06
   1473   2.06266005e-06
   1474   2.05986275e-06
   1475   2.05707114e-06
   1476   2.04603809e-06
   1477   2.04326896e-06
   1478   2.04050545e-06
   1479   2.03774755e-06
   1480   2.03499523e-06
   1481   2.13855919e-06
   1482   2.13567460e-06
   1483   2.13279585e-06
   1484   2.12992292e-06
   1485   2.12705578e-06
   1486   2.25698996e-06
   1487   2.25395587e-06
   1488   2.25092788e-06
   1489   2.24790599e-06
   1490   2.24489019e-06
   1491   2.24450592e-06
   1492   2.24149871e-06
   1493   2.23849754e-06
   1494   2.23550239e-06
   1495   2.23251325e-06
   1496   2.30449198e-06
   1497   2.30141471e-06
   1498   2.29834360e-06
   1499   2.29527863e-06
   1500   2.29221979e-06
   1501   2.33766861e-06
   1502   2.33455742e-06
   1503   2.33145244e-06
   1504   2.32835365e-06
   1505   2.32526103e-06
   1506   2.40507246e-06
   1507   2.40188218e-06
   1508   2.39869825e-06
   1509   2.39552064e-06
   1510   2.39234934e-06
   1511   2.50875164e-06
   1512   2.50543483e-06
   1513   2.50212460e-06
   1514   2.49882092e-06
   1515   2.49552378e-06
   1516   2.50543949e-06
   1517   2.50213797e-06
   1518   2.49884298e-06
   1519   2.49555448e-06
   1520   2.49227248e-06
   1521   2.62595322e-06
   1522   2.62250426e-06
   1523   2.61906209e-06
   1524   2.61562669e-06
   1525   2.61219805e-06
   1526   2.78797743e-06
   1527   2.78432765e-06
   1528   2.78068503e-06
   1529   2.77704955e-06
   1530   2.77342120e-06
   1531   2.80814598e-06
   1532   2.80448179e-06
   1533   2.80082476e-06
   1534   2.79717488e-06
   1535   2.79353214e-06
   1536   2.83538807e-06
   1537   2.83170036e-06
   1538   2.82801984e-06
   1539   2.82434649e-06
   1540   2.82068030e-06
   1541   2.78429288e-06
   1542   2.78068336e-06
   1543   2.77708085e-06
   1544   2.77348534e-06
   1545   2.76989681e-06
   1546   2.99243657e-06
   1547   2.98856975e-06
   1548   2.98471042e-06
   1549   2.98085856e-06
   1550   2.97701415e-06
   1551   2.90287422e-06
   1552   2.89913521e-06
   1553   2.89540341e-06
   1554   2.89167882e-06
   1555   2.88796142e-06
   1556   3.00941900e-06
   1557   3.00555519e-06
   1558   3.00169883e-06
   1559   2.99784988e-06
   1560   2.99400833e-06
   1561   3.00626419e-06
   1562   3.00241679e-06
   1563   2.99857677e-06
   1564   2.99474411e-06
   1565   2.99091879e-06
   1566   3.02311121e-06
   1567   3.01925459e-06
   1568   3.01540534e-06
   1569   3.01156345e-06
   1570   3.00772889e-06
   1571   3.10302299e-06
   1572   3.09907700e-06
   1573   3.09513854e-06
   1574   3.09120758e-06
   1575   3.08728411e-06
   1576   3.19611636e-06
   1577   3.19206488e-06
   1578   3.18802109e-06
   1579   3.18398498e-06
   1580   3.17995653e-06
   1581   3.24855778e-06
   1582   3.24445283e-06
   1583   3.24035565e-06
   1584   3.23626623e-06
   1585   3.23218454e-06
   1586   3.37688393e-06
   1587   3.37263026e-06
   1588   3.36838462e-06
   1589   3.36414699e-06
   1590   3.35991736e-06
   1591   3.40404896e-06
   1592   3.39977453e-06
   1593   3.39550814e-06
   1594   3.39124979e-06
   1595   3.38699943e-06
   1596   3.46474406e-06
   1597   3.46040703e-06
   1598   3.45607814e-06
   1599   3.45175737e-06
   1600   3.44744469e-06
   1601   3.48924010e-06
   1602   3.48488603e-06
   1603   3.48054011e-06
   1604   3.47620232e-06
   1605   3.47187262e-06
   1606   3.53203673e-06
   1607   3.52764296e-06
   1608   3.52325739e-06
   1609   3.51888000e-06
   1610   3.51451075e-06
   1611   3.68379209e-06
   1612   3.67922375e-06
   1613   3.67466391e-06
   1614   3.67011254e-06
   1615   3.66556962e-06
   1616   3.68482322e-06
   1617   3.68026773e-06
   1618   3.67572068e-06
   1619   3.67118206e-06
   1620   3.66665183e-06
   1621   3.77895516e-06
   1622   3.77429769e-06
   1623   3.76964883e-06
   1624   3.76500855e-06
   1625   3.76037683e-06
   1626   3.79471420e-06
   1627   3.79005167e-06
   1628   3.78539773e-06
   1629   3.78075236e-06
   1630   3.77611554e-06
   1631   3.97678048e-06
   1632   3.97190921e-06
   1633   3.96704689e-06
   1634   3.96219349e-06
   1635   3.95734900e-06
   1636   3.94623356e-06
   1637   3.94141447e-06
   1638   3.93660420e-06
   1639   3.93180273e-06
   1640   3.92701004e-06
   1641   4.05553496e-06
   1642   4.05059747e-06
   1643   4.04566898e-06
   1644   4.04074949e-06
   1645   4.03583896e-06
   1646   4.00614935e-06
   1647   4.00128678e-06
   1648   3.99643306e-06
   1649   3.99158816e-06
   1650   3.98675207e-06
   1651   4.11322095e-06
   1652   4.10824352e-06
   1653   4.10327512e-06
   1654   4.09831573e-06
   1655   4.09336533e-06
   1656   4.08019428e-06
   1657   4.07527172e-06
   1658   4.07035805e-06
   1659   4.06545327e-06
   1660   4.06055734e-06
   1661   4.02243183e-06
   1662   4.01759354e-06
   1663   4.01276398e-06
   1664   4.00794312e-06
   1665   4.00313094e-06
   1666   4.20388232e-06
   1667   4.19884094e-06
   1668   4.19380862e-06
   1669   4.18878534e-06
   1670   4.18377108e-06
   1671   4.23601829e-06
   1672   4.23095355e-06
   1673   4.22589789e-06
   1674   4.22085129e-06
   1675   4.21581373e-06
   1676   4.39457645e-06
   1677   4.38933779e-06
   1678   4.38410850e-06
   1679   4.37888855e-06
   1680   4.37367791e-06
   1681   4.38158112e-06
   1682   4.37637348e-06
   1683   4.37117511e-06
   1684   4.36598600e-06
   1685   4.36080613e-06
   1686   4.42651583e-06
   1687   4.42127037e-06
   1688   4.41603422e-06
   1689   4.41080737e-06
   1690   4.40558980e-06
   1691   4.45802634e-06
   1692   4.45275914e-06
   1693   4.44750127e-06
   1694   4.44225271e-06
   1695   4.43701343e-06
   1696   4.45054155e-06
   1697   4.44529868e-06
   1698   4.44006507e-06
   1699   4.43484070e-06
   1700   4.42962554e-06
   1701   4.47039058e-06
   1702   4.46513979e-06
   1703   4.45989825e-06
   1704   4.45466593e-06
   1705   4.44944281e-06
   1706   4.40156035e-06
   1707   4.39640554e-06
   1708   4.39125979e-06
   1709   4.38612306e-06
   1710   4.38099534e-06
   1711   4.39688898e-06
   1712   4.39175467e-06
   1713   4.38662936e-06
   1714   4.38151301e-06
   1715   4.37640561e-06
   1716   4.52340792e-06
   1717   4.51814125e-06
   1718   4.51288378e-06
   1719   4.50763548e-06
   1720   4.50239633e-06
   1721   4.51492751e-06
   1722   4.50968598e-06
   1723   4.50445357e-06
   1724   4.49923025e-06
   1725   4.49401602e-06
   1726   4.77775533e-06
   1727   4.77222473e-06
   1728   4.76670371e-06
   1729   4.76119228e-06
   1730   4.75569039e-06
   1731   4.75716481e-06
   1732   4.75167392e-06
   1733   4.74619254e-06
   1734   4.74072064e-06
   1735   4.73525819e-06
   1736   4.91005720e-06
   1737   4.90440615e-06
   1738   4.89876485e-06
   1739   4.89313327e-06
   1740   4.88751140e-06
   1741   4.96003737e-06
   1742   4.95434518e-06
   1743   4.94866277e-06
   1744   4.94299014e-06
   1745   4.93732726e-06
   1746   4.85558621e-06
   1747   4.85002983e-06
   1748   4.84448297e-06
   1749   4.83894563e-06
   1750   4.83341778e-06
   1751   4.92158176e-06
   1752   4.91596592e-06
   1753   4.91035969e-06
   1754   4.90476304e-06
   1755   4.89917595e-06
   1756   4.84225325e-06
   1757   4.83674365e-06
   1758   4.83124344e-06
   1759   4.82575261e-06
   1760   4.82027114e-06
   1761   4.97819375e-06
   1762   4.97254553e-06
   1763   4.96690693e-06
   1764   4.96127791e-06
   1765   4.95565845e-06
   1766   4.91912261e-06
   1767   4.91355721e-06
   1768   4.90800124e-06
   1769   4.90245470e-06
   1770   4.89691755e-06
   1771   5.03823829e-06
   1772   5.03255420e-06
   1773   5.02687972e-06
   1774   5.02121483e-06
   1775   5.01555951e-06
   1776   5.25429123e-06
   1777   5.24838006e-06
   1778   5.24247886e-06
   1779   5.23658761e-06
   1780   5.23070628e-06
   1781   5.24269206e-06
   1782   5.23681048e-06
   1783   5.23093879e-06
   1784   5.22507698e-06
   1785   5.21922501e-06
   1786   5.38725397e-06
   1787   5.38122712e-06
   1788   5.37521037e-06
   1789   5.36920371e-06
   1790   5.36320711e-06
   1791   5.35457297e-06
   1792   5.34859939e-06
   1793   5.34263579e-06
   1794   5.33668217e-06
   1795   5.33073849e-06
   1796   5.44029135e-06
   1797   5.43423902e-06
   1798   5.42819678e-06
   1799   5.42216461e-06
   1800   5.41614250e-06
   1801   5.44401732e-06
   1802   5.43797764e-06
   1803   5.43194801e-06
   1804   5.42592840e-06
   1805   5.41991878e-06
   1806   5.38045729e-06
   1807   5.37450463e-06
   1808   5.36856185e-06
   1809   5.36262892e-06
   1810   5.35670581e-06
   1811   5.45823602e-06
   1812   5.45221397e-06
   1813   5.44620188e-06
   1814   5.44019973e-06
   1815   5.43420749e-06
   1816   5.48062923e-06
   1817   5.47459911e-06
   1818   5.46857893e-06
   1819   5.46256868e-06
   1820   5.45656833e-06
   1821   5.78423852e-06
   1822   5.77789181e-06
   1823   5.77155553e-06
   1824   5.76522967e-06
   1825   5.75891421e-06
   1826   5.80737653e-06
   1827   5.80102186e-06
   1828   5.79467761e-06
   1829   5.78834377e-06
   1830   5.78202030e-06
   1831   5.91475295e-06
   1832   5.90829844e-06
   1833   5.90185449e-06
   1834   5.89542107e-06
   1835   5.88899817e-06
   1836   6.01747484e-06
   1837   6.01092610e-06
   1838   6.00438804e-06
   1839   5.99786065e-06
   1840   5.99134389e-06
   1841   5.95376743e-06
   1842   5.94730561e-06
   1843   5.94085429e-06
   1844   5.93441347e-06
   1845   5.92798311e-06
   1846   5.95569727e-06
   1847   5.94925084e-06
   1848   5.94281487e-06
   1849   5.93638934e-06
   1850   5.92997422e-06
   1851   5.88937343e-06
   1852   5.88301599e-06
   1853   5.87666884e-06
   1854   5.87033196e-06
   1855   5.86400532e-06
   1856   5.96658683e-06
   1857   5.96016337e-06
   1858   5.95375028e-06
   1859   5.94734754e-06
   1860   5.94095512e-06
   1861   6.13511041e-06
   1862   6.12852326e-06
   1863   6.12194671e-06
   1864   6.11538074e-06
   1865   6.10882532e-06
   1866   6.33536123e-06
   1867   6.32857728e-06
   1868   6.32180422e-06
   1869   6.31504203e-06
   1870   6.30829068e-06
   1871   6.66536436e-06
   1872   6.65824610e-06
   1873   6.65113923e-06
   1874   6.64404374e-06
   1875   6.63695959e-06
   1876   6.69834422e-06
   1877   6.69120978e-06
   1878   6.68408674e-06
   1879   6.67697506e-06
   1880   6.66987473e-06
   1881   6.99324723e-06
   1882   6.98581847e-06
   1883   6.97840154e-06
   1884   6.97099642e-06
   1885   6.96360308e-06
   1886   7.01853986e-06
   1887   7.01110398e-06
   1888   7.00367991e-06
   1889   6.99626763e-06
   1890   6.98886711e-06
   1891   6.97582700e-06
   1892   6.96845590e-06
   1893   6.96109647e-06
   1894   6.95374870e-06
   1895   6.94641256e-06
   1896   6.82760386e-06
   1897   6.82040838e-06
   1898   6.81322428e-06
   1899   6.80605152e-06
   1900   6.79889009e-06
   1901   6.16115874e-06
   1902   6.15468268e-06
   1903   6.14821683e-06
   1904   6.14176116e-06
   1905   6.13531566e-06
   1906   5.85968386e-06
   1907   5.85354082e-06
   1908   5.84740745e-06
   1909   5.84128371e-06
   1910   5.83516958e-06
   1911   5.84735155e-06
   1912   5.84123747e-06
   1913   5.83513298e-06
   1914   5.82903805e-06
   1915   5.82295267e-06
   1916   6.20945106e-06
   1917   6.20297529e-06
   1918   6.19650965e-06
   1919   6.19005411e-06
   1920   6.18360866e-06
   1921   7.14378864e-06
   1922   7.13635784e-06
   1923   7.12893862e-06
   1924   7.12153097e-06
   1925   7.11413486e-06
   1926   8.34871425e-06
   1927   8.34005263e-06
   1928   8.33140449e-06
   1929   8.32276979e-06
   1930   8.31414851e-06
   1931   9.86057238e-06
   1932   9.85036871e-06
   1933   9.84018087e-06
   1934   9.83000883e-06
   1935   9.81985255e-06
   1936   1.07311811e-05
   1937   1.07201051e-05
   1938   1.07090464e-05
   1939   1.06980047e-05
   1940   1.06869801e-05
   1941   1.14779028e-05
   1942   1.14660867e-05
   1943   1.14542888e-05
   1944   1.14425090e-05
   1945   1.14307475e-05
   1946   1.20671867e-05
   1947   1.20547958e-05
   1948   1.20424240e-05
   1949   1.20300712e-05
   1950   1.20177374e-05
   1951   1.23433487e-05
   1952   1.23307066e-05
   1953   1.23180840e-05
   1954   1.23054808e-05
   1955   1.22928969e-05
   1956   1.38870273e-05
   1957   1.38728406e-05
   1958   1.38586756e-05
   1959   1.38445323e-05
   1960   1.38304106e-05
   1961   1.43810032e-05
   1962   1.43663493e-05
   1963   1.43517177e-05
   1964   1.43371085e-05
   1965   1.43225216e-05
   1966   1.58939430e-05
   1967   1.58777886e-05
   1968   1.58616588e-05
   1969   1.58455535e-05
   1970   1.58294728e-05
   1971   1.61398176e-05
   1972   1.61234548e-05
   1973   1.61071169e-05
   1974   1.60908038e-05
   1975   1.60745155e-05
   1976   1.51760373e-05
   1977   1.51606905e-05
   1978   1.51453670e-05
   1979   1.51300668e-05
   1980   1.51147897e-05
   1981   1.33446667e-05
   1982   1.33312060e-05
   1983   1.33177655e-05
   1984   1.33043455e-05
   1985   1.32909456e-05
   1986   1.01157964e-05
   1987   1.01056183e-05
   1988   1.00954555e-05
   1989   1.00853080e-05
   1990   1.00751759e-05
   1991   5.68432933e-06
   1992   5.67862432e-06
   1993   5.67292790e-06
   1994   5.66724004e-06
   1995   5.66156073e-06
   1996  -1.07668180e-06
   1997  -1.07560390e-06
   1998  -1.07452763e-06
   1999  -1.07345296e-06
   2000  -1.07237991e-06
   2001  -9.18448972e-06
   2002  -9.17531784e-06
   2003  -9.16615969e-06
   2004  -9.15701525e-06
   2005  -9.14788449e-06
   2006  -1.68679934e-05
   2007  -1.68511905e-05
   2008  -1.68344127e-05
   2009  -1.68176600e-05
   2010  -1.68009322e-05
   2011  -2.19719962e-05
   2012  -2.19501634e-05
   2013  -2.19283631e-05
   2014  -2.19065953e-05
   2015  -2.18848599e-05
   2016  -2.44428899e-05
   2017  -2.44186621e-05
   2018  -2.43944702e-05
   2019  -2.43703143e-05
   2020  -2.43461942e-05
   2021  -2.09447462e-05
   2022  -2.09240371e-05
   2023  -2.09033586e-05
   2024  -2.08827107e-05
   2025  -2.08620935e-05
   2026  -9.58994120e-06
   2027  -9.58048250e-06
   2028  -9.57103779e-06
   2029  -9.56160703e-06
   2030  -9.55219021e-06
   2031   1.21279493e-05
   2032   1.21160167e-05
   2033   1.21041018e-05
   2034   1.20922044e-05
   2035   1.20803245e-05
   2036   4.46158809e-05
   2037   4.45720915e-05
   2038   4.45283666e-05
   2039   4.44847060e-05
   2040   4.44411096e-05
   2041   9.18182545e-05
   2042   9.17283578e-05
   2043   9.16385930e-05
   2044   9.15489600e-05
   2045   9.14594584e-05
   2046   1.46358965e-04
   2047   1.46216019e-04
   2048   1.46073282e-04
   2049   1.45930754e-04
   2050   1.45788435e-04
   2051   2.10662557e-04
   2052   2.10457308e-04
   2053   2.10252358e-04
   2054   2.10047708e-04
   2055   2.09843357e-04
   2056   2.70571803e-04
   2057   2.70308825e-04
   2058   2.70046230e-04
   2059   2.69784017e-04
   2060   2.69522186e-04
   2061   3.13423283e-04
   2062   3.13119395e-04
   2063   3.12815948e-04
   2064   3.12512942e-04
   2065   3.12210376e-04
   2066   3.43956834e-04
   2067   3.43624147e-04
   2068   3.43291942e-04
   2069   3.42960219e-04
   2070   3.42628976e-04
   2071   3.32900415e-04
   2072   3.32579198e-04
   2073   3.32258447e-04
   2074   3.31938159e-04
   2075   3.31618334e-04
   2076   2.87739967e-04
   2077   2.87462995e-04
   2078   2.87186422e-04
   2079   2.86910248e-04
   2080   2.86634472e-04
   2081   1.52293323e-04
   2082   1.52147080e-04
   2083   1.52001048e-04
   2084   1.51855226e-04
   2085   1.51709614e-04
   2086  -1.02724108e-04
   2087  -1.02625702e-04
   2088  -1.02527436e-04
   2089  -1.02429312e-04
   2090  -1.02331329e-04
   2091  -4.93735990e-04
   2092  -4.93264136e-04
   2093  -4.92792958e-04
   2094  -4.92322455e-04
   2095  -4.91852626e-04
   2096  -1.04886995e-03
   2097  -1.04786995e-03
   2098  -1.04687139e-03
   2099  -1.04587425e-03
   2100  -1.04487853e-03
   2101  -1.64489847e-03
   2102  -1.64333395e-03
   2103  -1.64177166e-03
   2104  -1.64021160e-03
   2105  -1.63865376e-03
   2106  -2.10384164e-03
   2107  -2.10184535e-03
   2108  -2.09985190e-03
   2109  -2.09786128e-03
   2110  -2.09587349e-03
   2111  -2.41609209e-03
   2112  -2.41380494e-03
   2113  -2.41152103e-03
   2114  -2.40924036e-03
   2115  -2.40696293e-03
   2116  -2.47303081e-03
   2117  -2.47069528e-03
   2118  -2.46836306e-03
   2119  -2.46603414e-03
   2120  -2.46370852e-03
   2121  -2.28160011e-03
   2122  -2.27945045e-03
   2123  -2.27730382e-03
   2124  -2.27516023e-03
   2125  -2.27301965e-03
   2126  -1.74322608e-03
   2127  -1.74158751e-03
   2128  -1.73995126e-03
   2129  -1.73831731e-03
   2130  -1.73668566e-03
   2131  -6.66511583e-04
   2132  -6.65886558e-04
   2133  -6.65262411e-04
   2134  -6.64639141e-04
   2135  -6.64016747e-04
   2136   1.30491331e-03
   2137   1.30369248e-03
   2138   1.30247336e-03
   2139   1.30125596e-03
   2140   1.30004025e-03
   2141   4.49242153e-03
   2142   4.48822840e-03
   2143   4.48404113e-03
   2144   4.47985972e-03
   2145   4.47568415e-03
   2146   8.95259491e-03
   2147   8.94425819e-03
   2148   8.93593311e-03
   2149   8.92761965e-03
   2150   8.91931779e-03
   2151   1.36631511e-02
   2152   1.36504574e-02
   2153   1.36377815e-02
   2154   1.36251231e-02
   2155   1.36124824e-02
   2156   1.80444701e-02
   2157   1.80277449e-02
   2158   1.80110428e-02
   2159   1.79943640e-02
   2160   1.79777084e-02
   2161   2.18202080e-02
   2162   2.18000298e-02
   2163   2.17798795e-02
   2164   2.17597572e-02
   2165   2.17396628e-02
   2166   2.29136913e-02
   2167   2.28925508e-02
   2168   2.28714395e-02
   2169   2.28503574e-02
   2170   2.28293044e-02
   2171   2.40392873e-02
   2172   2.40171593e-02
   2173   2.39950618e-02
   2174   2.39729949e-02
   2175   2.39509583e-02
   2176   2.34910426e-02
   2177   2.34694689e-02
   2178   2.34479249e-02
   2179   2.34264106e-02
   2180   2.34049259e-02
   2181   2.30870355e-02
   2182   2.30658814e-02
   2183   2.30447564e-02
   2184   2.30236604e-02
   2185   2.30025933e-02
   2186   2.14404847e-02
   2187   2.14208842e-02
   2188   2.14013106e-02
   2189   2.13817638e-02
   2190   2.13622437e-02
   2191   1.79645151e-02
   2192   1.79481298e-02
   2193   1.79317668e-02
   2194   1.79154262e-02
   2195   1.78991079e-02
   2196   1.38694075e-02
   2197   1.38567861e-02
   2198   1.38441818e-02
   2199   1.38315948e-02
   2200   1.38190249e-02
   2201   8.50783642e-03
   2202   8.50011168e-03
   2203   8.49239745e-03
   2204   8.48469372e-03
   2205   8.47700047e-03
   2206   4.19009674e-03
   2207   4.18630093e-03
   2208   4.18251028e-03
   2209   4.17872477e-03
   2210   4.17494441e-03
   2211   9.69969158e-04
   2212   9.69092449e-04
   2213   9.68216928e-04
   2214   9.67342593e-04
   2215   9.66469441e-04
   2216  -9.66806309e-04
   2217  -9.65934428e-04
   2218  -9.65063727e-04
   2219  -9.64194202e-04
   2220  -9.63325852e-04
   2221  -2.06669841e-03
   2222  -2.06483883e-03
   2223  -2.06298175e-03
   2224  -2.06112717e-03
   2225  -2.05927510e-03
   2226  -2.52434313e-03
   2227  -2.52207686e-03
   2228  -2.51981364e-03
   2229  -2.51755346e-03
   2230  -2.51529633e-03
   2231  -2.73251222e-03
   2232  -2.73006455e-03
   2233  -2.72762017e-03
   2234  -2.72517908e-03
   2235  -2.72274126e-03
   2236  -2.62866958e-03
   2237  -2.62632019e-03
   2238  -2.62397396e-03
   2239  -2.62163086e-03
   2240  -2.61929090e-03
   2241  -2.25100750e-03
   2242  -2.24900014e-03
   2243  -2.24699546e-03
   2244  -2.24499346e-03
   2245  -2.24299413e-03
   2246  -1.82591935e-03
   2247  -1.82429469e-03
   2248  -1.82267219e-03
   2249  -1.82105186e-03
   2250  -1.81943369e-03
   2251  -1.13496911e-03
   2252  -1.13396148e-03
   2253  -1.13295520e-03
   2254  -1.13195025e-03
   2255  -1.13094663e-03
   2256  -5.78940817e-04
   2257  -5.78427969e-04
   2258  -5.77915803e-04
   2259  -5.77404316e-04
   2260  -5.76893508e-04
   2261  -1.58736480e-04
   2262  -1.58596176e-04
   2263  -1.58456057e-04
   2264  -1.58316125e-04
   2265  -1.58176378e-04
   2266   1.02305653e-04
   2267   1.02215426e-04
   2268   1.02125319e-04
   2269   1.02035331e-04
   2270   1.01945461e-04
   2271   2.45309232e-04
   2272   2.45093362e-04
   2273   2.44877777e-04
   2274   2.44662476e-04
   2275   2.44447459e-04
   2276   2.93457035e-04
   2277   2.93199362e-04
   2278   2.92942029e-04
   2279   2.92685034e-04
   2280   2.92428377e-04
   2281   3.07747156e-04
   2282   3.07477527e-04
   2283   3.07208253e-04
   2284   3.06939333e-04
   2285   3.06670765e-04
   2286   2.78714500e-04
   2287   2.78470842e-04
   2288   2.78227503e-04
   2289   2.77984483e-04
   2290   2.77741782e-04
   2291   2.34385927e-04
   2292   2.34181469e-04
   2293   2.33977278e-04
   2294   2.33773354e-04
   2295   2.33569697e-04
   2296   1.74910017e-04
   2297   1.74757772e-04
   2298   1.74605727e-04
   2299   1.74453879e-04
   2300   1.74302229e-04
   2301   1.07783041e-04
   2302   1.07689429e-04
   2303   1.07595938e-04
   2304   1.07502569e-04
   2305   1.07409322e-04
   2306   5.15729659e-05
   2307   5.15282705e-05
   2308   5.14836331e-05
   2309   5.14390537e-05
   2310   5.13945322e-05
   2311   4.73149738e-06
   2312   4.72740572e-06
   2313   4.72331936e-06
   2314   4.71923829e-06
   2315   4.71516252e-06
   2316  -2.80348687e-05
   2317  -2.80106772e-05
   2318  -2.79865171e-05
   2319  -2.79623882e-05
   2320  -2.79382905e-05
   2321  -4.82691268e-05
   2322  -4.82275647e-05
   2323  -4.81860563e-05
   2324  -4.81446015e-05
   2325  -4.81032001e-05
   2326  -5.87163923e-05
   2327  -5.86659433e-05
   2328  -5.86155592e-05
   2329  -5.85652400e-05
   2330  -5.85149856e-05
   2331  -6.17186356e-05
   2332  -6.16657207e-05
   2333  -6.16128738e-05
   2334  -6.15600949e-05
   2335  -6.15073837e-05
   2336  -5.73107210e-05
   2337  -5.72616903e-05
   2338  -5.72127226e-05
   2339  -5.71638176e-05
   2340  -5.71149753e-05
   2341  -5.10117592e-05
   2342  -5.09682106e-05
   2343  -5.09247177e-05
   2344  -5.08812805e-05
   2345  -5.08378988e-05
   2346  -4.06815624e-05
   2347  -4.06469067e-05
   2348  -4.06122951e-05
   2349  -4.05777278e-05
   2350  -4.05432046e-05
   2351  -2.98336476e-05
   2352  -2.98082870e-05
   2353  -2.97829586e-05
   2354  -2.97576626e-05
   2355  -2.97323987e-05
   2356  -2.00786427e-05
   2357  -2.00616106e-05
   2358  -2.00446002e-05
   2359  -2.00276115e-05
   2360  -2.00106443e-05
   2361  -1.35125892e-05
   2362  -1.35011512e-05
   2363  -1.34897277e-05
   2364  -1.34783187e-05
   2365  -1.34669241e-05
   2366  -9.39152715e-06
   2367  -9.38359428e-06
   2368  -9.37567145e-06
   2369  -9.36775866e-06
   2370  -9.35985588e-06
   2371  -6.72303232e-06
   2372  -6.71736545e-06
   2373  -6.71170574e-06
   2374  -6.70605319e-06
   2375  -6.70040777e-06
   2376  -5.58440806e-06
   2377  -5.57971084e-06
   2378  -5.57501954e-06
   2379  -5.57033416e-06
   2380  -5.56565468e-06
   2381  -5.51000832e-06
   2382  -5.50538341e-06
   2383  -5.50076431e-06
   2384  -5.49615103e-06
   2385  -5.49154354e-06
   2386  -5.90878713e-06
   2387  -5.90383788e-06
   2388  -5.89889484e-06
   2389  -5.89395801e-06
   2390  -5.88902738e-06
   2391  -6.57888318e-06
   2392  -6.57338417e-06
   2393  -6.56789205e-06
   2394  -6.56240681e-06
   2395  -6.55692843e-06
   2396  -6.53291710e-06
   2397  -6.52746789e-06
   2398  -6.52202550e-06
   2399  -6.51658991e-06
   2400  -6.51116112e-06
   2401  -6.54098167e-06
   2402  -6.53553709e-06
   2403  -6.53009931e-06
   2404  -6.52466830e-06
   2405  -6.51924408e-06
   2406  -6.30389302e-06
   2407  -6.29865668e-06
   2408  -6.29342687e-06
   2409  -6.28820357e-06
   2410  -6.28298677e-06
   2411  -6.49977043e-06
   2412  -6.49438258e-06
   2413  -6.48900142e-06
   2414  -6.48362695e-06
   2415  -6.47825916e-06
   2416  -7.09769991e-06
   2417  -7.09182859e-06
   2418  -7.08596454e-06
   2419  -7.08010777e-06
   2420  -7.07425825e-06
   2421  -7.77089662e-06
   2422  -7.76448169e-06
   2423  -7.75807469e-06
   2424  -7.75167562e-06
   2425  -7.74528446e-06
   2426  -8.67225718e-06
   2427  -8.66511290e-06
   2428  -8.65797745e-06
   2429  -8.65085081e-06
   2430  -8.64373297e-06
   2431  -8.98471449e-06
   2432  -8.97732803e-06
   2433  -8.96995066e-06
   2434  -8.96258239e-06
   2435  -8.95522319e-06
   2436  -9.15856890e-06
   2437  -9.15105494e-06
   2438  -9.14355023e-06
   2439  -9.13605475e-06
   2440  -9.12856848e-06
   2441  -8.78701170e-06
   2442  -8.77981734e-06
   2443  -8.77263181e-06
   2444  -8.76545510e-06
   2445  -8.75828719e-06
   2446  -7.86310482e-06
   2447  -7.85668006e-06
   2448  -7.85026317e-06
   2449  -7.84385414e-06
   2450  -7.83745295e-06
   2451  -7.11900018e-06
   2452  -7.11319527e-06
   2453  -7.10739745e-06
   2454  -7.10160672e-06
   2455  -7.09582306e-06
   2456  -6.41613375e-06
   2457  -6.41091261e-06
   2458  -6.40569784e-06
   2459  -6.40048942e-06
   2460  -6.39528736e-06
   2461  -6.04257365e-06
   2462  -6.03766647e-06
   2463  -6.03276527e-06
   2464  -6.02787004e-06
   2465  -6.02298076e-06
   2466  -5.83081305e-06
   2467  -5.82608744e-06
   2468  -5.82136757e-06
   2469  -5.81665344e-06
   2470  -5.81194503e-06
   2471  -5.71312987e-06
   2472  -5.70850900e-06
   2473  -5.70389373e-06
   2474  -5.69928406e-06
   2475  -5.69467997e-06
   2476  -5.83421257e-06
   2477  -5.82950328e-06
   2478  -5.82479970e-06
   2479  -5.82010181e-06
   2480  -5.81540960e-06
   2481  -5.79611007e-06
   2482  -5.79144097e-06
   2483  -5.78677750e-06
   2484  -5.78211967e-06
   2485  -5.77746746e-06
   2486  -5.97407209e-06
   2487  -5.96926930e-06
   2488  -5.96447230e-06
   2489  -5.95968108e-06
   2490  -5.95489562e-06
   2491  -5.89066110e-06
   2492  -5.88593487e-06
   2493  -5.88121432e-06
   2494  -5.87649944e-06
   2495  -5.87179024e-06
   2496  -5.73843671e-06
   2497  -5.73384182e-06
   2498  -5.72925246e-06
   2499  -5.72466860e-06
   2500  -5.72009023e-06
   2501  -5.50996596e-06
   2502  -5.50556283e-06
   2503  -5.50116497e-06
   2504  -5.49677239e-06
   2505  -5.49238506e-06
   2506  -5.19648347e-06
   2507  -5.19233913e-06
   2508  -5.18819974e-06
   2509  -5.18406531e-06
   2510  -5.17993581e-06
   2511  -5.24261187e-06
   2512  -5.23843906e-06
   2513  -5.23427123e-06
   2514  -5.23010838e-06
   2515  -5.22595049e-06
   2516  -5.09702904e-06
   2517  -5.09298016e-06
   2518  -5.08893611e-06
   2519  -5.08489687e-06
   2520  -5.08086244e-06
   2521  -5.15099671e-06
   2522  -5.14691308e-06
   2523  -5.14283430e-06
   2524  -5.13876036e-06
   2525  -5.13469126e-06
   2526  -5.14373604e-06
   2527  -5.13966623e-06
   2528  -5.13560124e-06
   2529  -5.13154108e-06
   2530  -5.12748572e-06
   2531  -5.18176914e-06
   2532  -5.17767733e-06
   2533  -5.17359036e-06
   2534  -5.16950823e-06
   2535  -5.16543093e-06
   2536  -5.25853500e-06
   2537  -5.25439075e-06
   2538  -5.25025140e-06
   2539  -5.24611694e-06
   2540  -5.24198736e-06
   2541  -5.14375620e-06
   2542  -5.13971037e-06
   2543  -5.13566932e-06
   2544  -5.13163304e-06
   2545  -5.12760151e-06
   2546  -5.04211437e-06
   2547  -5.03815628e-06
   2548  -5.03420285e-06
   2549  -5.03025406e-06
   2550  -5.02630993e-06
   2551  -4.71947090e-06
   2552  -4.71577334e-06
   2553  -4.71208013e-06
   2554  -4.70839125e-06
   2555  -4.70470670e-06
   2556  -4.64369362e-06
   2557  -4.64006254e-06
   2558  -4.63643572e-06
   2559  -4.63281315e-06
   2560  -4.62919483e-06
   2561  -4.57120207e-06
   2562  -4.56763465e-06
   2563  -4.56407140e-06
   2564  -4.56051232e-06
   2565  -4.55695741e-06
   2566  -4.53378140e-06
   2567  -4.53025007e-06
   2568  -4.52672287e-06
   2569  -4.52319979e-06
   2570  -4.51968082e-06
   2571  -4.64225808e-06
   2572  -4.63864929e-06
   2573  -4.63504471e-06
   2574  -4.63144432e-06
   2575  -4.62784813e-06
   2576  -4.54863591e-06
   2577  -4.54510676e-06
   2578  -4.54158171e-06
   2579  -4.53806077e-06
   2580  -4.53454391e-06
   2581  -4.65543755e-06
   2582  -4.65183252e-06
   2583  -4.64823169e-06
   2584  -4.64463503e-06
   2585  -4.64104254e-06
   2586  -4.63343046e-06
   2587  -4.62984941e-06
   2588  -4.62627251e-06
   2589  -4.62269976e-06
   2590  -4.61913114e-06
   2591  -4.56581655e-06
   2592  -4.56229456e-06
   2593  -4.55877665e-06
   2594  -4.55526280e-06
   2595  -4.55175301e-06
   2596  -4.46948435e-06
   2597  -4.46604331e-06
   2598  -4.46260624e-06
   2599  -4.45917313e-06
   2600  -4.45574399e-06
   2601  -4.20725753e-06
   2602  -4.20402460e-06
   2603  -4.20079539e-06
   2604  -4.19756991e-06
   2605  -4.19434813e-06
   2606  -4.18832197e-06
   2607  -4.18510976e-06
   2608  -4.18190124e-06
   2609  -4.17869641e-06
   2610  -4.17549527e-06
   2611  -4.05409268e-06
   2612  -4.05098936e-06
   2613  -4.04788961e-06
   2614  -4.04479341e-06
   2615  -4.04170077e-06
   2616  -4.12080265e-06
   2617  -4.11765430e-06
   2618  -4.11450955e-06
   2619  -4.11136840e-06
   2620  -4.10823085e-06
   2621  -4.04393708e-06
   2622  -4.04085334e-06
   2623  -4.03777313e-06
   2624  -4.03469644e-06
   2625  -4.03162326e-06
   2626  -4.11283711e-06
   2627  -4.10970680e-06
   2628  -4.10658006e-06
   2629  -4.10345689e-06
   2630  -4.10033728e-06
   2631  -4.21528294e-06
   2632  -4.21208075e-06
   2633  -4.20888221e-06
   2634  -4.20568731e-06
   2635  -4.20249605e-06
   2636  -4.13608138e-06
   2637  -4.13294531e-06
   2638  -4.12981281e-06
   2639  -4.12668386e-06
   2640  -4.12355848e-06
   2641  -4.10173307e-06
   2642  -4.09862893e-06
   2643  -4.09552831e-06
   2644  -4.09243121e-06
   2645  -4.08933762e-06
   2646  -3.98830762e-06
   2647  -3.98529502e-06
   2648  -3.98228583e-06
   2649  -3.97928005e-06
   2650  -3.97627767e-06
   2651  -3.82555318e-06
   2652  -3.82266896e-06
   2653  -3.81978800e-06
   2654  -3.81691030e-06
   2655  -3.81403585e-06
   2656  -3.81639713e-06
   2657  -3.81352523e-06
   2658  -3.81065657e-06
   2659  -3.80779115e-06
   2660  -3.80492896e-06
   2661  -3.63601351e-06
   2662  -3.63328249e-06
   2663  -3.63055454e-06
   2664  -3.62782967e-06
   2665  -3.62510786e-06
   2666  -3.73553560e-06
   2667  -3.73273508e-06
   2668  -3.72993772e-06
   2669  -3.72714350e-06
   2670  -3.72435241e-06
   2671  -3.69173106e-06
   2672  -3.68896856e-06
   2673  -3.68620916e-06
   2674  -3.68345286e-06
   2675  -3.68069965e-06
   2676  -3.65687213e-06
   2677  -3.65414082e-06
   2678  -3.65141258e-06
   2679  -3.64868739e-06
   2680  -3.64596525e-06
   2681  -3.75409644e-06
   2682  -3.75129775e-06
   2683  -3.74850218e-06
   2684  -3.74570974e-06
   2685  -3.74292042e-06
   2686  -3.68776650e-06
   2687  -3.68502237e-06
   2688  -3.68228131e-06
   2689  -3.67954330e-06
   2690  -3.67680834e-06
   2691  -3.71010401e-06
   2692  -3.70734838e-06
   2693  -3.70459583e-06
   2694  -3.70184634e-06
   2695  -3.69909990e-06
   2696  -3.48780370e-06
   2697  -3.48521799e-06
   2698  -3.48263515e-06
   2699  -3.48005518e-06
   2700  -3.47747808e-06
   2701  -3.41143046e-06
   2702  -3.40890604e-06
   2703  -3.40638443e-06
   2704  -3.40386561e-06
   2705  -3.40134959e-06
   2706  -3.32415702e-06
   2707  -3.32170173e-06
   2708  -3.31924915e-06
   2709  -3.31679930e-06
   2710  -3.31435215e-06
   2711  -3.25753439e-06
   2712  -3.25513274e-06
   2713  -3.25273375e-06
   2714  -3.25033741e-06
   2715  -3.24794371e-06
   2716  -3.30577878e-06
   2717  -3.30334605e-06
   2718  -3.30091600e-06
   2719  -3.29848863e-06
   2720  -3.29606394e-06
   2721  -3.18203846e-06
   2722  -3.17970109e-06
   2723  -3.17736629e-06
   2724  -3.17503407e-06
   2725  -3.17270441e-06
   2726  -3.25825153e-06
   2727  -3.25586256e-06
   2728  -3.25347622e-06
   2729  -3.25109250e-06
   2730  -3.24871140e-06
   2731  -3.25988608e-06
   2732  -3.25750029e-06
   2733  -3.25511711e-06
   2734  -3.25273655e-06
   2735  -3.25035861e-06
   2736  -3.16409935e-06
   2737  -3.16178789e-06
   2738  -3.15947896e-06
   2739  -3.15717256e-06
   2740  -3.15486869e-06
   2741  -3.17804961e-06
   2742  -3.17573219e-06
   2743  -3.17341731e-06
   2744  -3.17110495e-06
   2745  -3.16879512e-06
   2746  -2.97331336e-06
   2747  -2.97114918e-06
   2748  -2.96898736e-06
   2749  -2.96682790e-06
   2750  -2.96467079e-06
   2751  -2.87866048e-06
   2752  -2.87656900e-06
   2753  -2.87447980e-06
   2754  -2.87239287e-06
   2755  -2.87030822e-06
   2756  -2.75760866e-06
   2757  -2.75560876e-06
   2758  -2.75361104e-06
   2759  -2.75161548e-06
   2760  -2.74962210e-06
   2761  -2.67482170e-06
   2762  -2.67288535e-06
   2763  -2.67095111e-06
   2764  -2.66901896e-06
   2765  -2.66708891e-06
   2766  -2.66379551e-06
   2767  -2.66187063e-06
   2768  -2.65994783e-06
   2769  -2.65802712e-06
   2770  -2.65610848e-06
   2771  -2.58018222e-06
   2772  -2.57832112e-06
   2773  -2.57646204e-06
   2774  -2.57460496e-06
   2775  -2.57274989e-06
   2776  -2.65767557e-06
   2777  -2.65576202e-06
   2778  -2.65385054e-06
   2779  -2.65194113e-06
   2780  -2.65003377e-06
   2781  -2.58008478e-06
   2782  -2.57823044e-06
   2783  -2.57637810e-06
   2784  -2.57452775e-06
   2785  -2.57267939e-06
   2786  -2.59436937e-06
   2787  -2.59250810e-06
   2788  -2.59064884e-06
   2789  -2.58879158e-06
   2790  -2.58693631e-06
   2791  -2.54565468e-06
   2792  -2.54383163e-06
   2793  -2.54201054e-06
   2794  -2.54019141e-06
   2795  -2.53837423e-06
   2796  -2.43409937e-06
   2797  -2.43235933e-06
   2798  -2.43062116e-06
   2799  -2.42888484e-06
   2800  -2.42715039e-06
   2801  -2.34296896e-06
   2802  -2.34129705e-06
   2803  -2.33962693e-06
   2804  -2.33795860e-06
   2805  -2.33629205e-06
   2806  -2.21100857e-06
   2807  -2.20943364e-06
   2808  -2.20786039e-06
   2809  -2.20628882e-06
   2810  -2.20471892e-06
   2811  -2.18098121e-06
   2812  -2.17943042e-06
   2813  -2.17788129e-06
   2814  -2.17633382e-06
   2815  -2.17478799e-06
   2816  -2.18198945e-06
   2817  -2.18044070e-06
   2818  -2.17889360e-06
   2819  -2.17734815e-06
   2820  -2.17580434e-06
   2821  -2.15762479e-06
   2822  -2.15609605e-06
   2823  -2.15456893e-06
   2824  -2.15304344e-06
   2825  -2.15151957e-06
   2826  -2.15760856e-06
   2827  -2.15608254e-06
   2828  -2.15455813e-06
   2829  -2.15303534e-06
   2830  -2.15151417e-06
   2831  -2.13765406e-06
   2832  -2.13614482e-06
   2833  -2.13463717e-06
   2834  -2.13313112e-06
   2835  -2.13162666e-06
   2836  -2.13721515e-06
   2837  -2.13570888e-06
   2838  -2.13420420e-06
   2839  -2.13270110e-06
   2840  -2.13119960e-06
   2841  -2.06543061e-06
   2842  -2.06397748e-06
   2843  -2.06252590e-06
   2844  -2.06107584e-06
   2845  -2.05962731e-06
   2846  -1.96723276e-06
   2847  -1.96585115e-06
   2848  -1.96447100e-06
   2849  -1.96309230e-06
   2850  -1.96171506e-06
   2851  -1.84732092e-06
   2852  -1.84602580e-06
   2853  -1.84473205e-06
   2854  -1.84343965e-06
   2855  -1.84214862e-06
   2856  -1.74830810e-06
   2857  -1.74708454e-06
   2858  -1.74586227e-06
   2859  -1.74464128e-06
   2860  -1.74342157e-06
   2861  -1.70116040e-06
   2862  -1.69997192e-06
   2863  -1.69878469e-06
   2864  -1.69759869e-06
   2865  -1.69641394e-06
   2866  -1.65859744e-06
   2867  -1.65744072e-06
   2868  -1.65628520e-06
   2869  -1.65513090e-06
   2870  -1.65397780e-06
   2871  -1.63870557e-06
   2872  -1.63756471e-06
   2873  -1.63642504e-06
   2874  -1.63528656e-06
   2875  -1.63414926e-06
   2876  -1.60418529e-06
   2877  -1.60307040e-06
   2878  -1.60195667e-06
   2879  -1.60084411e-06
   2880  -1.59973270e-06
   2881  -1.60091515e-06
   2882  -1.59980446e-06
   2883  -1.59869493e-06
   2884  -1.59758655e-06
   2885  -1.59647933e-06
   2886  -1.57919565e-06
   2887  -1.57810193e-06
   2888  -1.57700935e-06
   2889  -1.57591790e-06
   2890  -1.57482758e-06
   2891  -1.53998134e-06
   2892  -1.53891662e-06
   2893  -1.53785300e-06
   2894  -1.53679049e-06
   2895  -1.53572908e-06
   2896  -1.48600236e-06
   2897  -1.48497674e-06
   2898  -1.48395218e-06
   2899  -1.48292867e-06
   2900  -1.48190623e-06
   2901  -1.38218257e-06
   2902  -1.38123025e-06
   2903  -1.38027890e-06
   2904  -1.37932854e-06
   2905  -1.37837916e-06
   2906  -1.32423361e-06
   2907  -1.32332278e-06
   2908  -1.32241289e-06
   2909  -1.32150394e-06
   2910  -1.32059592e-06
   2911  -1.25165642e-06
   2912  -1.25079699e-06
   2913  -1.24993844e-06
   2914  -1.24908077e-06
   2915  -1.24822399e-06
   2916  -1.23234777e-06
   2917  -1.23150304e-06
   2918  -1.23065919e-06
   2919  -1.22981620e-06
   2920  -1.22897407e-06
   2921  -1.24624363e-06
   2922  -1.24539084e-06
   2923  -1.24453892e-06
   2924  -1.24368789e-06
   2925  -1.24283772e-06
   2926  -1.20813123e-06
   2927  -1.20730594e-06
   2928  -1.20648149e-06
   2929  -1.20565788e-06
   2930  -1.20483511e-06
   2931  -1.22214757e-06
   2932  -1.22131412e-06
   2933  -1.22048153e-06
   2934  -1.21964978e-06
   2935  -1.21881889e-06
   2936  -1.18765392e-06
   2937  -1.18684538e-06
   2938  -1.18603766e-06
   2939  -1.18523076e-06
   2940  -1.18442469e-06
   2941  -1.13818157e-06
   2942  -1.13740802e-06
   2943  -1.13663526e-06
   2944  -1.13586328e-06
   2945  -1.13509209e-06
   2946  -1.09335925e-06
   2947  -1.09261742e-06
   2948  -1.09187635e-06
   2949  -1.09113603e-06
   2950  -1.09039647e-06
   2951  -9.81946473e-07
   2952  -9.81281367e-07
   2953  -9.80616936e-07
   2954  -9.79953180e-07
   2955  -9.79290097e-07
   2956  -9.33424249e-07
   2957  -9.32793077e-07
   2958  -9.32162545e-07
   2959  -9.31532653e-07
   2960  -9.30903398e-07
   2961  -8.82931028e-07
   2962  -8.82335007e-07
   2963  -8.81739589e-07
   2964  -8.81144774e-07
   2965  -8.80550560e-07
   2966  -8.61669610e-07
   2967  -8.61088921e-07
   2968  -8.60508819e-07
   2969  -8.59929303e-07
   2970  -8.59350372e-07
   2971  -8.55905255e-07
   2972  -8.55329421e-07
   2973  -8.54754168e-07
   2974  -8.54179495e-07
   2975  -8.53605401e-07
   2976  -8.20574546e-07
   2977  -8.20023409e-07
   2978  -8.19472827e-07
   2979  -8.18922799e-07
   2980  -8.18373325e-07
   2981  -8.37652770e-07
   2982  -8.37091106e-07
   2983  -8.36530006e-07
   2984  -8.35969470e-07
   2985  -8.35409497e-07
   2986  -8.06786815e-07
   2987  -8.06246751e-07
   2988  -8.05707230e-07
   2989  -8.05168251e-07
   2990  -8.04629812e-07
   2991  -7.88761365e-07
   2992  -7.88234250e-07
   2993  -7.87707664e-07
   2994  -7.87181604e-07
   2995  -7.86656072e-07
   2996  -7.35855597e-07
   2997  -7.35364658e-07
   2998  -7.34874211e-07
   2999  -7.34384254e-07
   3000  -7.33894787e-07
   3001  -6.72945907e-07
   3002  -6.72497687e-07
   3003  -6.72049915e-07
   3004  -6.71602590e-07
   3005  -6.71155711e-07
   3006  -6.41975524e-07
   3007  -6.41548643e-07
   3008  -6.41122188e-07
   3009  -6.40696157e-07
   3010  -6.40270552e-07
   3011  -5.98224318e-07
   3012  -5.97827190e-07
   3013  -5.97430457e-07
   3014  -5.97034119e-07
   3015  -5.96638174e-07
   3016  -5.79799498e-07
   3017  -5.79415239e-07
   3018  -5.79031361e-07
   3019  -5.78647865e-07
   3020  -5.78264750e-07
   3021  -5.70472236e-07
   3022  -5.70094783e-07
   3023  -5.69717705e-07
   3024  -5.69341001e-07
   3025  -5.68964671e-07
   3026  -5.54916140e-07
   3027  -5.54549587e-07
   3028  -5.54183396e-07
   3029  -5.53817569e-07
   3030  -5.53452103e-07
   3031  -5.68523929e-07
   3032  -5.68149006e-07
   3033  -5.67774454e-07
   3034  -5.67400272e-07
   3035  -5.67026460e-07
   3036  -5.48982992e-07
   3037  -5.48621551e-07
   3038  -5.48260468e-07
   3039  -5.47899740e-07
   3040  -5.47539369e-07
   3041  -5.33391592e-07
   3042  -5.33040993e-07
   3043  -5.32690741e-07
   3044  -5.32340833e-07
   3045  -5.31991270e-07
   3046  -4.95039842e-07
   3047  -4.94714986e-07
   3048  -4.94390450e-07
   3049  -4.94066233e-07
   3050  -4.93742335e-07
   3051  -4.59742651e-07
   3052  -4.59441452e-07
   3053  -4.59140549e-07
   3054  -4.58839941e-07
   3055  -4.58539629e-07
   3056  -4.28441289e-07
   3057  -4.28161056e-07
   3058  -4.27881097e-07
   3059  -4.27601414e-07
   3060  -4.27322004e-07
   3061  -3.96385697e-07
   3062  -3.96126854e-07
   3063  -3.95868265e-07
   3064  -3.95609928e-07
   3065  -3.95351844e-07
   3066  -3.89858134e-07
   3067  -3.89603968e-07
   3068  -3.89350051e-07
   3069  -3.89096382e-07
   3070  -3.88842961e-07
   3071  -3.77681464e-07
   3072  -3.77435638e-07
   3073  -3.77190052e-07
   3074  -3.76944705e-07
   3075  -3.76699597e-07
   3076  -3.72591954e-07
   3077  -3.72349834e-07
   3078  -3.72107950e-07
   3079  -3.71866302e-07
   3080  -3.71624889e-07
   3081  -3.49899342e-07
   3082  -3.49672337e-07
   3083  -3.49445553e-07
   3084  -3.49218990e-07
   3085  -3.48992647e-07
   3086  -3.23358825e-07
   3087  -3.23149379e-07
   3088  -3.22940136e-07
   3089  -3.22731096e-07
   3090  -3.22522260e-07
   3091  -2.81619118e-07
   3092  -2.81437002e-07
   3093  -2.81255063e-07
   3094  -2.81073300e-07
   3095  -2.80891714e-07
   3096  -2.12511998e-07
   3097  -2.12374794e-07
   3098  -2.12237723e-07
   3099  -2.12100784e-07
   3100  -2.11963978e-07
   3101  -1.40993451e-07
   3102  -1.40902568e-07
   3103  -1.40811773e-07
   3104  -1.40721066e-07
   3105  -1.40630446e-07
   3106  -7.35320567e-08
   3107  -7.34847350e-08
   3108  -7.34374589e-08
   3109  -7.33902285e-08
   3110  -7.33430435e-08
   3111  -3.04212483e-08
   3112  -3.04017021e-08
   3113  -3.03821747e-08
   3114  -3.03626661e-08
   3115  -3.03431763e-08
   3116  -4.05989748e-09
   3117  -4.05729310e-09
   3118  -4.05469123e-09
   3119  -4.05209186e-09
   3120  -4.04949499e-09
   3121   9.31722901e-09
   3122   9.31126169e-09
   3123   9.30530010e-09
   3124   9.29934423e-09
   3125   9.29339408e-09
   3126   1.57715974e-08
   3127   1.57615125e-08
   3128   1.57514372e-08
   3129   1.57413716e-08
   3130   1.57313156e-08
   3131   1.80807010e-08
   3132   1.80691580e-08
   3133   1.80576260e-08
   3134   1.80461051e-08
   3135   1.80345952e-08
   3136   1.94932793e-08
   3137   1.94808543e-08
   3138   1.94684412e-08
   3139   1.94560399e-08
   3140   1.94436505e-08
   3141   1.95029752e-08
   3142   1.94905638e-08
   3143   1.94781643e-08
   3144   1.94657765e-08
   3145   1.94534006e-08
   3146   1.95158068e-08
   3147   1.95034070e-08
   3148   1.94910190e-08
   3149   1.94786427e-08
   3150   1.94662783e-08
   3151   1.96548574e-08
   3152   1.96423890e-08
   3153   1.96299325e-08
   3154   1.96174878e-08
   3155   1.96050550e-08
   3156   1.86514354e-08
   3157   1.86396223e-08
   3158   1.86278204e-08
   3159   1.86160297e-08
   3160   1.86042502e-08
   3161   1.78815058e-08
   3162   1.78701983e-08
   3163   1.78589014e-08
   3164   1.78476153e-08
   3165   1.78363398e-08
   3166   1.68225127e-08
   3167   1.68118916e-08
   3168   1.68012805e-08
   3169   1.67906795e-08
   3170   1.67800885e-08
   3171   1.61995576e-08
   3172   1.61893459e-08
   3173   1.61791438e-08
   3174   1.61689515e-08
   3175   1.61587687e-08
   3176   1.56658094e-08
   3177   1.56559497e-08
   3178   1.56460993e-08
   3179   1.56362583e-08
   3180   1.56264264e-08
   3181   1.47350374e-08
   3182   1.47257781e-08
   3183   1.47165275e-08
   3184   1.47072856e-08
   3185   1.46980525e-08
   3186   1.45681300e-08
   3187   1.45589899e-08
   3188   1.45498585e-08
   3189   1.45407356e-08
   3190   1.45316213e-08
   3191   1.36434475e-08
   3192   1.36349010e-08
   3193   1.36263625e-08
   3194   1.36178320e-08
   3195   1.36093096e-08
   3196   1.34946635e-08
   3197   1.34862234e-08
   3198   1.34777912e-08
   3199   1.34693669e-08
   3200   1.34609506e-08
   3201   1.28192787e-08
   3202   1.28112735e-08
   3203   1.28032759e-08
   3204   1.27952857e-08
   3205   1.27873030e-08
   3206   1.20887100e-08
   3207   1.20811728e-08
   3208   1.20736426e-08
   3209   1.20661195e-08
   3210   1.20586035e-08
   3211   1.18381935e-08
   3212   1.18308240e-08
   3213   1.18234614e-08
   3214   1.18161056e-08
   3215   1.18087567e-08
   3216   1.12317054e-08
   3217   1.12247243e-08
   3218   1.12177497e-08
   3219   1.12107816e-08
   3220   1.12038200e-08
   3221   1.10731235e-08
   3222   1.10662516e-08
   3223   1.10593862e-08
   3224   1.10525271e-08
   3225   1.10456744e-08
   3226   1.07770585e-08
   3227   1.07703807e-08
   3228   1.07637092e-08
   3229   1.07570438e-08
   3230   1.07503847e-08
   3231   1.01868736e-08
   3232   1.01805713e-08
   3233   1.01742749e-08
   3234   1.01679843e-08
   3235   1.01616995e-08
   3236   1.02682747e-08
   3237   1.02619318e-08
   3238   1.02555949e-08
   3239   1.02492638e-08
   3240   1.02429385e-08
   3241   9.67239855e-09
   3242   9.66643300e-09
   3243   9.66047297e-09
   3244   9.65451844e-09
   3245   9.64856942e-09
   3246   9.76141776e-09
   3247   9.75540657e-09
   3248   9.74940093e-09
   3249   9.74340084e-09
   3250   9.73740629e-09
   3251   9.51454538e-09
   3252   9.50869522e-09
   3253   9.50285046e-09
   3254   9.49701109e-09
   3255   9.49117710e-09
   3256   9.33402806e-09
   3257   9.32829771e-09
   3258   9.32257263e-09
   3259   9.31685282e-09
   3260   9.31113827e-09
   3261   9.50704785e-09
   3262   9.50122022e-09
   3263   9.49539795e-09
   3264   9.48958102e-09
   3265   9.48376945e-09
   3266   9.06944625e-09
   3267   9.06389537e-09
   3268   9.05834958e-09
   3269   9.05280888e-09
   3270   9.04727327e-09
   3271   9.30587634e-09
   3272   9.30018946e-09
   3273   9.29450778e-09
   3274   9.28883131e-09
   3275   9.28316004e-09
   3276   9.08010864e-09
   3277   9.07456819e-09
   3278   9.06903281e-09
   3279   9.06350249e-09
   3280   9.05797723e-09
   3281   9.12144573e-09
   3282   9.11588854e-09
   3283   9.11033642e-09
   3284   9.10478937e-09
   3285   9.09924738e-09
   3286   9.18531307e-09
   3287   9.17972547e-09
   3288   9.17414297e-09
   3289   9.16856556e-09
   3290   9.16299323e-09
   3291   8.95270075e-09
   3292   8.94726292e-09
   3293   8.94183005e-09
   3294   8.93640212e-09
   3295   8.93097914e-09
   3296   9.34600759e-09
   3297   9.34033948e-09
   3298   9.33467652e-09
   3299   9.32901872e-09
   3300   9.32336605e-09
