     50   3.35994397e-14
     51   2.44927669e-14
     52   2.35641950e-14
     53   2.26874457e-14
     54   2.18587334e-14
     55   2.10746117e-14
     56   1.11166235e-14
     57   1.07316542e-14
     58   1.03663415e-14
     59   1.00193695e-14
     60   9.68953076e-15
     61   5.99843972e-15
     62   5.80726364e-15
     63   5.62508352e-15
     64   5.45134366e-15
     65   5.28553062e-15
     66   1.56192469e-14
     67   1.51581813e-14
     68   1.47172338e-14
     69   1.42952507e-14
     70   1.38911600e-14
     71   1.01060999e-14
     72   9.82827893e-15
     73   9.56175865e-15
     74   9.30593434e-15
     75   9.06024124e-15
     76   1.50647413e-14
     77   1.46772360e-14
     78   1.43044922e-14
     79   1.39457695e-14
     80   1.36003735e-14
     81   2.24280949e-14
     82   2.18860412e-14
     83   2.13634036e-14
     84   2.08592658e-14
     85   2.03727648e-14
     86   1.70031031e-14
     87   1.66155775e-14
     88   1.62411510e-14
     89   1.58792397e-14
     90   1.55292920e-14
     91   1.75769770e-14
     92   1.71979670e-14
     93   1.68310849e-14
     94   1.64758189e-14
     95   1.61316835e-14
     96   1.26245628e-14
     97   1.23662649e-14
     98   1.21158137e-14
     99   1.18728948e-14
    100   1.16372089e-14
    101   4.81413526e-15
    102   4.72043115e-15
    103   4.62943648e-15
    104   4.54104781e-15
    105   4.45516657e-15
    106   3.33638793e-15
    107   3.27446062e-15
    108   3.21424162e-15
    109   3.15566866e-15
    110   3.09868230e-15
    111   7.96786131e-15
    112   7.82652663e-15
    113   7.68891938e-15
    114   7.55490964e-15
    115   7.42437309e-15
    116   1.12183650e-14
    117   1.10278221e-14
    118   1.08420928e-14
    119   1.06610164e-14
    120   1.04844387e-14
    121   1.97679633e-14
    122   1.94458824e-14
    123   1.91316094e-14
    124   1.88248939e-14
    125   1.85254956e-14
    126   2.62807287e-14
    127   2.58692935e-14
    128   2.54674449e-14
    129   2.50748876e-14
    130   2.46913371e-14
    131   2.35619229e-14
    132   2.32069448e-14
    133   2.28599287e-14
    134   2.25206383e-14
    135   2.21888460e-14
    136   1.69451155e-14
    137   1.66990909e-14
    138   1.64583856e-14
    139   1.62228475e-14
    140   1.59923296e-14
    141   9.78715834e-15
    142   9.65003655e-15
    143   9.51577640e-15
    144   9.38429881e-15
    145   9.25552742e-15
    146   8.93818813e-15
    147   8.81719847e-15
    148   8.69864892e-15
    149   8.58247428e-15
    150   8.46861156e-15
    151   1.46202998e-14
    152   1.44288735e-14
    153   1.42411824e-14
    154   1.40571298e-14
    155   1.38766223e-14
    156   1.60351632e-14
    157   1.58318663e-14
    158   1.56324112e-14
    159   1.54367017e-14
    160   1.52446446e-14
    161   3.95913062e-14
    162   3.91047806e-14
    163   3.86271683e-14
    164   3.81582530e-14
    165   3.76978247e-14
    166   3.42683228e-14
    167   3.38597614e-14
    168   3.34584631e-14
    169   3.30642570e-14
    170   3.26769769e-14
    171   4.15937820e-14
    172   4.11122362e-14
    173   4.06390048e-14
    174   4.01738975e-14
    175   3.97167293e-14
    176   5.85136181e-14
    177   5.78552410e-14
    178   5.72079134e-14
    179   5.65713896e-14
    180   5.59454304e-14
    181   3.50000127e-14
    182   3.46169777e-14
    183   3.42401964e-14
    184   3.38695333e-14
    185   3.35048566e-14
    186   4.08567761e-14
    187   4.04215531e-14
    188   3.99932475e-14
    189   3.95717135e-14
    190   3.91568091e-14
    191   3.56821814e-14
    192   3.53119402e-14
    193   3.49474317e-14
    194   3.45885381e-14
    195   3.42351449e-14
    196   3.99541714e-14
    197   3.95500856e-14
    198   3.91520992e-14
    199   3.87600901e-14
    200   3.83739391e-14
    201   3.76311292e-14
    202   3.72599237e-14
    203   3.68941838e-14
    204   3.65338027e-14
    205   3.61786762e-14
    206   1.81103445e-14
    207   1.79359978e-14
    208   1.77641566e-14
    209   1.75947732e-14
    210   1.74278010e-14
    211   2.04949898e-15
    212   2.03023232e-15
    213   2.01123607e-15
    214   1.99250520e-15
    215   1.97403477e-15
    216   0.00000000e+00
    217   0.00000000e+00
    218   0.00000000e+00
    219   0.00000000e+00
    220   0.00000000e+00
    221   0.00000000e+00
    222   0.00000000e+00
    223   0.00000000e+00
    224   0.00000000e+00
    225   0.00000000e+00
    226   4.79024953e-16
    227   4.74818382e-16
    228   4.70666980e-16
    229   4.66569784e-16
    230   4.62525857e-16
    231   0.00000000e+00
    232   0.00000000e+00
    233   0.00000000e+00
    234   0.00000000e+00
    235   0.00000000e+00
    236   0.00000000e+00
    237   0.00000000e+00
    238   0.00000000e+00
    239   0.00000000e+00
    240   0.00000000e+00
    241   0.00000000e+00
    242   0.00000000e+00
    243   0.00000000e+00
    244   0.00000000e+00
    245   0.00000000e+00
    246   4.13959113e-14
    247   4.10617374e-14
    248   4.07315938e-14
    249   4.04054159e-14
    250   4.00831403e-14
    251   4.49011584e-13
    252   4.45458585e-13
    253   4.41947591e-13
    254   4.38477944e-13
    255   4.35048996e-13
    256   6.66783552e-13
    257   6.61609689e-13
    258   6.56495812e-13
    259   6.51440998e-13
    260   6.46444340e-13
    261   1.34304636e-12
    262   1.33282339e-12
    263   1.32271670e-12
    264   1.31272453e-12
    265   1.30284516e-12
    266   1.22263563e-12
    267   1.21350299e-12
    268   1.20447229e-12
    269   1.19554203e-12
    270   1.18671072e-12
    271   2.34337799e-12
    272   2.32619470e-12
    273   2.30919971e-12
    274   2.29239029e-12
    275   2.27576375e-12
    276   3.66909847e-12
    277   3.64267838e-12
    278   3.61654264e-12
    279   3.59068717e-12
    280   3.56510798e-12
    281   1.37083370e-11
    282   1.36113729e-11
    283   1.35154339e-11
    284   1.34205057e-11
    285   1.33265741e-11
    286   2.43338508e-11
    287   2.41647193e-11
    288   2.39973450e-11
    289   2.38317036e-11
    290   2.36677713e-11
    291   3.87960067e-11
    292   3.85309620e-11
    293   3.82686241e-11
    294   3.80089563e-11
    295   3.77519225e-11
    296   5.57264691e-11
    297   5.53521527e-11
    298   5.49815951e-11
    299   5.46147462e-11
    300   5.42515567e-11
    301   6.49460590e-11
    302   6.45170190e-11
    303   6.40922164e-11
    304   6.36715957e-11
    305   6.32551020e-11
    306   1.00488403e-10
    307   9.98353521e-11
    308   9.91886467e-11
    309   9.85482047e-11
    310   9.79139456e-11
    311   9.92494472e-11
    312   9.86147597e-11
    313   9.79861409e-11
    314   9.73635137e-11
    315   9.67468022e-11
    316   1.31158844e-10
    317   1.30333298e-10
    318   1.29515522e-10
    319   1.28705419e-10
    320   1.27902893e-10
    321   1.59662674e-10
    322   1.58673286e-10
    323   1.57693067e-10
    324   1.56721903e-10
    325   1.55759682e-10
    326   1.53625329e-10
    327   1.52687876e-10
    328   1.51758978e-10
    329   1.50838531e-10
    330   1.49926432e-10
    331   2.05962025e-10
    332   2.04724089e-10
    333   2.03497280e-10
    334   2.02281465e-10
    335   2.01076515e-10
    336   1.91908878e-10
    337   1.90772484e-10
    338   1.89646154e-10
    339   1.88529769e-10
    340   1.87423213e-10
    341   2.56188195e-10
    342   2.54693299e-10
    343   2.53211450e-10
    344   2.51742495e-10
    345   2.50286286e-10
    346   2.67390153e-10
    347   2.65852325e-10
    348   2.64327726e-10
    349   2.62816205e-10
    350   2.61317612e-10
    351   2.64522925e-10
    352   2.63023152e-10
    353   2.61536097e-10
    354   2.60061619e-10
    355   2.58599574e-10
    356   3.29781804e-10
    357   3.27938163e-10
    358   3.26109939e-10
    359   3.24296961e-10
    360   3.22499059e-10
    361   3.08002395e-10
    362   3.06304245e-10
    363   3.04620100e-10
    364   3.02949807e-10
    365   3.01293215e-10
    366   3.64086059e-10
    367   3.62105988e-10
    368   3.60142026e-10
    369   3.58193999e-10
    370   3.56261734e-10
    371   3.55112578e-10
    372   3.53207215e-10
    373   3.51317145e-10
    374   3.49442206e-10
    375   3.47582237e-10
    376   3.88665708e-10
    377   3.86607917e-10
    378   3.84566426e-10
    379   3.82541062e-10
    380   3.80531657e-10
    381   4.29348415e-10
    382   4.27104925e-10
    383   4.24878974e-10
    384   4.22670379e-10
    385   4.20478961e-10
    386   3.94404026e-10
    387   3.92369707e-10
    388   3.90351088e-10
    389   3.88348006e-10
    390   3.86360302e-10
    391   4.65404409e-10
    392   4.63034434e-10
    393   4.60682516e-10
    394   4.58348472e-10
    395   4.56032121e-10
    396   4.36096973e-10
    397   4.33904156e-10
    398   4.31727837e-10
    399   4.29567851e-10
    400   4.27424033e-10
    401   4.96103432e-10
    402   4.93639855e-10
    403   4.91194583e-10
    404   4.88767435e-10
    405   4.86358233e-10
    406   5.06272195e-10
    407   5.03788949e-10
    408   5.01323930e-10
    409   4.98876958e-10
    410   4.96447858e-10
    411   5.02497271e-10
    412   5.00062399e-10
    413   4.97645181e-10
    414   4.95245448e-10
    415   4.92863032e-10
    416   5.35372873e-10
    417   5.32809750e-10
    418   5.30264990e-10
    419   5.27738418e-10
    420   5.25229860e-10
    421   5.55878976e-10
    422   5.53249155e-10
    423   5.50637953e-10
    424   5.48045193e-10
    425   5.45470702e-10
    426   5.94061287e-10
    427   5.91283680e-10
    428   5.88525509e-10
    429   5.85786591e-10
    430   5.83066749e-10
    431   6.24848165e-10
    432   6.21960366e-10
    433   6.19092540e-10
    434   6.16244504e-10
    435   6.13416075e-10
    436   6.65003109e-10
    437   6.61964834e-10
    438   6.58947334e-10
    439   6.55950419e-10
    440   6.52973902e-10
    441   6.57303669e-10
    442   6.54334485e-10
    443   6.51385375e-10
    444   6.48456157e-10
    445   6.45546654e-10
    446   7.09190979e-10
    447   7.06023183e-10
    448   7.02876564e-10
    449   6.99750935e-10
    450   6.96646108e-10
    451   7.28962499e-10
    452   7.25742347e-10
    453   7.22543486e-10
    454   7.19365728e-10
    455   7.16208887e-10
    456   7.85860668e-10
    457   7.82427091e-10
    458   7.79015967e-10
    459   7.75627103e-10
    460   7.72260303e-10
    461   8.06892439e-10
    462   8.03405062e-10
    463   7.99940246e-10
    464   7.96497795e-10
    465   7.93077517e-10
    466   7.60641326e-10
    467   7.57388987e-10
    468   7.54157464e-10
    469   7.50946578e-10
    470   7.47756154e-10
    471   9.13129320e-10
    472   9.09266270e-10
    473   9.05427682e-10
    474   9.01613351e-10
    475   8.97823072e-10
    476   8.85324071e-10
    477   8.81617851e-10
    478   8.77934855e-10
    479   8.74274890e-10
    480   8.70637764e-10
    481   1.00323334e-09
    482   9.99077013e-10
    483   9.94946465e-10
    484   9.90841481e-10
    485   9.86761848e-10
    486   9.62811255e-10
    487   9.58863288e-10
    488   9.54939554e-10
    489   9.51039855e-10
    490   9.47163995e-10
    491   9.50449717e-10
    492   9.46591984e-10
    493   9.42757690e-10
    494   9.38946647e-10
    495   9.35158665e-10
    496   1.10690951e-09
    497   1.10246186e-09
    498   1.09804096e-09
    499   1.09364661e-09
    500   1.08927857e-09
    501   1.03708737e-09
    502   1.03296172e-09
    503   1.02886063e-09
    504   1.02478392e-09
    505   1.02073139e-09
    506   1.19551415e-09
    507   1.19080509e-09
    508   1.18612379e-09
    509   1.18147005e-09
    510   1.17684364e-09
    511   1.18985460e-09
    512   1.18521353e-09
    513   1.18059957e-09
    514   1.17601249e-09
    515   1.17145210e-09
    516   1.23144652e-09
    517   1.22668961e-09
    518   1.22196020e-09
    519   1.21725810e-09
    520   1.21258308e-09
    521   1.37917990e-09
    522   1.37390327e-09
    523   1.36865687e-09
    524   1.36344045e-09
    525   1.35825381e-09
    526   1.22089969e-09
    527   1.21627288e-09
    528   1.21167233e-09
    529   1.20709782e-09
    530   1.20254918e-09
    531   1.49157272e-09
    532   1.48597320e-09
    533   1.48040516e-09
    534   1.47486835e-09
    535   1.46936254e-09
    536   1.43517496e-09
    537   1.42983726e-09
    538   1.42452928e-09
    539   1.41925081e-09
    540   1.41400162e-09
    541   1.61844452e-09
    542   1.61248065e-09
    543   1.60654969e-09
    544   1.60065140e-09
    545   1.59478552e-09
    546   1.64351615e-09
    547   1.63751518e-09
    548   1.63154702e-09
    549   1.62561143e-09
    550   1.61970817e-09
    551   1.57789170e-09
    552   1.57218246e-09
    553   1.56650415e-09
    554   1.56085655e-09
    555   1.55523944e-09
    556   1.87575363e-09
    557   1.86902749e-09
    558   1.86233746e-09
    559   1.85568329e-09
    560   1.84906472e-09
    561   1.75652560e-09
    562   1.75028295e-09
    563   1.74407353e-09
    564   1.73789708e-09
    565   1.73175340e-09
    566   2.00547613e-09
    567   1.99841149e-09
    568   1.99138411e-09
    569   1.98439373e-09
    570   1.97744010e-09
    571   1.93732517e-09
    572   1.93056018e-09
    573   1.92383056e-09
    574   1.91713607e-09
    575   1.91047646e-09
    576   2.14184380e-09
    577   2.13442937e-09
    578   2.12705337e-09
    579   2.11971555e-09
    580   2.11241563e-09
    581   2.22211800e-09
    582   2.21449169e-09
    583   2.20690457e-09
    584   2.19935638e-09
    585   2.19184684e-09
    586   2.22701128e-09
    587   2.21943319e-09
    588   2.21189372e-09
    589   2.20439260e-09
    590   2.19692957e-09
    591   2.49904528e-09
    592   2.49061324e-09
    593   2.48222381e-09
    594   2.47387670e-09
    595   2.46557162e-09
    596   2.50688185e-09
    597   2.49849412e-09
    598   2.49014843e-09
    599   2.48184448e-09
    600   2.47358199e-09
    601   2.74383985e-09
    602   2.73473545e-09
    603   2.72567629e-09
    604   2.71666207e-09
    605   2.70769249e-09
    606   2.74522860e-09
    607   2.73619453e-09
    608   2.72720498e-09
    609   2.71825967e-09
    610   2.70935829e-09
    611   2.74334237e-09
    612   2.73438818e-09
    613   2.72547776e-09
    614   2.71661081e-09
    615   2.70778707e-09
    616   3.21306643e-09
    617   3.20266395e-09
    618   3.19231191e-09
    619   3.18200998e-09
    620   3.17175784e-09
    621   3.09223658e-09
    622   3.08230568e-09
    623   3.07242254e-09
    624   3.06258685e-09
    625   3.05279833e-09
    626   3.46244762e-09
    627   3.45141633e-09
    628   3.44043767e-09
    629   3.42951132e-09
    630   3.41863693e-09
    631   3.38024235e-09
    632   3.36955807e-09
    633   3.35892436e-09
    634   3.34834091e-09
    635   3.33780740e-09
    636   3.58946966e-09
    637   3.57821300e-09
    638   3.56700920e-09
    639   3.55585795e-09
    640   3.54475891e-09
    641   3.97979407e-09
    642   3.96741043e-09
    643   3.95508450e-09
    644   3.94281593e-09
    645   3.93060435e-09
    646   3.80690770e-09
    647   3.79515345e-09
    648   3.78345356e-09
    649   3.77180769e-09
    650   3.76021551e-09
    651   4.34094442e-09
    652   4.32764395e-09
    653   4.31440451e-09
    654   4.30122573e-09
    655   4.28810724e-09
    656   4.30360670e-09
    657   4.29052086e-09
    658   4.27749462e-09
    659   4.26452760e-09
    660   4.25161947e-09
    661   4.57590824e-09
    662   4.56209939e-09
    663   4.54835296e-09
    664   4.53466856e-09
    665   4.52104583e-09
    666   4.81124911e-09
    667   4.79683879e-09
    668   4.78249311e-09
    669   4.76821169e-09
    670   4.75399414e-09
    671   4.69020597e-09
    672   4.67626259e-09
    673   4.66238129e-09
    674   4.64856172e-09
    675   4.63480349e-09
    676   5.44457062e-09
    677   5.42850402e-09
    678   5.41250843e-09
    679   5.39658344e-09
    680   5.38072863e-09
    681   5.23429094e-09
    682   5.21895799e-09
    683   5.20369230e-09
    684   5.18849350e-09
    685   5.17336119e-09
    686   5.92890277e-09
    687   5.91166133e-09
    688   5.89449499e-09
    689   5.87740331e-09
    690   5.86038586e-09
    691   5.96704056e-09
    692   5.94981345e-09
    693   5.93266085e-09
    694   5.91558230e-09
    695   5.89857740e-09
    696   6.13532672e-09
    697   6.11774070e-09
    698   6.10023018e-09
    699   6.08279473e-09
    700   6.06543392e-09
    701   6.80163081e-09
    702   6.78227363e-09
    703   6.76299897e-09
    704   6.74380636e-09
    705   6.72469533e-09
    706   6.43564303e-09
    707   6.41745683e-09
    708   6.39934762e-09
    709   6.38131494e-09
    710   6.36335838e-09
    711   7.32196306e-09
    712   7.30141740e-09
    713   7.28095809e-09
    714   7.26058466e-09
    715   7.24029662e-09
    716   7.33936797e-09
    717   7.31891693e-09
    718   7.29855126e-09
    719   7.27827047e-09
    720   7.25807410e-09
    721   8.00327905e-09
    722   7.98113231e-09
    723   7.95907738e-09
    724   7.93711374e-09
    725   7.91524089e-09
    726   8.22805193e-09
    727   8.20543963e-09
    728   8.18292042e-09
    729   8.16049379e-09
    730   8.13815923e-09
    731   8.14968157e-09
    732   8.12743748e-09
    733   8.10528434e-09
    734   8.08322165e-09
    735   8.06124891e-09
    736   8.92165607e-09
    737   8.89746996e-09
    738   8.87338206e-09
    739   8.84939185e-09
    740   8.82549880e-09
    741   9.06881721e-09
    742   9.04439765e-09
    743   9.02007659e-09
    744   8.99585350e-09
    745   8.97172785e-09
    746   9.75775018e-09
    747   9.73165123e-09
    748   9.70565684e-09
    749   9.67976647e-09
    750   9.65397955e-09
    751   1.01500997e-08
    752   1.01231317e-08
    753   1.00962710e-08
    754   1.00695170e-08
    755   1.00428693e-08
    756   9.80265516e-09
    757   9.77678210e-09
    758   9.75101135e-09
    759   9.72534236e-09
    760   9.69977460e-09
    761   1.15828054e-08
    762   1.15524342e-08
    763   1.15221824e-08
    764   1.14920492e-08
    765   1.14620340e-08
    766   1.11118659e-08
    767   1.10829193e-08
    768   1.10540857e-08
    769   1.10253645e-08
    770   1.09967551e-08
    771   1.17589482e-08
    772   1.17285141e-08
    773   1.16981981e-08
    774   1.16679995e-08
    775   1.16379176e-08
    776   1.21358697e-08
    777   1.21046621e-08
    778   1.20735747e-08
    779   1.20426069e-08
    780   1.20117581e-08
    781   1.28650260e-08
    782   1.28321547e-08
    783   1.27994091e-08
    784   1.27667888e-08
    785   1.27342930e-08
    786   1.34034994e-08
    787   1.33694696e-08
    788   1.33355692e-08
    789   1.33017976e-08
    790   1.32681541e-08
    791   1.35911431e-08
    792   1.35568546e-08
    793   1.35226956e-08
    794   1.34886655e-08
    795   1.34547638e-08
    796   1.45238114e-08
    797   1.44873994e-08
    798   1.44511243e-08
    799   1.44149852e-08
    800   1.43789815e-08
    801   1.45753944e-08
    802   1.45390808e-08
    803   1.45029027e-08
    804   1.44668594e-08
    805   1.44309504e-08
    806   1.54703958e-08
    807   1.54320909e-08
    808   1.53939281e-08
    809   1.53559067e-08
    810   1.53180260e-08
    811   1.57779302e-08
    812   1.57391042e-08
    813   1.57004213e-08
    814   1.56618809e-08
    815   1.56234822e-08
    816   1.61689987e-08
    817   1.61294536e-08
    818   1.60900534e-08
    819   1.60507974e-08
    820   1.60116849e-08
    821   1.71531424e-08
    822   1.71114453e-08
    823   1.70699001e-08
    824   1.70285059e-08
    825   1.69872622e-08
    826   1.77712868e-08
    827   1.77283480e-08
    828   1.76855647e-08
    829   1.76429361e-08
    830   1.76004614e-08
    831   1.88246215e-08
    832   1.87794108e-08
    833   1.87343627e-08
    834   1.86894766e-08
    835   1.86447515e-08
    836   1.87134153e-08
    837   1.86687399e-08
    838   1.86242243e-08
    839   1.85798677e-08
    840   1.85356694e-08
    841   1.91937721e-08
    842   1.91482218e-08
    843   1.91028334e-08
    844   1.90576062e-08
    845   1.90125395e-08
    846   2.10980192e-08
    847   2.10482451e-08
    848   2.09986469e-08
    849   2.09492238e-08
    850   2.08999750e-08
    851   2.05659696e-08
    852   2.05177351e-08
    853   2.04696702e-08
    854   2.04217739e-08
    855   2.03740455e-08
    856   2.22939082e-08
    857   2.22419259e-08
    858   2.21901252e-08
    859   2.21385053e-08
    860   2.20870653e-08
    861   2.20212168e-08
    862   2.19701679e-08
    863   2.19192963e-08
    864   2.18686012e-08
    865   2.18180818e-08
    866   2.45043108e-08
    867   2.44478330e-08
    868   2.43915503e-08
    869   2.43354616e-08
    870   2.42795662e-08
    871   2.52946203e-08
    872   2.52366550e-08
    873   2.51788887e-08
    874   2.51213205e-08
    875   2.50639495e-08
    876   2.53358526e-08
    877   2.52781235e-08
    878   2.52205915e-08
    879   2.51632557e-08
    880   2.51061152e-08
    881   2.71579944e-08
    882   2.70964640e-08
    883   2.70351424e-08
    884   2.69740288e-08
    885   2.69131222e-08
    886   2.72547464e-08
    887   2.71933446e-08
    888   2.71321500e-08
    889   2.70711618e-08
    890   2.70103789e-08
    891   2.89389871e-08
    892   2.88741560e-08
    893   2.88095425e-08
    894   2.87451457e-08
    895   2.86809645e-08
    896   2.94108493e-08
    897   2.93453281e-08
    898   2.92800255e-08
    899   2.92149407e-08
    900   2.91500727e-08
    901   2.96904147e-08
    902   2.96246370e-08
    903   2.95590777e-08
    904   2.94937357e-08
    905   2.94286102e-08
    906   3.23511525e-08
    907   3.22798748e-08
    908   3.22088325e-08
    909   3.21380244e-08
    910   3.20674495e-08
    911   3.15762394e-08
    912   3.15070502e-08
    913   3.14380881e-08
    914   3.13693522e-08
    915   3.13008415e-08
    916   3.48152651e-08
    917   3.47393942e-08
    918   3.46637710e-08
    919   3.45883946e-08
    920   3.45132637e-08
    921   3.37179094e-08
    922   3.36448281e-08
    923   3.35719841e-08
    924   3.34993764e-08
    925   3.34270040e-08
    926   3.53019526e-08
    927   3.52258503e-08
    928   3.51499938e-08
    929   3.50743822e-08
    930   3.49990142e-08
    931   3.83505098e-08
    932   3.82682788e-08
    933   3.81863119e-08
    934   3.81046082e-08
    935   3.80231663e-08
    936   3.60767008e-08
    937   3.59997578e-08
    938   3.59230605e-08
    939   3.58466082e-08
    940   3.57703996e-08
    941   3.97164314e-08
    942   3.96321749e-08
    943   3.95481862e-08
    944   3.94644642e-08
    945   3.93810078e-08
    946   3.95861737e-08
    947   3.95026366e-08
    948   3.94193636e-08
    949   3.93363536e-08
    950   3.92536056e-08
    951   4.18898416e-08
    952   4.18019070e-08
    953   4.17142491e-08
    954   4.16268665e-08
    955   4.15397583e-08
    956   4.27426609e-08
    957   4.26534045e-08
    958   4.25644274e-08
    959   4.24757284e-08
    960   4.23873064e-08
    961   4.23978067e-08
    962   4.23097303e-08
    963   4.22219280e-08
    964   4.21343987e-08
    965   4.20471414e-08
    966   4.74033148e-08
    967   4.73053488e-08
    968   4.72076862e-08
    969   4.71103257e-08
    970   4.70132660e-08
    971   4.50262755e-08
    972   4.49337003e-08
    973   4.48414103e-08
    974   4.47494043e-08
    975   4.46576812e-08
    976   5.00762030e-08
    977   4.99737715e-08
    978   4.98716539e-08
    979   4.97698491e-08
    980   4.96683557e-08
    981   5.01431070e-08
    982   5.00410605e-08
    983   4.99393252e-08
    984   4.98378998e-08
    985   4.97367831e-08
    986   4.99320539e-08
    987   4.98309513e-08
    988   4.97301555e-08
    989   4.96296652e-08
    990   4.95294791e-08
    991   5.33647555e-08
    992   5.32572466e-08
    993   5.31500622e-08
    994   5.30432011e-08
    995   5.29366619e-08
    996   5.27538975e-08
    997   5.26481518e-08
    998   5.25427237e-08
    999   5.24376120e-08
   1000   5.23328154e-08
   1001   5.52652096e-08
   1002   5.51549823e-08
   1003   5.50450845e-08
   1004   5.49355148e-08
   1005   5.48262720e-08
   1006   5.52863319e-08
   1007   5.51766096e-08
   1008   5.50672136e-08
   1009   5.49581426e-08
   1010   5.48493954e-08
   1011   5.67166332e-08
   1012   5.66046280e-08
   1013   5.64929543e-08
   1014   5.63816107e-08
   1015   5.62705960e-08
   1016   6.25587419e-08
   1017   6.24358065e-08
   1018   6.23132332e-08
   1019   6.21910204e-08
   1020   6.20691669e-08
   1021   5.98633895e-08
   1022   5.97463259e-08
   1023   5.96296054e-08
   1024   5.95132266e-08
   1025   5.93971881e-08
   1026   6.26670703e-08
   1027   6.25451203e-08
   1028   6.24235259e-08
   1029   6.23022858e-08
   1030   6.21813985e-08
   1031   6.38084412e-08
   1032   6.36848712e-08
   1033   6.35616599e-08
   1034   6.34388058e-08
   1035   6.33163075e-08
   1036   6.55281125e-08
   1037   6.54018237e-08
   1038   6.52758997e-08
   1039   6.51503389e-08
   1040   6.50251401e-08
   1041   6.93652379e-08
   1042   6.92321950e-08
   1043   6.90995346e-08
   1044   6.89672550e-08
   1045   6.88353550e-08
   1046   6.88215781e-08
   1047   6.86902078e-08
   1048   6.85592134e-08
   1049   6.84285934e-08
   1050   6.82983463e-08
   1051   7.13821645e-08
   1052   7.12465536e-08
   1053   7.11113289e-08
   1054   7.09764887e-08
   1055   7.08420318e-08
   1056   7.15850476e-08
   1057   7.14496942e-08
   1058   7.13147243e-08
   1059   7.11801365e-08
   1060   7.10459293e-08
   1061   7.40158738e-08
   1062   7.38765826e-08
   1063   7.37376843e-08
   1064   7.35991773e-08
   1065   7.34610601e-08
   1066   7.68966206e-08
   1067   7.67525857e-08
   1068   7.66089552e-08
   1069   7.64657274e-08
   1070   7.63229010e-08
   1071   7.84669188e-08
   1072   7.83206277e-08
   1073   7.81747453e-08
   1074   7.80292701e-08
   1075   7.78842006e-08
   1076   7.67235907e-08
   1077   7.65812134e-08
   1078   7.64392320e-08
   1079   7.62976451e-08
   1080   7.61564513e-08
   1081   8.24406177e-08
   1082   8.22883377e-08
   1083   8.21364792e-08
   1084   8.19850407e-08
   1085   8.18340206e-08
   1086   8.24623534e-08
   1087   8.23107333e-08
   1088   8.21595311e-08
   1089   8.20087451e-08
   1090   8.18583738e-08
   1091   8.28266451e-08
   1092   8.26750521e-08
   1093   8.25238749e-08
   1094   8.23731119e-08
   1095   8.22227618e-08
   1096   8.63158493e-08
   1097   8.61585897e-08
   1098   8.60017596e-08
   1099   8.58453572e-08
   1100   8.56893811e-08
   1101   8.96034020e-08
   1102   8.94408930e-08
   1103   8.92788257e-08
   1104   8.91171985e-08
   1105   8.89560099e-08
   1106   8.77783921e-08
   1107   8.76199116e-08
   1108   8.74618600e-08
   1109   8.73042355e-08
   1110   8.71470368e-08
   1111   9.11475463e-08
   1112   9.09837224e-08
   1113   9.08203397e-08
   1114   9.06573968e-08
   1115   9.04948919e-08
   1116   9.17269577e-08
   1117   9.15628299e-08
   1118   9.13991422e-08
   1119   9.12358930e-08
   1120   9.10730808e-08
   1121   9.84276684e-08
   1122   9.82523353e-08
   1123   9.80774702e-08
   1124   9.79030715e-08
   1125   9.77291376e-08
   1126   9.47110018e-08
   1127   9.45430373e-08
   1128   9.43755192e-08
   1129   9.42084459e-08
   1130   9.40418159e-08
   1131   9.91507961e-08
   1132   9.89757340e-08
   1133   9.88011352e-08
   1134   9.86269980e-08
   1135   9.84533207e-08
   1136   1.00418319e-07
   1137   1.00241798e-07
   1138   1.00065742e-07
   1139   9.98901495e-08
   1140   9.97150189e-08
   1141   1.02776355e-07
   1142   1.02596479e-07
   1143   1.02417075e-07
   1144   1.02238142e-07
   1145   1.02059677e-07
   1146   1.08122635e-07
   1147   1.07934227e-07
   1148   1.07746311e-07
   1149   1.07558885e-07
   1150   1.07371948e-07
   1151   1.04154437e-07
   1152   1.03973731e-07
   1153   1.03793495e-07
   1154   1.03613727e-07
   1155   1.03434426e-07
   1156   1.08758558e-07
   1157   1.08570679e-07
   1158   1.08383286e-07
   1159   1.08196378e-07
   1160   1.08009953e-07
   1161   1.08320904e-07
   1162   1.08134586e-07
   1163   1.07948748e-07
   1164   1.07763388e-07
   1165   1.07578506e-07
   1166   1.11484004e-07
   1167   1.11293066e-07
   1168   1.11102618e-07
   1169   1.10912659e-07
   1170   1.10723186e-07
   1171   1.18353498e-07
   1172   1.18151659e-07
   1173   1.17950335e-07
   1174   1.17749526e-07
   1175   1.17549229e-07
   1176   1.11929395e-07
   1177   1.11739322e-07
   1178   1.11549732e-07
   1179   1.11360625e-07
   1180   1.11171998e-07
   1181   1.20278414e-07
   1182   1.20075026e-07
   1183   1.19872154e-07
   1184   1.19669796e-07
   1185   1.19467949e-07
   1186   1.23110359e-07
   1187   1.22903059e-07
   1188   1.22696282e-07
   1189   1.22490027e-07
   1190   1.22284291e-07
   1191   1.21434634e-07
   1192   1.21231013e-07
   1193   1.21027903e-07
   1194   1.20825304e-07
   1195   1.20623213e-07
   1196   1.25931227e-07
   1197   1.25720947e-07
   1198   1.25511194e-07
   1199   1.25301965e-07
   1200   1.25093259e-07
   1201   1.23919945e-07
   1202   1.23713884e-07
   1203   1.23508336e-07
   1204   1.23303300e-07
   1205   1.23098775e-07
   1206   1.30308897e-07
   1207   1.30093109e-07
   1208   1.29877857e-07
   1209   1.29663138e-07
   1210   1.29448952e-07
   1211   1.27682957e-07
   1212   1.27472389e-07
   1213   1.27262342e-07
   1214   1.27052813e-07
   1215   1.26843802e-07
   1216   1.29275880e-07
   1217   1.29063561e-07
   1218   1.28851765e-07
   1219   1.28640489e-07
   1220   1.28429732e-07
   1221   1.35303381e-07
   1222   1.35082071e-07
   1223   1.34861304e-07
   1224   1.34641077e-07
   1225   1.34421390e-07
   1226   1.29322432e-07
   1227   1.29111767e-07
   1228   1.28901615e-07
   1229   1.28691976e-07
   1230   1.28482849e-07
   1231   1.40105476e-07
   1232   1.39878171e-07
   1233   1.39651418e-07
   1234   1.39425216e-07
   1235   1.39199563e-07
   1236   1.35978805e-07
   1237   1.35759085e-07
   1238   1.35539898e-07
   1239   1.35321241e-07
   1240   1.35103113e-07
   1241   1.37549330e-07
   1242   1.37327967e-07
   1243   1.37107139e-07
   1244   1.36886842e-07
   1245   1.36667076e-07
   1246   1.43325235e-07
   1247   1.43095501e-07
   1248   1.42866319e-07
   1249   1.42637687e-07
   1250   1.42409604e-07
   1251   1.39528109e-07
   1252   1.39305355e-07
   1253   1.39083133e-07
   1254   1.38861442e-07
   1255   1.38640281e-07
   1256   1.49616160e-07
   1257   1.49378249e-07
   1258   1.49140905e-07
   1259   1.48904127e-07
   1260   1.48667912e-07
   1261   1.40939450e-07
   1262   1.40716224e-07
   1263   1.40493528e-07
   1264   1.40271360e-07
   1265   1.40049718e-07
   1266   1.47747979e-07
   1267   1.47514892e-07
   1268   1.47282356e-07
   1269   1.47050370e-07
   1270   1.46818931e-07
   1271   1.51182211e-07
   1272   1.50944643e-07
   1273   1.50707635e-07
   1274   1.50471184e-07
   1275   1.50235290e-07
   1276   1.46349384e-07
   1277   1.46120310e-07
   1278   1.45891774e-07
   1279   1.45663774e-07
   1280   1.45436307e-07
   1281   1.50389849e-07
   1282   1.50155369e-07
   1283   1.49921436e-07
   1284   1.49688050e-07
   1285   1.49455208e-07
   1286   1.49192385e-07
   1287   1.48960675e-07
   1288   1.48729504e-07
   1289   1.48498871e-07
   1290   1.48268774e-07
   1291   1.56788354e-07
   1292   1.56545788e-07
   1293   1.56303785e-07
   1294   1.56062343e-07
   1295   1.55821459e-07
   1296   1.53550972e-07
   1297   1.53314330e-07
   1298   1.53078235e-07
   1299   1.52842684e-07
   1300   1.52607677e-07
   1301   1.55644961e-07
   1302   1.55406013e-07
   1303   1.55167615e-07
   1304   1.54929764e-07
   1305   1.54692460e-07
   1306   1.55667553e-07
   1307   1.55429484e-07
   1308   1.55191960e-07
   1309   1.54954981e-07
   1310   1.54718544e-07
   1311   1.56683024e-07
   1312   1.56444315e-07
   1313   1.56206150e-07
   1314   1.55968529e-07
   1315   1.55731450e-07
   1316   1.60704199e-07
   1317   1.60460292e-07
   1318   1.60216940e-07
   1319   1.59974141e-07
   1320   1.59731894e-07
   1321   1.57392991e-07
   1322   1.57155013e-07
   1323   1.56917573e-07
   1324   1.56680672e-07
   1325   1.56444307e-07
   1326   1.59368683e-07
   1327   1.59128625e-07
   1328   1.58889108e-07
   1329   1.58650132e-07
   1330   1.58411695e-07
   1331   1.59095007e-07
   1332   1.58856260e-07
   1333   1.58618050e-07
   1334   1.58380376e-07
   1335   1.58143235e-07
   1336   1.61236592e-07
   1337   1.60995535e-07
   1338   1.60755019e-07
   1339   1.60515042e-07
   1340   1.60275601e-07
   1341   1.64663129e-07
   1342   1.64417867e-07
   1343   1.64173152e-07
   1344   1.63928983e-07
   1345   1.63685358e-07
   1346   1.62728994e-07
   1347   1.62487512e-07
   1348   1.62246567e-07
   1349   1.62006157e-07
   1350   1.61766281e-07
   1351   1.65497242e-07
   1352   1.65252559e-07
   1353   1.65008419e-07
   1354   1.64764819e-07
   1355   1.64521758e-07
   1356   1.65993550e-07
   1357   1.65749037e-07
   1358   1.65505065e-07
   1359   1.65261630e-07
   1360   1.65018732e-07
   1361   1.64366108e-07
   1362   1.64124881e-07
   1363   1.63884184e-07
   1364   1.63644017e-07
   1365   1.63404377e-07
   1366   1.63368000e-07
   1367   1.63129114e-07
   1368   1.62890752e-07
   1369   1.62652912e-07
   1370   1.62415592e-07
   1371   1.63401055e-07
   1372   1.63162991e-07
   1373   1.62925447e-07
   1374   1.62688422e-07
   1375   1.62451913e-07
   1376   1.70336019e-07
   1377   1.70088752e-07
   1378   1.69842023e-07
   1379   1.69595831e-07
   1380   1.69350173e-07
   1381   1.63562315e-07
   1382   1.63325740e-07
   1383   1.63089677e-07
   1384   1.62854126e-07
   1385   1.62619085e-07
   1386   1.67212906e-07
   1387   1.66971922e-07
   1388   1.66731459e-07
   1389   1.66491514e-07
   1390   1.66252087e-07
   1391   1.60770269e-07
   1392   1.60539402e-07
   1393   1.60309031e-07
   1394   1.60079157e-07
   1395   1.59849776e-07
   1396   1.67688567e-07
   1397   1.67448626e-07
   1398   1.67209200e-07
   1399   1.66970287e-07
   1400   1.66731886e-07
   1401   1.68462196e-07
   1402   1.68222007e-07
   1403   1.67982332e-07
   1404   1.67743169e-07
   1405   1.67504516e-07
   1406   1.63760898e-07
   1407   1.63528242e-07
   1408   1.63296081e-07
   1409   1.63064415e-07
   1410   1.62833240e-07
   1411   1.65674326e-07
   1412   1.65439785e-07
   1413   1.65205741e-07
   1414   1.64972193e-07
   1415   1.64739140e-07
   1416   1.62057262e-07
   1417   1.61828650e-07
   1418   1.61600521e-07
   1419   1.61372875e-07
   1420   1.61145709e-07
   1421   1.62955320e-07
   1422   1.62726249e-07
   1423   1.62497661e-07
   1424   1.62269554e-07
   1425   1.62041927e-07
   1426   1.67365839e-07
   1427   1.67131392e-07
   1428   1.66897437e-07
   1429   1.66663973e-07
   1430   1.66430999e-07
   1431   1.63258158e-07
   1432   1.63030263e-07
   1433   1.62802845e-07
   1434   1.62575902e-07
   1435   1.62349434e-07
   1436   1.65686190e-07
   1437   1.65455710e-07
   1438   1.65225711e-07
   1439   1.64996191e-07
   1440   1.64767149e-07
   1441   1.63277969e-07
   1442   1.63051626e-07
   1443   1.62825754e-07
   1444   1.62600351e-07
   1445   1.62375415e-07
   1446   1.63637005e-07
   1447   1.63410948e-07
   1448   1.63185359e-07
   1449   1.62960237e-07
   1450   1.62735580e-07
   1451   1.62609420e-07
   1452   1.62385556e-07
   1453   1.62162153e-07
   1454   1.61939212e-07
   1455   1.61716730e-07
   1456   1.57167257e-07
   1457   1.56951628e-07
   1458   1.56736441e-07
   1459   1.56521697e-07
   1460   1.56307394e-07
   1461   1.66832000e-07
   1462   1.66603893e-07
   1463   1.66376253e-07
   1464   1.66149079e-07
   1465   1.65922371e-07
   1466   1.58500058e-07
   1467   1.58284081e-07
   1468   1.58068545e-07
   1469   1.57853449e-07
   1470   1.57638792e-07
   1471   1.61905270e-07
   1472   1.61685402e-07
   1473   1.61465982e-07
   1474   1.61247008e-07
   1475   1.61028479e-07
   1476   1.54916362e-07
   1477   1.54706697e-07
   1478   1.54497457e-07
   1479   1.54288641e-07
   1480   1.54080249e-07
   1481   1.56379984e-07
   1482   1.56169052e-07
   1483   1.55958546e-07
   1484   1.55748466e-07
   1485   1.55538809e-07
   1486   1.59620244e-07
   1487   1.59405664e-07
   1488   1.59191517e-07
   1489   1.58977802e-07
   1490   1.58764516e-07
   1491   1.53985912e-07
   1492   1.53779600e-07
   1493   1.53573703e-07
   1494   1.53368218e-07
   1495   1.53163146e-07
   1496   1.53791921e-07
   1497   1.53586557e-07
   1498   1.53381604e-07
   1499   1.53177062e-07
   1500   1.52972928e-07
   1501   1.51744527e-07
   1502   1.51542571e-07
   1503   1.51341018e-07
   1504   1.51139867e-07
   1505   1.50939117e-07
   1506   1.51105818e-07
   1507   1.50905379e-07
   1508   1.50705339e-07
   1509   1.50505696e-07
   1510   1.50306450e-07
   1511   1.51508438e-07
   1512   1.51308130e-07
   1513   1.51108218e-07
   1514   1.50908702e-07
   1515   1.50709582e-07
   1516   1.44759138e-07
   1517   1.44568383e-07
   1518   1.44378005e-07
   1519   1.44188003e-07
   1520   1.43998375e-07
   1521   1.45154263e-07
   1522   1.44963615e-07
   1523   1.44773343e-07
   1524   1.44583445e-07
   1525   1.44393921e-07
   1526   1.47901092e-07
   1527   1.47707473e-07
   1528   1.47514233e-07
   1529   1.47321373e-07
   1530   1.47128890e-07
   1531   1.43478783e-07
   1532   1.43291565e-07
   1533   1.43104714e-07
   1534   1.42918228e-07
   1535   1.42732106e-07
   1536   1.40224570e-07
   1537   1.40042193e-07
   1538   1.39860173e-07
   1539   1.39678507e-07
   1540   1.39497194e-07
   1541   1.33940726e-07
   1542   1.33767087e-07
   1543   1.33593786e-07
   1544   1.33420821e-07
   1545   1.33248192e-07
   1546   1.40605713e-07
   1547   1.40424023e-07
   1548   1.40242684e-07
   1549   1.40061697e-07
   1550   1.39881059e-07
   1551   1.33625461e-07
   1552   1.33453346e-07
   1553   1.33281564e-07
   1554   1.33110113e-07
   1555   1.32938993e-07
   1556   1.35438205e-07
   1557   1.35264315e-07
   1558   1.35090761e-07
   1559   1.34917540e-07
   1560   1.34744652e-07
   1561   1.31739717e-07
   1562   1.31571117e-07
   1563   1.31402840e-07
   1564   1.31234887e-07
   1565   1.31067255e-07
   1566   1.28431042e-07
   1567   1.28267201e-07
   1568   1.28103673e-07
   1569   1.27940458e-07
   1570   1.27777554e-07
   1571   1.27138516e-07
   1572   1.26976840e-07
   1573   1.26815471e-07
   1574   1.26654410e-07
   1575   1.26493656e-07
   1576   1.25832518e-07
   1577   1.25673009e-07
   1578   1.25513803e-07
   1579   1.25354900e-07
   1580   1.25196298e-07
   1581   1.22593980e-07
   1582   1.22439067e-07
   1583   1.22284448e-07
   1584   1.22130122e-07
   1585   1.21976087e-07
   1586   1.22449554e-07
   1587   1.22295311e-07
   1588   1.22141360e-07
   1589   1.21987699e-07
   1590   1.21834328e-07
   1591   1.19099091e-07
   1592   1.18949540e-07
   1593   1.18800270e-07
   1594   1.18651281e-07
   1595   1.18502572e-07
   1596   1.17565517e-07
   1597   1.17418353e-07
   1598   1.17271466e-07
   1599   1.17124853e-07
   1600   1.16978516e-07
   1601   1.15147108e-07
   1602   1.15003421e-07
   1603   1.14860003e-07
   1604   1.14716853e-07
   1605   1.14573970e-07
   1606   1.13073834e-07
   1607   1.12933173e-07
   1608   1.12792774e-07
   1609   1.12652637e-07
   1610   1.12512761e-07
   1611   1.13722728e-07
   1612   1.13581698e-07
   1613   1.13440931e-07
   1614   1.13300425e-07
   1615   1.13160180e-07
   1616   1.09241559e-07
   1617   1.09106505e-07
   1618   1.08971702e-07
   1619   1.08837148e-07
   1620   1.08702843e-07
   1621   1.07511137e-07
   1622   1.07378632e-07
   1623   1.07246372e-07
   1624   1.07114356e-07
   1625   1.06982584e-07
   1626   1.03790433e-07
   1627   1.03662907e-07
   1628   1.03535616e-07
   1629   1.03408559e-07
   1630   1.03281735e-07
   1631   1.04937628e-07
   1632   1.04809087e-07
   1633   1.04680782e-07
   1634   1.04552713e-07
   1635   1.04424878e-07
   1636   1.00835016e-07
   1637   1.00711878e-07
   1638   1.00588965e-07
   1639   1.00466277e-07
   1640   1.00343813e-07
   1641   1.00989795e-07
   1642   1.00866843e-07
   1643   1.00744115e-07
   1644   1.00621612e-07
   1645   1.00499331e-07
   1646   9.77729148e-08
   1647   9.76542404e-08
   1648   9.75357819e-08
   1649   9.74175388e-08
   1650   9.72995106e-08
   1651   9.87239710e-08
   1652   9.86045047e-08
   1653   9.84852552e-08
   1654   9.83662218e-08
   1655   9.82474041e-08
   1656   9.62191045e-08
   1657   9.61030205e-08
   1658   9.59871465e-08
   1659   9.58714819e-08
   1660   9.57560263e-08
   1661   9.27761041e-08
   1662   9.26645106e-08
   1663   9.25531182e-08
   1664   9.24419266e-08
   1665   9.23309353e-08
   1666   9.45382079e-08
   1667   9.44248358e-08
   1668   9.43116674e-08
   1669   9.41987024e-08
   1670   9.40859402e-08
   1671   9.26154380e-08
   1672   9.25047036e-08
   1673   9.23941678e-08
   1674   9.22838299e-08
   1675   9.21736896e-08
   1676   9.33375540e-08
   1677   9.32262889e-08
   1678   9.31152226e-08
   1679   9.30043546e-08
   1680   9.28936846e-08
   1681   9.08323191e-08
   1682   9.07243621e-08
   1683   9.06165974e-08
   1684   9.05090247e-08
   1685   9.04016434e-08
   1686   9.00427305e-08
   1687   8.99360290e-08
   1688   8.98295171e-08
   1689   8.97231943e-08
   1690   8.96170601e-08
   1691   8.96903645e-08
   1692   8.95843945e-08
   1693   8.94786122e-08
   1694   8.93730172e-08
   1695   8.92676089e-08
   1696   8.92097886e-08
   1697   8.91046968e-08
   1698   8.89997906e-08
   1699   8.88950696e-08
   1700   8.87905333e-08
   1701   8.95736281e-08
   1702   8.94684176e-08
   1703   8.93633923e-08
   1704   8.92585519e-08
   1705   8.91538958e-08
   1706   8.82370515e-08
   1707   8.81337143e-08
   1708   8.80305585e-08
   1709   8.79275838e-08
   1710   8.78247896e-08
   1711   8.76664307e-08
   1712   8.75640615e-08
   1713   8.74618715e-08
   1714   8.73598603e-08
   1715   8.72580274e-08
   1716   8.93309487e-08
   1717   8.92269394e-08
   1718   8.91231117e-08
   1719   8.90194652e-08
   1720   8.89159993e-08
   1721   8.81859569e-08
   1722   8.80835788e-08
   1723   8.79813789e-08
   1724   8.78793567e-08
   1725   8.77775119e-08
   1726   9.22649344e-08
   1727   9.21581308e-08
   1728   9.20515126e-08
   1729   9.19450793e-08
   1730   9.18388305e-08
   1731   9.11062625e-08
   1732   9.10011045e-08
   1733   9.08961285e-08
   1734   9.07913340e-08
   1735   9.06867206e-08
   1736   9.38629798e-08
   1737   9.37549517e-08
   1738   9.36471099e-08
   1739   9.35394541e-08
   1740   9.34319838e-08
   1741   9.54707355e-08
   1742   9.53611721e-08
   1743   9.52517973e-08
   1744   9.51426106e-08
   1745   9.50336115e-08
   1746   9.49892226e-08
   1747   9.48805237e-08
   1748   9.47720113e-08
   1749   9.46636850e-08
   1750   9.45555443e-08
   1751   9.82814069e-08
   1752   9.81692615e-08
   1753   9.80573080e-08
   1754   9.79455459e-08
   1755   9.78339747e-08
   1756   9.86402598e-08
   1757   9.85280251e-08
   1758   9.84159819e-08
   1759   9.83041296e-08
   1760   9.81924680e-08
   1761   1.02898880e-07
   1762   1.02782132e-07
   1763   1.02665582e-07
   1764   1.02549231e-07
   1765   1.02433077e-07
   1766   1.02708871e-07
   1767   1.02592669e-07
   1768   1.02476663e-07
   1769   1.02360853e-07
   1770   1.02245240e-07
   1771   1.06239221e-07
   1772   1.06119363e-07
   1773   1.05999707e-07
   1774   1.05880254e-07
   1775   1.05761003e-07
   1776   1.12140663e-07
   1777   1.12014503e-07
   1778   1.11888555e-07
   1779   1.11762820e-07
   1780   1.11637297e-07
   1781   1.13838876e-07
   1782   1.13711165e-07
   1783   1.13583668e-07
   1784   1.13456386e-07
   1785   1.13329317e-07
   1786   1.19370628e-07
   1787   1.19237085e-07
   1788   1.19103766e-07
   1789   1.18970670e-07
   1790   1.18837798e-07
   1791   1.21546468e-07
   1792   1.21410870e-07
   1793   1.21275499e-07
   1794   1.21140354e-07
   1795   1.21005436e-07
   1796   1.27185820e-07
   1797   1.27044325e-07
   1798   1.26903067e-07
   1799   1.26762044e-07
   1800   1.26621256e-07
   1801   1.31808777e-07
   1802   1.31662547e-07
   1803   1.31516559e-07
   1804   1.31370814e-07
   1805   1.31225311e-07
   1806   1.34852643e-07
   1807   1.34703449e-07
   1808   1.34554503e-07
   1809   1.34405803e-07
   1810   1.34257350e-07
   1811   1.41099764e-07
   1812   1.40944090e-07
   1813   1.40788672e-07
   1814   1.40633512e-07
   1815   1.40478608e-07
   1816   1.45623497e-07
   1817   1.45463273e-07
   1818   1.45303313e-07
   1819   1.45143618e-07
   1820   1.44984185e-07
   1821   1.57817028e-07
   1822   1.57643864e-07
   1823   1.57470985e-07
   1824   1.57298391e-07
   1825   1.57126080e-07
   1826   1.63017457e-07
   1827   1.62839076e-07
   1828   1.62660988e-07
   1829   1.62483193e-07
   1830   1.62305688e-07
   1831   1.71697689e-07
   1832   1.71510323e-07
   1833   1.71323263e-07
   1834   1.71136509e-07
   1835   1.70950061e-07
   1836   1.82172533e-07
   1837   1.81974277e-07
   1838   1.81776344e-07
   1839   1.81578735e-07
   1840   1.81381447e-07
   1841   1.89630577e-07
   1842   1.89424764e-07
   1843   1.89219287e-07
   1844   1.89014143e-07
   1845   1.88809333e-07
   1846   1.99911029e-07
   1847   1.99694646e-07
   1848   1.99478614e-07
   1849   1.99262932e-07
   1850   1.99047600e-07
   1851   2.06837339e-07
   1852   2.06614063e-07
   1853   2.06391148e-07
   1854   2.06168594e-07
   1855   2.05946399e-07
   1856   2.17080589e-07
   1857   2.16846886e-07
   1858   2.16613561e-07
   1859   2.16380612e-07
   1860   2.16148038e-07
   1861   2.29704573e-07
   1862   2.29457944e-07
   1863   2.29211711e-07
   1864   2.28965875e-07
   1865   2.28720434e-07
   1866   2.43114008e-07
   1867   2.42853680e-07
   1868   2.42593770e-07
   1869   2.42334277e-07
   1870   2.42075200e-07
   1871   2.62120587e-07
   1872   2.61840656e-07
   1873   2.61561173e-07
   1874   2.61282137e-07
   1875   2.61003548e-07
   1876   2.70912360e-07
   1877   2.70623810e-07
   1878   2.70335721e-07
   1879   2.70048091e-07
   1880   2.69760921e-07
   1881   2.90949157e-07
   1882   2.90640089e-07
   1883   2.90331513e-07
   1884   2.90023428e-07
   1885   2.89715833e-07
   1886   3.01215193e-07
   1887   3.00896067e-07
   1888   3.00577448e-07
   1889   3.00259334e-07
   1890   2.99941726e-07
   1891   3.13690289e-07
   1892   3.13358824e-07
   1893   3.13027884e-07
   1894   3.12697468e-07
   1895   3.12367575e-07
   1896   3.31438265e-07
   1897   3.31088969e-07
   1898   3.30740224e-07
   1899   3.30392031e-07
   1900   3.30044387e-07
   1901   3.31311322e-07
   1902   3.30963077e-07
   1903   3.30615381e-07
   1904   3.30268233e-07
   1905   3.29921631e-07
   1906   3.46908067e-07
   1907   3.46544384e-07
   1908   3.46181272e-07
   1909   3.45818731e-07
   1910   3.45456760e-07
   1911   3.62740603e-07
   1912   3.62361316e-07
   1913   3.61982624e-07
   1914   3.61604525e-07
   1915   3.61227018e-07
   1916   3.74797696e-07
   1917   3.74406823e-07
   1918   3.74016562e-07
   1919   3.73626911e-07
   1920   3.73237868e-07
   1921   3.93708708e-07
   1922   3.93299182e-07
   1923   3.92890294e-07
   1924   3.92482043e-07
   1925   3.92074428e-07
   1926   4.11525251e-07
   1927   4.11098302e-07
   1928   4.10672018e-07
   1929   4.10246396e-07
   1930   4.09821435e-07
   1931   4.42744700e-07
   1932   4.42286550e-07
   1933   4.41829111e-07
   1934   4.41372381e-07
   1935   4.40916359e-07
   1936   4.56749645e-07
   1937   4.56278222e-07
   1938   4.55807529e-07
   1939   4.55337564e-07
   1940   4.54868325e-07
   1941   4.80886078e-07
   1942   4.80391021e-07
   1943   4.79896728e-07
   1944   4.79403197e-07
   1945   4.78910428e-07
   1946   5.03298167e-07
   1947   5.02781367e-07
   1948   5.02265363e-07
   1949   5.01750153e-07
   1950   5.01235736e-07
   1951   5.07204241e-07
   1952   5.06684764e-07
   1953   5.06166085e-07
   1954   5.05648201e-07
   1955   5.05131113e-07
   1956   5.50293738e-07
   1957   5.49731569e-07
   1958   5.49170260e-07
   1959   5.48609811e-07
   1960   5.48050219e-07
   1961   5.47047498e-07
   1962   5.46490068e-07
   1963   5.45933490e-07
   1964   5.45377762e-07
   1965   5.44822882e-07
   1966   5.93505768e-07
   1967   5.92902535e-07
   1968   5.92300221e-07
   1969   5.91698825e-07
   1970   5.91098344e-07
   1971   6.22069700e-07
   1972   6.21439037e-07
   1973   6.20809333e-07
   1974   6.20180586e-07
   1975   6.19552794e-07
   1976   6.47771063e-07
   1977   6.47116004e-07
   1978   6.46461939e-07
   1979   6.45808865e-07
   1980   6.45156780e-07
   1981   6.83228467e-07
   1982   6.82539294e-07
   1983   6.81851164e-07
   1984   6.81164074e-07
   1985   6.80478021e-07
   1986   7.04089792e-07
   1987   7.03381363e-07
   1988   7.02674003e-07
   1989   7.01967709e-07
   1990   7.01262480e-07
   1991   7.47184146e-07
   1992   7.46434244e-07
   1993   7.45685470e-07
   1994   7.44937822e-07
   1995   7.44191297e-07
   1996   7.54130780e-07
   1997   7.53375800e-07
   1998   7.52621953e-07
   1999   7.51869237e-07
   2000   7.51117649e-07
   2001   7.72099196e-07
   2002   7.71328157e-07
   2003   7.70558272e-07
   2004   7.69789540e-07
   2005   7.69021957e-07
   2006   8.01038619e-07
   2007   8.00240673e-07
   2008   7.99443918e-07
   2009   7.98648352e-07
   2010   7.97853974e-07
   2011   8.18784133e-07
   2012   8.17970535e-07
   2013   8.17158150e-07
   2014   8.16346974e-07
   2015   8.15537006e-07
   2016   8.68935872e-07
   2017   8.68074580e-07
   2018   8.67214568e-07
   2019   8.66355834e-07
   2020   8.65498374e-07
   2021   8.96158883e-07
   2022   8.95272803e-07
   2023   8.94388037e-07
   2024   8.93504582e-07
   2025   8.92622435e-07
   2026   9.23380959e-07
   2027   9.22470214e-07
   2028   9.21560817e-07
   2029   9.20652763e-07
   2030   9.19746051e-07
   2031   9.86632808e-07
   2032   9.85662071e-07
   2033   9.84692766e-07
   2034   9.83724890e-07
   2035   9.82758440e-07
   2036   9.98436255e-07
   2037   9.97456316e-07
   2038   9.96477818e-07
   2039   9.95500759e-07
   2040   9.94525137e-07
   2041   1.06173054e-06
   2042   1.06069103e-06
   2043   1.05965304e-06
   2044   1.05861658e-06
   2045   1.05758164e-06
   2046   1.05901198e-06
   2047   1.05797766e-06
   2048   1.05694486e-06
   2049   1.05591357e-06
   2050   1.05488378e-06
   2051   1.09519310e-06
   2052   1.09412605e-06
   2053   1.09306056e-06
   2054   1.09199663e-06
   2055   1.09093424e-06
   2056   1.13761767e-06
   2057   1.13651198e-06
   2058   1.13540790e-06
   2059   1.13430543e-06
   2060   1.13320456e-06
   2061   1.16998043e-06
   2062   1.16884604e-06
   2063   1.16771330e-06
   2064   1.16658221e-06
   2065   1.16545276e-06
   2066   1.22465487e-06
   2067   1.22347034e-06
   2068   1.22228753e-06
   2069   1.22110643e-06
   2070   1.21992705e-06
   2071   1.24163603e-06
   2072   1.24043797e-06
   2073   1.23924165e-06
   2074   1.23804705e-06
   2075   1.23685419e-06
   2076   1.32836552e-06
   2077   1.32708686e-06
   2078   1.32581005e-06
   2079   1.32453508e-06
   2080   1.32326195e-06
   2081   1.38356398e-06
   2082   1.38223539e-06
   2083   1.38090871e-06
   2084   1.37958394e-06
   2085   1.37826107e-06
   2086   1.45521936e-06
   2087   1.45382531e-06
   2088   1.45243325e-06
   2089   1.45104320e-06
   2090   1.44965514e-06
   2091   1.44710561e-06
   2092   1.44572264e-06
   2093   1.44434165e-06
   2094   1.44296264e-06
   2095   1.44158560e-06
   2096   1.50208947e-06
   2097   1.50065737e-06
   2098   1.49922732e-06
   2099   1.49779932e-06
   2100   1.49637335e-06
   2101   1.52425628e-06
   2102   1.52280650e-06
   2103   1.52135880e-06
   2104   1.51991315e-06
   2105   1.51846957e-06
   2106   1.52767491e-06
   2107   1.52622533e-06
   2108   1.52477781e-06
   2109   1.52333235e-06
   2110   1.52188895e-06
   2111   1.58510319e-06
   2112   1.58360268e-06
   2113   1.58210429e-06
   2114   1.58060804e-06
   2115   1.57911390e-06
   2116   1.62360485e-06
   2117   1.62207152e-06
   2118   1.62054037e-06
   2119   1.61901137e-06
   2120   1.61748454e-06
   2121   1.66402065e-06
   2122   1.66245285e-06
   2123   1.66088727e-06
   2124   1.65932390e-06
   2125   1.65776273e-06
   2126   1.70604262e-06
   2127   1.70443901e-06
   2128   1.70283766e-06
   2129   1.70123856e-06
   2130   1.69964172e-06
   2131   1.76633637e-06
   2132   1.76467998e-06
   2133   1.76302592e-06
   2134   1.76137418e-06
   2135   1.75972476e-06
   2136   1.85004831e-06
   2137   1.84831748e-06
   2138   1.84658907e-06
   2139   1.84486308e-06
   2140   1.84313952e-06
   2141   1.87120846e-06
   2142   1.86946191e-06
   2143   1.86771780e-06
   2144   1.86597614e-06
   2145   1.86423691e-06
   2146   1.89643252e-06
   2147   1.89466655e-06
   2148   1.89290305e-06
   2149   1.89114200e-06
   2150   1.88938341e-06
   2151   1.88018214e-06
   2152   1.87843537e-06
   2153   1.87669103e-06
   2154   1.87494912e-06
   2155   1.87320963e-06
   2156   1.93042012e-06
   2157   1.92863083e-06
   2158   1.92684402e-06
   2159   1.92505970e-06
   2160   1.92327786e-06
   2161   2.06231513e-06
   2162   2.06040801e-06
   2163   2.05850353e-06
   2164   2.05660169e-06
   2165   2.05470249e-06
   2166   2.07610447e-06
   2167   2.07418902e-06
   2168   2.07227622e-06
   2169   2.07036607e-06
   2170   2.06845856e-06
   2171   2.18662025e-06
   2172   2.18460748e-06
   2173   2.18259749e-06
   2174   2.18059027e-06
   2175   2.17858582e-06
   2176   2.21055146e-06
   2177   2.20852134e-06
   2178   2.20649401e-06
   2179   2.20446947e-06
   2180   2.20244772e-06
   2181   2.31178466e-06
   2182   2.30966643e-06
   2183   2.30755111e-06
   2184   2.30543869e-06
   2185   2.30332917e-06
   2186   2.38133619e-06
   2187   2.37915922e-06
   2188   2.37698523e-06
   2189   2.37481422e-06
   2190   2.37264618e-06
   2191   2.37195359e-06
   2192   2.36979014e-06
   2193   2.36762965e-06
   2194   2.36547211e-06
   2195   2.36331752e-06
   2196   2.44451923e-06
   2197   2.44229466e-06
   2198   2.44007313e-06
   2199   2.43785463e-06
   2200   2.43563915e-06
   2201   2.39368984e-06
   2202   2.39151648e-06
   2203   2.38934607e-06
   2204   2.38717862e-06
   2205   2.38501411e-06
   2206   2.46623818e-06
   2207   2.46400402e-06
   2208   2.46177289e-06
   2209   2.45954478e-06
   2210   2.45731971e-06
   2211   2.47448035e-06
   2212   2.47224378e-06
   2213   2.47001025e-06
   2214   2.46777974e-06
   2215   2.46555225e-06
   2216   2.49052044e-06
   2217   2.48827446e-06
   2218   2.48603150e-06
   2219   2.48379158e-06
   2220   2.48155469e-06
   2221   2.60230176e-06
   2222   2.59996025e-06
   2223   2.59762189e-06
   2224   2.59528669e-06
   2225   2.59295463e-06
   2226   2.61171619e-06
   2227   2.60937147e-06
   2228   2.60702992e-06
   2229   2.60469151e-06
   2230   2.60235625e-06
   2231   2.72863652e-06
   2232   2.72619233e-06
   2233   2.72375141e-06
   2234   2.72131378e-06
   2235   2.71887942e-06
   2236   2.79092457e-06
   2237   2.78843017e-06
   2238   2.78593911e-06
   2239   2.78345138e-06
   2240   2.78096699e-06
   2241   2.77187417e-06
   2242   2.76940232e-06
   2243   2.76693377e-06
   2244   2.76446852e-06
   2245   2.76200656e-06
   2246   2.93759204e-06
   2247   2.93497823e-06
   2248   2.93236791e-06
   2249   2.92976108e-06
   2250   2.92715771e-06
   2251   2.85258454e-06
   2252   2.85005200e-06
   2253   2.84752284e-06
   2254   2.84499704e-06
   2255   2.84247460e-06
   2256   2.92847704e-06
   2257   2.92588288e-06
   2258   2.92329218e-06
   2259   2.92070490e-06
   2260   2.91812107e-06
   2261   2.95724855e-06
   2262   2.95463470e-06
   2263   2.95202431e-06
   2264   2.94941738e-06
   2265   2.94681390e-06
   2266   3.04175596e-06
   2267   3.03907334e-06
   2268   3.03639427e-06
   2269   3.03371874e-06
   2270   3.03104674e-06
   2271   3.16151994e-06
   2272   3.15873783e-06
   2273   3.15595939e-06
   2274   3.15318461e-06
   2275   3.15041350e-06
   2276   3.14530593e-06
   2277   3.14254417e-06
   2278   3.13978604e-06
   2279   3.13703154e-06
   2280   3.13428066e-06
   2281   3.31819969e-06
   2282   3.31529249e-06
   2283   3.31238912e-06
   2284   3.30948956e-06
   2285   3.30659380e-06
   2286   3.33234330e-06
   2287   3.32943009e-06
   2288   3.32652071e-06
   2289   3.32361513e-06
   2290   3.32071336e-06
   2291   3.35878872e-06
   2292   3.35585880e-06
   2293   3.35293271e-06
   2294   3.35001045e-06
   2295   3.34709200e-06
   2296   3.36026598e-06
   2297   3.35734114e-06
   2298   3.35442013e-06
   2299   3.35150293e-06
   2300   3.34858952e-06
   2301   3.31385588e-06
   2302   3.31097771e-06
   2303   3.30810328e-06
   2304   3.30523260e-06
   2305   3.30236565e-06
   2306   3.44605281e-06
   2307   3.44306630e-06
   2308   3.44008368e-06
   2309   3.43710493e-06
   2310   3.43413005e-06
   2311   3.37915955e-06
   2312   3.37623735e-06
   2313   3.37331894e-06
   2314   3.37040431e-06
   2315   3.36749345e-06
   2316   3.45923264e-06
   2317   3.45624765e-06
   2318   3.45326652e-06
   2319   3.45028925e-06
   2320   3.44731582e-06
   2321   3.49173253e-06
   2322   3.48872598e-06
   2323   3.48572331e-06
   2324   3.48272452e-06
   2325   3.47972959e-06
   2326   3.57556303e-06
   2327   3.57249091e-06
   2328   3.56942275e-06
   2329   3.56635854e-06
   2330   3.56329827e-06
   2331   3.68065224e-06
   2332   3.67749660e-06
   2333   3.67434503e-06
   2334   3.67119750e-06
   2335   3.66805401e-06
   2336   3.63817796e-06
   2337   3.63506541e-06
   2338   3.63195686e-06
   2339   3.62885229e-06
   2340   3.62575170e-06
   2341   3.71179885e-06
   2342   3.70863010e-06
   2343   3.70546540e-06
   2344   3.70230475e-06
   2345   3.69914815e-06
   2346   3.68834622e-06
   2347   3.68520419e-06
   2348   3.68206618e-06
   2349   3.67893217e-06
   2350   3.67580217e-06
   2351   3.68436402e-06
   2352   3.68123205e-06
   2353   3.67810408e-06
   2354   3.67498009e-06
   2355   3.67186008e-06
   2356   3.60506571e-06
   2357   3.60200766e-06
   2358   3.59895349e-06
   2359   3.59590321e-06
   2360   3.59285680e-06
   2361   3.62045206e-06
   2362   3.61738746e-06
   2363   3.61432674e-06
   2364   3.61126990e-06
   2365   3.60821694e-06
   2366   3.75356321e-06
   2367   3.75039264e-06
   2368   3.74722608e-06
   2369   3.74406353e-06
   2370   3.74090499e-06
   2371   3.80622294e-06
   2372   3.80301466e-06
   2373   3.79981044e-06
   2374   3.79661026e-06
   2375   3.79341413e-06
   2376   3.92445987e-06
   2377   3.92115888e-06
   2378   3.91786206e-06
   2379   3.91456939e-06
   2380   3.91128088e-06
   2381   4.02237326e-06
   2382   4.01899702e-06
   2383   4.01562502e-06
   2384   4.01225727e-06
   2385   4.00889375e-06
   2386   4.04533613e-06
   2387   4.04194772e-06
   2388   4.03856357e-06
   2389   4.03518367e-06
   2390   4.03180800e-06
   2391   4.18630354e-06
   2392   4.18280438e-06
   2393   4.17930961e-06
   2394   4.17581922e-06
   2395   4.17233319e-06
   2396   4.02886865e-06
   2397   4.02550811e-06
   2398   4.02215177e-06
   2399   4.01879963e-06
   2400   4.01545168e-06
   2401   4.06329566e-06
   2402   4.05991346e-06
   2403   4.05653547e-06
   2404   4.05316170e-06
   2405   4.04979214e-06
   2406   3.99678025e-06
   2407   3.99346032e-06
   2408   3.99014453e-06
   2409   3.98683286e-06
   2410   3.98352532e-06
   2411   4.05657872e-06
   2412   4.05321610e-06
   2413   4.04985766e-06
   2414   4.04650340e-06
   2415   4.04315330e-06
   2416   4.15187640e-06
   2417   4.14844190e-06
   2418   4.14501167e-06
   2419   4.14158568e-06
   2420   4.13816395e-06
   2421   4.17175409e-06
   2422   4.16831027e-06
   2423   4.16487072e-06
   2424   4.16143542e-06
   2425   4.15800437e-06
   2426   4.33157956e-06
   2427   4.32801117e-06
   2428   4.32444719e-06
   2429   4.32088760e-06
   2430   4.31733242e-06
   2431   4.32990091e-06
   2432   4.32634124e-06
   2433   4.32278595e-06
   2434   4.31923504e-06
   2435   4.31568851e-06
   2436   4.45946234e-06
   2437   4.45580367e-06
   2438   4.45214950e-06
   2439   4.44849982e-06
   2440   4.44485463e-06
   2441   4.51322605e-06
   2442   4.50953085e-06
   2443   4.50584019e-06
   2444   4.50215405e-06
   2445   4.49847244e-06
   2446   4.43093671e-06
   2447   4.42731630e-06
   2448   4.42370032e-06
   2449   4.42008877e-06
   2450   4.41648163e-06
   2451   4.48256792e-06
   2452   4.47891279e-06
   2453   4.47526212e-06
   2454   4.47161591e-06
   2455   4.46797416e-06
   2456   4.48727700e-06
   2457   4.48362547e-06
   2458   4.47997839e-06
   2459   4.47633576e-06
   2460   4.47269757e-06
   2461   4.56027693e-06
   2462   4.55657353e-06
   2463   4.55287463e-06
   2464   4.54918024e-06
   2465   4.54549035e-06
   2466   4.62177650e-06
   2467   4.61803076e-06
   2468   4.61428957e-06
   2469   4.61055292e-06
   2470   4.60682081e-06
   2471   4.67479135e-06
   2472   4.67101030e-06
   2473   4.66723384e-06
   2474   4.66346196e-06
   2475   4.65969465e-06
   2476   4.86345631e-06
   2477   4.85953061e-06
   2478   4.85560966e-06
   2479   4.85169345e-06
   2480   4.84778198e-06
   2481   4.87012508e-06
   2482   4.86620191e-06
   2483   4.86228348e-06
   2484   4.85836978e-06
   2485   4.85446080e-06
   2486   5.01567565e-06
   2487   5.01164335e-06
   2488   5.00761591e-06
   2489   5.00359333e-06
   2490   4.99957559e-06
   2491   4.94557596e-06
   2492   4.94160800e-06
   2493   4.93764480e-06
   2494   4.93368637e-06
   2495   4.92973270e-06
   2496   4.86834081e-06
   2497   4.86444263e-06
   2498   4.86054913e-06
   2499   4.85666030e-06
   2500   4.85277614e-06
   2501   4.83480415e-06
   2502   4.83094056e-06
   2503   4.82708160e-06
   2504   4.82322725e-06
   2505   4.81937753e-06
   2506   4.80309288e-06
   2507   4.79926228e-06
   2508   4.79543626e-06
   2509   4.79161482e-06
   2510   4.78779794e-06
   2511   5.12311209e-06
   2512   5.11903440e-06
   2513   5.11496157e-06
   2514   5.11089360e-06
   2515   5.10683049e-06
   2516   5.22455981e-06
   2517   5.22040963e-06
   2518   5.21626439e-06
   2519   5.21212408e-06
   2520   5.20798871e-06
   2521   5.46959272e-06
   2522   5.46525650e-06
   2523   5.46092544e-06
   2524   5.45659953e-06
   2525   5.45227875e-06
   2526   5.59912145e-06
   2527   5.59469133e-06
   2528   5.59026646e-06
   2529   5.58584684e-06
   2530   5.58143246e-06
   2531   5.74757618e-06
   2532   5.74303758e-06
   2533   5.73850435e-06
   2534   5.73397648e-06
   2535   5.72945397e-06
   2536   5.91436357e-06
   2537   5.90970247e-06
   2538   5.90504687e-06
   2539   5.90039677e-06
   2540   5.89575216e-06
   2541   5.77089125e-06
   2542   5.76635216e-06
   2543   5.76181841e-06
   2544   5.75729002e-06
   2545   5.75276696e-06
   2546   5.47232487e-06
   2547   5.46802906e-06
   2548   5.46373831e-06
   2549   5.45945261e-06
   2550   5.45517194e-06
   2551   4.80693830e-06
   2552   4.80317221e-06
   2553   4.79941055e-06
   2554   4.79565331e-06
   2555   4.79190047e-06
   2556   4.43617415e-06
   2557   4.43270534e-06
   2558   4.42924060e-06
   2559   4.42577992e-06
   2560   4.42232329e-06
   2561   4.34718223e-06
   2562   4.34378964e-06
   2563   4.34040102e-06
   2564   4.33701636e-06
   2565   4.33363566e-06
   2566   4.72713647e-06
   2567   4.72345454e-06
   2568   4.71977692e-06
   2569   4.71610358e-06
   2570   4.71243453e-06
   2571   5.72491639e-06
   2572   5.72046596e-06
   2573   5.71602072e-06
   2574   5.71158066e-06
   2575   5.70714578e-06
   2576   6.77165451e-06
   2577   6.76640058e-06
   2578   6.76115277e-06
   2579   6.75591106e-06
   2580   6.75067544e-06
   2581   8.16386814e-06
   2582   8.15754630e-06
   2583   8.15123180e-06
   2584   8.14492463e-06
   2585   8.13862477e-06
   2586   9.15258928e-06
   2587   9.14551550e-06
   2588   9.13844991e-06
   2589   9.13139251e-06
   2590   9.12434329e-06
   2591   9.77417567e-06
   2592   9.76663605e-06
   2593   9.75910515e-06
   2594   9.75158296e-06
   2595   9.74406946e-06
   2596   1.02653609e-05
   2597   1.02574576e-05
   2598   1.02495635e-05
   2599   1.02416784e-05
   2600   1.02338025e-05
   2601   1.05098029e-05
   2602   1.05017270e-05
   2603   1.04936604e-05
   2604   1.04856031e-05
   2605   1.04775550e-05
   2606   1.16933134e-05
   2607   1.16843452e-05
   2608   1.16753874e-05
   2609   1.16664399e-05
   2610   1.16575027e-05
   2611   1.26781422e-05
   2612   1.26684373e-05
   2613   1.26587437e-05
   2614   1.26490611e-05
   2615   1.26393896e-05
   2616   1.39607278e-05
   2617   1.39500616e-05
   2618   1.39394076e-05
   2619   1.39287659e-05
   2620   1.39181363e-05
   2621   1.39103051e-05
   2622   1.38996977e-05
   2623   1.38891024e-05
   2624   1.38785192e-05
   2625   1.38679481e-05
   2626   1.31703472e-05
   2627   1.31603231e-05
   2628   1.31503105e-05
   2629   1.31403093e-05
   2630   1.31303196e-05
   2631   1.13216132e-05
   2632   1.13130126e-05
   2633   1.13044218e-05
   2634   1.12958408e-05
   2635   1.12872696e-05
   2636   7.79671559e-06
   2637   7.79080395e-06
   2638   7.78489903e-06
   2639   7.77900082e-06
   2640   7.77310931e-06
   2641   2.91748247e-06
   2642   2.91527456e-06
   2643   2.91306915e-06
   2644   2.91086624e-06
   2645   2.90866583e-06
   2646  -4.08212575e-06
   2647  -4.07904228e-06
   2648  -4.07596231e-06
   2649  -4.07288582e-06
   2650  -4.06981282e-06
   2651  -1.24339706e-05
   2652  -1.24245962e-05
   2653  -1.24152324e-05
   2654  -1.24058792e-05
   2655  -1.23965365e-05
   2656  -2.07824359e-05
   2657  -2.07667967e-05
   2658  -2.07511753e-05
   2659  -2.07355714e-05
   2660  -2.07199852e-05
   2661  -2.57159548e-05
   2662  -2.56966395e-05
   2663  -2.56773459e-05
   2664  -2.56580740e-05
   2665  -2.56388238e-05
   2666  -2.87079061e-05
   2667  -2.86863839e-05
   2668  -2.86648859e-05
   2669  -2.86434121e-05
   2670  -2.86219623e-05
   2671  -2.51403188e-05
   2672  -2.51215065e-05
   2673  -2.51027153e-05
   2674  -2.50839451e-05
   2675  -2.50651960e-05
   2676  -1.36362341e-05
   2677  -1.36260493e-05
   2678  -1.36158758e-05
   2679  -1.36057138e-05
   2680  -1.35955631e-05
   2681   8.00121205e-06
   2682   7.99524712e-06
   2683   7.98928885e-06
   2684   7.98333725e-06
   2685   7.97739229e-06
   2686   4.10228872e-05
   2687   4.09923614e-05
   2688   4.09618696e-05
   2689   4.09314119e-05
   2690   4.09009881e-05
   2691   8.81847835e-05
   2692   8.81192855e-05
   2693   8.80538605e-05
   2694   8.79885084e-05
   2695   8.79232290e-05
   2696   1.42709491e-04
   2697   1.42603692e-04
   2698   1.42498011e-04
   2699   1.42392447e-04
   2700   1.42287000e-04
   2701   2.08804520e-04
   2702   2.08650008e-04
   2703   2.08495666e-04
   2704   2.08341496e-04
   2705   2.08187497e-04
   2706   2.68698136e-04
   2707   2.68499670e-04
   2708   2.68301424e-04
   2709   2.68103397e-04
   2710   2.67905590e-04
   2711   3.13197286e-04
   2712   3.12966379e-04
   2713   3.12735727e-04
   2714   3.12505329e-04
   2715   3.12275186e-04
   2716   3.47442630e-04
   2717   3.47186946e-04
   2718   3.46931544e-04
   2719   3.46676424e-04
   2720   3.46421585e-04
   2721   3.32084571e-04
   2722   3.31840637e-04
   2723   3.31596973e-04
   2724   3.31353577e-04
   2725   3.31110448e-04
   2726   2.84183491e-04
   2727   2.83975126e-04
   2728   2.83766991e-04
   2729   2.83559084e-04
   2730   2.83351405e-04
   2731   1.46188441e-04
   2732   1.46081451e-04
   2733   1.45974579e-04
   2734   1.45867823e-04
   2735   1.45761185e-04
   2736  -1.08133145e-04
   2737  -1.08054151e-04
   2738  -1.07975244e-04
   2739  -1.07896422e-04
   2740  -1.07817687e-04
   2741  -5.19477027e-04
   2742  -5.19098227e-04
   2743  -5.18719841e-04
   2744  -5.18341869e-04
   2745  -5.17964310e-04
   2746  -1.04651592e-03
   2747  -1.04575419e-03
   2748  -1.04499330e-03
   2749  -1.04423323e-03
   2750  -1.04347400e-03
   2751  -1.66851047e-03
   2752  -1.66729822e-03
   2753  -1.66608729e-03
   2754  -1.66487768e-03
   2755  -1.66366939e-03
   2756  -2.16131028e-03
   2757  -2.15974284e-03
   2758  -2.15817710e-03
   2759  -2.15661306e-03
   2760  -2.15505072e-03
   2761  -2.44374722e-03
   2762  -2.44197815e-03
   2763  -2.44021100e-03
   2764  -2.43844577e-03
   2765  -2.43668246e-03
   2766  -2.53017265e-03
   2767  -2.52834433e-03
   2768  -2.52651798e-03
   2769  -2.52469362e-03
   2770  -2.52287123e-03
   2771  -2.28751263e-03
   2772  -2.28586263e-03
   2773  -2.28421442e-03
   2774  -2.28256799e-03
   2775  -2.28092334e-03
   2776  -1.81613779e-03
   2777  -1.81483016e-03
   2778  -1.81352394e-03
   2779  -1.81221913e-03
   2780  -1.81091573e-03
   2781  -6.92654334e-04
   2782  -6.92156514e-04
   2783  -6.91659230e-04
   2784  -6.91162482e-04
   2785  -6.90666269e-04
   2786   1.26235466e-03
   2787   1.26144901e-03
   2788   1.26054434e-03
   2789   1.25964064e-03
   2790   1.25873792e-03
   2791   4.46986395e-03
   2792   4.46666290e-03
   2793   4.46346529e-03
   2794   4.46027111e-03
   2795   4.45708036e-03
   2796   8.88776631e-03
   2797   8.88141280e-03
   2798   8.87506610e-03
   2799   8.86872620e-03
   2800   8.86239309e-03
   2801   1.39810670e-02
   2802   1.39710904e-02
   2803   1.39611244e-02
   2804   1.39511690e-02
   2805   1.39412243e-02
   2806   1.80180222e-02
   2807   1.80051877e-02
   2808   1.79923669e-02
   2809   1.79795598e-02
   2810   1.79667664e-02
   2811   2.12856230e-02
   2812   2.12704879e-02
   2813   2.12553689e-02
   2814   2.12402661e-02
   2815   2.12251793e-02
   2816   2.32992754e-02
   2817   2.32827379e-02
   2818   2.32662180e-02
   2819   2.32497157e-02
   2820   2.32332309e-02
   2821   2.38662416e-02
   2822   2.38493316e-02
   2823   2.38324397e-02
   2824   2.38155657e-02
   2825   2.37987096e-02
   2826   2.38449657e-02
   2827   2.38281007e-02
   2828   2.38112536e-02
   2829   2.37944244e-02
   2830   2.37776130e-02
   2831   2.28513388e-02
   2832   2.28352051e-02
   2833   2.28190885e-02
   2834   2.28029890e-02
   2835   2.27869065e-02
   2836   2.13349654e-02
   2837   2.13199289e-02
   2838   2.13049082e-02
   2839   2.12899035e-02
   2840   2.12749145e-02
   2841   1.81030757e-02
   2842   1.80903394e-02
   2843   1.80776166e-02
   2844   1.80649071e-02
   2845   1.80522110e-02
   2846   1.36617420e-02
   2847   1.36521472e-02
   2848   1.36425626e-02
   2849   1.36329880e-02
   2850   1.36234235e-02
   2851   8.60975196e-03
   2852   8.60371585e-03
   2853   8.59768609e-03
   2854   8.59166267e-03
   2855   8.58564557e-03
   2856   4.15612570e-03
   2857   4.15321703e-03
   2858   4.15031141e-03
   2859   4.14740884e-03
   2860   4.14450932e-03
   2861   9.91322086e-04
   2862   9.90629520e-04
   2863   9.89937679e-04
   2864   9.89246563e-04
   2865   9.88556170e-04
   2866  -9.58759938e-04
   2867  -9.58091288e-04
   2868  -9.57423338e-04
   2869  -9.56756086e-04
   2870  -9.56089531e-04
   2871  -2.01822263e-03
   2872  -2.01681755e-03
   2873  -2.01541394e-03
   2874  -2.01401179e-03
   2875  -2.01261110e-03
   2876  -2.48673165e-03
   2877  -2.48500340e-03
   2878  -2.48327695e-03
   2879  -2.48155231e-03
   2880  -2.47982946e-03
   2881  -2.65372547e-03
   2882  -2.65188437e-03
   2883  -2.65004518e-03
   2884  -2.64820790e-03
   2885  -2.64637253e-03
   2886  -2.57132602e-03
   2887  -2.56954517e-03
   2888  -2.56776617e-03
   2889  -2.56598901e-03
   2890  -2.56421370e-03
   2891  -2.27406413e-03
   2892  -2.27249188e-03
   2893  -2.27092126e-03
   2894  -2.26935227e-03
   2895  -2.26778490e-03
   2896  -1.78048172e-03
   2897  -1.77925285e-03
   2898  -1.77802525e-03
   2899  -1.77679892e-03
   2900  -1.77557386e-03
   2901  -1.13347251e-03
   2902  -1.13269155e-03
   2903  -1.13191139e-03
   2904  -1.13113204e-03
   2905  -1.13035349e-03
   2906  -5.74013276e-04
   2907  -5.73618460e-04
   2908  -5.73224051e-04
   2909  -5.72830049e-04
   2910  -5.72436453e-04
   2911  -1.52251616e-04
   2912  -1.52147074e-04
   2913  -1.52042640e-04
   2914  -1.51938314e-04
   2915  -1.51834095e-04
   2916   1.06097182e-04
   2917   1.06024456e-04
   2918   1.05951806e-04
   2919   1.05879230e-04
   2920   1.05806728e-04
   2921   2.49161199e-04
   2922   2.48990701e-04
   2923   2.48820378e-04
   2924   2.48650230e-04
   2925   2.48480256e-04
   2926   2.97515482e-04
   2927   2.97312244e-04
   2928   2.97109214e-04
   2929   2.96906391e-04
   2930   2.96703777e-04
   2931   3.08649151e-04
   2932   3.08438666e-04
   2933   3.08228397e-04
   2934   3.08018343e-04
   2935   3.07808503e-04
   2936   2.80155652e-04
   2937   2.79964924e-04
   2938   2.79774391e-04
   2939   2.79584052e-04
   2940   2.79393907e-04
   2941   2.35075584e-04
   2942   2.34915818e-04
   2943   2.34756215e-04
   2944   2.34596774e-04
   2945   2.34437496e-04
   2946   1.80497572e-04
   2947   1.80375108e-04
   2948   1.80252768e-04
   2949   1.80130552e-04
   2950   1.80008461e-04
   2951   1.10767331e-04
   2952   1.10692304e-04
   2953   1.10617354e-04
   2954   1.10542479e-04
   2955   1.10467681e-04
   2956   5.41857765e-05
   2957   5.41491366e-05
   2958   5.41125339e-05
   2959   5.40759683e-05
   2960   5.40394398e-05
   2961   8.51700408e-06
   2962   8.51125469e-06
   2963   8.50551112e-06
   2964   8.49977336e-06
   2965   8.49404140e-06
   2966  -2.39626147e-05
   2967  -2.39464660e-05
   2968  -2.39303337e-05
   2969  -2.39142176e-05
   2970  -2.38981178e-05
   2971  -4.49621840e-05
   2972  -4.49319344e-05
   2973  -4.49017154e-05
   2974  -4.48715268e-05
   2975  -4.48413687e-05
   2976  -5.36072981e-05
   2977  -5.35712929e-05
   2978  -5.35353239e-05
   2979  -5.34993912e-05
   2980  -5.34634946e-05
   2981  -5.76270116e-05
   2982  -5.75883714e-05
   2983  -5.75497701e-05
   2984  -5.75112075e-05
   2985  -5.74726837e-05
   2986  -5.37865932e-05
   2987  -5.37505884e-05
   2988  -5.37146198e-05
   2989  -5.36786873e-05
   2990  -5.36427908e-05
   2991  -4.75422642e-05
   2992  -4.75104926e-05
   2993  -4.74787528e-05
   2994  -4.74470448e-05
   2995  -4.74153686e-05
   2996  -3.73206628e-05
   2997  -3.72957637e-05
   2998  -3.72708894e-05
   2999  -3.72460401e-05
   3000  -3.72212156e-05
   3001  -2.62638333e-05
   3002  -2.62463402e-05
   3003  -2.62288644e-05
   3004  -2.62114062e-05
   3005  -2.61939653e-05
   3006  -1.77217584e-05
   3007  -1.77099743e-05
   3008  -1.76982020e-05
   3009  -1.76864414e-05
   3010  -1.76746926e-05
   3011  -1.10037019e-05
   3012  -1.09963972e-05
   3013  -1.09890997e-05
   3014  -1.09818095e-05
   3015  -1.09745265e-05
   3016  -6.78273877e-06
   3017  -6.77824354e-06
   3018  -6.77375278e-06
   3019  -6.76926648e-06
   3020  -6.76478464e-06
   3021  -4.27532557e-06
   3022  -4.27249681e-06
   3023  -4.26967085e-06
   3024  -4.26684769e-06
   3025  -4.26402733e-06
   3026  -3.10505936e-06
   3027  -3.10300829e-06
   3028  -3.10095926e-06
   3029  -3.09891225e-06
   3030  -3.09686727e-06
   3031  -3.22556050e-06
   3032  -3.22343335e-06
   3033  -3.22130830e-06
   3034  -3.21918536e-06
   3035  -3.21706451e-06
   3036  -3.83832817e-06
   3037  -3.83580108e-06
   3038  -3.83327649e-06
   3039  -3.83075439e-06
   3040  -3.82823478e-06
   3041  -4.64507988e-06
   3042  -4.64202667e-06
   3043  -4.63897646e-06
   3044  -4.63592927e-06
   3045  -4.63288507e-06
   3046  -5.12227402e-06
   3047  -5.11891267e-06
   3048  -5.11555463e-06
   3049  -5.11219990e-06
   3050  -5.10884846e-06
   3051  -5.37679205e-06
   3052  -5.37326946e-06
   3053  -5.36975034e-06
   3054  -5.36623466e-06
   3055  -5.36272244e-06
   3056  -5.56068308e-06
   3057  -5.55704597e-06
   3058  -5.55341243e-06
   3059  -5.54978245e-06
   3060  -5.54615603e-06
   3061  -5.76203123e-06
   3062  -5.75826858e-06
   3063  -5.75450961e-06
   3064  -5.75075432e-06
   3065  -5.74700271e-06
   3066  -6.47811868e-06
   3067  -6.47389531e-06
   3068  -6.46967607e-06
   3069  -6.46546096e-06
   3070  -6.46124996e-06
   3071  -7.16290735e-06
   3072  -7.15824514e-06
   3073  -7.15358748e-06
   3074  -7.14893436e-06
   3075  -7.14428578e-06
   3076  -7.81630494e-06
   3077  -7.81122571e-06
   3078  -7.80615143e-06
   3079  -7.80108209e-06
   3080  -7.79601768e-06
   3081  -7.69627862e-06
   3082  -7.69128550e-06
   3083  -7.68629723e-06
   3084  -7.68131381e-06
   3085  -7.67633524e-06
   3086  -6.93839272e-06
   3087  -6.93389858e-06
   3088  -6.92940880e-06
   3089  -6.92492338e-06
   3090  -6.92044232e-06
   3091  -5.20462880e-06
   3092  -5.20126310e-06
   3093  -5.19790067e-06
   3094  -5.19454150e-06
   3095  -5.19118558e-06
   3096  -2.40626801e-06
   3097  -2.40471445e-06
   3098  -2.40316239e-06
   3099  -2.40161184e-06
   3100  -2.40006279e-06
   3101   7.01596354e-07
   3102   7.01144112e-07
   3103   7.00692308e-07
   3104   7.00240940e-07
   3105   6.99790008e-07
   3106   3.30114365e-06
   3107   3.29901919e-06
   3108   3.29689678e-06
   3109   3.29477642e-06
   3110   3.29265810e-06
   3111   5.23244678e-06
   3112   5.22908484e-06
   3113   5.22572613e-06
   3114   5.22237066e-06
   3115   5.21901842e-06
   3116   6.18487708e-06
   3117   6.18090956e-06
   3118   6.17694585e-06
   3119   6.17298595e-06
   3120   6.16902986e-06
   3121   6.61605182e-06
   3122   6.61181449e-06
   3123   6.60758124e-06
   3124   6.60335205e-06
   3125   6.59912692e-06
   3126   6.84823832e-06
   3127   6.84385930e-06
   3128   6.83948448e-06
   3129   6.83511386e-06
   3130   6.83074742e-06
   3131   6.70970453e-06
   3132   6.70542095e-06
   3133   6.70114146e-06
   3134   6.69686607e-06
   3135   6.69259477e-06
   3136   6.76229378e-06
   3137   6.75798350e-06
   3138   6.75367734e-06
   3139   6.74937529e-06
   3140   6.74507735e-06
   3141   6.47841298e-06
   3142   6.47429022e-06
   3143   6.47017138e-06
   3144   6.46605648e-06
   3145   6.46194550e-06
   3146   6.32411753e-06
   3147   6.32009935e-06
   3148   6.31608499e-06
   3149   6.31207446e-06
   3150   6.30806775e-06
   3151   6.32384234e-06
   3152   6.31983070e-06
   3153   6.31582288e-06
   3154   6.31181887e-06
   3155   6.30781867e-06
   3156   6.04805522e-06
   3157   6.04422461e-06
   3158   6.04039764e-06
   3159   6.03657430e-06
   3160   6.03275459e-06
   3161   5.95317402e-06
   3162   5.94940947e-06
   3163   5.94564848e-06
   3164   5.94189106e-06
   3165   5.93813720e-06
   3166   5.78567981e-06
   3167   5.78202695e-06
   3168   5.77837754e-06
   3169   5.77473159e-06
   3170   5.77108909e-06
   3171   5.73884504e-06
   3172   5.73522745e-06
   3173   5.73161329e-06
   3174   5.72800254e-06
   3175   5.72439520e-06
   3176   5.67388752e-06
   3177   5.67031651e-06
   3178   5.66674887e-06
   3179   5.66318459e-06
   3180   5.65962368e-06
   3181   5.41425352e-06
   3182   5.41085128e-06
   3183   5.40745223e-06
   3184   5.40405639e-06
   3185   5.40066375e-06
   3186   5.42648361e-06
   3187   5.42307902e-06
   3188   5.41967764e-06
   3189   5.41627946e-06
   3190   5.41288447e-06
   3191   5.14902777e-06
   3192   5.14580232e-06
   3193   5.14257990e-06
   3194   5.13936051e-06
   3195   5.13614413e-06
   3196   5.15648572e-06
   3197   5.15326065e-06
   3198   5.15003860e-06
   3199   5.14681958e-06
   3200   5.14360357e-06
   3201   4.96451791e-06
   3202   4.96141775e-06
   3203   4.95832050e-06
   3204   4.95522614e-06
   3205   4.95213468e-06
   3206   4.74026875e-06
   3207   4.73731324e-06
   3208   4.73436049e-06
   3209   4.73141051e-06
   3210   4.72846328e-06
   3211   4.69542539e-06
   3212   4.69250240e-06
   3213   4.68958213e-06
   3214   4.68666459e-06
   3215   4.68374977e-06
   3216   4.49916583e-06
   3217   4.49636936e-06
   3218   4.49357550e-06
   3219   4.49078424e-06
   3220   4.48799558e-06
   3221   4.46483213e-06
   3222   4.46206131e-06
   3223   4.45929307e-06
   3224   4.45652740e-06
   3225   4.45376430e-06
   3226   4.37491328e-06
   3227   4.37220246e-06
   3228   4.36949417e-06
   3229   4.36678839e-06
   3230   4.36408512e-06
   3231   4.15082074e-06
   3232   4.14825276e-06
   3233   4.14568716e-06
   3234   4.14312394e-06
   3235   4.14056310e-06
   3236   4.18334530e-06
   3237   4.18076120e-06
   3238   4.17817948e-06
   3239   4.17560016e-06
   3240   4.17302323e-06
   3241   3.93441427e-06
   3242   3.93198768e-06
   3243   3.92956333e-06
   3244   3.92714123e-06
   3245   3.92472136e-06
   3246   3.95060986e-06
   3247   3.94817703e-06
   3248   3.94574645e-06
   3249   3.94331811e-06
   3250   3.94089201e-06
   3251   3.83075039e-06
   3252   3.82839499e-06
   3253   3.82604177e-06
   3254   3.82369072e-06
   3255   3.82134184e-06
   3256   3.72049149e-06
   3257   3.71820741e-06
   3258   3.71592542e-06
   3259   3.71364554e-06
   3260   3.71136775e-06
   3261   3.73452484e-06
   3262   3.73223565e-06
   3263   3.72994856e-06
   3264   3.72766358e-06
   3265   3.72538070e-06
   3266   3.50434053e-06
   3267   3.50219572e-06
   3268   3.50005289e-06
   3269   3.49791202e-06
   3270   3.49577311e-06
   3271   3.52024874e-06
   3272   3.51809750e-06
   3273   3.51594822e-06
   3274   3.51380091e-06
   3275   3.51165557e-06
   3276   3.36355343e-06
   3277   3.36150108e-06
   3278   3.35945060e-06
   3279   3.35740200e-06
   3280   3.35535527e-06
   3281   3.29666831e-06
   3282   3.29465983e-06
   3283   3.29265319e-06
   3284   3.29064837e-06
   3285   3.28864539e-06
   3286   3.23127545e-06
   3287   3.22930980e-06
   3288   3.22734595e-06
   3289   3.22538389e-06
   3290   3.22342362e-06
   3291   3.06253135e-06
   3292   3.06067118e-06
   3293   3.05881271e-06
   3294   3.05695593e-06
   3295   3.05510084e-06
   3296   3.10432936e-06
   3297   3.10244666e-06
   3298   3.10056568e-06
   3299   3.09868641e-06
   3300   3.09680884e-06
