     50   1.96446489e-12
     51   1.42343245e-12
     52   1.36946716e-12
     53   1.31851361e-12
     54   1.27035180e-12
     55   1.22478144e-12
     56   6.44072219e-13
     57   6.21767964e-13
     58   6.00602565e-13
     59   5.80499787e-13
     60   5.61389670e-13
     61   3.38662390e-13
     62   3.27868892e-13
     63   3.17583291e-13
     64   3.07774214e-13
     65   2.98412673e-13
     66   8.60347472e-13
     67   8.34950814e-13
     68   8.10662313e-13
     69   7.87418425e-13
     70   7.65160092e-13
     71   6.00124089e-13
     72   5.83626425e-13
     73   5.67799821e-13
     74   5.52608369e-13
     75   5.38018532e-13
     76   8.77178838e-13
     77   8.54615461e-13
     78   8.32911606e-13
     79   8.12024164e-13
     80   7.91912696e-13
     81   1.27554986e-12
     82   1.24472172e-12
     83   1.21499782e-12
     84   1.18632607e-12
     85   1.15865737e-12
     86   9.70256438e-13
     87   9.48142876e-13
     88   9.26776790e-13
     89   9.06124869e-13
     90   8.86155635e-13
     91   9.98527359e-13
     92   9.76996246e-13
     93   9.56154109e-13
     94   9.35971863e-13
     95   9.16421941e-13
     96   6.91853025e-13
     97   6.77697745e-13
     98   6.63972488e-13
     99   6.50660010e-13
    100   6.37743923e-13
    101   2.61352533e-13
    102   2.56265471e-13
    103   2.51325500e-13
    104   2.46527005e-13
    105   2.41864635e-13
    106   1.91507824e-13
    107   1.87953213e-13
    108   1.84496657e-13
    109   1.81134584e-13
    110   1.77863581e-13
    111   4.57516360e-13
    112   4.49400891e-13
    113   4.41499453e-13
    114   4.33804583e-13
    115   4.26309146e-13
    116   6.42612741e-13
    117   6.31698024e-13
    118   6.21059042e-13
    119   6.10686585e-13
    120   6.00571824e-13
    121   1.12340705e-12
    122   1.10510330e-12
    123   1.08724326e-12
    124   1.06981272e-12
    125   1.05279801e-12
    126   1.46373149e-12
    127   1.44081620e-12
    128   1.41843484e-12
    129   1.39657097e-12
    130   1.37520874e-12
    131   1.29927964e-12
    132   1.27970502e-12
    133   1.26056944e-12
    134   1.24185989e-12
    135   1.22356380e-12
    136   9.53440852e-13
    137   9.39597929e-13
    138   9.26054308e-13
    139   9.12801422e-13
    140   8.99831011e-13
    141   5.33153126e-13
    142   5.25683449e-13
    143   5.18369660e-13
    144   5.11207449e-13
    145   5.04192658e-13
    146   4.73001914e-13
    147   4.66599236e-13
    148   4.60325687e-13
    149   4.54177816e-13
    150   4.48152290e-13
    151   7.56209679e-13
    152   7.46308487e-13
    153   7.36600486e-13
    154   7.27080684e-13
    155   7.17744247e-13
    156   8.08790614e-13
    157   7.98536611e-13
    158   7.88476382e-13
    159   7.78605077e-13
    160   7.68917992e-13
    161   1.94453291e-12
    162   1.92063713e-12
    163   1.89717913e-12
    164   1.87414828e-12
    165   1.85153428e-12
    166   1.63825875e-12
    167   1.61872673e-12
    168   1.59954195e-12
    169   1.58069622e-12
    170   1.56218159e-12
    171   1.93618342e-12
    172   1.91376754e-12
    173   1.89173870e-12
    174   1.87008803e-12
    175   1.84880693e-12
    176   2.65357787e-12
    177   2.62372063e-12
    178   2.59436449e-12
    179   2.56549830e-12
    180   2.53711120e-12
    181   1.54641508e-12
    182   1.52949135e-12
    183   1.51284391e-12
    184   1.49646680e-12
    185   1.48035419e-12
    186   1.75743518e-12
    187   1.73871426e-12
    188   1.72029090e-12
    189   1.70215881e-12
    190   1.68431189e-12
    191   1.49212958e-12
    192   1.47664712e-12
    193   1.46140438e-12
    194   1.44639646e-12
    195   1.43161853e-12
    196   1.62181525e-12
    197   1.60541265e-12
    198   1.58925763e-12
    199   1.57334524e-12
    200   1.55767064e-12
    201   1.55819141e-12
    202   1.54282091e-12
    203   1.52767672e-12
    204   1.51275443e-12
    205   1.49804971e-12
    206   6.91937838e-13
    207   6.85276612e-13
    208   6.78711116e-13
    209   6.72239524e-13
    210   6.65860054e-13
    211   7.61558065e-14
    212   7.54398912e-14
    213   7.47340238e-14
    214   7.40380171e-14
    215   7.33516883e-14
    216   0.00000000e+00
    217   0.00000000e+00
    218   0.00000000e+00
    219   0.00000000e+00
    220   0.00000000e+00
    221   0.00000000e+00
    222   0.00000000e+00
    223   0.00000000e+00
    224   0.00000000e+00
    225   0.00000000e+00
    226   3.51373148e-14
    227   3.48287555e-14
    228   3.45242429e-14
    229   3.42237065e-14
    230   3.39270774e-14
    231   0.00000000e+00
    232   0.00000000e+00
    233   0.00000000e+00
    234   0.00000000e+00
    235   0.00000000e+00
    236   0.00000000e+00
    237   0.00000000e+00
    238   0.00000000e+00
    239   0.00000000e+00
    240   0.00000000e+00
    241   0.00000000e+00
    242   0.00000000e+00
    243   0.00000000e+00
    244   0.00000000e+00
    245   0.00000000e+00
    246   1.42574281e-12
    247   1.41423332e-12
    248   1.40286263e-12
    249   1.39162853e-12
    250   1.38052883e-12
    251   1.61316785e-11
    252   1.60040296e-11
    253   1.58778899e-11
    254   1.57532355e-11
    255   1.56300434e-11
    256   2.48040577e-11
    257   2.46115922e-11
    258   2.44213582e-11
    259   2.42333213e-11
    260   2.40474478e-11
    261   4.88040173e-11
    262   4.84325319e-11
    263   4.80652720e-11
    264   4.77021737e-11
    265   4.73431743e-11
    266   4.21994767e-11
    267   4.18842620e-11
    268   4.15725660e-11
    269   4.12643365e-11
    270   4.09595222e-11
    271   8.69184771e-11
    272   8.62811297e-11
    273   8.56507669e-11
    274   8.50272869e-11
    275   8.44105901e-11
    276   1.85723624e-10
    277   1.84386283e-10
    278   1.83063336e-10
    279   1.81754575e-10
    280   1.80459799e-10
    281   8.34107471e-10
    282   8.28207520e-10
    283   8.22369948e-10
    284   8.16593878e-10
    285   8.10878448e-10
    286   1.48768203e-09
    287   1.47734195e-09
    288   1.46710930e-09
    289   1.45698260e-09
    290   1.44696039e-09
    291   2.43012952e-09
    292   2.41352747e-09
    293   2.39709498e-09
    294   2.38082974e-09
    295   2.36472949e-09
    296   3.51194450e-09
    297   3.48835466e-09
    298   3.46500171e-09
    299   3.44188248e-09
    300   3.41899387e-09
    301   4.18057847e-09
    302   4.15296116e-09
    303   4.12561662e-09
    304   4.09854126e-09
    305   4.07173156e-09
    306   6.47777969e-09
    307   6.43568210e-09
    308   6.39399355e-09
    309   6.35270877e-09
    310   6.31182255e-09
    311   6.39098209e-09
    312   6.35011258e-09
    313   6.30963385e-09
    314   6.26954094e-09
    315   6.22982896e-09
    316   8.42552491e-09
    317   8.37249260e-09
    318   8.31995941e-09
    319   8.26791910e-09
    320   8.21636553e-09
    321   1.02317357e-08
    322   1.01683323e-08
    323   1.01055165e-08
    324   1.00432809e-08
    325   9.98161852e-09
    326   9.81529296e-09
    327   9.75539807e-09
    328   9.69604974e-09
    329   9.63724135e-09
    330   9.57896637e-09
    331   1.30628444e-08
    332   1.29843301e-08
    333   1.29065215e-08
    334   1.28294102e-08
    335   1.27529880e-08
    336   1.21808881e-08
    337   1.21087586e-08
    338   1.20372679e-08
    339   1.19664085e-08
    340   1.18961729e-08
    341   1.62240968e-08
    342   1.61294269e-08
    343   1.60355831e-08
    344   1.59425559e-08
    345   1.58503359e-08
    346   1.68985002e-08
    347   1.68013128e-08
    348   1.67049613e-08
    349   1.66094363e-08
    350   1.65147283e-08
    351   1.66486241e-08
    352   1.65542310e-08
    353   1.64606383e-08
    354   1.63678371e-08
    355   1.62758184e-08
    356   2.09018081e-08
    357   2.07849567e-08
    358   2.06690826e-08
    359   2.05541747e-08
    360   2.04402224e-08
    361   1.95487191e-08
    362   1.94409386e-08
    363   1.93340470e-08
    364   1.92280345e-08
    365   1.91228916e-08
    366   2.29785060e-08
    367   2.28535381e-08
    368   2.27295869e-08
    369   2.26066414e-08
    370   2.24846907e-08
    371   2.25107748e-08
    372   2.23899928e-08
    373   2.22701803e-08
    374   2.21513269e-08
    375   2.20334224e-08
    376   2.48503308e-08
    377   2.47187607e-08
    378   2.45882328e-08
    379   2.44587360e-08
    380   2.43302595e-08
    381   2.76252053e-08
    382   2.74808543e-08
    383   2.73376318e-08
    384   2.71955260e-08
    385   2.70545254e-08
    386   2.55721603e-08
    387   2.54402603e-08
    388   2.53093781e-08
    389   2.51795033e-08
    390   2.50506256e-08
    391   3.00604091e-08
    392   2.99073327e-08
    393   2.97554226e-08
    394   2.96046670e-08
    395   2.94550542e-08
    396   2.84157147e-08
    397   2.82728326e-08
    398   2.81310254e-08
    399   2.79902825e-08
    400   2.78505932e-08
    401   3.23875647e-08
    402   3.22267328e-08
    403   3.20670959e-08
    404   3.19086423e-08
    405   3.17513602e-08
    406   3.32514434e-08
    407   3.30883464e-08
    408   3.29264464e-08
    409   3.27657317e-08
    410   3.26061909e-08
    411   3.30599537e-08
    412   3.28997603e-08
    413   3.27407284e-08
    414   3.25828468e-08
    415   3.24261045e-08
    416   3.50287176e-08
    417   3.48610160e-08
    418   3.46945158e-08
    419   3.45292056e-08
    420   3.43650741e-08
    421   3.63188730e-08
    422   3.61470512e-08
    423   3.59764458e-08
    424   3.58070454e-08
    425   3.56388387e-08
    426   3.90088347e-08
    427   3.88264441e-08
    428   3.86453297e-08
    429   3.84654796e-08
    430   3.82868820e-08
    431   4.08995295e-08
    432   4.07105082e-08
    433   4.05227942e-08
    434   4.03363755e-08
    435   4.01512403e-08
    436   4.30985305e-08
    437   4.29016213e-08
    438   4.27060586e-08
    439   4.25118300e-08
    440   4.23189234e-08
    441   4.21763904e-08
    442   4.19858705e-08
    443   4.17966386e-08
    444   4.16086831e-08
    445   4.14219926e-08
    446   4.49679802e-08
    447   4.47671184e-08
    448   4.45675994e-08
    449   4.43694113e-08
    450   4.41725422e-08
    451   4.64002917e-08
    452   4.61953210e-08
    453   4.59917054e-08
    454   4.57894331e-08
    455   4.55884923e-08
    456   4.94414221e-08
    457   4.92254029e-08
    458   4.90107965e-08
    459   4.87975904e-08
    460   4.85857725e-08
    461   5.02522915e-08
    462   5.00351019e-08
    463   4.98193173e-08
    464   4.96049256e-08
    465   4.93919148e-08
    466   4.68340359e-08
    467   4.66337836e-08
    468   4.64348130e-08
    469   4.62371131e-08
    470   4.60406730e-08
    471   5.48405300e-08
    472   5.46085238e-08
    473   5.43779866e-08
    474   5.41489063e-08
    475   5.39212705e-08
    476   5.27781624e-08
    477   5.25572179e-08
    478   5.23376579e-08
    479   5.21194708e-08
    480   5.19026453e-08
    481   5.83972000e-08
    482   5.81552646e-08
    483   5.79148296e-08
    484   5.76758826e-08
    485   5.74384113e-08
    486   5.56382018e-08
    487   5.54100597e-08
    488   5.51833179e-08
    489   5.49579651e-08
    490   5.47339899e-08
    491   5.36946138e-08
    492   5.34766754e-08
    493   5.32600612e-08
    494   5.30447604e-08
    495   5.28307626e-08
    496   6.08808790e-08
    497   6.06362549e-08
    498   6.03931021e-08
    499   6.01514091e-08
    500   5.99111640e-08
    501   5.61662686e-08
    502   5.59428326e-08
    503   5.57207272e-08
    504   5.54999420e-08
    505   5.52804663e-08
    506   6.31274014e-08
    507   6.28787461e-08
    508   6.26315571e-08
    509   6.23858229e-08
    510   6.21415321e-08
    511   6.17188149e-08
    512   6.14780786e-08
    513   6.12387480e-08
    514   6.10008123e-08
    515   6.07642606e-08
    516   6.20338229e-08
    517   6.17941946e-08
    518   6.15559521e-08
    519   6.13190847e-08
    520   6.10835819e-08
    521   6.72970752e-08
    522   6.70396022e-08
    523   6.67836039e-08
    524   6.65290691e-08
    525   6.62759867e-08
    526   5.82785260e-08
    527   5.80576696e-08
    528   5.78380663e-08
    529   5.76197066e-08
    530   5.74025811e-08
    531   6.87246969e-08
    532   6.84666972e-08
    533   6.82101477e-08
    534   6.79550375e-08
    535   6.77013557e-08
    536   6.42794463e-08
    537   6.40403783e-08
    538   6.38026416e-08
    539   6.35662262e-08
    540   6.33311224e-08
    541   6.97924069e-08
    542   6.95352264e-08
    543   6.92794648e-08
    544   6.90251117e-08
    545   6.87721568e-08
    546   6.86334262e-08
    547   6.83828250e-08
    548   6.81335939e-08
    549   6.78857229e-08
    550   6.76392020e-08
    551   6.39407335e-08
    552   6.37093787e-08
    553   6.34792772e-08
    554   6.32504201e-08
    555   6.30227984e-08
    556   7.30447516e-08
    557   7.27828253e-08
    558   7.25223052e-08
    559   7.22631815e-08
    560   7.20054440e-08
    561   6.62197373e-08
    562   6.59843940e-08
    563   6.57503032e-08
    564   6.55174559e-08
    565   6.52858433e-08
    566   7.27460839e-08
    567   7.24898231e-08
    568   7.22349140e-08
    569   7.19813471e-08
    570   7.17291130e-08
    571   6.80487789e-08
    572   6.78111578e-08
    573   6.75747791e-08
    574   6.73396343e-08
    575   6.71057148e-08
    576   7.23595864e-08
    577   7.21090990e-08
    578   7.18599100e-08
    579   7.16120105e-08
    580   7.13653916e-08
    581   7.21836098e-08
    582   7.19358755e-08
    583   7.16894144e-08
    584   7.14442177e-08
    585   7.12002769e-08
    586   6.95248764e-08
    587   6.92882967e-08
    588   6.90529226e-08
    589   6.88187458e-08
    590   6.85857582e-08
    591   7.49709776e-08
    592   7.47180179e-08
    593   7.44663363e-08
    594   7.42159242e-08
    595   7.39667731e-08
    596   7.19333761e-08
    597   7.16926957e-08
    598   7.14532213e-08
    599   7.12149447e-08
    600   7.09778580e-08
    601   7.52950125e-08
    602   7.50451743e-08
    603   7.47965776e-08
    604   7.45492141e-08
    605   7.43030757e-08
    606   7.21837215e-08
    607   7.19461775e-08
    608   7.17098041e-08
    609   7.14745937e-08
    610   7.12405387e-08
    611   6.91926557e-08
    612   6.89668128e-08
    613   6.87420738e-08
    614   6.85184315e-08
    615   6.82958789e-08
    616   7.77240951e-08
    617   7.74724591e-08
    618   7.72220432e-08
    619   7.69728395e-08
    620   7.67248401e-08
    621   7.17123040e-08
    622   7.14819956e-08
    623   7.12527949e-08
    624   7.10246949e-08
    625   7.07976884e-08
    626   7.66522452e-08
    627   7.64080327e-08
    628   7.61649854e-08
    629   7.59230959e-08
    630   7.56823569e-08
    631   7.17079927e-08
    632   7.14813377e-08
    633   7.12557557e-08
    634   7.10312398e-08
    635   7.08077834e-08
    636   7.29235541e-08
    637   7.26948642e-08
    638   7.24672483e-08
    639   7.22406997e-08
    640   7.20152119e-08
    641   7.72306849e-08
    642   7.69903717e-08
    643   7.67511784e-08
    644   7.65130981e-08
    645   7.62761239e-08
    646   7.06974064e-08
    647   7.04791204e-08
    648   7.02618439e-08
    649   7.00455705e-08
    650   6.98302942e-08
    651   7.71837335e-08
    652   7.69472458e-08
    653   7.67118432e-08
    654   7.64775192e-08
    655   7.62442673e-08
    656   7.33242485e-08
    657   7.31012938e-08
    658   7.28793545e-08
    659   7.26584244e-08
    660   7.24384974e-08
    661   7.46644884e-08
    662   7.44391713e-08
    663   7.42148726e-08
    664   7.39915861e-08
    665   7.37693058e-08
    666   7.51605177e-08
    667   7.49354020e-08
    668   7.47112962e-08
    669   7.44881943e-08
    670   7.42660902e-08
    671   7.03227866e-08
    672   7.01137260e-08
    673   6.99055963e-08
    674   6.96983919e-08
    675   6.94921074e-08
    676   7.83493363e-08
    677   7.81181322e-08
    678   7.78879499e-08
    679   7.76587836e-08
    680   7.74306271e-08
    681   7.24004963e-08
    682   7.21884114e-08
    683   7.19772571e-08
    684   7.17670279e-08
    685   7.15577184e-08
    686   7.89391204e-08
    687   7.87095629e-08
    688   7.84810053e-08
    689   7.82534417e-08
    690   7.80268665e-08
    691   7.65124295e-08
    692   7.62915348e-08
    693   7.60715953e-08
    694   7.58526056e-08
    695   7.56345601e-08
    696   7.59796421e-08
    697   7.57618575e-08
    698   7.55450079e-08
    699   7.53290879e-08
    700   7.51140924e-08
    701   8.14220498e-08
    702   8.11903258e-08
    703   8.09595896e-08
    704   8.07298356e-08
    705   8.05010583e-08
    706   7.46360481e-08
    707   7.44251374e-08
    708   7.42151194e-08
    709   7.40059892e-08
    710   7.37977417e-08
    711   8.23871508e-08
    712   8.21559698e-08
    713   8.19257605e-08
    714   8.16965175e-08
    715   8.14682353e-08
    716   8.03318992e-08
    717   8.01080556e-08
    718   7.98851463e-08
    719   7.96631661e-08
    720   7.94421099e-08
    721   8.53398342e-08
    722   8.51036812e-08
    723   8.48685070e-08
    724   8.46343063e-08
    725   8.44010737e-08
    726   8.58566702e-08
    727   8.56207193e-08
    728   8.53857397e-08
    729   8.51517261e-08
    730   8.49186732e-08
    731   8.32116960e-08
    732   8.29845744e-08
    733   8.27583815e-08
    734   8.25331120e-08
    735   8.23087612e-08
    736   8.93773698e-08
    737   8.91350727e-08
    738   8.88937596e-08
    739   8.86534250e-08
    740   8.84140639e-08
    741   8.92520009e-08
    742   8.90116724e-08
    743   8.87723134e-08
    744   8.85339186e-08
    745   8.82964827e-08
    746   9.46240893e-08
    747   9.43709992e-08
    748   9.41189231e-08
    749   9.38678557e-08
    750   9.36177916e-08
    751   9.71460370e-08
    752   9.68879274e-08
    753   9.66308451e-08
    754   9.63747846e-08
    755   9.61197406e-08
    756   9.27228256e-08
    757   9.24780937e-08
    758   9.22343295e-08
    759   9.19915278e-08
    760   9.17496835e-08
    761   1.08519686e-07
    762   1.08235138e-07
    763   1.07951707e-07
    764   1.07669388e-07
    765   1.07388175e-07
    766   1.03336573e-07
    767   1.03067380e-07
    768   1.02799237e-07
    769   1.02532139e-07
    770   1.02266081e-07
    771   1.08688345e-07
    772   1.08407043e-07
    773   1.08126831e-07
    774   1.07847704e-07
    775   1.07569656e-07
    776   1.11777762e-07
    777   1.11490324e-07
    778   1.11203992e-07
    779   1.10918763e-07
    780   1.10634629e-07
    781   1.18372257e-07
    782   1.18069805e-07
    783   1.17768510e-07
    784   1.17468368e-07
    785   1.17169371e-07
    786   1.23560021e-07
    787   1.23246318e-07
    788   1.22933807e-07
    789   1.22622484e-07
    790   1.22312342e-07
    791   1.25790225e-07
    792   1.25472874e-07
    793   1.25156721e-07
    794   1.24841763e-07
    795   1.24527992e-07
    796   1.35187877e-07
    797   1.34848954e-07
    798   1.34511304e-07
    799   1.34174921e-07
    800   1.33839798e-07
    801   1.36615661e-07
    802   1.36275292e-07
    803   1.35936194e-07
    804   1.35598359e-07
    805   1.35261783e-07
    806   1.46478474e-07
    807   1.46115792e-07
    808   1.45754455e-07
    809   1.45394456e-07
    810   1.45035790e-07
    811   1.51284966e-07
    812   1.50912687e-07
    813   1.50541780e-07
    814   1.50172239e-07
    815   1.49804057e-07
    816   1.57271771e-07
    817   1.56887126e-07
    818   1.56503891e-07
    819   1.56122058e-07
    820   1.55741620e-07
    821   1.69577570e-07
    822   1.69165348e-07
    823   1.68754628e-07
    824   1.68345402e-07
    825   1.67937663e-07
    826   1.78889535e-07
    827   1.78457304e-07
    828   1.78026638e-07
    829   1.77597529e-07
    830   1.77169970e-07
    831   1.93052492e-07
    832   1.92588842e-07
    833   1.92126859e-07
    834   1.91666538e-07
    835   1.91207868e-07
    836   1.95581631e-07
    837   1.95114709e-07
    838   1.94649458e-07
    839   1.94185869e-07
    840   1.93723935e-07
    841   2.04183999e-07
    842   2.03699433e-07
    843   2.03216590e-07
    844   2.02735462e-07
    845   2.02256040e-07
    846   2.28505906e-07
    847   2.27966818e-07
    848   2.27429636e-07
    849   2.26894350e-07
    850   2.26360952e-07
    851   2.27149773e-07
    852   2.26617027e-07
    853   2.26086152e-07
    854   2.25557141e-07
    855   2.25029985e-07
    856   2.50944619e-07
    857   2.50359496e-07
    858   2.49776417e-07
    859   2.49195373e-07
    860   2.48616354e-07
    861   2.53353058e-07
    862   2.52765743e-07
    863   2.52180468e-07
    864   2.51597224e-07
    865   2.51016000e-07
    866   2.88296363e-07
    867   2.87631895e-07
    868   2.86969721e-07
    869   2.86309831e-07
    870   2.85652215e-07
    871   3.04027689e-07
    872   3.03330978e-07
    873   3.02636658e-07
    874   3.01944719e-07
    875   3.01255151e-07
    876   3.10904857e-07
    877   3.10196444e-07
    878   3.09490449e-07
    879   3.08786862e-07
    880   3.08085672e-07
    881   3.39722192e-07
    882   3.38952502e-07
    883   3.38185424e-07
    884   3.37420947e-07
    885   3.36659060e-07
    886   3.46876489e-07
    887   3.46095016e-07
    888   3.45316181e-07
    889   3.44539972e-07
    890   3.43766377e-07
    891   3.72825063e-07
    892   3.71989834e-07
    893   3.71157410e-07
    894   3.70327776e-07
    895   3.69500921e-07
    896   3.82904895e-07
    897   3.82051862e-07
    898   3.81201678e-07
    899   3.80354328e-07
    900   3.79509800e-07
    901   3.90648449e-07
    902   3.89782986e-07
    903   3.88920396e-07
    904   3.88060666e-07
    905   3.87203783e-07
    906   4.30585189e-07
    907   4.29636503e-07
    908   4.28690948e-07
    909   4.27748511e-07
    910   4.26809179e-07
    911   4.25770560e-07
    912   4.24837620e-07
    913   4.23907743e-07
    914   4.22980916e-07
    915   4.22057125e-07
    916   4.76829116e-07
    917   4.75789990e-07
    918   4.74754257e-07
    919   4.73721902e-07
    920   4.72692911e-07
    921   4.69983927e-07
    922   4.68965268e-07
    923   4.67949917e-07
    924   4.66937860e-07
    925   4.65929083e-07
    926   5.01194524e-07
    927   5.00114072e-07
    928   4.99037111e-07
    929   4.97963624e-07
    930   4.96893598e-07
    931   5.55289019e-07
    932   5.54098370e-07
    933   5.52911546e-07
    934   5.51728532e-07
    935   5.50549310e-07
    936   5.33372924e-07
    937   5.32235365e-07
    938   5.31101442e-07
    939   5.29971139e-07
    940   5.28844440e-07
    941   5.98829984e-07
    942   5.97559594e-07
    943   5.96293243e-07
    944   5.95030913e-07
    945   5.93772587e-07
    946   6.07657322e-07
    947   6.06375006e-07
    948   6.05096746e-07
    949   6.03822523e-07
    950   6.02552320e-07
    951   6.53556185e-07
    952   6.52184249e-07
    953   6.50816628e-07
    954   6.49453305e-07
    955   6.48094261e-07
    956   6.78568579e-07
    957   6.77151573e-07
    958   6.75739002e-07
    959   6.74330846e-07
    960   6.72927087e-07
    961   6.85922523e-07
    962   6.84497600e-07
    963   6.83077113e-07
    964   6.81661042e-07
    965   6.80249371e-07
    966   7.82687716e-07
    967   7.81070176e-07
    968   7.79457644e-07
    969   7.77850101e-07
    970   7.76247525e-07
    971   7.58795132e-07
    972   7.57235029e-07
    973   7.55679733e-07
    974   7.54129223e-07
    975   7.52583481e-07
    976   8.59256487e-07
    977   8.57498868e-07
    978   8.55746635e-07
    979   8.53999768e-07
    980   8.52258245e-07
    981   8.74574846e-07
    982   8.72794994e-07
    983   8.71020570e-07
    984   8.69251551e-07
    985   8.67487917e-07
    986   8.83285651e-07
    987   8.81497171e-07
    988   8.79714117e-07
    989   8.77936469e-07
    990   8.76164203e-07
    991   9.55061246e-07
    992   9.53137174e-07
    993   9.51218911e-07
    994   9.49306433e-07
    995   9.47399717e-07
    996   9.52594633e-07
    997   9.50685147e-07
    998   9.48781398e-07
    999   9.46883361e-07
   1000   9.44991014e-07
   1001   1.00646018e-06
   1002   1.00445278e-06
   1003   1.00245138e-06
   1004   1.00045596e-06
   1005   9.98466486e-07
   1006   1.01685743e-06
   1007   1.01483936e-06
   1008   1.01282729e-06
   1009   1.01082119e-06
   1010   1.00882105e-06
   1011   1.05636983e-06
   1012   1.05428369e-06
   1013   1.05220373e-06
   1014   1.05012991e-06
   1015   1.04806221e-06
   1016   1.18171228e-06
   1017   1.17939008e-06
   1018   1.17707471e-06
   1019   1.17476615e-06
   1020   1.17246438e-06
   1021   1.14785771e-06
   1022   1.14561307e-06
   1023   1.14337499e-06
   1024   1.14114347e-06
   1025   1.13891848e-06
   1026   1.21904841e-06
   1027   1.21667614e-06
   1028   1.21431080e-06
   1029   1.21195234e-06
   1030   1.20960075e-06
   1031   1.25814274e-06
   1032   1.25570625e-06
   1033   1.25327683e-06
   1034   1.25085445e-06
   1035   1.24843910e-06
   1036   1.30754540e-06
   1037   1.30502543e-06
   1038   1.30251275e-06
   1039   1.30000732e-06
   1040   1.29750910e-06
   1041   1.39913810e-06
   1042   1.39645454e-06
   1043   1.39377870e-06
   1044   1.39111055e-06
   1045   1.38845004e-06
   1046   1.40303929e-06
   1047   1.40036109e-06
   1048   1.39769056e-06
   1049   1.39502766e-06
   1050   1.39237236e-06
   1051   1.47155766e-06
   1052   1.46876202e-06
   1053   1.46597433e-06
   1054   1.46319458e-06
   1055   1.46042272e-06
   1056   1.49598314e-06
   1057   1.49315453e-06
   1058   1.49033393e-06
   1059   1.48752131e-06
   1060   1.48471665e-06
   1061   1.57119208e-06
   1062   1.56823524e-06
   1063   1.56528674e-06
   1064   1.56234654e-06
   1065   1.55941462e-06
   1066   1.66031585e-06
   1067   1.65720592e-06
   1068   1.65410472e-06
   1069   1.65101221e-06
   1070   1.64792837e-06
   1071   1.72227031e-06
   1072   1.71905936e-06
   1073   1.71585739e-06
   1074   1.71266436e-06
   1075   1.70948023e-06
   1076   1.71349276e-06
   1077   1.71031300e-06
   1078   1.70714208e-06
   1079   1.70397998e-06
   1080   1.70082665e-06
   1081   1.87194424e-06
   1082   1.86848648e-06
   1083   1.86503830e-06
   1084   1.86159965e-06
   1085   1.85817050e-06
   1086   1.90130504e-06
   1087   1.89780920e-06
   1088   1.89432298e-06
   1089   1.89084636e-06
   1090   1.88737930e-06
   1091   1.93179139e-06
   1092   1.92825574e-06
   1093   1.92472978e-06
   1094   1.92121349e-06
   1095   1.91770683e-06
   1096   2.02562164e-06
   1097   2.02193114e-06
   1098   2.01825072e-06
   1099   2.01458034e-06
   1100   2.01091996e-06
   1101   2.10956848e-06
   1102   2.10574246e-06
   1103   2.10192685e-06
   1104   2.09812160e-06
   1105   2.09432667e-06
   1106   2.06858679e-06
   1107   2.06485204e-06
   1108   2.06112739e-06
   1109   2.05741281e-06
   1110   2.05370826e-06
   1111   2.15425325e-06
   1112   2.15038130e-06
   1113   2.14651979e-06
   1114   2.14266867e-06
   1115   2.13882790e-06
   1116   2.17986969e-06
   1117   2.17596923e-06
   1118   2.17207923e-06
   1119   2.16819965e-06
   1120   2.16433046e-06
   1121   2.35785989e-06
   1122   2.35365974e-06
   1123   2.34947080e-06
   1124   2.34529304e-06
   1125   2.34112640e-06
   1126   2.28917840e-06
   1127   2.28511867e-06
   1128   2.28106973e-06
   1129   2.27703155e-06
   1130   2.27300408e-06
   1131   2.41958823e-06
   1132   2.41531617e-06
   1133   2.41105541e-06
   1134   2.40680592e-06
   1135   2.40256765e-06
   1136   2.47064994e-06
   1137   2.46630689e-06
   1138   2.46197529e-06
   1139   2.45765509e-06
   1140   2.45334625e-06
   1141   2.54521026e-06
   1142   2.54075573e-06
   1143   2.53631288e-06
   1144   2.53188167e-06
   1145   2.52746206e-06
   1146   2.69116803e-06
   1147   2.68647857e-06
   1148   2.68180135e-06
   1149   2.67713633e-06
   1150   2.67248348e-06
   1151   2.60719778e-06
   1152   2.60267434e-06
   1153   2.59816267e-06
   1154   2.59366271e-06
   1155   2.58917443e-06
   1156   2.74710335e-06
   1157   2.74235776e-06
   1158   2.73762445e-06
   1159   2.73290339e-06
   1160   2.72819454e-06
   1161   2.77386751e-06
   1162   2.76909629e-06
   1163   2.76433737e-06
   1164   2.75959071e-06
   1165   2.75485626e-06
   1166   2.89896839e-06
   1167   2.89400334e-06
   1168   2.88905103e-06
   1169   2.88411143e-06
   1170   2.87918448e-06
   1171   3.12299338e-06
   1172   3.11766745e-06
   1173   3.11235513e-06
   1174   3.10705638e-06
   1175   3.10177114e-06
   1176   2.98646048e-06
   1177   2.98138901e-06
   1178   2.97633045e-06
   1179   2.97128475e-06
   1180   2.96625188e-06
   1181   3.23450724e-06
   1182   3.22903777e-06
   1183   3.22358216e-06
   1184   3.21814037e-06
   1185   3.21271235e-06
   1186   3.32575946e-06
   1187   3.32015936e-06
   1188   3.31457339e-06
   1189   3.30900151e-06
   1190   3.30344367e-06
   1191   3.28570775e-06
   1192   3.28019828e-06
   1193   3.27470266e-06
   1194   3.26922084e-06
   1195   3.26375278e-06
   1196   3.40308080e-06
   1197   3.39739835e-06
   1198   3.39173012e-06
   1199   3.38607605e-06
   1200   3.38043612e-06
   1201   3.34094340e-06
   1202   3.33538789e-06
   1203   3.32984623e-06
   1204   3.32431836e-06
   1205   3.31880426e-06
   1206   3.50743999e-06
   1207   3.50163177e-06
   1208   3.49583796e-06
   1209   3.49005852e-06
   1210   3.48429341e-06
   1211   3.43948329e-06
   1212   3.43381109e-06
   1213   3.42815290e-06
   1214   3.42250869e-06
   1215   3.41687841e-06
   1216   3.49470845e-06
   1217   3.48896883e-06
   1218   3.48324335e-06
   1219   3.47753194e-06
   1220   3.47183457e-06
   1221   3.68405615e-06
   1222   3.67803030e-06
   1223   3.67201922e-06
   1224   3.66602286e-06
   1225   3.66004118e-06
   1226   3.55987793e-06
   1227   3.55407891e-06
   1228   3.54829404e-06
   1229   3.54252328e-06
   1230   3.53676659e-06
   1231   3.90363028e-06
   1232   3.89729707e-06
   1233   3.89097926e-06
   1234   3.88467681e-06
   1235   3.87838965e-06
   1236   3.83531292e-06
   1237   3.82911569e-06
   1238   3.82293346e-06
   1239   3.81676620e-06
   1240   3.81061385e-06
   1241   3.91830020e-06
   1242   3.91199434e-06
   1243   3.90570370e-06
   1244   3.89942822e-06
   1245   3.89316785e-06
   1246   4.10755347e-06
   1247   4.10096954e-06
   1248   4.09440142e-06
   1249   4.08784907e-06
   1250   4.08131243e-06
   1251   4.01709685e-06
   1252   4.01068360e-06
   1253   4.00428570e-06
   1254   3.99790310e-06
   1255   3.99153575e-06
   1256   4.33208605e-06
   1257   4.32519742e-06
   1258   4.31832521e-06
   1259   4.31146937e-06
   1260   4.30462984e-06
   1261   4.11734820e-06
   1262   4.11082696e-06
   1263   4.10432120e-06
   1264   4.09783087e-06
   1265   4.09135593e-06
   1266   4.36550666e-06
   1267   4.35861965e-06
   1268   4.35174892e-06
   1269   4.34489442e-06
   1270   4.33805611e-06
   1271   4.52382124e-06
   1272   4.51671251e-06
   1273   4.50962052e-06
   1274   4.50254522e-06
   1275   4.49548655e-06
   1276   4.43210287e-06
   1277   4.42516551e-06
   1278   4.41824443e-06
   1279   4.41133958e-06
   1280   4.40445090e-06
   1281   4.59650571e-06
   1282   4.58933907e-06
   1283   4.58218918e-06
   1284   4.57505598e-06
   1285   4.56793942e-06
   1286   4.59029517e-06
   1287   4.58316600e-06
   1288   4.57605343e-06
   1289   4.56895740e-06
   1290   4.56187786e-06
   1291   4.83680171e-06
   1292   4.82931874e-06
   1293   4.82185313e-06
   1294   4.81440482e-06
   1295   4.80697375e-06
   1296   4.73604957e-06
   1297   4.72875070e-06
   1298   4.72146870e-06
   1299   4.71420351e-06
   1300   4.70695507e-06
   1301   4.78731561e-06
   1302   4.77996606e-06
   1303   4.77263342e-06
   1304   4.76531763e-06
   1305   4.75801866e-06
   1306   4.77847954e-06
   1307   4.77117160e-06
   1308   4.76388041e-06
   1309   4.75660593e-06
   1310   4.74934809e-06
   1311   4.81684675e-06
   1312   4.80950819e-06
   1313   4.80218639e-06
   1314   4.79488130e-06
   1315   4.78759286e-06
   1316   4.96416895e-06
   1317   4.95663464e-06
   1318   4.94911747e-06
   1319   4.94161739e-06
   1320   4.93413434e-06
   1321   4.90147872e-06
   1322   4.89406767e-06
   1323   4.88667343e-06
   1324   4.87929592e-06
   1325   4.87193512e-06
   1326   5.00395068e-06
   1327   4.99641319e-06
   1328   4.98889272e-06
   1329   4.98138922e-06
   1330   4.97390263e-06
   1331   5.03556553e-06
   1332   5.02800888e-06
   1333   5.02046922e-06
   1334   5.01294651e-06
   1335   5.00544070e-06
   1336   5.12976186e-06
   1337   5.12209262e-06
   1338   5.11444057e-06
   1339   5.10680565e-06
   1340   5.09918782e-06
   1341   5.24803468e-06
   1342   5.24021783e-06
   1343   5.23241844e-06
   1344   5.22463644e-06
   1345   5.21687180e-06
   1346   5.17440026e-06
   1347   5.16672168e-06
   1348   5.15906019e-06
   1349   5.15141572e-06
   1350   5.14378823e-06
   1351   5.24501715e-06
   1352   5.23726255e-06
   1353   5.22952514e-06
   1354   5.22180486e-06
   1355   5.21410166e-06
   1356   5.25751678e-06
   1357   5.24977232e-06
   1358   5.24204497e-06
   1359   5.23433466e-06
   1360   5.22664135e-06
   1361   5.23729265e-06
   1362   5.22960630e-06
   1363   5.22193685e-06
   1364   5.21428426e-06
   1365   5.20664848e-06
   1366   5.26773538e-06
   1367   5.26003260e-06
   1368   5.25234671e-06
   1369   5.24467765e-06
   1370   5.23702538e-06
   1371   5.35195226e-06
   1372   5.34415484e-06
   1373   5.33637445e-06
   1374   5.32861104e-06
   1375   5.32086456e-06
   1376   5.67312983e-06
   1377   5.66489448e-06
   1378   5.65667704e-06
   1379   5.64847747e-06
   1380   5.64029572e-06
   1381   5.54441977e-06
   1382   5.53640036e-06
   1383   5.52839834e-06
   1384   5.52041365e-06
   1385   5.51244625e-06
   1386   5.74894213e-06
   1387   5.74065686e-06
   1388   5.73238949e-06
   1389   5.72413996e-06
   1390   5.71590823e-06
   1391   5.57183248e-06
   1392   5.56383129e-06
   1393   5.55584731e-06
   1394   5.54788051e-06
   1395   5.53993084e-06
   1396   5.81840086e-06
   1397   5.81007548e-06
   1398   5.80176795e-06
   1399   5.79347824e-06
   1400   5.78520627e-06
   1401   5.84290720e-06
   1402   5.83457655e-06
   1403   5.82626371e-06
   1404   5.81796862e-06
   1405   5.80969123e-06
   1406   5.69687520e-06
   1407   5.68878161e-06
   1408   5.68070526e-06
   1409   5.67264610e-06
   1410   5.66460407e-06
   1411   5.81629804e-06
   1412   5.80806403e-06
   1413   5.79984749e-06
   1414   5.79164838e-06
   1415   5.78346664e-06
   1416   5.76914237e-06
   1417   5.76100392e-06
   1418   5.75288268e-06
   1419   5.74477861e-06
   1420   5.73669164e-06
   1421   5.89722221e-06
   1422   5.88893232e-06
   1423   5.88065990e-06
   1424   5.87240489e-06
   1425   5.86416726e-06
   1426   6.16529919e-06
   1427   6.15666280e-06
   1428   6.14804455e-06
   1429   6.13944439e-06
   1430   6.13086225e-06
   1431   6.11816556e-06
   1432   6.10962511e-06
   1433   6.10110253e-06
   1434   6.09259777e-06
   1435   6.08411078e-06
   1436   6.30208946e-06
   1437   6.29332286e-06
   1438   6.28457454e-06
   1439   6.27584445e-06
   1440   6.26713254e-06
   1441   6.28527194e-06
   1442   6.27655904e-06
   1443   6.26786424e-06
   1444   6.25918749e-06
   1445   6.25052875e-06
   1446   6.34696515e-06
   1447   6.33819711e-06
   1448   6.32944723e-06
   1449   6.32071545e-06
   1450   6.31200173e-06
   1451   6.33854544e-06
   1452   6.32981917e-06
   1453   6.32111091e-06
   1454   6.31242060e-06
   1455   6.30374820e-06
   1456   6.17694140e-06
   1457   6.16846677e-06
   1458   6.16000958e-06
   1459   6.15156977e-06
   1460   6.14314728e-06
   1461   6.65291640e-06
   1462   6.64381995e-06
   1463   6.63474215e-06
   1464   6.62568293e-06
   1465   6.61664226e-06
   1466   6.45857289e-06
   1467   6.44977225e-06
   1468   6.44098958e-06
   1469   6.43222484e-06
   1470   6.42347797e-06
   1471   6.75604157e-06
   1472   6.74686684e-06
   1473   6.73771079e-06
   1474   6.72857336e-06
   1475   6.71945451e-06
   1476   6.62454978e-06
   1477   6.61558406e-06
   1478   6.60663652e-06
   1479   6.59770713e-06
   1480   6.58879582e-06
   1481   6.83315773e-06
   1482   6.82394086e-06
   1483   6.81474262e-06
   1484   6.80556297e-06
   1485   6.79640186e-06
   1486   7.06560019e-06
   1487   7.05610182e-06
   1488   7.04662259e-06
   1489   7.03716245e-06
   1490   7.02772135e-06
   1491   6.86257541e-06
   1492   6.85338087e-06
   1493   6.84420480e-06
   1494   6.83504714e-06
   1495   6.82590785e-06
   1496   6.88860077e-06
   1497   6.87940218e-06
   1498   6.87022199e-06
   1499   6.86106017e-06
   1500   6.85191666e-06
   1501   6.88528767e-06
   1502   6.87612409e-06
   1503   6.86697879e-06
   1504   6.85785172e-06
   1505   6.84874284e-06
   1506   7.02400791e-06
   1507   7.01469071e-06
   1508   7.00539203e-06
   1509   6.99611183e-06
   1510   6.98685006e-06
   1511   7.29833365e-06
   1512   7.28868456e-06
   1513   7.27905459e-06
   1514   7.26944369e-06
   1515   7.25985182e-06
   1516   7.26347441e-06
   1517   7.25390304e-06
   1518   7.24435058e-06
   1519   7.23481697e-06
   1520   7.22530217e-06
   1521   7.59382233e-06
   1522   7.58384851e-06
   1523   7.57389432e-06
   1524   7.56395971e-06
   1525   7.55404464e-06
   1526   8.04681884e-06
   1527   8.03628464e-06
   1528   8.02577110e-06
   1529   8.01527818e-06
   1530   8.00480583e-06
   1531   8.09593961e-06
   1532   8.08537567e-06
   1533   8.07483240e-06
   1534   8.06430973e-06
   1535   8.05380762e-06
   1536   8.14575776e-06
   1537   8.13516338e-06
   1538   8.12458965e-06
   1539   8.11403652e-06
   1540   8.10350394e-06
   1541   7.86115819e-06
   1542   7.85096709e-06
   1543   7.84079580e-06
   1544   7.83064426e-06
   1545   7.82051242e-06
   1546   8.08620457e-06
   1547   8.07575559e-06
   1548   8.06532685e-06
   1549   8.05491830e-06
   1550   8.04452988e-06
   1551   7.35936719e-06
   1552   7.34988805e-06
   1553   7.34042721e-06
   1554   7.33098463e-06
   1555   7.32156026e-06
   1556   7.20884683e-06
   1557   7.19959137e-06
   1558   7.19035372e-06
   1559   7.18113385e-06
   1560   7.17193169e-06
   1561   7.08865071e-06
   1562   7.07957869e-06
   1563   7.07052408e-06
   1564   7.06148682e-06
   1565   7.05246688e-06
   1566   7.47460719e-06
   1567   7.46507173e-06
   1568   7.45555451e-06
   1569   7.44605547e-06
   1570   7.43657458e-06
   1571   8.46531787e-06
   1572   8.45455288e-06
   1573   8.44380842e-06
   1574   8.43308442e-06
   1575   8.42238084e-06
   1576   9.79158081e-06
   1577   9.77916873e-06
   1578   9.76678023e-06
   1579   9.75441526e-06
   1580   9.74207376e-06
   1581   1.09938982e-05
   1582   1.09800060e-05
   1583   1.09661402e-05
   1584   1.09523006e-05
   1585   1.09384872e-05
   1586   1.22483938e-05
   1587   1.22329652e-05
   1588   1.22175657e-05
   1589   1.22021953e-05
   1590   1.21868539e-05
   1591   1.28115016e-05
   1592   1.27954143e-05
   1593   1.27793573e-05
   1594   1.27633305e-05
   1595   1.27473339e-05
   1596   1.33990517e-05
   1597   1.33822793e-05
   1598   1.33655384e-05
   1599   1.33488288e-05
   1600   1.33321506e-05
   1601   1.40199050e-05
   1602   1.40024102e-05
   1603   1.39849481e-05
   1604   1.39675187e-05
   1605   1.39501218e-05
   1606   1.50746851e-05
   1607   1.50559326e-05
   1608   1.50372151e-05
   1609   1.50185324e-05
   1610   1.49998845e-05
   1611   1.67178254e-05
   1612   1.66970934e-05
   1613   1.66763998e-05
   1614   1.66557448e-05
   1615   1.66351280e-05
   1616   1.73890939e-05
   1617   1.73675960e-05
   1618   1.73461380e-05
   1619   1.73247197e-05
   1620   1.73033410e-05
   1621   1.77641475e-05
   1622   1.77422536e-05
   1623   1.77204002e-05
   1624   1.76985871e-05
   1625   1.76768143e-05
   1626   1.67006506e-05
   1627   1.66801307e-05
   1628   1.66596486e-05
   1629   1.66392042e-05
   1630   1.66187973e-05
   1631   1.52989566e-05
   1632   1.52802165e-05
   1633   1.52615108e-05
   1634   1.52428395e-05
   1635   1.52242023e-05
   1636   1.19846064e-05
   1637   1.19699710e-05
   1638   1.19553623e-05
   1639   1.19407804e-05
   1640   1.19262251e-05
   1641   7.70037126e-06
   1642   7.69099629e-06
   1643   7.68163842e-06
   1644   7.67229762e-06
   1645   7.66297385e-06
   1646   1.30013632e-06
   1647   1.29855824e-06
   1648   1.29698304e-06
   1649   1.29541070e-06
   1650   1.29384122e-06
   1651  -6.54648627e-06
   1652  -6.53856433e-06
   1653  -6.53065677e-06
   1654  -6.52276355e-06
   1655  -6.51488463e-06
   1656  -1.37515089e-05
   1657  -1.37349183e-05
   1658  -1.37183577e-05
   1659  -1.37018271e-05
   1660  -1.36853263e-05
   1661  -1.85808612e-05
   1662  -1.85585116e-05
   1663  -1.85362023e-05
   1664  -1.85139333e-05
   1665  -1.84917043e-05
   1666  -2.12313622e-05
   1667  -2.12059011e-05
   1668  -2.11804858e-05
   1669  -2.11551162e-05
   1670  -2.11297921e-05
   1671  -1.78088931e-05
   1672  -1.77876001e-05
   1673  -1.77663453e-05
   1674  -1.77451286e-05
   1675  -1.77239499e-05
   1676  -6.62466417e-06
   1677  -6.61676708e-06
   1678  -6.60888412e-06
   1679  -6.60101523e-06
   1680  -6.59316038e-06
   1681   1.49339382e-05
   1682   1.49161888e-05
   1683   1.48984710e-05
   1684   1.48807847e-05
   1685   1.48631299e-05
   1686   4.76667878e-05
   1687   4.76103022e-05
   1688   4.75539170e-05
   1689   4.74976318e-05
   1690   4.74414465e-05
   1691   9.25555292e-05
   1692   9.24461740e-05
   1693   9.23370125e-05
   1694   9.22280442e-05
   1695   9.21192687e-05
   1696   1.49684092e-04
   1697   1.49507760e-04
   1698   1.49331739e-04
   1699   1.49156029e-04
   1700   1.48980629e-04
   1701   2.14017554e-04
   1702   2.13766175e-04
   1703   2.13515239e-04
   1704   2.13264744e-04
   1705   2.13014691e-04
   1706   2.68833398e-04
   1707   2.68518558e-04
   1708   2.68204272e-04
   1709   2.67890537e-04
   1710   2.67577352e-04
   1711   3.12013899e-04
   1712   3.11649557e-04
   1713   3.11285852e-04
   1714   3.10922783e-04
   1715   3.10560350e-04
   1716   3.43372766e-04
   1717   3.42972972e-04
   1718   3.42573876e-04
   1719   3.42175477e-04
   1720   3.41777772e-04
   1721   3.35464424e-04
   1722   3.35074972e-04
   1723   3.34686197e-04
   1724   3.34298099e-04
   1725   3.33910676e-04
   1726   2.93559014e-04
   1727   2.93219197e-04
   1728   2.92879970e-04
   1729   2.92541332e-04
   1730   2.92203280e-04
   1731   1.52835314e-04
   1732   1.52658907e-04
   1733   1.52482804e-04
   1734   1.52307006e-04
   1735   1.52131512e-04
   1736  -9.80482904e-05
   1737  -9.79354453e-05
   1738  -9.78227949e-05
   1739  -9.77103387e-05
   1740  -9.75980764e-05
   1741  -4.98810945e-04
   1742  -4.98238504e-04
   1743  -4.97667047e-04
   1744  -4.97096574e-04
   1745  -4.96527080e-04
   1746  -1.02174784e-03
   1747  -1.02057863e-03
   1748  -1.01941142e-03
   1749  -1.01824621e-03
   1750  -1.01708300e-03
   1751  -1.62976821e-03
   1752  -1.62790854e-03
   1753  -1.62605205e-03
   1754  -1.62419874e-03
   1755  -1.62234859e-03
   1756  -2.08608680e-03
   1757  -2.08371321e-03
   1758  -2.08134367e-03
   1759  -2.07897818e-03
   1760  -2.07661671e-03
   1761  -2.41362656e-03
   1762  -2.41088808e-03
   1763  -2.40815426e-03
   1764  -2.40542509e-03
   1765  -2.40270055e-03
   1766  -2.41469720e-03
   1767  -2.41196526e-03
   1768  -2.40923795e-03
   1769  -2.40651526e-03
   1770  -2.40379719e-03
   1771  -2.24991744e-03
   1772  -2.24737911e-03
   1773  -2.24484506e-03
   1774  -2.24231530e-03
   1775  -2.23978982e-03
   1776  -1.77254660e-03
   1777  -1.77055245e-03
   1778  -1.76856167e-03
   1779  -1.76657424e-03
   1780  -1.76459016e-03
   1781  -6.65139032e-04
   1782  -6.64392838e-04
   1783  -6.63647899e-04
   1784  -6.62904211e-04
   1785  -6.62161774e-04
   1786   1.30290169e-03
   1787   1.30144410e-03
   1788   1.29998896e-03
   1789   1.29853625e-03
   1790   1.29708598e-03
   1791   4.44053322e-03
   1792   4.43557935e-03
   1793   4.43063375e-03
   1794   4.42569643e-03
   1795   4.42076735e-03
   1796   8.96088953e-03
   1797   8.95092053e-03
   1798   8.94096815e-03
   1799   8.93103236e-03
   1800   8.92111313e-03
   1801   1.40088921e-02
   1802   1.39933504e-02
   1803   1.39778346e-02
   1804   1.39623445e-02
   1805   1.39468802e-02
   1806   1.81478930e-02
   1807   1.81278151e-02
   1808   1.81077705e-02
   1809   1.80877592e-02
   1810   1.80677810e-02
   1811   2.12397678e-02
   1812   2.12163341e-02
   1813   2.11929391e-02
   1814   2.11695828e-02
   1815   2.11462650e-02
   1816   2.26545622e-02
   1817   2.26296362e-02
   1818   2.26047514e-02
   1819   2.25799076e-02
   1820   2.25551047e-02
   1821   2.41792042e-02
   1822   2.41526738e-02
   1823   2.41261869e-02
   1824   2.40997437e-02
   1825   2.40733438e-02
   1826   2.37431770e-02
   1827   2.37171962e-02
   1828   2.36912581e-02
   1829   2.36653624e-02
   1830   2.36395093e-02
   1831   2.29914142e-02
   1832   2.29663247e-02
   1833   2.29412762e-02
   1834   2.29162687e-02
   1835   2.28913020e-02
   1836   2.14176902e-02
   1837   2.13943816e-02
   1838   2.13711110e-02
   1839   2.13478784e-02
   1840   2.13246837e-02
   1841   1.81539059e-02
   1842   1.81342028e-02
   1843   1.81145318e-02
   1844   1.80948928e-02
   1845   1.80752857e-02
   1846   1.38308319e-02
   1847   1.38158615e-02
   1848   1.38009153e-02
   1849   1.37859934e-02
   1850   1.37710957e-02
   1851   8.60786745e-03
   1852   8.59857546e-03
   1853   8.58929851e-03
   1854   8.58003656e-03
   1855   8.57078959e-03
   1856   4.12969075e-03
   1857   4.12524485e-03
   1858   4.12080612e-03
   1859   4.11637455e-03
   1860   4.11195012e-03
   1861   9.48655063e-04
   1862   9.47636510e-04
   1863   9.46619596e-04
   1864   9.45604319e-04
   1865   9.44590673e-04
   1866  -9.92321713e-04
   1867  -9.91259128e-04
   1868  -9.90198249e-04
   1869  -9.89139072e-04
   1870  -9.88081593e-04
   1871  -2.09191686e-03
   1872  -2.08968280e-03
   1873  -2.08745232e-03
   1874  -2.08522541e-03
   1875  -2.08300206e-03
   1876  -2.55337813e-03
   1877  -2.55065851e-03
   1878  -2.54794324e-03
   1879  -2.54523230e-03
   1880  -2.54252569e-03
   1881  -2.76419490e-03
   1882  -2.76125857e-03
   1883  -2.75832690e-03
   1884  -2.75539991e-03
   1885  -2.75247757e-03
   1886  -2.63446278e-03
   1887  -2.63167166e-03
   1888  -2.62888498e-03
   1889  -2.62610273e-03
   1890  -2.62332488e-03
   1891  -2.32678418e-03
   1892  -2.32432555e-03
   1893  -2.32187082e-03
   1894  -2.31941997e-03
   1895  -2.31697300e-03
   1896  -1.84191998e-03
   1897  -1.83997882e-03
   1898  -1.83804072e-03
   1899  -1.83610569e-03
   1900  -1.83417371e-03
   1901  -1.15462911e-03
   1902  -1.15341546e-03
   1903  -1.15220373e-03
   1904  -1.15099391e-03
   1905  -1.14978600e-03
   1906  -5.88065168e-04
   1907  -5.87448667e-04
   1908  -5.86833135e-04
   1909  -5.86218569e-04
   1910  -5.85604969e-04
   1911  -1.66427487e-04
   1912  -1.66253468e-04
   1913  -1.66079722e-04
   1914  -1.65906248e-04
   1915  -1.65733045e-04
   1916   9.81497109e-05
   1917   9.80473516e-05
   1918   9.79451524e-05
   1919   9.78431130e-05
   1920   9.77412329e-05
   1921   2.39767217e-04
   1922   2.39517817e-04
   1923   2.39268805e-04
   1924   2.39020182e-04
   1925   2.38771946e-04
   1926   2.96635755e-04
   1927   2.96328002e-04
   1928   2.96020727e-04
   1929   2.95713930e-04
   1930   2.95407610e-04
   1931   3.10159779e-04
   1932   3.09838828e-04
   1933   3.09518374e-04
   1934   3.09198417e-04
   1935   3.08878956e-04
   1936   2.79463399e-04
   1937   2.79174958e-04
   1938   2.78886963e-04
   1939   2.78599413e-04
   1940   2.78312309e-04
   1941   2.35215017e-04
   1942   2.34972871e-04
   1943   2.34731098e-04
   1944   2.34489698e-04
   1945   2.34248671e-04
   1946   1.76221737e-04
   1947   1.76040788e-04
   1948   1.75860118e-04
   1949   1.75679725e-04
   1950   1.75499610e-04
   1951   1.05826470e-04
   1952   1.05718082e-04
   1953   1.05609862e-04
   1954   1.05501807e-04
   1955   1.05393918e-04
   1956   4.90543375e-05
   1957   4.90042245e-05
   1958   4.89541883e-05
   1959   4.89042287e-05
   1960   4.88543455e-05
   1961   1.43711228e-06
   1962   1.43564789e-06
   1963   1.43418574e-06
   1964   1.43272583e-06
   1965   1.43126814e-06
   1966  -3.17694231e-05
   1967  -3.17371330e-05
   1968  -3.17048921e-05
   1969  -3.16727003e-05
   1970  -3.16405576e-05
   1971  -5.25299264e-05
   1972  -5.24766708e-05
   1973  -5.24234963e-05
   1974  -5.23704025e-05
   1975  -5.23173893e-05
   1976  -6.21460844e-05
   1977  -6.20832391e-05
   1978  -6.20204892e-05
   1979  -6.19578343e-05
   1980  -6.18952743e-05
   1981  -6.49623461e-05
   1982  -6.48968185e-05
   1983  -6.48313901e-05
   1984  -6.47660606e-05
   1985  -6.47008298e-05
   1986  -6.10810754e-05
   1987  -6.10196179e-05
   1988  -6.09582531e-05
   1989  -6.08969809e-05
   1990  -6.08358009e-05
   1991  -5.52396777e-05
   1992  -5.51842370e-05
   1993  -5.51288798e-05
   1994  -5.50736058e-05
   1995  -5.50184149e-05
   1996  -4.39537381e-05
   1997  -4.39097349e-05
   1998  -4.38657977e-05
   1999  -4.38219264e-05
   2000  -4.37781209e-05
   2001  -3.24422685e-05
   2002  -3.24098708e-05
   2003  -3.23775216e-05
   2004  -3.23452208e-05
   2005  -3.23129683e-05
   2006  -2.28192661e-05
   2007  -2.27965349e-05
   2008  -2.27738377e-05
   2009  -2.27511744e-05
   2010  -2.27285448e-05
   2011  -1.56499268e-05
   2012  -1.56343760e-05
   2013  -1.56188484e-05
   2014  -1.56033439e-05
   2015  -1.55878624e-05
   2016  -1.13810768e-05
   2017  -1.13697958e-05
   2018  -1.13585316e-05
   2019  -1.13472842e-05
   2020  -1.13360534e-05
   2021  -8.55361074e-06
   2022  -8.54515334e-06
   2023  -8.53670847e-06
   2024  -8.52827611e-06
   2025  -8.51985624e-06
   2026  -7.22588783e-06
   2027  -7.21876083e-06
   2028  -7.21164437e-06
   2029  -7.20453843e-06
   2030  -7.19744298e-06
   2031  -7.27631062e-06
   2032  -7.26915154e-06
   2033  -7.26200302e-06
   2034  -7.25486504e-06
   2035  -7.24773758e-06
   2036  -7.54168440e-06
   2037  -7.53428243e-06
   2038  -7.52689135e-06
   2039  -7.51951114e-06
   2040  -7.51214178e-06
   2041  -8.23284712e-06
   2042  -8.22478657e-06
   2043  -8.21673785e-06
   2044  -8.20870094e-06
   2045  -8.20067581e-06
   2046  -8.10630572e-06
   2047  -8.09838844e-06
   2048  -8.09048275e-06
   2049  -8.08258864e-06
   2050  -8.07470607e-06
   2051  -7.98095610e-06
   2052  -7.97318023e-06
   2053  -7.96541572e-06
   2054  -7.95766255e-06
   2055  -7.94992069e-06
   2056  -7.85727845e-06
   2057  -7.84964168e-06
   2058  -7.84201604e-06
   2059  -7.83440151e-06
   2060  -7.82679807e-06
   2061  -7.91328976e-06
   2062  -7.90561719e-06
   2063  -7.89795578e-06
   2064  -7.89030551e-06
   2065  -7.88266634e-06
   2066  -8.49592920e-06
   2067  -8.48771164e-06
   2068  -8.47950600e-06
   2069  -8.47131225e-06
   2070  -8.46313037e-06
   2071  -9.02640853e-06
   2072  -9.01769894e-06
   2073  -9.00900194e-06
   2074  -9.00031752e-06
   2075  -8.99164565e-06
   2076  -1.00222404e-05
   2077  -1.00125932e-05
   2078  -1.00029599e-05
   2079  -9.99334056e-06
   2080  -9.98373504e-06
   2081  -1.04994248e-05
   2082  -1.04893425e-05
   2083  -1.04792747e-05
   2084  -1.04692215e-05
   2085  -1.04591827e-05
   2086  -1.07335331e-05
   2087  -1.07232507e-05
   2088  -1.07129831e-05
   2089  -1.07027302e-05
   2090  -1.06924920e-05
   2091  -9.95191367e-06
   2092  -9.94240282e-06
   2093  -9.93290560e-06
   2094  -9.92342199e-06
   2095  -9.91395194e-06
   2096  -9.30368404e-06
   2097  -9.29481388e-06
   2098  -9.28595641e-06
   2099  -9.27711159e-06
   2100  -9.26827940e-06
   2101  -8.34635776e-06
   2102  -8.33841925e-06
   2103  -8.33049205e-06
   2104  -8.32257616e-06
   2105  -8.31467154e-06
   2106  -7.47679594e-06
   2107  -7.46970137e-06
   2108  -7.46261689e-06
   2109  -7.45554248e-06
   2110  -7.44847813e-06
   2111  -7.14976402e-06
   2112  -7.14299581e-06
   2113  -7.13623721e-06
   2114  -7.12948820e-06
   2115  -7.12274876e-06
   2116  -6.94993415e-06
   2117  -6.94337065e-06
   2118  -6.93681643e-06
   2119  -6.93027149e-06
   2120  -6.92373581e-06
   2121  -6.87403765e-06
   2122  -6.86756111e-06
   2123  -6.86109372e-06
   2124  -6.85463546e-06
   2125  -6.84818631e-06
   2126  -6.86272885e-06
   2127  -6.85627816e-06
   2128  -6.84983656e-06
   2129  -6.84340403e-06
   2130  -6.83698056e-06
   2131  -6.94025928e-06
   2132  -6.93375100e-06
   2133  -6.92725188e-06
   2134  -6.92076189e-06
   2135  -6.91428102e-06
   2136  -7.10039690e-06
   2137  -7.09375403e-06
   2138  -7.08712048e-06
   2139  -7.08049623e-06
   2140  -7.07388126e-06
   2141  -6.97620801e-06
   2142  -6.96969656e-06
   2143  -6.96319422e-06
   2144  -6.95670097e-06
   2145  -6.95021680e-06
   2146  -6.79832652e-06
   2147  -6.79199587e-06
   2148  -6.78567406e-06
   2149  -6.77936107e-06
   2150  -6.77305689e-06
   2151  -6.40665150e-06
   2152  -6.40069943e-06
   2153  -6.39475566e-06
   2154  -6.38882017e-06
   2155  -6.38289293e-06
   2156  -6.21321882e-06
   2157  -6.20745985e-06
   2158  -6.20170887e-06
   2159  -6.19596588e-06
   2160  -6.19023087e-06
   2161  -6.28660026e-06
   2162  -6.28078674e-06
   2163  -6.27498127e-06
   2164  -6.26918385e-06
   2165  -6.26339447e-06
   2166  -6.04874165e-06
   2167  -6.04316098e-06
   2168  -6.03758804e-06
   2169  -6.03202280e-06
   2170  -6.02646526e-06
   2171  -6.15926419e-06
   2172  -6.15359463e-06
   2173  -6.14793290e-06
   2174  -6.14227898e-06
   2175  -6.13663285e-06
   2176  -6.07088628e-06
   2177  -6.06531091e-06
   2178  -6.05974321e-06
   2179  -6.05418318e-06
   2180  -6.04863079e-06
   2181  -6.21381643e-06
   2182  -6.20812286e-06
   2183  -6.20243712e-06
   2184  -6.19675918e-06
   2185  -6.19108903e-06
   2186  -6.25461625e-06
   2187  -6.24889840e-06
   2188  -6.24318839e-06
   2189  -6.23748619e-06
   2190  -6.23179181e-06
   2191  -6.05200604e-06
   2192  -6.04648603e-06
   2193  -6.04097356e-06
   2194  -6.03546863e-06
   2195  -6.02997122e-06
   2196  -6.01543213e-06
   2197  -6.00995795e-06
   2198  -6.00449125e-06
   2199  -5.99903200e-06
   2200  -5.99358019e-06
   2201  -5.65759072e-06
   2202  -5.65245388e-06
   2203  -5.64732403e-06
   2204  -5.64220116e-06
   2205  -5.63708525e-06
   2206  -5.62246858e-06
   2207  -5.61737518e-06
   2208  -5.61228871e-06
   2209  -5.60720914e-06
   2210  -5.60213647e-06
   2211  -5.48831034e-06
   2212  -5.48334972e-06
   2213  -5.47839581e-06
   2214  -5.47344862e-06
   2215  -5.46850813e-06
   2216  -5.41024523e-06
   2217  -5.40536619e-06
   2218  -5.40049375e-06
   2219  -5.39562789e-06
   2220  -5.39076861e-06
   2221  -5.54438869e-06
   2222  -5.53939993e-06
   2223  -5.53441789e-06
   2224  -5.52944258e-06
   2225  -5.52447397e-06
   2226  -5.44492338e-06
   2227  -5.44003511e-06
   2228  -5.43515342e-06
   2229  -5.43027829e-06
   2230  -5.42540973e-06
   2231  -5.55108005e-06
   2232  -5.54610763e-06
   2233  -5.54114190e-06
   2234  -5.53618283e-06
   2235  -5.53123041e-06
   2236  -5.51897800e-06
   2237  -5.51404539e-06
   2238  -5.50911939e-06
   2239  -5.50419998e-06
   2240  -5.49928716e-06
   2241  -5.31021028e-06
   2242  -5.30547483e-06
   2243  -5.30074572e-06
   2244  -5.29602292e-06
   2245  -5.29130644e-06
   2246  -5.42950282e-06
   2247  -5.42467176e-06
   2248  -5.41984715e-06
   2249  -5.41502897e-06
   2250  -5.41021722e-06
   2251  -5.06602522e-06
   2252  -5.06152758e-06
   2253  -5.05703593e-06
   2254  -5.05255026e-06
   2255  -5.04807055e-06
   2256  -5.00067852e-06
   2257  -4.99624874e-06
   2258  -4.99182483e-06
   2259  -4.98740680e-06
   2260  -4.98299463e-06
   2261  -4.88175671e-06
   2262  -4.87744182e-06
   2263  -4.87313265e-06
   2264  -4.86882919e-06
   2265  -4.86453143e-06
   2266  -4.88410072e-06
   2267  -4.87979328e-06
   2268  -4.87549153e-06
   2269  -4.87119547e-06
   2270  -4.86690509e-06
   2271  -4.96996322e-06
   2272  -4.96558970e-06
   2273  -4.96122195e-06
   2274  -4.95685995e-06
   2275  -4.95250371e-06
   2276  -4.85825554e-06
   2277  -4.85398970e-06
   2278  -4.84972948e-06
   2279  -4.84547486e-06
   2280  -4.84122584e-06
   2281  -5.04171170e-06
   2282  -5.03729447e-06
   2283  -5.03288305e-06
   2284  -5.02847742e-06
   2285  -5.02407757e-06
   2286  -4.96766967e-06
   2287  -4.96332683e-06
   2288  -4.95898968e-06
   2289  -4.95465821e-06
   2290  -4.95033241e-06
   2291  -4.89412190e-06
   2292  -4.88985268e-06
   2293  -4.88558905e-06
   2294  -4.88133099e-06
   2295  -4.87707850e-06
   2296  -4.76923861e-06
   2297  -4.76508738e-06
   2298  -4.76094157e-06
   2299  -4.75680117e-06
   2300  -4.75266617e-06
   2301  -4.57289257e-06
   2302  -4.56892089e-06
   2303  -4.56495438e-06
   2304  -4.56099304e-06
   2305  -4.55703685e-06
   2306  -4.62985008e-06
   2307  -4.62583764e-06
   2308  -4.62183042e-06
   2309  -4.61782840e-06
   2310  -4.61383158e-06
   2311  -4.43835309e-06
   2312  -4.43451493e-06
   2313  -4.43068175e-06
   2314  -4.42685353e-06
   2315  -4.42303028e-06
   2316  -4.46015937e-06
   2317  -4.45631067e-06
   2318  -4.45246696e-06
   2319  -4.44862821e-06
   2320  -4.44479442e-06
   2321  -4.42690471e-06
   2322  -4.42309293e-06
   2323  -4.41928607e-06
   2324  -4.41548413e-06
   2325  -4.41168709e-06
   2326  -4.46072343e-06
   2327  -4.45689078e-06
   2328  -4.45306307e-06
   2329  -4.44924029e-06
   2330  -4.44542243e-06
   2331  -4.51725158e-06
   2332  -4.51337869e-06
   2333  -4.50951077e-06
   2334  -4.50564782e-06
   2335  -4.50178983e-06
   2336  -4.38844525e-06
   2337  -4.38469084e-06
   2338  -4.38094123e-06
   2339  -4.37719644e-06
   2340  -4.37345644e-06
   2341  -4.38752818e-06
   2342  -4.38378256e-06
   2343  -4.38004173e-06
   2344  -4.37630569e-06
   2345  -4.37257442e-06
   2346  -4.25831802e-06
   2347  -4.25469044e-06
   2348  -4.25106750e-06
   2349  -4.24744919e-06
   2350  -4.24383549e-06
   2351  -4.14295434e-06
   2352  -4.13943254e-06
   2353  -4.13591523e-06
   2354  -4.13240241e-06
   2355  -4.12889405e-06
   2356  -3.95047357e-06
   2357  -3.94712252e-06
   2358  -3.94377573e-06
   2359  -3.94043319e-06
   2360  -3.93709490e-06
   2361  -3.87754210e-06
   2362  -3.87425987e-06
   2363  -3.87098181e-06
   2364  -3.86770790e-06
   2365  -3.86443815e-06
   2366  -3.93425045e-06
   2367  -3.93092726e-06
   2368  -3.92760827e-06
   2369  -3.92429348e-06
   2370  -3.92098289e-06
   2371  -3.90396227e-06
   2372  -3.90067161e-06
   2373  -3.89738510e-06
   2374  -3.89410275e-06
   2375  -3.89082454e-06
   2376  -3.93180979e-06
   2377  -3.92850262e-06
   2378  -3.92519962e-06
   2379  -3.92190079e-06
   2380  -3.91860611e-06
   2381  -3.93072851e-06
   2382  -3.92742919e-06
   2383  -3.92413402e-06
   2384  -3.92084300e-06
   2385  -3.91755611e-06
   2386  -3.84734710e-06
   2387  -3.84412453e-06
   2388  -3.84090601e-06
   2389  -3.83769153e-06
   2390  -3.83448108e-06
   2391  -3.86628496e-06
   2392  -3.86305330e-06
   2393  -3.85982568e-06
   2394  -3.85660211e-06
   2395  -3.85338257e-06
   2396  -3.59703779e-06
   2397  -3.59403745e-06
   2398  -3.59104086e-06
   2399  -3.58804801e-06
   2400  -3.58505891e-06
   2401  -3.49066910e-06
   2402  -3.48776354e-06
   2403  -3.48486160e-06
   2404  -3.48196328e-06
   2405  -3.47906858e-06
   2406  -3.30198628e-06
   2407  -3.29924348e-06
   2408  -3.29650410e-06
   2409  -3.29376812e-06
   2410  -3.29103556e-06
   2411  -3.23467762e-06
   2412  -3.23199630e-06
   2413  -3.22931832e-06
   2414  -3.22664365e-06
   2415  -3.22397232e-06
   2416  -3.21564927e-06
   2417  -3.21298923e-06
   2418  -3.21033250e-06
   2419  -3.20767906e-06
   2420  -3.20502890e-06
   2421  -3.15337689e-06
   2422  -3.15077376e-06
   2423  -3.14817384e-06
   2424  -3.14557714e-06
   2425  -3.14298365e-06
   2426  -3.20164775e-06
   2427  -3.19901021e-06
   2428  -3.19637592e-06
   2429  -3.19374489e-06
   2430  -3.19111711e-06
   2431  -3.12788948e-06
   2432  -3.12531800e-06
   2433  -3.12274968e-06
   2434  -3.12018453e-06
   2435  -3.11762254e-06
   2436  -3.14011861e-06
   2437  -3.13754236e-06
   2438  -3.13496929e-06
   2439  -3.13239938e-06
   2440  -3.12983263e-06
   2441  -3.08317497e-06
   2442  -3.08065062e-06
   2443  -3.07812937e-06
   2444  -3.07561122e-06
   2445  -3.07309615e-06
   2446  -2.92507582e-06
   2447  -2.92268581e-06
   2448  -2.92029872e-06
   2449  -2.91791456e-06
   2450  -2.91553332e-06
   2451  -2.85252909e-06
   2452  -2.85020310e-06
   2453  -2.84787996e-06
   2454  -2.84555966e-06
   2455  -2.84324219e-06
   2456  -2.74931356e-06
   2457  -2.74707630e-06
   2458  -2.74484177e-06
   2459  -2.74260996e-06
   2460  -2.74038088e-06
   2461  -2.69518417e-06
   2462  -2.69299541e-06
   2463  -2.69080931e-06
   2464  -2.68862588e-06
   2465  -2.68644510e-06
   2466  -2.64144214e-06
   2467  -2.63930137e-06
   2468  -2.63716321e-06
   2469  -2.63502763e-06
   2470  -2.63289466e-06
   2471  -2.59144890e-06
   2472  -2.58935290e-06
   2473  -2.58725943e-06
   2474  -2.58516851e-06
   2475  -2.58308011e-06
   2476  -2.62361114e-06
   2477  -2.62149340e-06
   2478  -2.61937823e-06
   2479  -2.61726561e-06
   2480  -2.61515555e-06
   2481  -2.56703538e-06
   2482  -2.56496748e-06
   2483  -2.56290208e-06
   2484  -2.56083918e-06
   2485  -2.55877876e-06
   2486  -2.59505274e-06
   2487  -2.59296648e-06
   2488  -2.59088273e-06
   2489  -2.58880149e-06
   2490  -2.58672276e-06
   2491  -2.50599339e-06
   2492  -2.50398277e-06
   2493  -2.50197456e-06
   2494  -2.49996877e-06
   2495  -2.49796539e-06
   2496  -2.38845269e-06
   2497  -2.38654021e-06
   2498  -2.38463002e-06
   2499  -2.38272213e-06
   2500  -2.38081652e-06
   2501  -2.24902186e-06
   2502  -2.24722462e-06
   2503  -2.24542953e-06
   2504  -2.24363659e-06
   2505  -2.24184580e-06
   2506  -2.09224398e-06
   2507  -2.09057536e-06
   2508  -2.08890873e-06
   2509  -2.08724410e-06
   2510  -2.08558145e-06
   2511  -2.08795189e-06
   2512  -2.08629000e-06
   2513  -2.08463010e-06
   2514  -2.08297218e-06
   2515  -2.08131623e-06
   2516  -2.00687816e-06
   2517  -2.00528398e-06
   2518  -2.00369169e-06
   2519  -2.00210131e-06
   2520  -2.00051281e-06
   2521  -2.00158135e-06
   2522  -1.99999453e-06
   2523  -1.99840959e-06
   2524  -1.99682653e-06
   2525  -1.99524536e-06
   2526  -1.96960473e-06
   2527  -1.96804634e-06
   2528  -1.96648981e-06
   2529  -1.96493511e-06
   2530  -1.96338227e-06
   2531  -1.95406389e-06
   2532  -1.95252085e-06
   2533  -1.95097964e-06
   2534  -1.94944026e-06
   2535  -1.94790269e-06
   2536  -1.95121712e-06
   2537  -1.94967936e-06
   2538  -1.94814343e-06
   2539  -1.94660930e-06
   2540  -1.94507699e-06
   2541  -1.87693250e-06
   2542  -1.87545620e-06
   2543  -1.87398164e-06
   2544  -1.87250882e-06
   2545  -1.87103774e-06
   2546  -1.80791676e-06
   2547  -1.80649753e-06
   2548  -1.80507998e-06
   2549  -1.80366409e-06
   2550  -1.80224987e-06
   2551  -1.66120198e-06
   2552  -1.65990048e-06
   2553  -1.65860051e-06
   2554  -1.65730207e-06
   2555  -1.65600515e-06
   2556  -1.60216563e-06
   2557  -1.60091284e-06
   2558  -1.59966152e-06
   2559  -1.59841166e-06
   2560  -1.59716326e-06
   2561  -1.54833208e-06
   2562  -1.54712374e-06
   2563  -1.54591682e-06
   2564  -1.54471131e-06
   2565  -1.54350721e-06
   2566  -1.51161360e-06
   2567  -1.51043622e-06
   2568  -1.50926021e-06
   2569  -1.50808557e-06
   2570  -1.50691231e-06
   2571  -1.52575386e-06
   2572  -1.52456777e-06
   2573  -1.52338307e-06
   2574  -1.52219974e-06
   2575  -1.52101780e-06
   2576  -1.47472838e-06
   2577  -1.47358418e-06
   2578  -1.47244131e-06
   2579  -1.47129977e-06
   2580  -1.47015956e-06
   2581  -1.48662774e-06
   2582  -1.48547654e-06
   2583  -1.48432668e-06
   2584  -1.48317815e-06
   2585  -1.48203096e-06
   2586  -1.45278781e-06
   2587  -1.45166500e-06
   2588  -1.45054348e-06
   2589  -1.44942326e-06
   2590  -1.44830434e-06
   2591  -1.39680844e-06
   2592  -1.39573097e-06
   2593  -1.39465474e-06
   2594  -1.39357976e-06
   2595  -1.39250602e-06
   2596  -1.32356234e-06
   2597  -1.32254333e-06
   2598  -1.32152550e-06
   2599  -1.32050885e-06
   2600  -1.31949336e-06
   2601  -1.19918912e-06
   2602  -1.19826764e-06
   2603  -1.19734722e-06
   2604  -1.19642786e-06
   2605  -1.19550957e-06
   2606  -1.14876382e-06
   2607  -1.14788278e-06
   2608  -1.14700276e-06
   2609  -1.14612374e-06
   2610  -1.14524574e-06
   2611  -1.07464920e-06
   2612  -1.07382658e-06
   2613  -1.07300491e-06
   2614  -1.07218417e-06
   2615  -1.07136438e-06
   2616  -1.06373909e-06
   2617  -1.06292638e-06
   2618  -1.06211460e-06
   2619  -1.06130374e-06
   2620  -1.06049382e-06
   2621  -1.02122012e-06
   2622  -1.02044138e-06
   2623  -1.01966353e-06
   2624  -1.01888657e-06
   2625  -1.01811050e-06
   2626  -1.01930548e-06
   2627  -1.01852968e-06
   2628  -1.01775476e-06
   2629  -1.01698073e-06
   2630  -1.01620758e-06
   2631  -1.02569346e-06
   2632  -1.02491428e-06
   2633  -1.02413599e-06
   2634  -1.02335858e-06
   2635  -1.02258206e-06
   2636  -9.86464502e-07
   2637  -9.85716543e-07
   2638  -9.84969434e-07
   2639  -9.84223175e-07
   2640  -9.83477763e-07
   2641  -9.53445597e-07
   2642  -9.52724041e-07
   2643  -9.52003304e-07
   2644  -9.51283385e-07
   2645  -9.50564282e-07
   2646  -8.95792512e-07
   2647  -8.95115868e-07
   2648  -8.94439990e-07
   2649  -8.93764877e-07
   2650  -8.93090529e-07
   2651  -8.24038291e-07
   2652  -8.23417020e-07
   2653  -8.22796452e-07
   2654  -8.22176584e-07
   2655  -8.21557417e-07
   2656  -7.88250961e-07
   2657  -7.87657790e-07
   2658  -7.87065287e-07
   2659  -7.86473453e-07
   2660  -7.85882287e-07
   2661  -7.26243636e-07
   2662  -7.25698152e-07
   2663  -7.25153282e-07
   2664  -7.24609026e-07
   2665  -7.24065383e-07
   2666  -7.27442485e-07
   2667  -7.26897125e-07
   2668  -7.26352378e-07
   2669  -7.25808242e-07
   2670  -7.25264719e-07
   2671  -7.05689641e-07
   2672  -7.05161579e-07
   2673  -7.04634109e-07
   2674  -7.04107230e-07
   2675  -7.03580942e-07
   2676  -6.88135034e-07
   2677  -6.87621068e-07
   2678  -6.87107679e-07
   2679  -6.86594864e-07
   2680  -6.86082623e-07
   2681  -6.94334577e-07
   2682  -6.93816948e-07
   2683  -6.93299898e-07
   2684  -6.92783425e-07
   2685  -6.92267529e-07
   2686  -6.66968437e-07
   2687  -6.66472135e-07
   2688  -6.65976386e-07
   2689  -6.65481190e-07
   2690  -6.64986547e-07
   2691  -6.49886930e-07
   2692  -6.49404236e-07
   2693  -6.48922080e-07
   2694  -6.48440460e-07
   2695  -6.47959377e-07
   2696  -5.84486007e-07
   2697  -5.84052694e-07
   2698  -5.83619862e-07
   2699  -5.83187511e-07
   2700  -5.82755640e-07
   2701  -5.41614014e-07
   2702  -5.41213227e-07
   2703  -5.40812884e-07
   2704  -5.40412986e-07
   2705  -5.40013531e-07
   2706  -4.99319817e-07
   2707  -4.98951009e-07
   2708  -4.98582610e-07
   2709  -4.98214618e-07
   2710  -4.97847034e-07
   2711  -4.67082878e-07
   2712  -4.66738517e-07
   2713  -4.66394536e-07
   2714  -4.66050936e-07
   2715  -4.65707715e-07
   2716  -4.58243012e-07
   2717  -4.57905790e-07
   2718  -4.57568939e-07
   2719  -4.57232461e-07
   2720  -4.56896353e-07
   2721  -4.30710221e-07
   2722  -4.30393842e-07
   2723  -4.30077812e-07
   2724  -4.29762129e-07
   2725  -4.29446794e-07
   2726  -4.33132980e-07
   2727  -4.32815405e-07
   2728  -4.32498179e-07
   2729  -4.32181301e-07
   2730  -4.31864772e-07
   2731  -4.26150747e-07
   2732  -4.25838862e-07
   2733  -4.25527321e-07
   2734  -4.25216120e-07
   2735  -4.24905262e-07
   2736  -4.06642678e-07
   2737  -4.06345615e-07
   2738  -4.06048877e-07
   2739  -4.05752464e-07
   2740  -4.05456375e-07
   2741  -3.99788316e-07
   2742  -3.99496792e-07
   2743  -3.99205587e-07
   2744  -3.98914700e-07
   2745  -3.98624132e-07
   2746  -3.64087234e-07
   2747  -3.63822226e-07
   2748  -3.63557508e-07
   2749  -3.63293078e-07
   2750  -3.63028937e-07
   2751  -3.40884436e-07
   2752  -3.40636767e-07
   2753  -3.40389369e-07
   2754  -3.40142240e-07
   2755  -3.39895380e-07
   2756  -3.15613727e-07
   2757  -3.15384835e-07
   2758  -3.15156192e-07
   2759  -3.14927797e-07
   2760  -3.14699651e-07
   2761  -2.97636750e-07
   2762  -2.97421285e-07
   2763  -2.97206055e-07
   2764  -2.96991059e-07
   2765  -2.96776295e-07
   2766  -2.89879961e-07
   2767  -2.89670491e-07
   2768  -2.89461248e-07
   2769  -2.89252232e-07
   2770  -2.89043442e-07
   2771  -2.76052598e-07
   2772  -2.75853480e-07
   2773  -2.75654577e-07
   2774  -2.75455889e-07
   2775  -2.75257416e-07
   2776  -2.80311304e-07
   2777  -2.80109478e-07
   2778  -2.79907870e-07
   2779  -2.79706479e-07
   2780  -2.79505306e-07
   2781  -2.67755766e-07
   2782  -2.67563326e-07
   2783  -2.67371094e-07
   2784  -2.67179068e-07
   2785  -2.66987250e-07
   2786  -2.63867598e-07
   2787  -2.63678293e-07
   2788  -2.63489191e-07
   2789  -2.63300293e-07
   2790  -2.63111598e-07
   2791  -2.51023337e-07
   2792  -2.50843570e-07
   2793  -2.50663995e-07
   2794  -2.50484613e-07
   2795  -2.50305423e-07
   2796  -2.29523775e-07
   2797  -2.29359698e-07
   2798  -2.29195796e-07
   2799  -2.29032070e-07
   2800  -2.28868520e-07
   2801  -2.08666214e-07
   2802  -2.08517312e-07
   2803  -2.08368571e-07
   2804  -2.08219988e-07
   2805  -2.08071564e-07
   2806  -1.85444898e-07
   2807  -1.85312803e-07
   2808  -1.85180849e-07
   2809  -1.85049036e-07
   2810  -1.84917364e-07
   2811  -1.74191967e-07
   2812  -1.74068109e-07
   2813  -1.73944382e-07
   2814  -1.73820787e-07
   2815  -1.73697324e-07
   2816  -1.68285036e-07
   2817  -1.68165590e-07
   2818  -1.68046271e-07
   2819  -1.67927078e-07
   2820  -1.67808013e-07
   2821  -1.62347841e-07
   2822  -1.62232813e-07
   2823  -1.62117907e-07
   2824  -1.62003123e-07
   2825  -1.61888461e-07
   2826  -1.59364952e-07
   2827  -1.59252237e-07
   2828  -1.59139641e-07
   2829  -1.59027165e-07
   2830  -1.58914808e-07
   2831  -1.55325462e-07
   2832  -1.55215798e-07
   2833  -1.55106250e-07
   2834  -1.54996818e-07
   2835  -1.54887501e-07
   2836  -1.53152622e-07
   2837  -1.53044682e-07
   2838  -1.52936857e-07
   2839  -1.52829145e-07
   2840  -1.52721547e-07
   2841  -1.46141407e-07
   2842  -1.46038591e-07
   2843  -1.45935882e-07
   2844  -1.45833282e-07
   2845  -1.45730790e-07
   2846  -1.37652974e-07
   2847  -1.37556299e-07
   2848  -1.37459726e-07
   2849  -1.37363254e-07
   2850  -1.37266885e-07
   2851  -1.27884281e-07
   2852  -1.27794624e-07
   2853  -1.27705062e-07
   2854  -1.27615593e-07
   2855  -1.27526219e-07
   2856  -1.19643543e-07
   2857  -1.19559810e-07
   2858  -1.19476165e-07
   2859  -1.19392608e-07
   2860  -1.19309139e-07
   2861  -1.15054779e-07
   2862  -1.14974398e-07
   2863  -1.14894102e-07
   2864  -1.14813889e-07
   2865  -1.14733761e-07
   2866  -1.10985443e-07
   2867  -1.10908040e-07
   2868  -1.10830719e-07
   2869  -1.10753478e-07
   2870  -1.10676318e-07
   2871  -1.08656595e-07
   2872  -1.08580948e-07
   2873  -1.08505381e-07
   2874  -1.08429892e-07
   2875  -1.08354483e-07
   2876  -1.05502493e-07
   2877  -1.05429170e-07
   2878  -1.05355924e-07
   2879  -1.05282753e-07
   2880  -1.05209659e-07
   2881  -1.04757464e-07
   2882  -1.04684785e-07
   2883  -1.04612182e-07
   2884  -1.04539654e-07
   2885  -1.04467201e-07
   2886  -1.03450127e-07
   2887  -1.03378479e-07
   2888  -1.03306906e-07
   2889  -1.03235407e-07
   2890  -1.03163982e-07
   2891  -1.01673807e-07
   2892  -1.01603511e-07
   2893  -1.01533289e-07
   2894  -1.01463139e-07
   2895  -1.01393061e-07
   2896  -9.99937688e-08
   2897  -9.99247540e-08
   2898  -9.98558107e-08
   2899  -9.97869387e-08
   2900  -9.97181379e-08
   2901  -9.53532070e-08
   2902  -9.52875084e-08
   2903  -9.52218778e-08
   2904  -9.51563149e-08
   2905  -9.50908197e-08
   2906  -9.35278777e-08
   2907  -9.34635476e-08
   2908  -9.33992839e-08
   2909  -9.33350864e-08
   2910  -9.32709551e-08
   2911  -8.96351324e-08
   2912  -8.95735856e-08
   2913  -8.95121023e-08
   2914  -8.94506822e-08
   2915  -8.93893253e-08
   2916  -8.86115025e-08
   2917  -8.85507629e-08
   2918  -8.84900857e-08
   2919  -8.84294708e-08
   2920  -8.83689183e-08
   2921  -8.96688786e-08
   2922  -8.96075194e-08
   2923  -8.95462231e-08
   2924  -8.94849896e-08
   2925  -8.94238190e-08
   2926  -8.68596891e-08
   2927  -8.68003537e-08
   2928  -8.67410790e-08
   2929  -8.66818650e-08
   2930  -8.66227117e-08
   2931  -8.84115650e-08
   2932  -8.83512724e-08
   2933  -8.82910415e-08
   2934  -8.82308721e-08
   2935  -8.81707642e-08
   2936  -8.75148098e-08
   2937  -8.74552303e-08
   2938  -8.73957117e-08
   2939  -8.73362537e-08
   2940  -8.72768565e-08
   2941  -8.73463167e-08
   2942  -8.72869529e-08
   2943  -8.72276497e-08
   2944  -8.71684069e-08
   2945  -8.71092244e-08
   2946  -8.96569145e-08
   2947  -8.95960838e-08
   2948  -8.95353149e-08
   2949  -8.94746078e-08
   2950  -8.94139625e-08
   2951  -8.73655973e-08
   2952  -8.73064215e-08
   2953  -8.72473059e-08
   2954  -8.71882503e-08
   2955  -8.71292546e-08
   2956  -8.96653771e-08
   2957  -8.96047463e-08
   2958  -8.95441770e-08
   2959  -8.94836690e-08
   2960  -8.94232224e-08
   2961  -8.95972592e-08
   2962  -8.95367767e-08
   2963  -8.94763554e-08
   2964  -8.94159953e-08
   2965  -8.93556962e-08
   2966  -9.02010516e-08
   2967  -9.01402641e-08
   2968  -9.00795380e-08
   2969  -9.00188733e-08
   2970  -8.99582699e-08
   2971  -9.10416761e-08
   2972  -9.09804253e-08
   2973  -9.09192363e-08
   2974  -9.08581090e-08
   2975  -9.07970433e-08
   2976  -8.81595926e-08
   2977  -8.81003803e-08
   2978  -8.80412278e-08
   2979  -8.79821347e-08
   2980  -8.79231012e-08
   2981  -9.12147936e-08
   2982  -9.11536321e-08
   2983  -9.10925321e-08
   2984  -9.10314934e-08
   2985  -9.09705161e-08
   2986  -9.04201038e-08
   2987  -9.03595765e-08
   2988  -9.02991101e-08
   2989  -9.02387043e-08
   2990  -9.01783591e-08
   2991  -9.32492174e-08
   2992  -9.31869006e-08
   2993  -9.31246463e-08
   2994  -9.30624544e-08
   2995  -9.30003248e-08
   2996  -9.46529932e-08
   2997  -9.45898439e-08
   2998  -9.45267577e-08
   2999  -9.44637346e-08
   3000  -9.44007745e-08
   3001  -9.58879599e-08
   3002  -9.58240932e-08
   3003  -9.57602902e-08
   3004  -9.56965509e-08
   3005  -9.56328753e-08
   3006  -1.00518039e-07
   3007  -1.00451200e-07
   3008  -1.00384427e-07
   3009  -1.00317721e-07
   3010  -1.00251081e-07
   3011  -1.00033942e-07
   3012  -9.99675345e-08
   3013  -9.99011935e-08
   3014  -9.98349186e-08
   3015  -9.97687095e-08
   3016  -1.00617619e-07
   3017  -1.00550935e-07
   3018  -1.00484317e-07
   3019  -1.00417766e-07
   3020  -1.00351281e-07
   3021  -1.00964468e-07
   3022  -1.00897665e-07
   3023  -1.00830928e-07
   3024  -1.00764258e-07
   3025  -1.00697653e-07
   3026  -9.98177216e-08
   3027  -9.97517863e-08
   3028  -9.96859164e-08
   3029  -9.96201117e-08
   3030  -9.95543721e-08
   3031  -1.04789653e-07
   3032  -1.04720547e-07
   3033  -1.04651510e-07
   3034  -1.04582542e-07
   3035  -1.04513641e-07
   3036  -1.05944723e-07
   3037  -1.05874971e-07
   3038  -1.05805288e-07
   3039  -1.05735673e-07
   3040  -1.05666128e-07
   3041  -1.11595266e-07
   3042  -1.11521914e-07
   3043  -1.11448635e-07
   3044  -1.11375428e-07
   3045  -1.11302293e-07
   3046  -1.16389627e-07
   3047  -1.16313250e-07
   3048  -1.16236948e-07
   3049  -1.16160720e-07
   3050  -1.16084568e-07
   3051  -1.23680114e-07
   3052  -1.23599086e-07
   3053  -1.23518137e-07
   3054  -1.23437267e-07
   3055  -1.23356477e-07
   3056  -1.29869757e-07
   3057  -1.29784812e-07
   3058  -1.29699951e-07
   3059  -1.29615173e-07
   3060  -1.29530478e-07
   3061  -1.30528933e-07
   3062  -1.30443697e-07
   3063  -1.30358544e-07
   3064  -1.30273474e-07
   3065  -1.30188488e-07
   3066  -1.34418331e-07
   3067  -1.34330698e-07
   3068  -1.34243150e-07
   3069  -1.34155688e-07
   3070  -1.34068312e-07
   3071  -1.33014318e-07
   3072  -1.32927741e-07
   3073  -1.32841249e-07
   3074  -1.32754841e-07
   3075  -1.32668517e-07
   3076  -1.32292876e-07
   3077  -1.32206908e-07
   3078  -1.32121025e-07
   3079  -1.32035225e-07
   3080  -1.31949509e-07
   3081  -1.24502137e-07
   3082  -1.24421364e-07
   3083  -1.24340669e-07
   3084  -1.24260052e-07
   3085  -1.24179514e-07
   3086  -1.15189920e-07
   3087  -1.15115309e-07
   3088  -1.15040771e-07
   3089  -1.14966304e-07
   3090  -1.14891911e-07
   3091  -1.00776975e-07
   3092  -1.00711805e-07
   3093  -1.00646698e-07
   3094  -1.00581655e-07
   3095  -1.00516674e-07
   3096  -7.70217973e-08
   3097  -7.69720697e-08
   3098  -7.69223903e-08
   3099  -7.68727589e-08
   3100  -7.68231756e-08
   3101  -5.25872931e-08
   3102  -5.25533959e-08
   3103  -5.25195315e-08
   3104  -5.24856997e-08
   3105  -5.24519007e-08
   3106  -2.91532467e-08
   3107  -2.91344850e-08
   3108  -2.91157415e-08
   3109  -2.90970160e-08
   3110  -2.90783086e-08
   3111  -1.39160424e-08
   3112  -1.39071011e-08
   3113  -1.38981684e-08
   3114  -1.38892443e-08
   3115  -1.38803288e-08
   3116  -3.96932888e-09
   3117  -3.96678260e-09
   3118  -3.96423878e-09
   3119  -3.96169739e-09
   3120  -3.95915845e-09
   3121   1.60738356e-09
   3122   1.60635410e-09
   3123   1.60532562e-09
   3124   1.60429813e-09
   3125   1.60327163e-09
   3126   4.78172455e-09
   3127   4.77866694e-09
   3128   4.77561225e-09
   3129   4.77256050e-09
   3130   4.76951167e-09
   3131   6.51542671e-09
   3132   6.51126716e-09
   3133   6.50711158e-09
   3134   6.50295998e-09
   3135   6.49881236e-09
   3136   7.92114448e-09
   3137   7.91609555e-09
   3138   7.91105144e-09
   3139   7.90601215e-09
   3140   7.90097768e-09
   3141   8.75361760e-09
   3142   8.74804692e-09
   3143   8.74248157e-09
   3144   8.73692152e-09
   3145   8.73136677e-09
   3146   9.58416421e-09
   3147   9.57807467e-09
   3148   9.57199094e-09
   3149   9.56591300e-09
   3150   9.55984085e-09
   3151   1.04949311e-08
   3152   1.04882734e-08
   3153   1.04816221e-08
   3154   1.04749771e-08
   3155   1.04683385e-08
   3156   1.07434803e-08
   3157   1.07366758e-08
   3158   1.07298778e-08
   3159   1.07230862e-08
   3160   1.07163010e-08
   3161   1.11084398e-08
   3162   1.11014152e-08
   3163   1.10943974e-08
   3164   1.10873861e-08
   3165   1.10803815e-08
   3166   1.12368439e-08
   3167   1.12297493e-08
   3168   1.12226615e-08
   3169   1.12155804e-08
   3170   1.12085060e-08
   3171   1.15767660e-08
   3172   1.15694683e-08
   3173   1.15621776e-08
   3174   1.15548938e-08
   3175   1.15476168e-08
   3176   1.18985988e-08
   3177   1.18911101e-08
   3178   1.18836285e-08
   3179   1.18761539e-08
   3180   1.18686864e-08
   3181   1.18029822e-08
   3182   1.17955654e-08
   3183   1.17881555e-08
   3184   1.17807526e-08
   3185   1.17733567e-08
   3186   1.22790323e-08
   3187   1.22713284e-08
   3188   1.22636318e-08
   3189   1.22559424e-08
   3190   1.22482602e-08
   3191   1.20673875e-08
   3192   1.20598283e-08
   3193   1.20522761e-08
   3194   1.20447311e-08
   3195   1.20371931e-08
   3196   1.24937805e-08
   3197   1.24859664e-08
   3198   1.24781596e-08
   3199   1.24703601e-08
   3200   1.24625680e-08
   3201   1.24162932e-08
   3202   1.24085397e-08
   3203   1.24007934e-08
   3204   1.23930544e-08
   3205   1.23853226e-08
   3206   1.22245853e-08
   3207   1.22169634e-08
   3208   1.22093486e-08
   3209   1.22017409e-08
   3210   1.21941404e-08
   3211   1.24612381e-08
   3212   1.24534807e-08
   3213   1.24457306e-08
   3214   1.24379877e-08
   3215   1.24302521e-08
   3216   1.22545259e-08
   3217   1.22469091e-08
   3218   1.22392993e-08
   3219   1.22316967e-08
   3220   1.22241011e-08
   3221   1.24448295e-08
   3222   1.24371064e-08
   3223   1.24293905e-08
   3224   1.24216817e-08
   3225   1.24139802e-08
   3226   1.24631111e-08
   3227   1.24553886e-08
   3228   1.24476733e-08
   3229   1.24399652e-08
   3230   1.24322642e-08
   3231   1.20730244e-08
   3232   1.20655552e-08
   3233   1.20580929e-08
   3234   1.20506375e-08
   3235   1.20431891e-08
   3236   1.24182368e-08
   3237   1.24105659e-08
   3238   1.24029021e-08
   3239   1.23952454e-08
   3240   1.23875957e-08
   3241   1.19130660e-08
   3242   1.19057185e-08
   3243   1.18983778e-08
   3244   1.18910439e-08
   3245   1.18837168e-08
   3246   1.21834961e-08
   3247   1.21759934e-08
   3248   1.21684976e-08
   3249   1.21610087e-08
   3250   1.21535267e-08
   3251   1.20277472e-08
   3252   1.20203518e-08
   3253   1.20129632e-08
   3254   1.20055814e-08
   3255   1.19982064e-08
   3256   1.18935928e-08
   3257   1.18862910e-08
   3258   1.18789960e-08
   3259   1.18717078e-08
   3260   1.18644262e-08
   3261   1.21686896e-08
   3262   1.21612305e-08
   3263   1.21537782e-08
   3264   1.21463327e-08
   3265   1.21388941e-08
   3266   1.16498631e-08
   3267   1.16427329e-08
   3268   1.16356092e-08
   3269   1.16284921e-08
   3270   1.16213815e-08
   3271   1.19324323e-08
   3272   1.19251403e-08
   3273   1.19178550e-08
   3274   1.19105764e-08
   3275   1.19033044e-08
   3276   1.16064124e-08
   3277   1.15993305e-08
   3278   1.15922550e-08
   3279   1.15851860e-08
   3280   1.15781235e-08
   3281   1.15638161e-08
   3282   1.15567709e-08
   3283   1.15497321e-08
   3284   1.15426998e-08
   3285   1.15356739e-08
   3286   1.15067659e-08
   3287   1.14997661e-08
   3288   1.14927727e-08
   3289   1.14857857e-08
   3290   1.14788051e-08
   3291   1.10560448e-08
   3292   1.10493294e-08
   3293   1.10426202e-08
   3294   1.10359170e-08
   3295   1.10292200e-08
   3296   1.13502944e-08
   3297   1.13434107e-08
   3298   1.13365333e-08
   3299   1.13296622e-08
   3300   1.13227973e-08
