     50   1.94136843e-12
     51   1.41840145e-12
     52   1.36462689e-12
     53   1.31385344e-12
     54   1.26586185e-12
     55   1.22045255e-12
     56   6.40448139e-13
     57   6.18269386e-13
     58   5.97223080e-13
     59   5.77233417e-13
     60   5.58230830e-13
     61   3.31865755e-13
     62   3.21288872e-13
     63   3.11209694e-13
     64   3.01597476e-13
     65   2.92423812e-13
     66   9.30579703e-13
     67   9.03109855e-13
     68   8.76838626e-13
     69   8.51697283e-13
     70   8.27621949e-13
     71   5.87407328e-13
     72   5.71259253e-13
     73   5.55768018e-13
     74   5.40898477e-13
     75   5.26617802e-13
     76   8.41658913e-13
     77   8.20009203e-13
     78   7.99184210e-13
     79   7.79142571e-13
     80   7.59845484e-13
     81   1.19803707e-12
     82   1.16908230e-12
     83   1.14116467e-12
     84   1.11423524e-12
     85   1.08824792e-12
     86   8.94339260e-13
     87   8.73955962e-13
     88   8.54261654e-13
     89   8.35225630e-13
     90   8.16818878e-13
     91   9.04360451e-13
     92   8.84859847e-13
     93   8.65983244e-13
     94   8.47704300e-13
     95   8.29998049e-13
     96   7.14781064e-13
     97   7.00156677e-13
     98   6.85976564e-13
     99   6.72222910e-13
    100   6.58878784e-13
    101   2.89612749e-13
    102   2.83975619e-13
    103   2.78501487e-13
    104   2.73184128e-13
    105   2.68017612e-13
    106   1.64382516e-13
    107   1.61331382e-13
    108   1.58364416e-13
    109   1.55478549e-13
    110   1.52670854e-13
    111   3.87650288e-13
    112   3.80774110e-13
    113   3.74079278e-13
    114   3.67559472e-13
    115   3.61208642e-13
    116   5.38660315e-13
    117   5.29511220e-13
    118   5.20593256e-13
    119   5.11898702e-13
    120   5.03420159e-13
    121   9.34192216e-13
    122   9.18971353e-13
    123   9.04119474e-13
    124   8.89624749e-13
    125   8.75475816e-13
    126   1.21508795e-12
    127   1.19606527e-12
    128   1.17748583e-12
    129   1.15933596e-12
    130   1.14160253e-12
    131   1.11225472e-12
    132   1.09549777e-12
    133   1.07911667e-12
    134   1.06310026e-12
    135   1.04743780e-12
    136   7.82075765e-13
    137   7.70720876e-13
    138   7.59611495e-13
    139   7.48740595e-13
    140   7.38101398e-13
    141   4.34624929e-13
    142   4.28535669e-13
    143   4.22573488e-13
    144   4.16734874e-13
    145   4.11016436e-13
    146   3.85894193e-13
    147   3.80670628e-13
    148   3.75552411e-13
    149   3.70536728e-13
    150   3.65620859e-13
    151   6.21104412e-13
    152   6.12972178e-13
    153   6.04998620e-13
    154   5.97179636e-13
    155   5.89511258e-13
    156   6.69648630e-13
    157   6.61158696e-13
    158   6.52829200e-13
    159   6.44656124e-13
    160   6.36635578e-13
    161   1.62142209e-12
    162   1.60149693e-12
    163   1.58193680e-12
    164   1.56273284e-12
    165   1.54387646e-12
    166   1.37198845e-12
    167   1.35563102e-12
    168   1.33956439e-12
    169   1.32378170e-12
    170   1.30827631e-12
    171   1.62288570e-12
    172   1.60409698e-12
    173   1.58563267e-12
    174   1.56748534e-12
    175   1.54964778e-12
    176   2.21889663e-12
    177   2.19393029e-12
    178   2.16938296e-12
    179   2.14524532e-12
    180   2.12150830e-12
    181   1.28696858e-12
    182   1.27288419e-12
    183   1.25902975e-12
    184   1.24540027e-12
    185   1.23199092e-12
    186   1.45371835e-12
    187   1.43823275e-12
    188   1.42299328e-12
    189   1.40799474e-12
    190   1.39323210e-12
    191   1.22615915e-12
    192   1.21343642e-12
    193   1.20091069e-12
    194   1.18857791e-12
    195   1.17643413e-12
    196   1.32401385e-12
    197   1.31062313e-12
    198   1.29743454e-12
    199   1.28444401e-12
    200   1.27164762e-12
    201   1.26391243e-12
    202   1.25144480e-12
    203   1.23916073e-12
    204   1.22705665e-12
    205   1.21512906e-12
    206   5.58763363e-13
    207   5.53384196e-13
    208   5.48082335e-13
    209   5.42856304e-13
    210   5.37704664e-13
    211   6.13552758e-14
    212   6.07784953e-14
    213   6.02098100e-14
    214   5.96490690e-14
    215   5.90961250e-14
    216   0.00000000e+00
    217   0.00000000e+00
    218   0.00000000e+00
    219   0.00000000e+00
    220   0.00000000e+00
    221   0.00000000e+00
    222   0.00000000e+00
    223   0.00000000e+00
    224   0.00000000e+00
    225   0.00000000e+00
    226   2.99515136e-14
    227   2.96884936e-14
    228   2.94289230e-14
    229   2.91727418e-14
    230   2.89198912e-14
    231   0.00000000e+00
    232   0.00000000e+00
    233   0.00000000e+00
    234   0.00000000e+00
    235   0.00000000e+00
    236   0.00000000e+00
    237   0.00000000e+00
    238   0.00000000e+00
    239   0.00000000e+00
    240   0.00000000e+00
    241   0.00000000e+00
    242   0.00000000e+00
    243   0.00000000e+00
    244   0.00000000e+00
    245   0.00000000e+00
    246   1.25553756e-12
    247   1.24540207e-12
    248   1.23538881e-12
    249   1.22549584e-12
    250   1.21572123e-12
    251   1.45019146e-11
    252   1.43871619e-11
    253   1.42737659e-11
    254   1.41617052e-11
    255   1.40509591e-11
    256   2.26574090e-11
    257   2.24816003e-11
    258   2.23078300e-11
    259   2.21360666e-11
    260   2.19662794e-11
    261   4.57134867e-11
    262   4.53655258e-11
    263   4.50215227e-11
    264   4.46814177e-11
    265   4.43451521e-11
    266   4.04513455e-11
    267   4.01491887e-11
    268   3.98504049e-11
    269   3.95549439e-11
    270   3.92627567e-11
    271   8.47237399e-11
    272   8.41024858e-11
    273   8.34880400e-11
    274   8.28803032e-11
    275   8.22791783e-11
    276   1.79517557e-10
    277   1.78224905e-10
    278   1.76946164e-10
    279   1.75681137e-10
    280   1.74429627e-10
    281   8.04941956e-10
    282   7.99248304e-10
    283   7.93614849e-10
    284   7.88040745e-10
    285   7.82525162e-10
    286   1.48853631e-09
    287   1.47819030e-09
    288   1.46795177e-09
    289   1.45781926e-09
    290   1.44779129e-09
    291   2.51043576e-09
    292   2.49328508e-09
    293   2.47630956e-09
    294   2.45950682e-09
    295   2.44287452e-09
    296   3.74524906e-09
    297   3.72009211e-09
    298   3.69518778e-09
    299   3.67053270e-09
    300   3.64612356e-09
    301   4.58133197e-09
    302   4.55106725e-09
    303   4.52110143e-09
    304   4.49143060e-09
    305   4.46205090e-09
    306   7.30752511e-09
    307   7.26003520e-09
    308   7.21300672e-09
    309   7.16643373e-09
    310   7.12031035e-09
    311   7.44151286e-09
    312   7.39392534e-09
    313   7.34679283e-09
    314   7.30010957e-09
    315   7.25386985e-09
    316   1.01487973e-08
    317   1.00849183e-08
    318   1.00216405e-08
    319   9.95895637e-09
    320   9.89685854e-09
    321   1.27532004e-08
    322   1.26741722e-08
    323   1.25958763e-08
    324   1.25183037e-08
    325   1.24414455e-08
    326   1.26562009e-08
    327   1.25789702e-08
    328   1.25024443e-08
    329   1.24266146e-08
    330   1.23514727e-08
    331   1.74358287e-08
    332   1.73310305e-08
    333   1.72271744e-08
    334   1.71242489e-08
    335   1.70222431e-08
    336   1.68224725e-08
    337   1.67228577e-08
    338   1.66241251e-08
    339   1.65262643e-08
    340   1.64292651e-08
    341   2.33270525e-08
    342   2.31909358e-08
    343   2.30560069e-08
    344   2.29222522e-08
    345   2.27896580e-08
    346   2.53141999e-08
    347   2.51686116e-08
    348   2.50242757e-08
    349   2.48811778e-08
    350   2.47393039e-08
    351   2.60327471e-08
    352   2.58851485e-08
    353   2.57388016e-08
    354   2.55936923e-08
    355   2.54498066e-08
    356   3.41524085e-08
    357   3.39614799e-08
    358   3.37721479e-08
    359   3.35843947e-08
    360   3.33982029e-08
    361   3.34811842e-08
    362   3.32965880e-08
    363   3.31135142e-08
    364   3.29319462e-08
    365   3.27518675e-08
    366   4.12015351e-08
    367   4.09774618e-08
    368   4.07552114e-08
    369   4.05347643e-08
    370   4.03161011e-08
    371   4.22665172e-08
    372   4.20397354e-08
    373   4.18147739e-08
    374   4.15916133e-08
    375   4.13702344e-08
    376   4.87455975e-08
    377   4.84875139e-08
    378   4.82314746e-08
    379   4.79774579e-08
    380   4.77254427e-08
    381   5.63913779e-08
    382   5.60967140e-08
    383   5.58043536e-08
    384   5.55142729e-08
    385   5.52264481e-08
    386   5.45326869e-08
    387   5.42514097e-08
    388   5.39723031e-08
    389   5.36953449e-08
    390   5.34205130e-08
    391   6.65498817e-08
    392   6.62109903e-08
    393   6.58746809e-08
    394   6.55409274e-08
    395   6.52097039e-08
    396   6.54136785e-08
    397   6.50847604e-08
    398   6.47583168e-08
    399   6.44343231e-08
    400   6.41127548e-08
    401   7.68341777e-08
    402   7.64526304e-08
    403   7.60739181e-08
    404   7.56980129e-08
    405   7.53248869e-08
    406   8.14375248e-08
    407   8.10380770e-08
    408   8.06415608e-08
    409   8.02479478e-08
    410   7.98572096e-08
    411   8.42634903e-08
    412   8.38551879e-08
    413   8.34498461e-08
    414   8.30474361e-08
    415   8.26479300e-08
    416   9.26889655e-08
    417   9.22452127e-08
    418   9.18046390e-08
    419   9.13672141e-08
    420   9.09329082e-08
    421   1.00166484e-07
    422   9.96926037e-08
    423   9.92220786e-08
    424   9.87548768e-08
    425   9.82909672e-08
    426   1.12003032e-07
    427   1.11479348e-07
    428   1.10959328e-07
    429   1.10442939e-07
    430   1.09930146e-07
    431   1.22727832e-07
    432   1.22160633e-07
    433   1.21597357e-07
    434   1.21037968e-07
    435   1.20482430e-07
    436   1.35526502e-07
    437   1.34907307e-07
    438   1.34292345e-07
    439   1.33681579e-07
    440   1.33074970e-07
    441   1.38936345e-07
    442   1.38308740e-07
    443   1.37685377e-07
    444   1.37066219e-07
    445   1.36451228e-07
    446   1.55315440e-07
    447   1.54621681e-07
    448   1.53932560e-07
    449   1.53248035e-07
    450   1.52568067e-07
    451   1.67747926e-07
    452   1.67006908e-07
    453   1.66270790e-07
    454   1.65539529e-07
    455   1.64813080e-07
    456   1.87424162e-07
    457   1.86605270e-07
    458   1.85791733e-07
    459   1.84983504e-07
    460   1.84180538e-07
    461   1.99709020e-07
    462   1.98845880e-07
    463   1.97988325e-07
    464   1.97136305e-07
    465   1.96289773e-07
    466   1.95004473e-07
    467   1.94170676e-07
    468   1.93342215e-07
    469   1.92519045e-07
    470   1.91701121e-07
    471   2.39601579e-07
    472   2.38587930e-07
    473   2.37580699e-07
    474   2.36579833e-07
    475   2.35585279e-07
    476   2.41413319e-07
    477   2.40402694e-07
    478   2.39398401e-07
    479   2.38400389e-07
    480   2.37408605e-07
    481   2.79508180e-07
    482   2.78350198e-07
    483   2.77199397e-07
    484   2.76055718e-07
    485   2.74919103e-07
    486   2.77850436e-07
    487   2.76711122e-07
    488   2.75578801e-07
    489   2.74453417e-07
    490   2.73334911e-07
    491   2.79526192e-07
    492   2.78391637e-07
    493   2.77263976e-07
    494   2.76143152e-07
    495   2.75029111e-07
    496   3.30285527e-07
    497   3.28958414e-07
    498   3.27639283e-07
    499   3.26328071e-07
    500   3.25024715e-07
    501   3.17468273e-07
    502   3.16205347e-07
    503   3.14949942e-07
    504   3.13701998e-07
    505   3.12461457e-07
    506   3.72295994e-07
    507   3.70829541e-07
    508   3.69371736e-07
    509   3.67922510e-07
    510   3.66481796e-07
    511   3.80290058e-07
    512   3.78806724e-07
    513   3.77332052e-07
    514   3.75865974e-07
    515   3.74408424e-07
    516   4.00105383e-07
    517   3.98559830e-07
    518   3.97023214e-07
    519   3.95495469e-07
    520   3.93976524e-07
    521   4.54690573e-07
    522   4.52950965e-07
    523   4.51221320e-07
    524   4.49501564e-07
    525   4.47791621e-07
    526   4.12948254e-07
    527   4.11383316e-07
    528   4.09827257e-07
    529   4.08280010e-07
    530   4.06741509e-07
    531   5.09243364e-07
    532   5.07331611e-07
    533   5.05430604e-07
    534   5.03540262e-07
    535   5.01660505e-07
    536   4.98645880e-07
    537   4.96791317e-07
    538   4.94947081e-07
    539   4.93113096e-07
    540   4.91289285e-07
    541   5.66405593e-07
    542   5.64318425e-07
    543   5.62242772e-07
    544   5.60178550e-07
    545   5.58125675e-07
    546   5.83505620e-07
    547   5.81375067e-07
    548   5.79256162e-07
    549   5.77148819e-07
    550   5.75052955e-07
    551   5.70259907e-07
    552   5.68196553e-07
    553   5.66144377e-07
    554   5.64103299e-07
    555   5.62073239e-07
    556   6.82761194e-07
    557   6.80312926e-07
    558   6.77877803e-07
    559   6.75455731e-07
    560   6.73046617e-07
    561   6.50266168e-07
    562   6.47955139e-07
    563   6.45656408e-07
    564   6.43369888e-07
    565   6.41095493e-07
    566   7.49213975e-07
    567   7.46574738e-07
    568   7.43949421e-07
    569   7.41337929e-07
    570   7.38740163e-07
    571   7.36223536e-07
    572   7.33652701e-07
    573   7.31095307e-07
    574   7.28551262e-07
    575   7.26020473e-07
    576   8.20886200e-07
    577   8.18044536e-07
    578   8.15217601e-07
    579   8.12405296e-07
    580   8.09607517e-07
    581   8.58552551e-07
    582   8.55605997e-07
    583   8.52674586e-07
    584   8.49758215e-07
    585   8.46856780e-07
    586   8.66011402e-07
    587   8.63064534e-07
    588   8.60132682e-07
    589   8.57215743e-07
    590   8.54313618e-07
    591   9.77442985e-07
    592   9.74144992e-07
    593   9.70863664e-07
    594   9.67598886e-07
    595   9.64350549e-07
    596   9.78436296e-07
    597   9.75162567e-07
    598   9.71905241e-07
    599   9.68664208e-07
    600   9.65439360e-07
    601   1.06479305e-06
    602   1.06125994e-06
    603   1.05774438e-06
    604   1.05424626e-06
    605   1.05076546e-06
    606   1.06120347e-06
    607   1.05771123e-06
    608   1.05423621e-06
    609   1.05077828e-06
    610   1.04733734e-06
    611   1.05733504e-06
    612   1.05388393e-06
    613   1.05044968e-06
    614   1.04703220e-06
    615   1.04363137e-06
    616   1.23594305e-06
    617   1.23194162e-06
    618   1.22795959e-06
    619   1.22399683e-06
    620   1.22005323e-06
    621   1.18888074e-06
    622   1.18506257e-06
    623   1.18126278e-06
    624   1.17748122e-06
    625   1.17371780e-06
    626   1.32248295e-06
    627   1.31826955e-06
    628   1.31407625e-06
    629   1.30990292e-06
    630   1.30574945e-06
    631   1.29139670e-06
    632   1.28731485e-06
    633   1.28325232e-06
    634   1.27920899e-06
    635   1.27518474e-06
    636   1.36687010e-06
    637   1.36258356e-06
    638   1.35831716e-06
    639   1.35407076e-06
    640   1.34984424e-06
    641   1.50654406e-06
    642   1.50185625e-06
    643   1.49719029e-06
    644   1.49254605e-06
    645   1.48792337e-06
    646   1.43372611e-06
    647   1.42929932e-06
    648   1.42489300e-06
    649   1.42050703e-06
    650   1.41614128e-06
    651   1.62709491e-06
    652   1.62210955e-06
    653   1.61714708e-06
    654   1.61220734e-06
    655   1.60729020e-06
    656   1.60997985e-06
    657   1.60508444e-06
    658   1.60021132e-06
    659   1.59536036e-06
    660   1.59053142e-06
    661   1.70751832e-06
    662   1.70236550e-06
    663   1.69723596e-06
    664   1.69212958e-06
    665   1.68704620e-06
    666   1.79135351e-06
    667   1.78598817e-06
    668   1.78064690e-06
    669   1.77532956e-06
    670   1.77003599e-06
    671   1.74369343e-06
    672   1.73850966e-06
    673   1.73334896e-06
    674   1.72821121e-06
    675   1.72309627e-06
    676   2.01542937e-06
    677   2.00948196e-06
    678   2.00356083e-06
    679   1.99766584e-06
    680   1.99179683e-06
    681   1.91959989e-06
    682   1.91397675e-06
    683   1.90837828e-06
    684   1.90280434e-06
    685   1.89725478e-06
    686   2.15011382e-06
    687   2.14386122e-06
    688   2.13763585e-06
    689   2.13143756e-06
    690   2.12526619e-06
    691   2.13372022e-06
    692   2.12756008e-06
    693   2.12142657e-06
    694   2.11531956e-06
    695   2.10923887e-06
    696   2.16060952e-06
    697   2.15441645e-06
    698   2.14824996e-06
    699   2.14210992e-06
    700   2.13599616e-06
    701   2.35454321e-06
    702   2.34784228e-06
    703   2.34116990e-06
    704   2.33452593e-06
    705   2.32791020e-06
    706   2.19396052e-06
    707   2.18776070e-06
    708   2.18158713e-06
    709   2.17543965e-06
    710   2.16931812e-06
    711   2.45419425e-06
    712   2.44730771e-06
    713   2.44045010e-06
    714   2.43362128e-06
    715   2.42682109e-06
    716   2.42349551e-06
    717   2.41674248e-06
    718   2.41001763e-06
    719   2.40332082e-06
    720   2.39665187e-06
    721   2.60387635e-06
    722   2.59667088e-06
    723   2.58949528e-06
    724   2.58234938e-06
    725   2.57523303e-06
    726   2.65041038e-06
    727   2.64312653e-06
    728   2.63587267e-06
    729   2.62864863e-06
    730   2.62145424e-06
    731   2.60538599e-06
    732   2.59827474e-06
    733   2.59119256e-06
    734   2.58413930e-06
    735   2.57711480e-06
    736   2.82953530e-06
    737   2.82186458e-06
    738   2.81422502e-06
    739   2.80661644e-06
    740   2.79903867e-06
    741   2.84974418e-06
    742   2.84207068e-06
    743   2.83442814e-06
    744   2.82681639e-06
    745   2.81923526e-06
    746   3.03945021e-06
    747   3.03132062e-06
    748   3.02322361e-06
    749   3.01515899e-06
    750   3.00712660e-06
    751   3.12856203e-06
    752   3.12024968e-06
    753   3.11197041e-06
    754   3.10372405e-06
    755   3.09551043e-06
    756   2.99281941e-06
    757   2.98492019e-06
    758   2.97705220e-06
    759   2.96921527e-06
    760   2.96140925e-06
    761   3.50273364e-06
    762   3.49354916e-06
    763   3.48440075e-06
    764   3.47528823e-06
    765   3.46621141e-06
    766   3.32686623e-06
    767   3.31819970e-06
    768   3.30956699e-06
    769   3.30096792e-06
    770   3.29240232e-06
    771   3.48703019e-06
    772   3.47800520e-06
    773   3.46901521e-06
    774   3.46006002e-06
    775   3.45113947e-06
    776   3.55545292e-06
    777   3.54631000e-06
    778   3.53720230e-06
    779   3.52812965e-06
    780   3.51909186e-06
    781   3.71816614e-06
    782   3.70866588e-06
    783   3.69920198e-06
    784   3.68977426e-06
    785   3.68038254e-06
    786   3.81428740e-06
    787   3.80460339e-06
    788   3.79495622e-06
    789   3.78534570e-06
    790   3.77577164e-06
    791   3.80846722e-06
    792   3.79885898e-06
    793   3.78928706e-06
    794   3.77975126e-06
    795   3.77025142e-06
    796   4.00062929e-06
    797   3.99059951e-06
    798   3.98060740e-06
    799   3.97065278e-06
    800   3.96073544e-06
    801   3.94252252e-06
    802   3.93269998e-06
    803   3.92291411e-06
    804   3.91316471e-06
    805   3.90345162e-06
    806   4.11011023e-06
    807   4.09993355e-06
    808   4.08979461e-06
    809   4.07969324e-06
    810   4.06962924e-06
    811   4.12029673e-06
    812   4.11015759e-06
    813   4.10005582e-06
    814   4.08999125e-06
    815   4.07996369e-06
    816   4.16336620e-06
    817   4.15318371e-06
    818   4.14303853e-06
    819   4.13293048e-06
    820   4.12285937e-06
    821   4.36561010e-06
    822   4.35499787e-06
    823   4.34442428e-06
    824   4.33388915e-06
    825   4.32339230e-06
    826   4.45936875e-06
    827   4.44859408e-06
    828   4.43785841e-06
    829   4.42716156e-06
    830   4.41650333e-06
    831   4.66015305e-06
    832   4.64896085e-06
    833   4.63780892e-06
    834   4.62669707e-06
    835   4.61562511e-06
    836   4.55648042e-06
    837   4.54560252e-06
    838   4.53476353e-06
    839   4.52396326e-06
    840   4.51320153e-06
    841   4.57732464e-06
    842   4.56646182e-06
    843   4.55563761e-06
    844   4.54485185e-06
    845   4.53410435e-06
    846   4.90232563e-06
    847   4.89076013e-06
    848   4.87923552e-06
    849   4.86775159e-06
    850   4.85630816e-06
    851   4.66009523e-06
    852   4.64916567e-06
    853   4.63827450e-06
    854   4.62742157e-06
    855   4.61660668e-06
    856   4.92816028e-06
    857   4.91666938e-06
    858   4.90521862e-06
    859   4.89380782e-06
    860   4.88243679e-06
    861   4.75713001e-06
    862   4.74610218e-06
    863   4.73511266e-06
    864   4.72416126e-06
    865   4.71324780e-06
    866   5.19180344e-06
    867   5.17983732e-06
    868   5.16791252e-06
    869   5.15602885e-06
    870   5.14418612e-06
    871   5.27847327e-06
    872   5.26637708e-06
    873   5.25432243e-06
    874   5.24230912e-06
    875   5.23033697e-06
    876   5.22254370e-06
    877   5.21064386e-06
    878   5.19878464e-06
    879   5.18696587e-06
    880   5.17518735e-06
    881   5.52417025e-06
    882   5.51165443e-06
    883   5.49918110e-06
    884   5.48675006e-06
    885   5.47436113e-06
    886   5.46267732e-06
    887   5.45037053e-06
    888   5.43810528e-06
    889   5.42588139e-06
    890   5.41369867e-06
    891   5.70370083e-06
    892   5.69092301e-06
    893   5.67818808e-06
    894   5.66549585e-06
    895   5.65284613e-06
    896   5.67772840e-06
    897   5.66507961e-06
    898   5.65247303e-06
    899   5.63990850e-06
    900   5.62738580e-06
    901   5.61270474e-06
    902   5.60027006e-06
    903   5.58787666e-06
    904   5.57552435e-06
    905   5.56321296e-06
    906   6.00239170e-06
    907   5.98916694e-06
    908   5.97598583e-06
    909   5.96284819e-06
    910   5.94975382e-06
    911   5.77197842e-06
    912   5.75933097e-06
    913   5.74672506e-06
    914   5.73416048e-06
    915   5.72163706e-06
    916   6.29581672e-06
    917   6.28209661e-06
    918   6.26842130e-06
    919   6.25479059e-06
    920   6.24120430e-06
    921   6.03389747e-06
    922   6.02081940e-06
    923   6.00778380e-06
    924   5.99479049e-06
    925   5.98183928e-06
    926   6.24874601e-06
    927   6.23527526e-06
    928   6.22184802e-06
    929   6.20846411e-06
    930   6.19512333e-06
    931   6.70698978e-06
    932   6.69260868e-06
    933   6.67827377e-06
    934   6.66398488e-06
    935   6.64974179e-06
    936   6.23025693e-06
    937   6.21696926e-06
    938   6.20372406e-06
    939   6.19052114e-06
    940   6.17736032e-06
    941   6.75575079e-06
    942   6.74141878e-06
    943   6.72713234e-06
    944   6.71289125e-06
    945   6.69869535e-06
    946   6.61930227e-06
    947   6.60533382e-06
    948   6.59140953e-06
    949   6.57752923e-06
    950   6.56369273e-06
    951   6.86080987e-06
    952   6.84640775e-06
    953   6.83205094e-06
    954   6.81773923e-06
    955   6.80347245e-06
    956   6.88361078e-06
    957   6.86923623e-06
    958   6.85490667e-06
    959   6.84062190e-06
    960   6.82638173e-06
    961   6.73945737e-06
    962   6.72545694e-06
    963   6.71150009e-06
    964   6.69758665e-06
    965   6.68371642e-06
    966   7.45878141e-06
    967   7.44336673e-06
    968   7.42799978e-06
    969   7.41268037e-06
    970   7.39740831e-06
    971   7.02429245e-06
    972   7.00985032e-06
    973   6.99545269e-06
    974   6.98109936e-06
    975   6.96679017e-06
    976   7.73897959e-06
    977   7.72314942e-06
    978   7.70736776e-06
    979   7.69163443e-06
    980   7.67594922e-06
    981   7.66250900e-06
    982   7.64691499e-06
    983   7.63136853e-06
    984   7.61586944e-06
    985   7.60041751e-06
    986   7.50590466e-06
    987   7.49070668e-06
    988   7.47555481e-06
    989   7.46044887e-06
    990   7.44538867e-06
    991   7.84984834e-06
    992   7.83403399e-06
    993   7.81826739e-06
    994   7.80254833e-06
    995   7.78687663e-06
    996   7.60030232e-06
    997   7.58506744e-06
    998   7.56987832e-06
    999   7.55473478e-06
   1000   7.53963664e-06
   1001   7.85498499e-06
   1002   7.83931811e-06
   1003   7.82369805e-06
   1004   7.80812463e-06
   1005   7.79259766e-06
   1006   7.82233040e-06
   1007   7.80680605e-06
   1008   7.79132788e-06
   1009   7.77589569e-06
   1010   7.76050930e-06
   1011   8.04545906e-06
   1012   8.02957072e-06
   1013   8.01372940e-06
   1014   7.99793491e-06
   1015   7.98218708e-06
   1016   8.91164109e-06
   1017   8.89412866e-06
   1018   8.87666779e-06
   1019   8.85925830e-06
   1020   8.84189997e-06
   1021   8.56432109e-06
   1022   8.54757346e-06
   1023   8.53087490e-06
   1024   8.51422523e-06
   1025   8.49762426e-06
   1026   8.97695087e-06
   1027   8.95948174e-06
   1028   8.94206355e-06
   1029   8.92469611e-06
   1030   8.90737921e-06
   1031   9.13304773e-06
   1032   9.11536088e-06
   1033   9.09772536e-06
   1034   9.08014097e-06
   1035   9.06260752e-06
   1036   9.33988804e-06
   1037   9.32188778e-06
   1038   9.30393950e-06
   1039   9.28604301e-06
   1040   9.26819811e-06
   1041   9.73042248e-06
   1042   9.71175948e-06
   1043   9.69315012e-06
   1044   9.67459421e-06
   1045   9.65609152e-06
   1046   9.30839071e-06
   1047   9.29062237e-06
   1048   9.27290485e-06
   1049   9.25523797e-06
   1050   9.23762154e-06
   1051   9.14986863e-06
   1052   9.13248584e-06
   1053   9.11515253e-06
   1054   9.09786853e-06
   1055   9.08063364e-06
   1056   8.74276076e-06
   1057   8.72622990e-06
   1058   8.70974588e-06
   1059   8.69330852e-06
   1060   8.67691765e-06
   1061   8.90165169e-06
   1062   8.88489958e-06
   1063   8.86819472e-06
   1064   8.85153693e-06
   1065   8.83492602e-06
   1066   9.56205843e-06
   1067   9.54414776e-06
   1068   9.52628737e-06
   1069   9.50847707e-06
   1070   9.49071666e-06
   1071   1.05149877e-05
   1072   1.04953839e-05
   1073   1.04758348e-05
   1074   1.04563404e-05
   1075   1.04369003e-05
   1076   1.13113428e-05
   1077   1.12903521e-05
   1078   1.12694198e-05
   1079   1.12485457e-05
   1080   1.12277295e-05
   1081   1.32715957e-05
   1082   1.32470811e-05
   1083   1.32226344e-05
   1084   1.31982552e-05
   1085   1.31739435e-05
   1086   1.41601999e-05
   1087   1.41341641e-05
   1088   1.41082001e-05
   1089   1.40823075e-05
   1090   1.40564862e-05
   1091   1.47978784e-05
   1092   1.47707947e-05
   1093   1.47437852e-05
   1094   1.47168498e-05
   1095   1.46899881e-05
   1096   1.58439357e-05
   1097   1.58150695e-05
   1098   1.57862821e-05
   1099   1.57575732e-05
   1100   1.57289426e-05
   1101   1.70542959e-05
   1102   1.70233654e-05
   1103   1.69925190e-05
   1104   1.69617563e-05
   1105   1.69310772e-05
   1106   1.74908691e-05
   1107   1.74592900e-05
   1108   1.74277964e-05
   1109   1.73963879e-05
   1110   1.73650642e-05
   1111   1.91020069e-05
   1112   1.90676739e-05
   1113   1.90334334e-05
   1114   1.89992851e-05
   1115   1.89652286e-05
   1116   2.00045858e-05
   1117   1.99687915e-05
   1118   1.99330931e-05
   1119   1.98974903e-05
   1120   1.98619829e-05
   1121   2.15224963e-05
   1122   2.14841574e-05
   1123   2.14459209e-05
   1124   2.14077863e-05
   1125   2.13697534e-05
   1126   1.97150200e-05
   1127   1.96800565e-05
   1128   1.96451860e-05
   1129   1.96104081e-05
   1130   1.95757224e-05
   1131   1.85707248e-05
   1132   1.85379360e-05
   1133   1.85052340e-05
   1134   1.84726185e-05
   1135   1.84400891e-05
   1136   1.58274908e-05
   1137   1.57996684e-05
   1138   1.57719193e-05
   1139   1.57442432e-05
   1140   1.57166399e-05
   1141   1.20811271e-05
   1142   1.20599831e-05
   1143   1.20388946e-05
   1144   1.20178614e-05
   1145   1.19968832e-05
   1146   6.72216889e-06
   1147   6.71045525e-06
   1148   6.69877219e-06
   1149   6.68711962e-06
   1150   6.67549743e-06
   1151  -3.84524043e-07
   1152  -3.83856901e-07
   1153  -3.83191493e-07
   1154  -3.82527815e-07
   1155  -3.81865859e-07
   1156  -7.09297713e-06
   1157  -7.08072409e-06
   1158  -7.06850278e-06
   1159  -7.05631308e-06
   1160  -7.04415488e-06
   1161  -1.17663228e-05
   1162  -1.17460840e-05
   1163  -1.17258974e-05
   1164  -1.17057628e-05
   1165  -1.16856800e-05
   1166  -1.36841474e-05
   1167  -1.36607106e-05
   1168  -1.36373340e-05
   1169  -1.36140173e-05
   1170  -1.35907604e-05
   1171  -1.09588779e-05
   1172  -1.09401888e-05
   1173  -1.09215473e-05
   1174  -1.09029535e-05
   1175  -1.08844071e-05
   1176   5.12161172e-07
   1177   5.11291444e-07
   1178   5.10423929e-07
   1179   5.09558621e-07
   1180   5.08695511e-07
   1181   2.19813075e-05
   1182   2.19441376e-05
   1183   2.19070620e-05
   1184   2.18700803e-05
   1185   2.18331921e-05
   1186   5.48865096e-05
   1187   5.47940886e-05
   1188   5.47019009e-05
   1189   5.46099456e-05
   1190   5.45182220e-05
   1191   9.64499852e-05
   1192   9.62882582e-05
   1193   9.61269375e-05
   1194   9.59660220e-05
   1195   9.58055102e-05
   1196   1.55861354e-04
   1197   1.55601097e-04
   1198   1.55341491e-04
   1199   1.55082535e-04
   1200   1.54824226e-04
   1201   2.13565387e-04
   1202   2.13210258e-04
   1203   2.12856015e-04
   1204   2.12502654e-04
   1205   2.12150171e-04
   1206   2.80001252e-04
   1207   2.79537578e-04
   1208   2.79075054e-04
   1209   2.78613678e-04
   1210   2.78153445e-04
   1211   3.15670005e-04
   1212   3.15149420e-04
   1213   3.14630121e-04
   1214   3.14112105e-04
   1215   3.13595367e-04
   1216   3.41734583e-04
   1217   3.41173327e-04
   1218   3.40613453e-04
   1219   3.40054956e-04
   1220   3.39497832e-04
   1221   3.52716981e-04
   1222   3.52140057e-04
   1223   3.51564547e-04
   1224   3.50990447e-04
   1225   3.50417752e-04
   1226   2.85092097e-04
   1227   2.84627683e-04
   1228   2.84164403e-04
   1229   2.83702253e-04
   1230   2.83241230e-04
   1231   1.69897435e-04
   1232   1.69621795e-04
   1233   1.69346826e-04
   1234   1.69072525e-04
   1235   1.68798889e-04
   1236  -8.06192486e-05
   1237  -8.04889812e-05
   1238  -8.03590293e-05
   1239  -8.02293918e-05
   1240  -8.01000678e-05
   1241  -4.64644414e-04
   1242  -4.63896646e-04
   1243  -4.63150682e-04
   1244  -4.62406516e-04
   1245  -4.61664141e-04
   1246  -1.01970362e-03
   1247  -1.01806916e-03
   1248  -1.01643862e-03
   1249  -1.01481199e-03
   1250  -1.01318926e-03
   1251  -1.54794179e-03
   1252  -1.54547052e-03
   1253  -1.54300516e-03
   1254  -1.54054570e-03
   1255  -1.53809211e-03
   1256  -2.13651234e-03
   1257  -2.13311498e-03
   1258  -2.12972572e-03
   1259  -2.12634453e-03
   1260  -2.12297139e-03
   1261  -2.25678687e-03
   1262  -2.25321247e-03
   1263  -2.24964656e-03
   1264  -2.24608910e-03
   1265  -2.24254008e-03
   1266  -2.41003882e-03
   1267  -2.40623674e-03
   1268  -2.40244366e-03
   1269  -2.39865954e-03
   1270  -2.39488435e-03
   1271  -2.26821911e-03
   1272  -2.26465483e-03
   1273  -2.26109894e-03
   1274  -2.25755143e-03
   1275  -2.25401225e-03
   1276  -1.65944943e-03
   1277  -1.65685198e-03
   1278  -1.65426062e-03
   1279  -1.65167533e-03
   1280  -1.64909610e-03
   1281  -6.16081020e-04
   1282  -6.15120457e-04
   1283  -6.14162139e-04
   1284  -6.13206059e-04
   1285  -6.12252209e-04
   1286   1.32255643e-03
   1287   1.32050237e-03
   1288   1.31845310e-03
   1289   1.31640859e-03
   1290   1.31436883e-03
   1291   4.63614820e-03
   1292   4.62897566e-03
   1293   4.62181976e-03
   1294   4.61468044e-03
   1295   4.60755764e-03
   1296   8.89485355e-03
   1297   8.88114543e-03
   1298   8.86746898e-03
   1299   8.85382410e-03
   1300   8.84021069e-03
   1301   1.39775587e-02
   1302   1.39561001e-02
   1303   1.39346910e-02
   1304   1.39133310e-02
   1305   1.38920202e-02
   1306   1.82424410e-02
   1307   1.82145420e-02
   1308   1.81867070e-02
   1309   1.81589357e-02
   1310   1.81312280e-02
   1311   2.12843033e-02
   1312   2.12518763e-02
   1313   2.12195233e-02
   1314   2.11872441e-02
   1315   2.11550386e-02
   1316   2.34939658e-02
   1317   2.34583081e-02
   1318   2.34227316e-02
   1319   2.33872359e-02
   1320   2.33518208e-02
   1321   2.36430625e-02
   1322   2.36073141e-02
   1323   2.35716468e-02
   1324   2.35360603e-02
   1325   2.35005542e-02
   1326   2.38079272e-02
   1327   2.37720651e-02
   1328   2.37362840e-02
   1329   2.37005837e-02
   1330   2.36649638e-02
   1331   2.28127726e-02
   1332   2.27785384e-02
   1333   2.27443813e-02
   1334   2.27103010e-02
   1335   2.26762971e-02
   1336   2.12027602e-02
   1337   2.11710611e-02
   1338   2.11394330e-02
   1339   2.11078757e-02
   1340   2.10763890e-02
   1341   1.84087847e-02
   1342   1.83813651e-02
   1343   1.83540068e-02
   1344   1.83267096e-02
   1345   1.82994731e-02
   1346   1.36720145e-02
   1347   1.36517258e-02
   1348   1.36314823e-02
   1349   1.36112838e-02
   1350   1.35911301e-02
   1351   8.71786360e-03
   1352   8.70497450e-03
   1353   8.69211397e-03
   1354   8.67928192e-03
   1355   8.66647826e-03
   1356   4.17655489e-03
   1357   4.17040272e-03
   1358   4.16426413e-03
   1359   4.15813909e-03
   1360   4.15202755e-03
   1361   9.19032587e-04
   1362   9.17683796e-04
   1363   9.16337972e-04
   1364   9.14995107e-04
   1365   9.13655191e-04
   1366  -1.03328547e-03
   1367  -1.03177454e-03
   1368  -1.03026692e-03
   1369  -1.02876261e-03
   1370  -1.02726159e-03
   1371  -2.09855307e-03
   1372  -2.09549563e-03
   1373  -2.09244486e-03
   1374  -2.08940075e-03
   1375  -2.08636328e-03
   1376  -2.72336640e-03
   1377  -2.71941305e-03
   1378  -2.71546830e-03
   1379  -2.71153212e-03
   1380  -2.70760450e-03
   1381  -2.78296053e-03
   1382  -2.77893528e-03
   1383  -2.77491875e-03
   1384  -2.77091092e-03
   1385  -2.76691177e-03
   1386  -2.75608025e-03
   1387  -2.75210824e-03
   1388  -2.74814481e-03
   1389  -2.74418993e-03
   1390  -2.74024359e-03
   1391  -2.32960122e-03
   1392  -2.32625590e-03
   1393  -2.32291777e-03
   1394  -2.31958683e-03
   1395  -2.31626304e-03
   1396  -1.88183443e-03
   1397  -1.87914176e-03
   1398  -1.87645488e-03
   1399  -1.87377375e-03
   1400  -1.87109836e-03
   1401  -1.22946016e-03
   1402  -1.22770723e-03
   1403  -1.22595805e-03
   1404  -1.22421260e-03
   1405  -1.22247088e-03
   1406  -6.07073437e-04
   1407  -6.06210964e-04
   1408  -6.05350327e-04
   1409  -6.04491522e-04
   1410  -6.03634543e-04
   1411  -1.79772483e-04
   1412  -1.79517983e-04
   1413  -1.79264023e-04
   1414  -1.79010601e-04
   1415  -1.78757717e-04
   1416   8.90912089e-05
   1417   8.89655292e-05
   1418   8.88401152e-05
   1419   8.87149663e-05
   1420   8.85900816e-05
   1421   2.34327292e-04
   1422   2.33997891e-04
   1423   2.33669185e-04
   1424   2.33341170e-04
   1425   2.33013846e-04
   1426   3.01967255e-04
   1427   3.01544258e-04
   1428   3.01122149e-04
   1429   3.00700925e-04
   1430   3.00280585e-04
   1431   3.00314760e-04
   1432   2.99895546e-04
   1433   2.99477208e-04
   1434   2.99059746e-04
   1435   2.98643156e-04
   1436   2.79213662e-04
   1437   2.78825258e-04
   1438   2.78437665e-04
   1439   2.78050879e-04
   1440   2.77664898e-04
   1441   2.32216011e-04
   1442   2.31894104e-04
   1443   2.31572865e-04
   1444   2.31252294e-04
   1445   2.30932388e-04
   1446   1.73073711e-04
   1447   1.72834618e-04
   1448   1.72596019e-04
   1449   1.72357915e-04
   1450   1.72120303e-04
   1451   1.03515538e-04
   1452   1.03373028e-04
   1453   1.03230812e-04
   1454   1.03088890e-04
   1455   1.02947260e-04
   1456   4.02600834e-05
   1457   4.02048474e-05
   1458   4.01497251e-05
   1459   4.00947161e-05
   1460   4.00398200e-05
   1461  -6.28754893e-06
   1462  -6.27895205e-06
   1463  -6.27037278e-06
   1464  -6.26181108e-06
   1465  -6.25326691e-06
   1466  -3.92078033e-05
   1467  -3.91543776e-05
   1468  -3.91010610e-05
   1469  -3.90478533e-05
   1470  -3.89947540e-05
   1471  -6.14665346e-05
   1472  -6.13830628e-05
   1473  -6.12997610e-05
   1474  -6.12166286e-05
   1475  -6.11336651e-05
   1476  -6.93721681e-05
   1477  -6.92782792e-05
   1478  -6.91845808e-05
   1479  -6.90910723e-05
   1480  -6.89977533e-05
   1481  -7.30485111e-05
   1482  -7.29499800e-05
   1483  -7.28516481e-05
   1484  -7.27535149e-05
   1485  -7.26555798e-05
   1486  -7.14447069e-05
   1487  -7.13486629e-05
   1488  -7.12528125e-05
   1489  -7.11571551e-05
   1490  -7.10616902e-05
   1491  -6.17518185e-05
   1492  -6.16690829e-05
   1493  -6.15865134e-05
   1494  -6.15041096e-05
   1495  -6.14218712e-05
   1496  -5.11060287e-05
   1497  -5.10377850e-05
   1498  -5.09696778e-05
   1499  -5.09017069e-05
   1500  -5.08338719e-05
   1501  -3.86252185e-05
   1502  -3.85738124e-05
   1503  -3.85225089e-05
   1504  -3.84713077e-05
   1505  -3.84202085e-05
   1506  -2.82061646e-05
   1507  -2.81687497e-05
   1508  -2.81314092e-05
   1509  -2.80941429e-05
   1510  -2.80569505e-05
   1511  -2.10488102e-05
   1512  -2.10209817e-05
   1513  -2.09932083e-05
   1514  -2.09654899e-05
   1515  -2.09378264e-05
   1516  -1.55713544e-05
   1517  -1.55508354e-05
   1518  -1.55303569e-05
   1519  -1.55099189e-05
   1520  -1.54895212e-05
   1521  -1.29476644e-05
   1522  -1.29306588e-05
   1523  -1.29136867e-05
   1524  -1.28967479e-05
   1525  -1.28798424e-05
   1526  -1.20064240e-05
   1527  -1.19907063e-05
   1528  -1.19750193e-05
   1529  -1.19593631e-05
   1530  -1.19437377e-05
   1531  -1.16062075e-05
   1532  -1.15910632e-05
   1533  -1.15759486e-05
   1534  -1.15608634e-05
   1535  -1.15458078e-05
   1536  -1.18233951e-05
   1537  -1.18080176e-05
   1538  -1.17926701e-05
   1539  -1.17773524e-05
   1540  -1.17620646e-05
   1541  -1.17594112e-05
   1542  -1.17441664e-05
   1543  -1.17289513e-05
   1544  -1.17137658e-05
   1545  -1.16986097e-05
   1546  -1.24802880e-05
   1547  -1.24641610e-05
   1548  -1.24480652e-05
   1549  -1.24320006e-05
   1550  -1.24159671e-05
   1551  -1.16618326e-05
   1552  -1.16468117e-05
   1553  -1.16318199e-05
   1554  -1.16168569e-05
   1555  -1.16019228e-05
   1556  -1.16371667e-05
   1557  -1.16222257e-05
   1558  -1.16073135e-05
   1559  -1.15924299e-05
   1560  -1.15775750e-05
   1561  -1.15045066e-05
   1562  -1.14897832e-05
   1563  -1.14750880e-05
   1564  -1.14604210e-05
   1565  -1.14457821e-05
   1566  -1.18537256e-05
   1567  -1.18386036e-05
   1568  -1.18235106e-05
   1569  -1.18084464e-05
   1570  -1.17934109e-05
   1571  -1.26531041e-05
   1572  -1.26370136e-05
   1573  -1.26209539e-05
   1574  -1.26049248e-05
   1575  -1.25889261e-05
   1576  -1.34480338e-05
   1577  -1.34309867e-05
   1578  -1.34139720e-05
   1579  -1.33969896e-05
   1580  -1.33800395e-05
   1581  -1.37294816e-05
   1582  -1.37121327e-05
   1583  -1.36948166e-05
   1584  -1.36775334e-05
   1585  -1.36602828e-05
   1586  -1.39333350e-05
   1587  -1.39157840e-05
   1588  -1.38982661e-05
   1589  -1.38807812e-05
   1590  -1.38633294e-05
   1591  -1.32507898e-05
   1592  -1.32341509e-05
   1593  -1.32175433e-05
   1594  -1.32009670e-05
   1595  -1.31844218e-05
   1596  -1.23703183e-05
   1597  -1.23548336e-05
   1598  -1.23393780e-05
   1599  -1.23239513e-05
   1600  -1.23085536e-05
   1601  -1.12539267e-05
   1602  -1.12398834e-05
   1603  -1.12258664e-05
   1604  -1.12118756e-05
   1605  -1.11979110e-05
   1606  -1.03869612e-05
   1607  -1.03740401e-05
   1608  -1.03611430e-05
   1609  -1.03482701e-05
   1610  -1.03354210e-05
   1611  -1.01035099e-05
   1612  -1.00909804e-05
   1613  -1.00784741e-05
   1614  -1.00659911e-05
   1615  -1.00535313e-05
   1616  -9.65599060e-06
   1617  -9.64405305e-06
   1618  -9.63213762e-06
   1619  -9.62024425e-06
   1620  -9.60837290e-06
   1621  -9.61556953e-06
   1622  -9.60371858e-06
   1623  -9.59188952e-06
   1624  -9.58008230e-06
   1625  -9.56829687e-06
   1626  -9.46457371e-06
   1627  -9.45294468e-06
   1628  -9.44133708e-06
   1629  -9.42975084e-06
   1630  -9.41818592e-06
   1631  -9.77698987e-06
   1632  -9.76501377e-06
   1633  -9.75305966e-06
   1634  -9.74112748e-06
   1635  -9.72921720e-06
   1636  -9.56749363e-06
   1637  -9.55580992e-06
   1638  -9.54414761e-06
   1639  -9.53250663e-06
   1640  -9.52088694e-06
   1641  -9.63559266e-06
   1642  -9.62386161e-06
   1643  -9.61215197e-06
   1644  -9.60046369e-06
   1645  -9.58879671e-06
   1646  -9.25697291e-06
   1647  -9.24573702e-06
   1648  -9.23452157e-06
   1649  -9.22332651e-06
   1650  -9.21215180e-06
   1651  -9.18060576e-06
   1652  -9.16949627e-06
   1653  -9.15840694e-06
   1654  -9.14733770e-06
   1655  -9.13628853e-06
   1656  -8.78122392e-06
   1657  -8.77062978e-06
   1658  -8.76005479e-06
   1659  -8.74949892e-06
   1660  -8.73896211e-06
   1661  -8.39952280e-06
   1662  -8.38941963e-06
   1663  -8.37933468e-06
   1664  -8.36926790e-06
   1665  -8.35921925e-06
   1666  -8.59613797e-06
   1667  -8.58582931e-06
   1668  -8.57553918e-06
   1669  -8.56526753e-06
   1670  -8.55501433e-06
   1671  -8.53502205e-06
   1672  -8.52481727e-06
   1673  -8.51463078e-06
   1674  -8.50446254e-06
   1675  -8.49431250e-06
   1676  -8.74443209e-06
   1677  -8.73400810e-06
   1678  -8.72360273e-06
   1679  -8.71321594e-06
   1680  -8.70284769e-06
   1681  -8.61953453e-06
   1682  -8.60928995e-06
   1683  -8.59906363e-06
   1684  -8.58885551e-06
   1685  -8.57866556e-06
   1686  -8.58966883e-06
   1687  -8.57948999e-06
   1688  -8.56932923e-06
   1689  -8.55918651e-06
   1690  -8.54906179e-06
   1691  -8.49475633e-06
   1692  -8.48471970e-06
   1693  -8.47470084e-06
   1694  -8.46469972e-06
   1695  -8.45471629e-06
   1696  -8.28277240e-06
   1697  -8.27301505e-06
   1698  -8.26327493e-06
   1699  -8.25355200e-06
   1700  -8.24384622e-06
   1701  -8.09413032e-06
   1702  -8.08462319e-06
   1703  -8.07513281e-06
   1704  -8.06565912e-06
   1705  -8.05620210e-06
   1706  -7.77093920e-06
   1707  -7.76183841e-06
   1708  -7.75275359e-06
   1709  -7.74368472e-06
   1710  -7.73463175e-06
   1711  -7.60189100e-06
   1712  -7.59301418e-06
   1713  -7.58415290e-06
   1714  -7.57530711e-06
   1715  -7.56647680e-06
   1716  -7.68087745e-06
   1717  -7.67193450e-06
   1718  -7.66300715e-06
   1719  -7.65409539e-06
   1720  -7.64519916e-06
   1721  -7.53843178e-06
   1722  -7.52968015e-06
   1723  -7.52094376e-06
   1724  -7.51222256e-06
   1725  -7.50351652e-06
   1726  -7.84311901e-06
   1727  -7.83404002e-06
   1728  -7.82497677e-06
   1729  -7.81592925e-06
   1730  -7.80689741e-06
   1731  -7.67354518e-06
   1732  -7.66468811e-06
   1733  -7.65584636e-06
   1734  -7.64701991e-06
   1735  -7.63820871e-06
   1736  -7.77254463e-06
   1737  -7.76359911e-06
   1738  -7.75466902e-06
   1739  -7.74575432e-06
   1740  -7.73685499e-06
   1741  -7.69772133e-06
   1742  -7.68888734e-06
   1743  -7.68006854e-06
   1744  -7.67126491e-06
   1745  -7.66247641e-06
   1746  -7.37369396e-06
   1747  -7.36525603e-06
   1748  -7.35683258e-06
   1749  -7.34842357e-06
   1750  -7.34002897e-06
   1751  -7.29946686e-06
   1752  -7.29113770e-06
   1753  -7.28282279e-06
   1754  -7.27452209e-06
   1755  -7.26623558e-06
   1756  -7.00801383e-06
   1757  -7.00003998e-06
   1758  -6.99207974e-06
   1759  -6.98413307e-06
   1760  -6.97619993e-06
   1761  -7.04516245e-06
   1762  -7.03716907e-06
   1763  -7.02918929e-06
   1764  -7.02122307e-06
   1765  -7.01327039e-06
   1766  -6.83557624e-06
   1767  -6.82784259e-06
   1768  -6.82012206e-06
   1769  -6.81241462e-06
   1770  -6.80472024e-06
   1771  -6.89498112e-06
   1772  -6.88720227e-06
   1773  -6.87943657e-06
   1774  -6.87168400e-06
   1775  -6.86394453e-06
   1776  -7.09353468e-06
   1777  -7.08555433e-06
   1778  -7.07758744e-06
   1779  -7.06963398e-06
   1780  -7.06169391e-06
   1781  -6.98028277e-06
   1782  -6.97245186e-06
   1783  -6.96463411e-06
   1784  -6.95682951e-06
   1785  -6.94903801e-06
   1786  -7.05692999e-06
   1787  -7.04903523e-06
   1788  -7.04115371e-06
   1789  -7.03328540e-06
   1790  -7.02543027e-06
   1791  -6.87156788e-06
   1792  -6.86390193e-06
   1793  -6.85624880e-06
   1794  -6.84860846e-06
   1795  -6.84098089e-06
   1796  -6.81498345e-06
   1797  -6.80740177e-06
   1798  -6.79983273e-06
   1799  -6.79227631e-06
   1800  -6.78473248e-06
   1801  -6.65217885e-06
   1802  -6.64479882e-06
   1803  -6.63743106e-06
   1804  -6.63007554e-06
   1805  -6.62273225e-06
   1806  -6.41007135e-06
   1807  -6.40297958e-06
   1808  -6.39589957e-06
   1809  -6.38883131e-06
   1810  -6.38177475e-06
   1811  -6.34436123e-06
   1812  -6.33736152e-06
   1813  -6.33037339e-06
   1814  -6.32339681e-06
   1815  -6.31643176e-06
   1816  -6.22692350e-06
   1817  -6.22007226e-06
   1818  -6.21323232e-06
   1819  -6.20640365e-06
   1820  -6.19958624e-06
   1821  -6.43070216e-06
   1822  -6.42364611e-06
   1823  -6.41660168e-06
   1824  -6.40956882e-06
   1825  -6.40254752e-06
   1826  -6.33017745e-06
   1827  -6.32325071e-06
   1828  -6.31633533e-06
   1829  -6.30943129e-06
   1830  -6.30253856e-06
   1831  -6.34262641e-06
   1832  -6.33570498e-06
   1833  -6.32879488e-06
   1834  -6.32189607e-06
   1835  -6.31500853e-06
   1836  -6.37751898e-06
   1837  -6.37057841e-06
   1838  -6.36364916e-06
   1839  -6.35673121e-06
   1840  -6.34982453e-06
   1841  -6.24420819e-06
   1842  -6.23743113e-06
   1843  -6.23066511e-06
   1844  -6.22391008e-06
   1845  -6.21716604e-06
   1846  -6.13898340e-06
   1847  -6.13233858e-06
   1848  -6.12570455e-06
   1849  -6.11908127e-06
   1850  -6.11246873e-06
   1851  -5.88887313e-06
   1852  -5.88251623e-06
   1853  -5.87616961e-06
   1854  -5.86983327e-06
   1855  -5.86350716e-06
   1856  -5.73084628e-06
   1857  -5.72467662e-06
   1858  -5.71851692e-06
   1859  -5.71236715e-06
   1860  -5.70622729e-06
   1861  -5.64845223e-06
   1862  -5.64238759e-06
   1863  -5.63633271e-06
   1864  -5.63028758e-06
   1865  -5.62425216e-06
   1866  -5.60051259e-06
   1867  -5.59451553e-06
   1868  -5.58852808e-06
   1869  -5.58255025e-06
   1870  -5.57658200e-06
   1871  -5.68391259e-06
   1872  -5.67784246e-06
   1873  -5.67178206e-06
   1874  -5.66573135e-06
   1875  -5.65969032e-06
   1876  -5.54974278e-06
   1877  -5.54383173e-06
   1878  -5.53793011e-06
   1879  -5.53203791e-06
   1880  -5.52615511e-06
   1881  -5.63902520e-06
   1882  -5.63303500e-06
   1883  -5.62705434e-06
   1884  -5.62108320e-06
   1885  -5.61512155e-06
   1886  -5.51180173e-06
   1887  -5.50596218e-06
   1888  -5.50013191e-06
   1889  -5.49431090e-06
   1890  -5.48849912e-06
   1891  -5.39109403e-06
   1892  -5.38539746e-06
   1893  -5.37970991e-06
   1894  -5.37403137e-06
   1895  -5.36836181e-06
   1896  -5.31386181e-06
   1897  -5.30826164e-06
   1898  -5.30267032e-06
   1899  -5.29708783e-06
   1900  -5.29151414e-06
   1901  -4.93446815e-06
   1902  -4.92928148e-06
   1903  -4.92410298e-06
   1904  -4.91893264e-06
   1905  -4.91377044e-06
   1906  -4.80519234e-06
   1907  -4.80015479e-06
   1908  -4.79512516e-06
   1909  -4.79010342e-06
   1910  -4.78508958e-06
   1911  -4.70580625e-06
   1912  -4.70088579e-06
   1913  -4.69597305e-06
   1914  -4.69106799e-06
   1915  -4.68617063e-06
   1916  -4.59264093e-06
   1917  -4.58785131e-06
   1918  -4.58306919e-06
   1919  -4.57829454e-06
   1920  -4.57352734e-06
   1921  -4.58289493e-06
   1922  -4.57812791e-06
   1923  -4.57336832e-06
   1924  -4.56861615e-06
   1925  -4.56387138e-06
   1926  -4.55227914e-06
   1927  -4.54755624e-06
   1928  -4.54284069e-06
   1929  -4.53813248e-06
   1930  -4.53343158e-06
   1931  -4.63943188e-06
   1932  -4.63463101e-06
   1933  -4.62983760e-06
   1934  -4.62505162e-06
   1935  -4.62027306e-06
   1936  -4.51427052e-06
   1937  -4.50961123e-06
   1938  -4.50495915e-06
   1939  -4.50031426e-06
   1940  -4.49567656e-06
   1941  -4.45450139e-06
   1942  -4.44991562e-06
   1943  -4.44533693e-06
   1944  -4.44076530e-06
   1945  -4.43620073e-06
   1946  -4.33853313e-06
   1947  -4.33407821e-06
   1948  -4.32963015e-06
   1949  -4.32518894e-06
   1950  -4.32075455e-06
   1951  -4.04945597e-06
   1952  -4.04530853e-06
   1953  -4.04116746e-06
   1954  -4.03703275e-06
   1955  -4.03290437e-06
   1956  -4.07655684e-06
   1957  -4.07239231e-06
   1958  -4.06823415e-06
   1959  -4.06408236e-06
   1960  -4.05993693e-06
   1961  -3.78080147e-06
   1962  -3.77694891e-06
   1963  -3.77310225e-06
   1964  -3.76926145e-06
   1965  -3.76542651e-06
   1966  -3.85338048e-06
   1967  -3.84946395e-06
   1968  -3.84555338e-06
   1969  -3.84164877e-06
   1970  -3.83775010e-06
   1971  -3.81571961e-06
   1972  -3.81185118e-06
   1973  -3.80798864e-06
   1974  -3.80413196e-06
   1975  -3.80028114e-06
   1976  -3.77151332e-06
   1977  -3.76769938e-06
   1978  -3.76389122e-06
   1979  -3.76008883e-06
   1980  -3.75629220e-06
   1981  -3.77954257e-06
   1982  -3.77573015e-06
   1983  -3.77192349e-06
   1984  -3.76812258e-06
   1985  -3.76432742e-06
   1986  -3.69130874e-06
   1987  -3.68759468e-06
   1988  -3.68388623e-06
   1989  -3.68018336e-06
   1990  -3.67648608e-06
   1991  -3.68390376e-06
   1992  -3.68020645e-06
   1993  -3.67651471e-06
   1994  -3.67282852e-06
   1995  -3.66914787e-06
   1996  -3.46155775e-06
   1997  -3.45809229e-06
   1998  -3.45463203e-06
   1999  -3.45117697e-06
   2000  -3.44772709e-06
   2001  -3.27274910e-06
   2002  -3.26948084e-06
   2003  -3.26621748e-06
   2004  -3.26295900e-06
   2005  -3.25970540e-06
   2006  -3.13822399e-06
   2007  -3.13509788e-06
   2008  -3.13197644e-06
   2009  -3.12885966e-06
   2010  -3.12574753e-06
   2011  -2.98895882e-06
   2012  -2.98598880e-06
   2013  -2.98302320e-06
   2014  -2.98006201e-06
   2015  -2.97710523e-06
   2016  -2.98548732e-06
   2017  -2.98252810e-06
   2018  -2.97957327e-06
   2019  -2.97662284e-06
   2020  -2.97367678e-06
   2021  -2.91897438e-06
   2022  -2.91608824e-06
   2023  -2.91320637e-06
   2024  -2.91032877e-06
   2025  -2.90745544e-06
   2026  -2.86421878e-06
   2027  -2.86139376e-06
   2028  -2.85857292e-06
   2029  -2.85575624e-06
   2030  -2.85294373e-06
   2031  -2.91582391e-06
   2032  -2.91295507e-06
   2033  -2.91009045e-06
   2034  -2.90723006e-06
   2035  -2.90437389e-06
   2036  -2.80063140e-06
   2037  -2.79788265e-06
   2038  -2.79513795e-06
   2039  -2.79239728e-06
   2040  -2.78966064e-06
   2041  -2.80236990e-06
   2042  -2.79962618e-06
   2043  -2.79688648e-06
   2044  -2.79415081e-06
   2045  -2.79141914e-06
   2046  -2.60274429e-06
   2047  -2.60020224e-06
   2048  -2.59766391e-06
   2049  -2.59512929e-06
   2050  -2.59259839e-06
   2051  -2.48506633e-06
   2052  -2.48264512e-06
   2053  -2.48022745e-06
   2054  -2.47781331e-06
   2055  -2.47540269e-06
   2056  -2.38615664e-06
   2057  -2.38383745e-06
   2058  -2.38152164e-06
   2059  -2.37920921e-06
   2060  -2.37690013e-06
   2061  -2.28788763e-06
   2062  -2.28566935e-06
   2063  -2.28345428e-06
   2064  -2.28124244e-06
   2065  -2.27903380e-06
   2066  -2.25721625e-06
   2067  -2.25503299e-06
   2068  -2.25285290e-06
   2069  -2.25067597e-06
   2070  -2.24850219e-06
   2071  -2.17242364e-06
   2072  -2.17032747e-06
   2073  -2.16823433e-06
   2074  -2.16614421e-06
   2075  -2.16405711e-06
   2076  -2.21390146e-06
   2077  -2.21177041e-06
   2078  -2.20964243e-06
   2079  -2.20751752e-06
   2080  -2.20539567e-06
   2081  -2.19436561e-06
   2082  -2.19225843e-06
   2083  -2.19015428e-06
   2084  -2.18805316e-06
   2085  -2.18595506e-06
   2086  -2.18403255e-06
   2087  -2.18194032e-06
   2088  -2.17985109e-06
   2089  -2.17776486e-06
   2090  -2.17568162e-06
   2091  -2.03454062e-06
   2092  -2.03259625e-06
   2093  -2.03065466e-06
   2094  -2.02871586e-06
   2095  -2.02677983e-06
   2096  -1.95443138e-06
   2097  -1.95256802e-06
   2098  -1.95070732e-06
   2099  -1.94884928e-06
   2100  -1.94699390e-06
   2101  -1.82179996e-06
   2102  -1.82006718e-06
   2103  -1.81833687e-06
   2104  -1.81660903e-06
   2105  -1.81488365e-06
   2106  -1.68216292e-06
   2107  -1.68056675e-06
   2108  -1.67897285e-06
   2109  -1.67738122e-06
   2110  -1.67579185e-06
   2111  -1.62890024e-06
   2112  -1.62735826e-06
   2113  -1.62581848e-06
   2114  -1.62428088e-06
   2115  -1.62274546e-06
   2116  -1.57822099e-06
   2117  -1.57673052e-06
   2118  -1.57524216e-06
   2119  -1.57375591e-06
   2120  -1.57227176e-06
   2121  -1.54366906e-06
   2122  -1.54221465e-06
   2123  -1.54076230e-06
   2124  -1.53931200e-06
   2125  -1.53786375e-06
   2126  -1.51482976e-06
   2127  -1.51340588e-06
   2128  -1.51198400e-06
   2129  -1.51056413e-06
   2130  -1.50914626e-06
   2131  -1.49972942e-06
   2132  -1.49832304e-06
   2133  -1.49691864e-06
   2134  -1.49551621e-06
   2135  -1.49411575e-06
   2136  -1.49529115e-06
   2137  -1.49389221e-06
   2138  -1.49249523e-06
   2139  -1.49110021e-06
   2140  -1.48970715e-06
   2141  -1.42509000e-06
   2142  -1.42375985e-06
   2143  -1.42243156e-06
   2144  -1.42110513e-06
   2145  -1.41978055e-06
   2146  -1.34192123e-06
   2147  -1.34067163e-06
   2148  -1.33942377e-06
   2149  -1.33817764e-06
   2150  -1.33693326e-06
   2151  -1.22255448e-06
   2152  -1.22141867e-06
   2153  -1.22028445e-06
   2154  -1.21915180e-06
   2155  -1.21802073e-06
   2156  -1.15221097e-06
   2157  -1.15114299e-06
   2158  -1.15007650e-06
   2159  -1.14901149e-06
   2160  -1.14794796e-06
   2161  -1.13902993e-06
   2162  -1.13797662e-06
   2163  -1.13692476e-06
   2164  -1.13587436e-06
   2165  -1.13482542e-06
   2166  -1.07375199e-06
   2167  -1.07276133e-06
   2168  -1.07177204e-06
   2169  -1.07078412e-06
   2170  -1.06979756e-06
   2171  -1.07181968e-06
   2172  -1.07083307e-06
   2173  -1.06984783e-06
   2174  -1.06886395e-06
   2175  -1.06788143e-06
   2176  -1.03478188e-06
   2177  -1.03383156e-06
   2178  -1.03288254e-06
   2179  -1.03193483e-06
   2180  -1.03098843e-06
   2181  -1.03579343e-06
   2182  -1.03484435e-06
   2183  -1.03389659e-06
   2184  -1.03295012e-06
   2185  -1.03200495e-06
   2186  -1.01501148e-06
   2187  -1.01408358e-06
   2188  -1.01315694e-06
   2189  -1.01223158e-06
   2190  -1.01130748e-06
   2191  -9.49786737e-07
   2192  -9.48920439e-07
   2193  -9.48055327e-07
   2194  -9.47191397e-07
   2195  -9.46328647e-07
   2196  -9.04657215e-07
   2197  -9.03833957e-07
   2198  -9.03011823e-07
   2199  -9.02190810e-07
   2200  -9.01370916e-07
   2201  -8.08320645e-07
   2202  -8.07586726e-07
   2203  -8.06853805e-07
   2204  -8.06121882e-07
   2205  -8.05390954e-07
   2206  -7.61852628e-07
   2207  -7.61162466e-07
   2208  -7.60473241e-07
   2209  -7.59784952e-07
   2210  -7.59097597e-07
   2211  -7.10146137e-07
   2212  -7.09504270e-07
   2213  -7.08863272e-07
   2214  -7.08223143e-07
   2215  -7.07583880e-07
   2216  -6.75398462e-07
   2217  -6.74789378e-07
   2218  -6.74181117e-07
   2219  -6.73573678e-07
   2220  -6.72967060e-07
   2221  -6.73231876e-07
   2222  -6.72626111e-07
   2223  -6.72021163e-07
   2224  -6.71417031e-07
   2225  -6.70813714e-07
   2226  -6.46412109e-07
   2227  -6.45831782e-07
   2228  -6.45252236e-07
   2229  -6.44673469e-07
   2230  -6.44095481e-07
   2231  -6.45197612e-07
   2232  -6.44619672e-07
   2233  -6.44042509e-07
   2234  -6.43466120e-07
   2235  -6.42890504e-07
   2236  -6.26329101e-07
   2237  -6.25769316e-07
   2238  -6.25210281e-07
   2239  -6.24651996e-07
   2240  -6.24094457e-07
   2241  -5.84270389e-07
   2242  -5.83749359e-07
   2243  -5.83229025e-07
   2244  -5.82709387e-07
   2245  -5.82190443e-07
   2246  -5.73927035e-07
   2247  -5.73416367e-07
   2248  -5.72906381e-07
   2249  -5.72397074e-07
   2250  -5.71888446e-07
   2251  -5.10706332e-07
   2252  -5.10252925e-07
   2253  -5.09800121e-07
   2254  -5.09347920e-07
   2255  -5.08896321e-07
   2256  -4.80881969e-07
   2257  -4.80455986e-07
   2258  -4.80030568e-07
   2259  -4.79605715e-07
   2260  -4.79181426e-07
   2261  -4.51377945e-07
   2262  -4.50978981e-07
   2263  -4.50580545e-07
   2264  -4.50182638e-07
   2265  -4.49785257e-07
   2266  -4.37465437e-07
   2267  -4.37079623e-07
   2268  -4.36694318e-07
   2269  -4.36309523e-07
   2270  -4.35925237e-07
   2271  -4.33648558e-07
   2272  -4.33266951e-07
   2273  -4.32885848e-07
   2274  -4.32505247e-07
   2275  -4.32125148e-07
   2276  -4.13858887e-07
   2277  -4.13495494e-07
   2278  -4.13132580e-07
   2279  -4.12770143e-07
   2280  -4.12408183e-07
   2281  -4.19034977e-07
   2282  -4.18667846e-07
   2283  -4.18301196e-07
   2284  -4.17935028e-07
   2285  -4.17569341e-07
   2286  -4.00969976e-07
   2287  -4.00619440e-07
   2288  -4.00269363e-07
   2289  -3.99919744e-07
   2290  -3.99570584e-07
   2291  -3.79519303e-07
   2292  -3.79188242e-07
   2293  -3.78857615e-07
   2294  -3.78527420e-07
   2295  -3.78197656e-07
   2296  -3.50106260e-07
   2297  -3.49801521e-07
   2298  -3.49497181e-07
   2299  -3.49193237e-07
   2300  -3.48889690e-07
   2301  -3.13417576e-07
   2302  -3.13145365e-07
   2303  -3.12873507e-07
   2304  -3.12602004e-07
   2305  -3.12330854e-07
   2306  -2.96380694e-07
   2307  -2.96123837e-07
   2308  -2.95867314e-07
   2309  -2.95611124e-07
   2310  -2.95355267e-07
   2311  -2.68467728e-07
   2312  -2.68235565e-07
   2313  -2.68003702e-07
   2314  -2.67772141e-07
   2315  -2.67540879e-07
   2316  -2.58653107e-07
   2317  -2.58429914e-07
   2318  -2.58207009e-07
   2319  -2.57984393e-07
   2320  -2.57762065e-07
   2321  -2.48960813e-07
   2322  -2.48746445e-07
   2323  -2.48532355e-07
   2324  -2.48318541e-07
   2325  -2.48105002e-07
   2326  -2.44993857e-07
   2327  -2.44783358e-07
   2328  -2.44573131e-07
   2329  -2.44363175e-07
   2330  -2.44153488e-07
   2331  -2.42878287e-07
   2332  -2.42670054e-07
   2333  -2.42462088e-07
   2334  -2.42254390e-07
   2335  -2.42046958e-07
   2336  -2.31159742e-07
   2337  -2.30961979e-07
   2338  -2.30764471e-07
   2339  -2.30567215e-07
   2340  -2.30370212e-07
   2341  -2.25512594e-07
   2342  -2.25320075e-07
   2343  -2.25127802e-07
   2344  -2.24935775e-07
   2345  -2.24743993e-07
   2346  -2.12140637e-07
   2347  -2.11959919e-07
   2348  -2.11779432e-07
   2349  -2.11599175e-07
   2350  -2.11419148e-07
   2351  -1.99362089e-07
   2352  -1.99192618e-07
   2353  -1.99023362e-07
   2354  -1.98854322e-07
   2355  -1.98685498e-07
   2356  -1.83579407e-07
   2357  -1.83423683e-07
   2358  -1.83268157e-07
   2359  -1.83112828e-07
   2360  -1.82957697e-07
   2361  -1.74823082e-07
   2362  -1.74675100e-07
   2363  -1.74527305e-07
   2364  -1.74379697e-07
   2365  -1.74232277e-07
   2366  -1.73157030e-07
   2367  -1.73010768e-07
   2368  -1.72864690e-07
   2369  -1.72718797e-07
   2370  -1.72573089e-07
   2371  -1.68625645e-07
   2372  -1.68483509e-07
   2373  -1.68341554e-07
   2374  -1.68199778e-07
   2375  -1.68058180e-07
   2376  -1.67338351e-07
   2377  -1.67197597e-07
   2378  -1.67057021e-07
   2379  -1.66916623e-07
   2380  -1.66776401e-07
   2381  -1.65695769e-07
   2382  -1.65556689e-07
   2383  -1.65417785e-07
   2384  -1.65279055e-07
   2385  -1.65140500e-07
   2386  -1.61333295e-07
   2387  -1.61198161e-07
   2388  -1.61063196e-07
   2389  -1.60928401e-07
   2390  -1.60793775e-07
   2391  -1.62489674e-07
   2392  -1.62353855e-07
   2393  -1.62218207e-07
   2394  -1.62082729e-07
   2395  -1.61947421e-07
   2396  -1.52659706e-07
   2397  -1.52532371e-07
   2398  -1.52405194e-07
   2399  -1.52278177e-07
   2400  -1.52151318e-07
   2401  -1.50540427e-07
   2402  -1.50415120e-07
   2403  -1.50289970e-07
   2404  -1.50164975e-07
   2405  -1.50040137e-07
   2406  -1.44307544e-07
   2407  -1.44187674e-07
   2408  -1.44067954e-07
   2409  -1.43948384e-07
   2410  -1.43828961e-07
   2411  -1.42446527e-07
   2412  -1.42328448e-07
   2413  -1.42210517e-07
   2414  -1.42092732e-07
   2415  -1.41975094e-07
   2416  -1.41610586e-07
   2417  -1.41493444e-07
   2418  -1.41376446e-07
   2419  -1.41259594e-07
   2420  -1.41142887e-07
   2421  -1.38420137e-07
   2422  -1.38305870e-07
   2423  -1.38191745e-07
   2424  -1.38077760e-07
   2425  -1.37963917e-07
   2426  -1.40224604e-07
   2427  -1.40109086e-07
   2428  -1.39993710e-07
   2429  -1.39878477e-07
   2430  -1.39763387e-07
   2431  -1.37159746e-07
   2432  -1.37046985e-07
   2433  -1.36934363e-07
   2434  -1.36821880e-07
   2435  -1.36709535e-07
   2436  -1.38961006e-07
   2437  -1.38846998e-07
   2438  -1.38733131e-07
   2439  -1.38619403e-07
   2440  -1.38505816e-07
   2441  -1.39772064e-07
   2442  -1.39657625e-07
   2443  -1.39543327e-07
   2444  -1.39429170e-07
   2445  -1.39315152e-07
   2446  -1.37936232e-07
   2447  -1.37823527e-07
   2448  -1.37710961e-07
   2449  -1.37598532e-07
   2450  -1.37486241e-07
   2451  -1.41339123e-07
   2452  -1.41223873e-07
   2453  -1.41108764e-07
   2454  -1.40993796e-07
   2455  -1.40878969e-07
   2456  -1.42189159e-07
   2457  -1.42073452e-07
   2458  -1.41957887e-07
   2459  -1.41842462e-07
   2460  -1.41727178e-07
   2461  -1.43469538e-07
   2462  -1.43353026e-07
   2463  -1.43236657e-07
   2464  -1.43120429e-07
   2465  -1.43004342e-07
   2466  -1.42511787e-07
   2467  -1.42396287e-07
   2468  -1.42280928e-07
   2469  -1.42165709e-07
   2470  -1.42050630e-07
   2471  -1.40726252e-07
   2472  -1.40612430e-07
   2473  -1.40498747e-07
   2474  -1.40385201e-07
   2475  -1.40271793e-07
   2476  -1.43043144e-07
   2477  -1.42927682e-07
   2478  -1.42812360e-07
   2479  -1.42697177e-07
   2480  -1.42582133e-07
   2481  -1.41227029e-07
   2482  -1.41113262e-07
   2483  -1.40999633e-07
   2484  -1.40886141e-07
   2485  -1.40772786e-07
   2486  -1.46012157e-07
   2487  -1.45894772e-07
   2488  -1.45777529e-07
   2489  -1.45660426e-07
   2490  -1.45543465e-07
   2491  -1.47576395e-07
   2492  -1.47457990e-07
   2493  -1.47339728e-07
   2494  -1.47221608e-07
   2495  -1.47103631e-07
   2496  -1.51200174e-07
   2497  -1.51079105e-07
   2498  -1.50958181e-07
   2499  -1.50837403e-07
   2500  -1.50716769e-07
   2501  -1.55228180e-07
   2502  -1.55104133e-07
   2503  -1.54980236e-07
   2504  -1.54856487e-07
   2505  -1.54732886e-07
   2506  -1.55996295e-07
   2507  -1.55871884e-07
   2508  -1.55747621e-07
   2509  -1.55623507e-07
   2510  -1.55499542e-07
   2511  -1.64325282e-07
   2512  -1.64194489e-07
   2513  -1.64063852e-07
   2514  -1.63933370e-07
   2515  -1.63803045e-07
   2516  -1.62785123e-07
   2517  -1.62655813e-07
   2518  -1.62526657e-07
   2519  -1.62397655e-07
   2520  -1.62268806e-07
   2521  -1.64860505e-07
   2522  -1.64729806e-07
   2523  -1.64599263e-07
   2524  -1.64468874e-07
   2525  -1.64338640e-07
   2526  -1.64032749e-07
   2527  -1.63902963e-07
   2528  -1.63773332e-07
   2529  -1.63643854e-07
   2530  -1.63514529e-07
   2531  -1.65174944e-07
   2532  -1.65044512e-07
   2533  -1.64914236e-07
   2534  -1.64784113e-07
   2535  -1.64654144e-07
   2536  -1.69687115e-07
   2537  -1.69553385e-07
   2538  -1.69419813e-07
   2539  -1.69286398e-07
   2540  -1.69153141e-07
   2541  -1.71629397e-07
   2542  -1.71494402e-07
   2543  -1.71359566e-07
   2544  -1.71224889e-07
   2545  -1.71090371e-07
   2546  -1.78025245e-07
   2547  -1.77885494e-07
   2548  -1.77745908e-07
   2549  -1.77606485e-07
   2550  -1.77467227e-07
   2551  -1.78233959e-07
   2552  -1.78094318e-07
   2553  -1.77954841e-07
   2554  -1.77815528e-07
   2555  -1.77676379e-07
   2556  -1.85571249e-07
   2557  -1.85426144e-07
   2558  -1.85281209e-07
   2559  -1.85136444e-07
   2560  -1.84991848e-07
   2561  -1.88982669e-07
   2562  -1.88835184e-07
   2563  -1.88687873e-07
   2564  -1.88540733e-07
   2565  -1.88393766e-07
   2566  -1.90065682e-07
   2567  -1.89917642e-07
   2568  -1.89769774e-07
   2569  -1.89622079e-07
   2570  -1.89474556e-07
   2571  -1.94976180e-07
   2572  -1.94824609e-07
   2573  -1.94673216e-07
   2574  -1.94521999e-07
   2575  -1.94370958e-07
   2576  -1.90665878e-07
   2577  -1.90517946e-07
   2578  -1.90370186e-07
   2579  -1.90222598e-07
   2580  -1.90075181e-07
   2581  -1.95276806e-07
   2582  -1.95125590e-07
   2583  -1.94974550e-07
   2584  -1.94823684e-07
   2585  -1.94672994e-07
   2586  -1.96465940e-07
   2587  -1.96314097e-07
   2588  -1.96162430e-07
   2589  -1.96010939e-07
   2590  -1.95859623e-07
   2591  -1.99127332e-07
   2592  -1.98973729e-07
   2593  -1.98820303e-07
   2594  -1.98667055e-07
   2595  -1.98513984e-07
   2596  -2.04422287e-07
   2597  -2.04264903e-07
   2598  -2.04107700e-07
   2599  -2.03950679e-07
   2600  -2.03793839e-07
   2601  -2.03803605e-07
   2602  -2.03646999e-07
   2603  -2.03490573e-07
   2604  -2.03334327e-07
   2605  -2.03178261e-07
   2606  -2.13274067e-07
   2607  -2.13110497e-07
   2608  -2.12947116e-07
   2609  -2.12783922e-07
   2610  -2.12620916e-07
   2611  -2.12553996e-07
   2612  -2.12391291e-07
   2613  -2.12228772e-07
   2614  -2.12066440e-07
   2615  -2.11904294e-07
   2616  -2.18334573e-07
   2617  -2.18167762e-07
   2618  -2.18001142e-07
   2619  -2.17834713e-07
   2620  -2.17668475e-07
   2621  -2.13906741e-07
   2622  -2.13743625e-07
   2623  -2.13580695e-07
   2624  -2.13417951e-07
   2625  -2.13255393e-07
   2626  -2.16395067e-07
   2627  -2.16230367e-07
   2628  -2.16065855e-07
   2629  -2.15901531e-07
   2630  -2.15737394e-07
   2631  -2.21252841e-07
   2632  -2.21084764e-07
   2633  -2.20916878e-07
   2634  -2.20749183e-07
   2635  -2.20581679e-07
   2636  -2.18705023e-07
   2637  -2.18539196e-07
   2638  -2.18373558e-07
   2639  -2.18208108e-07
   2640  -2.18042845e-07
   2641  -2.21742980e-07
   2642  -2.21575168e-07
   2643  -2.21407546e-07
   2644  -2.21240115e-07
   2645  -2.21072873e-07
   2646  -2.23893374e-07
   2647  -2.23724254e-07
   2648  -2.23555326e-07
   2649  -2.23386589e-07
   2650  -2.23218043e-07
   2651  -2.24849125e-07
   2652  -2.24679603e-07
   2653  -2.24510273e-07
   2654  -2.24341135e-07
   2655  -2.24172187e-07
   2656  -2.33248474e-07
   2657  -2.33072951e-07
   2658  -2.32897625e-07
   2659  -2.32722498e-07
   2660  -2.32547568e-07
   2661  -2.27573164e-07
   2662  -2.27402233e-07
   2663  -2.27231494e-07
   2664  -2.27060948e-07
   2665  -2.26890594e-07
   2666  -2.35829416e-07
   2667  -2.35652616e-07
   2668  -2.35476015e-07
   2669  -2.35299611e-07
   2670  -2.35123407e-07
   2671  -2.33053195e-07
   2672  -2.32878803e-07
   2673  -2.32704606e-07
   2674  -2.32530605e-07
   2675  -2.32356799e-07
   2676  -2.30092529e-07
   2677  -2.29920673e-07
   2678  -2.29749011e-07
   2679  -2.29577540e-07
   2680  -2.29406262e-07
   2681  -2.35864185e-07
   2682  -2.35688347e-07
   2683  -2.35512706e-07
   2684  -2.35337262e-07
   2685  -2.35162013e-07
   2686  -2.32925288e-07
   2687  -2.32751965e-07
   2688  -2.32578834e-07
   2689  -2.32405897e-07
   2690  -2.32233153e-07
   2691  -2.38522726e-07
   2692  -2.38345566e-07
   2693  -2.38168604e-07
   2694  -2.37991840e-07
   2695  -2.37815271e-07
   2696  -2.31381786e-07
   2697  -2.31210249e-07
   2698  -2.31038903e-07
   2699  -2.30867747e-07
   2700  -2.30696781e-07
   2701  -2.35217974e-07
   2702  -2.35043916e-07
   2703  -2.34870050e-07
   2704  -2.34696378e-07
   2705  -2.34522898e-07
   2706  -2.36856910e-07
   2707  -2.36681962e-07
   2708  -2.36507209e-07
   2709  -2.36332649e-07
   2710  -2.36158282e-07
   2711  -2.36600489e-07
   2712  -2.36426053e-07
   2713  -2.36251810e-07
   2714  -2.36077759e-07
   2715  -2.35903901e-07
   2716  -2.41600103e-07
   2717  -2.41422309e-07
   2718  -2.41244711e-07
   2719  -2.41067308e-07
   2720  -2.40890102e-07
   2721  -2.32247716e-07
   2722  -2.32077118e-07
   2723  -2.31906708e-07
   2724  -2.31736486e-07
   2725  -2.31566451e-07
   2726  -2.37095764e-07
   2727  -2.36921924e-07
   2728  -2.36748275e-07
   2729  -2.36574817e-07
   2730  -2.36401550e-07
   2731  -2.37101463e-07
   2732  -2.36927937e-07
   2733  -2.36754601e-07
   2734  -2.36581456e-07
   2735  -2.36408501e-07
   2736  -2.31982173e-07
   2737  -2.31812704e-07
   2738  -2.31643420e-07
   2739  -2.31474322e-07
   2740  -2.31305409e-07
   2741  -2.38287959e-07
   2742  -2.38114201e-07
   2743  -2.37940632e-07
   2744  -2.37767254e-07
   2745  -2.37594064e-07
   2746  -2.31681107e-07
   2747  -2.31512474e-07
   2748  -2.31344025e-07
   2749  -2.31175759e-07
   2750  -2.31007677e-07
   2751  -2.35219234e-07
   2752  -2.35048336e-07
   2753  -2.34877625e-07
   2754  -2.34707099e-07
   2755  -2.34536759e-07
   2756  -2.35109558e-07
   2757  -2.34939049e-07
   2758  -2.34768726e-07
   2759  -2.34598589e-07
   2760  -2.34428636e-07
   2761  -2.34318825e-07
   2762  -2.34149198e-07
   2763  -2.33979755e-07
   2764  -2.33810496e-07
   2765  -2.33641420e-07
   2766  -2.35940016e-07
   2767  -2.35769524e-07
   2768  -2.35599217e-07
   2769  -2.35429094e-07
   2770  -2.35259155e-07
   2771  -2.28842011e-07
   2772  -2.28676946e-07
   2773  -2.28512059e-07
   2774  -2.28347351e-07
   2775  -2.28182821e-07
   2776  -2.35286811e-07
   2777  -2.35117403e-07
   2778  -2.34948177e-07
   2779  -2.34779135e-07
   2780  -2.34610274e-07
   2781  -2.28352319e-07
   2782  -2.28188199e-07
   2783  -2.28024256e-07
   2784  -2.27860489e-07
   2785  -2.27696899e-07
   2786  -2.30968006e-07
   2787  -2.30802304e-07
   2788  -2.30636780e-07
   2789  -2.30471434e-07
   2790  -2.30306266e-07
   2791  -2.30376707e-07
   2792  -2.30211725e-07
   2793  -2.30046920e-07
   2794  -2.29882292e-07
   2795  -2.29717841e-07
   2796  -2.26751105e-07
   2797  -2.26589010e-07
   2798  -2.26427088e-07
   2799  -2.26265340e-07
   2800  -2.26103765e-07
   2801  -2.26169138e-07
   2802  -2.26007747e-07
   2803  -2.25846529e-07
   2804  -2.25685483e-07
   2805  -2.25524610e-07
   2806  -2.20192646e-07
   2807  -2.20035800e-07
   2808  -2.19879121e-07
   2809  -2.19722609e-07
   2810  -2.19566265e-07
   2811  -2.21346890e-07
   2812  -2.21189502e-07
   2813  -2.21032281e-07
   2814  -2.20875228e-07
   2815  -2.20718343e-07
   2816  -2.23027023e-07
   2817  -2.22868721e-07
   2818  -2.22710588e-07
   2819  -2.22552624e-07
   2820  -2.22394827e-07
   2821  -2.20476908e-07
   2822  -2.20320693e-07
   2823  -2.20164645e-07
   2824  -2.20008763e-07
   2825  -2.19853045e-07
   2826  -2.19752984e-07
   2827  -2.19597558e-07
   2828  -2.19442297e-07
   2829  -2.19287200e-07
   2830  -2.19132268e-07
   2831  -2.17246114e-07
   2832  -2.17092732e-07
   2833  -2.16939513e-07
   2834  -2.16786456e-07
   2835  -2.16633560e-07
   2836  -2.18261357e-07
   2837  -2.18107530e-07
   2838  -2.17953865e-07
   2839  -2.17800363e-07
   2840  -2.17647023e-07
   2841  -2.14642855e-07
   2842  -2.14491844e-07
   2843  -2.14340993e-07
   2844  -2.14190301e-07
   2845  -2.14039767e-07
   2846  -2.11363985e-07
   2847  -2.11215543e-07
   2848  -2.11067256e-07
   2849  -2.10919126e-07
   2850  -2.10771151e-07
   2851  -2.07312550e-07
   2852  -2.07167208e-07
   2853  -2.07022019e-07
   2854  -2.06876982e-07
   2855  -2.06732097e-07
   2856  -2.04246564e-07
   2857  -2.04103622e-07
   2858  -2.03960830e-07
   2859  -2.03818188e-07
   2860  -2.03675695e-07
   2861  -2.04088559e-07
   2862  -2.03945977e-07
   2863  -2.03803544e-07
   2864  -2.03661261e-07
   2865  -2.03519126e-07
   2866  -2.01344333e-07
   2867  -2.01203914e-07
   2868  -2.01063641e-07
   2869  -2.00923514e-07
   2870  -2.00783535e-07
   2871  -1.99411215e-07
   2872  -1.99272386e-07
   2873  -1.99133701e-07
   2874  -1.98995162e-07
   2875  -1.98856766e-07
   2876  -1.95095884e-07
   2877  -1.94960294e-07
   2878  -1.94824846e-07
   2879  -1.94689540e-07
   2880  -1.94554374e-07
   2881  -1.94921829e-07
   2882  -1.94786595e-07
   2883  -1.94651503e-07
   2884  -1.94516551e-07
   2885  -1.94381739e-07
   2886  -1.93613404e-07
   2887  -1.93479311e-07
   2888  -1.93345358e-07
   2889  -1.93211543e-07
   2890  -1.93077867e-07
   2891  -1.92147925e-07
   2892  -1.92015077e-07
   2893  -1.91882367e-07
   2894  -1.91749794e-07
   2895  -1.91617359e-07
   2896  -1.91039383e-07
   2897  -1.90907529e-07
   2898  -1.90775812e-07
   2899  -1.90644231e-07
   2900  -1.90512786e-07
   2901  -1.84416124e-07
   2902  -1.84289060e-07
   2903  -1.84162129e-07
   2904  -1.84035328e-07
   2905  -1.83908658e-07
   2906  -1.82668464e-07
   2907  -1.82542822e-07
   2908  -1.82417309e-07
   2909  -1.82291925e-07
   2910  -1.82166671e-07
   2911  -1.76381688e-07
   2912  -1.76260578e-07
   2913  -1.76139593e-07
   2914  -1.76018732e-07
   2915  -1.75897995e-07
   2916  -1.75164620e-07
   2917  -1.75044552e-07
   2918  -1.74924607e-07
   2919  -1.74804785e-07
   2920  -1.74685087e-07
   2921  -1.77358549e-07
   2922  -1.77237184e-07
   2923  -1.77115945e-07
   2924  -1.76994829e-07
   2925  -1.76873838e-07
   2926  -1.71719446e-07
   2927  -1.71602141e-07
   2928  -1.71484956e-07
   2929  -1.71367892e-07
   2930  -1.71250947e-07
   2931  -1.73894085e-07
   2932  -1.73775497e-07
   2933  -1.73657030e-07
   2934  -1.73538685e-07
   2935  -1.73420461e-07
   2936  -1.70399743e-07
   2937  -1.70283736e-07
   2938  -1.70167848e-07
   2939  -1.70052077e-07
   2940  -1.69936425e-07
   2941  -1.66736909e-07
   2942  -1.66623589e-07
   2943  -1.66510384e-07
   2944  -1.66397294e-07
   2945  -1.66284320e-07
   2946  -1.66226843e-07
   2947  -1.66114061e-07
   2948  -1.66001393e-07
   2949  -1.65888841e-07
   2950  -1.65776402e-07
   2951  -1.56547705e-07
   2952  -1.56441670e-07
   2953  -1.56335742e-07
   2954  -1.56229922e-07
   2955  -1.56124210e-07
   2956  -1.55787234e-07
   2957  -1.55681892e-07
   2958  -1.55576657e-07
   2959  -1.55471529e-07
   2960  -1.55366507e-07
   2961  -1.52260004e-07
   2962  -1.52157221e-07
   2963  -1.52054542e-07
   2964  -1.51951967e-07
   2965  -1.51849496e-07
   2966  -1.51129586e-07
   2967  -1.51027738e-07
   2968  -1.50925993e-07
   2969  -1.50824351e-07
   2970  -1.50722811e-07
   2971  -1.51026938e-07
   2972  -1.50925330e-07
   2973  -1.50823825e-07
   2974  -1.50722422e-07
   2975  -1.50621122e-07
   2976  -1.44940786e-07
   2977  -1.44843436e-07
   2978  -1.44746185e-07
   2979  -1.44649032e-07
   2980  -1.44551976e-07
   2981  -1.48125439e-07
   2982  -1.48026118e-07
   2983  -1.47926896e-07
   2984  -1.47827774e-07
   2985  -1.47728752e-07
   2986  -1.43702690e-07
   2987  -1.43606496e-07
   2988  -1.43510398e-07
   2989  -1.43414396e-07
   2990  -1.43318491e-07
   2991  -1.43091964e-07
   2992  -1.42996338e-07
   2993  -1.42900808e-07
   2994  -1.42805374e-07
   2995  -1.42710035e-07
   2996  -1.37888365e-07
   2997  -1.37796371e-07
   2998  -1.37704468e-07
   2999  -1.37612658e-07
   3000  -1.37520939e-07
   3001  -1.31538742e-07
   3002  -1.31451130e-07
   3003  -1.31363605e-07
   3004  -1.31276168e-07
   3005  -1.31188818e-07
   3006  -1.30658798e-07
   3007  -1.30571916e-07
   3008  -1.30485121e-07
   3009  -1.30398413e-07
   3010  -1.30311791e-07
   3011  -1.25129071e-07
   3012  -1.25046004e-07
   3013  -1.24963021e-07
   3014  -1.24880120e-07
   3015  -1.24797301e-07
   3016  -1.22874283e-07
   3017  -1.22792849e-07
   3018  -1.22711495e-07
   3019  -1.22630223e-07
   3020  -1.22549031e-07
   3021  -1.21372215e-07
   3022  -1.21291909e-07
   3023  -1.21211683e-07
   3024  -1.21131537e-07
   3025  -1.21051470e-07
   3026  -1.18197413e-07
   3027  -1.18119337e-07
   3028  -1.18041338e-07
   3029  -1.17963417e-07
   3030  -1.17885572e-07
   3031  -1.21599017e-07
   3032  -1.21518827e-07
   3033  -1.21438715e-07
   3034  -1.21358683e-07
   3035  -1.21278730e-07
   3036  -1.18967762e-07
   3037  -1.18889436e-07
   3038  -1.18811187e-07
   3039  -1.18733015e-07
   3040  -1.18654921e-07
   3041  -1.18924244e-07
   3042  -1.18846075e-07
   3043  -1.18767983e-07
   3044  -1.18689968e-07
   3045  -1.18612030e-07
   3046  -1.15568516e-07
   3047  -1.15492677e-07
   3048  -1.15416914e-07
   3049  -1.15341224e-07
   3050  -1.15265609e-07
   3051  -1.13741584e-07
   3052  -1.13667067e-07
   3053  -1.13592622e-07
   3054  -1.13518251e-07
   3055  -1.13443953e-07
   3056  -1.12017616e-07
   3057  -1.11944348e-07
   3058  -1.11871152e-07
   3059  -1.11798027e-07
   3060  -1.11724974e-07
   3061  -1.07816083e-07
   3062  -1.07745679e-07
   3063  -1.07675343e-07
   3064  -1.07605076e-07
   3065  -1.07534878e-07
   3066  -1.08314491e-07
   3067  -1.08243876e-07
   3068  -1.08173330e-07
   3069  -1.08102853e-07
   3070  -1.08032445e-07
   3071  -1.05851282e-07
   3072  -1.05782385e-07
   3073  -1.05713556e-07
   3074  -1.05644793e-07
   3075  -1.05576098e-07
   3076  -1.04717135e-07
   3077  -1.04649087e-07
   3078  -1.04581106e-07
   3079  -1.04513190e-07
   3080  -1.04445341e-07
   3081  -9.85869840e-08
   3082  -9.85230236e-08
   3083  -9.84591254e-08
   3084  -9.83952894e-08
   3085  -9.83315154e-08
   3086  -9.17160744e-08
   3087  -9.16566680e-08
   3088  -9.15973193e-08
   3089  -9.15380282e-08
   3090  -9.14787947e-08
   3091  -8.13596459e-08
   3092  -8.13070328e-08
   3093  -8.12544707e-08
   3094  -8.12019595e-08
   3095  -8.11494992e-08
   3096  -6.40261280e-08
   3097  -6.39847908e-08
   3098  -6.39434937e-08
   3099  -6.39022365e-08
   3100  -6.38610192e-08
   3101  -4.64752413e-08
   3102  -4.64452839e-08
   3103  -4.64153554e-08
   3104  -4.63854558e-08
   3105  -4.63555851e-08
   3106  -2.93182040e-08
   3107  -2.92993362e-08
   3108  -2.92804866e-08
   3109  -2.92616552e-08
   3110  -2.92428419e-08
   3111  -1.86939625e-08
   3112  -1.86819513e-08
   3113  -1.86699516e-08
   3114  -1.86579635e-08
   3115  -1.86459870e-08
   3116  -1.15511001e-08
   3117  -1.15436902e-08
   3118  -1.15362874e-08
   3119  -1.15288917e-08
   3120  -1.15215032e-08
   3121  -7.56988449e-09
   3122  -7.56503627e-09
   3123  -7.56019271e-09
   3124  -7.55535380e-09
   3125  -7.55051954e-09
   3126  -5.42847364e-09
   3127  -5.42500247e-09
   3128  -5.42153463e-09
   3129  -5.41807012e-09
   3130  -5.41460892e-09
   3131  -4.06108624e-09
   3132  -4.05849358e-09
   3133  -4.05590339e-09
   3134  -4.05331569e-09
   3135  -4.05073046e-09
   3136  -3.29626723e-09
   3137  -3.29416619e-09
   3138  -3.29206716e-09
   3139  -3.28997014e-09
   3140  -3.28787511e-09
   3141  -2.55837742e-09
   3142  -2.55674931e-09
   3143  -2.55512275e-09
   3144  -2.55349774e-09
   3145  -2.55187428e-09
   3146  -2.00721364e-09
   3147  -2.00593831e-09
   3148  -2.00466419e-09
   3149  -2.00339129e-09
   3150  -2.00211959e-09
   3151  -1.60270366e-09
   3152  -1.60168695e-09
   3153  -1.60067122e-09
   3154  -1.59965645e-09
   3155  -1.59864265e-09
   3156  -1.22870123e-09
   3157  -1.22792302e-09
   3158  -1.22714554e-09
   3159  -1.22636881e-09
   3160  -1.22559281e-09
   3161  -1.00196016e-09
   3162  -1.00132656e-09
   3163  -1.00069356e-09
   3164  -1.00006116e-09
   3165  -9.99429356e-10
   3166  -8.38298844e-10
   3167  -8.37769573e-10
   3168  -8.37240803e-10
   3169  -8.36712534e-10
   3170  -8.36184764e-10
   3171  -7.18046975e-10
   3172  -7.17594342e-10
   3173  -7.17142136e-10
   3174  -7.16690357e-10
   3175  -7.16239005e-10
   3176  -5.93916386e-10
   3177  -5.93542589e-10
   3178  -5.93169145e-10
   3179  -5.92796054e-10
   3180  -5.92423314e-10
   3181  -4.48559748e-10
   3182  -4.48277879e-10
   3183  -4.47996275e-10
   3184  -4.47714937e-10
   3185  -4.47433863e-10
   3186  -3.38855300e-10
   3187  -3.38642702e-10
   3188  -3.38430303e-10
   3189  -3.38218105e-10
   3190  -3.38006106e-10
   3191  -2.32433646e-10
   3192  -2.32288045e-10
   3193  -2.32142581e-10
   3194  -2.31997253e-10
   3195  -2.31852062e-10
   3196  -1.65674130e-10
   3197  -1.65570510e-10
   3198  -1.65466988e-10
   3199  -1.65363563e-10
   3200  -1.65260235e-10
   3201  -1.11014931e-10
   3202  -1.10945607e-10
   3203  -1.10876347e-10
   3204  -1.10807152e-10
   3205  -1.10738022e-10
   3206  -6.87097051e-11
   3207  -6.86668653e-11
   3208  -6.86240656e-11
   3209  -6.85813058e-11
   3210  -6.85385860e-11
   3211  -3.45069006e-11
   3212  -3.44854194e-11
   3213  -3.44639582e-11
   3214  -3.44425171e-11
   3215  -3.44210960e-11
   3216  -8.95431353e-13
   3217  -8.94874796e-13
   3218  -8.94318757e-13
   3219  -8.93763236e-13
   3220  -8.93208233e-13
   3221   2.85205162e-11
   3222   2.85028167e-11
   3223   2.84851336e-11
   3224   2.84674671e-11
   3225   2.84498169e-11
   3226   5.01629457e-11
   3227   5.01318634e-11
   3228   5.01008099e-11
   3229   5.00697854e-11
   3230   5.00387896e-11
   3231   6.29586176e-11
   3232   6.29196671e-11
   3233   6.28807527e-11
   3234   6.28418744e-11
   3235   6.28030322e-11
   3236   7.55452577e-11
   3237   7.54985925e-11
   3238   7.54519704e-11
   3239   7.54053915e-11
   3240   7.53588557e-11
   3241   8.13984604e-11
   3242   8.13482571e-11
   3243   8.12981001e-11
   3244   8.12479896e-11
   3245   8.11979254e-11
   3246   9.43705154e-11
   3247   9.43124010e-11
   3248   9.42543403e-11
   3249   9.41963331e-11
   3250   9.41383795e-11
   3251   1.03331312e-10
   3252   1.03267777e-10
   3253   1.03204301e-10
   3254   1.03140883e-10
   3255   1.03077524e-10
   3256   1.11968610e-10
   3257   1.11899870e-10
   3258   1.11831194e-10
   3259   1.11762580e-10
   3260   1.11694030e-10
   3261   1.21061068e-10
   3262   1.20986860e-10
   3263   1.20912720e-10
   3264   1.20838648e-10
   3265   1.20764644e-10
   3266   1.17059155e-10
   3267   1.16987510e-10
   3268   1.16915931e-10
   3269   1.16844417e-10
   3270   1.16772969e-10
   3271   1.19286064e-10
   3272   1.19213167e-10
   3273   1.19140337e-10
   3274   1.19067574e-10
   3275   1.18994878e-10
   3276   1.12566926e-10
   3277   1.12498241e-10
   3278   1.12429618e-10
   3279   1.12361058e-10
   3280   1.12292561e-10
   3281   1.08238667e-10
   3282   1.08172723e-10
   3283   1.08106840e-10
   3284   1.08041016e-10
   3285   1.07975253e-10
   3286   1.03712677e-10
   3287   1.03649586e-10
   3288   1.03586553e-10
   3289   1.03523578e-10
   3290   1.03460660e-10
   3291   9.50779230e-11
   3292   9.50201732e-11
   3293   9.49624759e-11
   3294   9.49048312e-11
   3295   9.48472389e-11
   3296   9.31230007e-11
   3297   9.30665240e-11
   3298   9.30100987e-11
   3299   9.29537247e-11
   3300   9.28974019e-11
