     50   9.25774236e-14
     51   7.36710113e-14
     52   7.08779894e-14
     53   6.82408433e-14
     54   6.57481859e-14
     55   6.33896515e-14
     56   3.27645949e-14
     57   3.16299552e-14
     58   3.05532503e-14
     59   2.95306020e-14
     60   2.85584513e-14
     61   1.27555747e-14
     62   1.23490422e-14
     63   1.19616394e-14
     64   1.15921847e-14
     65   1.12395862e-14
     66   3.09203012e-14
     67   3.00075626e-14
     68   2.91346504e-14
     69   2.82992809e-14
     70   2.74993317e-14
     71   2.24588937e-14
     72   2.18414892e-14
     73   2.12491984e-14
     74   2.06806773e-14
     75   2.01346709e-14
     76   3.60014287e-14
     77   3.50753761e-14
     78   3.41846001e-14
     79   3.33273317e-14
     80   3.25019110e-14
     81   5.91457758e-14
     82   5.77163103e-14
     83   5.63380477e-14
     84   5.50085713e-14
     85   5.37256057e-14
     86   4.19485485e-14
     87   4.09924798e-14
     88   4.00687279e-14
     89   3.91758524e-14
     90   3.83124926e-14
     91   4.31392950e-14
     92   4.22090881e-14
     93   4.13086470e-14
     94   4.04367151e-14
     95   3.95921014e-14
     96   2.88105218e-14
     97   2.82210598e-14
     98   2.76495052e-14
     99   2.70951397e-14
    100   2.65572809e-14
    101   1.01361216e-14
    102   9.93882834e-15
    103   9.74723984e-15
    104   9.56113823e-15
    105   9.38031598e-15
    106   7.91112888e-15
    107   7.76428897e-15
    108   7.62149974e-15
    109   7.48261354e-15
    110   7.34748942e-15
    111   1.88929393e-14
    112   1.85578145e-14
    113   1.82315281e-14
    114   1.79137718e-14
    115   1.76042510e-14
    116   2.65924090e-14
    117   2.61407394e-14
    118   2.57004803e-14
    119   2.52712503e-14
    120   2.48526843e-14
    121   4.72954152e-14
    122   4.65248274e-14
    123   4.57729203e-14
    124   4.50390948e-14
    125   4.43227759e-14
    126   6.58553790e-14
    127   6.48243869e-14
    128   6.38174177e-14
    129   6.28337305e-14
    130   6.18726134e-14
    131   5.55537343e-14
    132   5.47167755e-14
    133   5.38985894e-14
    134   5.30986186e-14
    135   5.23163266e-14
    136   3.70976654e-14
    137   3.65590477e-14
    138   3.60320756e-14
    139   3.55164158e-14
    140   3.50117469e-14
    141   2.17187299e-14
    142   2.14144422e-14
    143   2.11165049e-14
    144   2.08247423e-14
    145   2.05389851e-14
    146   1.96784165e-14
    147   1.94120443e-14
    148   1.91510443e-14
    149   1.88952729e-14
    150   1.86445914e-14
    151   3.13864033e-14
    152   3.09754553e-14
    153   3.05725258e-14
    154   3.01774074e-14
    155   2.97898996e-14
    156   3.34806813e-14
    157   3.30562068e-14
    158   3.26397537e-14
    159   3.22311213e-14
    160   3.18301150e-14
    161   8.02586194e-14
    162   7.92723454e-14
    163   7.83041404e-14
    164   7.73535656e-14
    165   7.64201957e-14
    166   6.73759577e-14
    167   6.65726730e-14
    168   6.57836688e-14
    169   6.50086085e-14
    170   6.42471656e-14
    171   7.92694706e-14
    172   7.83517402e-14
    173   7.74498553e-14
    174   7.65634532e-14
    175   7.56921817e-14
    176   1.08047695e-13
    177   1.06831976e-13
    178   1.05636660e-13
    179   1.04461294e-13
    180   1.03305436e-13
    181   6.25955554e-14
    182   6.19105190e-14
    183   6.12366667e-14
    184   6.05737566e-14
    185   5.99215528e-14
    186   7.07536300e-14
    187   6.99999336e-14
    188   6.92582164e-14
    189   6.85282258e-14
    190   6.78097160e-14
    191   5.98350240e-14
    192   5.92141708e-14
    193   5.86029308e-14
    194   5.80011066e-14
    195   5.74085056e-14
    196   6.48979645e-14
    197   6.42416039e-14
    198   6.35951506e-14
    199   6.29584062e-14
    200   6.23311772e-14
    201   6.17056423e-14
    202   6.10969581e-14
    203   6.04972361e-14
    204   5.99063012e-14
    205   5.93239825e-14
    206   2.76589512e-14
    207   2.73926808e-14
    208   2.71302371e-14
    209   2.68715471e-14
    210   2.66165394e-14
    211   3.04099026e-15
    212   3.01240292e-15
    213   2.98421681e-15
    214   2.95642445e-15
    215   2.92901854e-15
    216   0.00000000e+00
    217   0.00000000e+00
    218   0.00000000e+00
    219   0.00000000e+00
    220   0.00000000e+00
    221   0.00000000e+00
    222   0.00000000e+00
    223   0.00000000e+00
    224   0.00000000e+00
    225   0.00000000e+00
    226   6.73458436e-16
    227   6.67544443e-16
    228   6.61708009e-16
    229   6.55947786e-16
    230   6.50262452e-16
    231   0.00000000e+00
    232   0.00000000e+00
    233   0.00000000e+00
    234   0.00000000e+00
    235   0.00000000e+00
    236   0.00000000e+00
    237   0.00000000e+00
    238   0.00000000e+00
    239   0.00000000e+00
    240   0.00000000e+00
    241   0.00000000e+00
    242   0.00000000e+00
    243   0.00000000e+00
    244   0.00000000e+00
    245   0.00000000e+00
    246   5.75260373e-14
    247   5.70616510e-14
    248   5.66028652e-14
    249   5.61495904e-14
    250   5.57017386e-14
    251   6.41045205e-13
    252   6.35972656e-13
    253   6.30960079e-13
    254   6.26006530e-13
    255   6.21111088e-13
    256   9.91103095e-13
    257   9.83412695e-13
    258   9.75811459e-13
    259   9.68298013e-13
    260   9.60871012e-13
    261   2.02775636e-12
    262   2.01232153e-12
    263   1.99706226e-12
    264   1.98197590e-12
    265   1.96705985e-12
    266   1.81157037e-12
    267   1.79803860e-12
    268   1.78465788e-12
    269   1.77142598e-12
    270   1.75834069e-12
    271   3.61274154e-12
    272   3.58625037e-12
    273   3.56004952e-12
    274   3.53413476e-12
    275   3.50850193e-12
    276   6.52250726e-12
    277   6.47554063e-12
    278   6.42907946e-12
    279   6.38311654e-12
    280   6.33764476e-12
    281   2.71184311e-11
    282   2.69266124e-11
    283   2.67368217e-11
    284   2.65490306e-11
    285   2.63632111e-11
    286   5.03301324e-11
    287   4.99803147e-11
    288   4.96341315e-11
    289   4.92915326e-11
    290   4.89524686e-11
    291   8.47039470e-11
    292   8.41252705e-11
    293   8.35525040e-11
    294   8.29855671e-11
    295   8.24243810e-11
    296   1.26644340e-10
    297   1.25793666e-10
    298   1.24951534e-10
    299   1.24117831e-10
    300   1.23292444e-10
    301   1.54365517e-10
    302   1.53345764e-10
    303   1.52336082e-10
    304   1.51336339e-10
    305   1.50346406e-10
    306   2.46118201e-10
    307   2.44518736e-10
    308   2.42934812e-10
    309   2.41366228e-10
    310   2.39812788e-10
    311   2.49922067e-10
    312   2.48323847e-10
    313   2.46740909e-10
    314   2.45173059e-10
    315   2.43620105e-10
    316   3.39601537e-10
    317   3.37464002e-10
    318   3.35346585e-10
    319   3.33249034e-10
    320   3.31171101e-10
    321   4.24820477e-10
    322   4.22187977e-10
    323   4.19579871e-10
    324   4.16995858e-10
    325   4.14435642e-10
    326   4.21529271e-10
    327   4.18957014e-10
    328   4.16408231e-10
    329   4.13882636e-10
    330   4.11379948e-10
    331   5.77356982e-10
    332   5.73886773e-10
    333   5.70447757e-10
    334   5.67039561e-10
    335   5.63661818e-10
    336   5.52376183e-10
    337   5.49105271e-10
    338   5.45863327e-10
    339   5.42650009e-10
    340   5.39464981e-10
    341   7.60653853e-10
    342   7.56215325e-10
    343   7.51815534e-10
    344   7.47454030e-10
    345   7.43130369e-10
    346   8.17004997e-10
    347   8.12306198e-10
    348   8.07647818e-10
    349   8.03029396e-10
    350   7.98450476e-10
    351   8.32804567e-10
    352   8.28082791e-10
    353   8.23401058e-10
    354   8.18758916e-10
    355   8.14155922e-10
    356   1.07443174e-09
    357   1.06842514e-09
    358   1.06246877e-09
    359   1.05656207e-09
    360   1.05070450e-09
    361   1.03711661e-09
    362   1.03139854e-09
    363   1.02572763e-09
    364   1.02010336e-09
    365   1.01452522e-09
    366   1.26481920e-09
    367   1.25794052e-09
    368   1.25111780e-09
    369   1.24435044e-09
    370   1.23763784e-09
    371   1.28021732e-09
    372   1.27334829e-09
    373   1.26653440e-09
    374   1.25977505e-09
    375   1.25306967e-09
    376   1.45858027e-09
    377   1.45085782e-09
    378   1.44319653e-09
    379   1.43559577e-09
    380   1.42805489e-09
    381   1.67437585e-09
    382   1.66562668e-09
    383   1.65694590e-09
    384   1.64833280e-09
    385   1.63978669e-09
    386   1.59559125e-09
    387   1.58736126e-09
    388   1.57919478e-09
    389   1.57109116e-09
    390   1.56304976e-09
    391   1.94724700e-09
    392   1.93733105e-09
    393   1.92749065e-09
    394   1.91772504e-09
    395   1.90803345e-09
    396   1.89898913e-09
    397   1.88944048e-09
    398   1.87996368e-09
    399   1.87055799e-09
    400   1.86122271e-09
    401   2.23935241e-09
    402   2.22823211e-09
    403   2.21719444e-09
    404   2.20623858e-09
    405   2.19536373e-09
    406   2.37272326e-09
    407   2.36108515e-09
    408   2.34953245e-09
    409   2.33806434e-09
    410   2.32667998e-09
    411   2.43614074e-09
    412   2.42433632e-09
    413   2.41261748e-09
    414   2.40098341e-09
    415   2.38943330e-09
    416   2.67693803e-09
    417   2.66412207e-09
    418   2.65139791e-09
    419   2.63876470e-09
    420   2.62622157e-09
    421   2.87196146e-09
    422   2.85837443e-09
    423   2.84488359e-09
    424   2.83148804e-09
    425   2.81818687e-09
    426   3.18236424e-09
    427   3.16748470e-09
    428   3.15270928e-09
    429   3.13803700e-09
    430   3.12346691e-09
    431   3.44652060e-09
    432   3.43059216e-09
    433   3.41477388e-09
    434   3.39906476e-09
    435   3.38346379e-09
    436   3.75562457e-09
    437   3.73846582e-09
    438   3.72142440e-09
    439   3.70449924e-09
    440   3.68768927e-09
    441   3.79970233e-09
    442   3.78253824e-09
    443   3.76549020e-09
    444   3.74855715e-09
    445   3.73173807e-09
    446   4.18141013e-09
    447   4.16273271e-09
    448   4.14418016e-09
    449   4.12575136e-09
    450   4.10744522e-09
    451   4.44467579e-09
    452   4.42504168e-09
    453   4.40553738e-09
    454   4.38616175e-09
    455   4.36691367e-09
    456   4.88444222e-09
    457   4.86310115e-09
    458   4.84189963e-09
    459   4.82083647e-09
    460   4.79991045e-09
    461   5.11933633e-09
    462   5.09721064e-09
    463   5.07522807e-09
    464   5.05338741e-09
    465   5.03168743e-09
    466   4.92441333e-09
    467   4.90335759e-09
    468   4.88243662e-09
    469   4.86164925e-09
    470   4.84099436e-09
    471   5.96964542e-09
    472   5.94439047e-09
    473   5.91929543e-09
    474   5.89435898e-09
    475   5.86957977e-09
    476   5.93416025e-09
    477   5.90931815e-09
    478   5.88463173e-09
    479   5.86009967e-09
    480   5.83572070e-09
    481   6.80296153e-09
    482   6.77477735e-09
    483   6.74676796e-09
    484   6.71893191e-09
    485   6.69126778e-09
    486   6.70479106e-09
    487   6.67729834e-09
    488   6.64997438e-09
    489   6.62281780e-09
    490   6.59582722e-09
    491   6.71572778e-09
    492   6.68846964e-09
    493   6.66137713e-09
    494   6.63444890e-09
    495   6.60768362e-09
    496   7.92388127e-09
    497   7.89204249e-09
    498   7.86039523e-09
    499   7.82893794e-09
    500   7.79766912e-09
    501   7.59853640e-09
    502   7.56830853e-09
    503   7.53826068e-09
    504   7.50839141e-09
    505   7.47869933e-09
    506   8.90512357e-09
    507   8.87004679e-09
    508   8.83517685e-09
    509   8.80051213e-09
    510   8.76605102e-09
    511   9.07470746e-09
    512   9.03931126e-09
    513   9.00412175e-09
    514   8.96913733e-09
    515   8.93435640e-09
    516   9.51928646e-09
    517   9.48251473e-09
    518   9.44595567e-09
    519   9.40960762e-09
    520   9.37346897e-09
    521   1.07775791e-08
    522   1.07363450e-08
    523   1.06953471e-08
    524   1.06545835e-08
    525   1.06140525e-08
    526   9.72891834e-09
    527   9.69204894e-09
    528   9.65538874e-09
    529   9.61893614e-09
    530   9.58268958e-09
    531   1.19504950e-08
    532   1.19056317e-08
    533   1.18610204e-08
    534   1.18166595e-08
    535   1.17725469e-08
    536   1.16274143e-08
    537   1.15841697e-08
    538   1.15411658e-08
    539   1.14984010e-08
    540   1.14558734e-08
    541   1.31334642e-08
    542   1.30850683e-08
    543   1.30369393e-08
    544   1.29890754e-08
    545   1.29414746e-08
    546   1.34307302e-08
    547   1.33816906e-08
    548   1.33329191e-08
    549   1.32844137e-08
    550   1.32361726e-08
    551   1.30122464e-08
    552   1.29651646e-08
    553   1.29183378e-08
    554   1.28717643e-08
    555   1.28254422e-08
    556   1.54456794e-08
    557   1.53902938e-08
    558   1.53352055e-08
    559   1.52804125e-08
    560   1.52259126e-08
    561   1.45580430e-08
    562   1.45063041e-08
    563   1.44548405e-08
    564   1.44036503e-08
    565   1.43527316e-08
    566   1.66172651e-08
    567   1.65587279e-08
    568   1.65004995e-08
    569   1.64425776e-08
    570   1.63849602e-08
    571   1.61598348e-08
    572   1.61034059e-08
    573   1.60472721e-08
    574   1.59914312e-08
    575   1.59358814e-08
    576   1.78715873e-08
    577   1.78097212e-08
    578   1.77481758e-08
    579   1.76869488e-08
    580   1.76260381e-08
    581   1.85541084e-08
    582   1.84904306e-08
    583   1.84270802e-08
    584   1.83640547e-08
    585   1.83013520e-08
    586   1.86381389e-08
    587   1.85747170e-08
    588   1.85116182e-08
    589   1.84488404e-08
    590   1.83863814e-08
    591   2.09650772e-08
    592   2.08943388e-08
    593   2.08239580e-08
    594   2.07539321e-08
    595   2.06842588e-08
    596   2.10109593e-08
    597   2.09406592e-08
    598   2.08707113e-08
    599   2.08011133e-08
    600   2.07318629e-08
    601   2.29474754e-08
    602   2.28713329e-08
    603   2.27955686e-08
    604   2.27201803e-08
    605   2.26451653e-08
    606   2.29712005e-08
    607   2.28956063e-08
    608   2.28203846e-08
    609   2.27455331e-08
    610   2.26710492e-08
    611   2.29837456e-08
    612   2.29087273e-08
    613   2.28340757e-08
    614   2.27597883e-08
    615   2.26858630e-08
    616   2.69352249e-08
    617   2.68480207e-08
    618   2.67612392e-08
    619   2.66748779e-08
    620   2.65889339e-08
    621   2.59390626e-08
    622   2.58557578e-08
    623   2.57728536e-08
    624   2.56903475e-08
    625   2.56082369e-08
    626   2.88424846e-08
    627   2.87505931e-08
    628   2.86591399e-08
    629   2.85681224e-08
    630   2.84775379e-08
    631   2.81084936e-08
    632   2.80196481e-08
    633   2.79312232e-08
    634   2.78432163e-08
    635   2.77556246e-08
    636   2.97342635e-08
    637   2.96410161e-08
    638   2.95482067e-08
    639   2.94558326e-08
    640   2.93638909e-08
    641   3.27534890e-08
    642   3.26515723e-08
    643   3.25501305e-08
    644   3.24491608e-08
    645   3.23486602e-08
    646   3.11339853e-08
    647   3.10378557e-08
    648   3.09421706e-08
    649   3.08469274e-08
    650   3.07521232e-08
    651   3.52568798e-08
    652   3.51488542e-08
    653   3.50413243e-08
    654   3.49342871e-08
    655   3.48277396e-08
    656   3.47220448e-08
    657   3.46164666e-08
    658   3.45113692e-08
    659   3.44067497e-08
    660   3.43026052e-08
    661   3.65659328e-08
    662   3.64555868e-08
    663   3.63457395e-08
    664   3.62363879e-08
    665   3.61275291e-08
    666   3.81078353e-08
    667   3.79936973e-08
    668   3.78800714e-08
    669   3.77669544e-08
    670   3.76543433e-08
    671   3.68774890e-08
    672   3.67678570e-08
    673   3.66587131e-08
    674   3.65500545e-08
    675   3.64418783e-08
    676   4.24938245e-08
    677   4.23684278e-08
    678   4.22435854e-08
    679   4.21192939e-08
    680   4.19955501e-08
    681   4.04491125e-08
    682   4.03306237e-08
    683   4.02126549e-08
    684   4.00952028e-08
    685   3.99782646e-08
    686   4.53999127e-08
    687   4.52678883e-08
    688   4.51364390e-08
    689   4.50055613e-08
    690   4.48752521e-08
    691   4.52950687e-08
    692   4.51642999e-08
    693   4.50340965e-08
    694   4.49044554e-08
    695   4.47753733e-08
    696   4.61789141e-08
    697   4.60465490e-08
    698   4.59147521e-08
    699   4.57835203e-08
    700   4.56528503e-08
    701   5.06943830e-08
    702   5.05501087e-08
    703   5.04064495e-08
    704   5.02634018e-08
    705   5.01209622e-08
    706   4.75874400e-08
    707   4.74529648e-08
    708   4.73190588e-08
    709   4.71857187e-08
    710   4.70529415e-08
    711   5.35674452e-08
    712   5.34171333e-08
    713   5.32674531e-08
    714   5.31184012e-08
    715   5.29699740e-08
    716   5.30665241e-08
    717   5.29186550e-08
    718   5.27714032e-08
    719   5.26247651e-08
    720   5.24787374e-08
    721   5.70384476e-08
    722   5.68806104e-08
    723   5.67234274e-08
    724   5.65668951e-08
    725   5.64110098e-08
    726   5.78594516e-08
    727   5.77004426e-08
    728   5.75420880e-08
    729   5.73843845e-08
    730   5.72273285e-08
    731   5.65696786e-08
    732   5.64152749e-08
    733   5.62615025e-08
    734   5.61083579e-08
    735   5.59558378e-08
    736   6.10612761e-08
    737   6.08957424e-08
    738   6.07308809e-08
    739   6.05666880e-08
    740   6.04031600e-08
    741   6.12510074e-08
    742   6.10860771e-08
    743   6.09218121e-08
    744   6.07582087e-08
    745   6.05952635e-08
    746   6.52291368e-08
    747   6.50546691e-08
    748   6.48809004e-08
    749   6.47078271e-08
    750   6.45354453e-08
    751   6.71969311e-08
    752   6.70183940e-08
    753   6.68405675e-08
    754   6.66634478e-08
    755   6.64870312e-08
    756   6.42722825e-08
    757   6.41026427e-08
    758   6.39336737e-08
    759   6.37653719e-08
    760   6.35977338e-08
    761   7.50662406e-08
    762   7.48694102e-08
    763   7.46733528e-08
    764   7.44780646e-08
    765   7.42835415e-08
    766   7.11383130e-08
    767   7.09529967e-08
    768   7.07684036e-08
    769   7.05845299e-08
    770   7.04013719e-08
    771   7.44325185e-08
    772   7.42398753e-08
    773   7.40479791e-08
    774   7.38568259e-08
    775   7.36664120e-08
    776   7.59117303e-08
    777   7.57165218e-08
    778   7.55220653e-08
    779   7.53283570e-08
    780   7.51353929e-08
    781   7.94825750e-08
    782   7.92794896e-08
    783   7.90771815e-08
    784   7.88756469e-08
    785   7.86748817e-08
    786   8.18144481e-08
    787   8.16067314e-08
    788   8.13998048e-08
    789   8.11936641e-08
    790   8.09883056e-08
    791   8.21054881e-08
    792   8.18983472e-08
    793   8.16919892e-08
    794   8.14864102e-08
    795   8.12816062e-08
    796   8.67840288e-08
    797   8.65664568e-08
    798   8.63497021e-08
    799   8.61337604e-08
    800   8.59186278e-08
    801   8.61316740e-08
    802   8.59170825e-08
    803   8.57032920e-08
    804   8.54902985e-08
    805   8.52780980e-08
    806   9.03837587e-08
    807   9.01599674e-08
    808   8.99370062e-08
    809   8.97148710e-08
    810   8.94935578e-08
    811   9.11382930e-08
    812   9.09140216e-08
    813   9.06905771e-08
    814   9.04679553e-08
    815   9.02461522e-08
    816   9.24272272e-08
    817   9.22011748e-08
    818   9.19759506e-08
    819   9.17515506e-08
    820   9.15279709e-08
    821   9.71132036e-08
    822   9.68771339e-08
    823   9.66419239e-08
    824   9.64075695e-08
    825   9.61740665e-08
    826   9.94239549e-08
    827   9.91837280e-08
    828   9.89443706e-08
    829   9.87058787e-08
    830   9.84682480e-08
    831   1.04156104e-07
    832   1.03905954e-07
    833   1.03656705e-07
    834   1.03408351e-07
    835   1.03160888e-07
    836   1.02296348e-07
    837   1.02052131e-07
    838   1.01808788e-07
    839   1.01566314e-07
    840   1.01324705e-07
    841   1.03496634e-07
    842   1.03251018e-07
    843   1.03006275e-07
    844   1.02762401e-07
    845   1.02519392e-07
    846   1.11954983e-07
    847   1.11690861e-07
    848   1.11427672e-07
    849   1.11165412e-07
    850   1.10904077e-07
    851   1.07374987e-07
    852   1.07123155e-07
    853   1.06872208e-07
    854   1.06622141e-07
    855   1.06372951e-07
    856   1.14397516e-07
    857   1.14130777e-07
    858   1.13864971e-07
    859   1.13600091e-07
    860   1.13336135e-07
    861   1.10820851e-07
    862   1.10563949e-07
    863   1.10307940e-07
    864   1.10052819e-07
    865   1.09798582e-07
    866   1.20841461e-07
    867   1.20562945e-07
    868   1.20285390e-07
    869   1.20008792e-07
    870   1.19733148e-07
    871   1.22440449e-07
    872   1.22159864e-07
    873   1.21880242e-07
    874   1.21601579e-07
    875   1.21323871e-07
    876   1.20520445e-07
    877   1.20245833e-07
    878   1.19972158e-07
    879   1.19699417e-07
    880   1.19427604e-07
    881   1.26945285e-07
    882   1.26657672e-07
    883   1.26371035e-07
    884   1.26085370e-07
    885   1.25800673e-07
    886   1.25234425e-07
    887   1.24952286e-07
    888   1.24671099e-07
    889   1.24390861e-07
    890   1.24111566e-07
    891   1.30860324e-07
    892   1.30567162e-07
    893   1.30274984e-07
    894   1.29983785e-07
    895   1.29693562e-07
    896   1.30879542e-07
    897   1.30587969e-07
    898   1.30297370e-07
    899   1.30007740e-07
    900   1.29719075e-07
    901   1.30150527e-07
    902   1.29862184e-07
    903   1.29574799e-07
    904   1.29288367e-07
    905   1.29002884e-07
    906   1.39881252e-07
    907   1.39573059e-07
    908   1.39265883e-07
    909   1.38959720e-07
    910   1.38654566e-07
    911   1.34680386e-07
    912   1.34385277e-07
    913   1.34091137e-07
    914   1.33797962e-07
    915   1.33505747e-07
    916   1.46532142e-07
    917   1.46212813e-07
    918   1.45894526e-07
    919   1.45577278e-07
    920   1.45261064e-07
    921   1.39694518e-07
    922   1.39391739e-07
    923   1.39089944e-07
    924   1.38789128e-07
    925   1.38489286e-07
    926   1.43821309e-07
    927   1.43511266e-07
    928   1.43202224e-07
    929   1.42894180e-07
    930   1.42587128e-07
    931   1.53511659e-07
    932   1.53182500e-07
    933   1.52854398e-07
    934   1.52527349e-07
    935   1.52201349e-07
    936   1.41780189e-07
    937   1.41477806e-07
    938   1.41176388e-07
    939   1.40875933e-07
    940   1.40576436e-07
    941   1.53264799e-07
    942   1.52939655e-07
    943   1.52615545e-07
    944   1.52292463e-07
    945   1.51970407e-07
    946   1.49961150e-07
    947   1.49644692e-07
    948   1.49329236e-07
    949   1.49014776e-07
    950   1.48701308e-07
    951   1.55719048e-07
    952   1.55392165e-07
    953   1.55066310e-07
    954   1.54741479e-07
    955   1.54417667e-07
    956   1.55897245e-07
    957   1.55571697e-07
    958   1.55247166e-07
    959   1.54923651e-07
    960   1.54601145e-07
    961   1.51660243e-07
    962   1.51345186e-07
    963   1.51031111e-07
    964   1.50718012e-07
    965   1.50405886e-07
    966   1.66340577e-07
    967   1.65996810e-07
    968   1.65654107e-07
    969   1.65312464e-07
    970   1.64971877e-07
    971   1.55044454e-07
    972   1.54725678e-07
    973   1.54407885e-07
    974   1.54091069e-07
    975   1.53775228e-07
    976   1.69147312e-07
    977   1.68801319e-07
    978   1.68456387e-07
    979   1.68112511e-07
    980   1.67769686e-07
    981   1.66266510e-07
    982   1.65928140e-07
    983   1.65590802e-07
    984   1.65254492e-07
    985   1.64919205e-07
    986   1.62531320e-07
    987   1.62202226e-07
    988   1.61874131e-07
    989   1.61547030e-07
    990   1.61220919e-07
    991   1.70536569e-07
    992   1.70193005e-07
    993   1.69850478e-07
    994   1.69508985e-07
    995   1.69168520e-07
    996   1.65454364e-07
    997   1.65122709e-07
    998   1.64792051e-07
    999   1.64462384e-07
   1000   1.64133706e-07
   1001   1.70074795e-07
   1002   1.69735578e-07
   1003   1.69397375e-07
   1004   1.69060182e-07
   1005   1.68723995e-07
   1006   1.66690359e-07
   1007   1.66359542e-07
   1008   1.66029709e-07
   1009   1.65700856e-07
   1010   1.65372979e-07
   1011   1.67523288e-07
   1012   1.67192460e-07
   1013   1.66862610e-07
   1014   1.66533736e-07
   1015   1.66205833e-07
   1016   1.80896482e-07
   1017   1.80540999e-07
   1018   1.80186562e-07
   1019   1.79833169e-07
   1020   1.79480814e-07
   1021   1.69429688e-07
   1022   1.69098366e-07
   1023   1.68768015e-07
   1024   1.68438632e-07
   1025   1.68110211e-07
   1026   1.73467091e-07
   1027   1.73129524e-07
   1028   1.72792942e-07
   1029   1.72457340e-07
   1030   1.72122715e-07
   1031   1.72711364e-07
   1032   1.72376895e-07
   1033   1.72043397e-07
   1034   1.71710865e-07
   1035   1.71379297e-07
   1036   1.73338087e-07
   1037   1.73004022e-07
   1038   1.72670922e-07
   1039   1.72338782e-07
   1040   1.72007601e-07
   1041   1.79381261e-07
   1042   1.79037207e-07
   1043   1.78694142e-07
   1044   1.78352061e-07
   1045   1.78010963e-07
   1046   1.74143085e-07
   1047   1.73810671e-07
   1048   1.73479209e-07
   1049   1.73148693e-07
   1050   1.72819122e-07
   1051   1.76759192e-07
   1052   1.76423387e-07
   1053   1.76088539e-07
   1054   1.75754643e-07
   1055   1.75421695e-07
   1056   1.73582485e-07
   1057   1.73254274e-07
   1058   1.72926993e-07
   1059   1.72600639e-07
   1060   1.72275208e-07
   1061   1.75794364e-07
   1062   1.75463535e-07
   1063   1.75133639e-07
   1064   1.74804672e-07
   1065   1.74476632e-07
   1066   1.78937478e-07
   1067   1.78602311e-07
   1068   1.78268084e-07
   1069   1.77934795e-07
   1070   1.77602440e-07
   1071   1.78821357e-07
   1072   1.78487968e-07
   1073   1.78155511e-07
   1074   1.77823982e-07
   1075   1.77493377e-07
   1076   1.71442603e-07
   1077   1.71124454e-07
   1078   1.70807190e-07
   1079   1.70490807e-07
   1080   1.70175303e-07
   1081   1.80785619e-07
   1082   1.80451681e-07
   1083   1.80118668e-07
   1084   1.79786576e-07
   1085   1.79455401e-07
   1086   1.77455992e-07
   1087   1.77129711e-07
   1088   1.76804330e-07
   1089   1.76479844e-07
   1090   1.76156250e-07
   1091   1.74829438e-07
   1092   1.74509458e-07
   1093   1.74190355e-07
   1094   1.73872126e-07
   1095   1.73554769e-07
   1096   1.78452797e-07
   1097   1.78127672e-07
   1098   1.77803436e-07
   1099   1.77480083e-07
   1100   1.77157612e-07
   1101   1.81311926e-07
   1102   1.80983090e-07
   1103   1.80655148e-07
   1104   1.80328096e-07
   1105   1.80001932e-07
   1106   1.73660611e-07
   1107   1.73347073e-07
   1108   1.73034384e-07
   1109   1.72722540e-07
   1110   1.72411539e-07
   1111   1.76205994e-07
   1112   1.75889291e-07
   1113   1.75573440e-07
   1114   1.75258440e-07
   1115   1.74944286e-07
   1116   1.73283570e-07
   1117   1.72973512e-07
   1118   1.72664285e-07
   1119   1.72355888e-07
   1120   1.72048315e-07
   1121   1.81637656e-07
   1122   1.81314098e-07
   1123   1.80991403e-07
   1124   1.80669569e-07
   1125   1.80348593e-07
   1126   1.70649321e-07
   1127   1.70346684e-07
   1128   1.70044852e-07
   1129   1.69743821e-07
   1130   1.69443589e-07
   1131   1.74274587e-07
   1132   1.73966886e-07
   1133   1.73659998e-07
   1134   1.73353922e-07
   1135   1.73048654e-07
   1136   1.72202033e-07
   1137   1.71899327e-07
   1138   1.71597418e-07
   1139   1.71296304e-07
   1140   1.70995982e-07
   1141   1.71849670e-07
   1142   1.71548905e-07
   1143   1.71248929e-07
   1144   1.70949739e-07
   1145   1.70651332e-07
   1146   1.76361392e-07
   1147   1.76054075e-07
   1148   1.75747561e-07
   1149   1.75441847e-07
   1150   1.75136930e-07
   1151   1.65686713e-07
   1152   1.65399250e-07
   1153   1.65112534e-07
   1154   1.64826563e-07
   1155   1.64541334e-07
   1156   1.68743551e-07
   1157   1.68452048e-07
   1158   1.68161300e-07
   1159   1.67871305e-07
   1160   1.67582058e-07
   1161   1.63799192e-07
   1162   1.63517448e-07
   1163   1.63236430e-07
   1164   1.62956135e-07
   1165   1.62676562e-07
   1166   1.64105492e-07
   1167   1.63824429e-07
   1168   1.63544088e-07
   1169   1.63264465e-07
   1170   1.62985560e-07
   1171   1.69543550e-07
   1172   1.69254412e-07
   1173   1.68966013e-07
   1174   1.68678350e-07
   1175   1.68391421e-07
   1176   1.55798289e-07
   1177   1.55533720e-07
   1178   1.55269824e-07
   1179   1.55006599e-07
   1180   1.54744043e-07
   1181   1.62744555e-07
   1182   1.62469359e-07
   1183   1.62194859e-07
   1184   1.61921055e-07
   1185   1.61647943e-07
   1186   1.61925973e-07
   1187   1.61653313e-07
   1188   1.61381342e-07
   1189   1.61110055e-07
   1190   1.60839453e-07
   1191   1.55379898e-07
   1192   1.55119358e-07
   1193   1.54859472e-07
   1194   1.54600239e-07
   1195   1.54341656e-07
   1196   1.56954738e-07
   1197   1.56692655e-07
   1198   1.56431228e-07
   1199   1.56170455e-07
   1200   1.55910334e-07
   1201   1.50472797e-07
   1202   1.50222583e-07
   1203   1.49972992e-07
   1204   1.49724022e-07
   1205   1.49475672e-07
   1206   1.54132495e-07
   1207   1.53877256e-07
   1208   1.53622651e-07
   1209   1.53368676e-07
   1210   1.53115331e-07
   1211   1.47032099e-07
   1212   1.46789622e-07
   1213   1.46547744e-07
   1214   1.46306463e-07
   1215   1.46065778e-07
   1216   1.44963906e-07
   1217   1.44725821e-07
   1218   1.44488322e-07
   1219   1.44251408e-07
   1220   1.44015075e-07
   1221   1.47684387e-07
   1222   1.47442826e-07
   1223   1.47201857e-07
   1224   1.46961479e-07
   1225   1.46721689e-07
   1226   1.37293285e-07
   1227   1.37069634e-07
   1228   1.36846530e-07
   1229   1.36623970e-07
   1230   1.36401953e-07
   1231   1.44684424e-07
   1232   1.44449690e-07
   1233   1.44215526e-07
   1234   1.43981931e-07
   1235   1.43748904e-07
   1236   1.36625534e-07
   1237   1.36404770e-07
   1238   1.36184540e-07
   1239   1.35964843e-07
   1240   1.35745678e-07
   1241   1.34478444e-07
   1242   1.34262024e-07
   1243   1.34046125e-07
   1244   1.33830747e-07
   1245   1.33615887e-07
   1246   1.36365490e-07
   1247   1.36146912e-07
   1248   1.35928859e-07
   1249   1.35711329e-07
   1250   1.35494321e-07
   1251   1.29209404e-07
   1252   1.29003123e-07
   1253   1.28797335e-07
   1254   1.28592040e-07
   1255   1.28387235e-07
   1256   1.34826831e-07
   1257   1.34612438e-07
   1258   1.34398555e-07
   1259   1.34185182e-07
   1260   1.33972316e-07
   1261   1.23564139e-07
   1262   1.23368433e-07
   1263   1.23173191e-07
   1264   1.22978412e-07
   1265   1.22784095e-07
   1266   1.26013736e-07
   1267   1.25814937e-07
   1268   1.25616608e-07
   1269   1.25418748e-07
   1270   1.25221355e-07
   1271   1.25663433e-07
   1272   1.25465965e-07
   1273   1.25268963e-07
   1274   1.25072424e-07
   1275   1.24876347e-07
   1276   1.18581806e-07
   1277   1.18396196e-07
   1278   1.18211021e-07
   1279   1.18026280e-07
   1280   1.17841972e-07
   1281   1.18875540e-07
   1282   1.18690195e-07
   1283   1.18505284e-07
   1284   1.18320804e-07
   1285   1.18136754e-07
   1286   1.15039409e-07
   1287   1.14860742e-07
   1288   1.14682491e-07
   1289   1.14504654e-07
   1290   1.14327230e-07
   1291   1.17953336e-07
   1292   1.17770852e-07
   1293   1.17588791e-07
   1294   1.17407151e-07
   1295   1.17225933e-07
   1296   1.12794569e-07
   1297   1.12620738e-07
   1298   1.12447308e-07
   1299   1.12274279e-07
   1300   1.12101649e-07
   1301   1.11818426e-07
   1302   1.11646761e-07
   1303   1.11475490e-07
   1304   1.11304614e-07
   1305   1.11134130e-07
   1306   1.09473856e-07
   1307   1.09306432e-07
   1308   1.09139393e-07
   1309   1.08972736e-07
   1310   1.08806461e-07
   1311   1.07983026e-07
   1312   1.07818512e-07
   1313   1.07654373e-07
   1314   1.07490609e-07
   1315   1.07327218e-07
   1316   1.08619358e-07
   1317   1.08454502e-07
   1318   1.08290021e-07
   1319   1.08125914e-07
   1320   1.07962180e-07
   1321   1.04469806e-07
   1322   1.04311847e-07
   1323   1.04154247e-07
   1324   1.03997003e-07
   1325   1.03840115e-07
   1326   1.03882559e-07
   1327   1.03726080e-07
   1328   1.03569954e-07
   1329   1.03414181e-07
   1330   1.03258758e-07
   1331   1.02088158e-07
   1332   1.01934959e-07
   1333   1.01782104e-07
   1334   1.01629593e-07
   1335   1.01477424e-07
   1336   1.02032737e-07
   1337   1.01880193e-07
   1338   1.01727991e-07
   1339   1.01576130e-07
   1340   1.01424609e-07
   1341   1.02965058e-07
   1342   1.02811694e-07
   1343   1.02658672e-07
   1344   1.02505991e-07
   1345   1.02353651e-07
   1346   1.00936523e-07
   1347   1.00786738e-07
   1348   1.00637286e-07
   1349   1.00488166e-07
   1350   1.00339377e-07
   1351   1.02131827e-07
   1352   1.01980829e-07
   1353   1.01830165e-07
   1354   1.01679834e-07
   1355   1.01529836e-07
   1356   1.02236642e-07
   1357   1.02086045e-07
   1358   1.01935780e-07
   1359   1.01785847e-07
   1360   1.01636244e-07
   1361   1.01183735e-07
   1362   1.01035236e-07
   1363   1.00887063e-07
   1364   1.00739216e-07
   1365   1.00591694e-07
   1366   1.00695423e-07
   1367   1.00548181e-07
   1368   1.00401261e-07
   1369   1.00254663e-07
   1370   1.00108386e-07
   1371   1.01182684e-07
   1372   1.01035268e-07
   1373   1.00888174e-07
   1374   1.00741401e-07
   1375   1.00594948e-07
   1376   1.06172846e-07
   1377   1.06018721e-07
   1378   1.05864932e-07
   1379   1.05711476e-07
   1380   1.05558355e-07
   1381   1.03071447e-07
   1382   1.02922365e-07
   1383   1.02773607e-07
   1384   1.02625170e-07
   1385   1.02477055e-07
   1386   1.06749317e-07
   1387   1.06595471e-07
   1388   1.06441959e-07
   1389   1.06288777e-07
   1390   1.06135926e-07
   1391   1.04100761e-07
   1392   1.03951272e-07
   1393   1.03802104e-07
   1394   1.03653257e-07
   1395   1.03504730e-07
   1396   1.10351283e-07
   1397   1.10193384e-07
   1398   1.10035824e-07
   1399   1.09878602e-07
   1400   1.09721717e-07
   1401   1.12839725e-07
   1402   1.12678842e-07
   1403   1.12518302e-07
   1404   1.12358105e-07
   1405   1.12198250e-07
   1406   1.11866110e-07
   1407   1.11707181e-07
   1408   1.11548590e-07
   1409   1.11390337e-07
   1410   1.11232421e-07
   1411   1.15595212e-07
   1412   1.15431567e-07
   1413   1.15268268e-07
   1414   1.15105316e-07
   1415   1.14942709e-07
   1416   1.15922592e-07
   1417   1.15759062e-07
   1418   1.15595878e-07
   1419   1.15433038e-07
   1420   1.15270542e-07
   1421   1.19929218e-07
   1422   1.19760630e-07
   1423   1.19592397e-07
   1424   1.19424519e-07
   1425   1.19256993e-07
   1426   1.27095207e-07
   1427   1.26917171e-07
   1428   1.26739509e-07
   1429   1.26562220e-07
   1430   1.26385303e-07
   1431   1.28105548e-07
   1432   1.27926724e-07
   1433   1.27748273e-07
   1434   1.27570196e-07
   1435   1.27392491e-07
   1436   1.34583527e-07
   1437   1.34396313e-07
   1438   1.34209489e-07
   1439   1.34023055e-07
   1440   1.33837009e-07
   1441   1.37466169e-07
   1442   1.37275608e-07
   1443   1.37085443e-07
   1444   1.36895672e-07
   1445   1.36706296e-07
   1446   1.42891715e-07
   1447   1.42694316e-07
   1448   1.42497327e-07
   1449   1.42300745e-07
   1450   1.42104569e-07
   1451   1.47347054e-07
   1452   1.47144202e-07
   1453   1.46941768e-07
   1454   1.46739751e-07
   1455   1.46538151e-07
   1456   1.48330960e-07
   1457   1.48127453e-07
   1458   1.47924365e-07
   1459   1.47721694e-07
   1460   1.47519439e-07
   1461   1.64732238e-07
   1462   1.64507002e-07
   1463   1.64282227e-07
   1464   1.64057912e-07
   1465   1.63834057e-07
   1466   1.64456288e-07
   1467   1.64232195e-07
   1468   1.64008560e-07
   1469   1.63785381e-07
   1470   1.63562657e-07
   1471   1.76783071e-07
   1472   1.76542999e-07
   1473   1.76303415e-07
   1474   1.76064319e-07
   1475   1.75825709e-07
   1476   1.78354565e-07
   1477   1.78113178e-07
   1478   1.77872281e-07
   1479   1.77631873e-07
   1480   1.77391951e-07
   1481   1.90341594e-07
   1482   1.90084853e-07
   1483   1.89828631e-07
   1484   1.89572926e-07
   1485   1.89317738e-07
   1486   2.05332171e-07
   1487   2.05056141e-07
   1488   2.04780666e-07
   1489   2.04505747e-07
   1490   2.04231381e-07
   1491   2.09362248e-07
   1492   2.09081743e-07
   1493   2.08801801e-07
   1494   2.08522421e-07
   1495   2.08243601e-07
   1496   2.20861189e-07
   1497   2.20566265e-07
   1498   2.20271931e-07
   1499   2.19978187e-07
   1500   2.19685029e-07
   1501   2.30630858e-07
   1502   2.30323913e-07
   1503   2.30017580e-07
   1504   2.29711858e-07
   1505   2.29406745e-07
   1506   2.43793613e-07
   1507   2.43470225e-07
   1508   2.43147481e-07
   1509   2.42825378e-07
   1510   2.42503915e-07
   1511   2.60738050e-07
   1512   2.60393329e-07
   1513   2.60049292e-07
   1514   2.59705936e-07
   1515   2.59363259e-07
   1516   2.66473948e-07
   1517   2.66122804e-07
   1518   2.65772355e-07
   1519   2.65422597e-07
   1520   2.65073529e-07
   1521   2.85870630e-07
   1522   2.85495164e-07
   1523   2.85120437e-07
   1524   2.84746447e-07
   1525   2.84373193e-07
   1526   3.11542149e-07
   1527   3.11134305e-07
   1528   3.10727261e-07
   1529   3.10321015e-07
   1530   3.09915565e-07
   1531   3.22259283e-07
   1532   3.21838784e-07
   1533   3.21419109e-07
   1534   3.21000253e-07
   1535   3.20582216e-07
   1536   3.33822646e-07
   1537   3.33388476e-07
   1538   3.32955152e-07
   1539   3.32522672e-07
   1540   3.32091035e-07
   1541   3.35873370e-07
   1542   3.35437948e-07
   1543   3.35003373e-07
   1544   3.34569641e-07
   1545   3.34136752e-07
   1546   3.69901385e-07
   1547   3.69423399e-07
   1548   3.68946339e-07
   1549   3.68470202e-07
   1550   3.67994987e-07
   1551   3.67402293e-07
   1552   3.66929065e-07
   1553   3.66456751e-07
   1554   3.65985348e-07
   1555   3.65514854e-07
   1556   3.90316806e-07
   1557   3.89815677e-07
   1558   3.89315513e-07
   1559   3.88816310e-07
   1560   3.88318068e-07
   1561   4.00016752e-07
   1562   3.99504812e-07
   1563   3.98993855e-07
   1564   3.98483877e-07
   1565   3.97974877e-07
   1566   4.12706979e-07
   1567   4.12180483e-07
   1568   4.11654994e-07
   1569   4.11130509e-07
   1570   4.10607026e-07
   1571   4.33740799e-07
   1572   4.33189229e-07
   1573   4.32638711e-07
   1574   4.32089241e-07
   1575   4.31540818e-07
   1576   4.57136692e-07
   1577   4.56557213e-07
   1578   4.55978835e-07
   1579   4.55401556e-07
   1580   4.54825371e-07
   1581   4.75280743e-07
   1582   4.74680168e-07
   1583   4.74080729e-07
   1584   4.73482426e-07
   1585   4.72885254e-07
   1586   5.06088806e-07
   1587   5.05451314e-07
   1588   5.04815026e-07
   1589   5.04179939e-07
   1590   5.03546049e-07
   1591   5.23212984e-07
   1592   5.22555991e-07
   1593   5.21900235e-07
   1594   5.21245712e-07
   1595   5.20592419e-07
   1596   5.47088559e-07
   1597   5.46403735e-07
   1598   5.45720196e-07
   1599   5.45037940e-07
   1600   5.44356961e-07
   1601   5.66679276e-07
   1602   5.65972142e-07
   1603   5.65266331e-07
   1604   5.64561840e-07
   1605   5.63858665e-07
   1606   5.89744486e-07
   1607   5.89010859e-07
   1608   5.88278600e-07
   1609   5.87547705e-07
   1610   5.86818172e-07
   1611   6.31501309e-07
   1612   6.30718173e-07
   1613   6.29936493e-07
   1614   6.29156265e-07
   1615   6.28377486e-07
   1616   6.48800397e-07
   1617   6.47998295e-07
   1618   6.47197679e-07
   1619   6.46398547e-07
   1620   6.45600893e-07
   1621   6.83043736e-07
   1622   6.82201902e-07
   1623   6.81361622e-07
   1624   6.80522894e-07
   1625   6.79685714e-07
   1626   7.03741578e-07
   1627   7.02876898e-07
   1628   7.02013811e-07
   1629   7.01152312e-07
   1630   7.00292398e-07
   1631   7.55929576e-07
   1632   7.55003617e-07
   1633   7.54079359e-07
   1634   7.53156797e-07
   1635   7.52235926e-07
   1636   7.69110665e-07
   1637   7.68171436e-07
   1638   7.67233928e-07
   1639   7.66298134e-07
   1640   7.65364051e-07
   1641   8.08699761e-07
   1642   8.07715193e-07
   1643   8.06732422e-07
   1644   8.05751443e-07
   1645   8.04772253e-07
   1646   8.17257189e-07
   1647   8.16265222e-07
   1648   8.15275060e-07
   1649   8.14286698e-07
   1650   8.13300132e-07
   1651   8.59633325e-07
   1652   8.58593079e-07
   1653   8.57554720e-07
   1654   8.56518243e-07
   1655   8.55483645e-07
   1656   8.74547377e-07
   1657   8.73492275e-07
   1658   8.72439082e-07
   1659   8.71387792e-07
   1660   8.70338402e-07
   1661   8.84973948e-07
   1662   8.83909477e-07
   1663   8.82846927e-07
   1664   8.81786291e-07
   1665   8.80727565e-07
   1666   9.49651218e-07
   1667   9.48512377e-07
   1668   9.47375583e-07
   1669   9.46240832e-07
   1670   9.45108118e-07
   1671   9.80995140e-07
   1672   9.79822227e-07
   1673   9.78651416e-07
   1674   9.77482703e-07
   1675   9.76316082e-07
   1676   1.04178470e-06
   1677   1.04054282e-06
   1678   1.03930316e-06
   1679   1.03806571e-06
   1680   1.03683047e-06
   1681   1.06230148e-06
   1682   1.06103890e-06
   1683   1.05977857e-06
   1684   1.05852049e-06
   1685   1.05726464e-06
   1686   1.09887527e-06
   1687   1.09757309e-06
   1688   1.09627323e-06
   1689   1.09497567e-06
   1690   1.09368042e-06
   1691   1.13632486e-06
   1692   1.13498228e-06
   1693   1.13364208e-06
   1694   1.13230426e-06
   1695   1.13096879e-06
   1696   1.16785799e-06
   1697   1.16648222e-06
   1698   1.16510887e-06
   1699   1.16373796e-06
   1700   1.16236946e-06
   1701   1.21049950e-06
   1702   1.20907769e-06
   1703   1.20765837e-06
   1704   1.20624156e-06
   1705   1.20482723e-06
   1706   1.22974346e-06
   1707   1.22830327e-06
   1708   1.22686560e-06
   1709   1.22543046e-06
   1710   1.22399784e-06
   1711   1.26482111e-06
   1712   1.26334417e-06
   1713   1.26186980e-06
   1714   1.26039802e-06
   1715   1.25892881e-06
   1716   1.33305021e-06
   1717   1.33149812e-06
   1718   1.32994874e-06
   1719   1.32840207e-06
   1720   1.32685809e-06
   1721   1.35752131e-06
   1722   1.35594531e-06
   1723   1.35437206e-06
   1724   1.35280155e-06
   1725   1.35123377e-06
   1726   1.46257030e-06
   1727   1.46087726e-06
   1728   1.45918717e-06
   1729   1.45750000e-06
   1730   1.45581576e-06
   1731   1.48045390e-06
   1732   1.47874511e-06
   1733   1.47703927e-06
   1734   1.47533639e-06
   1735   1.47363645e-06
   1736   1.55715827e-06
   1737   1.55536611e-06
   1738   1.55357705e-06
   1739   1.55179107e-06
   1740   1.55000817e-06
   1741   1.60640650e-06
   1742   1.60456297e-06
   1743   1.60272261e-06
   1744   1.60088542e-06
   1745   1.59905138e-06
   1746   1.60888184e-06
   1747   1.60704075e-06
   1748   1.60520282e-06
   1749   1.60336804e-06
   1750   1.60153640e-06
   1751   1.66715569e-06
   1752   1.66525336e-06
   1753   1.66335428e-06
   1754   1.66145845e-06
   1755   1.65956586e-06
   1756   1.66942610e-06
   1757   1.66752659e-06
   1758   1.66563033e-06
   1759   1.66373730e-06
   1760   1.66184749e-06
   1761   1.73861759e-06
   1762   1.73664497e-06
   1763   1.73467571e-06
   1764   1.73270979e-06
   1765   1.73074721e-06
   1766   1.73614579e-06
   1767   1.73418155e-06
   1768   1.73222064e-06
   1769   1.73026305e-06
   1770   1.72830878e-06
   1771   1.79655040e-06
   1772   1.79452354e-06
   1773   1.79250012e-06
   1774   1.79048012e-06
   1775   1.78846353e-06
   1776   1.89734805e-06
   1777   1.89521350e-06
   1778   1.89308255e-06
   1779   1.89095520e-06
   1780   1.88883142e-06
   1781   1.91966044e-06
   1782   1.91750684e-06
   1783   1.91535687e-06
   1784   1.91321051e-06
   1785   1.91106776e-06
   1786   1.99886522e-06
   1787   1.99662905e-06
   1788   1.99439662e-06
   1789   1.99216793e-06
   1790   1.98994297e-06
   1791   2.01147471e-06
   1792   2.00923070e-06
   1793   2.00699044e-06
   1794   2.00475393e-06
   1795   2.00252116e-06
   1796   2.07349081e-06
   1797   2.07118404e-06
   1798   2.06888113e-06
   1799   2.06658205e-06
   1800   2.06428681e-06
   1801   2.11360301e-06
   1802   2.11125814e-06
   1803   2.10891718e-06
   1804   2.10658011e-06
   1805   2.10424691e-06
   1806   2.12935904e-06
   1807   2.12700323e-06
   1808   2.12465132e-06
   1809   2.12230332e-06
   1810   2.11995920e-06
   1811   2.19835704e-06
   1812   2.19593160e-06
   1813   2.19351017e-06
   1814   2.19109275e-06
   1815   2.18867932e-06
   1816   2.24180915e-06
   1817   2.23934258e-06
   1818   2.23688007e-06
   1819   2.23442162e-06
   1820   2.23196723e-06
   1821   2.39478776e-06
   1822   2.39216009e-06
   1823   2.38953675e-06
   1824   2.38691772e-06
   1825   2.38430300e-06
   1826   2.42841449e-06
   1827   2.42575722e-06
   1828   2.42310431e-06
   1829   2.42045575e-06
   1830   2.41781152e-06
   1831   2.49846259e-06
   1832   2.49573613e-06
   1833   2.49301413e-06
   1834   2.49029657e-06
   1835   2.48758346e-06
   1836   2.57856470e-06
   1837   2.57575848e-06
   1838   2.57295684e-06
   1839   2.57015977e-06
   1840   2.56736726e-06
   1841   2.60076489e-06
   1842   2.59794219e-06
   1843   2.59512409e-06
   1844   2.59231056e-06
   1845   2.58950161e-06
   1846   2.64515761e-06
   1847   2.64229449e-06
   1848   2.63943603e-06
   1849   2.63658220e-06
   1850   2.63373299e-06
   1851   2.63114657e-06
   1852   2.62830631e-06
   1853   2.62547065e-06
   1854   2.62263957e-06
   1855   2.61981307e-06
   1856   2.64784380e-06
   1857   2.64499321e-06
   1858   2.64214722e-06
   1859   2.63930582e-06
   1860   2.63646900e-06
   1861   2.68458276e-06
   1862   2.68170037e-06
   1863   2.67882263e-06
   1864   2.67594951e-06
   1865   2.67308101e-06
   1866   2.72507633e-06
   1867   2.72215830e-06
   1868   2.71924495e-06
   1869   2.71633628e-06
   1870   2.71343227e-06
   1871   2.82985520e-06
   1872   2.82683306e-06
   1873   2.82381576e-06
   1874   2.82080329e-06
   1875   2.81779563e-06
   1876   2.83584069e-06
   1877   2.83282022e-06
   1878   2.82980458e-06
   1879   2.82679375e-06
   1880   2.82378772e-06
   1881   2.96921671e-06
   1882   2.96606258e-06
   1883   2.96291348e-06
   1884   2.95976939e-06
   1885   2.95663030e-06
   1886   3.00695050e-06
   1887   3.00376475e-06
   1888   3.00058406e-06
   1889   2.99740842e-06
   1890   2.99423781e-06
   1891   3.06520095e-06
   1892   3.06196206e-06
   1893   3.05872831e-06
   1894   3.05549967e-06
   1895   3.05227615e-06
   1896   3.17356326e-06
   1897   3.17021870e-06
   1898   3.16687943e-06
   1899   3.16354544e-06
   1900   3.16021670e-06
   1901   3.11122883e-06
   1902   3.10795859e-06
   1903   3.10469350e-06
   1904   3.10143355e-06
   1905   3.09817873e-06
   1906   3.19635423e-06
   1907   3.19300331e-06
   1908   3.18965766e-06
   1909   3.18631727e-06
   1910   3.18298212e-06
   1911   3.28035017e-06
   1912   3.27692019e-06
   1913   3.27349558e-06
   1914   3.27007634e-06
   1915   3.26666246e-06
   1916   3.32396974e-06
   1917   3.32050321e-06
   1918   3.31704210e-06
   1919   3.31358640e-06
   1920   3.31013609e-06
   1921   3.41762066e-06
   1922   3.41406573e-06
   1923   3.41051635e-06
   1924   3.40697249e-06
   1925   3.40343416e-06
   1926   3.48172801e-06
   1927   3.47811579e-06
   1928   3.47450919e-06
   1929   3.47090820e-06
   1930   3.46731280e-06
   1931   3.63219737e-06
   1932   3.62843879e-06
   1933   3.62468604e-06
   1934   3.62093911e-06
   1935   3.61719799e-06
   1936   3.62458036e-06
   1937   3.62083934e-06
   1938   3.61710411e-06
   1939   3.61337466e-06
   1940   3.60965097e-06
   1941   3.69149501e-06
   1942   3.68769473e-06
   1943   3.68390032e-06
   1944   3.68011176e-06
   1945   3.67632904e-06
   1946   3.72694701e-06
   1947   3.72312009e-06
   1948   3.71929905e-06
   1949   3.71548390e-06
   1950   3.71167461e-06
   1951   3.61722167e-06
   1952   3.61351693e-06
   1953   3.60981787e-06
   1954   3.60612449e-06
   1955   3.60243678e-06
   1956   3.77801499e-06
   1957   3.77415544e-06
   1958   3.77030180e-06
   1959   3.76645407e-06
   1960   3.76261222e-06
   1961   3.61336887e-06
   1962   3.60968692e-06
   1963   3.60601060e-06
   1964   3.60233990e-06
   1965   3.59867479e-06
   1966   3.77666272e-06
   1967   3.77282416e-06
   1968   3.76899145e-06
   1969   3.76516458e-06
   1970   3.76134353e-06
   1971   3.82577561e-06
   1972   3.82189699e-06
   1973   3.81802427e-06
   1974   3.81415742e-06
   1975   3.81029645e-06
   1976   3.86675520e-06
   1977   3.86284494e-06
   1978   3.85894061e-06
   1979   3.85504220e-06
   1980   3.85114969e-06
   1981   3.96293769e-06
   1982   3.95894027e-06
   1983   3.95494890e-06
   1984   3.95096357e-06
   1985   3.94698425e-06
   1986   3.97205300e-06
   1987   3.96805647e-06
   1988   3.96406596e-06
   1989   3.96008148e-06
   1990   3.95610300e-06
   1991   4.09858365e-06
   1992   4.09447016e-06
   1993   4.09036285e-06
   1994   4.08626173e-06
   1995   4.08216676e-06
   1996   4.01638904e-06
   1997   4.01236813e-06
   1998   4.00835325e-06
   1999   4.00434440e-06
   2000   4.00034155e-06
   2001   3.99056991e-06
   2002   3.98658482e-06
   2003   3.98260570e-06
   2004   3.97863253e-06
   2005   3.97466530e-06
   2006   4.01906296e-06
   2007   4.01505941e-06
   2008   4.01106184e-06
   2009   4.00707023e-06
   2010   4.00308459e-06
   2011   3.99326539e-06
   2012   3.98929742e-06
   2013   3.98533537e-06
   2014   3.98137921e-06
   2015   3.97742894e-06
   2016   4.13127702e-06
   2017   4.12718209e-06
   2018   4.12309324e-06
   2019   4.11901046e-06
   2020   4.11493375e-06
   2021   4.16621295e-06
   2022   4.16209359e-06
   2023   4.15798035e-06
   2024   4.15387319e-06
   2025   4.14977212e-06
   2026   4.20945985e-06
   2027   4.20530799e-06
   2028   4.20116228e-06
   2029   4.19702270e-06
   2030   4.19288923e-06
   2031   4.41874092e-06
   2032   4.41439338e-06
   2033   4.41005224e-06
   2034   4.40571750e-06
   2035   4.40138915e-06
   2036   4.38673859e-06
   2037   4.38243312e-06
   2038   4.37813398e-06
   2039   4.37384117e-06
   2040   4.36955466e-06
   2041   4.55242390e-06
   2042   4.54796675e-06
   2043   4.54351614e-06
   2044   4.53907206e-06
   2045   4.53463449e-06
   2046   4.40399203e-06
   2047   4.39969074e-06
   2048   4.39539574e-06
   2049   4.39110702e-06
   2050   4.38682458e-06
   2051   4.40623944e-06
   2052   4.40194643e-06
   2053   4.39765969e-06
   2054   4.39337921e-06
   2055   4.38910498e-06
   2056   4.43394328e-06
   2057   4.42963378e-06
   2058   4.42533055e-06
   2059   4.42103359e-06
   2060   4.41674289e-06
   2061   4.43521315e-06
   2062   4.43091286e-06
   2063   4.42661882e-06
   2064   4.42233102e-06
   2065   4.41804945e-06
   2066   4.53020043e-06
   2067   4.52581866e-06
   2068   4.52144325e-06
   2069   4.51707418e-06
   2070   4.51271143e-06
   2071   4.49231113e-06
   2072   4.48797650e-06
   2073   4.48364813e-06
   2074   4.47932602e-06
   2075   4.47501016e-06
   2076   4.70742496e-06
   2077   4.70289368e-06
   2078   4.69836895e-06
   2079   4.69385075e-06
   2080   4.68933906e-06
   2081   4.80432312e-06
   2082   4.79970968e-06
   2083   4.79510288e-06
   2084   4.79050271e-06
   2085   4.78590916e-06
   2086   4.95473721e-06
   2087   4.94999073e-06
   2088   4.94525106e-06
   2089   4.94051819e-06
   2090   4.93579212e-06
   2091   4.83485455e-06
   2092   4.83023397e-06
   2093   4.82562002e-06
   2094   4.82101267e-06
   2095   4.81641192e-06
   2096   4.92618833e-06
   2097   4.92149169e-06
   2098   4.91680176e-06
   2099   4.91211854e-06
   2100   4.90744200e-06
   2101   4.90556565e-06
   2102   4.90089979e-06
   2103   4.89624059e-06
   2104   4.89158803e-06
   2105   4.88694209e-06
   2106   4.84151990e-06
   2107   4.83692589e-06
   2108   4.83233841e-06
   2109   4.82775745e-06
   2110   4.82318300e-06
   2111   4.97583028e-06
   2112   4.97111999e-06
   2113   4.96641639e-06
   2114   4.96171946e-06
   2115   4.95702919e-06
   2116   5.06537975e-06
   2117   5.06059601e-06
   2118   5.05581905e-06
   2119   5.05104885e-06
   2120   5.04628539e-06
   2121   5.16383382e-06
   2122   5.15896859e-06
   2123   5.15411024e-06
   2124   5.14925874e-06
   2125   5.14441409e-06
   2126   5.25069421e-06
   2127   5.24575877e-06
   2128   5.24083028e-06
   2129   5.23590874e-06
   2130   5.23099412e-06
   2131   5.35958475e-06
   2132   5.35455877e-06
   2133   5.34953985e-06
   2134   5.34452798e-06
   2135   5.33952316e-06
   2136   5.49804956e-06
   2137   5.49290579e-06
   2138   5.48776923e-06
   2139   5.48263987e-06
   2140   5.47751771e-06
   2141   5.41599103e-06
   2142   5.41093585e-06
   2143   5.40588774e-06
   2144   5.40084670e-06
   2145   5.39581271e-06
   2146   5.34946708e-06
   2147   5.34448562e-06
   2148   5.33951112e-06
   2149   5.33454355e-06
   2150   5.32958292e-06
   2151   5.21419466e-06
   2152   5.20935045e-06
   2153   5.20451298e-06
   2154   5.19968224e-06
   2155   5.19485823e-06
   2156   5.31490719e-06
   2157   5.30998085e-06
   2158   5.30506136e-06
   2159   5.30014869e-06
   2160   5.29524285e-06
   2161   5.66689497e-06
   2162   5.66165451e-06
   2163   5.65642133e-06
   2164   5.65119539e-06
   2165   5.64597670e-06
   2166   5.70063671e-06
   2167   5.69537721e-06
   2168   5.69012499e-06
   2169   5.68488003e-06
   2170   5.67964232e-06
   2171   6.00276392e-06
   2172   5.99723842e-06
   2173   5.99172055e-06
   2174   5.98621029e-06
   2175   5.98070763e-06
   2176   6.06442571e-06
   2177   6.05885626e-06
   2178   6.05329449e-06
   2179   6.04774037e-06
   2180   6.04219390e-06
   2181   6.32834681e-06
   2182   6.32254830e-06
   2183   6.31675776e-06
   2184   6.31097517e-06
   2185   6.30520051e-06
   2186   6.47353862e-06
   2187   6.46762063e-06
   2188   6.46171076e-06
   2189   6.45580898e-06
   2190   6.44991528e-06
   2191   6.27819760e-06
   2192   6.27247128e-06
   2193   6.26675278e-06
   2194   6.26104211e-06
   2195   6.25533924e-06
   2196   6.09514028e-06
   2197   6.08959357e-06
   2198   6.08405443e-06
   2199   6.07852284e-06
   2200   6.07299879e-06
   2201   5.44786893e-06
   2202   5.44292251e-06
   2203   5.43798282e-06
   2204   5.43304985e-06
   2205   5.42812359e-06
   2206   5.15013672e-06
   2207   5.14547122e-06
   2208   5.14081205e-06
   2209   5.13615920e-06
   2210   5.13151267e-06
   2211   5.03195354e-06
   2212   5.02740540e-06
   2213   5.02286342e-06
   2214   5.01832759e-06
   2215   5.01379790e-06
   2216   5.39229531e-06
   2217   5.38743245e-06
   2218   5.38257618e-06
   2219   5.37772646e-06
   2220   5.37288330e-06
   2221   6.43100168e-06
   2222   6.42521516e-06
   2223   6.41943644e-06
   2224   6.41366551e-06
   2225   6.40790236e-06
   2226   7.49761523e-06
   2227   7.49088412e-06
   2228   7.48416208e-06
   2229   7.47744907e-06
   2230   7.47074509e-06
   2231   8.91278969e-06
   2232   8.90480600e-06
   2233   8.89683304e-06
   2234   8.88887078e-06
   2235   8.88091920e-06
   2236   9.89858930e-06
   2237   9.88974239e-06
   2238   9.88090734e-06
   2239   9.87208411e-06
   2240   9.86327270e-06
   2241   1.02656634e-05
   2242   1.02565089e-05
   2243   1.02473666e-05
   2244   1.02382365e-05
   2245   1.02291187e-05
   2246   1.12398431e-05
   2247   1.12298421e-05
   2248   1.12198545e-05
   2249   1.12098801e-05
   2250   1.11999191e-05
   2251   1.13971382e-05
   2252   1.13870198e-05
   2253   1.13769148e-05
   2254   1.13668233e-05
   2255   1.13567452e-05
   2256   1.25463359e-05
   2257   1.25352219e-05
   2258   1.25241226e-05
   2259   1.25130381e-05
   2260   1.25019683e-05
   2261   1.36476513e-05
   2262   1.36355884e-05
   2263   1.36235415e-05
   2264   1.36115106e-05
   2265   1.35994956e-05
   2266   1.46956222e-05
   2267   1.46826617e-05
   2268   1.46697183e-05
   2269   1.46567920e-05
   2270   1.46438828e-05
   2271   1.51664853e-05
   2272   1.51531389e-05
   2273   1.51398101e-05
   2274   1.51264989e-05
   2275   1.51132053e-05
   2276   1.38953476e-05
   2277   1.38831467e-05
   2278   1.38709618e-05
   2279   1.38587930e-05
   2280   1.38466401e-05
   2281   1.23101114e-05
   2282   1.22993261e-05
   2283   1.22885549e-05
   2284   1.22777979e-05
   2285   1.22670550e-05
   2286   8.89857919e-06
   2287   8.89079986e-06
   2288   8.88303073e-06
   2289   8.87527178e-06
   2290   8.86752299e-06
   2291   4.05682415e-06
   2292   4.05328532e-06
   2293   4.04975112e-06
   2294   4.04622154e-06
   2295   4.04269658e-06
   2296  -2.80467212e-06
   2297  -2.80223089e-06
   2298  -2.79979284e-06
   2299  -2.79735798e-06
   2300  -2.79492628e-06
   2301  -1.09613008e-05
   2302  -1.09517806e-05
   2303  -1.09422729e-05
   2304  -1.09327775e-05
   2305  -1.09232944e-05
   2306  -1.94249319e-05
   2307  -1.94080973e-05
   2308  -1.93912847e-05
   2309  -1.93744939e-05
   2310  -1.93577249e-05
   2311  -2.45066318e-05
   2312  -2.44854392e-05
   2313  -2.44642740e-05
   2314  -2.44431363e-05
   2315  -2.44220259e-05
   2316  -2.68196203e-05
   2317  -2.67964775e-05
   2318  -2.67733646e-05
   2319  -2.67502817e-05
   2320  -2.67272285e-05
   2321  -2.33168946e-05
   2322  -2.32968176e-05
   2323  -2.32767666e-05
   2324  -2.32567414e-05
   2325  -2.32367420e-05
   2326  -1.20633989e-05
   2327  -1.20530341e-05
   2328  -1.20426826e-05
   2329  -1.20323444e-05
   2330  -1.20220195e-05
   2331   9.66476305e-06
   2332   9.65647689e-06
   2333   9.64820139e-06
   2334   9.63993652e-06
   2335   9.63168227e-06
   2336   4.22981676e-05
   2337   4.22619805e-05
   2338   4.22258399e-05
   2339   4.21897456e-05
   2340   4.21536975e-05
   2341   8.84816759e-05
   2342   8.84061393e-05
   2343   8.83306994e-05
   2344   8.82553561e-05
   2345   8.81801090e-05
   2346   1.45867945e-04
   2347   1.45743683e-04
   2348   1.45619580e-04
   2349   1.45495635e-04
   2350   1.45371848e-04
   2351   2.11321064e-04
   2352   2.11141426e-04
   2353   2.10962018e-04
   2354   2.10782838e-04
   2355   2.10603886e-04
   2356   2.66253753e-04
   2357   2.66027899e-04
   2358   2.65802332e-04
   2359   2.65577052e-04
   2360   2.65352058e-04
   2361   3.10978860e-04
   2362   3.10715625e-04
   2363   3.10452725e-04
   2364   3.10190158e-04
   2365   3.09927924e-04
   2366   3.43933164e-04
   2367   3.43642649e-04
   2368   3.43352503e-04
   2369   3.43062723e-04
   2370   3.42773310e-04
   2371   3.37438190e-04
   2372   3.37153762e-04
   2373   3.36869693e-04
   2374   3.36585984e-04
   2375   3.36302632e-04
   2376   2.84163484e-04
   2377   2.83924465e-04
   2378   2.83685748e-04
   2379   2.83447331e-04
   2380   2.83209215e-04
   2381   1.47663071e-04
   2382   1.47539127e-04
   2383   1.47415340e-04
   2384   1.47291708e-04
   2385   1.47168232e-04
   2386  -1.07094381e-04
   2387  -1.07004678e-04
   2388  -1.06915087e-04
   2389  -1.06825609e-04
   2390  -1.06736243e-04
   2391  -5.20997277e-04
   2392  -5.20561797e-04
   2393  -5.20126863e-04
   2394  -5.19692474e-04
   2395  -5.19258628e-04
   2396  -1.04472455e-03
   2397  -1.04385313e-03
   2398  -1.04298280e-03
   2399  -1.04211356e-03
   2400  -1.04124540e-03
   2401  -1.66413672e-03
   2402  -1.66275153e-03
   2403  -1.66136806e-03
   2404  -1.65998632e-03
   2405  -1.65860631e-03
   2406  -2.12968136e-03
   2407  -2.12791234e-03
   2408  -2.12614552e-03
   2409  -2.12438090e-03
   2410  -2.12261848e-03
   2411  -2.42894387e-03
   2412  -2.42693044e-03
   2413  -2.42491952e-03
   2414  -2.42291110e-03
   2415  -2.42090517e-03
   2416  -2.51283360e-03
   2417  -2.51075495e-03
   2418  -2.50867887e-03
   2419  -2.50660537e-03
   2420  -2.50453444e-03
   2421  -2.29764584e-03
   2422  -2.29574911e-03
   2423  -2.29385473e-03
   2424  -2.29196270e-03
   2425  -2.29007301e-03
   2426  -1.80225552e-03
   2427  -1.80077081e-03
   2428  -1.79928793e-03
   2429  -1.79780688e-03
   2430  -1.79632766e-03
   2431  -6.92040328e-04
   2432  -6.91471391e-04
   2433  -6.90903156e-04
   2434  -6.90335620e-04
   2435  -6.89768784e-04
   2436   1.26395389e-03
   2437   1.26291691e-03
   2438   1.26188120e-03
   2439   1.26084677e-03
   2440   1.25981360e-03
   2441   4.47045434e-03
   2442   4.46679415e-03
   2443   4.46313847e-03
   2444   4.45948726e-03
   2445   4.45584054e-03
   2446   8.77665101e-03
   2447   8.76947981e-03
   2448   8.76231740e-03
   2449   8.75516375e-03
   2450   8.74801887e-03
   2451   1.39678073e-02
   2452   1.39564177e-02
   2453   1.39450422e-02
   2454   1.39336805e-02
   2455   1.39223327e-02
   2456   1.83952784e-02
   2457   1.83803092e-02
   2458   1.83653583e-02
   2459   1.83504256e-02
   2460   1.83355111e-02
   2461   2.15563462e-02
   2462   2.15388403e-02
   2463   2.15213557e-02
   2464   2.15038923e-02
   2465   2.14864503e-02
   2466   2.31230687e-02
   2467   2.31043285e-02
   2468   2.30856110e-02
   2469   2.30669163e-02
   2470   2.30482443e-02
   2471   2.35288192e-02
   2472   2.35097887e-02
   2473   2.34907813e-02
   2474   2.34717970e-02
   2475   2.34528356e-02
   2476   2.38791893e-02
   2477   2.38599144e-02
   2478   2.38406629e-02
   2479   2.38214346e-02
   2480   2.38022296e-02
   2481   2.26832064e-02
   2482   2.26649338e-02
   2483   2.26466832e-02
   2484   2.26284546e-02
   2485   2.26102481e-02
   2486   2.13856080e-02
   2487   2.13684152e-02
   2488   2.13512432e-02
   2489   2.13340919e-02
   2490   2.13169612e-02
   2491   1.80993490e-02
   2492   1.80848274e-02
   2493   1.80703233e-02
   2494   1.80558366e-02
   2495   1.80413673e-02
   2496   1.36323391e-02
   2497   1.36214234e-02
   2498   1.36105208e-02
   2499   1.35996313e-02
   2500   1.35887549e-02
   2501   8.58151459e-03
   2502   8.57465693e-03
   2503   8.56780747e-03
   2504   8.56096623e-03
   2505   8.55413317e-03
   2506   4.05938926e-03
   2507   4.05615178e-03
   2508   4.05291818e-03
   2509   4.04968844e-03
   2510   4.04646256e-03
   2511   9.91838930e-04
   2512   9.91049485e-04
   2513   9.90260982e-04
   2514   9.89473420e-04
   2515   9.88686797e-04
   2516  -9.52581337e-04
   2517  -9.51824645e-04
   2518  -9.51068853e-04
   2519  -9.50313962e-04
   2520  -9.49559969e-04
   2521  -2.02164186e-03
   2522  -2.02003913e-03
   2523  -2.01843831e-03
   2524  -2.01683939e-03
   2525  -2.01524237e-03
   2526  -2.50960715e-03
   2527  -2.50762151e-03
   2528  -2.50563822e-03
   2529  -2.50365728e-03
   2530  -2.50167869e-03
   2531  -2.66212590e-03
   2532  -2.66002373e-03
   2533  -2.65792406e-03
   2534  -2.65582687e-03
   2535  -2.65373216e-03
   2536  -2.61031690e-03
   2537  -2.60825971e-03
   2538  -2.60620495e-03
   2539  -2.60415262e-03
   2540  -2.60210271e-03
   2541  -2.27652680e-03
   2542  -2.27473620e-03
   2543  -2.27294771e-03
   2544  -2.27116133e-03
   2545  -2.26937705e-03
   2546  -1.77684263e-03
   2547  -1.77544780e-03
   2548  -1.77405461e-03
   2549  -1.77266305e-03
   2550  -1.77127314e-03
   2551  -1.11320015e-03
   2552  -1.11232799e-03
   2553  -1.11145686e-03
   2554  -1.11058675e-03
   2555  -1.10971766e-03
   2556  -5.66959777e-04
   2557  -5.66516450e-04
   2558  -5.66073643e-04
   2559  -5.65631355e-04
   2560  -5.65189585e-04
   2561  -1.55585914e-04
   2562  -1.55464493e-04
   2563  -1.55343214e-04
   2564  -1.55222077e-04
   2565  -1.55101082e-04
   2566   1.02409856e-04
   2567   1.02330090e-04
   2568   1.02250417e-04
   2569   1.02170837e-04
   2570   1.02091350e-04
   2571   2.44759586e-04
   2572   2.44569315e-04
   2573   2.44379266e-04
   2574   2.44189439e-04
   2575   2.43999832e-04
   2576   2.93610919e-04
   2577   2.93383115e-04
   2578   2.93155576e-04
   2579   2.92928301e-04
   2580   2.92701291e-04
   2581   3.03688476e-04
   2582   3.03453309e-04
   2583   3.03218415e-04
   2584   3.02983794e-04
   2585   3.02749445e-04
   2586   2.77710316e-04
   2587   2.77495681e-04
   2588   2.77281295e-04
   2589   2.77067158e-04
   2590   2.76853268e-04
   2591   2.33048957e-04
   2592   2.32869188e-04
   2593   2.32689626e-04
   2594   2.32510272e-04
   2595   2.32331125e-04
   2596   1.75550074e-04
   2597   1.75414918e-04
   2598   1.75279919e-04
   2599   1.75145075e-04
   2600   1.75010387e-04
   2601   1.06951944e-04
   2602   1.06869761e-04
   2603   1.06787671e-04
   2604   1.06705677e-04
   2605   1.06623777e-04
   2606   5.13116813e-05
   2607   5.12723281e-05
   2608   5.12330201e-05
   2609   5.11937573e-05
   2610   5.11545397e-05
   2611   6.00926899e-06
   2612   6.00466903e-06
   2613   6.00007435e-06
   2614   5.99548495e-06
   2615   5.99090081e-06
   2616  -2.63040299e-05
   2617  -2.62839332e-05
   2618  -2.62638596e-05
   2619  -2.62438089e-05
   2620  -2.62237812e-05
   2621  -4.57241720e-05
   2622  -4.56893047e-05
   2623  -4.56544772e-05
   2624  -4.56196895e-05
   2625  -4.55849416e-05
   2626  -5.61542235e-05
   2627  -5.61114841e-05
   2628  -5.60687935e-05
   2629  -5.60261515e-05
   2630  -5.59835582e-05
   2631  -5.95116952e-05
   2632  -5.94664864e-05
   2633  -5.94213291e-05
   2634  -5.93762233e-05
   2635  -5.93311687e-05
   2636  -5.53990244e-05
   2637  -5.53570196e-05
   2638  -5.53150626e-05
   2639  -5.52731533e-05
   2640  -5.52312916e-05
   2641  -4.86988270e-05
   2642  -4.86619724e-05
   2643  -4.86251595e-05
   2644  -4.85883884e-05
   2645  -4.85516591e-05
   2646  -3.87336280e-05
   2647  -3.87043703e-05
   2648  -3.86751457e-05
   2649  -3.86459541e-05
   2650  -3.86167956e-05
   2651  -2.76881437e-05
   2652  -2.76672686e-05
   2653  -2.76464172e-05
   2654  -2.76255893e-05
   2655  -2.76047849e-05
   2656  -1.91351262e-05
   2657  -1.91207267e-05
   2658  -1.91063434e-05
   2659  -1.90919764e-05
   2660  -1.90776256e-05
   2661  -1.22245067e-05
   2662  -1.22153248e-05
   2663  -1.22061533e-05
   2664  -1.21969921e-05
   2665  -1.21878412e-05
   2666  -8.32129496e-06
   2667  -8.31505652e-06
   2668  -8.30882510e-06
   2669  -8.30260067e-06
   2670  -8.29638324e-06
   2671  -5.68318676e-06
   2672  -5.67893407e-06
   2673  -5.67468616e-06
   2674  -5.67044300e-06
   2675  -5.66620461e-06
   2676  -4.48218949e-06
   2677  -4.47884176e-06
   2678  -4.47549778e-06
   2679  -4.47215754e-06
   2680  -4.46882105e-06
   2681  -4.51357384e-06
   2682  -4.51020896e-06
   2683  -4.50684783e-06
   2684  -4.50349046e-06
   2685  -4.50013684e-06
   2686  -4.94184741e-06
   2687  -4.93817009e-06
   2688  -4.93449689e-06
   2689  -4.93082777e-06
   2690  -4.92716275e-06
   2691  -5.56162062e-06
   2692  -5.55748981e-06
   2693  -5.55336360e-06
   2694  -5.54924198e-06
   2695  -5.54512495e-06
   2696  -5.58991880e-06
   2697  -5.58577466e-06
   2698  -5.58163514e-06
   2699  -5.57750021e-06
   2700  -5.57336987e-06
   2701  -5.58954770e-06
   2702  -5.58541151e-06
   2703  -5.58127990e-06
   2704  -5.57715288e-06
   2705  -5.57303044e-06
   2706  -5.50687746e-06
   2707  -5.50280997e-06
   2708  -5.49874698e-06
   2709  -5.49468849e-06
   2710  -5.49063449e-06
   2711  -5.65625494e-06
   2712  -5.65208481e-06
   2713  -5.64791930e-06
   2714  -5.64375838e-06
   2715  -5.63960207e-06
   2716  -6.34021838e-06
   2717  -6.33555259e-06
   2718  -6.33089196e-06
   2719  -6.32623646e-06
   2720  -6.32158610e-06
   2721  -6.87465657e-06
   2722  -6.86960678e-06
   2723  -6.86456255e-06
   2724  -6.85952388e-06
   2725  -6.85449075e-06
   2726  -7.78701784e-06
   2727  -7.78130836e-06
   2728  -7.77560516e-06
   2729  -7.76990822e-06
   2730  -7.76421755e-06
   2731  -8.28389658e-06
   2732  -8.27783389e-06
   2733  -8.27177787e-06
   2734  -8.26572848e-06
   2735  -8.25968573e-06
   2736  -8.17848158e-06
   2737  -8.17250698e-06
   2738  -8.16653892e-06
   2739  -8.16057740e-06
   2740  -8.15462240e-06
   2741  -8.02028917e-06
   2742  -8.01444081e-06
   2743  -8.00859885e-06
   2744  -8.00276328e-06
   2745  -7.99693408e-06
   2746  -7.08375813e-06
   2747  -7.07860208e-06
   2748  -7.07345167e-06
   2749  -7.06830687e-06
   2750  -7.06316769e-06
   2751  -6.36271959e-06
   2752  -6.35809678e-06
   2753  -6.35347900e-06
   2754  -6.34886626e-06
   2755  -6.34425854e-06
   2756  -5.69426648e-06
   2757  -5.69013683e-06
   2758  -5.68601167e-06
   2759  -5.68189100e-06
   2760  -5.67777481e-06
   2761  -5.30621278e-06
   2762  -5.30237152e-06
   2763  -5.29853444e-06
   2764  -5.29470152e-06
   2765  -5.29087275e-06
   2766  -5.20328269e-06
   2767  -5.19952275e-06
   2768  -5.19576689e-06
   2769  -5.19201509e-06
   2770  -5.18826736e-06
   2771  -5.03840223e-06
   2772  -5.03476800e-06
   2773  -5.03113770e-06
   2774  -5.02751133e-06
   2775  -5.02388888e-06
   2776  -5.23720246e-06
   2777  -5.23343164e-06
   2778  -5.22966488e-06
   2779  -5.22590220e-06
   2780  -5.22214357e-06
   2781  -5.15954300e-06
   2782  -5.15583477e-06
   2783  -5.15213053e-06
   2784  -5.14843029e-06
   2785  -5.14473403e-06
   2786  -5.27891297e-06
   2787  -5.27512575e-06
   2788  -5.27134260e-06
   2789  -5.26756353e-06
   2790  -5.26378851e-06
   2791  -5.26324768e-06
   2792  -5.25947846e-06
   2793  -5.25571328e-06
   2794  -5.25195215e-06
   2795  -5.24819505e-06
   2796  -5.09045747e-06
   2797  -5.08681850e-06
   2798  -5.08318344e-06
   2799  -5.07955227e-06
   2800  -5.07592499e-06
   2801  -4.91885487e-06
   2802  -4.91534485e-06
   2803  -4.91183859e-06
   2804  -4.90833608e-06
   2805  -4.90483731e-06
   2806  -4.62490689e-06
   2807  -4.62161251e-06
   2808  -4.61832164e-06
   2809  -4.61503429e-06
   2810  -4.61175044e-06
   2811  -4.54667043e-06
   2812  -4.54343753e-06
   2813  -4.54020808e-06
   2814  -4.53698207e-06
   2815  -4.53375949e-06
   2816  -4.55697291e-06
   2817  -4.55373843e-06
   2818  -4.55050740e-06
   2819  -4.54727980e-06
   2820  -4.54405564e-06
   2821  -4.54250898e-06
   2822  -4.53929048e-06
   2823  -4.53607540e-06
   2824  -4.53286373e-06
   2825  -4.52965548e-06
   2826  -4.59286587e-06
   2827  -4.58961745e-06
   2828  -4.58637247e-06
   2829  -4.58313093e-06
   2830  -4.57989282e-06
   2831  -4.60277759e-06
   2832  -4.59952790e-06
   2833  -4.59628165e-06
   2834  -4.59303884e-06
   2835  -4.58979946e-06
   2836  -4.65993928e-06
   2837  -4.65665503e-06
   2838  -4.65337425e-06
   2839  -4.65009694e-06
   2840  -4.64682309e-06
   2841  -4.56638050e-06
   2842  -4.56316785e-06
   2843  -4.55995859e-06
   2844  -4.55675272e-06
   2845  -4.55355022e-06
   2846  -4.42517887e-06
   2847  -4.42207103e-06
   2848  -4.41896646e-06
   2849  -4.41586516e-06
   2850  -4.41276712e-06
   2851  -4.24097710e-06
   2852  -4.23800384e-06
   2853  -4.23503371e-06
   2854  -4.23206670e-06
   2855  -4.22910281e-06
   2856  -4.10380756e-06
   2857  -4.10093551e-06
   2858  -4.09806647e-06
   2859  -4.09520043e-06
   2860  -4.09233741e-06
   2861  -4.07740472e-06
   2862  -4.07455612e-06
   2863  -4.07171051e-06
   2864  -4.06886789e-06
   2865  -4.06602823e-06
   2866  -4.04420545e-06
   2867  -4.04138498e-06
   2868  -4.03856745e-06
   2869  -4.03575287e-06
   2870  -4.03294124e-06
   2871  -4.05329948e-06
   2872  -4.05047758e-06
   2873  -4.04765864e-06
   2874  -4.04484263e-06
   2875  -4.04202956e-06
   2876  -4.02102614e-06
   2877  -4.01823158e-06
   2878  -4.01543993e-06
   2879  -4.01265119e-06
   2880  -4.00986535e-06
   2881  -4.06809113e-06
   2882  -4.06526876e-06
   2883  -4.06244932e-06
   2884  -4.05963282e-06
   2885  -4.05681925e-06
   2886  -4.06940054e-06
   2887  -4.06658215e-06
   2888  -4.06376669e-06
   2889  -4.06095415e-06
   2890  -4.05814453e-06
   2891  -4.03479040e-06
   2892  -4.03200081e-06
   2893  -4.02921412e-06
   2894  -4.02643031e-06
   2895  -4.02364939e-06
   2896  -3.97070298e-06
   2897  -3.96796244e-06
   2898  -3.96522473e-06
   2899  -3.96248986e-06
   2900  -3.95975781e-06
   2901  -3.77407082e-06
   2902  -3.77147048e-06
   2903  -3.76887283e-06
   2904  -3.76627785e-06
   2905  -3.76368556e-06
   2906  -3.69341025e-06
   2907  -3.69086986e-06
   2908  -3.68833209e-06
   2909  -3.68579694e-06
   2910  -3.68326440e-06
   2911  -3.55770259e-06
   2912  -3.55525975e-06
   2913  -3.55281941e-06
   2914  -3.55038159e-06
   2915  -3.54794628e-06
   2916  -3.56335264e-06
   2917  -3.56091010e-06
   2918  -3.55847008e-06
   2919  -3.55603256e-06
   2920  -3.55359755e-06
   2921  -3.65911962e-06
   2922  -3.65661574e-06
   2923  -3.65411442e-06
   2924  -3.65161566e-06
   2925  -3.64911947e-06
   2926  -3.59939622e-06
   2927  -3.59693741e-06
   2928  -3.59448111e-06
   2929  -3.59202733e-06
   2930  -3.58957606e-06
   2931  -3.69819745e-06
   2932  -3.69567545e-06
   2933  -3.69315603e-06
   2934  -3.69063919e-06
   2935  -3.68812491e-06
   2936  -3.66059177e-06
   2937  -3.65809967e-06
   2938  -3.65561011e-06
   2939  -3.65312309e-06
   2940  -3.65063860e-06
   2941  -3.59610606e-06
   2942  -3.59366202e-06
   2943  -3.59122046e-06
   2944  -3.58878140e-06
   2945  -3.58634481e-06
   2946  -3.57489452e-06
   2947  -3.57246902e-06
   2948  -3.57004598e-06
   2949  -3.56762540e-06
   2950  -3.56520729e-06
   2951  -3.34525903e-06
   2952  -3.34299317e-06
   2953  -3.34072962e-06
   2954  -3.33846836e-06
   2955  -3.33620939e-06
   2956  -3.31840952e-06
   2957  -3.31616564e-06
   2958  -3.31392404e-06
   2959  -3.31168472e-06
   2960  -3.30944766e-06
   2961  -3.25373551e-06
   2962  -3.25153908e-06
   2963  -3.24934487e-06
   2964  -3.24715289e-06
   2965  -3.24496312e-06
   2966  -3.25852709e-06
   2967  -3.25633113e-06
   2968  -3.25413739e-06
   2969  -3.25194587e-06
   2970  -3.24975656e-06
   2971  -3.29683281e-06
   2972  -3.29461477e-06
   2973  -3.29239897e-06
   2974  -3.29018541e-06
   2975  -3.28797408e-06
   2976  -3.20447533e-06
   2977  -3.20232305e-06
   2978  -3.20017294e-06
   2979  -3.19802499e-06
   2980  -3.19587921e-06
   2981  -3.31459863e-06
   2982  -3.31237611e-06
   2983  -3.31015584e-06
   2984  -3.30793779e-06
   2985  -3.30572197e-06
   2986  -3.24205292e-06
   2987  -3.23988269e-06
   2988  -3.23771464e-06
   2989  -3.23554876e-06
   2990  -3.23338506e-06
   2991  -3.24016124e-06
   2992  -3.23799590e-06
   2993  -3.23583273e-06
   2994  -3.23367173e-06
   2995  -3.23151289e-06
   2996  -3.11605513e-06
   2997  -3.11397620e-06
   2998  -3.11189935e-06
   2999  -3.10982458e-06
   3000  -3.10775188e-06
   3001  -2.95825621e-06
   3002  -2.95628585e-06
   3003  -2.95431745e-06
   3004  -2.95235102e-06
   3005  -2.95038655e-06
   3006  -2.93268755e-06
   3007  -2.93073746e-06
   3008  -2.92878932e-06
   3009  -2.92684312e-06
   3010  -2.92489885e-06
   3011  -2.81997055e-06
   3012  -2.81809853e-06
   3013  -2.81622837e-06
   3014  -2.81436007e-06
   3015  -2.81249363e-06
   3016  -2.79532607e-06
   3017  -2.79347348e-06
   3018  -2.79162273e-06
   3019  -2.78977382e-06
   3020  -2.78792675e-06
   3021  -2.79554067e-06
   3022  -2.79369100e-06
   3023  -2.79184317e-06
   3024  -2.78999717e-06
   3025  -2.78815300e-06
   3026  -2.75905153e-06
   3027  -2.75722902e-06
   3028  -2.75540832e-06
   3029  -2.75358942e-06
   3030  -2.75177231e-06
   3031  -2.87505124e-06
   3032  -2.87315524e-06
   3033  -2.87126111e-06
   3034  -2.86936885e-06
   3035  -2.86747847e-06
   3036  -2.83962317e-06
   3037  -2.83775362e-06
   3038  -2.83588591e-06
   3039  -2.83402004e-06
   3040  -2.83215601e-06
   3041  -2.85133021e-06
   3042  -2.84945603e-06
   3043  -2.84758369e-06
   3044  -2.84571321e-06
   3045  -2.84384456e-06
   3046  -2.76446244e-06
   3047  -2.76264834e-06
   3048  -2.76083602e-06
   3049  -2.75902549e-06
   3050  -2.75721674e-06
   3051  -2.70500457e-06
   3052  -2.70323239e-06
   3053  -2.70146196e-06
   3054  -2.69969326e-06
   3055  -2.69792630e-06
   3056  -2.65273381e-06
   3057  -2.65099872e-06
   3058  -2.64926533e-06
   3059  -2.64753364e-06
   3060  -2.64580365e-06
   3061  -2.55525071e-06
   3062  -2.55358211e-06
   3063  -2.55191515e-06
   3064  -2.55024981e-06
   3065  -2.54858611e-06
   3066  -2.58149000e-06
   3067  -2.57980701e-06
   3068  -2.57812567e-06
   3069  -2.57644597e-06
   3070  -2.57476792e-06
   3071  -2.53877470e-06
   3072  -2.53712226e-06
   3073  -2.53547143e-06
   3074  -2.53382221e-06
   3075  -2.53217459e-06
   3076  -2.51844336e-06
   3077  -2.51680681e-06
   3078  -2.51517186e-06
   3079  -2.51353850e-06
   3080  -2.51190673e-06
   3081  -2.35497239e-06
   3082  -2.35344455e-06
   3083  -2.35191820e-06
   3084  -2.35039333e-06
   3085  -2.34886994e-06
   3086  -2.13487784e-06
   3087  -2.13349504e-06
   3088  -2.13211358e-06
   3089  -2.13073346e-06
   3090  -2.12935467e-06
   3091  -1.77144159e-06
   3092  -1.77029604e-06
   3093  -1.76915161e-06
   3094  -1.76800829e-06
   3095  -1.76686607e-06
   3096  -1.18526733e-06
   3097  -1.18450209e-06
   3098  -1.18373758e-06
   3099  -1.18297382e-06
   3100  -1.18221080e-06
   3101  -5.56672356e-07
   3102  -5.56313531e-07
   3103  -5.55955053e-07
   3104  -5.55596921e-07
   3105  -5.55239135e-07
   3106   8.05141536e-09
   3107   8.04623386e-09
   3108   8.04105735e-09
   3109   8.03588584e-09
   3110   8.03071931e-09
   3111   4.00711397e-07
   3112   4.00453932e-07
   3113   4.00196716e-07
   3114   3.99939747e-07
   3115   3.99683026e-07
   3116   6.18574198e-07
   3117   6.18177390e-07
   3118   6.17780964e-07
   3119   6.17384918e-07
   3120   6.16989254e-07
   3121   7.23238006e-07
   3122   7.22774800e-07
   3123   7.22312039e-07
   3124   7.21849722e-07
   3125   7.21387849e-07
   3126   7.74646269e-07
   3127   7.74150931e-07
   3128   7.73656069e-07
   3129   7.73161680e-07
   3130   7.72667766e-07
   3131   7.69702932e-07
   3132   7.69211541e-07
   3133   7.68720620e-07
   3134   7.68230169e-07
   3135   7.67740187e-07
   3136   7.80870509e-07
   3137   7.80372782e-07
   3138   7.79875531e-07
   3139   7.79378756e-07
   3140   7.78882455e-07
   3141   7.53630397e-07
   3142   7.53150798e-07
   3143   7.52671656e-07
   3144   7.52192971e-07
   3145   7.51714743e-07
   3146   7.40417592e-07
   3147   7.39947150e-07
   3148   7.39477156e-07
   3149   7.39007609e-07
   3150   7.38538510e-07
   3151   7.42212604e-07
   3152   7.41741769e-07
   3153   7.41271382e-07
   3154   7.40801442e-07
   3155   7.40331949e-07
   3156   7.06183457e-07
   3157   7.05736187e-07
   3158   7.05289342e-07
   3159   7.04842921e-07
   3160   7.04396924e-07
   3161   6.87182535e-07
   3162   6.86747988e-07
   3163   6.86313852e-07
   3164   6.85880129e-07
   3165   6.85446816e-07
   3166   6.59397964e-07
   3167   6.58981644e-07
   3168   6.58565719e-07
   3169   6.58150187e-07
   3170   6.57735049e-07
   3171   6.46406990e-07
   3172   6.45999516e-07
   3173   6.45592427e-07
   3174   6.45185723e-07
   3175   6.44779402e-07
   3176   6.34093053e-07
   3177   6.33693970e-07
   3178   6.33295264e-07
   3179   6.32896934e-07
   3180   6.32498979e-07
   3181   6.01679458e-07
   3182   6.01301370e-07
   3183   6.00923639e-07
   3184   6.00546263e-07
   3185   6.00169243e-07
   3186   6.00816201e-07
   3187   6.00439248e-07
   3188   6.00062649e-07
   3189   5.99686405e-07
   3190   5.99310514e-07
   3191   5.68094316e-07
   3192   5.67738451e-07
   3193   5.67382920e-07
   3194   5.67027723e-07
   3195   5.66672859e-07
   3196   5.66699194e-07
   3197   5.66344758e-07
   3198   5.65990654e-07
   3199   5.65636883e-07
   3200   5.65283442e-07
   3201   5.42622827e-07
   3202   5.42283979e-07
   3203   5.41945448e-07
   3204   5.41607235e-07
   3205   5.41269337e-07
   3206   5.14268104e-07
   3207   5.13947463e-07
   3208   5.13627122e-07
   3209   5.13307080e-07
   3210   5.12987338e-07
   3211   5.03975328e-07
   3212   5.03661593e-07
   3213   5.03348152e-07
   3214   5.03035002e-07
   3215   5.02722145e-07
   3216   4.75960599e-07
   3217   4.75664765e-07
   3218   4.75369206e-07
   3219   4.75073923e-07
   3220   4.74778914e-07
   3221   4.64236570e-07
   3222   4.63948470e-07
   3223   4.63660638e-07
   3224   4.63373075e-07
   3225   4.63085778e-07
   3226   4.46464591e-07
   3227   4.46187949e-07
   3228   4.45911565e-07
   3229   4.45635438e-07
   3230   4.45359566e-07
   3231   4.15078816e-07
   3232   4.14822020e-07
   3233   4.14565462e-07
   3234   4.14309143e-07
   3235   4.14053060e-07
   3236   4.09710506e-07
   3237   4.09457422e-07
   3238   4.09204573e-07
   3239   4.08951958e-07
   3240   4.08699577e-07
   3241   3.76829242e-07
   3242   3.76596829e-07
   3243   3.76364630e-07
   3244   3.76132647e-07
   3245   3.75900877e-07
   3246   3.69192352e-07
   3247   3.68964999e-07
   3248   3.68737856e-07
   3249   3.68510923e-07
   3250   3.68284200e-07
   3251   3.49201972e-07
   3252   3.48987261e-07
   3253   3.48772747e-07
   3254   3.48558431e-07
   3255   3.48344312e-07
   3256   3.31141832e-07
   3257   3.30938537e-07
   3258   3.30735429e-07
   3259   3.30532509e-07
   3260   3.30329775e-07
   3261   3.25260960e-07
   3262   3.25061581e-07
   3263   3.24862386e-07
   3264   3.24663374e-07
   3265   3.24464545e-07
   3266   2.99363921e-07
   3267   2.99180698e-07
   3268   2.98997642e-07
   3269   2.98814755e-07
   3270   2.98632036e-07
   3271   2.94944009e-07
   3272   2.94763766e-07
   3273   2.94583689e-07
   3274   2.94403777e-07
   3275   2.94224030e-07
   3276   2.76009245e-07
   3277   2.75840831e-07
   3278   2.75672571e-07
   3279   2.75504465e-07
   3280   2.75336513e-07
   3281   2.64649651e-07
   3282   2.64488415e-07
   3283   2.64327325e-07
   3284   2.64166383e-07
   3285   2.64005588e-07
   3286   2.53543284e-07
   3287   2.53389049e-07
   3288   2.53234955e-07
   3289   2.53081001e-07
   3290   2.52927187e-07
   3291   2.34579395e-07
   3292   2.34436912e-07
   3293   2.34294560e-07
   3294   2.34152337e-07
   3295   2.34010243e-07
   3296   2.32042421e-07
   3297   2.31901693e-07
   3298   2.31761094e-07
   3299   2.31620622e-07
   3300   2.31480277e-07
