     50   1.11639765e-13
     51   8.54221284e-14
     52   8.21835972e-14
     53   7.91258051e-14
     54   7.62355489e-14
     55   7.35008093e-14
     56   3.89258198e-14
     57   3.75778166e-14
     58   3.62986424e-14
     59   3.50836900e-14
     60   3.39287311e-14
     61   1.99050477e-14
     62   1.92706545e-14
     63   1.86661133e-14
     64   1.80895800e-14
     65   1.75393509e-14
     66   5.86142007e-14
     67   5.68839639e-14
     68   5.52292243e-14
     69   5.36456526e-14
     70   5.21292253e-14
     71   4.01059880e-14
     72   3.90034575e-14
     73   3.79457736e-14
     74   3.69305366e-14
     75   3.59555052e-14
     76   5.77200528e-14
     77   5.62353392e-14
     78   5.48071839e-14
     79   5.34327501e-14
     80   5.21093768e-14
     81   8.24511333e-14
     82   8.04584119e-14
     83   7.85370690e-14
     84   7.66837358e-14
     85   7.48952400e-14
     86   6.37791783e-14
     87   6.23255576e-14
     88   6.09210718e-14
     89   5.95635312e-14
     90   5.82508665e-14
     91   6.66557421e-14
     92   6.52184532e-14
     93   6.38271562e-14
     94   6.24799096e-14
     95   6.11748732e-14
     96   5.29709650e-14
     97   5.18871815e-14
     98   5.08363223e-14
     99   4.98170671e-14
    100   4.88281611e-14
    101   2.18154733e-14
    102   2.13908488e-14
    103   2.09785023e-14
    104   2.05779650e-14
    105   2.01887903e-14
    106   1.36177613e-14
    107   1.33649996e-14
    108   1.31192104e-14
    109   1.28801397e-14
    110   1.26475449e-14
    111   3.33138523e-14
    112   3.27229280e-14
    113   3.21475882e-14
    114   3.15872897e-14
    115   3.10415127e-14
    116   4.79893909e-14
    117   4.71742956e-14
    118   4.63797918e-14
    119   4.56051917e-14
    120   4.48498360e-14
    121   8.61024776e-14
    122   8.46996035e-14
    123   8.33307379e-14
    124   8.19947904e-14
    125   8.06907139e-14
    126   1.14765717e-13
    127   1.12969014e-13
    128   1.11214175e-13
    129   1.09499911e-13
    130   1.07824978e-13
    131   1.07607031e-13
    132   1.05985850e-13
    133   1.04401031e-13
    134   1.02851496e-13
    135   1.01336204e-13
    136   8.02994452e-14
    137   7.91335846e-14
    138   7.79929315e-14
    139   7.68767644e-14
    140   7.57843874e-14
    141   4.58068839e-14
    142   4.51651121e-14
    143   4.45367337e-14
    144   4.39213785e-14
    145   4.33186891e-14
    146   4.16116141e-14
    147   4.10483484e-14
    148   4.04964425e-14
    149   3.99555931e-14
    150   3.94255067e-14
    151   6.81957439e-14
    152   6.73028445e-14
    153   6.64273673e-14
    154   6.55688621e-14
    155   6.47268929e-14
    156   7.45730720e-14
    157   7.36276202e-14
    158   7.27000351e-14
    159   7.17898693e-14
    160   7.08966892e-14
    161   1.82778536e-13
    162   1.80532425e-13
    163   1.78327465e-13
    164   1.76162655e-13
    165   1.74037026e-13
    166   1.56588597e-13
    167   1.54721681e-13
    168   1.52887955e-13
    169   1.51086636e-13
    170   1.49316965e-13
    171   1.87896818e-13
    172   1.85721470e-13
    173   1.83583683e-13
    174   1.81482595e-13
    175   1.79417372e-13
    176   2.61351733e-13
    177   2.58411084e-13
    178   2.55519788e-13
    179   2.52676747e-13
    180   2.49880894e-13
    181   1.54651341e-13
    182   1.52958860e-13
    183   1.51294011e-13
    184   1.49656196e-13
    185   1.48044833e-13
    186   1.78632393e-13
    187   1.76729528e-13
    188   1.74856908e-13
    189   1.73013893e-13
    190   1.71199864e-13
    191   1.54322601e-13
    192   1.52721337e-13
    193   1.51144866e-13
    194   1.49592680e-13
    195   1.48064282e-13
    196   1.70868311e-13
    197   1.69140195e-13
    198   1.67438163e-13
    199   1.65761694e-13
    200   1.64110278e-13
    201   1.70817031e-13
    202   1.69132038e-13
    203   1.67471853e-13
    204   1.65835994e-13
    205   1.64223987e-13
    206   7.58609242e-14
    207   7.51306176e-14
    208   7.44108065e-14
    209   7.37012905e-14
    210   7.30018743e-14
    211   8.52168082e-15
    212   8.44157135e-15
    213   8.36258621e-15
    214   8.28470447e-15
    215   8.20790566e-15
    216   0.00000000e+00
    217   0.00000000e+00
    218   0.00000000e+00
    219   0.00000000e+00
    220   0.00000000e+00
    221   0.00000000e+00
    222   0.00000000e+00
    223   0.00000000e+00
    224   0.00000000e+00
    225   0.00000000e+00
    226   3.36827284e-15
    227   3.33869426e-15
    228   3.30950359e-15
    229   3.28069409e-15
    230   3.25225914e-15
    231   0.00000000e+00
    232   0.00000000e+00
    233   0.00000000e+00
    234   0.00000000e+00
    235   0.00000000e+00
    236   0.00000000e+00
    237   0.00000000e+00
    238   0.00000000e+00
    239   0.00000000e+00
    240   0.00000000e+00
    241   0.00000000e+00
    242   0.00000000e+00
    243   0.00000000e+00
    244   0.00000000e+00
    245   0.00000000e+00
    246   1.82097960e-13
    247   1.80627951e-13
    248   1.79175670e-13
    249   1.77740834e-13
    250   1.76323165e-13
    251   2.08279786e-12
    252   2.06631681e-12
    253   2.05003062e-12
    254   2.03393622e-12
    255   2.01803060e-12
    256   3.28031510e-12
    257   3.25486171e-12
    258   3.22970343e-12
    259   3.20483571e-12
    260   3.18025411e-12
    261   6.68066629e-12
    262   6.62981454e-12
    263   6.57954120e-12
    264   6.52983753e-12
    265   6.48069495e-12
    266   5.98168572e-12
    267   5.93700471e-12
    268   5.89282247e-12
    269   5.84913159e-12
    270   5.80592482e-12
    271   1.24249317e-11
    272   1.23338234e-11
    273   1.22437135e-11
    274   1.21545875e-11
    275   1.20664312e-11
    276   2.49563556e-11
    277   2.47766523e-11
    278   2.45988831e-11
    279   2.44230201e-11
    280   2.42490364e-11
    281   1.08487097e-10
    282   1.07719728e-10
    283   1.06960471e-10
    284   1.06209214e-10
    285   1.05465844e-10
    286   1.98444336e-10
    287   1.97065056e-10
    288   1.95700107e-10
    289   1.94349289e-10
    290   1.93012410e-10
    291   3.31044132e-10
    292   3.28782521e-10
    293   3.26544006e-10
    294   3.24328276e-10
    295   3.22135021e-10
    296   4.91604582e-10
    297   4.88302459e-10
    298   4.85033495e-10
    299   4.81797249e-10
    300   4.78593284e-10
    301   5.98091631e-10
    302   5.94140580e-10
    303   5.90228551e-10
    304   5.86355033e-10
    305   5.82519521e-10
    306   9.48662703e-10
    307   9.42497564e-10
    308   9.36392328e-10
    309   9.30346223e-10
    310   9.24358488e-10
    311   9.57862155e-10
    312   9.51736749e-10
    313   9.45669913e-10
    314   9.39660902e-10
    315   9.33708984e-10
    316   1.29225003e-09
    317   1.28411629e-09
    318   1.27605910e-09
    319   1.26807751e-09
    320   1.26017057e-09
    321   1.60610941e-09
    322   1.59615677e-09
    323   1.58629636e-09
    324   1.57652704e-09
    325   1.56684769e-09
    326   1.57701706e-09
    327   1.56739378e-09
    328   1.55785832e-09
    329   1.54840961e-09
    330   1.53904661e-09
    331   2.14955328e-09
    332   2.13663337e-09
    333   2.12382960e-09
    334   2.11114057e-09
    335   2.09856492e-09
    336   2.04788942e-09
    337   2.03576278e-09
    338   2.02374354e-09
    339   2.01183042e-09
    340   2.00002219e-09
    341   2.79322504e-09
    342   2.77692616e-09
    343   2.76076953e-09
    344   2.74475348e-09
    345   2.72887641e-09
    346   2.97892005e-09
    347   2.96178754e-09
    348   2.94480240e-09
    349   2.92796296e-09
    350   2.91126754e-09
    351   3.00929276e-09
    352   2.99223088e-09
    353   2.97531370e-09
    354   2.95853958e-09
    355   2.94190692e-09
    356   3.86387497e-09
    357   3.84227402e-09
    358   3.82085371e-09
    359   3.79961203e-09
    360   3.77854699e-09
    361   3.70046388e-09
    362   3.68006163e-09
    363   3.65982764e-09
    364   3.63976007e-09
    365   3.61985711e-09
    366   4.45931020e-09
    367   4.43505837e-09
    368   4.41100385e-09
    369   4.38714450e-09
    370   4.36347821e-09
    371   4.47567125e-09
    372   4.45165695e-09
    373   4.42783541e-09
    374   4.40420456e-09
    375   4.38076239e-09
    376   5.06456805e-09
    377   5.03775370e-09
    378   5.01115173e-09
    379   4.98475992e-09
    380   4.95857606e-09
    381   5.77083531e-09
    382   5.74068076e-09
    383   5.71076194e-09
    384   5.68107640e-09
    385   5.65162173e-09
    386   5.48733386e-09
    387   5.45903044e-09
    388   5.43094543e-09
    389   5.40307659e-09
    390   5.37542173e-09
    391   6.63393722e-09
    392   6.60015527e-09
    393   6.56663072e-09
    394   6.53336094e-09
    395   6.50034336e-09
    396   6.44546644e-09
    397   6.41305684e-09
    398   6.38089108e-09
    399   6.34896671e-09
    400   6.31728132e-09
    401   7.54953980e-09
    402   7.51204989e-09
    403   7.47483854e-09
    404   7.43790300e-09
    405   7.40124055e-09
    406   7.96177016e-09
    407   7.92271799e-09
    408   7.88395244e-09
    409   7.84547072e-09
    410   7.80727005e-09
    411   8.13946293e-09
    412   8.10002282e-09
    413   8.06086867e-09
    414   8.02199774e-09
    415   7.98340729e-09
    416   8.86932831e-09
    417   8.82686598e-09
    418   8.78470786e-09
    419   8.74285105e-09
    420   8.70129268e-09
    421   9.45723043e-09
    422   9.41248899e-09
    423   9.36806431e-09
    424   9.32395340e-09
    425   9.28015331e-09
    426   1.04453796e-08
    427   1.03965409e-08
    428   1.03480440e-08
    429   1.02998856e-08
    430   1.02520626e-08
    431   1.12648921e-08
    432   1.12128302e-08
    433   1.11611285e-08
    434   1.11097835e-08
    435   1.10587920e-08
    436   1.21979608e-08
    437   1.21422306e-08
    438   1.20868815e-08
    439   1.20319099e-08
    440   1.19773125e-08
    441   1.22535903e-08
    442   1.21982381e-08
    443   1.21432602e-08
    444   1.20886531e-08
    445   1.20344136e-08
    446   1.34074123e-08
    447   1.33475245e-08
    448   1.32880369e-08
    449   1.32289462e-08
    450   1.31702488e-08
    451   1.41832923e-08
    452   1.41206384e-08
    453   1.40583987e-08
    454   1.39965696e-08
    455   1.39351476e-08
    456   1.55040874e-08
    457   1.54363471e-08
    458   1.53690497e-08
    459   1.53021915e-08
    460   1.52357686e-08
    461   1.61759374e-08
    462   1.61060253e-08
    463   1.60365654e-08
    464   1.59675539e-08
    465   1.58989869e-08
    466   1.54850712e-08
    467   1.54188603e-08
    468   1.53530733e-08
    469   1.52877063e-08
    470   1.52227559e-08
    471   1.86404164e-08
    472   1.85615570e-08
    473   1.84831969e-08
    474   1.84053320e-08
    475   1.83279581e-08
    476   1.84632788e-08
    477   1.83859863e-08
    478   1.83091780e-08
    479   1.82328501e-08
    480   1.81569985e-08
    481   2.10293003e-08
    482   2.09421774e-08
    483   2.08555948e-08
    484   2.07695481e-08
    485   2.06840328e-08
    486   2.06418380e-08
    487   2.05571970e-08
    488   2.04730755e-08
    489   2.03894693e-08
    490   2.03063743e-08
    491   2.05076836e-08
    492   2.04244460e-08
    493   2.03417141e-08
    494   2.02594839e-08
    495   2.01777513e-08
    496   2.39675792e-08
    497   2.38712755e-08
    498   2.37755512e-08
    499   2.36804015e-08
    500   2.35858218e-08
    501   2.28067292e-08
    502   2.27160014e-08
    503   2.26258138e-08
    504   2.25361623e-08
    505   2.24470426e-08
    506   2.64240243e-08
    507   2.63199416e-08
    508   2.62164726e-08
    509   2.61136126e-08
    510   2.60113567e-08
    511   2.66271071e-08
    512   2.65232472e-08
    513   2.64199938e-08
    514   2.63173421e-08
    515   2.62152875e-08
    516   2.75655249e-08
    517   2.74590430e-08
    518   2.73531769e-08
    519   2.72479219e-08
    520   2.71432732e-08
    521   3.08158529e-08
    522   3.06979540e-08
    523   3.05807304e-08
    524   3.04641769e-08
    525   3.03482885e-08
    526   2.75018538e-08
    527   2.73976309e-08
    528   2.72939992e-08
    529   2.71909545e-08
    530   2.70884922e-08
    531   3.33335044e-08
    532   3.32083670e-08
    533   3.30839329e-08
    534   3.29601969e-08
    535   3.28371538e-08
    536   3.20758138e-08
    537   3.19565175e-08
    538   3.18378855e-08
    539   3.17199128e-08
    540   3.16025947e-08
    541   3.58461647e-08
    542   3.57140739e-08
    543   3.55827119e-08
    544   3.54520733e-08
    545   3.53221528e-08
    546   3.63586441e-08
    547   3.62258878e-08
    548   3.60938573e-08
    549   3.59625474e-08
    550   3.58319526e-08
    551   3.50047626e-08
    552   3.48781059e-08
    553   3.47521354e-08
    554   3.46268461e-08
    555   3.45022332e-08
    556   4.12872070e-08
    557   4.11391579e-08
    558   4.09919038e-08
    559   4.08454388e-08
    560   4.06997574e-08
    561   3.86993387e-08
    562   3.85618023e-08
    563   3.84249978e-08
    564   3.82889199e-08
    565   3.81535637e-08
    566   4.38933234e-08
    567   4.37387015e-08
    568   4.35848952e-08
    569   4.34318987e-08
    570   4.32797064e-08
    571   4.24586931e-08
    572   4.23104306e-08
    573   4.21629433e-08
    574   4.20162259e-08
    575   4.18702730e-08
    576   4.66488001e-08
    577   4.64873158e-08
    578   4.63266686e-08
    579   4.61668526e-08
    580   4.60078623e-08
    581   4.80808760e-08
    582   4.79158624e-08
    583   4.77516968e-08
    584   4.75883734e-08
    585   4.74258865e-08
    586   4.78779298e-08
    587   4.77150105e-08
    588   4.75529214e-08
    589   4.73916568e-08
    590   4.72312111e-08
    591   5.34030774e-08
    592   5.32228900e-08
    593   5.30436129e-08
    594   5.28652402e-08
    595   5.26877658e-08
    596   5.29528994e-08
    597   5.27757254e-08
    598   5.25994392e-08
    599   5.24240347e-08
    600   5.22495062e-08
    601   5.71785477e-08
    602   5.69888222e-08
    603   5.68000395e-08
    604   5.66121932e-08
    605   5.64252773e-08
    606   5.66001116e-08
    607   5.64138505e-08
    608   5.62285074e-08
    609   5.60440761e-08
    610   5.58605508e-08
    611   5.60329126e-08
    612   5.58500227e-08
    613   5.56680268e-08
    614   5.54869190e-08
    615   5.53066937e-08
    616   6.49397979e-08
    617   6.47295518e-08
    618   6.45203250e-08
    619   6.43121111e-08
    620   6.41049034e-08
    621   6.19079949e-08
    622   6.17091737e-08
    623   6.15113087e-08
    624   6.13143938e-08
    625   6.11184230e-08
    626   6.81460338e-08
    627   6.79289219e-08
    628   6.77128459e-08
    629   6.74977993e-08
    630   6.72837755e-08
    631   6.58566672e-08
    632   6.56485072e-08
    633   6.54413325e-08
    634   6.52351370e-08
    635   6.50299145e-08
    636   6.90463029e-08
    637   6.88297720e-08
    638   6.86142582e-08
    639   6.83997549e-08
    640   6.81862560e-08
    641   7.53794730e-08
    642   7.51449201e-08
    643   7.49114602e-08
    644   7.46790867e-08
    645   7.44477927e-08
    646   7.10504415e-08
    647   7.08310654e-08
    648   7.06127039e-08
    649   7.03953505e-08
    650   7.01789992e-08
    651   7.97848638e-08
    652   7.95404063e-08
    653   7.92970705e-08
    654   7.90548497e-08
    655   7.88137371e-08
    656   7.78662108e-08
    657   7.76294455e-08
    658   7.73937585e-08
    659   7.71591432e-08
    660   7.69255931e-08
    661   8.11594248e-08
    662   8.09145078e-08
    663   8.06706977e-08
    664   8.04279879e-08
    665   8.01863718e-08
    666   8.36479962e-08
    667   8.33974594e-08
    668   8.31480466e-08
    669   8.28997509e-08
    670   8.26525658e-08
    671   8.00098507e-08
    672   7.97719917e-08
    673   7.95351918e-08
    674   7.92994447e-08
    675   7.90647443e-08
    676   9.11565400e-08
    677   9.08875426e-08
    678   9.06197341e-08
    679   9.03531076e-08
    680   9.00876560e-08
    681   8.58671957e-08
    682   8.56156624e-08
    683   8.53652328e-08
    684   8.51159004e-08
    685   8.48676587e-08
    686   9.53216918e-08
    687   9.50444932e-08
    688   9.47685021e-08
    689   9.44937113e-08
    690   9.42201140e-08
    691   9.39943311e-08
    692   9.37229654e-08
    693   9.34527731e-08
    694   9.31837476e-08
    695   9.29158821e-08
    696   9.47317489e-08
    697   9.44602141e-08
    698   9.41898450e-08
    699   9.39206351e-08
    700   9.36525778e-08
    701   1.02906786e-07
    702   1.02613917e-07
    703   1.02322297e-07
    704   1.02031918e-07
    705   1.01742773e-07
    706   9.55901247e-08
    707   9.53200008e-08
    708   9.50510203e-08
    709   9.47831767e-08
    710   9.45164637e-08
    711   1.06603212e-07
    712   1.06304080e-07
    713   1.06006205e-07
    714   1.05709581e-07
    715   1.05414199e-07
    716   1.04636125e-07
    717   1.04344558e-07
    718   1.04054208e-07
    719   1.03765068e-07
    720   1.03477132e-07
    721   1.11459240e-07
    722   1.11150809e-07
    723   1.10843657e-07
    724   1.10537776e-07
    725   1.10233159e-07
    726   1.11996067e-07
    727   1.11688280e-07
    728   1.11381760e-07
    729   1.11076500e-07
    730   1.10772493e-07
    731   1.08451425e-07
    732   1.08155413e-07
    733   1.07860612e-07
    734   1.07567014e-07
    735   1.07274613e-07
    736   1.16032505e-07
    737   1.15717947e-07
    738   1.15404667e-07
    739   1.15092657e-07
    740   1.14781911e-07
    741   1.15319183e-07
    742   1.15008663e-07
    743   1.14699396e-07
    744   1.14391375e-07
    745   1.14084593e-07
    746   1.21566990e-07
    747   1.21241836e-07
    748   1.20917985e-07
    749   1.20595430e-07
    750   1.20274163e-07
    751   1.23854863e-07
    752   1.23525790e-07
    753   1.23198026e-07
    754   1.22871566e-07
    755   1.22546402e-07
    756   1.17075678e-07
    757   1.16766669e-07
    758   1.16458882e-07
    759   1.16152311e-07
    760   1.15846948e-07
    761   1.35133771e-07
    762   1.34779438e-07
    763   1.34426497e-07
    764   1.34074940e-07
    765   1.33724761e-07
    766   1.26566751e-07
    767   1.26237043e-07
    768   1.25908621e-07
    769   1.25581480e-07
    770   1.25255612e-07
    771   1.30962738e-07
    772   1.30623785e-07
    773   1.30286147e-07
    774   1.29949816e-07
    775   1.29614786e-07
    776   1.32076907e-07
    777   1.31737268e-07
    778   1.31398938e-07
    779   1.31061910e-07
    780   1.30726177e-07
    781   1.36774135e-07
    782   1.36424664e-07
    783   1.36076531e-07
    784   1.35729729e-07
    785   1.35384251e-07
    786   1.39096061e-07
    787   1.38742913e-07
    788   1.38391108e-07
    789   1.38040640e-07
    790   1.37691502e-07
    791   1.37831002e-07
    792   1.37483273e-07
    793   1.37136859e-07
    794   1.36791752e-07
    795   1.36447946e-07
    796   1.43816394e-07
    797   1.43455839e-07
    798   1.43096638e-07
    799   1.42738785e-07
    800   1.42382272e-07
    801   1.40849057e-07
    802   1.40498140e-07
    803   1.40148534e-07
    804   1.39800231e-07
    805   1.39453224e-07
    806   1.45794454e-07
    807   1.45433465e-07
    808   1.45073816e-07
    809   1.44715498e-07
    810   1.44358507e-07
    811   1.44892271e-07
    812   1.44535723e-07
    813   1.44180489e-07
    814   1.43826564e-07
    815   1.43473940e-07
    816   1.44921874e-07
    817   1.44567433e-07
    818   1.44214291e-07
    819   1.43862442e-07
    820   1.43511879e-07
    821   1.50120364e-07
    822   1.49755440e-07
    823   1.49391846e-07
    824   1.49029574e-07
    825   1.48668619e-07
    826   1.51491976e-07
    827   1.51125943e-07
    828   1.50761235e-07
    829   1.50397846e-07
    830   1.50035768e-07
    831   1.56208944e-07
    832   1.55833780e-07
    833   1.55459966e-07
    834   1.55087495e-07
    835   1.54716362e-07
    836   1.51039297e-07
    837   1.50678714e-07
    838   1.50319421e-07
    839   1.49961411e-07
    840   1.49604678e-07
    841   1.50532167e-07
    842   1.50174927e-07
    843   1.49818957e-07
    844   1.49464251e-07
    845   1.49110803e-07
    846   1.60472865e-07
    847   1.60094280e-07
    848   1.59717033e-07
    849   1.59341117e-07
    850   1.58966528e-07
    851   1.51767510e-07
    852   1.51411562e-07
    853   1.51056864e-07
    854   1.50703412e-07
    855   1.50351198e-07
    856   1.59561648e-07
    857   1.59189601e-07
    858   1.58818854e-07
    859   1.58449400e-07
    860   1.58081234e-07
    861   1.52585405e-07
    862   1.52231686e-07
    863   1.51879196e-07
    864   1.51527929e-07
    865   1.51177879e-07
    866   1.64290123e-07
    867   1.63911465e-07
    868   1.63534115e-07
    869   1.63158067e-07
    870   1.62783314e-07
    871   1.64324905e-07
    872   1.63948337e-07
    873   1.63573062e-07
    874   1.63199074e-07
    875   1.62826367e-07
    876   1.59628147e-07
    877   1.59264425e-07
    878   1.58901946e-07
    879   1.58540703e-07
    880   1.58180690e-07
    881   1.65801545e-07
    882   1.65425898e-07
    883   1.65051525e-07
    884   1.64678422e-07
    885   1.64306582e-07
    886   1.61407490e-07
    887   1.61043857e-07
    888   1.60681452e-07
    889   1.60320269e-07
    890   1.59960302e-07
    891   1.66403952e-07
    892   1.66031162e-07
    893   1.65659624e-07
    894   1.65289331e-07
    895   1.64920279e-07
    896   1.64296717e-07
    897   1.63930698e-07
    898   1.63565901e-07
    899   1.63202320e-07
    900   1.62839951e-07
    901   1.61277761e-07
    902   1.60920458e-07
    903   1.60564340e-07
    904   1.60209404e-07
    905   1.59855643e-07
    906   1.70962916e-07
    907   1.70586242e-07
    908   1.70210812e-07
    909   1.69836620e-07
    910   1.69463660e-07
    911   1.62345627e-07
    912   1.61989899e-07
    913   1.61635338e-07
    914   1.61281940e-07
    915   1.60929700e-07
    916   1.74078307e-07
    917   1.73698949e-07
    918   1.73320828e-07
    919   1.72943942e-07
    920   1.72568283e-07
    921   1.63696857e-07
    922   1.63342055e-07
    923   1.62988405e-07
    924   1.62635902e-07
    925   1.62284542e-07
    926   1.66237897e-07
    927   1.65879529e-07
    928   1.65522319e-07
    929   1.65166262e-07
    930   1.64811352e-07
    931   1.74906444e-07
    932   1.74531410e-07
    933   1.74157581e-07
    934   1.73784952e-07
    935   1.73413518e-07
    936   1.59203474e-07
    937   1.58863931e-07
    938   1.58525472e-07
    939   1.58188094e-07
    940   1.57851792e-07
    941   1.69340164e-07
    942   1.68980917e-07
    943   1.68622812e-07
    944   1.68265844e-07
    945   1.67910008e-07
    946   1.62990529e-07
    947   1.62646577e-07
    948   1.62303712e-07
    949   1.61961930e-07
    950   1.61621226e-07
    951   1.66364303e-07
    952   1.66015073e-07
    953   1.65666942e-07
    954   1.65319905e-07
    955   1.64973957e-07
    956   1.63756901e-07
    957   1.63414940e-07
    958   1.63074048e-07
    959   1.62734222e-07
    960   1.62395457e-07
    961   1.56590435e-07
    962   1.56265137e-07
    963   1.55940852e-07
    964   1.55617574e-07
    965   1.55295301e-07
    966   1.68739716e-07
    967   1.68390991e-07
    968   1.68043345e-07
    969   1.67696774e-07
    970   1.67351275e-07
    971   1.54531031e-07
    972   1.54213311e-07
    973   1.53896570e-07
    974   1.53580804e-07
    975   1.53266009e-07
    976   1.65416440e-07
    977   1.65078078e-07
    978   1.64740754e-07
    979   1.64404463e-07
    980   1.64069200e-07
    981   1.59626306e-07
    982   1.59301449e-07
    983   1.58977584e-07
    984   1.58654705e-07
    985   1.58332808e-07
    986   1.53208151e-07
    987   1.52897935e-07
    988   1.52588660e-07
    989   1.52280322e-07
    990   1.51972918e-07
    991   1.57919373e-07
    992   1.57601227e-07
    993   1.57284043e-07
    994   1.56967814e-07
    995   1.56652539e-07
    996   1.50755163e-07
    997   1.50452973e-07
    998   1.50151690e-07
    999   1.49851312e-07
   1000   1.49551834e-07
   1001   1.52565571e-07
   1002   1.52261277e-07
   1003   1.51957892e-07
   1004   1.51655413e-07
   1005   1.51353837e-07
   1006   1.47214520e-07
   1007   1.46922356e-07
   1008   1.46631060e-07
   1009   1.46340629e-07
   1010   1.46051061e-07
   1011   1.45694584e-07
   1012   1.45406863e-07
   1013   1.45119994e-07
   1014   1.44833973e-07
   1015   1.44548797e-07
   1016   1.54843902e-07
   1017   1.54539616e-07
   1018   1.54236225e-07
   1019   1.53933727e-07
   1020   1.53632118e-07
   1021   1.42656540e-07
   1022   1.42377573e-07
   1023   1.42099424e-07
   1024   1.41822090e-07
   1025   1.41545566e-07
   1026   1.43679597e-07
   1027   1.43399997e-07
   1028   1.43121212e-07
   1029   1.42843239e-07
   1030   1.42566075e-07
   1031   1.40800829e-07
   1032   1.40528157e-07
   1033   1.40256277e-07
   1034   1.39985185e-07
   1035   1.39714878e-07
   1036   1.39068690e-07
   1037   1.38800671e-07
   1038   1.38533425e-07
   1039   1.38266951e-07
   1040   1.38001244e-07
   1041   1.41741864e-07
   1042   1.41470003e-07
   1043   1.41198922e-07
   1044   1.40928621e-07
   1045   1.40659094e-07
   1046   1.35418799e-07
   1047   1.35160305e-07
   1048   1.34902550e-07
   1049   1.34645531e-07
   1050   1.34389247e-07
   1051   1.35285869e-07
   1052   1.35028855e-07
   1053   1.34772573e-07
   1054   1.34517019e-07
   1055   1.34262192e-07
   1056   1.30688818e-07
   1057   1.30441711e-07
   1058   1.30195304e-07
   1059   1.29949595e-07
   1060   1.29704580e-07
   1061   1.30198161e-07
   1062   1.29953139e-07
   1063   1.29708809e-07
   1064   1.29465168e-07
   1065   1.29222212e-07
   1066   1.30423760e-07
   1067   1.30179463e-07
   1068   1.29935853e-07
   1069   1.29692925e-07
   1070   1.29450678e-07
   1071   1.28249198e-07
   1072   1.28010094e-07
   1073   1.27771658e-07
   1074   1.27533888e-07
   1075   1.27296782e-07
   1076   1.21179081e-07
   1077   1.20954207e-07
   1078   1.20729958e-07
   1079   1.20506333e-07
   1080   1.20283328e-07
   1081   1.25931115e-07
   1082   1.25698501e-07
   1083   1.25466532e-07
   1084   1.25235204e-07
   1085   1.25004515e-07
   1086   1.21889418e-07
   1087   1.21665305e-07
   1088   1.21441810e-07
   1089   1.21218930e-07
   1090   1.20996663e-07
   1091   1.18516227e-07
   1092   1.18299314e-07
   1093   1.18082995e-07
   1094   1.17867269e-07
   1095   1.17652134e-07
   1096   1.19397090e-07
   1097   1.19179559e-07
   1098   1.18962622e-07
   1099   1.18746278e-07
   1100   1.18530522e-07
   1101   1.20004317e-07
   1102   1.19786671e-07
   1103   1.19569617e-07
   1104   1.19353153e-07
   1105   1.19137275e-07
   1106   1.13717855e-07
   1107   1.13512541e-07
   1108   1.13307784e-07
   1109   1.13103580e-07
   1110   1.12899927e-07
   1111   1.14264252e-07
   1112   1.14058879e-07
   1113   1.13854059e-07
   1114   1.13649791e-07
   1115   1.13446072e-07
   1116   1.11476002e-07
   1117   1.11276537e-07
   1118   1.11077607e-07
   1119   1.10879209e-07
   1120   1.10681343e-07
   1121   1.16196667e-07
   1122   1.15989681e-07
   1123   1.15783248e-07
   1124   1.15577365e-07
   1125   1.15372031e-07
   1126   1.08724949e-07
   1127   1.08532132e-07
   1128   1.08339827e-07
   1129   1.08148033e-07
   1130   1.07956747e-07
   1131   1.10630015e-07
   1132   1.10434685e-07
   1133   1.10239872e-07
   1134   1.10045574e-07
   1135   1.09851789e-07
   1136   1.09199803e-07
   1137   1.09007846e-07
   1138   1.08816394e-07
   1139   1.08625446e-07
   1140   1.08435001e-07
   1141   1.09136789e-07
   1142   1.08945781e-07
   1143   1.08755275e-07
   1144   1.08565268e-07
   1145   1.08375759e-07
   1146   1.12472876e-07
   1147   1.12276888e-07
   1148   1.12081411e-07
   1149   1.11886445e-07
   1150   1.11691987e-07
   1151   1.06343181e-07
   1152   1.06158677e-07
   1153   1.05974653e-07
   1154   1.05791108e-07
   1155   1.05608039e-07
   1156   1.09378582e-07
   1157   1.09189631e-07
   1158   1.09001170e-07
   1159   1.08813197e-07
   1160   1.08625709e-07
   1161   1.07614451e-07
   1162   1.07429348e-07
   1163   1.07244722e-07
   1164   1.07060571e-07
   1165   1.06876895e-07
   1166   1.09415675e-07
   1167   1.09228279e-07
   1168   1.09041365e-07
   1169   1.08854929e-07
   1170   1.08668972e-07
   1171   1.15044106e-07
   1172   1.14847911e-07
   1173   1.14652217e-07
   1174   1.14457023e-07
   1175   1.14262327e-07
   1176   1.07822793e-07
   1177   1.07639693e-07
   1178   1.07457060e-07
   1179   1.07274891e-07
   1180   1.07093184e-07
   1181   1.15090218e-07
   1182   1.14895604e-07
   1183   1.14701482e-07
   1184   1.14507852e-07
   1185   1.14314713e-07
   1186   1.17292783e-07
   1187   1.17095279e-07
   1188   1.16898273e-07
   1189   1.16701764e-07
   1190   1.16505750e-07
   1191   1.15471487e-07
   1192   1.15277865e-07
   1193   1.15084729e-07
   1194   1.14892079e-07
   1195   1.14699911e-07
   1196   1.20083547e-07
   1197   1.19883031e-07
   1198   1.19683018e-07
   1199   1.19483505e-07
   1200   1.19284490e-07
   1201   1.18637719e-07
   1202   1.18440441e-07
   1203   1.18243656e-07
   1204   1.18047360e-07
   1205   1.17851552e-07
   1206   1.25517145e-07
   1207   1.25309293e-07
   1208   1.25101956e-07
   1209   1.24895133e-07
   1210   1.24688823e-07
   1211   1.24039389e-07
   1212   1.23834830e-07
   1213   1.23630777e-07
   1214   1.23427227e-07
   1215   1.23224180e-07
   1216   1.27030544e-07
   1217   1.26821913e-07
   1218   1.26613795e-07
   1219   1.26406188e-07
   1220   1.26199093e-07
   1221   1.34814380e-07
   1222   1.34593870e-07
   1223   1.34373900e-07
   1224   1.34154469e-07
   1225   1.33935576e-07
   1226   1.31197128e-07
   1227   1.30983408e-07
   1228   1.30770211e-07
   1229   1.30557533e-07
   1230   1.30345374e-07
   1231   1.44998239e-07
   1232   1.44762995e-07
   1233   1.44528324e-07
   1234   1.44294222e-07
   1235   1.44060689e-07
   1236   1.43706541e-07
   1237   1.43474335e-07
   1238   1.43242691e-07
   1239   1.43011608e-07
   1240   1.42781083e-07
   1241   1.48587453e-07
   1242   1.48348327e-07
   1243   1.48109777e-07
   1244   1.47871801e-07
   1245   1.47634399e-07
   1246   1.58445195e-07
   1247   1.58191225e-07
   1248   1.57937866e-07
   1249   1.57685115e-07
   1250   1.57432970e-07
   1251   1.58038613e-07
   1252   1.57786306e-07
   1253   1.57534603e-07
   1254   1.57283502e-07
   1255   1.57033001e-07
   1256   1.74116277e-07
   1257   1.73839407e-07
   1258   1.73563198e-07
   1259   1.73287646e-07
   1260   1.73012750e-07
   1261   1.69167916e-07
   1262   1.68899980e-07
   1263   1.68632680e-07
   1264   1.68366015e-07
   1265   1.68099981e-07
   1266   1.83368796e-07
   1267   1.83079514e-07
   1268   1.82790915e-07
   1269   1.82502999e-07
   1270   1.82215762e-07
   1271   1.94802266e-07
   1272   1.94496153e-07
   1273   1.94190762e-07
   1274   1.93886089e-07
   1275   1.93582133e-07
   1276   1.95832663e-07
   1277   1.95526135e-07
   1278   1.95220327e-07
   1279   1.94915236e-07
   1280   1.94610859e-07
   1281   2.09354958e-07
   1282   2.09028543e-07
   1283   2.08702890e-07
   1284   2.08377997e-07
   1285   2.08053862e-07
   1286   2.16253033e-07
   1287   2.15917171e-07
   1288   2.15582091e-07
   1289   2.15247791e-07
   1290   2.14914267e-07
   1291   2.36267227e-07
   1292   2.35901701e-07
   1293   2.35537022e-07
   1294   2.35173188e-07
   1295   2.34810196e-07
   1296   2.40284030e-07
   1297   2.39913721e-07
   1298   2.39544268e-07
   1299   2.39175668e-07
   1300   2.38807917e-07
   1301   2.53739775e-07
   1302   2.53350230e-07
   1303   2.52961582e-07
   1304   2.52573827e-07
   1305   2.52186963e-07
   1306   2.65197400e-07
   1307   2.64791822e-07
   1308   2.64387174e-07
   1309   2.63983452e-07
   1310   2.63580654e-07
   1311   2.79787012e-07
   1312   2.79360751e-07
   1313   2.78935463e-07
   1314   2.78511146e-07
   1315   2.78087797e-07
   1316   3.00903376e-07
   1317   3.00446683e-07
   1318   2.99991029e-07
   1319   2.99536411e-07
   1320   2.99082826e-07
   1321   3.09110091e-07
   1322   3.08642716e-07
   1323   3.08176400e-07
   1324   3.07711141e-07
   1325   3.07246934e-07
   1326   3.27950161e-07
   1327   3.27456167e-07
   1328   3.26963289e-07
   1329   3.26471522e-07
   1330   3.25980864e-07
   1331   3.41903493e-07
   1332   3.41390413e-07
   1333   3.40878487e-07
   1334   3.40367712e-07
   1335   3.39858085e-07
   1336   3.60761528e-07
   1337   3.60222172e-07
   1338   3.59684025e-07
   1339   3.59147084e-07
   1340   3.58611343e-07
   1341   3.81810674e-07
   1342   3.81241974e-07
   1343   3.80674545e-07
   1344   3.80108381e-07
   1345   3.79543479e-07
   1346   3.89551522e-07
   1347   3.88973445e-07
   1348   3.88396654e-07
   1349   3.87821145e-07
   1350   3.87246914e-07
   1351   4.08278520e-07
   1352   4.07674892e-07
   1353   4.07072603e-07
   1354   4.06471647e-07
   1355   4.05872020e-07
   1356   4.22903889e-07
   1357   4.22280941e-07
   1358   4.21659368e-07
   1359   4.21039167e-07
   1360   4.20420333e-07
   1361   4.34130892e-07
   1362   4.33493753e-07
   1363   4.32858015e-07
   1364   4.32223674e-07
   1365   4.31590727e-07
   1366   4.48916551e-07
   1367   4.48260120e-07
   1368   4.47605128e-07
   1369   4.46951571e-07
   1370   4.46299444e-07
   1371   4.68306028e-07
   1372   4.67623739e-07
   1373   4.66942941e-07
   1374   4.66263627e-07
   1375   4.65585796e-07
   1376   5.10189883e-07
   1377   5.09449270e-07
   1378   5.08710268e-07
   1379   5.07972873e-07
   1380   5.07237081e-07
   1381   5.13526682e-07
   1382   5.12783921e-07
   1383   5.12042770e-07
   1384   5.11303225e-07
   1385   5.10565280e-07
   1386   5.50400529e-07
   1387   5.49607301e-07
   1388   5.48815788e-07
   1389   5.48025983e-07
   1390   5.47237882e-07
   1391   5.53827177e-07
   1392   5.53031877e-07
   1393   5.52238288e-07
   1394   5.51446407e-07
   1395   5.50656228e-07
   1396   6.03146025e-07
   1397   6.02283001e-07
   1398   6.01421828e-07
   1399   6.00562500e-07
   1400   5.99705014e-07
   1401   6.31723490e-07
   1402   6.30822797e-07
   1403   6.29924029e-07
   1404   6.29027180e-07
   1405   6.28132246e-07
   1406   6.40998013e-07
   1407   6.40087343e-07
   1408   6.39178612e-07
   1409   6.38271815e-07
   1410   6.37366946e-07
   1411   6.78764509e-07
   1412   6.77803596e-07
   1413   6.76844723e-07
   1414   6.75887883e-07
   1415   6.74933071e-07
   1416   6.97329814e-07
   1417   6.96346101e-07
   1418   6.95364468e-07
   1419   6.94384909e-07
   1420   6.93407418e-07
   1421   7.37209991e-07
   1422   7.36173674e-07
   1423   7.35139541e-07
   1424   7.34107585e-07
   1425   7.33077801e-07
   1426   7.94237619e-07
   1427   7.93125047e-07
   1428   7.92014811e-07
   1429   7.90906904e-07
   1430   7.89801321e-07
   1431   8.10134264e-07
   1432   8.09003384e-07
   1433   8.07874870e-07
   1434   8.06748716e-07
   1435   8.05624915e-07
   1436   8.55939713e-07
   1437   8.54749047e-07
   1438   8.53560864e-07
   1439   8.52375157e-07
   1440   8.51191919e-07
   1441   8.74320114e-07
   1442   8.73108095e-07
   1443   8.71898595e-07
   1444   8.70691606e-07
   1445   8.69487122e-07
   1446   9.04987869e-07
   1447   9.03737670e-07
   1448   9.02490060e-07
   1449   9.01245031e-07
   1450   9.00002578e-07
   1451   9.27647798e-07
   1452   9.26370706e-07
   1453   9.25096250e-07
   1454   9.23824421e-07
   1455   9.22555214e-07
   1456   9.27730792e-07
   1457   9.26457966e-07
   1458   9.25187758e-07
   1459   9.23920161e-07
   1460   9.22655167e-07
   1461   1.02350585e-06
   1462   1.02210642e-06
   1463   1.02070986e-06
   1464   1.01931617e-06
   1465   1.01792532e-06
   1466   1.01473131e-06
   1467   1.01334860e-06
   1468   1.01196872e-06
   1469   1.01059166e-06
   1470   1.00921741e-06
   1471   1.08373182e-06
   1472   1.08226011e-06
   1473   1.08079139e-06
   1474   1.07932566e-06
   1475   1.07786292e-06
   1476   1.08436731e-06
   1477   1.08289972e-06
   1478   1.08143510e-06
   1479   1.07997346e-06
   1480   1.07851477e-06
   1481   1.14353701e-06
   1482   1.14199456e-06
   1483   1.14045522e-06
   1484   1.13891900e-06
   1485   1.13738587e-06
   1486   1.21682598e-06
   1487   1.21519019e-06
   1488   1.21355769e-06
   1489   1.21192848e-06
   1490   1.21030255e-06
   1491   1.22204172e-06
   1492   1.22040441e-06
   1493   1.21877040e-06
   1494   1.21713967e-06
   1495   1.21551220e-06
   1496   1.26823796e-06
   1497   1.26654443e-06
   1498   1.26485430e-06
   1499   1.26316755e-06
   1500   1.26148417e-06
   1501   1.30036442e-06
   1502   1.29863377e-06
   1503   1.29690658e-06
   1504   1.29518283e-06
   1505   1.29346251e-06
   1506   1.34962434e-06
   1507   1.34783409e-06
   1508   1.34604740e-06
   1509   1.34426426e-06
   1510   1.34248466e-06
   1511   1.41603932e-06
   1512   1.41416718e-06
   1513   1.41229875e-06
   1514   1.41043402e-06
   1515   1.40857298e-06
   1516   1.42012288e-06
   1517   1.41825152e-06
   1518   1.41638387e-06
   1519   1.41451990e-06
   1520   1.41265960e-06
   1521   1.49680069e-06
   1522   1.49483477e-06
   1523   1.49287272e-06
   1524   1.49091453e-06
   1525   1.48896020e-06
   1526   1.60197373e-06
   1527   1.59987656e-06
   1528   1.59778351e-06
   1529   1.59569456e-06
   1530   1.59360971e-06
   1531   1.63048765e-06
   1532   1.62836012e-06
   1533   1.62623675e-06
   1534   1.62411753e-06
   1535   1.62200245e-06
   1536   1.66729494e-06
   1537   1.66512646e-06
   1538   1.66296220e-06
   1539   1.66080216e-06
   1540   1.65864632e-06
   1541   1.65787052e-06
   1542   1.65572128e-06
   1543   1.65357622e-06
   1544   1.65143532e-06
   1545   1.64929858e-06
   1546   1.80233985e-06
   1547   1.80001087e-06
   1548   1.79768640e-06
   1549   1.79536643e-06
   1550   1.79305095e-06
   1551   1.76614858e-06
   1552   1.76387371e-06
   1553   1.76160324e-06
   1554   1.75933715e-06
   1555   1.75707542e-06
   1556   1.84852935e-06
   1557   1.84615602e-06
   1558   1.84378726e-06
   1559   1.84142305e-06
   1560   1.83906338e-06
   1561   1.86227932e-06
   1562   1.85989599e-06
   1563   1.85751722e-06
   1564   1.85514302e-06
   1565   1.85277337e-06
   1566   1.88856179e-06
   1567   1.88615253e-06
   1568   1.88374787e-06
   1569   1.88134781e-06
   1570   1.87895233e-06
   1571   1.95238586e-06
   1572   1.94990309e-06
   1573   1.94742506e-06
   1574   1.94495175e-06
   1575   1.94248314e-06
   1576   2.02209581e-06
   1577   2.01953255e-06
   1578   2.01697415e-06
   1579   2.01442062e-06
   1580   2.01187193e-06
   1581   2.06238214e-06
   1582   2.05977607e-06
   1583   2.05717493e-06
   1584   2.05457872e-06
   1585   2.05198741e-06
   1586   2.14947668e-06
   1587   2.14676910e-06
   1588   2.14406664e-06
   1589   2.14136928e-06
   1590   2.13867700e-06
   1591   2.17260227e-06
   1592   2.16987415e-06
   1593   2.16715118e-06
   1594   2.16443332e-06
   1595   2.16172057e-06
   1596   2.21948981e-06
   1597   2.21671154e-06
   1598   2.21393849e-06
   1599   2.21117063e-06
   1600   2.20840796e-06
   1601   2.24809783e-06
   1602   2.24529253e-06
   1603   2.24249248e-06
   1604   2.23969766e-06
   1605   2.23690806e-06
   1606   2.29449111e-06
   1607   2.29163682e-06
   1608   2.28878785e-06
   1609   2.28594420e-06
   1610   2.28310584e-06
   1611   2.41600180e-06
   1612   2.41300567e-06
   1613   2.41001511e-06
   1614   2.40703011e-06
   1615   2.40405065e-06
   1616   2.44353520e-06
   1617   2.44051429e-06
   1618   2.43749899e-06
   1619   2.43448926e-06
   1620   2.43148511e-06
   1621   2.53202052e-06
   1622   2.52889987e-06
   1623   2.52578498e-06
   1624   2.52267584e-06
   1625   2.51957244e-06
   1626   2.56429835e-06
   1627   2.56114762e-06
   1628   2.55800270e-06
   1629   2.55486356e-06
   1630   2.55173020e-06
   1631   2.70539936e-06
   1632   2.70208544e-06
   1633   2.69877761e-06
   1634   2.69547584e-06
   1635   2.69218014e-06
   1636   2.70088954e-06
   1637   2.69759124e-06
   1638   2.69429899e-06
   1639   2.69101276e-06
   1640   2.68773253e-06
   1641   2.79007679e-06
   1642   2.78667996e-06
   1643   2.78328932e-06
   1644   2.77990487e-06
   1645   2.77652658e-06
   1646   2.76864020e-06
   1647   2.76527969e-06
   1648   2.76192529e-06
   1649   2.75857700e-06
   1650   2.75523479e-06
   1651   2.85615892e-06
   1652   2.85270267e-06
   1653   2.84925269e-06
   1654   2.84580897e-06
   1655   2.84237148e-06
   1656   2.84667613e-06
   1657   2.84324175e-06
   1658   2.83981357e-06
   1659   2.83639160e-06
   1660   2.83297580e-06
   1661   2.81588277e-06
   1662   2.81249575e-06
   1663   2.80911484e-06
   1664   2.80574002e-06
   1665   2.80237128e-06
   1666   2.95449753e-06
   1667   2.95095444e-06
   1668   2.94741772e-06
   1669   2.94388735e-06
   1670   2.94036332e-06
   1671   2.99340789e-06
   1672   2.98982887e-06
   1673   2.98625626e-06
   1674   2.98269004e-06
   1675   2.97913022e-06
   1676   3.12872346e-06
   1677   3.12499379e-06
   1678   3.12127079e-06
   1679   3.11755444e-06
   1680   3.11384472e-06
   1681   3.15166208e-06
   1682   3.14791623e-06
   1683   3.14417706e-06
   1684   3.14044454e-06
   1685   3.13671867e-06
   1686   3.22403526e-06
   1687   3.22021475e-06
   1688   3.21640103e-06
   1689   3.21259407e-06
   1690   3.20879387e-06
   1691   3.29281259e-06
   1692   3.28892210e-06
   1693   3.28503851e-06
   1694   3.28116178e-06
   1695   3.27729192e-06
   1696   3.33407896e-06
   1697   3.33015132e-06
   1698   3.32623061e-06
   1699   3.32231682e-06
   1700   3.31840994e-06
   1701   3.39855874e-06
   1702   3.39456689e-06
   1703   3.39058207e-06
   1704   3.38660427e-06
   1705   3.38263346e-06
   1706   3.39455286e-06
   1707   3.39057739e-06
   1708   3.38660890e-06
   1709   3.38264738e-06
   1710   3.37869280e-06
   1711   3.43534213e-06
   1712   3.43133064e-06
   1713   3.42732617e-06
   1714   3.42332871e-06
   1715   3.41933823e-06
   1716   3.56697698e-06
   1717   3.56282390e-06
   1718   3.55867807e-06
   1719   3.55453947e-06
   1720   3.55040808e-06
   1721   3.57900819e-06
   1722   3.57485319e-06
   1723   3.57070543e-06
   1724   3.56656488e-06
   1725   3.56243153e-06
   1726   3.79141487e-06
   1727   3.78702602e-06
   1728   3.78264479e-06
   1729   3.77827116e-06
   1730   3.77390511e-06
   1731   3.77203398e-06
   1732   3.76768017e-06
   1733   3.76333389e-06
   1734   3.75899513e-06
   1735   3.75466386e-06
   1736   3.89599715e-06
   1737   3.89151319e-06
   1738   3.88703697e-06
   1739   3.88256847e-06
   1740   3.87810767e-06
   1741   3.94841518e-06
   1742   3.94388393e-06
   1743   3.93936048e-06
   1744   3.93484481e-06
   1745   3.93033690e-06
   1746   3.89003762e-06
   1747   3.88558614e-06
   1748   3.88114229e-06
   1749   3.87670607e-06
   1750   3.87227745e-06
   1751   3.96899711e-06
   1752   3.96446823e-06
   1753   3.95994710e-06
   1754   3.95543369e-06
   1755   3.95092800e-06
   1756   3.92012584e-06
   1757   3.91566545e-06
   1758   3.91121267e-06
   1759   3.90676748e-06
   1760   3.90232986e-06
   1761   4.03115105e-06
   1762   4.02657734e-06
   1763   4.02201142e-06
   1764   4.01745325e-06
   1765   4.01290283e-06
   1766   3.97789840e-06
   1767   3.97339787e-06
   1768   3.96890499e-06
   1769   3.96441972e-06
   1770   3.95994204e-06
   1771   4.07039353e-06
   1772   4.06580135e-06
   1773   4.06121694e-06
   1774   4.05664027e-06
   1775   4.05207134e-06
   1776   4.24402470e-06
   1777   4.23925009e-06
   1778   4.23448355e-06
   1779   4.22972503e-06
   1780   4.22497453e-06
   1781   4.23098041e-06
   1782   4.22623384e-06
   1783   4.22149524e-06
   1784   4.21676461e-06
   1785   4.21204193e-06
   1786   4.33936322e-06
   1787   4.33450867e-06
   1788   4.32966226e-06
   1789   4.32482397e-06
   1790   4.31999379e-06
   1791   4.29712477e-06
   1792   4.29233088e-06
   1793   4.28754501e-06
   1794   4.28276714e-06
   1795   4.27799724e-06
   1796   4.34934091e-06
   1797   4.34450226e-06
   1798   4.33967168e-06
   1799   4.33484915e-06
   1800   4.33003466e-06
   1801   4.34059058e-06
   1802   4.33577506e-06
   1803   4.33096755e-06
   1804   4.32616803e-06
   1805   4.32137648e-06
   1806   4.27553956e-06
   1807   4.27080933e-06
   1808   4.26608694e-06
   1809   4.26137238e-06
   1810   4.25666564e-06
   1811   4.31735435e-06
   1812   4.31259103e-06
   1813   4.30783559e-06
   1814   4.30308801e-06
   1815   4.29834827e-06
   1816   4.31735145e-06
   1817   4.31260124e-06
   1818   4.30785886e-06
   1819   4.30312430e-06
   1820   4.29839754e-06
   1821   4.54158937e-06
   1822   4.53660614e-06
   1823   4.53163111e-06
   1824   4.52666426e-06
   1825   4.52170557e-06
   1826   4.55748186e-06
   1827   4.55249487e-06
   1828   4.54751607e-06
   1829   4.54254542e-06
   1830   4.53758293e-06
   1831   4.65928187e-06
   1832   4.65419740e-06
   1833   4.64912125e-06
   1834   4.64405340e-06
   1835   4.63899383e-06
   1836   4.78486142e-06
   1837   4.77965412e-06
   1838   4.77445531e-06
   1839   4.76926498e-06
   1840   4.76408311e-06
   1841   4.78491529e-06
   1842   4.77972206e-06
   1843   4.77453727e-06
   1844   4.76936092e-06
   1845   4.76419298e-06
   1846   4.81199753e-06
   1847   4.80678904e-06
   1848   4.80158899e-06
   1849   4.79639739e-06
   1850   4.79121419e-06
   1851   4.73025586e-06
   1852   4.72514966e-06
   1853   4.72005172e-06
   1854   4.71496203e-06
   1855   4.70988057e-06
   1856   4.72046987e-06
   1857   4.71538795e-06
   1858   4.71031423e-06
   1859   4.70524869e-06
   1860   4.70019132e-06
   1861   4.76637782e-06
   1862   4.76126025e-06
   1863   4.75615092e-06
   1864   4.75104980e-06
   1865   4.74595689e-06
   1866   4.82797167e-06
   1867   4.82280185e-06
   1868   4.81764032e-06
   1869   4.81248707e-06
   1870   4.80734209e-06
   1871   4.99428733e-06
   1872   4.98895369e-06
   1873   4.98362859e-06
   1874   4.97831201e-06
   1875   4.97300394e-06
   1876   4.96599529e-06
   1877   4.96070598e-06
   1878   4.95542512e-06
   1879   4.95015270e-06
   1880   4.94488868e-06
   1881   5.14941606e-06
   1882   5.14394596e-06
   1883   5.13848457e-06
   1884   5.13303187e-06
   1885   5.12758785e-06
   1886   5.15985625e-06
   1887   5.15438958e-06
   1888   5.14893159e-06
   1889   5.14348226e-06
   1890   5.13804158e-06
   1891   5.21106744e-06
   1892   5.20556110e-06
   1893   5.20006348e-06
   1894   5.19457456e-06
   1895   5.18909433e-06
   1896   5.34002001e-06
   1897   5.33439227e-06
   1898   5.32877343e-06
   1899   5.32316346e-06
   1900   5.31756234e-06
   1901   5.17177230e-06
   1902   5.16633620e-06
   1903   5.16090867e-06
   1904   5.15548968e-06
   1905   5.15007922e-06
   1906   5.25226148e-06
   1907   5.24675525e-06
   1908   5.24125767e-06
   1909   5.23576872e-06
   1910   5.23028839e-06
   1911   5.34416176e-06
   1912   5.33857382e-06
   1913   5.33299465e-06
   1914   5.32742421e-06
   1915   5.32186250e-06
   1916   5.39196598e-06
   1917   5.38634275e-06
   1918   5.38072833e-06
   1919   5.37512267e-06
   1920   5.36952577e-06
   1921   5.53571179e-06
   1922   5.52995367e-06
   1923   5.52420453e-06
   1924   5.51846435e-06
   1925   5.51273312e-06
   1926   5.63463340e-06
   1927   5.62878759e-06
   1928   5.62295087e-06
   1929   5.61712322e-06
   1930   5.61130463e-06
   1931   5.86114611e-06
   1932   5.85508103e-06
   1933   5.84902535e-06
   1934   5.84297907e-06
   1935   5.83694215e-06
   1936   5.79709445e-06
   1937   5.79111112e-06
   1938   5.78513706e-06
   1939   5.77917223e-06
   1940   5.77321662e-06
   1941   5.81337789e-06
   1942   5.80739320e-06
   1943   5.80141775e-06
   1944   5.79545152e-06
   1945   5.78949448e-06
   1946   5.79728866e-06
   1947   5.79133585e-06
   1948   5.78539221e-06
   1949   5.77945771e-06
   1950   5.77353234e-06
   1951   5.61753744e-06
   1952   5.61178398e-06
   1953   5.60603935e-06
   1954   5.60030354e-06
   1955   5.59457653e-06
   1956   5.93457718e-06
   1957   5.92851453e-06
   1958   5.92246117e-06
   1959   5.91641707e-06
   1960   5.91038222e-06
   1961   5.78428133e-06
   1962   5.77838727e-06
   1963   5.77250222e-06
   1964   5.76662615e-06
   1965   5.76075905e-06
   1966   6.17371172e-06
   1967   6.16743682e-06
   1968   6.16117149e-06
   1969   6.15491570e-06
   1970   6.14866943e-06
   1971   6.36237576e-06
   1972   6.35592550e-06
   1973   6.34948504e-06
   1974   6.34305437e-06
   1975   6.33663346e-06
   1976   6.49701904e-06
   1977   6.49044893e-06
   1978   6.48388878e-06
   1979   6.47733857e-06
   1980   6.47079828e-06
   1981   6.71777588e-06
   1982   6.71099966e-06
   1983   6.70423369e-06
   1984   6.69747794e-06
   1985   6.69073241e-06
   1986   6.76263755e-06
   1987   6.75583324e-06
   1988   6.74903919e-06
   1989   6.74225538e-06
   1990   6.73548180e-06
   1991   6.88675482e-06
   1992   6.87984301e-06
   1993   6.87294160e-06
   1994   6.86605057e-06
   1995   6.85916990e-06
   1996   6.46397506e-06
   1997   6.45750381e-06
   1998   6.45104227e-06
   1999   6.44459042e-06
   2000   6.43814824e-06
   2001   5.97478584e-06
   2002   5.96881926e-06
   2003   5.96286161e-06
   2004   5.95691287e-06
   2005   5.95097304e-06
   2006   5.62030572e-06
   2007   5.61470711e-06
   2008   5.60911686e-06
   2009   5.60353496e-06
   2010   5.59796138e-06
   2011   5.49057618e-06
   2012   5.48512039e-06
   2013   5.47967272e-06
   2014   5.47423316e-06
   2015   5.46880170e-06
   2016   6.03955471e-06
   2017   6.03356828e-06
   2018   6.02759075e-06
   2019   6.02162210e-06
   2020   6.01566231e-06
   2021   6.88829679e-06
   2022   6.88148596e-06
   2023   6.87468524e-06
   2024   6.86789459e-06
   2025   6.86111399e-06
   2026   8.04425858e-06
   2027   8.03632441e-06
   2028   8.02840197e-06
   2029   8.02049124e-06
   2030   8.01259220e-06
   2031   9.57682848e-06
   2032   9.56740594e-06
   2033   9.55799731e-06
   2034   9.54860255e-06
   2035   9.53922163e-06
   2036   1.03737364e-05
   2037   1.03635549e-05
   2038   1.03533883e-05
   2039   1.03432367e-05
   2040   1.03331000e-05
   2041   1.13789520e-05
   2042   1.13678112e-05
   2043   1.13566867e-05
   2044   1.13455786e-05
   2045   1.13344867e-05
   2046   1.15610960e-05
   2047   1.15498044e-05
   2048   1.15385295e-05
   2049   1.15272710e-05
   2050   1.15160290e-05
   2051   1.22512066e-05
   2052   1.22392702e-05
   2053   1.22273512e-05
   2054   1.22154497e-05
   2055   1.22035655e-05
   2056   1.33153325e-05
   2057   1.33023909e-05
   2058   1.32894681e-05
   2059   1.32765641e-05
   2060   1.32636790e-05
   2061   1.44327285e-05
   2062   1.44187348e-05
   2063   1.44047615e-05
   2064   1.43908084e-05
   2065   1.43768757e-05
   2066   1.56193397e-05
   2067   1.56042321e-05
   2068   1.55891464e-05
   2069   1.55740826e-05
   2070   1.55590407e-05
   2071   1.55100980e-05
   2072   1.54951322e-05
   2073   1.54801882e-05
   2074   1.54652657e-05
   2075   1.54503648e-05
   2076   1.51196233e-05
   2077   1.51050694e-05
   2078   1.50905366e-05
   2079   1.50760247e-05
   2080   1.50615337e-05
   2081   1.31384221e-05
   2082   1.31258057e-05
   2083   1.31132075e-05
   2084   1.31006273e-05
   2085   1.30880653e-05
   2086   1.01137128e-05
   2087   1.01040242e-05
   2088   1.00943495e-05
   2089   1.00846887e-05
   2090   1.00750417e-05
   2091   5.13843743e-06
   2092   5.13352673e-06
   2093   5.12862306e-06
   2094   5.12372642e-06
   2095   5.11883678e-06
   2096  -1.53128203e-06
   2097  -1.52982210e-06
   2098  -1.52836426e-06
   2099  -1.52690851e-06
   2100  -1.52545483e-06
   2101  -9.77736384e-06
   2102  -9.76806424e-06
   2103  -9.75877791e-06
   2104  -9.74950481e-06
   2105  -9.74024492e-06
   2106  -1.73120381e-05
   2107  -1.72956111e-05
   2108  -1.72792074e-05
   2109  -1.72628271e-05
   2110  -1.72464700e-05
   2111  -2.29933759e-05
   2112  -2.29716096e-05
   2113  -2.29498742e-05
   2114  -2.29281697e-05
   2115  -2.29064959e-05
   2116  -2.49553630e-05
   2117  -2.49317952e-05
   2118  -2.49082608e-05
   2119  -2.48847596e-05
   2120  -2.48612917e-05
   2121  -2.16024269e-05
   2122  -2.15820736e-05
   2123  -2.15617491e-05
   2124  -2.15414533e-05
   2125  -2.15211862e-05
   2126  -1.02449453e-05
   2127  -1.02353154e-05
   2128  -1.02256992e-05
   2129  -1.02160965e-05
   2130  -1.02065073e-05
   2131   1.13963313e-05
   2132   1.13856443e-05
   2133   1.13749723e-05
   2134   1.13643154e-05
   2135   1.13536734e-05
   2136   4.52906861e-05
   2137   4.52483138e-05
   2138   4.52060009e-05
   2139   4.51637474e-05
   2140   4.51215531e-05
   2141   9.04779544e-05
   2142   9.03935041e-05
   2143   9.03091720e-05
   2144   9.02249578e-05
   2145   9.01408614e-05
   2146   1.48425176e-04
   2147   1.48286962e-04
   2148   1.48148940e-04
   2149   1.48011111e-04
   2150   1.47873474e-04
   2151   2.08405303e-04
   2152   2.08211685e-04
   2153   2.08018337e-04
   2154   2.07825258e-04
   2155   2.07632448e-04
   2156   2.67381921e-04
   2157   2.67134087e-04
   2158   2.66886597e-04
   2159   2.66639451e-04
   2160   2.66392649e-04
   2161   3.23749006e-04
   2162   3.23449620e-04
   2163   3.23150649e-04
   2164   3.22852092e-04
   2165   3.22553948e-04
   2166   3.40995922e-04
   2167   3.40681314e-04
   2168   3.40367141e-04
   2169   3.40053403e-04
   2170   3.39740098e-04
   2171   3.44266358e-04
   2172   3.43949464e-04
   2173   3.43633006e-04
   2174   3.43316986e-04
   2175   3.43001401e-04
   2176   2.83132084e-04
   2177   2.82872062e-04
   2178   2.82612397e-04
   2179   2.82353090e-04
   2180   2.82094140e-04
   2181   1.50912055e-04
   2182   1.50773778e-04
   2183   1.50635691e-04
   2184   1.50497794e-04
   2185   1.50360086e-04
   2186  -1.04776741e-04
   2187  -1.04680956e-04
   2188  -1.04585302e-04
   2189  -1.04489779e-04
   2190  -1.04394388e-04
   2191  -5.01532115e-04
   2192  -5.01074670e-04
   2193  -5.00617849e-04
   2194  -5.00161654e-04
   2195  -4.99706081e-04
   2196  -1.06722008e-03
   2197  -1.06624889e-03
   2198  -1.06527902e-03
   2199  -1.06431047e-03
   2200  -1.06334325e-03
   2201  -1.62656592e-03
   2202  -1.62508907e-03
   2203  -1.62361423e-03
   2204  -1.62214140e-03
   2205  -1.62067057e-03
   2206  -2.15979429e-03
   2207  -2.15783773e-03
   2208  -2.15588383e-03
   2209  -2.15393258e-03
   2210  -2.15198399e-03
   2211  -2.42867515e-03
   2212  -2.42647999e-03
   2213  -2.42428780e-03
   2214  -2.42209858e-03
   2215  -2.41991232e-03
   2216  -2.46792354e-03
   2217  -2.46569793e-03
   2218  -2.46347533e-03
   2219  -2.46125573e-03
   2220  -2.45903913e-03
   2221  -2.33978946e-03
   2222  -2.33768415e-03
   2223  -2.33558168e-03
   2224  -2.33348204e-03
   2225  -2.33138524e-03
   2226  -1.75539358e-03
   2227  -1.75381765e-03
   2228  -1.75224383e-03
   2229  -1.75067214e-03
   2230  -1.74910256e-03
   2231  -6.85173822e-04
   2232  -6.84560073e-04
   2233  -6.83947149e-04
   2234  -6.83335047e-04
   2235  -6.82723767e-04
   2236   1.29044019e-03
   2237   1.28928685e-03
   2238   1.28813506e-03
   2239   1.28698481e-03
   2240   1.28583610e-03
   2241   4.37387999e-03
   2242   4.36997953e-03
   2243   4.36608429e-03
   2244   4.36219425e-03
   2245   4.35830940e-03
   2246   9.16164863e-03
   2247   9.15349679e-03
   2248   9.14535582e-03
   2249   9.13722572e-03
   2250   9.12910644e-03
   2251   1.37818101e-02
   2252   1.37695746e-02
   2253   1.37573553e-02
   2254   1.37451523e-02
   2255   1.37329655e-02
   2256   1.83883230e-02
   2257   1.83720339e-02
   2258   1.83557665e-02
   2259   1.83395207e-02
   2260   1.83232964e-02
   2261   2.12602956e-02
   2262   2.12415041e-02
   2263   2.12227374e-02
   2264   2.12039956e-02
   2265   2.11852787e-02
   2266   2.30616918e-02
   2267   2.30413530e-02
   2268   2.30210411e-02
   2269   2.30007560e-02
   2270   2.29804977e-02
   2271   2.41390118e-02
   2272   2.41177697e-02
   2273   2.40965556e-02
   2274   2.40753695e-02
   2275   2.40542113e-02
   2276   2.34081579e-02
   2277   2.33876042e-02
   2278   2.33670775e-02
   2279   2.33465778e-02
   2280   2.33261051e-02
   2281   2.33591439e-02
   2282   2.33386781e-02
   2283   2.33182392e-02
   2284   2.32978272e-02
   2285   2.32774419e-02
   2286   2.12390617e-02
   2287   2.12204940e-02
   2288   2.12019507e-02
   2289   2.11834317e-02
   2290   2.11649369e-02
   2291   1.80775857e-02
   2292   1.80618163e-02
   2293   1.80460676e-02
   2294   1.80303395e-02
   2295   1.80146319e-02
   2296   1.36200144e-02
   2297   1.36081593e-02
   2298   1.35963197e-02
   2299   1.35844955e-02
   2300   1.35726868e-02
   2301   8.47610233e-03
   2302   8.46874061e-03
   2303   8.46138847e-03
   2304   8.45404591e-03
   2305   8.44671289e-03
   2306   4.24356457e-03
   2307   4.23988690e-03
   2308   4.23621402e-03
   2309   4.23254590e-03
   2310   4.22888255e-03
   2311   9.76652857e-04
   2312   9.75808276e-04
   2313   9.74964789e-04
   2314   9.74122396e-04
   2315   9.73281094e-04
   2316  -9.64908474e-04
   2317  -9.64075849e-04
   2318  -9.63244301e-04
   2319  -9.62413828e-04
   2320  -9.61584429e-04
   2321  -2.01200147e-03
   2322  -2.01026904e-03
   2323  -2.00853884e-03
   2324  -2.00681088e-03
   2325  -2.00508515e-03
   2326  -2.53045171e-03
   2327  -2.52827755e-03
   2328  -2.52610619e-03
   2329  -2.52393763e-03
   2330  -2.52177185e-03
   2331  -2.72003836e-03
   2332  -2.71770631e-03
   2333  -2.71537726e-03
   2334  -2.71305121e-03
   2335  -2.71072814e-03
   2336  -2.57567396e-03
   2337  -2.57347041e-03
   2338  -2.57126969e-03
   2339  -2.56907178e-03
   2340  -2.56687670e-03
   2341  -2.30452399e-03
   2342  -2.30255662e-03
   2343  -2.30059177e-03
   2344  -2.29862944e-03
   2345  -2.29666961e-03
   2346  -1.77322513e-03
   2347  -1.77171455e-03
   2348  -1.77020591e-03
   2349  -1.76869919e-03
   2350  -1.76719440e-03
   2351  -1.15219751e-03
   2352  -1.15121806e-03
   2353  -1.15023987e-03
   2354  -1.14926291e-03
   2355  -1.14828720e-03
   2356  -5.68606714e-04
   2357  -5.68124384e-04
   2358  -5.67642668e-04
   2359  -5.67161564e-04
   2360  -5.66681071e-04
   2361  -1.57074128e-04
   2362  -1.56941169e-04
   2363  -1.56808379e-04
   2364  -1.56675758e-04
   2365  -1.56543304e-04
   2366   1.03051758e-04
   2367   1.02964712e-04
   2368   1.02877776e-04
   2369   1.02790950e-04
   2370   1.02704234e-04
   2371   2.41361805e-04
   2372   2.41158360e-04
   2373   2.40955172e-04
   2374   2.40752241e-04
   2375   2.40549567e-04
   2376   2.99010950e-04
   2377   2.98759443e-04
   2378   2.98508252e-04
   2379   2.98257379e-04
   2380   2.98006821e-04
   2381   3.04729433e-04
   2382   3.04473654e-04
   2383   3.04218196e-04
   2384   3.03963060e-04
   2385   3.03708244e-04
   2386   2.76981309e-04
   2387   2.76749307e-04
   2388   2.76517597e-04
   2389   2.76286177e-04
   2390   2.76055048e-04
   2391   2.39305387e-04
   2392   2.39105362e-04
   2393   2.38905587e-04
   2394   2.38706062e-04
   2395   2.38506788e-04
   2396   1.73048617e-04
   2397   1.72904275e-04
   2398   1.72760113e-04
   2399   1.72616131e-04
   2400   1.72472329e-04
   2401   1.10135407e-04
   2402   1.10043733e-04
   2403   1.09952173e-04
   2404   1.09860727e-04
   2405   1.09769395e-04
   2406   5.04332459e-05
   2407   5.03913535e-05
   2408   5.03495133e-05
   2409   5.03077251e-05
   2410   5.02659890e-05
   2411   5.26893715e-06
   2412   5.26456957e-06
   2413   5.26020742e-06
   2414   5.25585069e-06
   2415   5.25149937e-06
   2416  -2.73588880e-05
   2417  -2.73362563e-05
   2418  -2.73136527e-05
   2419  -2.72910771e-05
   2420  -2.72685295e-05
   2421  -4.73260462e-05
   2422  -4.72869782e-05
   2423  -4.72479585e-05
   2424  -4.72089871e-05
   2425  -4.71700639e-05
   2426  -5.85669306e-05
   2427  -5.85186827e-05
   2428  -5.84704944e-05
   2429  -5.84223656e-05
   2430  -5.83742961e-05
   2431  -5.97946052e-05
   2432  -5.97454472e-05
   2433  -5.96963497e-05
   2434  -5.96473128e-05
   2435  -5.95983363e-05
   2436  -5.73588615e-05
   2437  -5.73118026e-05
   2438  -5.72648017e-05
   2439  -5.72178585e-05
   2440  -5.71709730e-05
   2441  -5.04150734e-05
   2442  -5.03737961e-05
   2443  -5.03325694e-05
   2444  -5.02913934e-05
   2445  -5.02502679e-05
   2446  -3.94626395e-05
   2447  -3.94303955e-05
   2448  -3.93981910e-05
   2449  -3.93660259e-05
   2450  -3.93339002e-05
   2451  -2.92075272e-05
   2452  -2.91837110e-05
   2453  -2.91599240e-05
   2454  -2.91361660e-05
   2455  -2.91124371e-05
   2456  -1.98877864e-05
   2457  -1.98716027e-05
   2458  -1.98554387e-05
   2459  -1.98392944e-05
   2460  -1.98231698e-05
   2461  -1.33539586e-05
   2462  -1.33431138e-05
   2463  -1.33322823e-05
   2464  -1.33214639e-05
   2465  -1.33106587e-05
   2466  -8.87998890e-06
   2467  -8.87279207e-06
   2468  -8.86560398e-06
   2469  -8.85842463e-06
   2470  -8.85125400e-06
   2471  -6.19671428e-06
   2472  -6.19170228e-06
   2473  -6.18669635e-06
   2474  -6.18169650e-06
   2475  -6.17670270e-06
   2476  -5.12909246e-06
   2477  -5.12495234e-06
   2478  -5.12081722e-06
   2479  -5.11668712e-06
   2480  -5.11256200e-06
   2481  -4.95697743e-06
   2482  -4.95298429e-06
   2483  -4.94899598e-06
   2484  -4.94501248e-06
   2485  -4.94103380e-06
   2486  -5.57480391e-06
   2487  -5.57032211e-06
   2488  -5.56584570e-06
   2489  -5.56137470e-06
   2490  -5.55690907e-06
   2491  -6.03414126e-06
   2492  -6.02929991e-06
   2493  -6.02446438e-06
   2494  -6.01963467e-06
   2495  -6.01481076e-06
   2496  -6.21173619e-06
   2497  -6.20676233e-06
   2498  -6.20179444e-06
   2499  -6.19683250e-06
   2500  -6.19187652e-06
   2501  -6.09878458e-06
   2502  -6.09391091e-06
   2503  -6.08904309e-06
   2504  -6.08418109e-06
   2505  -6.07932491e-06
   2506  -5.86893042e-06
   2507  -5.86424979e-06
   2508  -5.85957475e-06
   2509  -5.85490530e-06
   2510  -5.85024143e-06
   2511  -6.24635047e-06
   2512  -6.24137874e-06
   2513  -6.23641295e-06
   2514  -6.23145308e-06
   2515  -6.22649913e-06
   2516  -6.68589754e-06
   2517  -6.68058653e-06
   2518  -6.67528185e-06
   2519  -6.66998348e-06
   2520  -6.66469142e-06
   2521  -7.53239234e-06
   2522  -7.52642076e-06
   2523  -7.52045629e-06
   2524  -7.51449890e-06
   2525  -7.50854859e-06
   2526  -8.22418422e-06
   2527  -8.21767710e-06
   2528  -8.21117770e-06
   2529  -8.20468601e-06
   2530  -8.19820202e-06
   2531  -8.70528603e-06
   2532  -8.69841185e-06
   2533  -8.69154581e-06
   2534  -8.68468790e-06
   2535  -8.67783810e-06
   2536  -8.89840838e-06
   2537  -8.89139555e-06
   2538  -8.88439100e-06
   2539  -8.87739473e-06
   2540  -8.87040672e-06
   2541  -8.42979996e-06
   2542  -8.42316950e-06
   2543  -8.41654686e-06
   2544  -8.40993203e-06
   2545  -8.40332499e-06
   2546  -7.74754833e-06
   2547  -7.74146645e-06
   2548  -7.73539174e-06
   2549  -7.72932417e-06
   2550  -7.72326374e-06
   2551  -6.67022422e-06
   2552  -6.66499831e-06
   2553  -6.65977854e-06
   2554  -6.65456489e-06
   2555  -6.64935737e-06
   2556  -6.08623161e-06
   2557  -6.08147256e-06
   2558  -6.07671908e-06
   2559  -6.07197118e-06
   2560  -6.06722885e-06
   2561  -5.70307455e-06
   2562  -5.69862381e-06
   2563  -5.69417827e-06
   2564  -5.68973793e-06
   2565  -5.68530279e-06
   2566  -5.52553343e-06
   2567  -5.52122963e-06
   2568  -5.51693086e-06
   2569  -5.51263711e-06
   2570  -5.50834838e-06
   2571  -5.61007318e-06
   2572  -5.60571203e-06
   2573  -5.60135596e-06
   2574  -5.59700497e-06
   2575  -5.59265905e-06
   2576  -5.50023698e-06
   2577  -5.49596951e-06
   2578  -5.49170700e-06
   2579  -5.48744945e-06
   2580  -5.48319685e-06
   2581  -5.66795576e-06
   2582  -5.66356667e-06
   2583  -5.65918268e-06
   2584  -5.65480378e-06
   2585  -5.65042996e-06
   2586  -5.69002320e-06
   2587  -5.68562554e-06
   2588  -5.68123297e-06
   2589  -5.67684550e-06
   2590  -5.67246310e-06
   2591  -5.64498973e-06
   2592  -5.64063528e-06
   2593  -5.63628588e-06
   2594  -5.63194150e-06
   2595  -5.62760215e-06
   2596  -5.54117366e-06
   2597  -5.53690752e-06
   2598  -5.53264632e-06
   2599  -5.52839003e-06
   2600  -5.52413864e-06
   2601  -5.19141911e-06
   2602  -5.18742993e-06
   2603  -5.18344535e-06
   2604  -5.17946535e-06
   2605  -5.17548994e-06
   2606  -5.11432185e-06
   2607  -5.11039945e-06
   2608  -5.10648156e-06
   2609  -5.10256817e-06
   2610  -5.09865928e-06
   2611  -4.89524296e-06
   2612  -4.89149577e-06
   2613  -4.88775287e-06
   2614  -4.88401427e-06
   2615  -4.88027996e-06
   2616  -4.94343332e-06
   2617  -4.93965647e-06
   2618  -4.93588394e-06
   2619  -4.93211573e-06
   2620  -4.92835183e-06
   2621  -4.84285122e-06
   2622  -4.83915827e-06
   2623  -4.83546953e-06
   2624  -4.83178501e-06
   2625  -4.82810471e-06
   2626  -4.93092519e-06
   2627  -4.92717223e-06
   2628  -4.92342355e-06
   2629  -4.91967914e-06
   2630  -4.91593901e-06
   2631  -5.06436391e-06
   2632  -5.06051671e-06
   2633  -5.05667389e-06
   2634  -5.05283544e-06
   2635  -5.04900136e-06
   2636  -4.97671263e-06
   2637  -4.97293918e-06
   2638  -4.96917001e-06
   2639  -4.96540513e-06
   2640  -4.96164453e-06
   2641  -4.92983673e-06
   2642  -4.92610589e-06
   2643  -4.92237928e-06
   2644  -4.91865691e-06
   2645  -4.91493875e-06
   2646  -4.77228335e-06
   2647  -4.76867856e-06
   2648  -4.76507786e-06
   2649  -4.76148124e-06
   2650  -4.75788868e-06
   2651  -4.54616184e-06
   2652  -4.54273433e-06
   2653  -4.53931070e-06
   2654  -4.53589093e-06
   2655  -4.53247503e-06
   2656  -4.51372635e-06
   2657  -4.51032969e-06
   2658  -4.50693687e-06
   2659  -4.50354788e-06
   2660  -4.50016271e-06
   2661  -4.29462889e-06
   2662  -4.29140318e-06
   2663  -4.28818110e-06
   2664  -4.28496265e-06
   2665  -4.28174783e-06
   2666  -4.41625995e-06
   2667  -4.41294910e-06
   2668  -4.40964197e-06
   2669  -4.40633856e-06
   2670  -4.40303886e-06
   2671  -4.37517681e-06
   2672  -4.37190290e-06
   2673  -4.36863266e-06
   2674  -4.36536609e-06
   2675  -4.36210318e-06
   2676  -4.34832851e-06
   2677  -4.34508076e-06
   2678  -4.34183665e-06
   2679  -4.33859617e-06
   2680  -4.33535932e-06
   2681  -4.47552642e-06
   2682  -4.47218990e-06
   2683  -4.46885711e-06
   2684  -4.46552804e-06
   2685  -4.46220269e-06
   2686  -4.40458462e-06
   2687  -4.40130710e-06
   2688  -4.39803323e-06
   2689  -4.39476301e-06
   2690  -4.39149644e-06
   2691  -4.43742370e-06
   2692  -4.43412787e-06
   2693  -4.43083571e-06
   2694  -4.42754721e-06
   2695  -4.42426238e-06
   2696  -4.17501853e-06
   2697  -4.17192334e-06
   2698  -4.16883160e-06
   2699  -4.16574329e-06
   2700  -4.16265841e-06
   2701  -4.08648812e-06
   2702  -4.08346418e-06
   2703  -4.08044358e-06
   2704  -4.07742634e-06
   2705  -4.07441244e-06
   2706  -3.98287563e-06
   2707  -3.97993380e-06
   2708  -3.97699522e-06
   2709  -3.97405990e-06
   2710  -3.97112783e-06
   2711  -3.90915575e-06
   2712  -3.90627369e-06
   2713  -3.90339481e-06
   2714  -3.90051912e-06
   2715  -3.89764660e-06
   2716  -3.98101703e-06
   2717  -3.97808739e-06
   2718  -3.97516098e-06
   2719  -3.97223780e-06
   2720  -3.96931784e-06
   2721  -3.85324578e-06
   2722  -3.85041537e-06
   2723  -3.84758808e-06
   2724  -3.84476391e-06
   2725  -3.84194284e-06
   2726  -3.96981776e-06
   2727  -3.96690707e-06
   2728  -3.96399958e-06
   2729  -3.96109529e-06
   2730  -3.95819418e-06
   2731  -3.99507788e-06
   2732  -3.99215403e-06
   2733  -3.98923339e-06
   2734  -3.98631595e-06
   2735  -3.98340171e-06
   2736  -3.90691628e-06
   2737  -3.90406218e-06
   2738  -3.90121120e-06
   2739  -3.89836334e-06
   2740  -3.89551859e-06
   2741  -3.96616031e-06
   2742  -3.96326820e-06
   2743  -3.96037926e-06
   2744  -3.95749347e-06
   2745  -3.95461084e-06
   2746  -3.76534426e-06
   2747  -3.76260359e-06
   2748  -3.75986590e-06
   2749  -3.75713121e-06
   2750  -3.75439949e-06
   2751  -3.70670249e-06
   2752  -3.70400940e-06
   2753  -3.70131924e-06
   2754  -3.69863201e-06
   2755  -3.69594771e-06
   2756  -3.61125888e-06
   2757  -3.60863989e-06
   2758  -3.60602375e-06
   2759  -3.60341045e-06
   2760  -3.60080000e-06
   2761  -3.55008921e-06
   2762  -3.54751924e-06
   2763  -3.54495206e-06
   2764  -3.54238767e-06
   2765  -3.53982606e-06
   2766  -3.56638529e-06
   2767  -3.56380819e-06
   2768  -3.56123388e-06
   2769  -3.55866236e-06
   2770  -3.55609363e-06
   2771  -3.47262017e-06
   2772  -3.47011535e-06
   2773  -3.46761324e-06
   2774  -3.46511383e-06
   2775  -3.46261713e-06
   2776  -3.59420987e-06
   2777  -3.59162201e-06
   2778  -3.58903695e-06
   2779  -3.58645467e-06
   2780  -3.58387519e-06
   2781  -3.50768568e-06
   2782  -3.50516466e-06
   2783  -3.50264635e-06
   2784  -3.50013076e-06
   2785  -3.49761788e-06
   2786  -3.54712684e-06
   2787  -3.54458204e-06
   2788  -3.54203998e-06
   2789  -3.53950066e-06
   2790  -3.53696407e-06
   2791  -3.50343720e-06
   2792  -3.50092824e-06
   2793  -3.49842199e-06
   2794  -3.49591842e-06
   2795  -3.49341754e-06
   2796  -3.37452991e-06
   2797  -3.37211759e-06
   2798  -3.36970786e-06
   2799  -3.36730071e-06
   2800  -3.36489614e-06
   2801  -3.27506173e-06
   2802  -3.27272469e-06
   2803  -3.27039016e-06
   2804  -3.26805812e-06
   2805  -3.26572858e-06
   2806  -3.11736228e-06
   2807  -3.11514174e-06
   2808  -3.11292357e-06
   2809  -3.11070777e-06
   2810  -3.10849433e-06
   2811  -3.09808079e-06
   2812  -3.09587790e-06
   2813  -3.09367737e-06
   2814  -3.09147918e-06
   2815  -3.08928333e-06
   2816  -3.11778469e-06
   2817  -3.11557173e-06
   2818  -3.11336112e-06
   2819  -3.11115287e-06
   2820  -3.10894697e-06
   2821  -3.09699658e-06
   2822  -3.09480227e-06
   2823  -3.09261029e-06
   2824  -3.09042064e-06
   2825  -3.08823331e-06
   2826  -3.10694608e-06
   2827  -3.10474861e-06
   2828  -3.10255347e-06
   2829  -3.10036066e-06
   2830  -3.09817017e-06
   2831  -3.08649159e-06
   2832  -3.08431244e-06
   2833  -3.08213560e-06
   2834  -3.07996106e-06
   2835  -3.07778882e-06
   2836  -3.09571938e-06
   2837  -3.09353757e-06
   2838  -3.09135806e-06
   2839  -3.08918086e-06
   2840  -3.08700595e-06
   2841  -3.00651350e-06
   2842  -3.00439829e-06
   2843  -3.00228530e-06
   2844  -3.00017455e-06
   2845  -2.99806602e-06
   2846  -2.88635328e-06
   2847  -2.88432617e-06
   2848  -2.88230119e-06
   2849  -2.88027834e-06
   2850  -2.87825763e-06
   2851  -2.73777605e-06
   2852  -2.73585665e-06
   2853  -2.73393927e-06
   2854  -2.73202391e-06
   2855  -2.73011056e-06
   2856  -2.61811388e-06
   2857  -2.61628159e-06
   2858  -2.61445122e-06
   2859  -2.61262277e-06
   2860  -2.61079624e-06
   2861  -2.57092422e-06
   2862  -2.56912810e-06
   2863  -2.56733386e-06
   2864  -2.56554150e-06
   2865  -2.56375101e-06
   2866  -2.52535498e-06
   2867  -2.52359377e-06
   2868  -2.52183440e-06
   2869  -2.52007687e-06
   2870  -2.51832118e-06
   2871  -2.51022606e-06
   2872  -2.50847845e-06
   2873  -2.50673266e-06
   2874  -2.50498869e-06
   2875  -2.50324655e-06
   2876  -2.47054566e-06
   2877  -2.46882867e-06
   2878  -2.46711346e-06
   2879  -2.46540004e-06
   2880  -2.46368840e-06
   2881  -2.47842506e-06
   2882  -2.47670557e-06
   2883  -2.47498787e-06
   2884  -2.47327196e-06
   2885  -2.47155784e-06
   2886  -2.46017317e-06
   2887  -2.45846930e-06
   2888  -2.45676720e-06
   2889  -2.45506687e-06
   2890  -2.45336830e-06
   2891  -2.41988444e-06
   2892  -2.41821138e-06
   2893  -2.41654004e-06
   2894  -2.41487044e-06
   2895  -2.41320257e-06
   2896  -2.36133402e-06
   2897  -2.35970425e-06
   2898  -2.35807617e-06
   2899  -2.35644977e-06
   2900  -2.35482505e-06
   2901  -2.22559848e-06
   2902  -2.22406503e-06
   2903  -2.22253318e-06
   2904  -2.22100290e-06
   2905  -2.21947421e-06
   2906  -2.16029568e-06
   2907  -2.15880979e-06
   2908  -2.15732543e-06
   2909  -2.15584261e-06
   2910  -2.15436131e-06
   2911  -2.06314051e-06
   2912  -2.06172389e-06
   2913  -2.06030872e-06
   2914  -2.05889501e-06
   2915  -2.05748275e-06
   2916  -2.04572052e-06
   2917  -2.04431826e-06
   2918  -2.04291744e-06
   2919  -2.04151806e-06
   2920  -2.04012012e-06
   2921  -2.08041688e-06
   2922  -2.07899328e-06
   2923  -2.07757113e-06
   2924  -2.07615045e-06
   2925  -2.07473123e-06
   2926  -2.02800253e-06
   2927  -2.02661716e-06
   2928  -2.02523321e-06
   2929  -2.02385068e-06
   2930  -2.02246957e-06
   2931  -2.06555565e-06
   2932  -2.06414703e-06
   2933  -2.06273986e-06
   2934  -2.06133413e-06
   2935  -2.05992983e-06
   2936  -2.02293728e-06
   2937  -2.02156008e-06
   2938  -2.02018428e-06
   2939  -2.01880989e-06
   2940  -2.01743690e-06
   2941  -1.95741896e-06
   2942  -1.95608863e-06
   2943  -1.95475965e-06
   2944  -1.95343203e-06
   2945  -1.95210576e-06
   2946  -1.90336392e-06
   2947  -1.90207252e-06
   2948  -1.90078244e-06
   2949  -1.89949366e-06
   2950  -1.89820620e-06
   2951  -1.73366058e-06
   2952  -1.73248632e-06
   2953  -1.73131324e-06
   2954  -1.73014136e-06
   2955  -1.72897066e-06
   2956  -1.67255293e-06
   2957  -1.67142196e-06
   2958  -1.67029215e-06
   2959  -1.66916348e-06
   2960  -1.66803595e-06
   2961  -1.60229159e-06
   2962  -1.60120996e-06
   2963  -1.60012943e-06
   2964  -1.59905000e-06
   2965  -1.59797165e-06
   2966  -1.57872435e-06
   2967  -1.57766043e-06
   2968  -1.57659759e-06
   2969  -1.57553582e-06
   2970  -1.57447512e-06
   2971  -1.57902607e-06
   2972  -1.57796374e-06
   2973  -1.57690247e-06
   2974  -1.57584228e-06
   2975  -1.57478316e-06
   2976  -1.52073910e-06
   2977  -1.51971770e-06
   2978  -1.51869732e-06
   2979  -1.51767798e-06
   2980  -1.51665966e-06
   2981  -1.55783011e-06
   2982  -1.55678555e-06
   2983  -1.55574204e-06
   2984  -1.55469958e-06
   2985  -1.55365817e-06
   2986  -1.50758179e-06
   2987  -1.50657262e-06
   2988  -1.50556446e-06
   2989  -1.50455731e-06
   2990  -1.50355117e-06
   2991  -1.48544712e-06
   2992  -1.48445442e-06
   2993  -1.48346272e-06
   2994  -1.48247201e-06
   2995  -1.48148230e-06
   2996  -1.40324015e-06
   2997  -1.40230395e-06
   2998  -1.40136870e-06
   2999  -1.40043437e-06
   3000  -1.39950098e-06
   3001  -1.30458894e-06
   3002  -1.30372001e-06
   3003  -1.30285195e-06
   3004  -1.30198475e-06
   3005  -1.30111843e-06
   3006  -1.26661704e-06
   3007  -1.26577480e-06
   3008  -1.26493341e-06
   3009  -1.26409285e-06
   3010  -1.26325313e-06
   3011  -1.19736501e-06
   3012  -1.19657015e-06
   3013  -1.19577608e-06
   3014  -1.19498279e-06
   3015  -1.19419030e-06
   3016  -1.17194507e-06
   3017  -1.17116837e-06
   3018  -1.17039244e-06
   3019  -1.16961728e-06
   3020  -1.16884289e-06
   3021  -1.16060475e-06
   3022  -1.15983684e-06
   3023  -1.15906969e-06
   3024  -1.15830330e-06
   3025  -1.15753767e-06
   3026  -1.13508864e-06
   3027  -1.13433885e-06
   3028  -1.13358980e-06
   3029  -1.13284149e-06
   3030  -1.13209393e-06
   3031  -1.16968761e-06
   3032  -1.16891624e-06
   3033  -1.16814563e-06
   3034  -1.16737579e-06
   3035  -1.16660670e-06
   3036  -1.13808891e-06
   3037  -1.13733961e-06
   3038  -1.13659105e-06
   3039  -1.13584323e-06
   3040  -1.13509615e-06
   3041  -1.11912819e-06
   3042  -1.11839259e-06
   3043  -1.11765771e-06
   3044  -1.11692356e-06
   3045  -1.11619013e-06
   3046  -1.05479572e-06
   3047  -1.05410354e-06
   3048  -1.05341204e-06
   3049  -1.05272123e-06
   3050  -1.05203109e-06
   3051  -9.98639591e-07
   3052  -9.97985335e-07
   3053  -9.97331722e-07
   3054  -9.96678751e-07
   3055  -9.96026421e-07
   3056  -9.48752740e-07
   3057  -9.48132184e-07
   3058  -9.47512237e-07
   3059  -9.46892897e-07
   3060  -9.46274165e-07
   3061  -8.91054269e-07
   3062  -8.90472404e-07
   3063  -8.89891108e-07
   3064  -8.89310381e-07
   3065  -8.88730223e-07
   3066  -8.84902091e-07
   3067  -8.84325185e-07
   3068  -8.83748843e-07
   3069  -8.83173064e-07
   3070  -8.82597847e-07
   3071  -8.62243492e-07
   3072  -8.61682273e-07
   3073  -8.61121601e-07
   3074  -8.60561476e-07
   3075  -8.60001898e-07
   3076  -8.53220918e-07
   3077  -8.52666473e-07
   3078  -8.52112569e-07
   3079  -8.51559204e-07
   3080  -8.51006378e-07
   3081  -8.02195587e-07
   3082  -8.01675146e-07
   3083  -8.01155210e-07
   3084  -8.00635781e-07
   3085  -8.00116856e-07
   3086  -7.39156894e-07
   3087  -7.38678127e-07
   3088  -7.38199825e-07
   3089  -7.37721987e-07
   3090  -7.37244613e-07
   3091  -6.37690653e-07
   3092  -6.37278275e-07
   3093  -6.36866298e-07
   3094  -6.36454719e-07
   3095  -6.36043539e-07
   3096  -4.69516251e-07
   3097  -4.69213117e-07
   3098  -4.68910277e-07
   3099  -4.68607730e-07
   3100  -4.68305475e-07
   3101  -2.93100863e-07
   3102  -2.92911933e-07
   3103  -2.92723186e-07
   3104  -2.92534621e-07
   3105  -2.92346239e-07
   3106  -1.28740364e-07
   3107  -1.28657513e-07
   3108  -1.28574742e-07
   3109  -1.28492050e-07
   3110  -1.28409439e-07
   3111  -2.12307932e-08
   3112  -2.12171520e-08
   3113  -2.12035240e-08
   3114  -2.11899091e-08
   3115  -2.11763073e-08
   3116   4.25560836e-08
   3117   4.25287844e-08
   3118   4.25015115e-08
   3119   4.24742647e-08
   3120   4.24470442e-08
   3121   7.42792595e-08
   3122   7.42316865e-08
   3123   7.41841592e-08
   3124   7.41366776e-08
   3125   7.40892415e-08
   3126   8.93902099e-08
   3127   8.93330504e-08
   3128   8.92759458e-08
   3129   8.92188959e-08
   3130   8.91619007e-08
   3131   9.26532850e-08
   3132   9.25941336e-08
   3133   9.25350388e-08
   3134   9.24760006e-08
   3135   9.24170189e-08
   3136   9.56993323e-08
   3137   9.56383336e-08
   3138   9.55773932e-08
   3139   9.55165111e-08
   3140   9.54556871e-08
   3141   9.32651406e-08
   3142   9.32057880e-08
   3143   9.31464921e-08
   3144   9.30872527e-08
   3145   9.30280698e-08
   3146   9.19493458e-08
   3147   9.18909236e-08
   3148   9.18325570e-08
   3149   9.17742459e-08
   3150   9.17159905e-08
   3151   9.17221148e-08
   3152   9.16639294e-08
   3153   9.16057992e-08
   3154   9.15477244e-08
   3155   9.14897048e-08
   3156   8.63103078e-08
   3157   8.62556421e-08
   3158   8.62010283e-08
   3159   8.61464663e-08
   3160   8.60919562e-08
   3161   8.25192310e-08
   3162   8.24670490e-08
   3163   8.24149166e-08
   3164   8.23628335e-08
   3165   8.23107998e-08
   3166   7.76322881e-08
   3167   7.75832740e-08
   3168   7.75343062e-08
   3169   7.74853848e-08
   3170   7.74365097e-08
   3171   7.47777207e-08
   3172   7.47305832e-08
   3173   7.46834903e-08
   3174   7.46364419e-08
   3175   7.45894379e-08
   3176   7.22738274e-08
   3177   7.22283400e-08
   3178   7.21828955e-08
   3179   7.21374939e-08
   3180   7.20921351e-08
   3181   6.78121252e-08
   3182   6.77695129e-08
   3183   6.77269408e-08
   3184   6.76844088e-08
   3185   6.76419168e-08
   3186   6.70061510e-08
   3187   6.69641113e-08
   3188   6.69221110e-08
   3189   6.68801503e-08
   3190   6.68382290e-08
   3191   6.27081394e-08
   3192   6.26688578e-08
   3193   6.26296131e-08
   3194   6.25904053e-08
   3195   6.25512343e-08
   3196   6.18807857e-08
   3197   6.18420830e-08
   3198   6.18034166e-08
   3199   6.17647864e-08
   3200   6.17261925e-08
   3201   5.86378871e-08
   3202   5.86012699e-08
   3203   5.85646870e-08
   3204   5.85281383e-08
   3205   5.84916238e-08
   3206   5.49915141e-08
   3207   5.49572274e-08
   3208   5.49229728e-08
   3209   5.48887502e-08
   3210   5.48545596e-08
   3211   5.32218475e-08
   3212   5.31887158e-08
   3213   5.31556151e-08
   3214   5.31225453e-08
   3215   5.30895063e-08
   3216   4.95496454e-08
   3217   4.95188477e-08
   3218   4.94880787e-08
   3219   4.94573384e-08
   3220   4.94266267e-08
   3221   4.74860623e-08
   3222   4.74565930e-08
   3223   4.74271512e-08
   3224   4.73977367e-08
   3225   4.73683496e-08
   3226   4.47133434e-08
   3227   4.46856378e-08
   3228   4.46579580e-08
   3229   4.46303039e-08
   3230   4.46026754e-08
   3231   4.06158263e-08
   3232   4.05906986e-08
   3233   4.05655942e-08
   3234   4.05405131e-08
   3235   4.05154552e-08
   3236   3.90611017e-08
   3237   3.90369731e-08
   3238   3.90128669e-08
   3239   3.89887830e-08
   3240   3.89647215e-08
   3241   3.50095324e-08
   3242   3.49879399e-08
   3243   3.49663674e-08
   3244   3.49448148e-08
   3245   3.49232821e-08
   3246   3.34903170e-08
   3247   3.34696933e-08
   3248   3.34490886e-08
   3249   3.34285030e-08
   3250   3.34079363e-08
   3251   3.09309366e-08
   3252   3.09119183e-08
   3253   3.08929175e-08
   3254   3.08739342e-08
   3255   3.08549684e-08
   3256   2.86834599e-08
   3257   2.86658505e-08
   3258   2.86482574e-08
   3259   2.86306804e-08
   3260   2.86131196e-08
   3261   2.76107158e-08
   3262   2.75937910e-08
   3263   2.75768818e-08
   3264   2.75599880e-08
   3265   2.75431098e-08
   3266   2.49044978e-08
   3267   2.48892552e-08
   3268   2.48740266e-08
   3269   2.48588119e-08
   3270   2.48436113e-08
   3271   2.41254784e-08
   3272   2.41107352e-08
   3273   2.40960055e-08
   3274   2.40812892e-08
   3275   2.40665865e-08
   3276   2.22220708e-08
   3277   2.22085114e-08
   3278   2.21949645e-08
   3279   2.21814299e-08
   3280   2.21679078e-08
   3281   2.10344294e-08
   3282   2.10216143e-08
   3283   2.10088109e-08
   3284   2.09960192e-08
   3285   2.09832391e-08
   3286   1.99329526e-08
   3287   1.99208271e-08
   3288   1.99087125e-08
   3289   1.98966090e-08
   3290   1.98845166e-08
   3291   1.82653946e-08
   3292   1.82543003e-08
   3293   1.82432160e-08
   3294   1.82321419e-08
   3295   1.82210779e-08
   3296   1.79175456e-08
   3297   1.79066791e-08
   3298   1.78958224e-08
   3299   1.78849757e-08
   3300   1.78741388e-08
