     50   5.20961167e-13
     51   4.07807289e-13
     52   3.92346463e-13
     53   3.77748490e-13
     54   3.63950338e-13
     55   3.50894625e-13
     56   1.94367902e-13
     57   1.87636931e-13
     58   1.81249644e-13
     59   1.75183034e-13
     60   1.69415990e-13
     61   1.18094619e-13
     62   1.14330829e-13
     63   1.10744148e-13
     64   1.07323634e-13
     65   1.04059181e-13
     66   4.18719703e-13
     67   4.06359487e-13
     68   3.94538596e-13
     69   3.83226103e-13
     70   3.72393268e-13
     71   2.06817544e-13
     72   2.01132043e-13
     73   1.95677805e-13
     74   1.90442457e-13
     75   1.85414439e-13
     76   3.13204995e-13
     77   3.05148528e-13
     78   2.97398962e-13
     79   2.89940903e-13
     80   2.82759913e-13
     81   4.72187194e-13
     82   4.60775131e-13
     83   4.49771843e-13
     84   4.39158039e-13
     85   4.28915550e-13
     86   3.71853650e-13
     87   3.63378562e-13
     88   3.55189947e-13
     89   3.47275037e-13
     90   3.39621769e-13
     91   3.96583601e-13
     92   3.88032121e-13
     93   3.79754281e-13
     94   3.71738529e-13
     95   3.63973916e-13
     96   3.98740001e-13
     97   3.90581799e-13
     98   3.82671435e-13
     99   3.74998971e-13
    100   3.67554962e-13
    101   1.82981978e-13
    102   1.79420349e-13
    103   1.75961704e-13
    104   1.72602111e-13
    105   1.69337824e-13
    106   8.57622385e-14
    107   8.41703900e-14
    108   8.26224535e-14
    109   8.11168288e-14
    110   7.96519877e-14
    111   2.14508409e-13
    112   2.10703439e-13
    113   2.06998817e-13
    114   2.03391047e-13
    115   1.99876780e-13
    116   3.17264450e-13
    117   3.11875743e-13
    118   3.06623169e-13
    119   3.01502182e-13
    120   2.96508421e-13
    121   5.87773924e-13
    122   5.78197279e-13
    123   5.68852792e-13
    124   5.59733019e-13
    125   5.50830811e-13
    126   8.14738534e-13
    127   8.01983479e-13
    128   7.89525626e-13
    129   7.77355810e-13
    130   7.65465222e-13
    131   8.24374358e-13
    132   8.11954539e-13
    133   7.99813291e-13
    134   7.87942345e-13
    135   7.76333737e-13
    136   5.95314052e-13
    137   5.86670740e-13
    138   5.78214308e-13
    139   5.69939407e-13
    140   5.61840878e-13
    141   3.55134104e-13
    142   3.50158541e-13
    143   3.45286814e-13
    144   3.40516055e-13
    145   3.35843492e-13
    146   3.33836299e-13
    147   3.29317404e-13
    148   3.24889644e-13
    149   3.20550587e-13
    150   3.16297878e-13
    151   5.61285673e-13
    152   5.53936656e-13
    153   5.46731034e-13
    154   5.39665099e-13
    155   5.32735264e-13
    156   6.28976482e-13
    157   6.21002197e-13
    158   6.13178606e-13
    159   6.05501935e-13
    160   5.97968529e-13
    161   1.57744608e-12
    162   1.55806132e-12
    163   1.53903170e-12
    164   1.52034859e-12
    165   1.50200363e-12
    166   1.37894530e-12
    167   1.36250493e-12
    168   1.34635683e-12
    169   1.33049411e-12
    170   1.31491009e-12
    171   1.68173446e-12
    172   1.66226443e-12
    173   1.64313057e-12
    174   1.62432519e-12
    175   1.60584081e-12
    176   2.36864636e-12
    177   2.34199509e-12
    178   2.31579110e-12
    179   2.29002445e-12
    180   2.26468546e-12
    181   1.41655193e-12
    182   1.40104940e-12
    183   1.38579997e-12
    184   1.37079816e-12
    185   1.35603864e-12
    186   1.65462930e-12
    187   1.63700351e-12
    188   1.61965787e-12
    189   1.60258647e-12
    190   1.58578355e-12
    191   1.44914975e-12
    192   1.43411325e-12
    193   1.41930957e-12
    194   1.40473394e-12
    195   1.39038168e-12
    196   1.63160833e-12
    197   1.61510668e-12
    198   1.59885412e-12
    199   1.58284564e-12
    200   1.56707639e-12
    201   1.61989360e-12
    202   1.60391445e-12
    203   1.58817058e-12
    204   1.57265738e-12
    205   1.55737038e-12
    206   7.54833770e-13
    207   7.47567051e-13
    208   7.40404763e-13
    209   7.33344915e-13
    210   7.26385562e-13
    211   8.68852931e-14
    212   8.60685134e-14
    213   8.52631973e-14
    214   8.44691312e-14
    215   8.36861065e-14
    216   0.00000000e+00
    217   0.00000000e+00
    218   0.00000000e+00
    219   0.00000000e+00
    220   0.00000000e+00
    221   0.00000000e+00
    222   0.00000000e+00
    223   0.00000000e+00
    224   0.00000000e+00
    225   0.00000000e+00
    226   4.40583204e-14
    227   4.36714210e-14
    228   4.32895958e-14
    229   4.29127562e-14
    230   4.25408160e-14
    231   0.00000000e+00
    232   0.00000000e+00
    233   0.00000000e+00
    234   0.00000000e+00
    235   0.00000000e+00
    236   0.00000000e+00
    237   0.00000000e+00
    238   0.00000000e+00
    239   0.00000000e+00
    240   0.00000000e+00
    241   0.00000000e+00
    242   0.00000000e+00
    243   0.00000000e+00
    244   0.00000000e+00
    245   0.00000000e+00
    246   2.35343577e-12
    247   2.33443735e-12
    248   2.31566806e-12
    249   2.29712423e-12
    250   2.27880226e-12
    251   2.81713337e-11
    252   2.79484158e-11
    253   2.77281334e-11
    254   2.75104450e-11
    255   2.72953102e-11
    256   4.46301902e-11
    257   4.42838851e-11
    258   4.39415952e-11
    259   4.36032585e-11
    260   4.32688145e-11
    261   9.32293700e-11
    262   9.25197288e-11
    263   9.18181593e-11
    264   9.11245395e-11
    265   9.04387499e-11
    266   8.64533760e-11
    267   8.58076008e-11
    268   8.51690343e-11
    269   8.45375695e-11
    270   8.39131015e-11
    271   1.83425008e-10
    272   1.82080007e-10
    273   1.80749745e-10
    274   1.79434009e-10
    275   1.78132587e-10
    276   3.88915422e-10
    277   3.86114958e-10
    278   3.83344633e-10
    279   3.80604017e-10
    280   3.77892686e-10
    281   1.75454578e-09
    282   1.74213523e-09
    283   1.72985589e-09
    284   1.71770592e-09
    285   1.70568351e-09
    286   3.26730718e-09
    287   3.24459788e-09
    288   3.22212453e-09
    289   3.19988386e-09
    290   3.17787267e-09
    291   5.51887393e-09
    292   5.48117034e-09
    293   5.44385182e-09
    294   5.40691313e-09
    295   5.37034913e-09
    296   8.27211729e-09
    297   8.21655323e-09
    298   8.16154713e-09
    299   8.10709155e-09
    300   8.05317917e-09
    301   1.01610500e-08
    302   1.00939252e-08
    303   1.00274632e-08
    304   9.96165556e-09
    305   9.89649360e-09
    306   1.62514467e-08
    307   1.61458324e-08
    308   1.60412442e-08
    309   1.59376690e-08
    310   1.58350936e-08
    311   1.65809820e-08
    312   1.64749488e-08
    313   1.63699294e-08
    314   1.62659109e-08
    315   1.61628808e-08
    316   2.26306964e-08
    317   2.24882533e-08
    318   2.23471508e-08
    319   2.22073721e-08
    320   2.20689009e-08
    321   2.85007306e-08
    322   2.83241191e-08
    323   2.81491442e-08
    324   2.79757856e-08
    325   2.78040236e-08
    326   2.82957133e-08
    327   2.81230471e-08
    328   2.79519566e-08
    329   2.77824227e-08
    330   2.76144265e-08
    331   3.92066424e-08
    332   3.89709906e-08
    333   3.87374569e-08
    334   3.85060162e-08
    335   3.82766434e-08
    336   3.81553484e-08
    337   3.79294103e-08
    338   3.77054732e-08
    339   3.74835135e-08
    340   3.72635079e-08
    341   5.30224242e-08
    342   5.27130305e-08
    343   5.24063370e-08
    344   5.21023123e-08
    345   5.18009256e-08
    346   5.75950046e-08
    347   5.72637614e-08
    348   5.69353676e-08
    349   5.66097906e-08
    350   5.62869983e-08
    351   5.91568767e-08
    352   5.88214732e-08
    353   5.84889142e-08
    354   5.81591674e-08
    355   5.78322014e-08
    356   7.75859263e-08
    357   7.71521831e-08
    358   7.67220671e-08
    359   7.62955378e-08
    360   7.58725555e-08
    361   7.59506729e-08
    362   7.55319241e-08
    363   7.51166289e-08
    364   7.47047494e-08
    365   7.42962482e-08
    366   9.32675192e-08
    367   9.27602866e-08
    368   9.22571807e-08
    369   9.17581567e-08
    370   9.12631707e-08
    371   9.54943583e-08
    372   9.49819815e-08
    373   9.44737174e-08
    374   9.39695221e-08
    375   9.34693523e-08
    376   1.09787751e-07
    377   1.09206479e-07
    378   1.08629812e-07
    379   1.08057701e-07
    380   1.07490097e-07
    381   1.26676246e-07
    382   1.26014320e-07
    383   1.25357568e-07
    384   1.24705938e-07
    385   1.24059375e-07
    386   1.21791280e-07
    387   1.21163086e-07
    388   1.20539740e-07
    389   1.19921192e-07
    390   1.19307392e-07
    391   1.48381948e-07
    392   1.47626343e-07
    393   1.46876496e-07
    394   1.46132348e-07
    395   1.45393840e-07
    396   1.45263385e-07
    397   1.44532960e-07
    398   1.43808031e-07
    399   1.43088542e-07
    400   1.42374439e-07
    401   1.71418246e-07
    402   1.70567008e-07
    403   1.69722095e-07
    404   1.68883445e-07
    405   1.68050995e-07
    406   1.82049601e-07
    407   1.81156655e-07
    408   1.80270263e-07
    409   1.79390360e-07
    410   1.78516884e-07
    411   1.87559023e-07
    412   1.86650197e-07
    413   1.85747962e-07
    414   1.84852252e-07
    415   1.83963006e-07
    416   2.06270477e-07
    417   2.05282947e-07
    418   2.04302493e-07
    419   2.03329045e-07
    420   2.02362539e-07
    421   2.21725146e-07
    422   2.20676182e-07
    423   2.19634643e-07
    424   2.18600461e-07
    425   2.17573566e-07
    426   2.47235723e-07
    427   2.46079742e-07
    428   2.44931849e-07
    429   2.43791970e-07
    430   2.42660029e-07
    431   2.68929880e-07
    432   2.67686993e-07
    433   2.66452702e-07
    434   2.65226929e-07
    435   2.64009595e-07
    436   2.93969391e-07
    437   2.92626299e-07
    438   2.91292392e-07
    439   2.89967584e-07
    440   2.88651793e-07
    441   2.98646624e-07
    442   2.97297572e-07
    443   2.95957640e-07
    444   2.94626747e-07
    445   2.93304811e-07
    446   3.30410726e-07
    447   3.28934856e-07
    448   3.27468853e-07
    449   3.26012628e-07
    450   3.24566095e-07
    451   3.54153876e-07
    452   3.52589421e-07
    453   3.51035309e-07
    454   3.49491450e-07
    455   3.47957753e-07
    456   3.92071985e-07
    457   3.90358947e-07
    458   3.88657111e-07
    459   3.86966380e-07
    460   3.85286657e-07
    461   4.14424210e-07
    462   4.12633075e-07
    463   4.10853527e-07
    464   4.09085466e-07
    465   4.07328793e-07
    466   4.01723751e-07
    467   4.00006067e-07
    468   3.98299375e-07
    469   3.96603584e-07
    470   3.94918599e-07
    471   4.88348183e-07
    472   4.86282195e-07
    473   4.84229291e-07
    474   4.82189359e-07
    475   4.80162290e-07
    476   4.88490140e-07
    477   4.86445180e-07
    478   4.84413035e-07
    479   4.82393597e-07
    480   4.80386761e-07
    481   5.61212757e-07
    482   5.58887693e-07
    483   5.56577048e-07
    484   5.54280703e-07
    485   5.51998540e-07
    486   5.56235635e-07
    487   5.53954814e-07
    488   5.51687993e-07
    489   5.49435058e-07
    490   5.47195895e-07
    491   5.57134471e-07
    492   5.54873145e-07
    493   5.52625560e-07
    494   5.50391603e-07
    495   5.48171164e-07
    496   6.54423439e-07
    497   6.51793914e-07
    498   6.49180206e-07
    499   6.46582189e-07
    500   6.43999735e-07
    501   6.23858207e-07
    502   6.21376426e-07
    503   6.18909425e-07
    504   6.16457086e-07
    505   6.14019294e-07
    506   7.24227440e-07
    507   7.21374749e-07
    508   7.18538879e-07
    509   7.15719700e-07
    510   7.12917080e-07
    511   7.32012266e-07
    512   7.29157028e-07
    513   7.26318462e-07
    514   7.23496440e-07
    515   7.20690833e-07
    516   7.61609447e-07
    517   7.58667453e-07
    518   7.55742472e-07
    519   7.52834374e-07
    520   7.49943029e-07
    521   8.56114069e-07
    522   8.52838646e-07
    523   8.49581985e-07
    524   8.46343943e-07
    525   8.43124377e-07
    526   7.69711464e-07
    527   7.66794511e-07
    528   7.63894108e-07
    529   7.61010131e-07
    530   7.58142454e-07
    531   9.41470127e-07
    532   9.37935750e-07
    533   9.34421239e-07
    534   9.30926445e-07
    535   9.27451220e-07
    536   9.13407579e-07
    537   9.10010435e-07
    538   9.06632208e-07
    539   9.03272758e-07
    540   8.99931945e-07
    541   1.02882443e-06
    542   1.02503328e-06
    543   1.02126305e-06
    544   1.01751358e-06
    545   1.01378472e-06
    546   1.04973168e-06
    547   1.04589879e-06
    548   1.04208686e-06
    549   1.03829574e-06
    550   1.03452526e-06
    551   1.01672780e-06
    552   1.01304901e-06
    553   1.00939014e-06
    554   1.00575106e-06
    555   1.00213163e-06
    556   1.20858015e-06
    557   1.20424639e-06
    558   1.19993589e-06
    559   1.19564849e-06
    560   1.19138403e-06
    561   1.14355106e-06
    562   1.13948691e-06
    563   1.13544439e-06
    564   1.13142334e-06
    565   1.12742361e-06
    566   1.31150430e-06
    567   1.30688430e-06
    568   1.30228866e-06
    569   1.29771722e-06
    570   1.29316982e-06
    571   1.28178090e-06
    572   1.27730502e-06
    573   1.27285254e-06
    574   1.26842331e-06
    575   1.26401715e-06
    576   1.41837623e-06
    577   1.41346623e-06
    578   1.40858169e-06
    579   1.40372242e-06
    580   1.39888825e-06
    581   1.46869749e-06
    582   1.46365692e-06
    583   1.45864225e-06
    584   1.45365331e-06
    585   1.44868992e-06
    586   1.46640038e-06
    587   1.46141051e-06
    588   1.45644606e-06
    589   1.45150686e-06
    590   1.44659275e-06
    591   1.63535420e-06
    592   1.62983634e-06
    593   1.62434637e-06
    594   1.61888409e-06
    595   1.61344932e-06
    596   1.62015474e-06
    597   1.61473390e-06
    598   1.60934022e-06
    599   1.60397352e-06
    600   1.59863362e-06
    601   1.74500705e-06
    602   1.73921690e-06
    603   1.73345552e-06
    604   1.72772272e-06
    605   1.72201832e-06
    606   1.72414364e-06
    607   1.71846979e-06
    608   1.71282390e-06
    609   1.70720578e-06
    610   1.70161526e-06
    611   1.70478058e-06
    612   1.69921622e-06
    613   1.69367906e-06
    614   1.68816893e-06
    615   1.68268564e-06
    616   1.97753734e-06
    617   1.97113496e-06
    618   1.96476361e-06
    619   1.95842311e-06
    620   1.95211326e-06
    621   1.88888053e-06
    622   1.88281427e-06
    623   1.87677720e-06
    624   1.87076911e-06
    625   1.86478982e-06
    626   2.08968607e-06
    627   2.08302838e-06
    628   2.07640244e-06
    629   2.06980808e-06
    630   2.06324507e-06
    631   2.03314085e-06
    632   2.02671449e-06
    633   2.02031855e-06
    634   2.01395284e-06
    635   2.00761717e-06
    636   2.14808785e-06
    637   2.14135139e-06
    638   2.13464658e-06
    639   2.12797320e-06
    640   2.12133107e-06
    641   2.35977925e-06
    642   2.35243649e-06
    643   2.34512796e-06
    644   2.33785342e-06
    645   2.33061269e-06
    646   2.23586890e-06
    647   2.22896541e-06
    648   2.22209384e-06
    649   2.21525401e-06
    650   2.20844570e-06
    651   2.52271832e-06
    652   2.51498882e-06
    653   2.50729478e-06
    654   2.49963600e-06
    655   2.49201226e-06
    656   2.47664828e-06
    657   2.46911761e-06
    658   2.46162125e-06
    659   2.45415896e-06
    660   2.44673056e-06
    661   2.60256628e-06
    662   2.59471244e-06
    663   2.58689410e-06
    664   2.57911105e-06
    665   2.57136307e-06
    666   2.70668581e-06
    667   2.69857893e-06
    668   2.69050841e-06
    669   2.68247405e-06
    670   2.67447562e-06
    671   2.61214154e-06
    672   2.60437598e-06
    673   2.59664500e-06
    674   2.58894839e-06
    675   2.58128595e-06
    676   2.99610621e-06
    677   2.98726488e-06
    678   2.97846263e-06
    679   2.96969923e-06
    680   2.96097444e-06
    681   2.83409290e-06
    682   2.82579091e-06
    683   2.81752534e-06
    684   2.80929599e-06
    685   2.80110264e-06
    686   3.15856818e-06
    687   3.14938296e-06
    688   3.14023775e-06
    689   3.13113232e-06
    690   3.12206643e-06
    691   3.11918854e-06
    692   3.11018331e-06
    693   3.10121701e-06
    694   3.09228944e-06
    695   3.08340036e-06
    696   3.14356871e-06
    697   3.13455812e-06
    698   3.12558622e-06
    699   3.11665279e-06
    700   3.10775760e-06
    701   3.40908430e-06
    702   3.39938218e-06
    703   3.38972142e-06
    704   3.38010178e-06
    705   3.37052303e-06
    706   3.16159524e-06
    707   3.15266103e-06
    708   3.14376464e-06
    709   3.13490585e-06
    710   3.12608445e-06
    711   3.52661921e-06
    712   3.51672341e-06
    713   3.50686920e-06
    714   3.49705634e-06
    715   3.48728462e-06
    716   3.46783604e-06
    717   3.45817297e-06
    718   3.44855023e-06
    719   3.43896760e-06
    720   3.42942485e-06
    721   3.70853047e-06
    722   3.69826819e-06
    723   3.68804846e-06
    724   3.67787103e-06
    725   3.66773566e-06
    726   3.74662762e-06
    727   3.73633115e-06
    728   3.72607708e-06
    729   3.71586515e-06
    730   3.70569515e-06
    731   3.64668135e-06
    732   3.63672794e-06
    733   3.62681523e-06
    734   3.61694299e-06
    735   3.60711100e-06
    736   3.91581772e-06
    737   3.90520215e-06
    738   3.89462969e-06
    739   3.88410012e-06
    740   3.87361318e-06
    741   3.89127503e-06
    742   3.88079701e-06
    743   3.87036126e-06
    744   3.85996754e-06
    745   3.84961564e-06
    746   4.09620193e-06
    747   4.08524586e-06
    748   4.07433369e-06
    749   4.06346518e-06
    750   4.05264010e-06
    751   4.15626355e-06
    752   4.14522068e-06
    753   4.13422175e-06
    754   4.12326655e-06
    755   4.11235483e-06
    756   3.92064652e-06
    757   3.91029839e-06
    758   3.89999118e-06
    759   3.88972468e-06
    760   3.87949865e-06
    761   4.53379178e-06
    762   4.52190376e-06
    763   4.51006245e-06
    764   4.49826758e-06
    765   4.48651893e-06
    766   4.26581503e-06
    767   4.25470252e-06
    768   4.24363338e-06
    769   4.23260738e-06
    770   4.22162430e-06
    771   4.44821826e-06
    772   4.43670557e-06
    773   4.42523751e-06
    774   4.41381386e-06
    775   4.40243439e-06
    776   4.52732599e-06
    777   4.51568388e-06
    778   4.50408662e-06
    779   4.49253398e-06
    780   4.48102573e-06
    781   4.73071764e-06
    782   4.71863022e-06
    783   4.70658906e-06
    784   4.69459393e-06
    785   4.68264460e-06
    786   4.85272978e-06
    787   4.84040930e-06
    788   4.82813568e-06
    789   4.81590869e-06
    790   4.80372808e-06
    791   4.83718959e-06
    792   4.82498602e-06
    793   4.81282858e-06
    794   4.80071703e-06
    795   4.78865114e-06
    796   5.05606998e-06
    797   5.04339416e-06
    798   5.03076595e-06
    799   5.01818510e-06
    800   5.00565139e-06
    801   4.96038064e-06
    802   4.94802217e-06
    803   4.93570983e-06
    804   4.92344340e-06
    805   4.91122263e-06
    806   5.15166277e-06
    807   5.13890718e-06
    808   5.12619892e-06
    809   5.11353773e-06
    810   5.10092339e-06
    811   5.16625963e-06
    812   5.15354660e-06
    813   5.14088044e-06
    814   5.12826091e-06
    815   5.11568780e-06
    816   5.22444093e-06
    817   5.21166333e-06
    818   5.19893256e-06
    819   5.18624837e-06
    820   5.17361055e-06
    821   5.47768566e-06
    822   5.46437011e-06
    823   5.45110306e-06
    824   5.43788426e-06
    825   5.42471349e-06
    826   5.59718512e-06
    827   5.58366127e-06
    828   5.57018638e-06
    829   5.55676020e-06
    830   5.54338251e-06
    831   5.84969593e-06
    832   5.83564683e-06
    833   5.82164828e-06
    834   5.80770004e-06
    835   5.79380187e-06
    836   5.72807758e-06
    837   5.71440268e-06
    838   5.70077668e-06
    839   5.68719937e-06
    840   5.67367050e-06
    841   5.77612958e-06
    842   5.76242177e-06
    843   5.74876270e-06
    844   5.73515214e-06
    845   5.72158986e-06
    846   6.22008018e-06
    847   6.20540585e-06
    848   6.19078340e-06
    849   6.17621257e-06
    850   6.16169312e-06
    851   5.93736241e-06
    852   5.92343721e-06
    853   5.90956093e-06
    854   5.89573336e-06
    855   5.88195426e-06
    856   6.29913350e-06
    857   6.28444593e-06
    858   6.26980967e-06
    859   6.25522448e-06
    860   6.24069012e-06
    861   6.10553677e-06
    862   6.09138311e-06
    863   6.07727861e-06
    864   6.06322304e-06
    865   6.04921617e-06
    866   6.69196299e-06
    867   6.67653928e-06
    868   6.66116883e-06
    869   6.64585140e-06
    870   6.63058675e-06
    871   6.81628570e-06
    872   6.80066546e-06
    873   6.78509885e-06
    874   6.76958562e-06
    875   6.75412554e-06
    876   6.74033345e-06
    877   6.72497525e-06
    878   6.70966947e-06
    879   6.69441590e-06
    880   6.67921427e-06
    881   7.10991288e-06
    882   7.09380433e-06
    883   7.07775046e-06
    884   7.06175103e-06
    885   7.04580579e-06
    886   6.98726394e-06
    887   6.97152243e-06
    888   6.95583405e-06
    889   6.94019858e-06
    890   6.92461576e-06
    891   7.24351322e-06
    892   7.22728581e-06
    893   7.21111287e-06
    894   7.19499415e-06
    895   7.17892942e-06
    896   7.19562627e-06
    897   7.17959592e-06
    898   7.16361908e-06
    899   7.14769550e-06
    900   7.13182497e-06
    901   7.16061359e-06
    902   7.14474960e-06
    903   7.12893826e-06
    904   7.11317935e-06
    905   7.09747264e-06
    906   7.75637904e-06
    907   7.73928980e-06
    908   7.72225698e-06
    909   7.70528033e-06
    910   7.68835959e-06
    911   7.57489772e-06
    912   7.55829975e-06
    913   7.54175628e-06
    914   7.52526707e-06
    915   7.50883187e-06
    916   8.37785866e-06
    917   8.35960128e-06
    918   8.34140351e-06
    919   8.32326510e-06
    920   8.30518579e-06
    921   8.13768061e-06
    922   8.12004272e-06
    923   8.10246212e-06
    924   8.08493855e-06
    925   8.06747177e-06
    926   8.49817207e-06
    927   8.47985212e-06
    928   8.46159133e-06
    929   8.44338947e-06
    930   8.42524628e-06
    931   9.18887892e-06
    932   9.16917616e-06
    933   9.14953669e-06
    934   9.12996026e-06
    935   9.11044659e-06
    936   8.57630876e-06
    937   8.55801751e-06
    938   8.53978472e-06
    939   8.52161014e-06
    940   8.50349351e-06
    941   9.24749504e-06
    942   9.22787691e-06
    943   9.20832115e-06
    944   9.18882749e-06
    945   9.16939566e-06
    946   8.85490695e-06
    947   8.83622079e-06
    948   8.81759371e-06
    949   8.79902547e-06
    950   8.78051583e-06
    951   8.86422782e-06
    952   8.84562015e-06
    953   8.82707102e-06
    954   8.80858017e-06
    955   8.79014736e-06
    956   8.59818024e-06
    957   8.58022529e-06
    958   8.56232652e-06
    959   8.54448369e-06
    960   8.52669659e-06
    961   8.35088357e-06
    962   8.33353560e-06
    963   8.31624162e-06
    964   8.29900142e-06
    965   8.28181478e-06
    966   9.56690179e-06
    967   9.54713036e-06
    968   9.52742016e-06
    969   9.50777093e-06
    970   9.48818243e-06
    971   9.70102309e-06
    972   9.68107753e-06
    973   9.66119342e-06
    974   9.64137051e-06
    975   9.62160855e-06
    976   1.17402110e-05
    977   1.17161963e-05
    978   1.16922551e-05
    979   1.16683873e-05
    980   1.16445925e-05
    981   1.27241493e-05
    982   1.26982543e-05
    983   1.26724383e-05
    984   1.26467010e-05
    985   1.26210419e-05
    986   1.34191218e-05
    987   1.33919507e-05
    988   1.33648621e-05
    989   1.33378555e-05
    990   1.33109308e-05
    991   1.47887828e-05
    992   1.47589893e-05
    993   1.47292857e-05
    994   1.46996716e-05
    995   1.46701468e-05
    996   1.49325865e-05
    997   1.49026540e-05
    998   1.48728114e-05
    999   1.48430583e-05
   1000   1.48133945e-05
   1001   1.60850706e-05
   1002   1.60529887e-05
   1003   1.60210027e-05
   1004   1.59891122e-05
   1005   1.59573168e-05
   1006   1.68151267e-05
   1007   1.67817551e-05
   1008   1.67484827e-05
   1009   1.67153092e-05
   1010   1.66822342e-05
   1011   1.81883068e-05
   1012   1.81523881e-05
   1013   1.81165758e-05
   1014   1.80808693e-05
   1015   1.80452683e-05
   1016   2.07566935e-05
   1017   2.07159042e-05
   1018   2.06752349e-05
   1019   2.06346853e-05
   1020   2.05942549e-05
   1021   1.98149887e-05
   1022   1.97762403e-05
   1023   1.97376054e-05
   1024   1.96990836e-05
   1025   1.96606745e-05
   1026   1.96961160e-05
   1027   1.96577874e-05
   1028   1.96195706e-05
   1029   1.95814651e-05
   1030   1.95434705e-05
   1031   1.79906262e-05
   1032   1.79557859e-05
   1033   1.79210468e-05
   1034   1.78864084e-05
   1035   1.78518703e-05
   1036   1.55436457e-05
   1037   1.55136893e-05
   1038   1.54838194e-05
   1039   1.54540356e-05
   1040   1.54243378e-05
   1041   1.23094410e-05
   1042   1.22858315e-05
   1043   1.22622898e-05
   1044   1.22388156e-05
   1045   1.22154089e-05
   1046   6.64080063e-06
   1047   6.62812432e-06
   1048   6.61548428e-06
   1049   6.60288036e-06
   1050   6.59031242e-06
   1051   6.98631366e-08
   1052   6.97304116e-08
   1053   6.95980644e-08
   1054   6.94660937e-08
   1055   6.93344980e-08
   1056  -6.23288518e-06
   1057  -6.22110000e-06
   1058  -6.20934822e-06
   1059  -6.19762971e-06
   1060  -6.18594434e-06
   1061  -1.09397957e-05
   1062  -1.09192080e-05
   1063  -1.08986784e-05
   1064  -1.08782066e-05
   1065  -1.08577924e-05
   1066  -1.29436283e-05
   1067  -1.29193836e-05
   1068  -1.28952070e-05
   1069  -1.28710981e-05
   1070  -1.28470569e-05
   1071  -9.76483589e-06
   1072  -9.74663066e-06
   1073  -9.72847628e-06
   1074  -9.71037258e-06
   1075  -9.69231937e-06
   1076   8.80130022e-07
   1077   8.78496749e-07
   1078   8.76868019e-07
   1079   8.75243813e-07
   1080   8.73624117e-07
   1081   2.14161012e-05
   1082   2.13765425e-05
   1083   2.13370933e-05
   1084   2.12977531e-05
   1085   2.12585217e-05
   1086   5.19537538e-05
   1087   5.18582287e-05
   1088   5.17629667e-05
   1089   5.16679670e-05
   1090   5.15732286e-05
   1091   9.31223259e-05
   1092   9.29518893e-05
   1093   9.27819201e-05
   1094   9.26124168e-05
   1095   9.24433775e-05
   1096   1.49909853e-04
   1097   1.49636731e-04
   1098   1.49364354e-04
   1099   1.49092721e-04
   1100   1.48821828e-04
   1101   2.15252998e-04
   1102   2.14862605e-04
   1103   2.14473273e-04
   1104   2.14084998e-04
   1105   2.13697777e-04
   1106   2.61267290e-04
   1107   2.60795582e-04
   1108   2.60325150e-04
   1109   2.59855990e-04
   1110   2.59388097e-04
   1111   3.08385319e-04
   1112   3.07831043e-04
   1113   3.07278260e-04
   1114   3.06726964e-04
   1115   3.06177152e-04
   1116   3.32008662e-04
   1117   3.31414597e-04
   1118   3.30822124e-04
   1119   3.30231238e-04
   1120   3.29641934e-04
   1121   3.49948401e-04
   1122   3.49325024e-04
   1123   3.48703311e-04
   1124   3.48083256e-04
   1125   3.47464854e-04
   1126   2.82434430e-04
   1127   2.81933549e-04
   1128   2.81433999e-04
   1129   2.80935775e-04
   1130   2.80438874e-04
   1131   1.62251585e-04
   1132   1.61965112e-04
   1133   1.61679396e-04
   1134   1.61394435e-04
   1135   1.61110228e-04
   1136  -7.70134430e-05
   1137  -7.68780646e-05
   1138  -7.67430427e-05
   1139  -7.66083763e-05
   1140  -7.64740640e-05
   1141  -4.57490339e-04
   1142  -4.56689656e-04
   1143  -4.55891073e-04
   1144  -4.55094583e-04
   1145  -4.54300179e-04
   1146  -1.00885210e-03
   1147  -1.00709414e-03
   1148  -1.00534076e-03
   1149  -1.00359196e-03
   1150  -1.00184772e-03
   1151  -1.50776635e-03
   1152  -1.50515040e-03
   1153  -1.50254126e-03
   1154  -1.49993889e-03
   1155  -1.49734328e-03
   1156  -2.02261567e-03
   1157  -2.01912162e-03
   1158  -2.01563662e-03
   1159  -2.01216064e-03
   1160  -2.00869364e-03
   1161  -2.25661943e-03
   1162  -2.25273791e-03
   1163  -2.24886639e-03
   1164  -2.24500485e-03
   1165  -2.24115324e-03
   1166  -2.34954876e-03
   1167  -2.34552470e-03
   1168  -2.34151096e-03
   1169  -2.33750753e-03
   1170  -2.33351435e-03
   1171  -2.27496518e-03
   1172  -2.27108547e-03
   1173  -2.26721568e-03
   1174  -2.26335577e-03
   1175  -2.25950571e-03
   1176  -1.61985224e-03
   1177  -1.61710148e-03
   1178  -1.61435773e-03
   1179  -1.61162095e-03
   1180  -1.60889112e-03
   1181  -6.31325515e-04
   1182  -6.30257959e-04
   1183  -6.29193110e-04
   1184  -6.28130957e-04
   1185  -6.27071491e-04
   1186   1.33513048e-03
   1187   1.33288232e-03
   1188   1.33063982e-03
   1189   1.32840298e-03
   1190   1.32617178e-03
   1191   4.41443698e-03
   1192   4.40703486e-03
   1193   4.39965135e-03
   1194   4.39228638e-03
   1195   4.38493988e-03
   1196   9.00157789e-03
   1197   8.98654708e-03
   1198   8.97155388e-03
   1199   8.95659818e-03
   1200   8.94167984e-03
   1201   1.36533513e-02
   1202   1.36306478e-02
   1203   1.36080008e-02
   1204   1.35854102e-02
   1205   1.35628759e-02
   1206   1.85832149e-02
   1207   1.85524416e-02
   1208   1.85217447e-02
   1209   1.84911239e-02
   1210   1.84605790e-02
   1211   2.09983409e-02
   1212   2.09637116e-02
   1213   2.09291679e-02
   1214   2.08947095e-02
   1215   2.08603361e-02
   1216   2.27233508e-02
   1217   2.26860306e-02
   1218   2.26488022e-02
   1219   2.26116654e-02
   1220   2.25746199e-02
   1221   2.43179528e-02
   1222   2.42781770e-02
   1223   2.42384987e-02
   1224   2.41989175e-02
   1225   2.41594333e-02
   1226   2.30477497e-02
   1227   2.30102050e-02
   1228   2.29727520e-02
   1229   2.29353903e-02
   1230   2.28981197e-02
   1231   2.39108904e-02
   1232   2.38720977e-02
   1233   2.38333992e-02
   1234   2.37947948e-02
   1235   2.37562842e-02
   1236   2.11541821e-02
   1237   2.11200004e-02
   1238   2.10859015e-02
   1239   2.10518852e-02
   1240   2.10179510e-02
   1241   1.81018132e-02
   1242   1.80726814e-02
   1243   1.80436198e-02
   1244   1.80146282e-02
   1245   1.79857065e-02
   1246   1.40868828e-02
   1247   1.40643031e-02
   1248   1.40417777e-02
   1249   1.40193064e-02
   1250   1.39968889e-02
   1251   8.51536907e-03
   1252   8.50177439e-03
   1253   8.48821224e-03
   1254   8.47468252e-03
   1255   8.46118511e-03
   1256   4.30957572e-03
   1257   4.30272288e-03
   1258   4.29588638e-03
   1259   4.28906616e-03
   1260   4.28226217e-03
   1261   8.80228023e-04
   1262   8.78833879e-04
   1263   8.77443044e-04
   1264   8.76055508e-04
   1265   8.74671261e-04
   1266  -1.07627818e-03
   1267  -1.07458025e-03
   1268  -1.07288633e-03
   1269  -1.07119641e-03
   1270  -1.06951049e-03
   1271  -2.20151260e-03
   1272  -2.19805314e-03
   1273  -2.19460183e-03
   1274  -2.19115864e-03
   1275  -2.18772355e-03
   1276  -2.62501802e-03
   1277  -2.62090921e-03
   1278  -2.61681004e-03
   1279  -2.61272047e-03
   1280  -2.60864049e-03
   1281  -2.83959690e-03
   1282  -2.83516954e-03
   1283  -2.83075253e-03
   1284  -2.82634583e-03
   1285  -2.82194941e-03
   1286  -2.71448402e-03
   1287  -2.71026817e-03
   1288  -2.70606212e-03
   1289  -2.70186587e-03
   1290  -2.69767936e-03
   1291  -2.49097033e-03
   1292  -2.48711658e-03
   1293  -2.48327176e-03
   1294  -2.47943585e-03
   1295  -2.47560882e-03
   1296  -1.86497251e-03
   1297  -1.86209835e-03
   1298  -1.85923083e-03
   1299  -1.85636992e-03
   1300  -1.85351562e-03
   1301  -1.22134994e-03
   1302  -1.21947490e-03
   1303  -1.21760419e-03
   1304  -1.21573777e-03
   1305  -1.21387564e-03
   1306  -6.18871136e-04
   1307  -6.17924669e-04
   1308  -6.16980371e-04
   1309  -6.16038237e-04
   1310  -6.15098259e-04
   1311  -1.84649400e-04
   1312  -1.84368084e-04
   1313  -1.84087409e-04
   1314  -1.83807375e-04
   1315  -1.83527979e-04
   1316   9.02358460e-05
   1317   9.00988916e-05
   1318   8.99622488e-05
   1319   8.98259165e-05
   1320   8.96898939e-05
   1321   2.33163118e-04
   1322   2.32810575e-04
   1323   2.32458831e-04
   1324   2.32107883e-04
   1325   2.31757730e-04
   1326   2.95463015e-04
   1327   2.95017957e-04
   1328   2.94573904e-04
   1329   2.94130852e-04
   1330   2.93688800e-04
   1331   2.97750110e-04
   1332   2.97303290e-04
   1333   2.96857474e-04
   1334   2.96412660e-04
   1335   2.95968846e-04
   1336   2.75051537e-04
   1337   2.74640322e-04
   1338   2.74230028e-04
   1339   2.73820653e-04
   1340   2.73412195e-04
   1341   2.34096863e-04
   1342   2.33748180e-04
   1343   2.33400276e-04
   1344   2.33053148e-04
   1345   2.32706793e-04
   1346   1.69611648e-04
   1347   1.69359952e-04
   1348   1.69108816e-04
   1349   1.68858238e-04
   1350   1.68608216e-04
   1351   1.02949584e-04
   1352   1.02797377e-04
   1353   1.02645506e-04
   1354   1.02493972e-04
   1355   1.02342773e-04
   1356   4.06900447e-05
   1357   4.06301072e-05
   1358   4.05703021e-05
   1359   4.05106289e-05
   1360   4.04510873e-05
   1361  -7.73057888e-06
   1362  -7.71923332e-06
   1363  -7.70791272e-06
   1364  -7.69661701e-06
   1365  -7.68534611e-06
   1366  -4.14113401e-05
   1367  -4.13507862e-05
   1368  -4.12903649e-05
   1369  -4.12300760e-05
   1370  -4.11699191e-05
   1371  -6.25604931e-05
   1372  -6.24693469e-05
   1373  -6.23783997e-05
   1374  -6.22876510e-05
   1375  -6.21971002e-05
   1376  -7.60525577e-05
   1377  -7.59421566e-05
   1378  -7.58319958e-05
   1379  -7.57220744e-05
   1380  -7.56123919e-05
   1381  -7.54752966e-05
   1382  -7.53661297e-05
   1383  -7.52571994e-05
   1384  -7.51485051e-05
   1385  -7.50400462e-05
   1386  -7.36634454e-05
   1387  -7.35572830e-05
   1388  -7.34513499e-05
   1389  -7.33456455e-05
   1390  -7.32401691e-05
   1391  -6.28324146e-05
   1392  -6.27421868e-05
   1393  -6.26521531e-05
   1394  -6.25623132e-05
   1395  -6.24726663e-05
   1396  -5.39733643e-05
   1397  -5.38961353e-05
   1398  -5.38190721e-05
   1399  -5.37421740e-05
   1400  -5.36654405e-05
   1401  -4.15181960e-05
   1402  -4.14590006e-05
   1403  -4.13999317e-05
   1404  -4.13409889e-05
   1405  -4.12821720e-05
   1406  -2.96950156e-05
   1407  -2.96528277e-05
   1408  -2.96107296e-05
   1409  -2.95687211e-05
   1410  -2.95268020e-05
   1411  -2.23738586e-05
   1412  -2.23421844e-05
   1413  -2.23105774e-05
   1414  -2.22790375e-05
   1415  -2.22475643e-05
   1416  -1.70673456e-05
   1417  -1.70432689e-05
   1418  -1.70192432e-05
   1419  -1.69952682e-05
   1420  -1.69713438e-05
   1421  -1.43295268e-05
   1422  -1.43093834e-05
   1423  -1.42892824e-05
   1424  -1.42692237e-05
   1425  -1.42492073e-05
   1426  -1.33227010e-05
   1427  -1.33040385e-05
   1428  -1.32854151e-05
   1429  -1.32668309e-05
   1430  -1.32482856e-05
   1431  -1.27994826e-05
   1432  -1.27816156e-05
   1433  -1.27637860e-05
   1434  -1.27459937e-05
   1435  -1.27282385e-05
   1436  -1.33511434e-05
   1437  -1.33325711e-05
   1438  -1.33140376e-05
   1439  -1.32955426e-05
   1440  -1.32770862e-05
   1441  -1.34563876e-05
   1442  -1.34377338e-05
   1443  -1.34191188e-05
   1444  -1.34005424e-05
   1445  -1.33820046e-05
   1446  -1.34605724e-05
   1447  -1.34419773e-05
   1448  -1.34234206e-05
   1449  -1.34049024e-05
   1450  -1.33864224e-05
   1451  -1.30311377e-05
   1452  -1.30131977e-05
   1453  -1.29952948e-05
   1454  -1.29774287e-05
   1455  -1.29595995e-05
   1456  -1.22840761e-05
   1457  -1.22672227e-05
   1458  -1.22504038e-05
   1459  -1.22336196e-05
   1460  -1.22168698e-05
   1461  -1.30750693e-05
   1462  -1.30571919e-05
   1463  -1.30393512e-05
   1464  -1.30215470e-05
   1465  -1.30037793e-05
   1466  -1.29172031e-05
   1467  -1.28996017e-05
   1468  -1.28820363e-05
   1469  -1.28645067e-05
   1470  -1.28470129e-05
   1471  -1.39672768e-05
   1472  -1.39483092e-05
   1473  -1.39293802e-05
   1474  -1.39104897e-05
   1475  -1.38916376e-05
   1476  -1.41235567e-05
   1477  -1.41044418e-05
   1478  -1.40853656e-05
   1479  -1.40663281e-05
   1480  -1.40473292e-05
   1481  -1.48038694e-05
   1482  -1.47839013e-05
   1483  -1.47639735e-05
   1484  -1.47440860e-05
   1485  -1.47242387e-05
   1486  -1.51810369e-05
   1487  -1.51606289e-05
   1488  -1.51402620e-05
   1489  -1.51199361e-05
   1490  -1.50996510e-05
   1491  -1.42347715e-05
   1492  -1.42156996e-05
   1493  -1.41966661e-05
   1494  -1.41776707e-05
   1495  -1.41587134e-05
   1496  -1.33835232e-05
   1497  -1.33656517e-05
   1498  -1.33478160e-05
   1499  -1.33300159e-05
   1500  -1.33122515e-05
   1501  -1.22181206e-05
   1502  -1.22018595e-05
   1503  -1.21856310e-05
   1504  -1.21694348e-05
   1505  -1.21532708e-05
   1506  -1.13676684e-05
   1507  -1.13525894e-05
   1508  -1.13375404e-05
   1509  -1.13225213e-05
   1510  -1.13075320e-05
   1511  -1.09702399e-05
   1512  -1.09557362e-05
   1513  -1.09412612e-05
   1514  -1.09268149e-05
   1515  -1.09123972e-05
   1516  -1.03541408e-05
   1517  -1.03404967e-05
   1518  -1.03268796e-05
   1519  -1.03132894e-05
   1520  -1.02997259e-05
   1521  -1.04302896e-05
   1522  -1.04165903e-05
   1523  -1.04029180e-05
   1524  -1.03892726e-05
   1525  -1.03756540e-05
   1526  -1.07697269e-05
   1527  -1.07556281e-05
   1528  -1.07415569e-05
   1529  -1.07275134e-05
   1530  -1.07134974e-05
   1531  -1.06229348e-05
   1532  -1.06090736e-05
   1533  -1.05952394e-05
   1534  -1.05814323e-05
   1535  -1.05676521e-05
   1536  -1.05109051e-05
   1537  -1.04972346e-05
   1538  -1.04835908e-05
   1539  -1.04699735e-05
   1540  -1.04563828e-05
   1541  -1.00665333e-05
   1542  -1.00534831e-05
   1543  -1.00404584e-05
   1544  -1.00274589e-05
   1545  -1.00144847e-05
   1546  -1.04671766e-05
   1547  -1.04536510e-05
   1548  -1.04401515e-05
   1549  -1.04266782e-05
   1550  -1.04132309e-05
   1551  -9.77338850e-06
   1552  -9.76080001e-06
   1553  -9.74823583e-06
   1554  -9.73569589e-06
   1555  -9.72318013e-06
   1556  -9.74122940e-06
   1557  -9.72872260e-06
   1558  -9.71623988e-06
   1559  -9.70378117e-06
   1560  -9.69134640e-06
   1561  -9.42491498e-06
   1562  -9.41285302e-06
   1563  -9.40081420e-06
   1564  -9.38879846e-06
   1565  -9.37680574e-06
   1566  -9.25616413e-06
   1567  -9.24435592e-06
   1568  -9.23257029e-06
   1569  -9.22080718e-06
   1570  -9.20906654e-06
   1571  -9.31756360e-06
   1572  -9.30571485e-06
   1573  -9.29388868e-06
   1574  -9.28208504e-06
   1575  -9.27030388e-06
   1576  -9.41492929e-06
   1577  -9.40299467e-06
   1578  -9.39108272e-06
   1579  -9.37919339e-06
   1580  -9.36732663e-06
   1581  -9.35598278e-06
   1582  -9.34416034e-06
   1583  -9.33236030e-06
   1584  -9.32058259e-06
   1585  -9.30882717e-06
   1586  -9.47227372e-06
   1587  -9.46034202e-06
   1588  -9.44843286e-06
   1589  -9.43654617e-06
   1590  -9.42468190e-06
   1591  -9.24884093e-06
   1592  -9.23722726e-06
   1593  -9.22563544e-06
   1594  -9.21406544e-06
   1595  -9.20251718e-06
   1596  -9.06251829e-06
   1597  -9.05117419e-06
   1598  -9.03985138e-06
   1599  -9.02854980e-06
   1600  -9.01726940e-06
   1601  -8.75789532e-06
   1602  -8.74696673e-06
   1603  -8.73605859e-06
   1604  -8.72517084e-06
   1605  -8.71430343e-06
   1606  -8.52434405e-06
   1607  -8.51373998e-06
   1608  -8.50315569e-06
   1609  -8.49259113e-06
   1610  -8.48204624e-06
   1611  -8.59622319e-06
   1612  -8.58556286e-06
   1613  -8.57492235e-06
   1614  -8.56430160e-06
   1615  -8.55370058e-06
   1616  -8.38100363e-06
   1617  -8.37064232e-06
   1618  -8.36030022e-06
   1619  -8.34997727e-06
   1620  -8.33967343e-06
   1621  -8.41251256e-06
   1622  -8.40214435e-06
   1623  -8.39179529e-06
   1624  -8.38146533e-06
   1625  -8.37115444e-06
   1626  -8.30401859e-06
   1627  -8.29381553e-06
   1628  -8.28363126e-06
   1629  -8.27346573e-06
   1630  -8.26331891e-06
   1631  -8.55207718e-06
   1632  -8.54160151e-06
   1633  -8.53114507e-06
   1634  -8.52070782e-06
   1635  -8.51028972e-06
   1636  -8.33104788e-06
   1637  -8.32087411e-06
   1638  -8.31071896e-06
   1639  -8.30058239e-06
   1640  -8.29046436e-06
   1641  -8.37145142e-06
   1642  -8.36125942e-06
   1643  -8.35108603e-06
   1644  -8.34093119e-06
   1645  -8.33079486e-06
   1646  -8.04875499e-06
   1647  -8.03898560e-06
   1648  -8.02923399e-06
   1649  -8.01950011e-06
   1650  -8.00978392e-06
   1651  -8.02203378e-06
   1652  -8.01232628e-06
   1653  -8.00263639e-06
   1654  -7.99296407e-06
   1655  -7.98330927e-06
   1656  -7.73962680e-06
   1657  -7.73028929e-06
   1658  -7.72096867e-06
   1659  -7.71166490e-06
   1660  -7.70237794e-06
   1661  -7.45693158e-06
   1662  -7.44796218e-06
   1663  -7.43900896e-06
   1664  -7.43007187e-06
   1665  -7.42115088e-06
   1666  -7.66311939e-06
   1667  -7.65392962e-06
   1668  -7.64475637e-06
   1669  -7.63559961e-06
   1670  -7.62645928e-06
   1671  -7.61948254e-06
   1672  -7.61037241e-06
   1673  -7.60127861e-06
   1674  -7.59220111e-06
   1675  -7.58313985e-06
   1676  -7.80343970e-06
   1677  -7.79413744e-06
   1678  -7.78485179e-06
   1679  -7.77558273e-06
   1680  -7.76633022e-06
   1681  -7.68045297e-06
   1682  -7.67132452e-06
   1683  -7.66221233e-06
   1684  -7.65311636e-06
   1685  -7.64403659e-06
   1686  -7.65006573e-06
   1687  -7.64100033e-06
   1688  -7.63195103e-06
   1689  -7.62291780e-06
   1690  -7.61390060e-06
   1691  -7.57961196e-06
   1692  -7.57065657e-06
   1693  -7.56171705e-06
   1694  -7.55279336e-06
   1695  -7.54388545e-06
   1696  -7.42123760e-06
   1697  -7.41249516e-06
   1698  -7.40376816e-06
   1699  -7.39505657e-06
   1700  -7.38636034e-06
   1701  -7.29626404e-06
   1702  -7.28769407e-06
   1703  -7.27913918e-06
   1704  -7.27059935e-06
   1705  -7.26207454e-06
   1706  -7.03503524e-06
   1707  -7.02679628e-06
   1708  -7.01857180e-06
   1709  -7.01036174e-06
   1710  -7.00216608e-06
   1711  -6.89683204e-06
   1712  -6.88877852e-06
   1713  -6.88073910e-06
   1714  -6.87271375e-06
   1715  -6.86470242e-06
   1716  -6.96688148e-06
   1717  -6.95876984e-06
   1718  -6.95067236e-06
   1719  -6.94258901e-06
   1720  -6.93451975e-06
   1721  -6.82591212e-06
   1722  -6.81798768e-06
   1723  -6.81007703e-06
   1724  -6.80218015e-06
   1725  -6.79429699e-06
   1726  -7.08745408e-06
   1727  -7.07924982e-06
   1728  -7.07105980e-06
   1729  -7.06288398e-06
   1730  -7.05472234e-06
   1731  -6.91811197e-06
   1732  -6.91012684e-06
   1733  -6.90215554e-06
   1734  -6.89419802e-06
   1735  -6.88625425e-06
   1736  -6.99636089e-06
   1737  -6.98830869e-06
   1738  -6.98027037e-06
   1739  -6.97224592e-06
   1740  -6.96423530e-06
   1741  -6.92027536e-06
   1742  -6.91233357e-06
   1743  -6.90440545e-06
   1744  -6.89649096e-06
   1745  -6.88859006e-06
   1746  -6.62012845e-06
   1747  -6.61255285e-06
   1748  -6.60499024e-06
   1749  -6.59744060e-06
   1750  -6.58990390e-06
   1751  -6.54312537e-06
   1752  -6.53565925e-06
   1753  -6.52820589e-06
   1754  -6.52076528e-06
   1755  -6.51333739e-06
   1756  -6.27378276e-06
   1757  -6.26664433e-06
   1758  -6.25951809e-06
   1759  -6.25240399e-06
   1760  -6.24530201e-06
   1761  -6.29583245e-06
   1762  -6.28868926e-06
   1763  -6.28155821e-06
   1764  -6.27443929e-06
   1765  -6.26733247e-06
   1766  -6.09022558e-06
   1767  -6.08333521e-06
   1768  -6.07645652e-06
   1769  -6.06958950e-06
   1770  -6.06273411e-06
   1771  -6.11574418e-06
   1772  -6.10884445e-06
   1773  -6.10195640e-06
   1774  -6.09507999e-06
   1775  -6.08821519e-06
   1776  -6.26689205e-06
   1777  -6.25984169e-06
   1778  -6.25280322e-06
   1779  -6.24577661e-06
   1780  -6.23876184e-06
   1781  -6.13203457e-06
   1782  -6.12515527e-06
   1783  -6.11828754e-06
   1784  -6.11143136e-06
   1785  -6.10458669e-06
   1786  -6.15003001e-06
   1787  -6.14314982e-06
   1788  -6.13628117e-06
   1789  -6.12942403e-06
   1790  -6.12257838e-06
   1791  -5.92246317e-06
   1792  -5.91585604e-06
   1793  -5.90925997e-06
   1794  -5.90267492e-06
   1795  -5.89610087e-06
   1796  -5.78957436e-06
   1797  -5.78313345e-06
   1798  -5.77670328e-06
   1799  -5.77028383e-06
   1800  -5.76387508e-06
   1801  -5.55890356e-06
   1802  -5.55273642e-06
   1803  -5.54657954e-06
   1804  -5.54043290e-06
   1805  -5.53429646e-06
   1806  -5.27057910e-06
   1807  -5.26474801e-06
   1808  -5.25892659e-06
   1809  -5.25311481e-06
   1810  -5.24731267e-06
   1811  -5.14665323e-06
   1812  -5.14097494e-06
   1813  -5.13530605e-06
   1814  -5.12964653e-06
   1815  -5.12399637e-06
   1816  -5.00386780e-06
   1817  -4.99836224e-06
   1818  -4.99286576e-06
   1819  -4.98737834e-06
   1820  -4.98189996e-06
   1821  -5.13561276e-06
   1822  -5.12997775e-06
   1823  -5.12435200e-06
   1824  -5.11873550e-06
   1825  -5.11312824e-06
   1826  -5.03206400e-06
   1827  -5.02655771e-06
   1828  -5.02106045e-06
   1829  -5.01557220e-06
   1830  -5.01009295e-06
   1831  -5.01938484e-06
   1832  -5.01390740e-06
   1833  -5.00843893e-06
   1834  -5.00297940e-06
   1835  -4.99752878e-06
   1836  -5.02042962e-06
   1837  -5.01496595e-06
   1838  -5.00951119e-06
   1839  -5.00406533e-06
   1840  -4.99862835e-06
   1841  -4.88557856e-06
   1842  -4.88027608e-06
   1843  -4.87498222e-06
   1844  -4.86969697e-06
   1845  -4.86442031e-06
   1846  -4.76918952e-06
   1847  -4.76402736e-06
   1848  -4.75887358e-06
   1849  -4.75372815e-06
   1850  -4.74859107e-06
   1851  -4.53678930e-06
   1852  -4.53189195e-06
   1853  -4.52700251e-06
   1854  -4.52212099e-06
   1855  -4.51724736e-06
   1856  -4.37878334e-06
   1857  -4.37406926e-06
   1858  -4.36936280e-06
   1859  -4.36466393e-06
   1860  -4.35997264e-06
   1861  -4.28695957e-06
   1862  -4.28235674e-06
   1863  -4.27776132e-06
   1864  -4.27317329e-06
   1865  -4.26859264e-06
   1866  -4.22796922e-06
   1867  -4.22344188e-06
   1868  -4.21892181e-06
   1869  -4.21440899e-06
   1870  -4.20990341e-06
   1871  -4.27326511e-06
   1872  -4.26870148e-06
   1873  -4.26414517e-06
   1874  -4.25959614e-06
   1875  -4.25505439e-06
   1876  -4.15688502e-06
   1877  -4.15245750e-06
   1878  -4.14803705e-06
   1879  -4.14362366e-06
   1880  -4.13921731e-06
   1881  -4.20906244e-06
   1882  -4.20459126e-06
   1883  -4.20012719e-06
   1884  -4.19567023e-06
   1885  -4.19122036e-06
   1886  -4.09865662e-06
   1887  -4.09431425e-06
   1888  -4.08997878e-06
   1889  -4.08565018e-06
   1890  -4.08132846e-06
   1891  -3.98705564e-06
   1892  -3.98284266e-06
   1893  -3.97863636e-06
   1894  -3.97443672e-06
   1895  -3.97024372e-06
   1896  -3.89849321e-06
   1897  -3.89438467e-06
   1898  -3.89028262e-06
   1899  -3.88618704e-06
   1900  -3.88209793e-06
   1901  -3.58327321e-06
   1902  -3.57950680e-06
   1903  -3.57574632e-06
   1904  -3.57199176e-06
   1905  -3.56824312e-06
   1906  -3.45567156e-06
   1907  -3.45204879e-06
   1908  -3.44843171e-06
   1909  -3.44482031e-06
   1910  -3.44121459e-06
   1911  -3.35678170e-06
   1912  -3.35327180e-06
   1913  -3.34976740e-06
   1914  -3.34626849e-06
   1915  -3.34277506e-06
   1916  -3.25420023e-06
   1917  -3.25080646e-06
   1918  -3.24741800e-06
   1919  -3.24403483e-06
   1920  -3.24065695e-06
   1921  -3.22967388e-06
   1922  -3.22631445e-06
   1923  -3.22296026e-06
   1924  -3.21961129e-06
   1925  -3.21626755e-06
   1926  -3.19281300e-06
   1927  -3.18950053e-06
   1928  -3.18619320e-06
   1929  -3.18289102e-06
   1930  -3.17959397e-06
   1931  -3.23763755e-06
   1932  -3.23428726e-06
   1933  -3.23094216e-06
   1934  -3.22760226e-06
   1935  -3.22426753e-06
   1936  -3.12974470e-06
   1937  -3.12651441e-06
   1938  -3.12328913e-06
   1939  -3.12006882e-06
   1940  -3.11685350e-06
   1941  -3.06236470e-06
   1942  -3.05921209e-06
   1943  -3.05606435e-06
   1944  -3.05292146e-06
   1945  -3.04978342e-06
   1946  -2.94949334e-06
   1947  -2.94646472e-06
   1948  -2.94344077e-06
   1949  -2.94042147e-06
   1950  -2.93740681e-06
   1951  -2.71699831e-06
   1952  -2.71421557e-06
   1953  -2.71143710e-06
   1954  -2.70866290e-06
   1955  -2.70589295e-06
   1956  -2.70028587e-06
   1957  -2.69752731e-06
   1958  -2.69477297e-06
   1959  -2.69202285e-06
   1960  -2.68927694e-06
   1961  -2.47816613e-06
   1962  -2.47564093e-06
   1963  -2.47311959e-06
   1964  -2.47060210e-06
   1965  -2.46808845e-06
   1966  -2.50559332e-06
   1967  -2.50304666e-06
   1968  -2.50050388e-06
   1969  -2.49796498e-06
   1970  -2.49542994e-06
   1971  -2.46636012e-06
   1972  -2.46385970e-06
   1973  -2.46136307e-06
   1974  -2.45887023e-06
   1975  -2.45638118e-06
   1976  -2.42523025e-06
   1977  -2.42277774e-06
   1978  -2.42032894e-06
   1979  -2.41788386e-06
   1980  -2.41544248e-06
   1981  -2.41614378e-06
   1982  -2.41370661e-06
   1983  -2.41127313e-06
   1984  -2.40884333e-06
   1985  -2.40641720e-06
   1986  -2.34305731e-06
   1987  -2.34069981e-06
   1988  -2.33834587e-06
   1989  -2.33599548e-06
   1990  -2.33364863e-06
   1991  -2.31712560e-06
   1992  -2.31480005e-06
   1993  -2.31247799e-06
   1994  -2.31015942e-06
   1995  -2.30784435e-06
   1996  -2.15174318e-06
   1997  -2.14958901e-06
   1998  -2.14743808e-06
   1999  -2.14529037e-06
   2000  -2.14314589e-06
   2001  -2.00573414e-06
   2002  -2.00373116e-06
   2003  -2.00173117e-06
   2004  -1.99973419e-06
   2005  -1.99774018e-06
   2006  -1.89557023e-06
   2007  -1.89368197e-06
   2008  -1.89179654e-06
   2009  -1.88991392e-06
   2010  -1.88803411e-06
   2011  -1.78361286e-06
   2012  -1.78184055e-06
   2013  -1.78007087e-06
   2014  -1.77830383e-06
   2015  -1.77653943e-06
   2016  -1.76530859e-06
   2017  -1.76355881e-06
   2018  -1.76181163e-06
   2019  -1.76006704e-06
   2020  -1.75832505e-06
   2021  -1.71514334e-06
   2022  -1.71344749e-06
   2023  -1.71175415e-06
   2024  -1.71006332e-06
   2025  -1.70837499e-06
   2026  -1.67410479e-06
   2027  -1.67245360e-06
   2028  -1.67080484e-06
   2029  -1.66915853e-06
   2030  -1.66751464e-06
   2031  -1.69596345e-06
   2032  -1.69429481e-06
   2033  -1.69262864e-06
   2034  -1.69096492e-06
   2035  -1.68930365e-06
   2036  -1.61992925e-06
   2037  -1.61833933e-06
   2038  -1.61675175e-06
   2039  -1.61516650e-06
   2040  -1.61358359e-06
   2041  -1.60726251e-06
   2042  -1.60568888e-06
   2043  -1.60411756e-06
   2044  -1.60254855e-06
   2045  -1.60098184e-06
   2046  -1.47328665e-06
   2047  -1.47184772e-06
   2048  -1.47041090e-06
   2049  -1.46897618e-06
   2050  -1.46754355e-06
   2051  -1.38388912e-06
   2052  -1.38254079e-06
   2053  -1.38119443e-06
   2054  -1.37985004e-06
   2055  -1.37850761e-06
   2056  -1.30667029e-06
   2057  -1.30540029e-06
   2058  -1.30413214e-06
   2059  -1.30286584e-06
   2060  -1.30160138e-06
   2061  -1.23689333e-06
   2062  -1.23569406e-06
   2063  -1.23449654e-06
   2064  -1.23330076e-06
   2065  -1.23210671e-06
   2066  -1.20947469e-06
   2067  -1.20830485e-06
   2068  -1.20713670e-06
   2069  -1.20597024e-06
   2070  -1.20480547e-06
   2071  -1.15692540e-06
   2072  -1.15580908e-06
   2073  -1.15469438e-06
   2074  -1.15358128e-06
   2075  -1.15246980e-06
   2076  -1.17236195e-06
   2077  -1.17123346e-06
   2078  -1.17010660e-06
   2079  -1.16898136e-06
   2080  -1.16785774e-06
   2081  -1.15553360e-06
   2082  -1.15442398e-06
   2083  -1.15331595e-06
   2084  -1.15220952e-06
   2085  -1.15110468e-06
   2086  -1.14269680e-06
   2087  -1.14160213e-06
   2088  -1.14050904e-06
   2089  -1.13941751e-06
   2090  -1.13832755e-06
   2091  -1.05438478e-06
   2092  -1.05337712e-06
   2093  -1.05237091e-06
   2094  -1.05136614e-06
   2095  -1.05036281e-06
   2096  -1.00035868e-06
   2097  -9.99404939e-07
   2098  -9.98452558e-07
   2099  -9.97501537e-07
   2100  -9.96551875e-07
   2101  -9.16895250e-07
   2102  -9.16023159e-07
   2103  -9.15152311e-07
   2104  -9.14282704e-07
   2105  -9.13414336e-07
   2106  -8.32610783e-07
   2107  -8.31820736e-07
   2108  -8.31031813e-07
   2109  -8.30244011e-07
   2110  -8.29457330e-07
   2111  -7.95135129e-07
   2112  -7.94382427e-07
   2113  -7.93630794e-07
   2114  -7.92880227e-07
   2115  -7.92130724e-07
   2116  -7.62962835e-07
   2117  -7.62242294e-07
   2118  -7.61522774e-07
   2119  -7.60804271e-07
   2120  -7.60086785e-07
   2121  -7.41102443e-07
   2122  -7.40404196e-07
   2123  -7.39706934e-07
   2124  -7.39010658e-07
   2125  -7.38315364e-07
   2126  -7.23705959e-07
   2127  -7.23025704e-07
   2128  -7.22346408e-07
   2129  -7.21668069e-07
   2130  -7.20990685e-07
   2131  -7.13384293e-07
   2132  -7.12715312e-07
   2133  -7.12047272e-07
   2134  -7.11380171e-07
   2135  -7.10714006e-07
   2136  -7.08089670e-07
   2137  -7.07427208e-07
   2138  -7.06765674e-07
   2139  -7.06105068e-07
   2140  -7.05445388e-07
   2141  -6.70981242e-07
   2142  -6.70354961e-07
   2143  -6.69729557e-07
   2144  -6.69105028e-07
   2145  -6.68481372e-07
   2146  -6.27529678e-07
   2147  -6.26945318e-07
   2148  -6.26361774e-07
   2149  -6.25779044e-07
   2150  -6.25197127e-07
   2151  -5.67083711e-07
   2152  -5.66556866e-07
   2153  -5.66030754e-07
   2154  -5.65505374e-07
   2155  -5.64980726e-07
   2156  -5.29983397e-07
   2157  -5.29492160e-07
   2158  -5.29001606e-07
   2159  -5.28511733e-07
   2160  -5.28022540e-07
   2161  -5.19942233e-07
   2162  -5.19461418e-07
   2163  -5.18981268e-07
   2164  -5.18501785e-07
   2165  -5.18022965e-07
   2166  -4.87372842e-07
   2167  -4.86923185e-07
   2168  -4.86474149e-07
   2169  -4.86025734e-07
   2170  -4.85577939e-07
   2171  -4.84459559e-07
   2172  -4.84013617e-07
   2173  -4.83568292e-07
   2174  -4.83123580e-07
   2175  -4.82679482e-07
   2176  -4.66213294e-07
   2177  -4.65785134e-07
   2178  -4.65357563e-07
   2179  -4.64930580e-07
   2180  -4.64504185e-07
   2181  -4.65030949e-07
   2182  -4.64604852e-07
   2183  -4.64179341e-07
   2184  -4.63754415e-07
   2185  -4.63330071e-07
   2186  -4.53702238e-07
   2187  -4.53287472e-07
   2188  -4.52873274e-07
   2189  -4.52459644e-07
   2190  -4.52046580e-07
   2191  -4.22431536e-07
   2192  -4.22046238e-07
   2193  -4.21661466e-07
   2194  -4.21277221e-07
   2195  -4.20893500e-07
   2196  -3.99164842e-07
   2197  -3.98801594e-07
   2198  -3.98438841e-07
   2199  -3.98076582e-07
   2200  -3.97714818e-07
   2201  -3.52984587e-07
   2202  -3.52664092e-07
   2203  -3.52344034e-07
   2204  -3.52024412e-07
   2205  -3.51705224e-07
   2206  -3.29221936e-07
   2207  -3.28923694e-07
   2208  -3.28625857e-07
   2209  -3.28328425e-07
   2210  -3.28031396e-07
   2211  -3.04235758e-07
   2212  -3.03960774e-07
   2213  -3.03686162e-07
   2214  -3.03411922e-07
   2215  -3.03138054e-07
   2216  -2.87543583e-07
   2217  -2.87284272e-07
   2218  -2.87025311e-07
   2219  -2.86766701e-07
   2220  -2.86508440e-07
   2221  -2.85268998e-07
   2222  -2.85012317e-07
   2223  -2.84755982e-07
   2224  -2.84499993e-07
   2225  -2.84244349e-07
   2226  -2.72981956e-07
   2227  -2.72736882e-07
   2228  -2.72492137e-07
   2229  -2.72247722e-07
   2230  -2.72003636e-07
   2231  -2.72149927e-07
   2232  -2.71906147e-07
   2233  -2.71662694e-07
   2234  -2.71419568e-07
   2235  -2.71176769e-07
   2236  -2.64075278e-07
   2237  -2.63839260e-07
   2238  -2.63603557e-07
   2239  -2.63368171e-07
   2240  -2.63133099e-07
   2241  -2.47182596e-07
   2242  -2.46962168e-07
   2243  -2.46742035e-07
   2244  -2.46522196e-07
   2245  -2.46302650e-07
   2246  -2.44705234e-07
   2247  -2.44487501e-07
   2248  -2.44270058e-07
   2249  -2.44052904e-07
   2250  -2.43836041e-07
   2251  -2.20137067e-07
   2252  -2.19941628e-07
   2253  -2.19746450e-07
   2254  -2.19551531e-07
   2255  -2.19356872e-07
   2256  -2.09763791e-07
   2257  -2.09577974e-07
   2258  -2.09392404e-07
   2259  -2.09207081e-07
   2260  -2.09022003e-07
   2261  -1.98785134e-07
   2262  -1.98609431e-07
   2263  -1.98433962e-07
   2264  -1.98258725e-07
   2265  -1.98083720e-07
   2266  -1.93544982e-07
   2267  -1.93374288e-07
   2268  -1.93203821e-07
   2269  -1.93033578e-07
   2270  -1.92863561e-07
   2271  -1.92589158e-07
   2272  -1.92419681e-07
   2273  -1.92250428e-07
   2274  -1.92081398e-07
   2275  -1.91912591e-07
   2276  -1.84461303e-07
   2277  -1.84299335e-07
   2278  -1.84137580e-07
   2279  -1.83976038e-07
   2280  -1.83814709e-07
   2281  -1.88245858e-07
   2282  -1.88080929e-07
   2283  -1.87916217e-07
   2284  -1.87751720e-07
   2285  -1.87587440e-07
   2286  -1.83172633e-07
   2287  -1.83012500e-07
   2288  -1.82852576e-07
   2289  -1.82692862e-07
   2290  -1.82533357e-07
   2291  -1.79204274e-07
   2292  -1.79047951e-07
   2293  -1.78891833e-07
   2294  -1.78735919e-07
   2295  -1.78580209e-07
   2296  -1.73812306e-07
   2297  -1.73661017e-07
   2298  -1.73509925e-07
   2299  -1.73359031e-07
   2300  -1.73208333e-07
   2301  -1.66158944e-07
   2302  -1.66014630e-07
   2303  -1.65870505e-07
   2304  -1.65726567e-07
   2305  -1.65582816e-07
   2306  -1.67784362e-07
   2307  -1.67638952e-07
   2308  -1.67493732e-07
   2309  -1.67348700e-07
   2310  -1.67203856e-07
   2311  -1.59956653e-07
   2312  -1.59818327e-07
   2313  -1.59680180e-07
   2314  -1.59542213e-07
   2315  -1.59404424e-07
   2316  -1.59399216e-07
   2317  -1.59261669e-07
   2318  -1.59124301e-07
   2319  -1.58987110e-07
   2320  -1.58850096e-07
   2321  -1.56744893e-07
   2322  -1.56609928e-07
   2323  -1.56475137e-07
   2324  -1.56340521e-07
   2325  -1.56206078e-07
   2326  -1.56766520e-07
   2327  -1.56631826e-07
   2328  -1.56497306e-07
   2329  -1.56362959e-07
   2330  -1.56228785e-07
   2331  -1.58246775e-07
   2332  -1.58111101e-07
   2333  -1.57975601e-07
   2334  -1.57840275e-07
   2335  -1.57705124e-07
   2336  -1.54565503e-07
   2337  -1.54433269e-07
   2338  -1.54301204e-07
   2339  -1.54169308e-07
   2340  -1.54037582e-07
   2341  -1.57328661e-07
   2342  -1.57194350e-07
   2343  -1.57060211e-07
   2344  -1.56926243e-07
   2345  -1.56792447e-07
   2346  -1.57514704e-07
   2347  -1.57380521e-07
   2348  -1.57246509e-07
   2349  -1.57112668e-07
   2350  -1.56978997e-07
   2351  -1.59502987e-07
   2352  -1.59367398e-07
   2353  -1.59231983e-07
   2354  -1.59096739e-07
   2355  -1.58961668e-07
   2356  -1.57434202e-07
   2357  -1.57300655e-07
   2358  -1.57167279e-07
   2359  -1.57034072e-07
   2360  -1.56901035e-07
   2361  -1.57810334e-07
   2362  -1.57676753e-07
   2363  -1.57543340e-07
   2364  -1.57410097e-07
   2365  -1.57277023e-07
   2366  -1.61486955e-07
   2367  -1.61350550e-07
   2368  -1.61214317e-07
   2369  -1.61078257e-07
   2370  -1.60942369e-07
   2371  -1.60488222e-07
   2372  -1.60352946e-07
   2373  -1.60217841e-07
   2374  -1.60082906e-07
   2375  -1.59948142e-07
   2376  -1.61764744e-07
   2377  -1.61628678e-07
   2378  -1.61492784e-07
   2379  -1.61357062e-07
   2380  -1.61221510e-07
   2381  -1.62944370e-07
   2382  -1.62807600e-07
   2383  -1.62671002e-07
   2384  -1.62534576e-07
   2385  -1.62398321e-07
   2386  -1.62674798e-07
   2387  -1.62538541e-07
   2388  -1.62402454e-07
   2389  -1.62266538e-07
   2390  -1.62130793e-07
   2391  -1.70264172e-07
   2392  -1.70121855e-07
   2393  -1.69979716e-07
   2394  -1.69837756e-07
   2395  -1.69695974e-07
   2396  -1.68702252e-07
   2397  -1.68561535e-07
   2398  -1.68420994e-07
   2399  -1.68280629e-07
   2400  -1.68140439e-07
   2401  -1.76547139e-07
   2402  -1.76400185e-07
   2403  -1.76253414e-07
   2404  -1.76106827e-07
   2405  -1.75960422e-07
   2406  -1.78437159e-07
   2407  -1.78288940e-07
   2408  -1.78140906e-07
   2409  -1.77993056e-07
   2410  -1.77845390e-07
   2411  -1.82831984e-07
   2412  -1.82680430e-07
   2413  -1.82529063e-07
   2414  -1.82377885e-07
   2415  -1.82226894e-07
   2416  -1.86005789e-07
   2417  -1.85851922e-07
   2418  -1.85698246e-07
   2419  -1.85544760e-07
   2420  -1.85391465e-07
   2421  -1.84332130e-07
   2422  -1.84179962e-07
   2423  -1.84027983e-07
   2424  -1.83876191e-07
   2425  -1.83724588e-07
   2426  -1.88506760e-07
   2427  -1.88351466e-07
   2428  -1.88196365e-07
   2429  -1.88041455e-07
   2430  -1.87886736e-07
   2431  -1.86141574e-07
   2432  -1.85988544e-07
   2433  -1.85835703e-07
   2434  -1.85683051e-07
   2435  -1.85530586e-07
   2436  -1.90946312e-07
   2437  -1.90789654e-07
   2438  -1.90633189e-07
   2439  -1.90476916e-07
   2440  -1.90320836e-07
   2441  -1.95370190e-07
   2442  -1.95210231e-07
   2443  -1.95050468e-07
   2444  -1.94890901e-07
   2445  -1.94731530e-07
   2446  -1.97137983e-07
   2447  -1.96976906e-07
   2448  -1.96816026e-07
   2449  -1.96655344e-07
   2450  -1.96494858e-07
   2451  -2.06730253e-07
   2452  -2.06561683e-07
   2453  -2.06393319e-07
   2454  -2.06225160e-07
   2455  -2.06057207e-07
   2456  -2.12176956e-07
   2457  -2.12004296e-07
   2458  -2.11831848e-07
   2459  -2.11659609e-07
   2460  -2.11487581e-07
   2461  -2.17027435e-07
   2462  -2.16851187e-07
   2463  -2.16675154e-07
   2464  -2.16499335e-07
   2465  -2.16323730e-07
   2466  -2.17484406e-07
   2467  -2.17308145e-07
   2468  -2.17132098e-07
   2469  -2.16956264e-07
   2470  -2.16780645e-07
   2471  -2.15734481e-07
   2472  -2.15559991e-07
   2473  -2.15385714e-07
   2474  -2.15211647e-07
   2475  -2.15037791e-07
   2476  -2.19895177e-07
   2477  -2.19717682e-07
   2478  -2.19540401e-07
   2479  -2.19363334e-07
   2480  -2.19186482e-07
   2481  -2.17308003e-07
   2482  -2.17132949e-07
   2483  -2.16958106e-07
   2484  -2.16783475e-07
   2485  -2.16609054e-07
   2486  -2.24554254e-07
   2487  -2.24373726e-07
   2488  -2.24193415e-07
   2489  -2.24013322e-07
   2490  -2.23833446e-07
   2491  -2.26394624e-07
   2492  -2.26212982e-07
   2493  -2.26031558e-07
   2494  -2.25850352e-07
   2495  -2.25669364e-07
   2496  -2.30849880e-07
   2497  -2.30665034e-07
   2498  -2.30480409e-07
   2499  -2.30296007e-07
   2500  -2.30111825e-07
   2501  -2.35703318e-07
   2502  -2.35514962e-07
   2503  -2.35326833e-07
   2504  -2.35138928e-07
   2505  -2.34951249e-07
   2506  -2.35860203e-07
   2507  -2.35672098e-07
   2508  -2.35484218e-07
   2509  -2.35296562e-07
   2510  -2.35109131e-07
   2511  -2.47695703e-07
   2512  -2.47498552e-07
   2513  -2.47301636e-07
   2514  -2.47104955e-07
   2515  -2.46908509e-07
   2516  -2.44889988e-07
   2517  -2.44695457e-07
   2518  -2.44501158e-07
   2519  -2.44307090e-07
   2520  -2.44113253e-07
   2521  -2.47632024e-07
   2522  -2.47435705e-07
   2523  -2.47239619e-07
   2524  -2.47043766e-07
   2525  -2.46848146e-07
   2526  -2.45912836e-07
   2527  -2.45718266e-07
   2528  -2.45523926e-07
   2529  -2.45329817e-07
   2530  -2.45135938e-07
   2531  -2.46884091e-07
   2532  -2.46689138e-07
   2533  -2.46494415e-07
   2534  -2.46299923e-07
   2535  -2.46105661e-07
   2536  -2.52051043e-07
   2537  -2.51852402e-07
   2538  -2.51653996e-07
   2539  -2.51455823e-07
   2540  -2.51257885e-07
   2541  -2.52324004e-07
   2542  -2.52125539e-07
   2543  -2.51927308e-07
   2544  -2.51729310e-07
   2545  -2.51531546e-07
   2546  -2.57912922e-07
   2547  -2.57710458e-07
   2548  -2.57508233e-07
   2549  -2.57306246e-07
   2550  -2.57104497e-07
   2551  -2.54142111e-07
   2552  -2.53942998e-07
   2553  -2.53744120e-07
   2554  -2.53545475e-07
   2555  -2.53347063e-07
   2556  -2.61075716e-07
   2557  -2.60871571e-07
   2558  -2.60667666e-07
   2559  -2.60463999e-07
   2560  -2.60260572e-07
   2561  -2.63462128e-07
   2562  -2.63256520e-07
   2563  -2.63051151e-07
   2564  -2.62846023e-07
   2565  -2.62641135e-07
   2566  -2.63424229e-07
   2567  -2.63219050e-07
   2568  -2.63014111e-07
   2569  -2.62809411e-07
   2570  -2.62604950e-07
   2571  -2.69196361e-07
   2572  -2.68987093e-07
   2573  -2.68778070e-07
   2574  -2.68569290e-07
   2575  -2.68360753e-07
   2576  -2.62301732e-07
   2577  -2.62098220e-07
   2578  -2.61894944e-07
   2579  -2.61691905e-07
   2580  -2.61489102e-07
   2581  -2.67400844e-07
   2582  -2.67193777e-07
   2583  -2.66986951e-07
   2584  -2.66780364e-07
   2585  -2.66574018e-07
   2586  -2.67005638e-07
   2587  -2.66799277e-07
   2588  -2.66593154e-07
   2589  -2.66387271e-07
   2590  -2.66181626e-07
   2591  -2.67209599e-07
   2592  -2.67003478e-07
   2593  -2.66797596e-07
   2594  -2.66591952e-07
   2595  -2.66386546e-07
   2596  -2.69376071e-07
   2597  -2.69168679e-07
   2598  -2.68961527e-07
   2599  -2.68754614e-07
   2600  -2.68547939e-07
   2601  -2.63195512e-07
   2602  -2.62993268e-07
   2603  -2.62791257e-07
   2604  -2.62589478e-07
   2605  -2.62387932e-07
   2606  -2.70677330e-07
   2607  -2.70469735e-07
   2608  -2.70262379e-07
   2609  -2.70055262e-07
   2610  -2.69848383e-07
   2611  -2.66610644e-07
   2612  -2.66406559e-07
   2613  -2.66202709e-07
   2614  -2.65999093e-07
   2615  -2.65795710e-07
   2616  -2.71888947e-07
   2617  -2.71681220e-07
   2618  -2.71473731e-07
   2619  -2.71266479e-07
   2620  -2.71059465e-07
   2621  -2.65191657e-07
   2622  -2.64989433e-07
   2623  -2.64787440e-07
   2624  -2.64585678e-07
   2625  -2.64384147e-07
   2626  -2.67321664e-07
   2627  -2.67118203e-07
   2628  -2.66914975e-07
   2629  -2.66711979e-07
   2630  -2.66509214e-07
   2631  -2.72172171e-07
   2632  -2.71965412e-07
   2633  -2.71758889e-07
   2634  -2.71552601e-07
   2635  -2.71346547e-07
   2636  -2.67330205e-07
   2637  -2.67127510e-07
   2638  -2.66925045e-07
   2639  -2.66722810e-07
   2640  -2.66520804e-07
   2641  -2.68300509e-07
   2642  -2.68097463e-07
   2643  -2.67894647e-07
   2644  -2.67692061e-07
   2645  -2.67489705e-07
   2646  -2.67112309e-07
   2647  -2.66910544e-07
   2648  -2.66709007e-07
   2649  -2.66507698e-07
   2650  -2.66306617e-07
   2651  -2.64056220e-07
   2652  -2.63857139e-07
   2653  -2.63658283e-07
   2654  -2.63459652e-07
   2655  -2.63261245e-07
   2656  -2.70167128e-07
   2657  -2.69963823e-07
   2658  -2.69760747e-07
   2659  -2.69557901e-07
   2660  -2.69355283e-07
   2661  -2.61079420e-07
   2662  -2.60883322e-07
   2663  -2.60687446e-07
   2664  -2.60491789e-07
   2665  -2.60296353e-07
   2666  -2.68860722e-07
   2667  -2.68659158e-07
   2668  -2.68457821e-07
   2669  -2.68256710e-07
   2670  -2.68055826e-07
   2671  -2.64650605e-07
   2672  -2.64452569e-07
   2673  -2.64254755e-07
   2674  -2.64057163e-07
   2675  -2.63859792e-07
   2676  -2.60433911e-07
   2677  -2.60239394e-07
   2678  -2.60045094e-07
   2679  -2.59851013e-07
   2680  -2.59657148e-07
   2681  -2.66071189e-07
   2682  -2.65872832e-07
   2683  -2.65674697e-07
   2684  -2.65476783e-07
   2685  -2.65279090e-07
   2686  -2.61485307e-07
   2687  -2.61290731e-07
   2688  -2.61096372e-07
   2689  -2.60902231e-07
   2690  -2.60708305e-07
   2691  -2.65771347e-07
   2692  -2.65573950e-07
   2693  -2.65376772e-07
   2694  -2.65179813e-07
   2695  -2.64983074e-07
   2696  -2.55171406e-07
   2697  -2.54982233e-07
   2698  -2.54793270e-07
   2699  -2.54604516e-07
   2700  -2.54415973e-07
   2701  -2.56441174e-07
   2702  -2.56251410e-07
   2703  -2.56061858e-07
   2704  -2.55872515e-07
   2705  -2.55683383e-07
   2706  -2.55584917e-07
   2707  -2.55396136e-07
   2708  -2.55207565e-07
   2709  -2.55019203e-07
   2710  -2.54831049e-07
   2711  -2.53363641e-07
   2712  -2.53176846e-07
   2713  -2.52990258e-07
   2714  -2.52803876e-07
   2715  -2.52617700e-07
   2716  -2.57434648e-07
   2717  -2.57245201e-07
   2718  -2.57055963e-07
   2719  -2.56866934e-07
   2720  -2.56678114e-07
   2721  -2.46608908e-07
   2722  -2.46427761e-07
   2723  -2.46246814e-07
   2724  -2.46066066e-07
   2725  -2.45885517e-07
   2726  -2.50965716e-07
   2727  -2.50781707e-07
   2728  -2.50597900e-07
   2729  -2.50414295e-07
   2730  -2.50230891e-07
   2731  -2.49931656e-07
   2732  -2.49748740e-07
   2733  -2.49566025e-07
   2734  -2.49383511e-07
   2735  -2.49201196e-07
   2736  -2.43060214e-07
   2737  -2.42882652e-07
   2738  -2.42705284e-07
   2739  -2.42528111e-07
   2740  -2.42351131e-07
   2741  -2.47324992e-07
   2742  -2.47144644e-07
   2743  -2.46964493e-07
   2744  -2.46784539e-07
   2745  -2.46604781e-07
   2746  -2.37428538e-07
   2747  -2.37255721e-07
   2748  -2.37083093e-07
   2749  -2.36910653e-07
   2750  -2.36738402e-07
   2751  -2.37476706e-07
   2752  -2.37304168e-07
   2753  -2.37131818e-07
   2754  -2.36959656e-07
   2755  -2.36787681e-07
   2756  -2.34192515e-07
   2757  -2.34022672e-07
   2758  -2.33853013e-07
   2759  -2.33683539e-07
   2760  -2.33514249e-07
   2761  -2.31101809e-07
   2762  -2.30934511e-07
   2763  -2.30767394e-07
   2764  -2.30600459e-07
   2765  -2.30433704e-07
   2766  -2.31212721e-07
   2767  -2.31045645e-07
   2768  -2.30878750e-07
   2769  -2.30712035e-07
   2770  -2.30545501e-07
   2771  -2.23318394e-07
   2772  -2.23157314e-07
   2773  -2.22996407e-07
   2774  -2.22835674e-07
   2775  -2.22675116e-07
   2776  -2.28861537e-07
   2777  -2.28696755e-07
   2778  -2.28532151e-07
   2779  -2.28367724e-07
   2780  -2.28203475e-07
   2781  -2.21364785e-07
   2782  -2.21205688e-07
   2783  -2.21046761e-07
   2784  -2.20888006e-07
   2785  -2.20729422e-07
   2786  -2.22820823e-07
   2787  -2.22660966e-07
   2788  -2.22501281e-07
   2789  -2.22341768e-07
   2790  -2.22182426e-07
   2791  -2.20557445e-07
   2792  -2.20399495e-07
   2793  -2.20241714e-07
   2794  -2.20084103e-07
   2795  -2.19926661e-07
   2796  -2.14806479e-07
   2797  -2.14652922e-07
   2798  -2.14499530e-07
   2799  -2.14346303e-07
   2800  -2.14193239e-07
   2801  -2.11587346e-07
   2802  -2.11436360e-07
   2803  -2.11285536e-07
   2804  -2.11134873e-07
   2805  -2.10984372e-07
   2806  -2.03714905e-07
   2807  -2.03569796e-07
   2808  -2.03424842e-07
   2809  -2.03280043e-07
   2810  -2.03135398e-07
   2811  -2.03075044e-07
   2812  -2.02930648e-07
   2813  -2.02786406e-07
   2814  -2.02642318e-07
   2815  -2.02498383e-07
   2816  -2.03543342e-07
   2817  -2.03398870e-07
   2818  -2.03254551e-07
   2819  -2.03110386e-07
   2820  -2.02966375e-07
   2821  -2.00500888e-07
   2822  -2.00358827e-07
   2823  -2.00216917e-07
   2824  -2.00075158e-07
   2825  -1.99933550e-07
   2826  -1.99318615e-07
   2827  -1.99177642e-07
   2828  -1.99036818e-07
   2829  -1.98896144e-07
   2830  -1.98755618e-07
   2831  -1.96507688e-07
   2832  -1.96368948e-07
   2833  -1.96230355e-07
   2834  -1.96091909e-07
   2835  -1.95953609e-07
   2836  -1.96675619e-07
   2837  -1.96537006e-07
   2838  -1.96398538e-07
   2839  -1.96260217e-07
   2840  -1.96122042e-07
   2841  -1.92207838e-07
   2842  -1.92072611e-07
   2843  -1.91937527e-07
   2844  -1.91802585e-07
   2845  -1.91667786e-07
   2846  -1.87549810e-07
   2847  -1.87418092e-07
   2848  -1.87286513e-07
   2849  -1.87155072e-07
   2850  -1.87023770e-07
   2851  -1.82010114e-07
   2852  -1.81882510e-07
   2853  -1.81755041e-07
   2854  -1.81627706e-07
   2855  -1.81500505e-07
   2856  -1.77583085e-07
   2857  -1.77458803e-07
   2858  -1.77334652e-07
   2859  -1.77210631e-07
   2860  -1.77086740e-07
   2861  -1.76211302e-07
   2862  -1.76088196e-07
   2863  -1.75965218e-07
   2864  -1.75842370e-07
   2865  -1.75719650e-07
   2866  -1.73093481e-07
   2867  -1.72972764e-07
   2868  -1.72852173e-07
   2869  -1.72731708e-07
   2870  -1.72611369e-07
   2871  -1.70932140e-07
   2872  -1.70813138e-07
   2873  -1.70694260e-07
   2874  -1.70575506e-07
   2875  -1.70456875e-07
   2876  -1.66803623e-07
   2877  -1.66687697e-07
   2878  -1.66571891e-07
   2879  -1.66456206e-07
   2880  -1.66340641e-07
   2881  -1.66150365e-07
   2882  -1.66035093e-07
   2883  -1.65919941e-07
   2884  -1.65804909e-07
   2885  -1.65689996e-07
   2886  -1.64300308e-07
   2887  -1.64186517e-07
   2888  -1.64072844e-07
   2889  -1.63959289e-07
   2890  -1.63845852e-07
   2891  -1.61905882e-07
   2892  -1.61793943e-07
   2893  -1.61682120e-07
   2894  -1.61570412e-07
   2895  -1.61458821e-07
   2896  -1.59344418e-07
   2897  -1.59234440e-07
   2898  -1.59124576e-07
   2899  -1.59014826e-07
   2900  -1.58905189e-07
   2901  -1.52033499e-07
   2902  -1.51928748e-07
   2903  -1.51824105e-07
   2904  -1.51719569e-07
   2905  -1.51615142e-07
   2906  -1.48993735e-07
   2907  -1.48891255e-07
   2908  -1.48788880e-07
   2909  -1.48686611e-07
   2910  -1.48584447e-07
   2911  -1.42705135e-07
   2912  -1.42607148e-07
   2913  -1.42509263e-07
   2914  -1.42411478e-07
   2915  -1.42313794e-07
   2916  -1.40976168e-07
   2917  -1.40879534e-07
   2918  -1.40783000e-07
   2919  -1.40686565e-07
   2920  -1.40590229e-07
   2921  -1.42258238e-07
   2922  -1.42160892e-07
   2923  -1.42063647e-07
   2924  -1.41966501e-07
   2925  -1.41869455e-07
   2926  -1.37379811e-07
   2927  -1.37285964e-07
   2928  -1.37192214e-07
   2929  -1.37098559e-07
   2930  -1.37005000e-07
   2931  -1.38792406e-07
   2932  -1.38697756e-07
   2933  -1.38603202e-07
   2934  -1.38508746e-07
   2935  -1.38414386e-07
   2936  -1.35561221e-07
   2937  -1.35468932e-07
   2938  -1.35376737e-07
   2939  -1.35284637e-07
   2940  -1.35192630e-07
   2941  -1.32001989e-07
   2942  -1.31912276e-07
   2943  -1.31822654e-07
   2944  -1.31733123e-07
   2945  -1.31643684e-07
   2946  -1.30679007e-07
   2947  -1.30590343e-07
   2948  -1.30501770e-07
   2949  -1.30413287e-07
   2950  -1.30324893e-07
   2951  -1.22071977e-07
   2952  -1.21989293e-07
   2953  -1.21906694e-07
   2954  -1.21824178e-07
   2955  -1.21741746e-07
   2956  -1.20547410e-07
   2957  -1.20465897e-07
   2958  -1.20384467e-07
   2959  -1.20303119e-07
   2960  -1.20221854e-07
   2961  -1.17119611e-07
   2962  -1.17040550e-07
   2963  -1.16961568e-07
   2964  -1.16882667e-07
   2965  -1.16803845e-07
   2966  -1.15810766e-07
   2967  -1.15732719e-07
   2968  -1.15654752e-07
   2969  -1.15576864e-07
   2970  -1.15499054e-07
   2971  -1.15434227e-07
   2972  -1.15356566e-07
   2973  -1.15278982e-07
   2974  -1.15201478e-07
   2975  -1.15124051e-07
   2976  -1.10572007e-07
   2977  -1.10497741e-07
   2978  -1.10423550e-07
   2979  -1.10349434e-07
   2980  -1.10275393e-07
   2981  -1.12785398e-07
   2982  -1.12709773e-07
   2983  -1.12634223e-07
   2984  -1.12558750e-07
   2985  -1.12483353e-07
   2986  -1.09109528e-07
   2987  -1.09036490e-07
   2988  -1.08963525e-07
   2989  -1.08890634e-07
   2990  -1.08817816e-07
   2991  -1.08202260e-07
   2992  -1.08129950e-07
   2993  -1.08057713e-07
   2994  -1.07985548e-07
   2995  -1.07913456e-07
   2996  -1.03692519e-07
   2997  -1.03623339e-07
   2998  -1.03554228e-07
   2999  -1.03485186e-07
   3000  -1.03416213e-07
   3001  -9.82856121e-08
   3002  -9.82201484e-08
   3003  -9.81547500e-08
   3004  -9.80894170e-08
   3005  -9.80241491e-08
   3006  -9.70253997e-08
   3007  -9.69608827e-08
   3008  -9.68964301e-08
   3009  -9.68320418e-08
   3010  -9.67677176e-08
   3011  -9.24846704e-08
   3012  -9.24232749e-08
   3013  -9.23619405e-08
   3014  -9.23006671e-08
   3015  -9.22394547e-08
   3016  -9.05197755e-08
   3017  -9.04597839e-08
   3018  -9.03998520e-08
   3019  -9.03399795e-08
   3020  -9.02801666e-08
   3021  -8.91977977e-08
   3022  -8.91387801e-08
   3023  -8.90798210e-08
   3024  -8.90209204e-08
   3025  -8.89620781e-08
   3026  -8.66729703e-08
   3027  -8.66157179e-08
   3028  -8.65585222e-08
   3029  -8.65013831e-08
   3030  -8.64443006e-08
   3031  -8.88911358e-08
   3032  -8.88325150e-08
   3033  -8.87739522e-08
   3034  -8.87154472e-08
   3035  -8.86570001e-08
   3036  -8.65866459e-08
   3037  -8.65296388e-08
   3038  -8.64726880e-08
   3039  -8.64157934e-08
   3040  -8.63589549e-08
   3041  -8.60312572e-08
   3042  -8.59747088e-08
   3043  -8.59182162e-08
   3044  -8.58617792e-08
   3045  -8.58053979e-08
   3046  -8.28720478e-08
   3047  -8.28176653e-08
   3048  -8.27633364e-08
   3049  -8.27090609e-08
   3050  -8.26548388e-08
   3051  -8.07318847e-08
   3052  -8.06789935e-08
   3053  -8.06261542e-08
   3054  -8.05733668e-08
   3055  -8.05206312e-08
   3056  -7.87511921e-08
   3057  -7.86996828e-08
   3058  -7.86482241e-08
   3059  -7.85968158e-08
   3060  -7.85454579e-08
   3061  -7.52687029e-08
   3062  -7.52195519e-08
   3063  -7.51704490e-08
   3064  -7.51213941e-08
   3065  -7.50723872e-08
   3066  -7.52997736e-08
   3067  -7.52506824e-08
   3068  -7.52016392e-08
   3069  -7.51526439e-08
   3070  -7.51036965e-08
   3071  -7.34119211e-08
   3072  -7.33641386e-08
   3073  -7.33164027e-08
   3074  -7.32687133e-08
   3075  -7.32210705e-08
   3076  -7.25106754e-08
   3077  -7.24635562e-08
   3078  -7.24164828e-08
   3079  -7.23694553e-08
   3080  -7.23224736e-08
   3081  -6.82293348e-08
   3082  -6.81850696e-08
   3083  -6.81408474e-08
   3084  -6.80966682e-08
   3085  -6.80525320e-08
   3086  -6.34840044e-08
   3087  -6.34428845e-08
   3088  -6.34018045e-08
   3089  -6.33607644e-08
   3090  -6.33197642e-08
   3091  -5.63867720e-08
   3092  -5.63503081e-08
   3093  -5.63138796e-08
   3094  -5.62774865e-08
   3095  -5.62411286e-08
   3096  -4.45195463e-08
   3097  -4.44908031e-08
   3098  -4.44620878e-08
   3099  -4.44334003e-08
   3100  -4.44047405e-08
   3101  -3.25427763e-08
   3102  -3.25217996e-08
   3103  -3.25008431e-08
   3104  -3.24799069e-08
   3105  -3.24589909e-08
   3106  -2.07980840e-08
   3107  -2.07846994e-08
   3108  -2.07713276e-08
   3109  -2.07579688e-08
   3110  -2.07446228e-08
   3111  -1.35507322e-08
   3112  -1.35420256e-08
   3113  -1.35333274e-08
   3114  -1.35246376e-08
   3115  -1.35159561e-08
   3116  -8.63988319e-09
   3117  -8.63434081e-09
   3118  -8.62880376e-09
   3119  -8.62327203e-09
   3120  -8.61774562e-09
   3121  -5.89094991e-09
   3122  -5.88717699e-09
   3123  -5.88340769e-09
   3124  -5.87964201e-09
   3125  -5.87587994e-09
   3126  -4.41071597e-09
   3127  -4.40789559e-09
   3128  -4.40507792e-09
   3129  -4.40226295e-09
   3130  -4.39945068e-09
   3131  -3.44123971e-09
   3132  -3.43904277e-09
   3133  -3.43684793e-09
   3134  -3.43465518e-09
   3135  -3.43246454e-09
   3136  -2.91254549e-09
   3137  -2.91068903e-09
   3138  -2.90883435e-09
   3139  -2.90698145e-09
   3140  -2.90513031e-09
   3141  -2.37272725e-09
   3142  -2.37121728e-09
   3143  -2.36970876e-09
   3144  -2.36820167e-09
   3145  -2.36669602e-09
   3146  -1.97533731e-09
   3147  -1.97408224e-09
   3148  -1.97282835e-09
   3149  -1.97157566e-09
   3150  -1.97032417e-09
   3151  -1.69288741e-09
   3152  -1.69181350e-09
   3153  -1.69074061e-09
   3154  -1.68966874e-09
   3155  -1.68859789e-09
   3156  -1.40411537e-09
   3157  -1.40322606e-09
   3158  -1.40233759e-09
   3159  -1.40144996e-09
   3160  -1.40056318e-09
   3161  -1.23251979e-09
   3162  -1.23174040e-09
   3163  -1.23096174e-09
   3164  -1.23018382e-09
   3165  -1.22940663e-09
   3166  -1.09867174e-09
   3167  -1.09797808e-09
   3168  -1.09728508e-09
   3169  -1.09659273e-09
   3170  -1.09590104e-09
   3171  -1.00660822e-09
   3172  -1.00597369e-09
   3173  -1.00533975e-09
   3174  -1.00470642e-09
   3175  -1.00407368e-09
   3176  -9.11916789e-10
   3177  -9.11342851e-10
   3178  -9.10769454e-10
   3179  -9.10196598e-10
   3180  -9.09624282e-10
   3181  -7.86387007e-10
   3182  -7.85892851e-10
   3183  -7.85399161e-10
   3184  -7.84905936e-10
   3185  -7.84413176e-10
   3186  -7.10688452e-10
   3187  -7.10242565e-10
   3188  -7.09797098e-10
   3189  -7.09352049e-10
   3190  -7.08907419e-10
   3191  -6.12270234e-10
   3192  -6.11886696e-10
   3193  -6.11503518e-10
   3194  -6.11120700e-10
   3195  -6.10738242e-10
   3196  -5.65526225e-10
   3197  -5.65172523e-10
   3198  -5.64819152e-10
   3199  -5.64466112e-10
   3200  -5.64113404e-10
   3201  -5.09638975e-10
   3202  -5.09320724e-10
   3203  -5.09002771e-10
   3204  -5.08685116e-10
   3205  -5.08367758e-10
   3206  -4.59608095e-10
   3207  -4.59321534e-10
   3208  -4.59035241e-10
   3209  -4.58749216e-10
   3210  -4.58463457e-10
   3211  -4.30349919e-10
   3212  -4.30082017e-10
   3213  -4.29814366e-10
   3214  -4.29546965e-10
   3215  -4.29279813e-10
   3216  -3.87685821e-10
   3217  -3.87444854e-10
   3218  -3.87204112e-10
   3219  -3.86963594e-10
   3220  -3.86723299e-10
   3221  -3.61092569e-10
   3222  -3.60868479e-10
   3223  -3.60644598e-10
   3224  -3.60420925e-10
   3225  -3.60197461e-10
   3226  -3.35607403e-10
   3227  -3.35399451e-10
   3228  -3.35191693e-10
   3229  -3.34984128e-10
   3230  -3.34776756e-10
   3231  -3.05161067e-10
   3232  -3.04972273e-10
   3233  -3.04783655e-10
   3234  -3.04595212e-10
   3235  -3.04406943e-10
   3236  -2.96638995e-10
   3237  -2.96455758e-10
   3238  -2.96272690e-10
   3239  -2.96089791e-10
   3240  -2.95907062e-10
   3241  -2.69717718e-10
   3242  -2.69551367e-10
   3243  -2.69385169e-10
   3244  -2.69219126e-10
   3245  -2.69053235e-10
   3246  -2.59693429e-10
   3247  -2.59533507e-10
   3248  -2.59373732e-10
   3249  -2.59214105e-10
   3250  -2.59054626e-10
   3251  -2.41372683e-10
   3252  -2.41224271e-10
   3253  -2.41075997e-10
   3254  -2.40927859e-10
   3255  -2.40779857e-10
   3256  -2.23707187e-10
   3257  -2.23569848e-10
   3258  -2.23432636e-10
   3259  -2.23295551e-10
   3260  -2.23158591e-10
   3261  -2.15776946e-10
   3262  -2.15644679e-10
   3263  -2.15512534e-10
   3264  -2.15380510e-10
   3265  -2.15248607e-10
   3266  -1.97747030e-10
   3267  -1.97626001e-10
   3268  -1.97505082e-10
   3269  -1.97384275e-10
   3270  -1.97263578e-10
   3271  -1.94992208e-10
   3272  -1.94873047e-10
   3273  -1.94753995e-10
   3274  -1.94635052e-10
   3275  -1.94516218e-10
   3276  -1.84840093e-10
   3277  -1.84727309e-10
   3278  -1.84614627e-10
   3279  -1.84502048e-10
   3280  -1.84389573e-10
   3281  -1.79518121e-10
   3282  -1.79408750e-10
   3283  -1.79299480e-10
   3284  -1.79190309e-10
   3285  -1.79081238e-10
   3286  -1.73824799e-10
   3287  -1.73719058e-10
   3288  -1.73613413e-10
   3289  -1.73507865e-10
   3290  -1.73402413e-10
   3291  -1.63062779e-10
   3292  -1.62963736e-10
   3293  -1.62864782e-10
   3294  -1.62765919e-10
   3295  -1.62667146e-10
   3296  -1.63714662e-10
   3297  -1.63615373e-10
   3298  -1.63516175e-10
   3299  -1.63417067e-10
   3300  -1.63318048e-10
