     50   5.80519252e-14
     51   4.82944927e-14
     52   4.64635477e-14
     53   4.47347858e-14
     54   4.31007425e-14
     55   4.15546225e-14
     56   2.26824950e-14
     57   2.18969990e-14
     58   2.11516104e-14
     59   2.04436445e-14
     60   1.97706375e-14
     61   9.63866672e-15
     62   9.33147309e-15
     63   9.03873471e-15
     64   8.75955868e-15
     65   8.49311996e-15
     66   2.42434604e-14
     67   2.35278160e-14
     68   2.28433980e-14
     69   2.21884158e-14
     70   2.15612052e-14
     71   1.86035861e-14
     72   1.80921657e-14
     73   1.76015478e-14
     74   1.71306194e-14
     75   1.66783408e-14
     76   3.08543427e-14
     77   3.00606868e-14
     78   2.92972642e-14
     79   2.85625585e-14
     80   2.78551473e-14
     81   4.95295466e-14
     82   4.83324910e-14
     83   4.71783135e-14
     84   4.60649904e-14
     85   4.49906160e-14
     86   3.78063830e-14
     87   3.69447203e-14
     88   3.61121832e-14
     89   3.53074739e-14
     90   3.45293656e-14
     91   3.92333622e-14
     92   3.83873784e-14
     93   3.75684653e-14
     94   3.67754801e-14
     95   3.60073398e-14
     96   2.54377334e-14
     97   2.49172786e-14
     98   2.44126347e-14
     99   2.39231676e-14
    100   2.34482749e-14
    101   8.70999427e-15
    102   8.54045971e-15
    103   8.37582723e-15
    104   8.21590966e-15
    105   8.06052866e-15
    106   7.05698581e-15
    107   6.92599981e-15
    108   6.79862714e-15
    109   6.67473611e-15
    110   6.55420097e-15
    111   1.66158317e-14
    112   1.63210985e-14
    113   1.60341383e-14
    114   1.57546802e-14
    115   1.54824650e-14
    116   2.31171593e-14
    117   2.27245165e-14
    118   2.23417929e-14
    119   2.19686572e-14
    120   2.16047919e-14
    121   4.05806108e-14
    122   3.99194279e-14
    123   3.92742733e-14
    124   3.86446333e-14
    125   3.80300143e-14
    126   5.52190676e-14
    127   5.43545912e-14
    128   5.35102577e-14
    129   5.26854460e-14
    130   5.18795590e-14
    131   4.76926409e-14
    132   4.69741154e-14
    133   4.62717061e-14
    134   4.55849347e-14
    135   4.49133403e-14
    136   3.32756433e-14
    137   3.27925172e-14
    138   3.23198369e-14
    139   3.18573034e-14
    140   3.14046285e-14
    141   2.00499254e-14
    142   1.97690184e-14
    143   1.94939737e-14
    144   1.92246293e-14
    145   1.89608289e-14
    146   1.87936490e-14
    147   1.85392532e-14
    148   1.82899881e-14
    149   1.80457165e-14
    150   1.78063060e-14
    151   3.10028013e-14
    152   3.05968759e-14
    153   3.01988709e-14
    154   2.98085817e-14
    155   2.94258099e-14
    156   3.41110314e-14
    157   3.36785652e-14
    158   3.32542715e-14
    159   3.28379456e-14
    160   3.24293894e-14
    161   8.38795659e-14
    162   8.28487952e-14
    163   8.18369086e-14
    164   8.08434478e-14
    165   7.98679679e-14
    166   7.17084820e-14
    167   7.08535431e-14
    168   7.00138030e-14
    169   6.91889035e-14
    170   6.83784970e-14
    171   8.52133735e-14
    172   8.42268284e-14
    173   8.32573170e-14
    174   8.23044494e-14
    175   8.13678469e-14
    176   1.16322155e-13
    177   1.15013335e-13
    178   1.13726480e-13
    179   1.12461102e-13
    180   1.11216726e-13
    181   6.69231343e-14
    182   6.61907375e-14
    183   6.54702981e-14
    184   6.47615573e-14
    185   6.40642630e-14
    186   7.45173966e-14
    187   7.37236070e-14
    188   7.29424339e-14
    189   7.21736112e-14
    190   7.14168800e-14
    191   6.16246637e-14
    192   6.09852411e-14
    193   6.03557192e-14
    194   5.97358946e-14
    195   5.91255692e-14
    196   6.49697756e-14
    197   6.43126888e-14
    198   6.36655201e-14
    199   6.30280711e-14
    200   6.24001481e-14
    201   5.94411146e-14
    202   5.88547684e-14
    203   5.82770555e-14
    204   5.77078072e-14
    205   5.71468590e-14
    206   2.58961734e-14
    207   2.56468731e-14
    208   2.54011557e-14
    209   2.51589526e-14
    210   2.49201972e-14
    211   2.75015824e-15
    212   2.72430492e-15
    213   2.69881445e-15
    214   2.67368008e-15
    215   2.64889520e-15
    216   0.00000000e+00
    217   0.00000000e+00
    218   0.00000000e+00
    219   0.00000000e+00
    220   0.00000000e+00
    221   0.00000000e+00
    222   0.00000000e+00
    223   0.00000000e+00
    224   0.00000000e+00
    225   0.00000000e+00
    226   3.45986211e-16
    227   3.42947923e-16
    228   3.39949482e-16
    229   3.36990194e-16
    230   3.34069379e-16
    231   0.00000000e+00
    232   0.00000000e+00
    233   0.00000000e+00
    234   0.00000000e+00
    235   0.00000000e+00
    236   0.00000000e+00
    237   0.00000000e+00
    238   0.00000000e+00
    239   0.00000000e+00
    240   0.00000000e+00
    241   0.00000000e+00
    242   0.00000000e+00
    243   0.00000000e+00
    244   0.00000000e+00
    245   0.00000000e+00
    246   4.21630848e-14
    247   4.18227178e-14
    248   4.14864558e-14
    249   4.11542329e-14
    250   4.08259848e-14
    251   4.50246922e-13
    252   4.46684148e-13
    253   4.43163495e-13
    254   4.39684302e-13
    255   4.36245920e-13
    256   6.59063137e-13
    257   6.53949180e-13
    258   6.48894515e-13
    259   6.43898228e-13
    260   6.38959425e-13
    261   1.31894366e-12
    262   1.30890415e-12
    263   1.29897884e-12
    264   1.28916600e-12
    265   1.27946393e-12
    266   1.18823309e-12
    267   1.17935743e-12
    268   1.17058083e-12
    269   1.16190185e-12
    270   1.15331904e-12
    271   2.22547640e-12
    272   2.20915764e-12
    273   2.19301772e-12
    274   2.17705402e-12
    275   2.16126401e-12
    276   3.36699481e-12
    277   3.34275008e-12
    278   3.31876628e-12
    279   3.29503968e-12
    280   3.27156662e-12
    281   1.26679270e-11
    282   1.25783221e-11
    283   1.24896645e-11
    284   1.24019410e-11
    285   1.23151385e-11
    286   2.28998818e-11
    287   2.27407170e-11
    288   2.25832059e-11
    289   2.24273256e-11
    290   2.22730537e-11
    291   3.70007286e-11
    292   3.67479488e-11
    293   3.64977505e-11
    294   3.62500988e-11
    295   3.60049592e-11
    296   5.34334726e-11
    297   5.30745584e-11
    298   5.27192483e-11
    299   5.23674942e-11
    300   5.20192489e-11
    301   6.27016602e-11
    302   6.22874469e-11
    303   6.18773246e-11
    304   6.14712397e-11
    305   6.10691391e-11
    306   9.72661391e-11
    307   9.66340290e-11
    308   9.60080608e-11
    309   9.53881552e-11
    310   9.47742343e-11
    311   9.64641695e-11
    312   9.58472935e-11
    313   9.52363159e-11
    314   9.46311617e-11
    315   9.40317573e-11
    316   1.28247791e-10
    317   1.27440568e-10
    318   1.26640943e-10
    319   1.25848820e-10
    320   1.25064105e-10
    321   1.56990368e-10
    322   1.56017541e-10
    323   1.55053727e-10
    324   1.54098818e-10
    325   1.53152702e-10
    326   1.52295421e-10
    327   1.51366084e-10
    328   1.50445227e-10
    329   1.49532748e-10
    330   1.48628546e-10
    331   2.04983313e-10
    332   2.03751259e-10
    333   2.02530280e-10
    334   2.01320243e-10
    335   2.00121018e-10
    336   1.92070232e-10
    337   1.90932882e-10
    338   1.89805605e-10
    339   1.88688282e-10
    340   1.87580795e-10
    341   2.59207260e-10
    342   2.57694747e-10
    343   2.56195435e-10
    344   2.54709169e-10
    345   2.53235800e-10
    346   2.73485779e-10
    347   2.71912894e-10
    348   2.70353540e-10
    349   2.68807560e-10
    350   2.67274804e-10
    351   2.73887029e-10
    352   2.72334164e-10
    353   2.70794468e-10
    354   2.69267792e-10
    355   2.67753991e-10
    356   3.47227878e-10
    357   3.45286705e-10
    358   3.43361764e-10
    359   3.41452876e-10
    360   3.39559862e-10
    361   3.30120028e-10
    362   3.28299934e-10
    363   3.26494851e-10
    364   3.24704615e-10
    365   3.22929062e-10
    366   3.97710958e-10
    367   3.95548019e-10
    368   3.93402676e-10
    369   3.91274741e-10
    370   3.89164023e-10
    371   3.97691679e-10
    372   3.95557856e-10
    373   3.93441162e-10
    374   3.91341412e-10
    375   3.89258426e-10
    376   4.46942891e-10
    377   4.44576552e-10
    378   4.42228956e-10
    379   4.39899906e-10
    380   4.37589207e-10
    381   5.06773913e-10
    382   5.04125849e-10
    383   5.01498486e-10
    384   4.98891610e-10
    385   4.96305007e-10
    386   4.78299256e-10
    387   4.75832210e-10
    388   4.73384202e-10
    389   4.70955036e-10
    390   4.68544521e-10
    391   5.79407053e-10
    392   5.76456544e-10
    393   5.73528514e-10
    394   5.70622737e-10
    395   5.67738987e-10
    396   5.60293558e-10
    397   5.57476246e-10
    398   5.54680130e-10
    399   5.51904998e-10
    400   5.49150641e-10
    401   6.55682249e-10
    402   6.52426226e-10
    403   6.49194397e-10
    404   6.45986523e-10
    405   6.42802366e-10
    406   6.88957424e-10
    407   6.85578114e-10
    408   6.82223608e-10
    409   6.78893661e-10
    410   6.75588035e-10
    411   7.03023016e-10
    412   6.99616488e-10
    413   6.96234660e-10
    414   6.92877293e-10
    415   6.89544153e-10
    416   7.68653049e-10
    417   7.64973086e-10
    418   7.61319487e-10
    419   7.57692001e-10
    420   7.54090379e-10
    421   8.19146640e-10
    422   8.15271320e-10
    423   8.11423436e-10
    424   8.07602729e-10
    425   8.03808945e-10
    426   8.97933415e-10
    427   8.93735017e-10
    428   8.89565995e-10
    429   8.85426076e-10
    430   8.81314989e-10
    431   9.67071122e-10
    432   9.62601704e-10
    433   9.58163199e-10
    434   9.53755323e-10
    435   9.49377792e-10
    436   1.05459679e-09
    437   1.04977854e-09
    438   1.04499323e-09
    439   1.04024056e-09
    440   1.03552025e-09
    441   1.06708647e-09
    442   1.06226620e-09
    443   1.05747853e-09
    444   1.05272315e-09
    445   1.04799978e-09
    446   1.17493664e-09
    447   1.16968846e-09
    448   1.16447537e-09
    449   1.15929705e-09
    450   1.15415320e-09
    451   1.24028015e-09
    452   1.23480128e-09
    453   1.22935863e-09
    454   1.22395189e-09
    455   1.21858074e-09
    456   1.36632392e-09
    457   1.36035419e-09
    458   1.35442349e-09
    459   1.34853150e-09
    460   1.34267787e-09
    461   1.43493962e-09
    462   1.42873783e-09
    463   1.42257616e-09
    464   1.41645427e-09
    465   1.41037181e-09
    466   1.38205974e-09
    467   1.37615035e-09
    468   1.37027878e-09
    469   1.36444471e-09
    470   1.35864782e-09
    471   1.69337125e-09
    472   1.68620734e-09
    473   1.67908879e-09
    474   1.67201523e-09
    475   1.66498627e-09
    476   1.68018382e-09
    477   1.67315009e-09
    478   1.66616043e-09
    479   1.65921448e-09
    480   1.65231188e-09
    481   1.93888546e-09
    482   1.93085280e-09
    483   1.92286995e-09
    484   1.91493650e-09
    485   1.90705206e-09
    486   1.90136417e-09
    487   1.89356771e-09
    488   1.88581910e-09
    489   1.87811795e-09
    490   1.87046389e-09
    491   1.90997448e-09
    492   1.90222218e-09
    493   1.89451699e-09
    494   1.88685851e-09
    495   1.87924638e-09
    496   2.26360554e-09
    497   2.25451020e-09
    498   2.24546956e-09
    499   2.23648320e-09
    500   2.22755067e-09
    501   2.16607415e-09
    502   2.15745725e-09
    503   2.14889167e-09
    504   2.14037700e-09
    505   2.13191284e-09
    506   2.54125680e-09
    507   2.53124693e-09
    508   2.52129609e-09
    509   2.51140381e-09
    510   2.50156964e-09
    511   2.58136476e-09
    512   2.57129606e-09
    513   2.56128615e-09
    514   2.55133459e-09
    515   2.54144091e-09
    516   2.71189094e-09
    517   2.70141527e-09
    518   2.69100018e-09
    519   2.68064521e-09
    520   2.67034989e-09
    521   3.07683247e-09
    522   3.06506076e-09
    523   3.05335648e-09
    524   3.04171911e-09
    525   3.03014814e-09
    526   2.77143104e-09
    527   2.76092823e-09
    528   2.75048501e-09
    529   2.74010093e-09
    530   2.72977554e-09
    531   3.42267436e-09
    532   3.40982529e-09
    533   3.39704843e-09
    534   3.38434326e-09
    535   3.37170923e-09
    536   3.33961255e-09
    537   3.32719187e-09
    538   3.31484036e-09
    539   3.30255749e-09
    540   3.29034277e-09
    541   3.80097420e-09
    542   3.78696786e-09
    543   3.77303879e-09
    544   3.75918643e-09
    545   3.74541022e-09
    546   3.90681042e-09
    547   3.89254549e-09
    548   3.87835855e-09
    549   3.86424902e-09
    550   3.85021635e-09
    551   3.79700184e-09
    552   3.78326326e-09
    553   3.76959911e-09
    554   3.75600886e-09
    555   3.74249196e-09
    556   4.55000519e-09
    557   4.53368963e-09
    558   4.51746166e-09
    559   4.50132068e-09
    560   4.48526604e-09
    561   4.30782006e-09
    562   4.29251018e-09
    563   4.27728178e-09
    564   4.26213426e-09
    565   4.24706707e-09
    566   4.96203857e-09
    567   4.94455892e-09
    568   4.92717147e-09
    569   4.90987558e-09
    570   4.89267059e-09
    571   4.85052471e-09
    572   4.83358705e-09
    573   4.81673795e-09
    574   4.79997680e-09
    575   4.78330299e-09
    576   5.40043483e-09
    577   5.38174012e-09
    578   5.36314233e-09
    579   5.34464077e-09
    580   5.32623479e-09
    581   5.63901033e-09
    582   5.61965724e-09
    583   5.60040360e-09
    584   5.58124875e-09
    585   5.56219200e-09
    586   5.69123851e-09
    587   5.67187234e-09
    588   5.65260484e-09
    589   5.63343536e-09
    590   5.61436322e-09
    591   6.42095910e-09
    592   6.39929413e-09
    593   6.37773862e-09
    594   6.35629184e-09
    595   6.33495307e-09
    596   6.45961323e-09
    597   6.43800014e-09
    598   6.41649535e-09
    599   6.39509813e-09
    600   6.37380776e-09
    601   7.08136808e-09
    602   7.05787123e-09
    603   7.03449113e-09
    604   7.01122701e-09
    605   6.98807811e-09
    606   7.10674905e-09
    607   7.08336198e-09
    608   7.06009017e-09
    609   7.03693285e-09
    610   7.01388929e-09
    611   7.14136231e-09
    612   7.11805310e-09
    613   7.09485782e-09
    614   7.07177574e-09
    615   7.04880612e-09
    616   8.39990371e-09
    617   8.37270856e-09
    618   8.34564528e-09
    619   8.31871299e-09
    620   8.29191087e-09
    621   8.11697083e-09
    622   8.09090269e-09
    623   8.06495993e-09
    624   8.03914174e-09
    625   8.01344733e-09
    626   9.08677991e-09
    627   9.05782961e-09
    628   9.02901744e-09
    629   9.00034253e-09
    630   8.97180400e-09
    631   8.88950485e-09
    632   8.86140686e-09
    633   8.83344189e-09
    634   8.80560908e-09
    635   8.77790761e-09
    636   9.44641946e-09
    637   9.41679527e-09
    638   9.38731021e-09
    639   9.35796341e-09
    640   9.32875402e-09
    641   1.04587244e-08
    642   1.04261807e-08
    643   1.03937887e-08
    644   1.03615474e-08
    645   1.03294559e-08
    646   9.99008507e-09
    647   9.95923958e-09
    648   9.92853674e-09
    649   9.89797566e-09
    650   9.86755546e-09
    651   1.13693741e-08
    652   1.13345388e-08
    653   1.12998633e-08
    654   1.12653468e-08
    655   1.12309881e-08
    656   1.12531414e-08
    657   1.12189243e-08
    658   1.11848631e-08
    659   1.11509567e-08
    660   1.11172043e-08
    661   1.19140884e-08
    662   1.18781349e-08
    663   1.18423440e-08
    664   1.18067145e-08
    665   1.17712456e-08
    666   1.24638402e-08
    667   1.24265094e-08
    668   1.23893460e-08
    669   1.23523491e-08
    670   1.23155176e-08
    671   1.20992494e-08
    672   1.20632799e-08
    673   1.20274706e-08
    674   1.19918204e-08
    675   1.19563286e-08
    676   1.39864700e-08
    677   1.39451968e-08
    678   1.39041060e-08
    679   1.38631965e-08
    680   1.38224673e-08
    681   1.33872489e-08
    682   1.33480332e-08
    683   1.33089896e-08
    684   1.32701171e-08
    685   1.32314146e-08
    686   1.51084039e-08
    687   1.50644682e-08
    688   1.50207239e-08
    689   1.49771698e-08
    690   1.49338048e-08
    691   1.51675407e-08
    692   1.51237514e-08
    693   1.50801514e-08
    694   1.50367397e-08
    695   1.49935152e-08
    696   1.55792913e-08
    697   1.55346355e-08
    698   1.54901714e-08
    699   1.54458980e-08
    700   1.54018141e-08
    701   1.72622670e-08
    702   1.72131392e-08
    703   1.71642209e-08
    704   1.71155108e-08
    705   1.70670078e-08
    706   1.63545016e-08
    707   1.63082862e-08
    708   1.62622663e-08
    709   1.62164410e-08
    710   1.61708091e-08
    711   1.86200665e-08
    712   1.85678180e-08
    713   1.85157891e-08
    714   1.84639786e-08
    715   1.84123853e-08
    716   1.86741723e-08
    717   1.86221370e-08
    718   1.85703189e-08
    719   1.85187168e-08
    720   1.84673294e-08
    721   2.03378605e-08
    722   2.02815814e-08
    723   2.02255356e-08
    724   2.01697218e-08
    725   2.01141387e-08
    726   2.08774032e-08
    727   2.08200280e-08
    728   2.07628890e-08
    729   2.07059849e-08
    730   2.06493144e-08
    731   2.06472111e-08
    732   2.05908558e-08
    733   2.05347308e-08
    734   2.04788350e-08
    735   2.04231671e-08
    736   2.25459248e-08
    737   2.24848040e-08
    738   2.24239315e-08
    739   2.23633058e-08
    740   2.23029256e-08
    741   2.28482266e-08
    742   2.27867033e-08
    743   2.27254282e-08
    744   2.26643999e-08
    745   2.26036170e-08
    746   2.45145430e-08
    747   2.44489742e-08
    748   2.43836682e-08
    749   2.43186234e-08
    750   2.42538385e-08
    751   2.54102370e-08
    752   2.53427239e-08
    753   2.52754795e-08
    754   2.52085025e-08
    755   2.51417913e-08
    756   2.44323942e-08
    757   2.43679075e-08
    758   2.43036758e-08
    759   2.42396978e-08
    760   2.41759720e-08
    761   2.86911262e-08
    762   2.86158955e-08
    763   2.85409603e-08
    764   2.84663190e-08
    765   2.83919702e-08
    766   2.73455106e-08
    767   2.72742751e-08
    768   2.72033177e-08
    769   2.71326368e-08
    770   2.70622310e-08
    771   2.87860840e-08
    772   2.87115810e-08
    773   2.86373670e-08
    774   2.85634403e-08
    775   2.84897994e-08
    776   2.95549592e-08
    777   2.94789581e-08
    778   2.94032497e-08
    779   2.93278326e-08
    780   2.92527053e-08
    781   3.11866385e-08
    782   3.11069537e-08
    783   3.10275740e-08
    784   3.09484977e-08
    785   3.08697233e-08
    786   3.23700160e-08
    787   3.22878326e-08
    788   3.22059617e-08
    789   3.21244019e-08
    790   3.20431514e-08
    791   3.27700160e-08
    792   3.26873418e-08
    793   3.26049800e-08
    794   3.25229291e-08
    795   3.24411876e-08
    796   3.49870344e-08
    797   3.48993202e-08
    798   3.48119354e-08
    799   3.47248784e-08
    800   3.46381475e-08
    801   3.51081277e-08
    802   3.50206581e-08
    803   3.49335149e-08
    804   3.48466966e-08
    805   3.47602016e-08
    806   3.72611944e-08
    807   3.71689352e-08
    808   3.70770182e-08
    809   3.69854418e-08
    810   3.68942042e-08
    811   3.79763755e-08
    812   3.78829240e-08
    813   3.77898170e-08
    814   3.76970528e-08
    815   3.76046298e-08
    816   3.89099436e-08
    817   3.88147802e-08
    818   3.87199655e-08
    819   3.86254978e-08
    820   3.85313754e-08
    821   4.12808609e-08
    822   4.11805124e-08
    823   4.10805294e-08
    824   4.09809101e-08
    825   4.08816527e-08
    826   4.26921074e-08
    827   4.25889553e-08
    828   4.24861765e-08
    829   4.23837694e-08
    830   4.22817321e-08
    831   4.51166167e-08
    832   4.50082610e-08
    833   4.49002952e-08
    834   4.47927174e-08
    835   4.46855258e-08
    836   4.46955886e-08
    837   4.45888847e-08
    838   4.44825625e-08
    839   4.43766201e-08
    840   4.42710558e-08
    841   4.55976922e-08
    842   4.54894806e-08
    843   4.53816537e-08
    844   4.52742097e-08
    845   4.51671469e-08
    846   4.97354892e-08
    847   4.96181540e-08
    848   4.95012335e-08
    849   4.93847257e-08
    850   4.92686288e-08
    851   4.81005123e-08
    852   4.79876996e-08
    853   4.78752834e-08
    854   4.77632617e-08
    855   4.76516327e-08
    856   5.17185837e-08
    857   5.15979924e-08
    858   5.14778225e-08
    859   5.13580718e-08
    860   5.12387385e-08
    861   5.06328616e-08
    862   5.05154861e-08
    863   5.03985183e-08
    864   5.02819563e-08
    865   5.01657982e-08
    866   5.58384799e-08
    867   5.57097828e-08
    868   5.55815301e-08
    869   5.54537198e-08
    870   5.53263498e-08
    871   5.72201490e-08
    872   5.70890230e-08
    873   5.69583471e-08
    874   5.68281194e-08
    875   5.66983379e-08
    876   5.69441108e-08
    877   5.68143607e-08
    878   5.66850535e-08
    879   5.65561872e-08
    880   5.64277599e-08
    881   6.06383535e-08
    882   6.05009684e-08
    883   6.03640497e-08
    884   6.02275952e-08
    885   6.00916029e-08
    886   6.04936115e-08
    887   6.03573263e-08
    888   6.02215011e-08
    889   6.00861339e-08
    890   5.99512226e-08
    891   6.39468428e-08
    892   6.38035847e-08
    893   6.36608075e-08
    894   6.35185090e-08
    895   6.33766871e-08
    896   6.46742738e-08
    897   6.45301930e-08
    898   6.43865932e-08
    899   6.42434722e-08
    900   6.41008278e-08
    901   6.49991839e-08
    902   6.48551813e-08
    903   6.47116567e-08
    904   6.45686080e-08
    905   6.44260332e-08
    906   7.05627184e-08
    907   7.04072512e-08
    908   7.02522971e-08
    909   7.00978541e-08
    910   6.99439198e-08
    911   6.85872646e-08
    912   6.84369776e-08
    913   6.82871840e-08
    914   6.81378816e-08
    915   6.79890684e-08
    916   7.53108835e-08
    917   7.51467629e-08
    918   7.49831781e-08
    919   7.48201269e-08
    920   7.46576070e-08
    921   7.24905511e-08
    922   7.23334326e-08
    923   7.21768244e-08
    924   7.20207243e-08
    925   7.18651300e-08
    926   7.53577109e-08
    927   7.51952583e-08
    928   7.50333305e-08
    929   7.48719251e-08
    930   7.47110400e-08
    931   8.11868342e-08
    932   8.10127536e-08
    933   8.08392324e-08
    934   8.06662680e-08
    935   8.04938582e-08
    936   7.56596222e-08
    937   7.54982581e-08
    938   7.53374096e-08
    939   7.51770747e-08
    940   7.50172510e-08
    941   8.25230785e-08
    942   8.23480097e-08
    943   8.21734974e-08
    944   8.19995393e-08
    945   8.18261329e-08
    946   8.15644805e-08
    947   8.13923582e-08
    948   8.12207802e-08
    949   8.10497441e-08
    950   8.08792477e-08
    951   8.56116927e-08
    952   8.54319778e-08
    953   8.52528282e-08
    954   8.50742416e-08
    955   8.48962154e-08
    956   8.67127813e-08
    957   8.65317053e-08
    958   8.63511960e-08
    959   8.61712508e-08
    960   8.59918675e-08
    961   8.53710216e-08
    962   8.51936734e-08
    963   8.50168772e-08
    964   8.48406308e-08
    965   8.46649319e-08
    966   9.47390951e-08
    967   9.45433026e-08
    968   9.43481165e-08
    969   9.41535342e-08
    970   9.39595532e-08
    971   8.93561342e-08
    972   8.91724157e-08
    973   8.89892631e-08
    974   8.88066743e-08
    975   8.86246468e-08
    976   9.86468402e-08
    977   9.84450569e-08
    978   9.82438921e-08
    979   9.80433432e-08
    980   9.78434078e-08
    981   9.81216847e-08
    982   9.79219968e-08
    983   9.77229178e-08
    984   9.75244453e-08
    985   9.73265768e-08
    986   9.70768756e-08
    987   9.68803140e-08
    988   9.66843488e-08
    989   9.64889776e-08
    990   9.62941979e-08
    991   1.03121165e-07
    992   1.02913416e-07
    993   1.02706295e-07
    994   1.02499798e-07
    995   1.02293924e-07
    996   1.01320684e-07
    997   1.01117586e-07
    998   1.00915098e-07
    999   1.00713217e-07
   1000   1.00511941e-07
   1001   1.05500137e-07
   1002   1.05289716e-07
   1003   1.05079923e-07
   1004   1.04870757e-07
   1005   1.04662215e-07
   1006   1.04852012e-07
   1007   1.04643920e-07
   1008   1.04436448e-07
   1009   1.04229592e-07
   1010   1.04023350e-07
   1011   1.06819045e-07
   1012   1.06608096e-07
   1013   1.06397772e-07
   1014   1.06188070e-07
   1015   1.05978987e-07
   1016   1.16985875e-07
   1017   1.16755984e-07
   1018   1.16526770e-07
   1019   1.16298230e-07
   1020   1.16070362e-07
   1021   1.11143416e-07
   1022   1.10926074e-07
   1023   1.10709369e-07
   1024   1.10493298e-07
   1025   1.10277859e-07
   1026   1.15550264e-07
   1027   1.15325404e-07
   1028   1.15101199e-07
   1029   1.14877647e-07
   1030   1.14654746e-07
   1031   1.16840278e-07
   1032   1.16614007e-07
   1033   1.16388394e-07
   1034   1.16163435e-07
   1035   1.15939127e-07
   1036   1.19135029e-07
   1037   1.18905427e-07
   1038   1.18676487e-07
   1039   1.18448208e-07
   1040   1.18220588e-07
   1041   1.25167539e-07
   1042   1.24927467e-07
   1043   1.24688085e-07
   1044   1.24449391e-07
   1045   1.24211381e-07
   1046   1.23277920e-07
   1047   1.23042600e-07
   1048   1.22807954e-07
   1049   1.22573979e-07
   1050   1.22340671e-07
   1051   1.26874776e-07
   1052   1.26633741e-07
   1053   1.26393393e-07
   1054   1.26153727e-07
   1055   1.25914743e-07
   1056   1.26270262e-07
   1057   1.26031509e-07
   1058   1.25793433e-07
   1059   1.25556031e-07
   1060   1.25319301e-07
   1061   1.29514302e-07
   1062   1.29270568e-07
   1063   1.29027521e-07
   1064   1.28785159e-07
   1065   1.28543479e-07
   1066   1.33543890e-07
   1067   1.33293749e-07
   1068   1.33044311e-07
   1069   1.32795571e-07
   1070   1.32547529e-07
   1071   1.35260832e-07
   1072   1.35008656e-07
   1073   1.34757185e-07
   1074   1.34506415e-07
   1075   1.34256345e-07
   1076   1.31511390e-07
   1077   1.31267342e-07
   1078   1.31023973e-07
   1079   1.30781279e-07
   1080   1.30539260e-07
   1081   1.40639525e-07
   1082   1.40379743e-07
   1083   1.40120680e-07
   1084   1.39862334e-07
   1085   1.39604701e-07
   1086   1.39925356e-07
   1087   1.39668081e-07
   1088   1.39411515e-07
   1089   1.39155656e-07
   1090   1.38900500e-07
   1091   1.39583877e-07
   1092   1.39328405e-07
   1093   1.39073633e-07
   1094   1.38819559e-07
   1095   1.38566181e-07
   1096   1.44262264e-07
   1097   1.43999432e-07
   1098   1.43737317e-07
   1099   1.43475917e-07
   1100   1.43215229e-07
   1101   1.48542853e-07
   1102   1.48273449e-07
   1103   1.48004777e-07
   1104   1.47736834e-07
   1105   1.47469618e-07
   1106   1.44274447e-07
   1107   1.44013965e-07
   1108   1.43754188e-07
   1109   1.43495113e-07
   1110   1.43236738e-07
   1111   1.48587996e-07
   1112   1.48320931e-07
   1113   1.48054586e-07
   1114   1.47788958e-07
   1115   1.47524044e-07
   1116   1.48254786e-07
   1117   1.47989512e-07
   1118   1.47724950e-07
   1119   1.47461097e-07
   1120   1.47197950e-07
   1121   1.57635680e-07
   1122   1.57354877e-07
   1123   1.57074824e-07
   1124   1.56795518e-07
   1125   1.56516956e-07
   1126   1.50103792e-07
   1127   1.49837591e-07
   1128   1.49572098e-07
   1129   1.49307310e-07
   1130   1.49043225e-07
   1131   1.55458712e-07
   1132   1.55184232e-07
   1133   1.54910478e-07
   1134   1.54637448e-07
   1135   1.54365139e-07
   1136   1.55858049e-07
   1137   1.55584074e-07
   1138   1.55310819e-07
   1139   1.55038285e-07
   1140   1.54766466e-07
   1141   1.58030145e-07
   1142   1.57753567e-07
   1143   1.57477713e-07
   1144   1.57202583e-07
   1145   1.56928173e-07
   1146   1.64858255e-07
   1147   1.64570983e-07
   1148   1.64284461e-07
   1149   1.63998687e-07
   1150   1.63713657e-07
   1151   1.57557718e-07
   1152   1.57284358e-07
   1153   1.57011709e-07
   1154   1.56739768e-07
   1155   1.56468534e-07
   1156   1.63251284e-07
   1157   1.62969270e-07
   1158   1.62687985e-07
   1159   1.62407428e-07
   1160   1.62127596e-07
   1161   1.61257045e-07
   1162   1.60979673e-07
   1163   1.60703016e-07
   1164   1.60427072e-07
   1165   1.60151838e-07
   1166   1.64500015e-07
   1167   1.64218277e-07
   1168   1.63937262e-07
   1169   1.63656967e-07
   1170   1.63377391e-07
   1171   1.73064961e-07
   1172   1.72769818e-07
   1173   1.72475428e-07
   1174   1.72181791e-07
   1175   1.71888902e-07
   1176   1.62073743e-07
   1177   1.61798517e-07
   1178   1.61523992e-07
   1179   1.61250164e-07
   1180   1.60977033e-07
   1181   1.72506362e-07
   1182   1.72214659e-07
   1183   1.71923694e-07
   1184   1.71633466e-07
   1185   1.71343973e-07
   1186   1.74858048e-07
   1187   1.74563613e-07
   1188   1.74269920e-07
   1189   1.73976968e-07
   1190   1.73684754e-07
   1191   1.70770293e-07
   1192   1.70483946e-07
   1193   1.70198319e-07
   1194   1.69913408e-07
   1195   1.69629213e-07
   1196   1.75325728e-07
   1197   1.75032970e-07
   1198   1.74740944e-07
   1199   1.74449648e-07
   1200   1.74159081e-07
   1201   1.70681285e-07
   1202   1.70397467e-07
   1203   1.70114356e-07
   1204   1.69831950e-07
   1205   1.69550246e-07
   1206   1.77563279e-07
   1207   1.77269239e-07
   1208   1.76975929e-07
   1209   1.76683347e-07
   1210   1.76391489e-07
   1211   1.72114505e-07
   1212   1.71830664e-07
   1213   1.71547524e-07
   1214   1.71265083e-07
   1215   1.70983339e-07
   1216   1.72453986e-07
   1217   1.72170752e-07
   1218   1.71888216e-07
   1219   1.71606374e-07
   1220   1.71325225e-07
   1221   1.78696535e-07
   1222   1.78404249e-07
   1223   1.78112679e-07
   1224   1.77821824e-07
   1225   1.77531680e-07
   1226   1.68959253e-07
   1227   1.68684019e-07
   1228   1.68409457e-07
   1229   1.68135565e-07
   1230   1.67862341e-07
   1231   1.80947051e-07
   1232   1.80653484e-07
   1233   1.80360632e-07
   1234   1.80068491e-07
   1235   1.79777059e-07
   1236   1.73646599e-07
   1237   1.73366015e-07
   1238   1.73086110e-07
   1239   1.72806883e-07
   1240   1.72528331e-07
   1241   1.73641368e-07
   1242   1.73361921e-07
   1243   1.73083148e-07
   1244   1.72805047e-07
   1245   1.72527615e-07
   1246   1.78991890e-07
   1247   1.78704987e-07
   1248   1.78418773e-07
   1249   1.78133246e-07
   1250   1.77848403e-07
   1251   1.72406796e-07
   1252   1.72131551e-07
   1253   1.71856964e-07
   1254   1.71583034e-07
   1255   1.71309758e-07
   1256   1.82788434e-07
   1257   1.82497774e-07
   1258   1.82207808e-07
   1259   1.81918531e-07
   1260   1.81629944e-07
   1261   1.70230546e-07
   1262   1.69960927e-07
   1263   1.69691949e-07
   1264   1.69423608e-07
   1265   1.69155903e-07
   1266   1.76438452e-07
   1267   1.76160104e-07
   1268   1.75882413e-07
   1269   1.75605378e-07
   1270   1.75328997e-07
   1271   1.78630761e-07
   1272   1.78350060e-07
   1273   1.78070021e-07
   1274   1.77790641e-07
   1275   1.77511918e-07
   1276   1.71222990e-07
   1277   1.70954983e-07
   1278   1.70687605e-07
   1279   1.70420853e-07
   1280   1.70154727e-07
   1281   1.74250559e-07
   1282   1.73978876e-07
   1283   1.73707829e-07
   1284   1.73437414e-07
   1285   1.73167630e-07
   1286   1.71132822e-07
   1287   1.70867036e-07
   1288   1.70601869e-07
   1289   1.70337319e-07
   1290   1.70073383e-07
   1291   1.77995826e-07
   1292   1.77720451e-07
   1293   1.77445714e-07
   1294   1.77171614e-07
   1295   1.76898148e-07
   1296   1.72459040e-07
   1297   1.72193259e-07
   1298   1.71928091e-07
   1299   1.71663536e-07
   1300   1.71399590e-07
   1301   1.72945624e-07
   1302   1.72680115e-07
   1303   1.72415218e-07
   1304   1.72150929e-07
   1305   1.71887248e-07
   1306   1.71083318e-07
   1307   1.70821673e-07
   1308   1.70560627e-07
   1309   1.70300180e-07
   1310   1.70040328e-07
   1311   1.70309745e-07
   1312   1.70050275e-07
   1313   1.69791397e-07
   1314   1.69533110e-07
   1315   1.69275412e-07
   1316   1.72748340e-07
   1317   1.72486153e-07
   1318   1.72224563e-07
   1319   1.71963567e-07
   1320   1.71703165e-07
   1321   1.67218850e-07
   1322   1.66966014e-07
   1323   1.66713752e-07
   1324   1.66462061e-07
   1325   1.66210940e-07
   1326   1.67171544e-07
   1327   1.66919732e-07
   1328   1.66668489e-07
   1329   1.66417813e-07
   1330   1.66167701e-07
   1331   1.64743584e-07
   1332   1.64496361e-07
   1333   1.64249693e-07
   1334   1.64003580e-07
   1335   1.63758020e-07
   1336   1.64770846e-07
   1337   1.64524506e-07
   1338   1.64278718e-07
   1339   1.64033480e-07
   1340   1.63788791e-07
   1341   1.66116926e-07
   1342   1.65869498e-07
   1343   1.65622623e-07
   1344   1.65376298e-07
   1345   1.65130522e-07
   1346   1.62140052e-07
   1347   1.61899444e-07
   1348   1.61659370e-07
   1349   1.61419831e-07
   1350   1.61180823e-07
   1351   1.62969445e-07
   1352   1.62728499e-07
   1353   1.62488088e-07
   1354   1.62248209e-07
   1355   1.62008861e-07
   1356   1.61590802e-07
   1357   1.61352774e-07
   1358   1.61115273e-07
   1359   1.60878295e-07
   1360   1.60641840e-07
   1361   1.58071304e-07
   1362   1.57839315e-07
   1363   1.57607837e-07
   1364   1.57376867e-07
   1365   1.57146405e-07
   1366   1.55069992e-07
   1367   1.54843241e-07
   1368   1.54616986e-07
   1369   1.54391226e-07
   1370   1.54165961e-07
   1371   1.53045185e-07
   1372   1.52822209e-07
   1373   1.52599720e-07
   1374   1.52377717e-07
   1375   1.52156197e-07
   1376   1.57415695e-07
   1377   1.57187184e-07
   1378   1.56959170e-07
   1379   1.56731652e-07
   1380   1.56504628e-07
   1381   1.49308207e-07
   1382   1.49092249e-07
   1383   1.48876759e-07
   1384   1.48661736e-07
   1385   1.48447178e-07
   1386   1.50811444e-07
   1387   1.50594097e-07
   1388   1.50377220e-07
   1389   1.50160811e-07
   1390   1.49944869e-07
   1391   1.43278308e-07
   1392   1.43072559e-07
   1393   1.42867254e-07
   1394   1.42662389e-07
   1395   1.42457965e-07
   1396   1.47662546e-07
   1397   1.47451260e-07
   1398   1.47240427e-07
   1399   1.47030046e-07
   1400   1.46820116e-07
   1401   1.46531842e-07
   1402   1.46322921e-07
   1403   1.46114447e-07
   1404   1.45906418e-07
   1405   1.45698833e-07
   1406   1.40605605e-07
   1407   1.40405846e-07
   1408   1.40206512e-07
   1409   1.40007602e-07
   1410   1.39809116e-07
   1411   1.40306588e-07
   1412   1.40107959e-07
   1413   1.39909752e-07
   1414   1.39711964e-07
   1415   1.39514596e-07
   1416   1.35328818e-07
   1417   1.35137911e-07
   1418   1.34947408e-07
   1419   1.34757308e-07
   1420   1.34567609e-07
   1421   1.34148532e-07
   1422   1.33959955e-07
   1423   1.33771776e-07
   1424   1.33583994e-07
   1425   1.33396606e-07
   1426   1.35840016e-07
   1427   1.35649730e-07
   1428   1.35459844e-07
   1429   1.35270357e-07
   1430   1.35081267e-07
   1431   1.30553944e-07
   1432   1.30371701e-07
   1433   1.30189840e-07
   1434   1.30008359e-07
   1435   1.29827258e-07
   1436   1.30620487e-07
   1437   1.30438786e-07
   1438   1.30257464e-07
   1439   1.30076519e-07
   1440   1.29895951e-07
   1441   1.26980061e-07
   1442   1.26804036e-07
   1443   1.26628377e-07
   1444   1.26453082e-07
   1445   1.26278152e-07
   1446   1.25568250e-07
   1447   1.25394783e-07
   1448   1.25221676e-07
   1449   1.25048927e-07
   1450   1.24876534e-07
   1451   1.23134693e-07
   1452   1.22965173e-07
   1453   1.22796004e-07
   1454   1.22627183e-07
   1455   1.22458710e-07
   1456   1.17400701e-07
   1457   1.17239630e-07
   1458   1.17078890e-07
   1459   1.16918481e-07
   1460   1.16758401e-07
   1461   1.22947379e-07
   1462   1.22779275e-07
   1463   1.22611515e-07
   1464   1.22444099e-07
   1465   1.22277025e-07
   1466   1.15245924e-07
   1467   1.15088887e-07
   1468   1.14932170e-07
   1469   1.14775773e-07
   1470   1.14619695e-07
   1471   1.16203228e-07
   1472   1.16045423e-07
   1473   1.15887940e-07
   1474   1.15730777e-07
   1475   1.15573934e-07
   1476   1.09867278e-07
   1477   1.09718583e-07
   1478   1.09570189e-07
   1479   1.09422096e-07
   1480   1.09274303e-07
   1481   1.09730780e-07
   1482   1.09582771e-07
   1483   1.09435060e-07
   1484   1.09287648e-07
   1485   1.09140533e-07
   1486   1.10925394e-07
   1487   1.10776275e-07
   1488   1.10627458e-07
   1489   1.10478939e-07
   1490   1.10330720e-07
   1491   1.06114256e-07
   1492   1.05972083e-07
   1493   1.05830196e-07
   1494   1.05688593e-07
   1495   1.05547274e-07
   1496   1.05333913e-07
   1497   1.05193257e-07
   1498   1.05052882e-07
   1499   1.04912789e-07
   1500   1.04772975e-07
   1501   1.03349493e-07
   1502   1.03211946e-07
   1503   1.03074673e-07
   1504   1.02937674e-07
   1505   1.02800948e-07
   1506   1.02418234e-07
   1507   1.02282379e-07
   1508   1.02146793e-07
   1509   1.02011477e-07
   1510   1.01876429e-07
   1511   1.02449261e-07
   1512   1.02313814e-07
   1513   1.02178634e-07
   1514   1.02043723e-07
   1515   1.01909078e-07
   1516   9.77317342e-08
   1517   9.76029491e-08
   1518   9.74744185e-08
   1519   9.73461416e-08
   1520   9.72181178e-08
   1521   9.79831395e-08
   1522   9.78544471e-08
   1523   9.77260082e-08
   1524   9.75978219e-08
   1525   9.74698877e-08
   1526   1.00001518e-07
   1527   9.98706041e-08
   1528   9.97399475e-08
   1529   9.96095472e-08
   1530   9.94794024e-08
   1531   9.72895037e-08
   1532   9.71625561e-08
   1533   9.70358568e-08
   1534   9.69094051e-08
   1535   9.67832005e-08
   1536   9.55292512e-08
   1537   9.54050057e-08
   1538   9.52810025e-08
   1539   9.51572408e-08
   1540   9.50337201e-08
   1541   9.17688930e-08
   1542   9.16499251e-08
   1543   9.15311884e-08
   1544   9.14126822e-08
   1545   9.12944061e-08
   1546   9.70236410e-08
   1547   9.68982673e-08
   1548   9.67731363e-08
   1549   9.66482476e-08
   1550   9.65236005e-08
   1551   9.31769018e-08
   1552   9.30568865e-08
   1553   9.29371029e-08
   1554   9.28175504e-08
   1555   9.26982285e-08
   1556   9.56706927e-08
   1557   9.55478608e-08
   1558   9.54252653e-08
   1559   9.53029056e-08
   1560   9.51807811e-08
   1561   9.45960134e-08
   1562   9.44749498e-08
   1563   9.43541186e-08
   1564   9.42335190e-08
   1565   9.41131505e-08
   1566   9.40341503e-08
   1567   9.39141896e-08
   1568   9.37944584e-08
   1569   9.36749560e-08
   1570   9.35556818e-08
   1571   9.51451217e-08
   1572   9.50241297e-08
   1573   9.49033683e-08
   1574   9.47828370e-08
   1575   9.46625351e-08
   1576   9.65634020e-08
   1577   9.64409955e-08
   1578   9.63188217e-08
   1579   9.61968798e-08
   1580   9.60751694e-08
   1581   9.65819184e-08
   1582   9.64598752e-08
   1583   9.63380632e-08
   1584   9.62164818e-08
   1585   9.60951304e-08
   1586   9.93612246e-08
   1587   9.92360648e-08
   1588   9.91111414e-08
   1589   9.89864537e-08
   1590   9.88620011e-08
   1591   9.95710953e-08
   1592   9.94460649e-08
   1593   9.93212699e-08
   1594   9.91967096e-08
   1595   9.90723834e-08
   1596   1.01384891e-07
   1597   1.01257982e-07
   1598   1.01131310e-07
   1599   1.01004877e-07
   1600   1.00878680e-07
   1601   1.02625905e-07
   1602   1.02497843e-07
   1603   1.02370021e-07
   1604   1.02242437e-07
   1605   1.02115091e-07
   1606   1.04493886e-07
   1607   1.04363898e-07
   1608   1.04234153e-07
   1609   1.04104649e-07
   1610   1.03975387e-07
   1611   1.09283582e-07
   1612   1.09148058e-07
   1613   1.09012785e-07
   1614   1.08877764e-07
   1615   1.08742994e-07
   1616   1.09468111e-07
   1617   1.09332777e-07
   1618   1.09197694e-07
   1619   1.09062862e-07
   1620   1.08928279e-07
   1621   1.12696627e-07
   1622   1.12557731e-07
   1623   1.12419092e-07
   1624   1.12280708e-07
   1625   1.12142580e-07
   1626   1.14062012e-07
   1627   1.13921865e-07
   1628   1.13781977e-07
   1629   1.13642345e-07
   1630   1.13502971e-07
   1631   1.21175339e-07
   1632   1.21026908e-07
   1633   1.20878750e-07
   1634   1.20730863e-07
   1635   1.20583248e-07
   1636   1.22552112e-07
   1637   1.22402453e-07
   1638   1.22253068e-07
   1639   1.22103956e-07
   1640   1.21955117e-07
   1641   1.28918595e-07
   1642   1.28761640e-07
   1643   1.28604972e-07
   1644   1.28448590e-07
   1645   1.28292492e-07
   1646   1.30990346e-07
   1647   1.30831353e-07
   1648   1.30672649e-07
   1649   1.30514234e-07
   1650   1.30356107e-07
   1651   1.38793335e-07
   1652   1.38625380e-07
   1653   1.38457731e-07
   1654   1.38290385e-07
   1655   1.38123342e-07
   1656   1.42317497e-07
   1657   1.42145797e-07
   1658   1.41974408e-07
   1659   1.41803329e-07
   1660   1.41632559e-07
   1661   1.44940886e-07
   1662   1.44766547e-07
   1663   1.44592523e-07
   1664   1.44418812e-07
   1665   1.44245414e-07
   1666   1.56574893e-07
   1667   1.56387125e-07
   1668   1.56199695e-07
   1669   1.56012601e-07
   1670   1.55825844e-07
   1671   1.62937242e-07
   1672   1.62742428e-07
   1673   1.62547964e-07
   1674   1.62353848e-07
   1675   1.62160079e-07
   1676   1.74405801e-07
   1677   1.74197897e-07
   1678   1.73990364e-07
   1679   1.73783202e-07
   1680   1.73576409e-07
   1681   1.79983360e-07
   1682   1.79769444e-07
   1683   1.79555910e-07
   1684   1.79342756e-07
   1685   1.79129981e-07
   1686   1.88730653e-07
   1687   1.88507005e-07
   1688   1.88283755e-07
   1689   1.88060901e-07
   1690   1.87838442e-07
   1691   1.98064726e-07
   1692   1.97830710e-07
   1693   1.97597109e-07
   1694   1.97363922e-07
   1695   1.97131147e-07
   1696   2.07073596e-07
   1697   2.06829657e-07
   1698   2.06586149e-07
   1699   2.06343071e-07
   1700   2.06100421e-07
   1701   2.18571980e-07
   1702   2.18315252e-07
   1703   2.18058976e-07
   1704   2.17803151e-07
   1705   2.17547776e-07
   1706   2.26470679e-07
   1707   2.26205452e-07
   1708   2.25940691e-07
   1709   2.25676394e-07
   1710   2.25412561e-07
   1711   2.37361304e-07
   1712   2.37084134e-07
   1713   2.36807449e-07
   1714   2.36531249e-07
   1715   2.36255531e-07
   1716   2.54918290e-07
   1717   2.54621485e-07
   1718   2.54325198e-07
   1719   2.54029428e-07
   1720   2.53734174e-07
   1721   2.64514901e-07
   1722   2.64207817e-07
   1723   2.63901267e-07
   1724   2.63595250e-07
   1725   2.63289765e-07
   1726   2.90067469e-07
   1727   2.89731694e-07
   1728   2.89396502e-07
   1729   2.89061891e-07
   1730   2.88727860e-07
   1731   2.98314243e-07
   1732   2.97969919e-07
   1733   2.97626190e-07
   1734   2.97283056e-07
   1735   2.96940514e-07
   1736   3.18017957e-07
   1737   3.17651946e-07
   1738   3.17286567e-07
   1739   3.16921817e-07
   1740   3.16557696e-07
   1741   3.32255482e-07
   1742   3.31874181e-07
   1743   3.31493537e-07
   1744   3.31113548e-07
   1745   3.30734211e-07
   1746   3.36859450e-07
   1747   3.36473973e-07
   1748   3.36089156e-07
   1749   3.35704999e-07
   1750   3.35321501e-07
   1751   3.53716797e-07
   1752   3.53313183e-07
   1753   3.52910260e-07
   1754   3.52508026e-07
   1755   3.52106479e-07
   1756   3.59731024e-07
   1757   3.59321715e-07
   1758   3.58913105e-07
   1759   3.58505191e-07
   1760   3.58097973e-07
   1761   3.81083348e-07
   1762   3.80650974e-07
   1763   3.80219336e-07
   1764   3.79788431e-07
   1765   3.79358259e-07
   1766   3.86970662e-07
   1767   3.86532851e-07
   1768   3.86095782e-07
   1769   3.85659454e-07
   1770   3.85223865e-07
   1771   4.07669038e-07
   1772   4.07209110e-07
   1773   4.06749959e-07
   1774   4.06291585e-07
   1775   4.05833985e-07
   1776   4.37817514e-07
   1777   4.37324961e-07
   1778   4.36833240e-07
   1779   4.36342347e-07
   1780   4.35852281e-07
   1781   4.51442864e-07
   1782   4.50936407e-07
   1783   4.50430802e-07
   1784   4.49926047e-07
   1785   4.49422140e-07
   1786   4.80586446e-07
   1787   4.80048802e-07
   1788   4.79512060e-07
   1789   4.78976217e-07
   1790   4.78441273e-07
   1791   4.95157249e-07
   1792   4.94604849e-07
   1793   4.94053373e-07
   1794   4.93502819e-07
   1795   4.92953185e-07
   1796   5.22611302e-07
   1797   5.22029896e-07
   1798   5.21449460e-07
   1799   5.20869991e-07
   1800   5.20291488e-07
   1801   5.44480222e-07
   1802   5.43876167e-07
   1803   5.43273117e-07
   1804   5.42671069e-07
   1805   5.42070021e-07
   1806   5.58845866e-07
   1807   5.58227588e-07
   1808   5.57610336e-07
   1809   5.56994107e-07
   1810   5.56378899e-07
   1811   5.86650164e-07
   1812   5.86002915e-07
   1813   5.85356737e-07
   1814   5.84711627e-07
   1815   5.84067583e-07
   1816   6.07744610e-07
   1817   6.07075932e-07
   1818   6.06408357e-07
   1819   6.05741883e-07
   1820   6.05076507e-07
   1821   6.59789805e-07
   1822   6.59065855e-07
   1823   6.58343097e-07
   1824   6.57621526e-07
   1825   6.56901141e-07
   1826   6.80758120e-07
   1827   6.80013206e-07
   1828   6.79269514e-07
   1829   6.78527042e-07
   1830   6.77785786e-07
   1831   7.12847312e-07
   1832   7.12069413e-07
   1833   7.11292787e-07
   1834   7.10517430e-07
   1835   7.09743341e-07
   1836   7.49279536e-07
   1837   7.48464105e-07
   1838   7.47650004e-07
   1839   7.46837231e-07
   1840   7.46025782e-07
   1841   7.69374038e-07
   1842   7.68539009e-07
   1843   7.67705340e-07
   1844   7.66873026e-07
   1845   7.66042066e-07
   1846   7.97375437e-07
   1847   7.96512360e-07
   1848   7.95650683e-07
   1849   7.94790404e-07
   1850   7.93931520e-07
   1851   8.08770750e-07
   1852   8.07897701e-07
   1853   8.07026065e-07
   1854   8.06155839e-07
   1855   8.05287020e-07
   1856   8.31679592e-07
   1857   8.30784230e-07
   1858   8.29890313e-07
   1859   8.28997838e-07
   1860   8.28106802e-07
   1861   8.62760343e-07
   1862   8.61834014e-07
   1863   8.60909175e-07
   1864   8.59985824e-07
   1865   8.59063958e-07
   1866   8.95784324e-07
   1867   8.94825112e-07
   1868   8.93867440e-07
   1869   8.92911304e-07
   1870   8.91956702e-07
   1871   9.49022348e-07
   1872   9.48008841e-07
   1873   9.46996957e-07
   1874   9.45986692e-07
   1875   9.44978043e-07
   1876   9.66022957e-07
   1877   9.64994041e-07
   1878   9.63966769e-07
   1879   9.62941136e-07
   1880   9.61917139e-07
   1881   1.02390020e-06
   1882   1.02281253e-06
   1883   1.02172660e-06
   1884   1.02064240e-06
   1885   1.01955992e-06
   1886   1.04822964e-06
   1887   1.04711908e-06
   1888   1.04601028e-06
   1889   1.04490325e-06
   1890   1.04379797e-06
   1891   1.08163382e-06
   1892   1.08049089e-06
   1893   1.07934978e-06
   1894   1.07821048e-06
   1895   1.07707297e-06
   1896   1.13682085e-06
   1897   1.13562278e-06
   1898   1.13442660e-06
   1899   1.13323231e-06
   1900   1.13203991e-06
   1901   1.13322726e-06
   1902   1.13203611e-06
   1903   1.13084684e-06
   1904   1.12965945e-06
   1905   1.12847392e-06
   1906   1.18464531e-06
   1907   1.18340338e-06
   1908   1.18216340e-06
   1909   1.18092537e-06
   1910   1.17968929e-06
   1911   1.23567498e-06
   1912   1.23438294e-06
   1913   1.23309293e-06
   1914   1.23180494e-06
   1915   1.23051896e-06
   1916   1.27106305e-06
   1917   1.26973748e-06
   1918   1.26841397e-06
   1919   1.26709254e-06
   1920   1.26577316e-06
   1921   1.32672581e-06
   1922   1.32534578e-06
   1923   1.32396790e-06
   1924   1.32259217e-06
   1925   1.32121859e-06
   1926   1.37347304e-06
   1927   1.37204809e-06
   1928   1.37062536e-06
   1929   1.36920484e-06
   1930   1.36778653e-06
   1931   1.45883473e-06
   1932   1.45732513e-06
   1933   1.45581788e-06
   1934   1.45431296e-06
   1935   1.45281038e-06
   1936   1.48337928e-06
   1937   1.48184825e-06
   1938   1.48031958e-06
   1939   1.47879329e-06
   1940   1.47726935e-06
   1941   1.53640010e-06
   1942   1.53481843e-06
   1943   1.53323919e-06
   1944   1.53166239e-06
   1945   1.53008803e-06
   1946   1.57776243e-06
   1947   1.57614235e-06
   1948   1.57452475e-06
   1949   1.57290965e-06
   1950   1.57129703e-06
   1951   1.55498301e-06
   1952   1.55339040e-06
   1953   1.55180023e-06
   1954   1.55021251e-06
   1955   1.54862722e-06
   1956   1.64776758e-06
   1957   1.64608425e-06
   1958   1.64440350e-06
   1959   1.64272532e-06
   1960   1.64104971e-06
   1961   1.59637719e-06
   1962   1.59475052e-06
   1963   1.59312633e-06
   1964   1.59150462e-06
   1965   1.58988539e-06
   1966   1.68931993e-06
   1967   1.68760292e-06
   1968   1.68588853e-06
   1969   1.68417675e-06
   1970   1.68246758e-06
   1971   1.73159288e-06
   1972   1.72983737e-06
   1973   1.72808452e-06
   1974   1.72633434e-06
   1975   1.72458682e-06
   1976   1.77166555e-06
   1977   1.76987395e-06
   1978   1.76808507e-06
   1979   1.76629890e-06
   1980   1.76451544e-06
   1981   1.84140063e-06
   1982   1.83954321e-06
   1983   1.83768860e-06
   1984   1.83583679e-06
   1985   1.83398778e-06
   1986   1.87374500e-06
   1987   1.87185971e-06
   1988   1.86997726e-06
   1989   1.86809765e-06
   1990   1.86622087e-06
   1991   1.96533725e-06
   1992   1.96336476e-06
   1993   1.96139524e-06
   1994   1.95942868e-06
   1995   1.95746508e-06
   1996   1.96289658e-06
   1997   1.96093147e-06
   1998   1.95896931e-06
   1999   1.95701010e-06
   2000   1.95505382e-06
   2001   1.99158188e-06
   2002   1.98959303e-06
   2003   1.98760716e-06
   2004   1.98562426e-06
   2005   1.98364433e-06
   2006   2.05219801e-06
   2007   2.05015373e-06
   2008   2.04811251e-06
   2009   2.04607433e-06
   2010   2.04403920e-06
   2011   2.08665501e-06
   2012   2.08458157e-06
   2013   2.08251123e-06
   2014   2.08044396e-06
   2015   2.07837977e-06
   2016   2.20347513e-06
   2017   2.20129104e-06
   2018   2.19911019e-06
   2019   2.19693259e-06
   2020   2.19475821e-06
   2021   2.25609811e-06
   2022   2.25386739e-06
   2023   2.25163997e-06
   2024   2.24941585e-06
   2025   2.24719503e-06
   2026   2.30139797e-06
   2027   2.29912806e-06
   2028   2.29686152e-06
   2029   2.29459832e-06
   2030   2.29233847e-06
   2031   2.42894317e-06
   2032   2.42655336e-06
   2033   2.42416707e-06
   2034   2.42178430e-06
   2035   2.41940505e-06
   2036   2.42454525e-06
   2037   2.42216562e-06
   2038   2.41978949e-06
   2039   2.41741686e-06
   2040   2.41504771e-06
   2041   2.53796963e-06
   2042   2.53548478e-06
   2043   2.53300357e-06
   2044   2.53052600e-06
   2045   2.52805207e-06
   2046   2.48595122e-06
   2047   2.48352324e-06
   2048   2.48109881e-06
   2049   2.47867793e-06
   2050   2.47626059e-06
   2051   2.51770935e-06
   2052   2.51525633e-06
   2053   2.51280691e-06
   2054   2.51036106e-06
   2055   2.50791877e-06
   2056   2.55497604e-06
   2057   2.55249277e-06
   2058   2.55001312e-06
   2059   2.54753707e-06
   2060   2.54506464e-06
   2061   2.56469172e-06
   2062   2.56220505e-06
   2063   2.55972199e-06
   2064   2.55724254e-06
   2065   2.55476669e-06
   2066   2.62593716e-06
   2067   2.62339726e-06
   2068   2.62086105e-06
   2069   2.61832851e-06
   2070   2.61579964e-06
   2071   2.61441744e-06
   2072   2.61189479e-06
   2073   2.60937578e-06
   2074   2.60686042e-06
   2075   2.60434869e-06
   2076   2.75958339e-06
   2077   2.75692707e-06
   2078   2.75427458e-06
   2079   2.75162592e-06
   2080   2.74898108e-06
   2081   2.84409343e-06
   2082   2.84136234e-06
   2083   2.83863517e-06
   2084   2.83591194e-06
   2085   2.83319262e-06
   2086   2.96365509e-06
   2087   2.96081600e-06
   2088   2.95798099e-06
   2089   2.95515005e-06
   2090   2.95232317e-06
   2091   2.92075651e-06
   2092   2.91796520e-06
   2093   2.91517789e-06
   2094   2.91239457e-06
   2095   2.90961524e-06
   2096   3.00797034e-06
   2097   3.00510253e-06
   2098   3.00223883e-06
   2099   2.99937921e-06
   2100   2.99652368e-06
   2101   3.03418013e-06
   2102   3.03129421e-06
   2103   3.02841241e-06
   2104   3.02553472e-06
   2105   3.02266112e-06
   2106   3.02902254e-06
   2107   3.02614836e-06
   2108   3.02327828e-06
   2109   3.02041227e-06
   2110   3.01755034e-06
   2111   3.14006631e-06
   2112   3.13709382e-06
   2113   3.13412554e-06
   2114   3.13116148e-06
   2115   3.12820162e-06
   2116   3.21162734e-06
   2117   3.20859429e-06
   2118   3.20556553e-06
   2119   3.20254105e-06
   2120   3.19952086e-06
   2121   3.27812985e-06
   2122   3.27504128e-06
   2123   3.27195707e-06
   2124   3.26887722e-06
   2125   3.26580172e-06
   2126   3.33282971e-06
   2127   3.32969699e-06
   2128   3.32656867e-06
   2129   3.32344477e-06
   2130   3.32032526e-06
   2131   3.41365868e-06
   2132   3.41045750e-06
   2133   3.40726082e-06
   2134   3.40406863e-06
   2135   3.40088093e-06
   2136   3.53759762e-06
   2137   3.53428797e-06
   2138   3.53098297e-06
   2139   3.52768260e-06
   2140   3.52438685e-06
   2141   3.53925680e-06
   2142   3.53595333e-06
   2143   3.53265448e-06
   2144   3.52936025e-06
   2145   3.52607062e-06
   2146   3.54242790e-06
   2147   3.53912917e-06
   2148   3.53583504e-06
   2149   3.53254551e-06
   2150   3.52926056e-06
   2151   3.45853199e-06
   2152   3.45531886e-06
   2153   3.45211020e-06
   2154   3.44890602e-06
   2155   3.44570629e-06
   2156   3.48720385e-06
   2157   3.48397159e-06
   2158   3.48074382e-06
   2159   3.47752054e-06
   2160   3.47430173e-06
   2161   3.64673519e-06
   2162   3.64336287e-06
   2163   3.63999524e-06
   2164   3.63663227e-06
   2165   3.63327395e-06
   2166   3.59244418e-06
   2167   3.58912973e-06
   2168   3.58581987e-06
   2169   3.58251459e-06
   2170   3.57921387e-06
   2171   3.71395486e-06
   2172   3.71053620e-06
   2173   3.70712225e-06
   2174   3.70371301e-06
   2175   3.70030847e-06
   2176   3.70438569e-06
   2177   3.70098366e-06
   2178   3.69758631e-06
   2179   3.69419364e-06
   2180   3.69080564e-06
   2181   3.83305242e-06
   2182   3.82954029e-06
   2183   3.82603298e-06
   2184   3.82253049e-06
   2185   3.81903281e-06
   2186   3.91083688e-06
   2187   3.90726166e-06
   2188   3.90369135e-06
   2189   3.90012593e-06
   2190   3.89656539e-06
   2191   3.85643403e-06
   2192   3.85291659e-06
   2193   3.84940396e-06
   2194   3.84589613e-06
   2195   3.84239310e-06
   2196   3.93202913e-06
   2197   3.92845090e-06
   2198   3.92487755e-06
   2199   3.92130908e-06
   2200   3.91774547e-06
   2201   3.80897811e-06
   2202   3.80551973e-06
   2203   3.80206605e-06
   2204   3.79861707e-06
   2205   3.79517279e-06
   2206   3.89047361e-06
   2207   3.88694923e-06
   2208   3.88342964e-06
   2209   3.87991483e-06
   2210   3.87640478e-06
   2211   3.88415568e-06
   2212   3.88064497e-06
   2213   3.87713903e-06
   2214   3.87363783e-06
   2215   3.87014137e-06
   2216   3.90095501e-06
   2217   3.89743707e-06
   2218   3.89392389e-06
   2219   3.89041545e-06
   2220   3.88691176e-06
   2221   4.06624056e-06
   2222   4.06258181e-06
   2223   4.05892800e-06
   2224   4.05527912e-06
   2225   4.05163515e-06
   2226   4.06544299e-06
   2227   4.06179317e-06
   2228   4.05814826e-06
   2229   4.05450826e-06
   2230   4.05087315e-06
   2231   4.22327455e-06
   2232   4.21949152e-06
   2233   4.21571358e-06
   2234   4.21194071e-06
   2235   4.20817290e-06
   2236   4.28169122e-06
   2237   4.27786444e-06
   2238   4.27404278e-06
   2239   4.27022625e-06
   2240   4.26641482e-06
   2241   4.20083521e-06
   2242   4.19708906e-06
   2243   4.19334792e-06
   2244   4.18961178e-06
   2245   4.18588064e-06
   2246   4.38564805e-06
   2247   4.38174579e-06
   2248   4.37784874e-06
   2249   4.37395689e-06
   2250   4.37007022e-06
   2251   4.18993428e-06
   2252   4.18621444e-06
   2253   4.18249955e-06
   2254   4.17878960e-06
   2255   4.17508459e-06
   2256   4.23819503e-06
   2257   4.23444068e-06
   2258   4.23069131e-06
   2259   4.22694692e-06
   2260   4.22320750e-06
   2261   4.22680357e-06
   2262   4.22306758e-06
   2263   4.21933654e-06
   2264   4.21561045e-06
   2265   4.21188929e-06
   2266   4.30587774e-06
   2267   4.30208025e-06
   2268   4.29828778e-06
   2269   4.29450033e-06
   2270   4.29071788e-06
   2271   4.44896668e-06
   2272   4.44505163e-06
   2273   4.44114174e-06
   2274   4.43723701e-06
   2275   4.43333743e-06
   2276   4.40993402e-06
   2277   4.40606184e-06
   2278   4.40219475e-06
   2279   4.39833275e-06
   2280   4.39447583e-06
   2281   4.64325808e-06
   2282   4.63918996e-06
   2283   4.63512717e-06
   2284   4.63106973e-06
   2285   4.62701760e-06
   2286   4.65380866e-06
   2287   4.64974020e-06
   2288   4.64567708e-06
   2289   4.64161927e-06
   2290   4.63756679e-06
   2291   4.68199772e-06
   2292   4.67791355e-06
   2293   4.67383471e-06
   2294   4.66976121e-06
   2295   4.66569303e-06
   2296   4.67120442e-06
   2297   4.66713853e-06
   2298   4.66307794e-06
   2299   4.65902265e-06
   2300   4.65497264e-06
   2301   4.59125453e-06
   2302   4.58726691e-06
   2303   4.58328447e-06
   2304   4.57930722e-06
   2305   4.57533515e-06
   2306   4.76834913e-06
   2307   4.76421666e-06
   2308   4.76008957e-06
   2309   4.75596783e-06
   2310   4.75185145e-06
   2311   4.69024770e-06
   2312   4.68619171e-06
   2313   4.68214098e-06
   2314   4.67809549e-06
   2315   4.67405525e-06
   2316   4.83239033e-06
   2317   4.82822044e-06
   2318   4.82405593e-06
   2319   4.81989682e-06
   2320   4.81574308e-06
   2321   4.90826709e-06
   2322   4.90404083e-06
   2323   4.89982003e-06
   2324   4.89560468e-06
   2325   4.89139477e-06
   2326   5.04746962e-06
   2327   5.04313284e-06
   2328   5.03880165e-06
   2329   5.03447603e-06
   2330   5.03015599e-06
   2331   5.19828175e-06
   2332   5.19382496e-06
   2333   5.18937391e-06
   2334   5.18492857e-06
   2335   5.18048895e-06
   2336   5.11020019e-06
   2337   5.10582830e-06
   2338   5.10146201e-06
   2339   5.09710132e-06
   2340   5.09274622e-06
   2341   5.15576317e-06
   2342   5.15136170e-06
   2343   5.14696588e-06
   2344   5.14257567e-06
   2345   5.13819108e-06
   2346   5.08138040e-06
   2347   5.07705168e-06
   2348   5.07272848e-06
   2349   5.06841081e-06
   2350   5.06409864e-06
   2351   5.09378955e-06
   2352   5.08945948e-06
   2353   5.08513493e-06
   2354   5.08081588e-06
   2355   5.07650234e-06
   2356   5.06681445e-06
   2357   5.06251644e-06
   2358   5.05822390e-06
   2359   5.05393682e-06
   2360   5.04965518e-06
   2361   5.20516757e-06
   2362   5.20076154e-06
   2363   5.19636111e-06
   2364   5.19196626e-06
   2365   5.18757698e-06
   2366   5.51502573e-06
   2367   5.51036728e-06
   2368   5.50571473e-06
   2369   5.50106806e-06
   2370   5.49642728e-06
   2371   5.67709450e-06
   2372   5.67230926e-06
   2373   5.66753006e-06
   2374   5.66275690e-06
   2375   5.65798977e-06
   2376   5.89884105e-06
   2377   5.89387935e-06
   2378   5.88892391e-06
   2379   5.88397471e-06
   2380   5.87903175e-06
   2381   6.06906246e-06
   2382   6.06396829e-06
   2383   6.05888054e-06
   2384   6.05379918e-06
   2385   6.04872422e-06
   2386   6.09252730e-06
   2387   6.08742414e-06
   2388   6.08232740e-06
   2389   6.07723705e-06
   2390   6.07215310e-06
   2391   6.18162671e-06
   2392   6.17645975e-06
   2393   6.17129926e-06
   2394   6.16614524e-06
   2395   6.16099767e-06
   2396   5.64148511e-06
   2397   5.63677947e-06
   2398   5.63207970e-06
   2399   5.62738581e-06
   2400   5.62269779e-06
   2401   5.23156712e-06
   2402   5.22721247e-06
   2403   5.22286326e-06
   2404   5.21851947e-06
   2405   5.21418110e-06
   2406   4.73709692e-06
   2407   4.73316205e-06
   2408   4.72923208e-06
   2409   4.72530700e-06
   2410   4.72138680e-06
   2411   4.69572316e-06
   2412   4.69183073e-06
   2413   4.68794315e-06
   2414   4.68406039e-06
   2415   4.68018246e-06
   2416   5.14887885e-06
   2417   5.14461962e-06
   2418   5.14036567e-06
   2419   5.13611699e-06
   2420   5.13187358e-06
   2421   5.96355310e-06
   2422   5.95863013e-06
   2423   5.95371327e-06
   2424   5.94880248e-06
   2425   5.94389777e-06
   2426   7.31200743e-06
   2427   7.30598374e-06
   2428   7.29996749e-06
   2429   7.29395867e-06
   2430   7.28795726e-06
   2431   8.43530271e-06
   2432   8.42836792e-06
   2433   8.42144168e-06
   2434   8.41452398e-06
   2435   8.40761479e-06
   2436   9.57314635e-06
   2437   9.56529227e-06
   2438   9.55744785e-06
   2439   9.54961307e-06
   2440   9.54178793e-06
   2441   1.02690653e-05
   2442   1.02606575e-05
   2443   1.02522601e-05
   2444   1.02438729e-05
   2445   1.02354960e-05
   2446   1.05079650e-05
   2447   1.04993792e-05
   2448   1.04908039e-05
   2449   1.04822391e-05
   2450   1.04736848e-05
   2451   1.12974786e-05
   2452   1.12882665e-05
   2453   1.12790657e-05
   2454   1.12698761e-05
   2455   1.12606978e-05
   2456   1.22586364e-05
   2457   1.22486609e-05
   2458   1.22386976e-05
   2459   1.22287464e-05
   2460   1.22188074e-05
   2461   1.35368290e-05
   2462   1.35258358e-05
   2463   1.35148559e-05
   2464   1.35038894e-05
   2465   1.34929362e-05
   2466   1.44319386e-05
   2467   1.44202421e-05
   2468   1.44085599e-05
   2469   1.43968919e-05
   2470   1.43852380e-05
   2471   1.45157728e-05
   2472   1.45040322e-05
   2473   1.44923059e-05
   2474   1.44805937e-05
   2475   1.44688958e-05
   2476   1.38847077e-05
   2477   1.38735002e-05
   2478   1.38623063e-05
   2479   1.38511259e-05
   2480   1.38399590e-05
   2481   1.16280508e-05
   2482   1.16186837e-05
   2483   1.16093279e-05
   2484   1.15999835e-05
   2485   1.15906503e-05
   2486   8.57240600e-06
   2487   8.56551430e-06
   2488   8.55863092e-06
   2489   8.55175583e-06
   2490   8.54488901e-06
   2491   3.63554403e-06
   2492   3.63262714e-06
   2493   3.62971375e-06
   2494   3.62680387e-06
   2495   3.62389749e-06
   2496  -3.35585643e-06
   2497  -3.35316933e-06
   2498  -3.35048545e-06
   2499  -3.34780479e-06
   2500  -3.34512735e-06
   2501  -1.18107716e-05
   2502  -1.18013334e-05
   2503  -1.17919065e-05
   2504  -1.17824908e-05
   2505  -1.17730865e-05
   2506  -1.93310114e-05
   2507  -1.93155943e-05
   2508  -1.93001958e-05
   2509  -1.92848156e-05
   2510  -1.92694538e-05
   2511  -2.56957504e-05
   2512  -2.56752981e-05
   2513  -2.56548702e-05
   2514  -2.56344667e-05
   2515  -2.56140875e-05
   2516  -2.74470135e-05
   2517  -2.74252107e-05
   2518  -2.74034338e-05
   2519  -2.73816829e-05
   2520  -2.73599579e-05
   2521  -2.44475056e-05
   2522  -2.44281240e-05
   2523  -2.44087654e-05
   2524  -2.43894298e-05
   2525  -2.43701172e-05
   2526  -1.28501761e-05
   2527  -1.28400088e-05
   2528  -1.28298536e-05
   2529  -1.28197104e-05
   2530  -1.28095792e-05
   2531   8.93336933e-06
   2532   8.92631505e-06
   2533   8.91926911e-06
   2534   8.91223152e-06
   2535   8.90520225e-06
   2536   4.28129620e-05
   2537   4.27792211e-05
   2538   4.27455201e-05
   2539   4.27118589e-05
   2540   4.26782375e-05
   2541   8.81363060e-05
   2542   8.80669824e-05
   2543   8.79977406e-05
   2544   8.79285804e-05
   2545   8.78595016e-05
   2546   1.47855790e-04
   2547   1.47739723e-04
   2548   1.47623792e-04
   2549   1.47507997e-04
   2550   1.47392338e-04
   2551   2.06587132e-04
   2552   2.06425277e-04
   2553   2.06263613e-04
   2554   2.06102138e-04
   2555   2.05940853e-04
   2556   2.69155559e-04
   2557   2.68945096e-04
   2558   2.68734880e-04
   2559   2.68524911e-04
   2560   2.68315187e-04
   2561   3.15559366e-04
   2562   3.15313100e-04
   2563   3.15067122e-04
   2564   3.14821432e-04
   2565   3.14576029e-04
   2566   3.40736648e-04
   2567   3.40471251e-04
   2568   3.40206164e-04
   2569   3.39941387e-04
   2570   3.39676918e-04
   2571   3.44179495e-04
   2572   3.43911937e-04
   2573   3.43644692e-04
   2574   3.43377757e-04
   2575   3.43111134e-04
   2576   2.79836090e-04
   2577   2.79618973e-04
   2578   2.79402109e-04
   2579   2.79185497e-04
   2580   2.78969137e-04
   2581   1.46146464e-04
   2582   1.46033293e-04
   2583   1.45920253e-04
   2584   1.45807344e-04
   2585   1.45694567e-04
   2586  -1.11291491e-04
   2587  -1.11205477e-04
   2588  -1.11119563e-04
   2589  -1.11033748e-04
   2590  -1.10948032e-04
   2591  -5.16547442e-04
   2592  -5.16148987e-04
   2593  -5.15750993e-04
   2594  -5.15353459e-04
   2595  -5.14956384e-04
   2596  -1.07609585e-03
   2597  -1.07526737e-03
   2598  -1.07443985e-03
   2599  -1.07361327e-03
   2600  -1.07278766e-03
   2601  -1.63478496e-03
   2602  -1.63352876e-03
   2603  -1.63227401e-03
   2604  -1.63102071e-03
   2605  -1.62976884e-03
   2606  -2.16763755e-03
   2607  -2.16597509e-03
   2608  -2.16431455e-03
   2609  -2.16265591e-03
   2610  -2.16099918e-03
   2611  -2.41816261e-03
   2612  -2.41631156e-03
   2613  -2.41446264e-03
   2614  -2.41261583e-03
   2615  -2.41077115e-03
   2616  -2.53548574e-03
   2617  -2.53354859e-03
   2618  -2.53161366e-03
   2619  -2.52968095e-03
   2620  -2.52775044e-03
   2621  -2.29768732e-03
   2622  -2.29593519e-03
   2623  -2.29418508e-03
   2624  -2.29243696e-03
   2625  -2.29069084e-03
   2626  -1.78412997e-03
   2627  -1.78277206e-03
   2628  -1.78141569e-03
   2629  -1.78006087e-03
   2630  -1.77870760e-03
   2631  -7.11306239e-04
   2632  -7.10765886e-04
   2633  -7.10226150e-04
   2634  -7.09687027e-04
   2635  -7.09148519e-04
   2636   1.26122269e-03
   2637   1.26026640e-03
   2638   1.25931120e-03
   2639   1.25835709e-03
   2640   1.25740406e-03
   2641   4.46587180e-03
   2642   4.46249208e-03
   2643   4.45911620e-03
   2644   4.45574415e-03
   2645   4.45237592e-03
   2646   8.92053620e-03
   2647   8.91379800e-03
   2648   8.90706743e-03
   2649   8.90034448e-03
   2650   8.89362914e-03
   2651   1.37957285e-02
   2652   1.37853275e-02
   2653   1.37749381e-02
   2654   1.37645606e-02
   2655   1.37541947e-02
   2656   1.86040605e-02
   2657   1.85900606e-02
   2658   1.85760766e-02
   2659   1.85621083e-02
   2660   1.85481558e-02
   2661   2.09933956e-02
   2662   2.09776274e-02
   2663   2.09618770e-02
   2664   2.09461443e-02
   2665   2.09304293e-02
   2666   2.34218767e-02
   2667   2.34043175e-02
   2668   2.33867779e-02
   2669   2.33692581e-02
   2670   2.33517579e-02
   2671   2.38369348e-02
   2672   2.38190978e-02
   2673   2.38012808e-02
   2674   2.37834838e-02
   2675   2.37657068e-02
   2676   2.35005093e-02
   2677   2.34829569e-02
   2678   2.34654241e-02
   2679   2.34479110e-02
   2680   2.34304174e-02
   2681   2.32329507e-02
   2682   2.32156304e-02
   2683   2.31983296e-02
   2684   2.31810480e-02
   2685   2.31637857e-02
   2686   2.10876157e-02
   2687   2.10719241e-02
   2688   2.10562499e-02
   2689   2.10405933e-02
   2690   2.10249541e-02
   2691   1.83711508e-02
   2692   1.83575059e-02
   2693   1.83438762e-02
   2694   1.83302617e-02
   2695   1.83166623e-02
   2696   1.34370646e-02
   2697   1.34271030e-02
   2698   1.34171524e-02
   2699   1.34072128e-02
   2700   1.33972843e-02
   2701   8.59792862e-03
   2702   8.59156627e-03
   2703   8.58521097e-03
   2704   8.57886272e-03
   2705   8.57252152e-03
   2706   4.17185500e-03
   2707   4.16877358e-03
   2708   4.16569557e-03
   2709   4.16262098e-03
   2710   4.15954978e-03
   2711   9.87523233e-04
   2712   9.86795173e-04
   2713   9.86067917e-04
   2714   9.85341465e-04
   2715   9.84615815e-04
   2716  -9.69771260e-04
   2717  -9.69057603e-04
   2718  -9.68344733e-04
   2719  -9.67632649e-04
   2720  -9.66921351e-04
   2721  -1.97335030e-03
   2722  -1.97190077e-03
   2723  -1.97045284e-03
   2724  -1.96900650e-03
   2725  -1.96756176e-03
   2726  -2.52837536e-03
   2727  -2.52652154e-03
   2728  -2.52466976e-03
   2729  -2.52282002e-03
   2730  -2.52097231e-03
   2731  -2.68996952e-03
   2732  -2.68800083e-03
   2733  -2.68603430e-03
   2734  -2.68406993e-03
   2735  -2.68210771e-03
   2736  -2.54654465e-03
   2737  -2.54468433e-03
   2738  -2.54282605e-03
   2739  -2.54096981e-03
   2740  -2.53911559e-03
   2741  -2.30307745e-03
   2742  -2.30139806e-03
   2743  -2.29972050e-03
   2744  -2.29804478e-03
   2745  -2.29637089e-03
   2746  -1.73443695e-03
   2747  -1.73317451e-03
   2748  -1.73191345e-03
   2749  -1.73065376e-03
   2750  -1.72939545e-03
   2751  -1.14079056e-03
   2752  -1.13996173e-03
   2753  -1.13913379e-03
   2754  -1.13830676e-03
   2755  -1.13748063e-03
   2756  -5.70911435e-04
   2757  -5.70497393e-04
   2758  -5.70083802e-04
   2759  -5.69670660e-04
   2760  -5.69257968e-04
   2761  -1.54921818e-04
   2762  -1.54809668e-04
   2763  -1.54697639e-04
   2764  -1.54585732e-04
   2765  -1.54473946e-04
   2766   1.05603113e-04
   2767   1.05526803e-04
   2768   1.05450576e-04
   2769   1.05374432e-04
   2770   1.05298370e-04
   2771   2.39807519e-04
   2772   2.39634545e-04
   2773   2.39461757e-04
   2774   2.39289157e-04
   2775   2.39116743e-04
   2776   3.05090839e-04
   2777   3.04871171e-04
   2778   3.04651741e-04
   2779   3.04432547e-04
   2780   3.04213590e-04
   2781   3.00269279e-04
   2782   3.00053471e-04
   2783   2.99837896e-04
   2784   2.99622554e-04
   2785   2.99407443e-04
   2786   2.79105699e-04
   2787   2.78905462e-04
   2788   2.78705440e-04
   2789   2.78505633e-04
   2790   2.78306041e-04
   2791   2.35444030e-04
   2792   2.35275419e-04
   2793   2.35106989e-04
   2794   2.34938740e-04
   2795   2.34770672e-04
   2796   1.75327796e-04
   2797   1.75202461e-04
   2798   1.75077261e-04
   2799   1.74952194e-04
   2800   1.74827262e-04
   2801   1.11799711e-04
   2802   1.11719933e-04
   2803   1.11640240e-04
   2804   1.11560632e-04
   2805   1.11481109e-04
   2806   5.21069072e-05
   2807   5.20697907e-05
   2808   5.20327139e-05
   2809   5.19956766e-05
   2810   5.19586789e-05
   2811   7.80230505e-06
   2812   7.79675724e-06
   2813   7.79121534e-06
   2814   7.78567935e-06
   2815   7.78014925e-06
   2816  -2.47888251e-05
   2817  -2.47712303e-05
   2818  -2.47536543e-05
   2819  -2.47360969e-05
   2820  -2.47185583e-05
   2821  -4.51252213e-05
   2822  -4.50932488e-05
   2823  -4.50613102e-05
   2824  -4.50294056e-05
   2825  -4.49975348e-05
   2826  -5.53704135e-05
   2827  -5.53312513e-05
   2828  -5.52921307e-05
   2829  -5.52530516e-05
   2830  -5.52140138e-05
   2831  -5.72120342e-05
   2832  -5.71716409e-05
   2833  -5.71312904e-05
   2834  -5.70909826e-05
   2835  -5.70507174e-05
   2836  -5.48866577e-05
   2837  -5.48479745e-05
   2838  -5.48093322e-05
   2839  -5.47707306e-05
   2840  -5.47321699e-05
   2841  -4.75781608e-05
   2842  -4.75446875e-05
   2843  -4.75112495e-05
   2844  -4.74778467e-05
   2845  -4.74444792e-05
   2846  -3.77071836e-05
   2847  -3.76807015e-05
   2848  -3.76542473e-05
   2849  -3.76278209e-05
   2850  -3.76014224e-05
   2851  -2.70340501e-05
   2852  -2.70150971e-05
   2853  -2.69961641e-05
   2854  -2.69772509e-05
   2855  -2.69583576e-05
   2856  -1.80370083e-05
   2857  -1.80243850e-05
   2858  -1.80117751e-05
   2859  -1.79991783e-05
   2860  -1.79865948e-05
   2861  -1.17494595e-05
   2862  -1.17412510e-05
   2863  -1.17330511e-05
   2864  -1.17248597e-05
   2865  -1.17166770e-05
   2866  -7.47509979e-06
   2867  -7.46988657e-06
   2868  -7.46467881e-06
   2869  -7.45947649e-06
   2870  -7.45427961e-06
   2871  -4.94024368e-06
   2872  -4.93680430e-06
   2873  -4.93336851e-06
   2874  -4.92993630e-06
   2875  -4.92650767e-06
   2876  -3.73796596e-06
   2877  -3.73536812e-06
   2878  -3.73277299e-06
   2879  -3.73018056e-06
   2880  -3.72759083e-06
   2881  -3.69941542e-06
   2882  -3.69684883e-06
   2883  -3.69428491e-06
   2884  -3.69172366e-06
   2885  -3.68916507e-06
   2886  -4.21713779e-06
   2887  -4.21421708e-06
   2888  -4.21129941e-06
   2889  -4.20838476e-06
   2890  -4.20547314e-06
   2891  -4.80160633e-06
   2892  -4.79828658e-06
   2893  -4.79497027e-06
   2894  -4.79165739e-06
   2895  -4.78834795e-06
   2896  -5.11455007e-06
   2897  -5.11102006e-06
   2898  -5.10749370e-06
   2899  -5.10397098e-06
   2900  -5.10045191e-06
   2901  -4.98307743e-06
   2902  -4.97964408e-06
   2903  -4.97621427e-06
   2904  -4.97278801e-06
   2905  -4.96936529e-06
   2906  -4.94341486e-06
   2907  -4.94001470e-06
   2908  -4.93661804e-06
   2909  -4.93322488e-06
   2910  -4.92983522e-06
   2911  -5.03936038e-06
   2912  -5.03590017e-06
   2913  -5.03244353e-06
   2914  -5.02899044e-06
   2915  -5.02554091e-06
   2916  -5.62201215e-06
   2917  -5.61815849e-06
   2918  -5.61430879e-06
   2919  -5.61046304e-06
   2920  -5.60662124e-06
   2921  -6.55607359e-06
   2922  -6.55158735e-06
   2923  -6.54710572e-06
   2924  -6.54262868e-06
   2925  -6.53815624e-06
   2926  -7.14314780e-06
   2927  -7.13826818e-06
   2928  -7.13339357e-06
   2929  -7.12852394e-06
   2930  -7.12365930e-06
   2931  -7.80339439e-06
   2932  -7.79807284e-06
   2933  -7.79275672e-06
   2934  -7.78744604e-06
   2935  -7.78214079e-06
   2936  -7.81139253e-06
   2937  -7.80607458e-06
   2938  -7.80076207e-06
   2939  -7.79545498e-06
   2940  -7.79015330e-06
   2941  -7.41473704e-06
   2942  -7.40969772e-06
   2943  -7.40466353e-06
   2944  -7.39963447e-06
   2945  -7.39461053e-06
   2946  -6.84189113e-06
   2947  -6.83724902e-06
   2948  -6.83261163e-06
   2949  -6.82797896e-06
   2950  -6.82335100e-06
   2951  -5.80657414e-06
   2952  -5.80264114e-06
   2953  -5.79871215e-06
   2954  -5.79478713e-06
   2955  -5.79086611e-06
   2956  -5.26171590e-06
   2957  -5.25815798e-06
   2958  -5.25460367e-06
   2959  -5.25105296e-06
   2960  -5.24750585e-06
   2961  -4.86914994e-06
   2962  -4.86586302e-06
   2963  -4.86257944e-06
   2964  -4.85929918e-06
   2965  -4.85602223e-06
   2966  -4.75734823e-06
   2967  -4.75414220e-06
   2968  -4.75093941e-06
   2969  -4.74773985e-06
   2970  -4.74454353e-06
   2971  -4.78050322e-06
   2972  -4.77728701e-06
   2973  -4.77407404e-06
   2974  -4.77086430e-06
   2975  -4.76765781e-06
   2976  -4.66923982e-06
   2977  -4.66610374e-06
   2978  -4.66297081e-06
   2979  -4.65984104e-06
   2980  -4.65671441e-06
   2981  -4.88847667e-06
   2982  -4.88519884e-06
   2983  -4.88192430e-06
   2984  -4.87865305e-06
   2985  -4.87538510e-06
   2986  -4.84969215e-06
   2987  -4.84644577e-06
   2988  -4.84320264e-06
   2989  -4.83996277e-06
   2990  -4.83672615e-06
   2991  -4.89202513e-06
   2992  -4.88875588e-06
   2993  -4.88548990e-06
   2994  -4.88222720e-06
   2995  -4.87896776e-06
   2996  -4.71938021e-06
   2997  -4.71623160e-06
   2998  -4.71308613e-06
   2999  -4.70994381e-06
   3000  -4.70680463e-06
   3001  -4.45247471e-06
   3002  -4.44950911e-06
   3003  -4.44654647e-06
   3004  -4.44358680e-06
   3005  -4.44063007e-06
   3006  -4.35240712e-06
   3007  -4.34951299e-06
   3008  -4.34662174e-06
   3009  -4.34373338e-06
   3010  -4.34084790e-06
   3011  -4.13036196e-06
   3012  -4.12762004e-06
   3013  -4.12488085e-06
   3014  -4.12214438e-06
   3015  -4.11941064e-06
   3016  -4.07393469e-06
   3017  -4.07123471e-06
   3018  -4.06853741e-06
   3019  -4.06584279e-06
   3020  -4.06315085e-06
   3021  -4.09083982e-06
   3022  -4.08813312e-06
   3023  -4.08542910e-06
   3024  -4.08272777e-06
   3025  -4.08002911e-06
   3026  -4.07636217e-06
   3027  -4.07366950e-06
   3028  -4.07097950e-06
   3029  -4.06829217e-06
   3030  -4.06560749e-06
   3031  -4.29970440e-06
   3032  -4.29686889e-06
   3033  -4.29403618e-06
   3034  -4.29120626e-06
   3035  -4.28837915e-06
   3036  -4.30860930e-06
   3037  -4.30577259e-06
   3038  -4.30293868e-06
   3039  -4.30010757e-06
   3040  -4.29727925e-06
   3041  -4.39647122e-06
   3042  -4.39358142e-06
   3043  -4.39069447e-06
   3044  -4.38781036e-06
   3045  -4.38492909e-06
   3046  -4.34711644e-06
   3047  -4.34426376e-06
   3048  -4.34141390e-06
   3049  -4.33856684e-06
   3050  -4.33572257e-06
   3051  -4.34592964e-06
   3052  -4.34308241e-06
   3053  -4.34023799e-06
   3054  -4.33739636e-06
   3055  -4.33455751e-06
   3056  -4.35222283e-06
   3057  -4.34937615e-06
   3058  -4.34653226e-06
   3059  -4.34369115e-06
   3060  -4.34085283e-06
   3061  -4.25898912e-06
   3062  -4.25620797e-06
   3063  -4.25342954e-06
   3064  -4.25065383e-06
   3065  -4.24788084e-06
   3066  -4.34325037e-06
   3067  -4.34041881e-06
   3068  -4.33759002e-06
   3069  -4.33476400e-06
   3070  -4.33194074e-06
   3071  -4.29030306e-06
   3072  -4.28751058e-06
   3073  -4.28472082e-06
   3074  -4.28193378e-06
   3075  -4.27914946e-06
   3076  -4.25249358e-06
   3077  -4.24973020e-06
   3078  -4.24696952e-06
   3079  -4.24421152e-06
   3080  -4.24145621e-06
   3081  -3.94239033e-06
   3082  -3.93983262e-06
   3083  -3.93727740e-06
   3084  -3.93472466e-06
   3085  -3.93217441e-06
   3086  -3.47795732e-06
   3087  -3.47570457e-06
   3088  -3.47345401e-06
   3089  -3.47120564e-06
   3090  -3.46895945e-06
   3091  -2.68048822e-06
   3092  -2.67875482e-06
   3093  -2.67702310e-06
   3094  -2.67529306e-06
   3095  -2.67356469e-06
   3096  -1.42049255e-06
   3097  -1.41957543e-06
   3098  -1.41865921e-06
   3099  -1.41774387e-06
   3100  -1.41682942e-06
   3101  -2.83296535e-08
   3102  -2.83113925e-08
   3103  -2.82931491e-08
   3104  -2.82749234e-08
   3105  -2.82567153e-08
   3106   1.17339481e-06
   3107   1.17263967e-06
   3108   1.17188526e-06
   3109   1.17113158e-06
   3110   1.17037862e-06
   3111   2.06522003e-06
   3112   2.06389309e-06
   3113   2.06256743e-06
   3114   2.06124304e-06
   3115   2.05991993e-06
   3116   2.51471442e-06
   3117   2.51310126e-06
   3118   2.51148965e-06
   3119   2.50987959e-06
   3120   2.50827108e-06
   3121   2.72045598e-06
   3122   2.71871363e-06
   3123   2.71697296e-06
   3124   2.71523396e-06
   3125   2.71349662e-06
   3126   2.83360037e-06
   3127   2.83178846e-06
   3128   2.82997829e-06
   3129   2.82816985e-06
   3130   2.82636315e-06
   3131   2.79954220e-06
   3132   2.79775492e-06
   3133   2.79596936e-06
   3134   2.79418551e-06
   3135   2.79240336e-06
   3136   2.85668412e-06
   3137   2.85486327e-06
   3138   2.85304416e-06
   3139   2.85122679e-06
   3140   2.84941115e-06
   3141   2.78285804e-06
   3142   2.78108707e-06
   3143   2.77931779e-06
   3144   2.77755020e-06
   3145   2.77578430e-06
   3146   2.76414048e-06
   3147   2.76238421e-06
   3148   2.76062962e-06
   3149   2.75887670e-06
   3150   2.75712545e-06
   3151   2.80112699e-06
   3152   2.79935005e-06
   3153   2.79757480e-06
   3154   2.79580123e-06
   3155   2.79402936e-06
   3156   2.69415148e-06
   3157   2.69244511e-06
   3158   2.69074035e-06
   3159   2.68903722e-06
   3160   2.68733570e-06
   3161   2.65400082e-06
   3162   2.65232253e-06
   3163   2.65064584e-06
   3164   2.64897073e-06
   3165   2.64729721e-06
   3166   2.57950478e-06
   3167   2.57787618e-06
   3168   2.57624912e-06
   3169   2.57462359e-06
   3170   2.57299961e-06
   3171   2.55997267e-06
   3172   2.55835895e-06
   3173   2.55674675e-06
   3174   2.55513607e-06
   3175   2.55352692e-06
   3176   2.53517508e-06
   3177   2.53357950e-06
   3178   2.53198543e-06
   3179   2.53039286e-06
   3180   2.52880179e-06
   3181   2.42582423e-06
   3182   2.42429988e-06
   3183   2.42277696e-06
   3184   2.42125547e-06
   3185   2.41973542e-06
   3186   2.44269843e-06
   3187   2.44116587e-06
   3188   2.43963476e-06
   3189   2.43810509e-06
   3190   2.43657686e-06
   3191   2.32805647e-06
   3192   2.32659813e-06
   3193   2.32514116e-06
   3194   2.32368556e-06
   3195   2.32223133e-06
   3196   2.34183752e-06
   3197   2.34037284e-06
   3198   2.33890954e-06
   3199   2.33744761e-06
   3200   2.33598704e-06
   3201   2.26552897e-06
   3202   2.26411423e-06
   3203   2.26270081e-06
   3204   2.26128872e-06
   3205   2.25987795e-06
   3206   2.17260297e-06
   3207   2.17124837e-06
   3208   2.16989504e-06
   3209   2.16854298e-06
   3210   2.16719218e-06
   3211   2.15904219e-06
   3212   2.15769815e-06
   3213   2.15635535e-06
   3214   2.15501382e-06
   3215   2.15367353e-06
   3216   2.07019421e-06
   3217   2.06890747e-06
   3218   2.06762194e-06
   3219   2.06633760e-06
   3220   2.06505446e-06
   3221   2.05119773e-06
   3222   2.04992478e-06
   3223   2.04865302e-06
   3224   2.04738244e-06
   3225   2.04611304e-06
   3226   2.00350678e-06
   3227   2.00226535e-06
   3228   2.00102508e-06
   3229   1.99978596e-06
   3230   1.99854799e-06
   3231   1.89018487e-06
   3232   1.88901547e-06
   3233   1.88784716e-06
   3234   1.88667993e-06
   3235   1.88551378e-06
   3236   1.89198197e-06
   3237   1.89081327e-06
   3238   1.88964565e-06
   3239   1.88847911e-06
   3240   1.88731365e-06
   3241   1.76542579e-06
   3242   1.76433695e-06
   3243   1.76324911e-06
   3244   1.76216228e-06
   3245   1.76107645e-06
   3246   1.75512512e-06
   3247   1.75404429e-06
   3248   1.75296447e-06
   3249   1.75188564e-06
   3250   1.75080780e-06
   3251   1.68377252e-06
   3252   1.68273723e-06
   3253   1.68170289e-06
   3254   1.68066951e-06
   3255   1.67963708e-06
   3256   1.61774243e-06
   3257   1.61674926e-06
   3258   1.61575701e-06
   3259   1.61476567e-06
   3260   1.61377525e-06
   3261   1.60799161e-06
   3262   1.60700595e-06
   3263   1.60602119e-06
   3264   1.60503733e-06
   3265   1.60405438e-06
   3266   1.49685217e-06
   3267   1.49593603e-06
   3268   1.49502074e-06
   3269   1.49410628e-06
   3270   1.49319266e-06
   3271   1.49268624e-06
   3272   1.49177405e-06
   3273   1.49086270e-06
   3274   1.48995218e-06
   3275   1.48904249e-06
   3276   1.41877388e-06
   3277   1.41790818e-06
   3278   1.41704327e-06
   3279   1.41617916e-06
   3280   1.41531583e-06
   3281   1.38554912e-06
   3282   1.38470498e-06
   3283   1.38386162e-06
   3284   1.38301902e-06
   3285   1.38217719e-06
   3286   1.35436073e-06
   3287   1.35353685e-06
   3288   1.35271371e-06
   3289   1.35189133e-06
   3290   1.35106970e-06
   3291   1.27887925e-06
   3292   1.27810247e-06
   3293   1.27732639e-06
   3294   1.27655102e-06
   3295   1.27577635e-06
   3296   1.28968143e-06
   3297   1.28889927e-06
   3298   1.28811782e-06
   3299   1.28733709e-06
   3300   1.28655706e-06
