    0 0.000000e+00 0.000000e+00
    1 0.000000e+00 0.000000e+00
    2 0.000000e+00 3.049705e-06
    3 0.000000e+00 0.000000e+00
    4 0.000000e+00 0.000000e+00
    5 0.000000e+00 0.000000e+00
    6 0.000000e+00 0.000000e+00
    7 0.000000e+00 0.000000e+00
    8 0.000000e+00 0.000000e+00
    9 0.000000e+00 0.000000e+00
   10 0.000000e+00 0.000000e+00
   11 0.000000e+00 0.000000e+00
   12 0.000000e+00 5.886868e-05
   13 0.000000e+00 0.000000e+00
   14 0.000000e+00 0.000000e+00
   15 0.000000e+00 0.000000e+00
   16 0.000000e+00 0.000000e+00
   17 0.000000e+00 0.000000e+00
   18 0.000000e+00 0.000000e+00
   19 0.000000e+00 0.000000e+00
   20 0.000000e+00 0.000000e+00
   21 0.000000e+00 0.000000e+00
   22 0.000000e+00 1.155476e-04
   23 0.000000e+00 0.000000e+00
   24 0.000000e+00 0.000000e+00
   25 0.000000e+00 0.000000e+00
   26 0.000000e+00 0.000000e+00
   27 0.000000e+00 0.000000e+00
   28 0.000000e+00 0.000000e+00
   29 0.000000e+00 0.000000e+00
   30 0.000000e+00 0.000000e+00
   31 0.000000e+00 0.000000e+00
   32 0.000000e+00 1.732370e-04
   33 0.000000e+00 0.000000e+00
   34 0.000000e+00 0.000000e+00
   35 0.000000e+00 0.000000e+00
   36 0.000000e+00 0.000000e+00
   37 0.000000e+00 0.000000e+00
   38 0.000000e+00 0.000000e+00
   39 0.000000e+00 0.000000e+00
   40 0.000000e+00 0.000000e+00
   41 0.000000e+00 0.000000e+00
   42 0.000000e+00 2.321950e-04
   43 0.000000e+00 0.000000e+00
   44 0.000000e+00 0.000000e+00
   45 0.000000e+00 0.000000e+00
   46 0.000000e+00 0.000000e+00
   47 0.000000e+00 0.000000e+00
   48 0.000000e+00 0.000000e+00
   49 0.000000e+00 0.000000e+00
   50 0.000000e+00 0.000000e+00
   51 0.000000e+00 0.000000e+00
   52 0.000000e+00 2.923734e-04
   53 0.000000e+00 0.000000e+00
   54 0.000000e+00 0.000000e+00
   55 0.000000e+00 0.000000e+00
   56 0.000000e+00 0.000000e+00
   57 0.000000e+00 0.000000e+00
   58 0.000000e+00 0.000000e+00
   59 0.000000e+00 0.000000e+00
   60 0.000000e+00 0.000000e+00
   61 0.000000e+00 0.000000e+00
   62 0.000000e+00 3.544002e-04
   63 0.000000e+00 0.000000e+00
   64 0.000000e+00 0.000000e+00
   65 0.000000e+00 0.000000e+00
   66 0.000000e+00 0.000000e+00
   67 0.000000e+00 0.000000e+00
   68 0.000000e+00 0.000000e+00
   69 0.000000e+00 0.000000e+00
   70 0.000000e+00 0.000000e+00
   71 0.000000e+00 0.000000e+00
   72 0.000000e+00 4.181839e-04
   73 0.000000e+00 0.000000e+00
   74 0.000000e+00 0.000000e+00
   75 0.000000e+00 0.000000e+00
   76 0.000000e+00 0.000000e+00
   77 0.000000e+00 0.000000e+00
   78 0.000000e+00 0.000000e+00
   79 0.000000e+00 0.000000e+00
   80 0.000000e+00 0.000000e+00
   81 0.000000e+00 0.000000e+00
   82 0.000000e+00 4.838167e-04
   83 0.000000e+00 0.000000e+00
   84 0.000000e+00 0.000000e+00
   85 0.000000e+00 0.000000e+00
   86 0.000000e+00 0.000000e+00
   87 0.000000e+00 0.000000e+00
   88 0.000000e+00 0.000000e+00
   89 0.000000e+00 0.000000e+00
   90 0.000000e+00 0.000000e+00
   91 0.000000e+00 0.000000e+00
   92 0.000000e+00 5.516071e-04
   93 0.000000e+00 0.000000e+00
   94 0.000000e+00 0.000000e+00
   95 0.000000e+00 0.000000e+00
   96 0.000000e+00 0.000000e+00
   97 0.000000e+00 0.000000e+00
   98 0.000000e+00 0.000000e+00
   99 0.000000e+00 0.000000e+00
  100 5.632316e-16 0.000000e+00
  101 5.836733e-16 0.000000e+00
  102 6.055489e-16 1.242964e-03
  103 7.224874e-16 0.000000e+00
  104 6.085904e-16 0.000000e+00
  105 1.102880e-15 0.000000e+00
  106 5.894424e-16 0.000000e+00
  107 6.343916e-16 0.000000e+00
  108 6.115805e-16 0.000000e+00
  109 6.376067e-16 0.000000e+00
  110 6.643174e-16 0.000000e+00
  111 6.926910e-16 0.000000e+00
  112 6.336192e-16 0.000000e+00
  113 7.038621e-16 0.000000e+00
  114 6.619933e-16 0.000000e+00
  115 1.205387e-15 0.000000e+00
  116 6.831704e-16 0.000000e+00
  117 7.269585e-16 0.000000e+00
  118 6.630804e-16 0.000000e+00
  119 7.031577e-16 0.000000e+00
  120 6.838092e-16 0.000000e+00
  121 6.853699e-16 0.000000e+00
  122 7.031887e-16 0.000000e+00
  123 7.721169e-16 0.000000e+00
  124 7.403272e-16 0.000000e+00
  125 1.351708e-15 0.000000e+00
  126 7.461671e-16 0.000000e+00
  127 7.644335e-16 0.000000e+00
  128 7.967235e-16 0.000000e+00
  129 7.768473e-16 0.000000e+00
  130 7.499987e-16 0.000000e+00
  131 8.279574e-16 0.000000e+00
  132 7.640671e-16 2.530440e-03
  133 8.129602e-16 0.000000e+00
  134 8.475599e-16 0.000000e+00
  135 1.431152e-15 0.000000e+00
  136 8.255834e-16 0.000000e+00
  137 8.902850e-16 0.000000e+00
  138 8.408970e-16 0.000000e+00
  139 8.401040e-16 0.000000e+00
  140 8.177911e-16 0.000000e+00
  141 8.301662e-16 0.000000e+00
  142 8.233228e-16 0.000000e+00
  143 9.616903e-16 0.000000e+00
  144 8.798490e-16 0.000000e+00
  145 1.583735e-15 0.000000e+00
  146 9.406615e-16 0.000000e+00
  147 9.035311e-16 0.000000e+00
  148 9.314362e-16 0.000000e+00
  149 9.063741e-16 0.000000e+00
  150 9.072610e-16 0.000000e+00
  151 8.947080e-16 0.000000e+00
  152 1.002857e-15 0.000000e+00
  153 9.773139e-16 0.000000e+00
  154 9.826783e-16 0.000000e+00
  155 1.723000e-15 0.000000e+00
  156 9.787837e-16 0.000000e+00
  157 9.821318e-16 0.000000e+00
  158 1.005760e-15 0.000000e+00
  159 1.003890e-15 0.000000e+00
  160 9.760258e-16 0.000000e+00
  161 1.017210e-15 0.000000e+00
  162 9.845385e-16 3.256891e-03
  163 1.084916e-15 0.000000e+00
  164 1.097245e-15 0.000000e+00
  165 1.839306e-15 0.000000e+00
  166 1.080023e-15 0.000000e+00
  167 1.087259e-15 0.000000e+00
  168 1.047317e-15 0.000000e+00
  169 1.064357e-15 0.000000e+00
  170 1.108370e-15 0.000000e+00
  171 1.080725e-15 0.000000e+00
  172 1.115196e-15 0.000000e+00
  173 1.174220e-15 0.000000e+00
  174 1.147126e-15 0.000000e+00
  175 1.992334e-15 0.000000e+00
  176 1.152368e-15 0.000000e+00
  177 1.184293e-15 0.000000e+00
  178 1.148467e-15 0.000000e+00
  179 1.148969e-15 0.000000e+00
  180 1.193304e-15 0.000000e+00
  181 1.159472e-15 0.000000e+00
  182 1.175703e-15 0.000000e+00
  183 1.235897e-15 0.000000e+00
  184 1.261573e-15 0.000000e+00
  185 2.144672e-15 0.000000e+00
  186 1.229082e-15 0.000000e+00
  187 1.267608e-15 0.000000e+00
  188 1.292923e-15 0.000000e+00
  189 1.272872e-15 0.000000e+00
  190 1.262087e-15 0.000000e+00
  191 1.254499e-15 0.000000e+00
  192 1.283054e-15 4.055622e-03
  193 1.367697e-15 0.000000e+00
  194 1.334519e-15 0.000000e+00
  195 2.276401e-15 0.000000e+00
  196 1.352200e-15 0.000000e+00
  197 1.423161e-15 0.000000e+00
  198 1.333354e-15 0.000000e+00
  199 1.334616e-15 0.000000e+00
  200 1.350736e-15 0.000000e+00
  201 1.394631e-15 0.000000e+00
  202 1.358280e-15 0.000000e+00
  203 1.418458e-15 0.000000e+00
  204 1.471584e-15 0.000000e+00
  205 2.436723e-15 0.000000e+00
  206 1.456345e-15 0.000000e+00
  207 1.452629e-15 0.000000e+00
  208 1.491470e-15 0.000000e+00
  209 1.427958e-15 0.000000e+00
  210 1.439758e-15 0.000000e+00
  211 1.486934e-15 0.000000e+00
  212 1.453411e-15 0.000000e+00
  213 1.579221e-15 0.000000e+00
  214 1.567737e-15 0.000000e+00
  215 2.558844e-15 0.000000e+00
  216 1.551544e-15 0.000000e+00
  217 1.613965e-15 0.000000e+00
  218 1.554773e-15 0.000000e+00
  219 1.494173e-15 0.000000e+00
  220 1.533704e-15 0.000000e+00
  221 1.586097e-15 0.000000e+00
  222 1.553958e-15 4.930791e-03
  223 1.685726e-15 0.000000e+00
  224 1.609184e-15 0.000000e+00
  225 2.785978e-15 0.000000e+00
  226 1.579884e-15 0.000000e+00
  227 1.742445e-15 0.000000e+00
  228 1.598127e-15 0.000000e+00
  229 1.642381e-15 0.000000e+00
  230 1.670661e-15 0.000000e+00
  231 1.630704e-15 0.000000e+00
  232 1.624911e-15 0.000000e+00
  233 1.774882e-15 0.000000e+00
  234 1.762143e-15 0.000000e+00
  235 2.927299e-15 0.000000e+00
  236 1.696736e-15 0.000000e+00
  237 1.811703e-15 0.000000e+00
  238 1.700831e-15 0.000000e+00
  239 1.714466e-15 0.000000e+00
  240 1.722663e-15 0.000000e+00
  241 1.736120e-15 0.000000e+00
  242 1.721095e-15 0.000000e+00
  243 1.867334e-15 0.000000e+00
  244 1.801411e-15 0.000000e+00
  245 3.167700e-15 0.000000e+00
  246 1.787916e-15 0.000000e+00
  247 1.823508e-15 0.000000e+00
  248 1.830538e-15 0.000000e+00
  249 1.845827e-15 0.000000e+00
  250 1.825388e-15 0.000000e+00
  251 1.815754e-15 0.000000e+00
  252 1.823418e-15 5.863112e-03
  253 1.909038e-15 0.000000e+00
  254 1.893455e-15 0.000000e+00
  255 3.344605e-15 0.000000e+00
  256 1.883913e-15 0.000000e+00
  257 1.904083e-15 0.000000e+00
  258 1.921403e-15 0.000000e+00
  259 1.957244e-15 0.000000e+00
  260 1.868434e-15 0.000000e+00
  261 1.927392e-15 0.000000e+00
  262 1.862797e-15 0.000000e+00
  263 2.025620e-15 0.000000e+00
  264 1.919908e-15 0.000000e+00
  265 3.511239e-15 0.000000e+00
  266 2.054865e-15 0.000000e+00
  267 2.027542e-15 0.000000e+00
  268 1.996301e-15 0.000000e+00
  269 2.024263e-15 0.000000e+00
  270 1.952863e-15 0.000000e+00
  271 1.964347e-15 0.000000e+00
  272 1.935494e-15 0.000000e+00
  273 2.097388e-15 0.000000e+00
  274 2.039172e-15 0.000000e+00
  275 3.763067e-15 0.000000e+00
  276 2.133861e-15 0.000000e+00
  277 2.003504e-15 0.000000e+00
  278 2.032223e-15 0.000000e+00
  279 2.109715e-15 0.000000e+00
  280 2.047893e-15 0.000000e+00
  281 2.022498e-15 0.000000e+00
  282 2.033337e-15 6.788692e-03
  283 2.188681e-15 0.000000e+00
  284 2.084929e-15 0.000000e+00
  285 3.941245e-15 0.000000e+00
  286 2.173312e-15 0.000000e+00
  287 2.131986e-15 0.000000e+00
  288 2.043919e-15 0.000000e+00
  289 2.109859e-15 0.000000e+00
  290 2.150608e-15 0.000000e+00
  291 2.034875e-15 0.000000e+00
  292 2.047333e-15 0.000000e+00
  293 2.268717e-15 0.000000e+00
  294 2.214950e-15 0.000000e+00
  295 4.100381e-15 0.000000e+00
  296 2.249899e-15 0.000000e+00
  297 2.119778e-15 0.000000e+00
  298 2.131891e-15 0.000000e+00
  299 2.106971e-15 0.000000e+00
  300 2.160658e-15 0.000000e+00
  301 2.129173e-15 0.000000e+00
  302 2.148351e-15 0.000000e+00
  303 2.312308e-15 0.000000e+00
  304 2.184774e-15 0.000000e+00
  305 4.283813e-15 0.000000e+00
  306 2.231253e-15 0.000000e+00
  307 2.226880e-15 0.000000e+00
  308 2.175109e-15 0.000000e+00
  309 2.137712e-15 0.000000e+00
  310 2.149574e-15 0.000000e+00
  311 2.200788e-15 0.000000e+00
  312 2.149899e-15 7.622523e-03
  313 2.393783e-15 0.000000e+00
  314 2.226187e-15 0.000000e+00
  315 4.449752e-15 0.000000e+00
  316 2.249881e-15 0.000000e+00
  317 2.199951e-15 0.000000e+00
  318 2.215298e-15 0.000000e+00
  319 2.158240e-15 0.000000e+00
  320 2.209420e-15 0.000000e+00
  321 2.170461e-15 0.000000e+00
  322 2.252537e-15 0.000000e+00
  323 2.338335e-15 0.000000e+00
  324 2.325571e-15 0.000000e+00
  325 4.508457e-15 0.000000e+00
  326 2.208912e-15 0.000000e+00
  327 2.268613e-15 0.000000e+00
  328 2.260876e-15 0.000000e+00
  329 2.217104e-15 0.000000e+00
  330 2.163946e-15 0.000000e+00
  331 2.216223e-15 0.000000e+00
  332 2.196749e-15 0.000000e+00
  333 2.352230e-15 0.000000e+00
  334 2.241155e-15 0.000000e+00
  335 4.603431e-15 0.000000e+00
  336 2.230195e-15 0.000000e+00
  337 2.257003e-15 0.000000e+00
  338 2.231268e-15 0.000000e+00
  339 2.143207e-15 0.000000e+00
  340 2.182737e-15 0.000000e+00
  341 2.207707e-15 0.000000e+00
  342 2.182957e-15 8.282387e-03
  343 2.273118e-15 0.000000e+00
  344 2.307803e-15 0.000000e+00
  345 4.551832e-15 0.000000e+00
  346 2.242932e-15 0.000000e+00
  347 2.207889e-15 0.000000e+00
  348 2.197946e-15 0.000000e+00
  349 2.143383e-15 0.000000e+00
  350 2.100255e-15 0.000000e+00
  351 2.132344e-15 0.000000e+00
  352 2.142148e-15 0.000000e+00
  353 2.247493e-15 0.000000e+00
  354 2.240633e-15 0.000000e+00
  355 4.524073e-15 0.000000e+00
  356 2.071099e-15 0.000000e+00
  357 2.151653e-15 0.000000e+00
  358 2.124684e-15 0.000000e+00
  359 2.059126e-15 0.000000e+00
  360 2.087106e-15 0.000000e+00
  361 2.052676e-15 0.000000e+00
  362 1.988200e-15 0.000000e+00
  363 2.203935e-15 0.000000e+00
  364 2.131326e-15 0.000000e+00
  365 4.421707e-15 0.000000e+00
  366 2.049242e-15 0.000000e+00
  367 2.106670e-15 0.000000e+00
  368 2.021611e-15 0.000000e+00
  369 1.975159e-15 0.000000e+00
  370 1.995673e-15 0.000000e+00
  371 1.946246e-15 0.000000e+00
  372 2.019855e-15 8.730147e-03
  373 2.113184e-15 0.000000e+00
  374 2.037121e-15 0.000000e+00
  375 4.302763e-15 0.000000e+00
  376 1.999343e-15 0.000000e+00
  377 2.021478e-15 0.000000e+00
  378 1.949111e-15 0.000000e+00
  379 1.950229e-15 0.000000e+00
  380 1.874761e-15 0.000000e+00
  381 1.933205e-15 0.000000e+00
  382 1.896657e-15 0.000000e+00
  383 2.059943e-15 0.000000e+00
  384 1.987793e-15 0.000000e+00
  385 4.068031e-15 0.000000e+00
  386 1.992240e-15 0.000000e+00
  387 1.923012e-15 0.000000e+00
  388 1.896909e-15 0.000000e+00
  389 1.900366e-15 0.000000e+00
  390 1.937585e-15 0.000000e+00
  391 1.829691e-15 0.000000e+00
  392 1.870244e-15 0.000000e+00
  393 2.052245e-15 0.000000e+00
  394 1.914660e-15 0.000000e+00
  395 4.022123e-15 0.000000e+00
  396 2.016210e-15 0.000000e+00
  397 1.934658e-15 0.000000e+00
  398 1.925336e-15 0.000000e+00
  399 1.887077e-15 0.000000e+00
  400 1.917919e-15 0.000000e+00
  401 1.882075e-15 0.000000e+00
  402 1.837303e-15 8.980213e-03
  403 2.085758e-15 0.000000e+00
  404 1.933333e-15 0.000000e+00
  405 4.044608e-15 0.000000e+00
  406 2.012560e-15 0.000000e+00
  407 2.000767e-15 0.000000e+00
  408 1.952302e-15 0.000000e+00
  409 1.937630e-15 0.000000e+00
  410 1.995276e-15 0.000000e+00
  411 1.921260e-15 0.000000e+00
  412 1.901581e-15 0.000000e+00
  413 2.208099e-15 0.000000e+00
  414 2.071179e-15 0.000000e+00
  415 4.225623e-15 0.000000e+00
  416 2.139022e-15 0.000000e+00
  417 2.123766e-15 0.000000e+00
  418 2.117231e-15 0.000000e+00
  419 2.069099e-15 0.000000e+00
  420 2.151945e-15 0.000000e+00
  421 2.088790e-15 0.000000e+00
  422 2.123204e-15 0.000000e+00
  423 2.394088e-15 0.000000e+00
  424 2.324168e-15 0.000000e+00
  425 4.548102e-15 0.000000e+00
  426 2.360840e-15 0.000000e+00
  427 2.400759e-15 0.000000e+00
  428 2.303125e-15 0.000000e+00
  429 2.308229e-15 0.000000e+00
  430 2.409475e-15 0.000000e+00
  431 2.353728e-15 0.000000e+00
  432 2.398814e-15 9.091331e-03
  433 2.749518e-15 0.000000e+00
  434 2.694224e-15 0.000000e+00
  435 5.073317e-15 0.000000e+00
  436 2.731011e-15 0.000000e+00
  437 2.725985e-15 0.000000e+00
  438 2.630474e-15 0.000000e+00
  439 2.661456e-15 0.000000e+00
  440 2.737855e-15 0.000000e+00
  441 2.709247e-15 0.000000e+00
  442 2.775954e-15 0.000000e+00
  443 3.146074e-15 0.000000e+00
  444 3.155440e-15 0.000000e+00
  445 5.748839e-15 0.000000e+00
  446 3.109499e-15 0.000000e+00
  447 3.071170e-15 0.000000e+00
  448 3.072699e-15 0.000000e+00
  449 3.069948e-15 0.000000e+00
  450 3.133966e-15 0.000000e+00
  451 3.135848e-15 0.000000e+00
  452 3.165059e-15 0.000000e+00
  453 3.663288e-15 0.000000e+00
  454 3.571374e-15 0.000000e+00
  455 6.530929e-15 0.000000e+00
  456 3.536328e-15 0.000000e+00
  457 3.509168e-15 0.000000e+00
  458 3.538189e-15 0.000000e+00
  459 3.591630e-15 0.000000e+00
  460 3.590069e-15 0.000000e+00
  461 3.661443e-15 0.000000e+00
  462 3.708475e-15 9.141660e-03
  463 4.187109e-15 0.000000e+00
  464 4.174489e-15 0.000000e+00
  465 7.135278e-15 0.000000e+00
  466 4.187764e-15 0.000000e+00
  467 4.030427e-15 0.000000e+00
  468 3.959319e-15 0.000000e+00
  469 4.135594e-15 0.000000e+00
  470 4.187034e-15 0.000000e+00
  471 4.126647e-15 0.000000e+00
  472 4.264813e-15 0.000000e+00
  473 4.746238e-15 0.000000e+00
  474 4.731287e-15 0.000000e+00
  475 7.888635e-15 0.000000e+00
  476 4.708756e-15 0.000000e+00
  477 4.542897e-15 0.000000e+00
  478 4.541718e-15 0.000000e+00
  479 4.653955e-15 0.000000e+00
  480 4.657085e-15 0.000000e+00
  481 4.764959e-15 0.000000e+00
  482 4.841707e-15 0.000000e+00
  483 5.351564e-15 0.000000e+00
  484 5.315954e-15 0.000000e+00
  485 8.707803e-15 0.000000e+00
  486 5.174158e-15 0.000000e+00
  487 5.030741e-15 0.000000e+00
  488 5.191582e-15 0.000000e+00
  489 5.303604e-15 0.000000e+00
  490 5.243818e-15 0.000000e+00
  491 5.347993e-15 0.000000e+00
  492 5.412669e-15 9.207080e-03
  493 5.992380e-15 0.000000e+00
  494 5.842584e-15 0.000000e+00
  495 9.325102e-15 0.000000e+00
  496 5.789876e-15 0.000000e+00
  497 5.648208e-15 0.000000e+00
  498 5.731664e-15 0.000000e+00
  499 5.845048e-15 0.000000e+00
  500 5.782819e-15 0.000000e+00
  501 5.946838e-15 0.000000e+00
  502 5.968389e-15 0.000000e+00
  503 6.566145e-15 0.000000e+00
  504 6.419323e-15 0.000000e+00
  505 9.940613e-15 0.000000e+00
  506 6.265691e-15 0.000000e+00
  507 6.124781e-15 0.000000e+00
  508 6.407946e-15 0.000000e+00
  509 6.428877e-15 0.000000e+00
  510 6.426909e-15 0.000000e+00
  511 6.432941e-15 0.000000e+00
  512 6.555630e-15 0.000000e+00
  513 7.121633e-15 0.000000e+00
  514 6.993405e-15 0.000000e+00
  515 1.058925e-14 0.000000e+00
  516 6.752700e-15 0.000000e+00
  517 6.871325e-15 0.000000e+00
  518 6.864742e-15 0.000000e+00
  519 6.945049e-15 0.000000e+00
  520 7.025195e-15 0.000000e+00
  521 7.005783e-15 0.000000e+00
  522 7.076278e-15 9.338914e-03
  523 7.745571e-15 0.000000e+00
  524 7.504906e-15 0.000000e+00
  525 1.099980e-14 0.000000e+00
  526 7.344763e-15 0.000000e+00
  527 7.330137e-15 0.000000e+00
  528 7.538128e-15 0.000000e+00
  529 7.452190e-15 0.000000e+00
  530 7.595065e-15 0.000000e+00
  531 7.611701e-15 0.000000e+00
  532 7.547275e-15 0.000000e+00
  533 8.279934e-15 0.000000e+00
  534 8.027353e-15 0.000000e+00
  535 1.158081e-14 0.000000e+00
  536 7.764177e-15 0.000000e+00
  537 7.825314e-15 0.000000e+00
  538 8.105059e-15 0.000000e+00
  539 7.986293e-15 0.000000e+00
  540 8.197846e-15 0.000000e+00
  541 8.102331e-15 0.000000e+00
  542 8.108995e-15 0.000000e+00
  543 8.762698e-15 0.000000e+00
  544 8.541719e-15 0.000000e+00
  545 1.199773e-14 0.000000e+00
  546 8.369068e-15 0.000000e+00
  547 8.370690e-15 0.000000e+00
  548 8.554453e-15 0.000000e+00
  549 8.542933e-15 0.000000e+00
  550 8.578636e-15 0.000000e+00
  551 8.510195e-15 0.000000e+00
  552 8.665810e-15 2.068108e-02
  553 9.230136e-15 0.000000e+00
  554 9.043739e-15 0.000000e+00
  555 1.263604e-14 0.000000e+00
  556 8.834422e-15 0.000000e+00
  557 8.842719e-15 0.000000e+00
  558 8.946904e-15 0.000000e+00
  559 9.065413e-15 0.000000e+00
  560 8.996313e-15 0.000000e+00
  561 8.998858e-15 0.000000e+00
  562 9.141736e-15 0.000000e+00
  563 9.704243e-15 0.000000e+00
  564 9.436612e-15 0.000000e+00
  565 1.336229e-14 0.000000e+00
  566 9.234058e-15 0.000000e+00
  567 9.220804e-15 0.000000e+00
  568 9.582188e-15 0.000000e+00
  569 9.403788e-15 0.000000e+00
  570 9.326047e-15 0.000000e+00
  571 9.398392e-15 0.000000e+00
  572 9.527732e-15 0.000000e+00
  573 1.005225e-14 0.000000e+00
  574 9.892118e-15 0.000000e+00
  575 1.414512e-14 0.000000e+00
  576 9.747452e-15 0.000000e+00
  577 9.588323e-15 0.000000e+00
  578 9.952323e-15 0.000000e+00
  579 9.799236e-15 0.000000e+00
  580 9.771854e-15 0.000000e+00
  581 9.736458e-15 0.000000e+00
  582 9.795800e-15 0.000000e+00
  583 1.051048e-14 0.000000e+00
  584 1.028352e-14 0.000000e+00
  585 1.512937e-14 0.000000e+00
  586 1.002148e-14 0.000000e+00
  587 1.001558e-14 0.000000e+00
  588 1.022749e-14 0.000000e+00
  589 1.018160e-14 0.000000e+00
  590 1.005803e-14 0.000000e+00
  591 1.013360e-14 0.000000e+00
  592 1.016231e-14 0.000000e+00
  593 1.084514e-14 0.000000e+00
  594 1.062052e-14 0.000000e+00
  595 1.616248e-14 0.000000e+00
  596 1.027971e-14 0.000000e+00
  597 1.032684e-14 0.000000e+00
  598 1.051778e-14 0.000000e+00
  599 1.048137e-14 0.000000e+00
  600 1.041847e-14 0.000000e+00
  601 1.034946e-14 0.000000e+00
  602 1.042167e-14 0.000000e+00
  603 1.115537e-14 0.000000e+00
  604 1.084728e-14 0.000000e+00
  605 1.732835e-14 0.000000e+00
  606 1.052238e-14 0.000000e+00
  607 1.072061e-14 0.000000e+00
  608 1.080173e-14 0.000000e+00
  609 1.063209e-14 0.000000e+00
  610 1.065486e-14 0.000000e+00
  611 1.062542e-14 0.000000e+00
  612 1.061319e-14 0.000000e+00
  613 1.143206e-14 0.000000e+00
  614 1.124326e-14 0.000000e+00
  615 1.847030e-14 0.000000e+00
  616 1.082196e-14 0.000000e+00
  617 1.097874e-14 0.000000e+00
  618 1.095881e-14 0.000000e+00
  619 1.078012e-14 0.000000e+00
  620 1.094094e-14 0.000000e+00
  621 1.080697e-14 0.000000e+00
  622 1.082264e-14 0.000000e+00
  623 1.162464e-14 0.000000e+00
  624 1.157491e-14 0.000000e+00
  625 1.971115e-14 0.000000e+00
  626 1.115984e-14 0.000000e+00
  627 1.115821e-14 0.000000e+00
  628 1.111960e-14 0.000000e+00
  629 1.104522e-14 0.000000e+00
  630 1.110917e-14 0.000000e+00
  631 1.102424e-14 0.000000e+00
  632 1.097081e-14 0.000000e+00
  633 1.210081e-14 0.000000e+00
  634 1.162851e-14 0.000000e+00
  635 2.111552e-14 0.000000e+00
  636 1.143749e-14 0.000000e+00
  637 1.138229e-14 0.000000e+00
  638 1.146680e-14 0.000000e+00
  639 1.119262e-14 0.000000e+00
  640 1.115139e-14 0.000000e+00
  641 1.129397e-14 0.000000e+00
  642 1.115376e-14 0.000000e+00
  643 1.246258e-14 0.000000e+00
  644 1.201228e-14 0.000000e+00
  645 2.243083e-14 0.000000e+00
  646 1.173972e-14 0.000000e+00
  647 1.166795e-14 0.000000e+00
  648 1.138496e-14 0.000000e+00
  649 1.157283e-14 0.000000e+00
  650 1.140217e-14 0.000000e+00
  651 1.156368e-14 0.000000e+00
  652 1.136055e-14 3.338491e-02
  653 1.288313e-14 0.000000e+00
  654 1.211642e-14 0.000000e+00
  655 2.416699e-14 0.000000e+00
  656 1.174575e-14 0.000000e+00
  657 1.198127e-14 0.000000e+00
  658 1.187232e-14 0.000000e+00
  659 1.175177e-14 0.000000e+00
  660 1.188721e-14 0.000000e+00
  661 1.171682e-14 0.000000e+00
  662 1.167151e-14 0.000000e+00
  663 1.340873e-14 0.000000e+00
  664 1.260465e-14 0.000000e+00
  665 2.562183e-14 0.000000e+00
  666 1.214083e-14 0.000000e+00
  667 1.231832e-14 0.000000e+00
  668 1.215550e-14 0.000000e+00
  669 1.223151e-14 0.000000e+00
  670 1.200970e-14 0.000000e+00
  671 1.241186e-14 0.000000e+00
  672 1.201574e-14 0.000000e+00
  673 1.413761e-14 0.000000e+00
  674 1.334218e-14 0.000000e+00
  675 2.687086e-14 0.000000e+00
  676 1.267692e-14 0.000000e+00
  677 1.296770e-14 0.000000e+00
  678 1.279821e-14 0.000000e+00
  679 1.260969e-14 0.000000e+00
  680 1.292738e-14 0.000000e+00
  681 1.282124e-14 0.000000e+00
  682 1.277806e-14 0.000000e+00
  683 1.462710e-14 0.000000e+00
  684 1.407595e-14 0.000000e+00
  685 2.865695e-14 0.000000e+00
  686 1.337418e-14 0.000000e+00
  687 1.347740e-14 0.000000e+00
  688 1.347594e-14 0.000000e+00
  689 1.313206e-14 0.000000e+00
  690 1.368518e-14 0.000000e+00
  691 1.321235e-14 0.000000e+00
  692 1.344444e-14 0.000000e+00
  693 1.547477e-14 0.000000e+00
  694 1.496569e-14 0.000000e+00
  695 3.042802e-14 0.000000e+00
  696 1.408130e-14 0.000000e+00
  697 1.400830e-14 0.000000e+00
  698 1.431616e-14 0.000000e+00
  699 1.420709e-14 0.000000e+00
  700 1.423554e-14 0.000000e+00
  701 1.421998e-14 0.000000e+00
  702 1.435228e-14 0.000000e+00
  703 1.640961e-14 0.000000e+00
  704 1.580908e-14 0.000000e+00
  705 3.241838e-14 0.000000e+00
  706 1.505461e-14 0.000000e+00
  707 1.480129e-14 0.000000e+00
  708 1.522920e-14 0.000000e+00
  709 1.551698e-14 0.000000e+00
  710 1.505883e-14 0.000000e+00
  711 1.513946e-14 0.000000e+00
  712 1.527013e-14 0.000000e+00
  713 1.764430e-14 0.000000e+00
  714 1.712649e-14 0.000000e+00
  715 3.402244e-14 0.000000e+00
  716 1.601897e-14 0.000000e+00
  717 1.602682e-14 0.000000e+00
  718 1.614804e-14 0.000000e+00
  719 1.659237e-14 0.000000e+00
  720 1.625198e-14 0.000000e+00
  721 1.618638e-14 0.000000e+00
  722 1.632737e-14 0.000000e+00
  723 1.917698e-14 0.000000e+00
  724 1.828148e-14 0.000000e+00
  725 3.562043e-14 0.000000e+00
  726 1.732608e-14 0.000000e+00
  727 1.695465e-14 0.000000e+00
  728 1.746838e-14 0.000000e+00
  729 1.748252e-14 0.000000e+00
  730 1.746906e-14 0.000000e+00
  731 1.748334e-14 0.000000e+00
  732 1.726336e-14 0.000000e+00
  733 2.057346e-14 0.000000e+00
  734 1.961807e-14 0.000000e+00
  735 3.721228e-14 0.000000e+00
  736 1.823963e-14 0.000000e+00
  737 1.788656e-14 0.000000e+00
  738 1.889349e-14 0.000000e+00
  739 1.869718e-14 0.000000e+00
  740 1.903765e-14 0.000000e+00
  741 1.842173e-14 0.000000e+00
  742 1.859136e-14 0.000000e+00
  743 2.186952e-14 0.000000e+00
  744 2.105814e-14 0.000000e+00
  745 3.853729e-14 0.000000e+00
  746 1.951025e-14 0.000000e+00
  747 1.914481e-14 0.000000e+00
  748 2.021837e-14 0.000000e+00
  749 2.009867e-14 0.000000e+00
  750 1.989184e-14 0.000000e+00
  751 1.985536e-14 0.000000e+00
  752 2.014248e-14 2.899437e-02
  753 2.316609e-14 0.000000e+00
  754 2.256098e-14 0.000000e+00
  755 3.974241e-14 0.000000e+00
  756 2.043795e-14 0.000000e+00
  757 2.023061e-14 0.000000e+00
  758 2.132892e-14 0.000000e+00
  759 2.154831e-14 0.000000e+00
  760 2.108172e-14 0.000000e+00
  761 2.149757e-14 0.000000e+00
  762 2.147768e-14 0.000000e+00
  763 2.440279e-14 0.000000e+00
  764 2.370231e-14 0.000000e+00
  765 4.078984e-14 0.000000e+00
  766 2.169825e-14 0.000000e+00
  767 2.106556e-14 0.000000e+00
  768 2.272826e-14 0.000000e+00
  769 2.301283e-14 0.000000e+00
  770 2.216439e-14 0.000000e+00
  771 2.258831e-14 0.000000e+00
  772 2.267901e-14 0.000000e+00
  773 2.569249e-14 0.000000e+00
  774 2.508458e-14 0.000000e+00
  775 4.104748e-14 0.000000e+00
  776 2.301798e-14 0.000000e+00
  777 2.212729e-14 0.000000e+00
  778 2.369072e-14 0.000000e+00
  779 2.413994e-14 0.000000e+00
  780 2.360533e-14 0.000000e+00
  781 2.376529e-14 0.000000e+00
  782 2.403597e-14 0.000000e+00
  783 2.715911e-14 0.000000e+00
  784 2.635183e-14 0.000000e+00
  785 4.091370e-14 0.000000e+00
  786 2.396649e-14 0.000000e+00
  787 2.322867e-14 0.000000e+00
  788 2.507916e-14 0.000000e+00
  789 2.539060e-14 0.000000e+00
  790 2.481026e-14 0.000000e+00
  791 2.516146e-14 0.000000e+00
  792 2.494844e-14 0.000000e+00
  793 2.851095e-14 0.000000e+00
  794 2.741779e-14 0.000000e+00
  795 4.073728e-14 0.000000e+00
  796 2.500560e-14 0.000000e+00
  797 2.434071e-14 0.000000e+00
  798 2.642432e-14 0.000000e+00
  799 2.640024e-14 0.000000e+00
  800 2.611762e-14 0.000000e+00
  801 2.644310e-14 0.000000e+00
  802 2.588206e-14 0.000000e+00
  803 2.966292e-14 0.000000e+00
  804 2.821091e-14 0.000000e+00
  805 4.020762e-14 0.000000e+00
  806 2.608508e-14 0.000000e+00
  807 2.563669e-14 0.000000e+00
  808 2.738780e-14 0.000000e+00
  809 2.742878e-14 0.000000e+00
  810 2.717545e-14 0.000000e+00
  811 2.760659e-14 0.000000e+00
  812 2.697093e-14 0.000000e+00
  813 3.037428e-14 0.000000e+00
  814 2.918220e-14 0.000000e+00
  815 3.973628e-14 0.000000e+00
  816 2.710818e-14 0.000000e+00
  817 2.653742e-14 0.000000e+00
  818 2.842870e-14 0.000000e+00
  819 2.857116e-14 0.000000e+00
  820 2.823515e-14 0.000000e+00
  821 2.839924e-14 0.000000e+00
  822 2.807049e-14 0.000000e+00
  823 3.155908e-14 0.000000e+00
  824 2.985922e-14 0.000000e+00
  825 3.935100e-14 0.000000e+00
  826 2.840292e-14 0.000000e+00
  827 2.731565e-14 0.000000e+00
  828 2.940345e-14 0.000000e+00
  829 2.951162e-14 0.000000e+00
  830 2.949340e-14 0.000000e+00
  831 2.932698e-14 0.000000e+00
  832 2.945764e-14 0.000000e+00
  833 3.225746e-14 0.000000e+00
  834 3.087437e-14 0.000000e+00
  835 3.926139e-14 0.000000e+00
  836 2.931668e-14 0.000000e+00
  837 2.844804e-14 0.000000e+00
  838 3.037615e-14 0.000000e+00
  839 3.043796e-14 0.000000e+00
  840 3.061269e-14 0.000000e+00
  841 3.030429e-14 0.000000e+00
  842 3.000289e-14 0.000000e+00
  843 3.305447e-14 0.000000e+00
  844 3.189207e-14 0.000000e+00
  845 3.948947e-14 0.000000e+00
  846 3.020319e-14 0.000000e+00
  847 2.926366e-14 0.000000e+00
  848 3.143820e-14 0.000000e+00
  849 3.137183e-14 0.000000e+00
  850 3.151659e-14 0.000000e+00
  851 3.083350e-14 0.000000e+00
  852 3.085675e-14 2.311015e-02
  853 3.386377e-14 0.000000e+00
  854 3.260897e-14 0.000000e+00
  855 4.024952e-14 0.000000e+00
  856 3.108840e-14 0.000000e+00
  857 3.031258e-14 0.000000e+00
  858 3.224332e-14 0.000000e+00
  859 3.191533e-14 0.000000e+00
  860 3.254830e-14 0.000000e+00
  861 3.162272e-14 0.000000e+00
  862 3.187489e-14 0.000000e+00
  863 3.441200e-14 0.000000e+00
  864 3.357131e-14 0.000000e+00
  865 4.160665e-14 0.000000e+00
  866 3.217189e-14 0.000000e+00
  867 3.131393e-14 0.000000e+00
  868 3.285436e-14 0.000000e+00
  869 3.265441e-14 0.000000e+00
  870 3.312846e-14 0.000000e+00
  871 3.239776e-14 0.000000e+00
  872 3.269242e-14 0.000000e+00
  873 3.513743e-14 0.000000e+00
  874 3.432820e-14 0.000000e+00
  875 4.361319e-14 0.000000e+00
  876 3.278236e-14 0.000000e+00
  877 3.205053e-14 0.000000e+00
  878 3.366731e-14 0.000000e+00
  879 3.345754e-14 0.000000e+00
  880 3.374628e-14 0.000000e+00
  881 3.297371e-14 0.000000e+00
  882 3.330043e-14 0.000000e+00
  883 3.571591e-14 0.000000e+00
  884 3.486901e-14 0.000000e+00
  885 4.593225e-14 0.000000e+00
  886 3.344028e-14 0.000000e+00
  887 3.279151e-14 0.000000e+00
  888 3.398393e-14 0.000000e+00
  889 3.394389e-14 0.000000e+00
  890 3.406662e-14 0.000000e+00
  891 3.366532e-14 0.000000e+00
  892 3.367566e-14 0.000000e+00
  893 3.628574e-14 0.000000e+00
  894 3.526559e-14 0.000000e+00
  895 4.897098e-14 0.000000e+00
  896 3.380415e-14 0.000000e+00
  897 3.339174e-14 0.000000e+00
  898 3.435938e-14 0.000000e+00
  899 3.444648e-14 0.000000e+00
  900 3.424847e-14 0.000000e+00
  901 3.424633e-14 0.000000e+00
  902 3.407151e-14 0.000000e+00
  903 3.648345e-14 0.000000e+00
  904 3.561220e-14 0.000000e+00
  905 5.220165e-14 0.000000e+00
  906 3.404419e-14 0.000000e+00
  907 3.402013e-14 0.000000e+00
  908 3.453183e-14 0.000000e+00
  909 3.473575e-14 0.000000e+00
  910 3.450207e-14 0.000000e+00
  911 3.451690e-14 0.000000e+00
  912 3.411397e-14 0.000000e+00
  913 3.663506e-14 0.000000e+00
  914 3.589466e-14 0.000000e+00
  915 5.558636e-14 0.000000e+00
  916 3.415316e-14 0.000000e+00
  917 3.412222e-14 0.000000e+00
  918 3.445090e-14 0.000000e+00
  919 3.469758e-14 0.000000e+00
  920 3.415800e-14 0.000000e+00
  921 3.410446e-14 0.000000e+00
  922 3.413610e-14 0.000000e+00
  923 3.696982e-14 0.000000e+00
  924 3.562004e-14 0.000000e+00
  925 5.877476e-14 0.000000e+00
  926 3.411692e-14 0.000000e+00
  927 3.379397e-14 0.000000e+00
  928 3.446759e-14 0.000000e+00
  929 3.409875e-14 0.000000e+00
  930 3.403884e-14 0.000000e+00
  931 3.405593e-14 0.000000e+00
  932 3.329951e-14 0.000000e+00
  933 3.675069e-14 0.000000e+00
  934 3.579971e-14 0.000000e+00
  935 6.187146e-14 0.000000e+00
  936 3.376962e-14 0.000000e+00
  937 3.339897e-14 0.000000e+00
  938 3.395000e-14 0.000000e+00
  939 3.390702e-14 0.000000e+00
  940 3.329095e-14 0.000000e+00
  941 3.353040e-14 0.000000e+00
  942 3.268800e-14 0.000000e+00
  943 3.652897e-14 0.000000e+00
  944 3.630774e-14 0.000000e+00
  945 6.448842e-14 0.000000e+00
  946 3.325182e-14 0.000000e+00
  947 3.279911e-14 0.000000e+00
  948 3.334022e-14 0.000000e+00
  949 3.316159e-14 0.000000e+00
  950 3.247173e-14 0.000000e+00
  951 3.288353e-14 0.000000e+00
  952 3.256782e-14 3.845069e-02
  953 3.601155e-14 0.000000e+00
  954 3.550283e-14 0.000000e+00
  955 6.725052e-14 0.000000e+00
  956 3.288845e-14 0.000000e+00
  957 3.169928e-14 0.000000e+00
  958 3.284755e-14 0.000000e+00
  959 3.219902e-14 0.000000e+00
  960 3.185729e-14 0.000000e+00
  961 3.204253e-14 0.000000e+00
  962 3.139691e-14 0.000000e+00
  963 3.577526e-14 0.000000e+00
  964 3.481352e-14 0.000000e+00
  965 6.979342e-14 0.000000e+00
  966 3.214241e-14 0.000000e+00
  967 3.097071e-14 0.000000e+00
  968 3.223746e-14 0.000000e+00
  969 3.130626e-14 0.000000e+00
  970 3.126536e-14 0.000000e+00
  971 3.118191e-14 0.000000e+00
  972 3.068373e-14 0.000000e+00
  973 3.583731e-14 0.000000e+00
  974 3.445445e-14 0.000000e+00
  975 7.189551e-14 0.000000e+00
  976 3.181547e-14 0.000000e+00
  977 3.055867e-14 0.000000e+00
  978 3.146802e-14 0.000000e+00
  979 3.085113e-14 0.000000e+00
  980 3.058058e-14 0.000000e+00
  981 3.073497e-14 0.000000e+00
  982 3.030118e-14 0.000000e+00
  983 3.574076e-14 0.000000e+00
  984 3.456843e-14 0.000000e+00
  985 7.403546e-14 0.000000e+00
  986 3.142495e-14 0.000000e+00
  987 2.965280e-14 0.000000e+00
  988 3.130868e-14 0.000000e+00
  989 3.090653e-14 0.000000e+00
  990 2.991277e-14 0.000000e+00
  991 3.053038e-14 0.000000e+00
  992 3.005465e-14 0.000000e+00
  993 3.631785e-14 0.000000e+00
  994 3.468701e-14 0.000000e+00
  995 7.606386e-14 0.000000e+00
  996 3.121738e-14 0.000000e+00
  997 2.964398e-14 0.000000e+00
  998 3.140775e-14 0.000000e+00
  999 3.093234e-14 0.000000e+00
 1000 3.070828e-14 0.000000e+00
 1001 3.065220e-14 0.000000e+00
 1002 3.008988e-14 0.000000e+00
 1003 3.760224e-14 0.000000e+00
 1004 3.547349e-14 0.000000e+00
 1005 7.852775e-14 0.000000e+00
 1006 3.122013e-14 0.000000e+00
 1007 3.015791e-14 0.000000e+00
 1008 3.210155e-14 0.000000e+00
 1009 3.236722e-14 0.000000e+00
 1010 3.138364e-14 0.000000e+00
 1011 3.144617e-14 0.000000e+00
 1012 3.108635e-14 0.000000e+00
 1013 3.908450e-14 0.000000e+00
 1014 3.691458e-14 0.000000e+00
 1015 8.087796e-14 0.000000e+00
 1016 3.269864e-14 0.000000e+00
 1017 3.136460e-14 0.000000e+00
 1018 3.374233e-14 0.000000e+00
 1019 3.327037e-14 0.000000e+00
 1020 3.266602e-14 0.000000e+00
 1021 3.275128e-14 0.000000e+00
 1022 3.236803e-14 0.000000e+00
 1023 4.157666e-14 0.000000e+00
 1024 3.866068e-14 0.000000e+00
 1025 8.385926e-14 0.000000e+00
 1026 3.460897e-14 0.000000e+00
 1027 3.285447e-14 0.000000e+00
 1028 3.546670e-14 0.000000e+00
 1029 3.528294e-14 0.000000e+00
 1030 3.434499e-14 0.000000e+00
 1031 3.449962e-14 0.000000e+00
 1032 3.433011e-14 0.000000e+00
 1033 4.491361e-14 0.000000e+00
 1034 4.115394e-14 0.000000e+00
 1035 8.735873e-14 0.000000e+00
 1036 3.710663e-14 0.000000e+00
 1037 3.391195e-14 0.000000e+00
 1038 3.810457e-14 0.000000e+00
 1039 3.819475e-14 0.000000e+00
 1040 3.621017e-14 0.000000e+00
 1041 3.702453e-14 0.000000e+00
 1042 3.737219e-14 0.000000e+00
 1043 4.817533e-14 0.000000e+00
 1044 4.432587e-14 0.000000e+00
 1045 8.993658e-14 0.000000e+00
 1046 3.932453e-14 0.000000e+00
 1047 3.640425e-14 0.000000e+00
 1048 4.124627e-14 0.000000e+00
 1049 4.086976e-14 0.000000e+00
 1050 3.952454e-14 0.000000e+00
 1051 3.973250e-14 0.000000e+00
 1052 4.046993e-14 0.000000e+00
 1053 5.188559e-14 0.000000e+00
 1054 4.716526e-14 0.000000e+00
 1055 9.267445e-14 0.000000e+00
 1056 4.160350e-14 0.000000e+00
 1057 3.937889e-14 0.000000e+00
 1058 4.452996e-14 0.000000e+00
 1059 4.382777e-14 0.000000e+00
 1060 4.300467e-14 0.000000e+00
 1061 4.287848e-14 0.000000e+00
 1062 4.379572e-14 0.000000e+00
 1063 5.521423e-14 0.000000e+00
 1064 5.033909e-14 0.000000e+00
 1065 9.526585e-14 0.000000e+00
 1066 4.384897e-14 0.000000e+00
 1067 4.227797e-14 0.000000e+00
 1068 4.802996e-14 0.000000e+00
 1069 4.731536e-14 0.000000e+00
 1070 4.651737e-14 0.000000e+00
 1071 4.573420e-14 0.000000e+00
 1072 4.731285e-14 0.000000e+00
 1073 5.874601e-14 0.000000e+00
 1074 5.414198e-14 0.000000e+00
 1075 9.635397e-14 0.000000e+00
 1076 4.676354e-14 0.000000e+00
 1077 4.473925e-14 0.000000e+00
 1078 5.189825e-14 0.000000e+00
 1079 5.052867e-14 0.000000e+00
 1080 4.981616e-14 0.000000e+00
 1081 4.903826e-14 0.000000e+00
 1082 4.985071e-14 0.000000e+00
 1083 6.262525e-14 0.000000e+00
 1084 5.769984e-14 0.000000e+00
 1085 9.573586e-14 0.000000e+00
 1086 5.028844e-14 0.000000e+00
 1087 4.723609e-14 0.000000e+00
 1088 5.490076e-14 0.000000e+00
 1089 5.354581e-14 0.000000e+00
 1090 5.287158e-14 0.000000e+00
 1091 5.253615e-14 0.000000e+00
 1092 5.277413e-14 0.000000e+00
 1093 6.562297e-14 0.000000e+00
 1094 6.076957e-14 0.000000e+00
 1095 9.490970e-14 0.000000e+00
 1096 5.275043e-14 0.000000e+00
 1097 4.934525e-14 0.000000e+00
 1098 5.823060e-14 0.000000e+00
 1099 5.626254e-14 0.000000e+00
 1100 5.587011e-14 0.000000e+00
 1101 5.570010e-14 0.000000e+00
 1102 5.564640e-14 0.000000e+00
 1103 6.856808e-14 0.000000e+00
 1104 6.277416e-14 0.000000e+00
 1105 9.252548e-14 0.000000e+00
 1106 5.446251e-14 0.000000e+00
 1107 5.126135e-14 0.000000e+00
 1108 6.117911e-14 0.000000e+00
 1109 5.907530e-14 0.000000e+00
 1110 5.833914e-14 0.000000e+00
 1111 5.836687e-14 0.000000e+00
 1112 5.815021e-14 0.000000e+00
 1113 7.079531e-14 0.000000e+00
 1114 6.562253e-14 0.000000e+00
 1115 8.801865e-14 0.000000e+00
 1116 5.715580e-14 0.000000e+00
 1117 5.330159e-14 0.000000e+00
 1118 6.288743e-14 0.000000e+00
 1119 6.205465e-14 0.000000e+00
 1120 6.105467e-14 0.000000e+00
 1121 6.114298e-14 0.000000e+00
 1122 5.989926e-14 0.000000e+00
 1123 7.333260e-14 0.000000e+00
 1124 6.713095e-14 0.000000e+00
 1125 8.374962e-14 0.000000e+00
 1126 5.895575e-14 0.000000e+00
 1127 5.545955e-14 0.000000e+00
 1128 6.456401e-14 0.000000e+00
 1129 6.454726e-14 0.000000e+00
 1130 6.343457e-14 0.000000e+00
 1131 6.310756e-14 0.000000e+00
 1132 6.229960e-14 0.000000e+00
 1133 7.502014e-14 0.000000e+00
 1134 6.877921e-14 0.000000e+00
 1135 7.899730e-14 0.000000e+00
 1136 6.131032e-14 0.000000e+00
 1137 5.752632e-14 0.000000e+00
 1138 6.645087e-14 0.000000e+00
 1139 6.637763e-14 0.000000e+00
 1140 6.526532e-14 0.000000e+00
 1141 6.530510e-14 0.000000e+00
 1142 6.434238e-14 0.000000e+00
 1143 7.586933e-14 0.000000e+00
 1144 7.024974e-14 0.000000e+00
 1145 7.581454e-14 0.000000e+00
 1146 6.353363e-14 0.000000e+00
 1147 5.842599e-14 0.000000e+00
 1148 6.861214e-14 0.000000e+00
 1149 6.818597e-14 0.000000e+00
 1150 6.703864e-14 0.000000e+00
 1151 6.685643e-14 0.000000e+00
 1152 6.647512e-14 0.000000e+00
 1153 7.735752e-14 0.000000e+00
 1154 7.135153e-14 0.000000e+00
 1155 7.388845e-14 0.000000e+00
 1156 6.460339e-14 0.000000e+00
 1157 6.030616e-14 0.000000e+00
 1158 7.011007e-14 0.000000e+00
 1159 7.033397e-14 0.000000e+00
 1160 6.861544e-14 0.000000e+00
 1161 6.859771e-14 0.000000e+00
 1162 6.833699e-14 0.000000e+00
 1163 7.850843e-14 0.000000e+00
 1164 7.258746e-14 0.000000e+00
 1165 7.347578e-14 0.000000e+00
 1166 6.655416e-14 0.000000e+00
 1167 6.171719e-14 0.000000e+00
 1168 7.206505e-14 0.000000e+00
 1169 7.159483e-14 0.000000e+00
 1170 7.085794e-14 0.000000e+00
 1171 7.004206e-14 0.000000e+00
 1172 6.991761e-14 0.000000e+00
 1173 7.964935e-14 0.000000e+00
 1174 7.408759e-14 0.000000e+00
 1175 7.603267e-14 0.000000e+00
 1176 6.783222e-14 0.000000e+00
 1177 6.365201e-14 0.000000e+00
 1178 7.389637e-14 0.000000e+00
 1179 7.299811e-14 0.000000e+00
 1180 7.283318e-14 0.000000e+00
 1181 7.156352e-14 0.000000e+00
 1182 7.171849e-14 0.000000e+00
 1183 8.057980e-14 0.000000e+00
 1184 7.650258e-14 0.000000e+00
 1185 8.019065e-14 0.000000e+00
 1186 6.946803e-14 0.000000e+00
 1187 6.665732e-14 0.000000e+00
 1188 7.538073e-14 0.000000e+00
 1189 7.495073e-14 0.000000e+00
 1190 7.435346e-14 0.000000e+00
 1191 7.304918e-14 0.000000e+00
 1192 7.364461e-14 0.000000e+00
 1193 8.198995e-14 0.000000e+00
 1194 7.865048e-14 0.000000e+00
 1195 8.725942e-14 0.000000e+00
 1196 7.197503e-14 0.000000e+00
 1197 6.880953e-14 0.000000e+00
 1198 7.703560e-14 0.000000e+00
 1199 7.664642e-14 0.000000e+00
 1200 7.589239e-14 0.000000e+00
 1201 7.470227e-14 0.000000e+00
 1202 7.561682e-14 0.000000e+00
 1203 8.370421e-14 0.000000e+00
 1204 8.107218e-14 0.000000e+00
 1205 9.693610e-14 0.000000e+00
 1206 7.405976e-14 0.000000e+00
 1207 7.105845e-14 0.000000e+00
 1208 7.852763e-14 0.000000e+00
 1209 7.895039e-14 0.000000e+00
 1210 7.720002e-14 0.000000e+00
 1211 7.655099e-14 0.000000e+00
 1212 7.697407e-14 0.000000e+00
 1213 8.617159e-14 0.000000e+00
 1214 8.305404e-14 0.000000e+00
 1215 1.099036e-13 0.000000e+00
 1216 7.621564e-14 0.000000e+00
 1217 7.352753e-14 0.000000e+00
 1218 8.047038e-14 0.000000e+00
 1219 8.035677e-14 0.000000e+00
 1220 7.889136e-14 0.000000e+00
 1221 7.853233e-14 0.000000e+00
 1222 7.841074e-14 0.000000e+00
 1223 8.911983e-14 0.000000e+00
 1224 8.511366e-14 0.000000e+00
 1225 1.249575e-13 0.000000e+00
 1226 7.911908e-14 0.000000e+00
 1227 7.524220e-14 0.000000e+00
 1228 8.237028e-14 0.000000e+00
 1229 8.153192e-14 0.000000e+00
 1230 8.080788e-14 0.000000e+00
 1231 8.008281e-14 0.000000e+00
 1232 7.980589e-14 0.000000e+00
 1233 9.237726e-14 0.000000e+00
 1234 8.811467e-14 0.000000e+00
 1235 1.408554e-13 0.000000e+00
 1236 8.132079e-14 0.000000e+00
 1237 7.741233e-14 0.000000e+00
 1238 8.400184e-14 0.000000e+00
 1239 8.297439e-14 0.000000e+00
 1240 8.279601e-14 0.000000e+00
 1241 8.129137e-14 0.000000e+00
 1242 8.101964e-14 0.000000e+00
 1243 9.531938e-14 0.000000e+00
 1244 9.038934e-14 0.000000e+00
 1245 1.584377e-13 0.000000e+00
 1246 8.317590e-14 0.000000e+00
 1247 7.896315e-14 0.000000e+00
 1248 8.585777e-14 0.000000e+00
 1249 8.384108e-14 0.000000e+00
 1250 8.384087e-14 0.000000e+00
 1251 8.279662e-14 0.000000e+00
 1252 8.276730e-14 2.857315e-02
 1253 9.812624e-14 0.000000e+00
 1254 9.353077e-14 0.000000e+00
 1255 1.739015e-13 0.000000e+00
 1256 8.418213e-14 0.000000e+00
 1257 8.076501e-14 0.000000e+00
 1258 8.747437e-14 0.000000e+00
 1259 8.481197e-14 0.000000e+00
 1260 8.493637e-14 0.000000e+00
 1261 8.407455e-14 0.000000e+00
 1262 8.377921e-14 0.000000e+00
 1263 1.014251e-13 0.000000e+00
 1264 9.553458e-14 0.000000e+00
 1265 1.882232e-13 0.000000e+00
 1266 8.506129e-14 0.000000e+00
 1267 8.140680e-14 0.000000e+00
 1268 8.818447e-14 0.000000e+00
 1269 8.730100e-14 0.000000e+00
 1270 8.464451e-14 0.000000e+00
 1271 8.515185e-14 0.000000e+00
 1272 8.412352e-14 0.000000e+00
 1273 1.039090e-13 0.000000e+00
 1274 9.705567e-14 0.000000e+00
 1275 2.001164e-13 0.000000e+00
 1276 8.552277e-14 0.000000e+00
 1277 8.100183e-14 0.000000e+00
 1278 8.978183e-14 0.000000e+00
 1279 8.772885e-14 0.000000e+00
 1280 8.527954e-14 0.000000e+00
 1281 8.586491e-14 0.000000e+00
 1282 8.423046e-14 0.000000e+00
 1283 1.064226e-13 0.000000e+00
 1284 9.900566e-14 0.000000e+00
 1285 2.071503e-13 0.000000e+00
 1286 8.606406e-14 0.000000e+00
 1287 7.994495e-14 0.000000e+00
 1288 9.059993e-14 0.000000e+00
 1289 8.770090e-14 0.000000e+00
 1290 8.574246e-14 0.000000e+00
 1291 8.612050e-14 0.000000e+00
 1292 8.407660e-14 0.000000e+00
 1293 1.090222e-13 0.000000e+00
 1294 9.964043e-14 0.000000e+00
 1295 2.095601e-13 0.000000e+00
 1296 8.574315e-14 0.000000e+00
 1297 7.899483e-14 0.000000e+00
 1298 8.991212e-14 0.000000e+00
 1299 8.774472e-14 0.000000e+00
 1300 8.618083e-14 0.000000e+00
 1301 8.603422e-14 0.000000e+00
 1302 8.487628e-14 0.000000e+00
 1303 1.101384e-13 0.000000e+00
 1304 9.972700e-14 0.000000e+00
 1305 2.062391e-13 0.000000e+00
 1306 8.475046e-14 0.000000e+00
 1307 7.775519e-14 0.000000e+00
 1308 8.980085e-14 0.000000e+00
 1309 8.679415e-14 0.000000e+00
 1310 8.685513e-14 0.000000e+00
 1311 8.640778e-14 0.000000e+00
 1312 8.418891e-14 0.000000e+00
 1313 1.105987e-13 0.000000e+00
 1314 9.960696e-14 0.000000e+00
 1315 2.012803e-13 0.000000e+00
 1316 8.283811e-14 0.000000e+00
 1317 7.591510e-14 0.000000e+00
 1318 9.002521e-14 0.000000e+00
 1319 8.683549e-14 0.000000e+00
 1320 8.588388e-14 0.000000e+00
 1321 8.631752e-14 0.000000e+00
 1322 8.357375e-14 0.000000e+00
 1323 1.122165e-13 0.000000e+00
 1324 9.915282e-14 0.000000e+00
 1325 1.924420e-13 0.000000e+00
 1326 8.141700e-14 0.000000e+00
 1327 7.423808e-14 0.000000e+00
 1328 9.021917e-14 0.000000e+00
 1329 8.687580e-14 0.000000e+00
 1330 8.595834e-14 0.000000e+00
 1331 8.622044e-14 0.000000e+00
 1332 8.341211e-14 0.000000e+00
 1333 1.126092e-13 0.000000e+00
 1334 9.991214e-14 0.000000e+00
 1335 1.800152e-13 0.000000e+00
 1336 8.100270e-14 0.000000e+00
 1337 7.343283e-14 0.000000e+00
 1338 8.988734e-14 0.000000e+00
 1339 8.714813e-14 0.000000e+00
 1340 8.638874e-14 0.000000e+00
 1341 8.535243e-14 0.000000e+00
 1342 8.405223e-14 0.000000e+00
 1343 1.126987e-13 0.000000e+00
 1344 9.965014e-14 0.000000e+00
 1345 1.673884e-13 0.000000e+00
 1346 7.984565e-14 0.000000e+00
 1347 7.259991e-14 0.000000e+00
 1348 9.042505e-14 0.000000e+00
 1349 8.759838e-14 0.000000e+00
 1350 8.700649e-14 0.000000e+00
 1351 8.522742e-14 0.000000e+00
 1352 8.470268e-14 0.000000e+00
 1353 1.119199e-13 0.000000e+00
 1354 1.007167e-13 0.000000e+00
 1355 1.528685e-13 0.000000e+00
 1356 7.976806e-14 0.000000e+00
 1357 7.247393e-14 0.000000e+00
 1358 9.099277e-14 0.000000e+00
 1359 8.858922e-14 0.000000e+00
 1360 8.797817e-14 0.000000e+00
 1361 8.573785e-14 0.000000e+00
 1362 8.549080e-14 0.000000e+00
 1363 1.119691e-13 0.000000e+00
 1364 1.003505e-13 0.000000e+00
 1365 1.379322e-13 0.000000e+00
 1366 8.105260e-14 0.000000e+00
 1367 7.220980e-14 0.000000e+00
 1368 9.131230e-14 0.000000e+00
 1369 8.984423e-14 0.000000e+00
 1370 8.907887e-14 0.000000e+00
 1371 8.651000e-14 0.000000e+00
 1372 8.592810e-14 0.000000e+00
 1373 1.121115e-13 0.000000e+00
 1374 1.006045e-13 0.000000e+00
 1375 1.225060e-13 0.000000e+00
 1376 8.177031e-14 0.000000e+00
 1377 7.337442e-14 0.000000e+00
 1378 9.240682e-14 0.000000e+00
 1379 9.041724e-14 0.000000e+00
 1380 9.080778e-14 0.000000e+00
 1381 8.810187e-14 0.000000e+00
 1382 8.663147e-14 0.000000e+00
 1383 1.124486e-13 0.000000e+00
 1384 1.000152e-13 0.000000e+00
 1385 1.079565e-13 0.000000e+00
 1386 8.279594e-14 0.000000e+00
 1387 7.415627e-14 0.000000e+00
 1388 9.331616e-14 0.000000e+00
 1389 9.259688e-14 0.000000e+00
 1390 9.075016e-14 0.000000e+00
 1391 9.030704e-14 0.000000e+00
 1392 8.748065e-14 0.000000e+00
 1393 1.113064e-13 0.000000e+00
 1394 1.001515e-13 0.000000e+00
 1395 9.489712e-14 0.000000e+00
 1396 8.268314e-14 0.000000e+00
 1397 7.491514e-14 0.000000e+00
 1398 9.421791e-14 0.000000e+00
 1399 9.383793e-14 0.000000e+00
 1400 9.157720e-14 0.000000e+00
 1401 9.143315e-14 0.000000e+00
 1402 8.873866e-14 0.000000e+00
 1403 1.107675e-13 0.000000e+00
 1404 9.992795e-14 0.000000e+00
 1405 8.125194e-14 0.000000e+00
 1406 8.271599e-14 0.000000e+00
 1407 7.510974e-14 0.000000e+00
 1408 9.519467e-14 0.000000e+00
 1409 9.493743e-14 0.000000e+00
 1410 9.206487e-14 0.000000e+00
 1411 9.216986e-14 0.000000e+00
 1412 9.026336e-14 0.000000e+00
 1413 1.091499e-13 0.000000e+00
 1414 1.003408e-13 0.000000e+00
 1415 6.801060e-14 0.000000e+00
 1416 8.338956e-14 0.000000e+00
 1417 7.563447e-14 0.000000e+00
 1418 9.644088e-14 0.000000e+00
 1419 9.475493e-14 0.000000e+00
 1420 9.351377e-14 0.000000e+00
 1421 9.240750e-14 0.000000e+00
 1422 9.085786e-14 0.000000e+00
 1423 1.083762e-13 0.000000e+00
 1424 9.914212e-14 0.000000e+00
 1425 5.738294e-14 0.000000e+00
 1426 8.332355e-14 0.000000e+00
 1427 7.623326e-14 0.000000e+00
 1428 9.687379e-14 0.000000e+00
 1429 9.536350e-14 0.000000e+00
 1430 9.282412e-14 0.000000e+00
 1431 9.339305e-14 0.000000e+00
 1432 9.120700e-14 0.000000e+00
 1433 1.070784e-13 0.000000e+00
 1434 9.762365e-14 0.000000e+00
 1435 4.815090e-14 0.000000e+00
 1436 8.338785e-14 0.000000e+00
 1437 7.625788e-14 0.000000e+00
 1438 9.688902e-14 0.000000e+00
 1439 9.555241e-14 0.000000e+00
 1440 9.233785e-14 0.000000e+00
 1441 9.313925e-14 0.000000e+00
 1442 9.119138e-14 0.000000e+00
 1443 1.060105e-13 0.000000e+00
 1444 9.610979e-14 0.000000e+00
 1445 3.908414e-14 0.000000e+00
 1446 8.370582e-14 0.000000e+00
 1447 7.638959e-14 0.000000e+00
 1448 9.551001e-14 0.000000e+00
 1449 9.553191e-14 0.000000e+00
 1450 9.198201e-14 0.000000e+00
 1451 9.252810e-14 0.000000e+00
 1452 9.101246e-14 0.000000e+00
 1453 1.038070e-13 0.000000e+00
 1454 9.467442e-14 0.000000e+00
 1455 3.229163e-14 0.000000e+00
 1456 8.340619e-14 0.000000e+00
 1457 7.599971e-14 0.000000e+00
 1458 9.424355e-14 0.000000e+00
 1459 9.501962e-14 0.000000e+00
 1460 9.112978e-14 0.000000e+00
 1461 9.163314e-14 0.000000e+00
 1462 9.005951e-14 0.000000e+00
 1463 1.007938e-13 0.000000e+00
 1464 9.382019e-14 0.000000e+00
 1465 2.727575e-14 0.000000e+00
 1466 8.306208e-14 0.000000e+00
 1467 7.543439e-14 0.000000e+00
 1468 9.312121e-14 0.000000e+00
 1469 9.300448e-14 0.000000e+00
 1470 8.996751e-14 0.000000e+00
 1471 9.047886e-14 0.000000e+00
 1472 8.869104e-14 0.000000e+00
 1473 9.771161e-14 0.000000e+00
 1474 9.206443e-14 0.000000e+00
 1475 2.584256e-14 0.000000e+00
 1476 8.134329e-14 0.000000e+00
 1477 7.466301e-14 0.000000e+00
 1478 9.160049e-14 0.000000e+00
 1479 9.076177e-14 0.000000e+00
 1480 8.877631e-14 0.000000e+00
 1481 8.899470e-14 0.000000e+00
 1482 8.664343e-14 0.000000e+00
 1483 9.493010e-14 0.000000e+00
 1484 9.049470e-14 0.000000e+00
 1485 2.642729e-14 0.000000e+00
 1486 8.031895e-14 0.000000e+00
 1487 7.333318e-14 0.000000e+00
 1488 8.968910e-14 0.000000e+00
 1489 8.852843e-14 0.000000e+00
 1490 8.644247e-14 0.000000e+00
 1491 8.688942e-14 0.000000e+00
 1492 8.512674e-14 0.000000e+00
 1493 9.311202e-14 0.000000e+00
 1494 8.785657e-14 0.000000e+00
 1495 2.978791e-14 0.000000e+00
 1496 7.817824e-14 0.000000e+00
 1497 7.223192e-14 0.000000e+00
 1498 8.807849e-14 0.000000e+00
 1499 8.570387e-14 0.000000e+00
 1500 8.432005e-14 0.000000e+00
 1501 8.430404e-14 0.000000e+00
 1502 8.323745e-14 0.000000e+00
 1503 8.958316e-14 0.000000e+00
 1504 8.641713e-14 0.000000e+00
 1505 3.529385e-14 0.000000e+00
 1506 7.661197e-14 0.000000e+00
 1507 7.060734e-14 0.000000e+00
 1508 8.508612e-14 0.000000e+00
 1509 8.345616e-14 0.000000e+00
 1510 8.162601e-14 0.000000e+00
 1511 8.140584e-14 0.000000e+00
 1512 8.009998e-14 0.000000e+00
 1513 8.754718e-14 0.000000e+00
 1514 8.497498e-14 0.000000e+00
 1515 4.474213e-14 0.000000e+00
 1516 7.461341e-14 0.000000e+00
 1517 6.954090e-14 0.000000e+00
 1518 8.188706e-14 0.000000e+00
 1519 8.013576e-14 0.000000e+00
 1520 7.872028e-14 0.000000e+00
 1521 7.875913e-14 0.000000e+00
 1522 7.734541e-14 0.000000e+00
 1523 8.623449e-14 0.000000e+00
 1524 8.252926e-14 0.000000e+00
 1525 5.753638e-14 0.000000e+00
 1526 7.186459e-14 0.000000e+00
 1527 6.746747e-14 0.000000e+00
 1528 7.831222e-14 0.000000e+00
 1529 7.658831e-14 0.000000e+00
 1530 7.501740e-14 0.000000e+00
 1531 7.474825e-14 0.000000e+00
 1532 7.318916e-14 0.000000e+00
 1533 8.289176e-14 0.000000e+00
 1534 7.855620e-14 0.000000e+00
 1535 7.220123e-14 0.000000e+00
 1536 6.849903e-14 0.000000e+00
 1537 6.312926e-14 0.000000e+00
 1538 7.354621e-14 0.000000e+00
 1539 7.163038e-14 0.000000e+00
 1540 6.981596e-14 0.000000e+00
 1541 6.885142e-14 0.000000e+00
 1542 6.756503e-14 0.000000e+00
 1543 7.915257e-14 0.000000e+00
 1544 7.362918e-14 0.000000e+00
 1545 8.864731e-14 0.000000e+00
 1546 6.434695e-14 0.000000e+00
 1547 5.773200e-14 0.000000e+00
 1548 6.684238e-14 0.000000e+00
 1549 6.581526e-14 0.000000e+00
 1550 6.379225e-14 0.000000e+00
 1551 6.251651e-14 0.000000e+00
 1552 6.159051e-14 1.369324e-02
 1553 7.460577e-14 0.000000e+00
 1554 6.954578e-14 0.000000e+00
 1555 1.040346e-13 0.000000e+00
 1556 5.905793e-14 0.000000e+00
 1557 5.137494e-14 0.000000e+00
 1558 6.063706e-14 0.000000e+00
 1559 5.875703e-14 0.000000e+00
 1560 5.703373e-14 0.000000e+00
 1561 5.627764e-14 0.000000e+00
 1562 5.309772e-14 0.000000e+00
 1563 7.122452e-14 0.000000e+00
 1564 6.307797e-14 0.000000e+00
 1565 1.199220e-13 0.000000e+00
 1566 5.149388e-14 0.000000e+00
 1567 4.333521e-14 0.000000e+00
 1568 5.396130e-14 0.000000e+00
 1569 5.072189e-14 0.000000e+00
 1570 4.881320e-14 0.000000e+00
 1571 4.857528e-14 0.000000e+00
 1572 4.530059e-14 0.000000e+00
 1573 6.606303e-14 0.000000e+00
 1574 5.729180e-14 0.000000e+00
 1575 1.326410e-13 0.000000e+00
 1576 4.301295e-14 0.000000e+00
 1577 3.507528e-14 0.000000e+00
 1578 4.577312e-14 0.000000e+00
 1579 4.188053e-14 0.000000e+00
 1580 4.090212e-14 0.000000e+00
 1581 3.975105e-14 0.000000e+00
 1582 3.595279e-14 0.000000e+00
 1583 6.009872e-14 0.000000e+00
 1584 5.104881e-14 0.000000e+00
 1585 1.393360e-13 0.000000e+00
 1586 3.399992e-14 0.000000e+00
 1587 2.509933e-14 0.000000e+00
 1588 3.686308e-14 0.000000e+00
 1589 3.367884e-14 0.000000e+00
 1590 3.026521e-14 0.000000e+00
 1591 2.970395e-14 0.000000e+00
 1592 2.536105e-14 0.000000e+00
 1593 5.347862e-14 0.000000e+00
 1594 4.148201e-14 0.000000e+00
 1595 1.398174e-13 0.000000e+00
 1596 2.381356e-14 0.000000e+00
 1597 1.344385e-14 0.000000e+00
 1598 2.668490e-14 0.000000e+00
 1599 2.243801e-14 0.000000e+00
 1600 1.936766e-14 0.000000e+00
 1601 1.895725e-14 0.000000e+00
 1602 1.500052e-14 0.000000e+00
 1603 4.486173e-14 0.000000e+00
 1604 3.279076e-14 0.000000e+00
 1605 1.311937e-13 0.000000e+00
 1606 1.082354e-14 0.000000e+00
 1607 1.108806e-15 0.000000e+00
 1608 1.473395e-14 0.000000e+00
 1609 1.151937e-14 0.000000e+00
 1610 7.639755e-15 0.000000e+00
 1611 7.423849e-15 0.000000e+00
 1612 3.425074e-15 0.000000e+00
 1613 3.374486e-14 0.000000e+00
 1614 2.307049e-14 0.000000e+00
 1615 1.143328e-13 0.000000e+00
 1616 -2.879305e-15 0.000000e+00
 1617 -1.426378e-14 0.000000e+00
 1618 2.802894e-15 0.000000e+00
 1619 -9.314757e-16 0.000000e+00
 1620 -4.780888e-15 0.000000e+00
 1621 -6.507015e-15 0.000000e+00
 1622 -1.017345e-14 0.000000e+00
 1623 2.166051e-14 0.000000e+00
 1624 9.570078e-15 0.000000e+00
 1625 8.932557e-14 0.000000e+00
 1626 -1.761808e-14 0.000000e+00
 1627 -2.988854e-14 0.000000e+00
 1628 -9.884044e-15 0.000000e+00
 1629 -1.389877e-14 0.000000e+00
 1630 -1.654735e-14 0.000000e+00
 1631 -1.915786e-14 0.000000e+00
 1632 -2.194272e-14 0.000000e+00
 1633 1.054660e-14 0.000000e+00
 1634 -1.807852e-15 0.000000e+00
 1635 6.125013e-14 0.000000e+00
 1636 -3.106909e-14 0.000000e+00
 1637 -4.313642e-14 0.000000e+00
 1638 -2.122883e-14 0.000000e+00
 1639 -2.389973e-14 0.000000e+00
 1640 -2.825780e-14 0.000000e+00
 1641 -2.871405e-14 0.000000e+00
 1642 -3.235375e-14 0.000000e+00
 1643 7.882174e-16 0.000000e+00
 1644 -1.424033e-14 0.000000e+00
 1645 2.879945e-14 0.000000e+00
 1646 -4.276882e-14 0.000000e+00
 1647 -5.374481e-14 0.000000e+00
 1648 -3.212751e-14 0.000000e+00
 1649 -3.295207e-14 0.000000e+00
 1650 -3.768550e-14 0.000000e+00
 1651 -3.844530e-14 0.000000e+00
 1652 -4.240909e-14 0.000000e+00
 1653 -9.958385e-15 0.000000e+00
 1654 -2.615891e-14 0.000000e+00
 1655 -5.839569e-15 0.000000e+00
 1656 -5.247396e-14 0.000000e+00
 1657 -6.578054e-14 0.000000e+00
 1658 -4.054623e-14 0.000000e+00
 1659 -4.295228e-14 0.000000e+00
 1660 -4.568994e-14 0.000000e+00
 1661 -4.760477e-14 0.000000e+00
 1662 -5.159688e-14 0.000000e+00
 1663 -1.919979e-14 0.000000e+00
 1664 -3.638526e-14 0.000000e+00
 1665 -3.917013e-14 0.000000e+00
 1666 -6.160753e-14 0.000000e+00
 1667 -7.501063e-14 0.000000e+00
 1668 -4.861711e-14 0.000000e+00
 1669 -5.190939e-14 0.000000e+00
 1670 -5.225516e-14 0.000000e+00
 1671 -5.586724e-14 0.000000e+00
 1672 -5.762840e-14 0.000000e+00
 1673 -2.927613e-14 0.000000e+00
 1674 -4.494558e-14 0.000000e+00
 1675 -7.068081e-14 0.000000e+00
 1676 -7.087878e-14 0.000000e+00
 1677 -8.101499e-14 0.000000e+00
 1678 -5.531718e-14 0.000000e+00
 1679 -5.854836e-14 0.000000e+00
 1680 -5.862382e-14 0.000000e+00
 1681 -6.227879e-14 0.000000e+00
 1682 -6.400382e-14 0.000000e+00
 1683 -3.874588e-14 0.000000e+00
 1684 -5.376935e-14 0.000000e+00
 1685 -9.791327e-14 0.000000e+00
 1686 -7.759377e-14 0.000000e+00
 1687 -8.740545e-14 0.000000e+00
 1688 -6.157474e-14 0.000000e+00
 1689 -6.289536e-14 0.000000e+00
 1690 -6.360338e-14 0.000000e+00
 1691 -6.740820e-14 0.000000e+00
 1692 -7.011451e-14 0.000000e+00
 1693 -4.688241e-14 0.000000e+00
 1694 -5.924420e-14 0.000000e+00
 1695 -1.215797e-13 0.000000e+00
 1696 -8.311648e-14 0.000000e+00
 1697 -9.090024e-14 0.000000e+00
 1698 -6.575293e-14 0.000000e+00
 1699 -6.712418e-14 0.000000e+00
 1700 -6.846185e-14 0.000000e+00
 1701 -7.070880e-14 0.000000e+00
 1702 -7.286791e-14 0.000000e+00
 1703 -5.416458e-14 0.000000e+00
 1704 -6.611737e-14 0.000000e+00
 1705 -1.385973e-13 0.000000e+00
 1706 -8.516864e-14 0.000000e+00
 1707 -9.480310e-14 0.000000e+00
 1708 -6.863353e-14 0.000000e+00
 1709 -7.077188e-14 0.000000e+00
 1710 -7.177121e-14 0.000000e+00
 1711 -7.378574e-14 0.000000e+00
 1712 -7.569742e-14 0.000000e+00
 1713 -5.990910e-14 0.000000e+00
 1714 -7.064729e-14 0.000000e+00
 1715 -1.517993e-13 0.000000e+00
 1716 -8.800464e-14 0.000000e+00
 1717 -9.641432e-14 0.000000e+00
 1718 -7.143888e-14 0.000000e+00
 1719 -7.346169e-14 0.000000e+00
 1720 -7.383827e-14 0.000000e+00
 1721 -7.667060e-14 0.000000e+00
 1722 -7.749375e-14 0.000000e+00
 1723 -6.396758e-14 0.000000e+00
 1724 -7.388724e-14 0.000000e+00
 1725 -1.601508e-13 0.000000e+00
 1726 -8.954498e-14 0.000000e+00
 1727 -9.647555e-14 0.000000e+00
 1728 -7.441533e-14 0.000000e+00
 1729 -7.560668e-14 0.000000e+00
 1730 -7.511980e-14 0.000000e+00
 1731 -7.858943e-14 0.000000e+00
 1732 -7.920213e-14 0.000000e+00
 1733 -6.683536e-14 0.000000e+00
 1734 -7.637746e-14 0.000000e+00
 1735 -1.639134e-13 0.000000e+00
 1736 -9.022167e-14 0.000000e+00
 1737 -9.603558e-14 0.000000e+00
 1738 -7.617013e-14 0.000000e+00
 1739 -7.636741e-14 0.000000e+00
 1740 -7.751501e-14 0.000000e+00
 1741 -7.916575e-14 0.000000e+00
 1742 -8.034154e-14 0.000000e+00
 1743 -6.966564e-14 0.000000e+00
 1744 -7.842293e-14 0.000000e+00
 1745 -1.661620e-13 0.000000e+00
 1746 -9.111733e-14 0.000000e+00
 1747 -9.461177e-14 0.000000e+00
 1748 -7.747340e-14 0.000000e+00
 1749 -7.715994e-14 0.000000e+00
 1750 -7.878777e-14 0.000000e+00
 1751 -7.980875e-14 0.000000e+00
 1752 -8.054841e-14 0.000000e+00
 1753 -7.207804e-14 0.000000e+00
 1754 -7.988867e-14 0.000000e+00
 1755 -1.642191e-13 0.000000e+00
 1756 -8.952423e-14 0.000000e+00
 1757 -9.378837e-14 0.000000e+00
 1758 -7.856549e-14 0.000000e+00
 1759 -7.808318e-14 0.000000e+00
 1760 -7.920065e-14 0.000000e+00
 1761 -7.975406e-14 0.000000e+00
 1762 -8.110994e-14 0.000000e+00
 1763 -7.340021e-14 0.000000e+00
 1764 -7.949014e-14 0.000000e+00
 1765 -1.598358e-13 0.000000e+00
 1766 -8.795921e-14 0.000000e+00
 1767 -9.355002e-14 0.000000e+00
 1768 -7.878223e-14 0.000000e+00
 1769 -7.831669e-14 0.000000e+00
 1770 -7.949882e-14 0.000000e+00
 1771 -8.022666e-14 0.000000e+00
 1772 -8.172531e-14 0.000000e+00
 1773 -7.390984e-14 0.000000e+00
 1774 -8.072309e-14 0.000000e+00
 1775 -1.531941e-13 0.000000e+00
 1776 -8.747761e-14 0.000000e+00
 1777 -9.169865e-14 0.000000e+00
 1778 -7.947797e-14 0.000000e+00
 1779 -7.866881e-14 0.000000e+00
 1780 -7.950065e-14 0.000000e+00
 1781 -8.146184e-14 0.000000e+00
 1782 -8.117884e-14 0.000000e+00
 1783 -7.455769e-14 0.000000e+00
 1784 -7.976913e-14 0.000000e+00
 1785 -1.427050e-13 0.000000e+00
 1786 -8.605475e-14 0.000000e+00
 1787 -9.057333e-14 0.000000e+00
 1788 -7.947497e-14 0.000000e+00
 1789 -7.874409e-14 0.000000e+00
 1790 -7.973794e-14 0.000000e+00
 1791 -8.113153e-14 0.000000e+00
 1792 -8.071285e-14 0.000000e+00
 1793 -7.409502e-14 0.000000e+00
 1794 -7.843864e-14 0.000000e+00
 1795 -1.296269e-13 0.000000e+00
 1796 -8.507711e-14 0.000000e+00
 1797 -8.896242e-14 0.000000e+00
 1798 -7.909564e-14 0.000000e+00
 1799 -7.906651e-14 0.000000e+00
 1800 -7.895595e-14 0.000000e+00
 1801 -8.061129e-14 0.000000e+00
 1802 -8.168246e-14 0.000000e+00
 1803 -7.291717e-14 0.000000e+00
 1804 -7.852991e-14 0.000000e+00
 1805 -1.162410e-13 0.000000e+00
 1806 -8.347603e-14 0.000000e+00
 1807 -8.714106e-14 0.000000e+00
 1808 -7.931607e-14 0.000000e+00
 1809 -7.905775e-14 0.000000e+00
 1810 -7.853197e-14 0.000000e+00
 1811 -8.034966e-14 0.000000e+00
 1812 -8.124957e-14 0.000000e+00
 1813 -7.137141e-14 0.000000e+00
 1814 -7.737044e-14 0.000000e+00
 1815 -9.861112e-14 0.000000e+00
 1816 -8.164197e-14 0.000000e+00
 1817 -8.612870e-14 0.000000e+00
 1818 -7.815541e-14 0.000000e+00
 1819 -7.850746e-14 0.000000e+00
 1820 -7.806515e-14 0.000000e+00
 1821 -7.975001e-14 0.000000e+00
 1822 -8.105514e-14 0.000000e+00
 1823 -6.927115e-14 0.000000e+00
 1824 -7.492080e-14 0.000000e+00
 1825 -7.957082e-14 0.000000e+00
 1826 -8.109533e-14 0.000000e+00
 1827 -8.361740e-14 0.000000e+00
 1828 -7.805162e-14 0.000000e+00
 1829 -7.816252e-14 0.000000e+00
 1830 -7.712763e-14 0.000000e+00
 1831 -7.994172e-14 0.000000e+00
 1832 -8.000497e-14 0.000000e+00
 1833 -6.830672e-14 0.000000e+00
 1834 -7.415365e-14 0.000000e+00
 1835 -6.337358e-14 0.000000e+00
 1836 -8.041002e-14 0.000000e+00
 1837 -8.319812e-14 0.000000e+00
 1838 -7.824969e-14 0.000000e+00
 1839 -7.701620e-14 0.000000e+00
 1840 -7.686447e-14 0.000000e+00
 1841 -7.932500e-14 0.000000e+00
 1842 -7.979630e-14 0.000000e+00
 1843 -6.632705e-14 0.000000e+00
 1844 -7.098502e-14 0.000000e+00
 1845 -4.634573e-14 0.000000e+00
 1846 -7.967863e-14 0.000000e+00
 1847 -8.363612e-14 0.000000e+00
 1848 -7.644288e-14 0.000000e+00
 1849 -7.713064e-14 0.000000e+00
 1850 -7.709487e-14 0.000000e+00
 1851 -7.860592e-14 0.000000e+00
 1852 -7.962354e-14 9.108096e-03
 1853 -6.332865e-14 0.000000e+00
 1854 -6.815318e-14 0.000000e+00
 1855 -3.192482e-14 0.000000e+00
 1856 -7.808840e-14 0.000000e+00
 1857 -8.507598e-14 0.000000e+00
 1858 -7.638951e-14 0.000000e+00
 1859 -7.723853e-14 0.000000e+00
 1860 -7.807808e-14 0.000000e+00
 1861 -7.837997e-14 0.000000e+00
 1862 -8.098679e-14 0.000000e+00
 1863 -6.271991e-14 0.000000e+00
 1864 -6.850682e-14 0.000000e+00
 1865 -2.480844e-14 0.000000e+00
 1866 -8.085101e-14 0.000000e+00
 1867 -8.809096e-14 0.000000e+00
 1868 -7.633186e-14 0.000000e+00
 1869 -7.779715e-14 0.000000e+00
 1870 -7.891583e-14 0.000000e+00
 1871 -8.009597e-14 0.000000e+00
 1872 -8.248895e-14 0.000000e+00
 1873 -6.154352e-14 0.000000e+00
 1874 -6.750968e-14 0.000000e+00
 1875 -1.999252e-14 0.000000e+00
 1876 -8.259874e-14 0.000000e+00
 1877 -9.151385e-14 0.000000e+00
 1878 -7.718186e-14 0.000000e+00
 1879 -7.945678e-14 0.000000e+00
 1880 -8.017405e-14 0.000000e+00
 1881 -8.240854e-14 0.000000e+00
 1882 -8.309984e-14 0.000000e+00
 1883 -6.072465e-14 0.000000e+00
 1884 -6.816856e-14 0.000000e+00
 1885 -1.907743e-14 0.000000e+00
 1886 -8.573630e-14 0.000000e+00
 1887 -9.563806e-14 0.000000e+00
 1888 -7.950602e-14 0.000000e+00
 1889 -8.319787e-14 0.000000e+00
 1890 -8.358484e-14 0.000000e+00
 1891 -8.465281e-14 0.000000e+00
 1892 -8.724864e-14 0.000000e+00
 1893 -6.365520e-14 0.000000e+00
 1894 -7.175691e-14 0.000000e+00
 1895 -3.398149e-14 0.000000e+00
 1896 -9.172671e-14 0.000000e+00
 1897 -1.021728e-13 0.000000e+00
 1898 -8.285633e-14 0.000000e+00
 1899 -8.733904e-14 0.000000e+00
 1900 -8.674669e-14 0.000000e+00
 1901 -8.976441e-14 0.000000e+00
 1902 -9.132020e-14 0.000000e+00
 1903 -6.524055e-14 0.000000e+00
 1904 -7.535342e-14 0.000000e+00
 1905 -5.020309e-14 0.000000e+00
 1906 -9.575292e-14 0.000000e+00
 1907 -1.087051e-13 0.000000e+00
 1908 -8.755533e-14 0.000000e+00
 1909 -9.110307e-14 0.000000e+00
 1910 -9.070267e-14 0.000000e+00
 1911 -9.294914e-14 0.000000e+00
 1912 -9.545203e-14 0.000000e+00
 1913 -6.820950e-14 0.000000e+00
 1914 -7.897885e-14 0.000000e+00
 1915 -6.951826e-14 0.000000e+00
 1916 -1.015099e-13 0.000000e+00
 1917 -1.166041e-13 0.000000e+00
 1918 -9.298548e-14 0.000000e+00
 1919 -9.541862e-14 0.000000e+00
 1920 -9.619694e-14 0.000000e+00
 1921 -9.820032e-14 0.000000e+00
 1922 -1.019214e-13 0.000000e+00
 1923 -7.521538e-14 0.000000e+00
 1924 -8.579565e-14 0.000000e+00
 1925 -1.055814e-13 0.000000e+00
 1926 -1.101791e-13 0.000000e+00
 1927 -1.253050e-13 0.000000e+00
 1928 -9.926180e-14 0.000000e+00
 1929 -9.966505e-14 0.000000e+00
 1930 -1.016248e-13 0.000000e+00
 1931 -1.036276e-13 0.000000e+00
 1932 -1.083601e-13 0.000000e+00
 1933 -7.966710e-14 0.000000e+00
 1934 -9.183155e-14 0.000000e+00
 1935 -1.336240e-13 0.000000e+00
 1936 -1.174194e-13 0.000000e+00
 1937 -1.317038e-13 0.000000e+00
 1938 -1.030210e-13 0.000000e+00
 1939 -1.037649e-13 0.000000e+00
 1940 -1.061520e-13 0.000000e+00
 1941 -1.087443e-13 0.000000e+00
 1942 -1.124319e-13 0.000000e+00
 1943 -8.330875e-14 0.000000e+00
 1944 -9.759286e-14 0.000000e+00
 1945 -1.599834e-13 0.000000e+00
 1946 -1.233055e-13 0.000000e+00
 1947 -1.377435e-13 0.000000e+00
 1948 -1.067708e-13 0.000000e+00
 1949 -1.087121e-13 0.000000e+00
 1950 -1.111074e-13 0.000000e+00
 1951 -1.124272e-13 0.000000e+00
 1952 -1.172735e-13 0.000000e+00
 1953 -9.119002e-14 0.000000e+00
 1954 -1.039674e-13 0.000000e+00
 1955 -1.945995e-13 0.000000e+00
 1956 -1.298511e-13 0.000000e+00
 1957 -1.438343e-13 0.000000e+00
 1958 -1.113676e-13 0.000000e+00
 1959 -1.134891e-13 0.000000e+00
 1960 -1.147479e-13 0.000000e+00
 1961 -1.167559e-13 0.000000e+00
 1962 -1.210644e-13 0.000000e+00
 1963 -9.659102e-14 0.000000e+00
 1964 -1.094143e-13 0.000000e+00
 1965 -2.237539e-13 0.000000e+00
 1966 -1.325532e-13 0.000000e+00
 1967 -1.489659e-13 0.000000e+00
 1968 -1.146000e-13 0.000000e+00
 1969 -1.156387e-13 0.000000e+00
 1970 -1.176569e-13 0.000000e+00
 1971 -1.200130e-13 0.000000e+00
 1972 -1.229598e-13 0.000000e+00
 1973 -1.020453e-13 0.000000e+00
 1974 -1.139704e-13 0.000000e+00
 1975 -2.461676e-13 0.000000e+00
 1976 -1.353794e-13 0.000000e+00
 1977 -1.507608e-13 0.000000e+00
 1978 -1.165846e-13 0.000000e+00
 1979 -1.173050e-13 0.000000e+00
 1980 -1.186807e-13 0.000000e+00
 1981 -1.218771e-13 0.000000e+00
 1982 -1.242474e-13 0.000000e+00
 1983 -1.056848e-13 0.000000e+00
 1984 -1.188815e-13 0.000000e+00
 1985 -2.627064e-13 0.000000e+00
 1986 -1.359186e-13 0.000000e+00
 1987 -1.517268e-13 0.000000e+00
 1988 -1.169352e-13 0.000000e+00
 1989 -1.185711e-13 0.000000e+00
 1990 -1.184075e-13 0.000000e+00
 1991 -1.225756e-13 0.000000e+00
 1992 -1.229050e-13 0.000000e+00
 1993 -1.096703e-13 0.000000e+00
 1994 -1.195529e-13 0.000000e+00
 1995 -2.746975e-13 0.000000e+00
 1996 -1.365690e-13 0.000000e+00
 1997 -1.489853e-13 0.000000e+00
 1998 -1.161983e-13 0.000000e+00
 1999 -1.173408e-13 0.000000e+00
 2000 -1.186465e-13 0.000000e+00
 2001 -1.219820e-13 0.000000e+00
 2002 -1.213323e-13 0.000000e+00
 2003 -1.105264e-13 0.000000e+00
 2004 -1.203610e-13 0.000000e+00
 2005 -2.804402e-13 0.000000e+00
 2006 -1.349875e-13 0.000000e+00
 2007 -1.451868e-13 0.000000e+00
 2008 -1.150425e-13 0.000000e+00
 2009 -1.157499e-13 0.000000e+00
 2010 -1.168916e-13 0.000000e+00
 2011 -1.188882e-13 0.000000e+00
 2012 -1.195170e-13 0.000000e+00
 2013 -1.115216e-13 0.000000e+00
 2014 -1.190778e-13 0.000000e+00
 2015 -2.817545e-13 0.000000e+00
 2016 -1.316861e-13 0.000000e+00
 2017 -1.416621e-13 0.000000e+00
 2018 -1.128935e-13 0.000000e+00
 2019 -1.131286e-13 0.000000e+00
 2020 -1.136115e-13 0.000000e+00
 2021 -1.161933e-13 0.000000e+00
 2022 -1.165406e-13 0.000000e+00
 2023 -1.110232e-13 0.000000e+00
 2024 -1.164822e-13 0.000000e+00
 2025 -2.793023e-13 0.000000e+00
 2026 -1.277590e-13 0.000000e+00
 2027 -1.358956e-13 0.000000e+00
 2028 -1.097139e-13 0.000000e+00
 2029 -1.098198e-13 0.000000e+00
 2030 -1.105580e-13 0.000000e+00
 2031 -1.126252e-13 0.000000e+00
 2032 -1.128084e-13 0.000000e+00
 2033 -1.110153e-13 0.000000e+00
 2034 -1.139674e-13 0.000000e+00
 2035 -2.708114e-13 0.000000e+00
 2036 -1.224143e-13 0.000000e+00
 2037 -1.304459e-13 0.000000e+00
 2038 -1.066198e-13 0.000000e+00
 2039 -1.056730e-13 0.000000e+00
 2040 -1.065925e-13 0.000000e+00
 2041 -1.086538e-13 0.000000e+00
 2042 -1.082523e-13 0.000000e+00
 2043 -1.087768e-13 0.000000e+00
 2044 -1.100987e-13 0.000000e+00
 2045 -2.592885e-13 0.000000e+00
 2046 -1.178875e-13 0.000000e+00
 2047 -1.236729e-13 0.000000e+00
 2048 -1.841949e-14 1.129082e-02
