    0 0.000000e+00 0.000000e+00
    1 0.000000e+00 0.000000e+00
    2 0.000000e+00 9.153594e-06
    3 0.000000e+00 0.000000e+00
    4 0.000000e+00 0.000000e+00
    5 0.000000e+00 0.000000e+00
    6 0.000000e+00 0.000000e+00
    7 0.000000e+00 0.000000e+00
    8 0.000000e+00 0.000000e+00
    9 0.000000e+00 0.000000e+00
   10 0.000000e+00 0.000000e+00
   11 0.000000e+00 0.000000e+00
   12 0.000000e+00 1.807938e-04
   13 0.000000e+00 0.000000e+00
   14 0.000000e+00 0.000000e+00
   15 0.000000e+00 0.000000e+00
   16 0.000000e+00 0.000000e+00
   17 0.000000e+00 0.000000e+00
   18 0.000000e+00 0.000000e+00
   19 0.000000e+00 0.000000e+00
   20 0.000000e+00 0.000000e+00
   21 0.000000e+00 0.000000e+00
   22 0.000000e+00 3.525957e-04
   23 0.000000e+00 0.000000e+00
   24 0.000000e+00 0.000000e+00
   25 0.000000e+00 0.000000e+00
   26 0.000000e+00 0.000000e+00
   27 0.000000e+00 0.000000e+00
   28 0.000000e+00 0.000000e+00
   29 0.000000e+00 0.000000e+00
   30 0.000000e+00 0.000000e+00
   31 0.000000e+00 0.000000e+00
   32 0.000000e+00 5.211764e-04
   33 0.000000e+00 0.000000e+00
   34 0.000000e+00 0.000000e+00
   35 0.000000e+00 0.000000e+00
   36 0.000000e+00 0.000000e+00
   37 0.000000e+00 0.000000e+00
   38 0.000000e+00 0.000000e+00
   39 0.000000e+00 0.000000e+00
   40 0.000000e+00 0.000000e+00
   41 0.000000e+00 0.000000e+00
   42 0.000000e+00 6.841552e-04
   43 0.000000e+00 0.000000e+00
   44 0.000000e+00 0.000000e+00
   45 0.000000e+00 0.000000e+00
   46 0.000000e+00 0.000000e+00
   47 0.000000e+00 0.000000e+00
   48 0.000000e+00 0.000000e+00
   49 0.000000e+00 0.000000e+00
   50 0.000000e+00 0.000000e+00
   51 0.000000e+00 0.000000e+00
   52 0.000000e+00 8.387823e-04
   53 0.000000e+00 0.000000e+00
   54 0.000000e+00 0.000000e+00
   55 0.000000e+00 0.000000e+00
   56 0.000000e+00 0.000000e+00
   57 0.000000e+00 0.000000e+00
   58 0.000000e+00 0.000000e+00
   59 0.000000e+00 0.000000e+00
   60 0.000000e+00 0.000000e+00
   61 0.000000e+00 0.000000e+00
   62 0.000000e+00 9.848160e-04
   63 0.000000e+00 0.000000e+00
   64 0.000000e+00 0.000000e+00
   65 0.000000e+00 0.000000e+00
   66 0.000000e+00 0.000000e+00
   67 0.000000e+00 0.000000e+00
   68 0.000000e+00 0.000000e+00
   69 0.000000e+00 0.000000e+00
   70 0.000000e+00 0.000000e+00
   71 0.000000e+00 0.000000e+00
   72 0.000000e+00 1.121013e-03
   73 0.000000e+00 0.000000e+00
   74 0.000000e+00 0.000000e+00
   75 0.000000e+00 0.000000e+00
   76 0.000000e+00 0.000000e+00
   77 0.000000e+00 0.000000e+00
   78 0.000000e+00 0.000000e+00
   79 0.000000e+00 0.000000e+00
   80 0.000000e+00 0.000000e+00
   81 0.000000e+00 0.000000e+00
   82 0.000000e+00 1.245526e-03
   83 0.000000e+00 0.000000e+00
   84 0.000000e+00 0.000000e+00
   85 0.000000e+00 0.000000e+00
   86 0.000000e+00 0.000000e+00
   87 0.000000e+00 0.000000e+00
   88 0.000000e+00 0.000000e+00
   89 0.000000e+00 0.000000e+00
   90 0.000000e+00 0.000000e+00
   91 0.000000e+00 0.000000e+00
   92 0.000000e+00 1.358999e-03
   93 0.000000e+00 0.000000e+00
   94 0.000000e+00 0.000000e+00
   95 0.000000e+00 0.000000e+00
   96 0.000000e+00 0.000000e+00
   97 0.000000e+00 0.000000e+00
   98 0.000000e+00 0.000000e+00
   99 0.000000e+00 0.000000e+00
  100 6.603550e-16 0.000000e+00
  101 6.745903e-16 0.000000e+00
  102 6.910910e-16 2.922108e-03
  103 8.232759e-16 0.000000e+00
  104 7.008431e-16 0.000000e+00
  105 1.172216e-15 0.000000e+00
  106 6.726180e-16 0.000000e+00
  107 7.155610e-16 0.000000e+00
  108 7.043797e-16 0.000000e+00
  109 7.260408e-16 0.000000e+00
  110 7.444280e-16 0.000000e+00
  111 7.927070e-16 0.000000e+00
  112 7.152110e-16 0.000000e+00
  113 7.799458e-16 0.000000e+00
  114 7.480131e-16 0.000000e+00
  115 1.259840e-15 0.000000e+00
  116 7.598824e-16 0.000000e+00
  117 8.030754e-16 0.000000e+00
  118 7.434703e-16 0.000000e+00
  119 7.782036e-16 0.000000e+00
  120 7.622290e-16 0.000000e+00
  121 7.634971e-16 0.000000e+00
  122 7.834311e-16 0.000000e+00
  123 8.456237e-16 0.000000e+00
  124 8.142922e-16 0.000000e+00
  125 1.399845e-15 0.000000e+00
  126 8.257273e-16 0.000000e+00
  127 8.376927e-16 0.000000e+00
  128 8.659446e-16 0.000000e+00
  129 8.447244e-16 0.000000e+00
  130 8.170164e-16 0.000000e+00
  131 8.919395e-16 0.000000e+00
  132 8.387142e-16 5.104417e-03
  133 8.771822e-16 0.000000e+00
  134 9.110614e-16 0.000000e+00
  135 1.474895e-15 0.000000e+00
  136 8.826221e-16 0.000000e+00
  137 9.500594e-16 0.000000e+00
  138 8.978966e-16 0.000000e+00
  139 8.904559e-16 0.000000e+00
  140 8.813794e-16 0.000000e+00
  141 8.813890e-16 0.000000e+00
  142 8.889276e-16 0.000000e+00
  143 1.016833e-15 0.000000e+00
  144 9.348819e-16 0.000000e+00
  145 1.609582e-15 0.000000e+00
  146 9.829895e-16 0.000000e+00
  147 9.629654e-16 0.000000e+00
  148 9.791849e-16 0.000000e+00
  149 9.490806e-16 0.000000e+00
  150 9.530554e-16 0.000000e+00
  151 9.576001e-16 0.000000e+00
  152 1.046558e-15 0.000000e+00
  153 1.026280e-15 0.000000e+00
  154 1.023286e-15 0.000000e+00
  155 1.749513e-15 0.000000e+00
  156 1.013998e-15 0.000000e+00
  157 1.026772e-15 0.000000e+00
  158 1.034793e-15 0.000000e+00
  159 1.047095e-15 0.000000e+00
  160 1.012695e-15 0.000000e+00
  161 1.047094e-15 0.000000e+00
  162 1.032418e-15 5.590005e-03
  163 1.129710e-15 0.000000e+00
  164 1.129919e-15 0.000000e+00
  165 1.863055e-15 0.000000e+00
  166 1.112731e-15 0.000000e+00
  167 1.112829e-15 0.000000e+00
  168 1.079763e-15 0.000000e+00
  169 1.097010e-15 0.000000e+00
  170 1.148190e-15 0.000000e+00
  171 1.107949e-15 0.000000e+00
  172 1.150995e-15 0.000000e+00
  173 1.210539e-15 0.000000e+00
  174 1.171233e-15 0.000000e+00
  175 2.019437e-15 0.000000e+00
  176 1.190224e-15 0.000000e+00
  177 1.203017e-15 0.000000e+00
  178 1.187475e-15 0.000000e+00
  179 1.192056e-15 0.000000e+00
  180 1.225705e-15 0.000000e+00
  181 1.192553e-15 0.000000e+00
  182 1.219897e-15 0.000000e+00
  183 1.284598e-15 0.000000e+00
  184 1.294735e-15 0.000000e+00
  185 2.194682e-15 0.000000e+00
  186 1.270228e-15 0.000000e+00
  187 1.305964e-15 0.000000e+00
  188 1.324761e-15 0.000000e+00
  189 1.311711e-15 0.000000e+00
  190 1.295601e-15 0.000000e+00
  191 1.305148e-15 0.000000e+00
  192 1.339227e-15 5.946630e-03
  193 1.419209e-15 0.000000e+00
  194 1.383349e-15 0.000000e+00
  195 2.333256e-15 0.000000e+00
  196 1.404408e-15 0.000000e+00
  197 1.461991e-15 0.000000e+00
  198 1.395174e-15 0.000000e+00
  199 1.399333e-15 0.000000e+00
  200 1.429487e-15 0.000000e+00
  201 1.451305e-15 0.000000e+00
  202 1.432281e-15 0.000000e+00
  203 1.488495e-15 0.000000e+00
  204 1.554380e-15 0.000000e+00
  205 2.509985e-15 0.000000e+00
  206 1.536443e-15 0.000000e+00
  207 1.527382e-15 0.000000e+00
  208 1.567036e-15 0.000000e+00
  209 1.528306e-15 0.000000e+00
  210 1.530986e-15 0.000000e+00
  211 1.574052e-15 0.000000e+00
  212 1.550854e-15 0.000000e+00
  213 1.670282e-15 0.000000e+00
  214 1.669392e-15 0.000000e+00
  215 2.669184e-15 0.000000e+00
  216 1.676247e-15 0.000000e+00
  217 1.721827e-15 0.000000e+00
  218 1.684287e-15 0.000000e+00
  219 1.633412e-15 0.000000e+00
  220 1.660803e-15 0.000000e+00
  221 1.731266e-15 0.000000e+00
  222 1.691833e-15 6.287442e-03
  223 1.827515e-15 0.000000e+00
  224 1.781209e-15 0.000000e+00
  225 2.922867e-15 0.000000e+00
  226 1.771294e-15 0.000000e+00
  227 1.894656e-15 0.000000e+00
  228 1.780959e-15 0.000000e+00
  229 1.822365e-15 0.000000e+00
  230 1.848244e-15 0.000000e+00
  231 1.812139e-15 0.000000e+00
  232 1.839402e-15 0.000000e+00
  233 1.985981e-15 0.000000e+00
  234 1.986576e-15 0.000000e+00
  235 3.103022e-15 0.000000e+00
  236 1.921321e-15 0.000000e+00
  237 2.027412e-15 0.000000e+00
  238 1.945065e-15 0.000000e+00
  239 1.962938e-15 0.000000e+00
  240 1.983915e-15 0.000000e+00
  241 1.994752e-15 0.000000e+00
  242 1.989691e-15 0.000000e+00
  243 2.162286e-15 0.000000e+00
  244 2.098412e-15 0.000000e+00
  245 3.389113e-15 0.000000e+00
  246 2.093382e-15 0.000000e+00
  247 2.129827e-15 0.000000e+00
  248 2.148967e-15 0.000000e+00
  249 2.170473e-15 0.000000e+00
  250 2.167668e-15 0.000000e+00
  251 2.177608e-15 0.000000e+00
  252 2.171133e-15 6.701407e-03
  253 2.285563e-15 0.000000e+00
  254 2.295049e-15 0.000000e+00
  255 3.581445e-15 0.000000e+00
  256 2.274622e-15 0.000000e+00
  257 2.288074e-15 0.000000e+00
  258 2.328531e-15 0.000000e+00
  259 2.371766e-15 0.000000e+00
  260 2.317438e-15 0.000000e+00
  261 2.375798e-15 0.000000e+00
  262 2.320247e-15 0.000000e+00
  263 2.491419e-15 0.000000e+00
  264 2.395550e-15 0.000000e+00
  265 3.757679e-15 0.000000e+00
  266 2.519593e-15 0.000000e+00
  267 2.489307e-15 0.000000e+00
  268 2.504202e-15 0.000000e+00
  269 2.555663e-15 0.000000e+00
  270 2.481038e-15 0.000000e+00
  271 2.493706e-15 0.000000e+00
  272 2.485059e-15 0.000000e+00
  273 2.640401e-15 0.000000e+00
  274 2.597960e-15 0.000000e+00
  275 4.023819e-15 0.000000e+00
  276 2.705464e-15 0.000000e+00
  277 2.587159e-15 0.000000e+00
  278 2.635335e-15 0.000000e+00
  279 2.709148e-15 0.000000e+00
  280 2.677314e-15 0.000000e+00
  281 2.643517e-15 0.000000e+00
  282 2.679252e-15 7.221763e-03
  283 2.829517e-15 0.000000e+00
  284 2.730492e-15 0.000000e+00
  285 4.168469e-15 0.000000e+00
  286 2.858218e-15 0.000000e+00
  287 2.794317e-15 0.000000e+00
  288 2.734830e-15 0.000000e+00
  289 2.788357e-15 0.000000e+00
  290 2.860585e-15 0.000000e+00
  291 2.758121e-15 0.000000e+00
  292 2.776241e-15 0.000000e+00
  293 2.995970e-15 0.000000e+00
  294 2.935707e-15 0.000000e+00
  295 4.346233e-15 0.000000e+00
  296 3.022190e-15 0.000000e+00
  297 2.890832e-15 0.000000e+00
  298 2.899141e-15 0.000000e+00
  299 2.901698e-15 0.000000e+00
  300 2.985478e-15 0.000000e+00
  301 2.941790e-15 0.000000e+00
  302 2.964552e-15 0.000000e+00
  303 3.093878e-15 0.000000e+00
  304 2.979037e-15 0.000000e+00
  305 4.533862e-15 0.000000e+00
  306 3.086985e-15 0.000000e+00
  307 3.057391e-15 0.000000e+00
  308 3.026623e-15 0.000000e+00
  309 3.004901e-15 0.000000e+00
  310 3.008661e-15 0.000000e+00
  311 3.088284e-15 0.000000e+00
  312 3.026221e-15 7.830643e-03
  313 3.243640e-15 0.000000e+00
  314 3.071832e-15 0.000000e+00
  315 4.686722e-15 0.000000e+00
  316 3.173940e-15 0.000000e+00
  317 3.094855e-15 0.000000e+00
  318 3.085566e-15 0.000000e+00
  319 3.069090e-15 0.000000e+00
  320 3.126857e-15 0.000000e+00
  321 3.089088e-15 0.000000e+00
  322 3.159719e-15 0.000000e+00
  323 3.162645e-15 0.000000e+00
  324 3.228215e-15 0.000000e+00
  325 4.700351e-15 0.000000e+00
  326 3.110043e-15 0.000000e+00
  327 3.192241e-15 0.000000e+00
  328 3.142268e-15 0.000000e+00
  329 3.114068e-15 0.000000e+00
  330 3.063953e-15 0.000000e+00
  331 3.153162e-15 0.000000e+00
  332 3.102530e-15 0.000000e+00
  333 3.184682e-15 0.000000e+00
  334 3.185097e-15 0.000000e+00
  335 4.732775e-15 0.000000e+00
  336 3.128919e-15 0.000000e+00
  337 3.161891e-15 0.000000e+00
  338 3.077948e-15 0.000000e+00
  339 3.048059e-15 0.000000e+00
  340 3.063375e-15 0.000000e+00
  341 3.138932e-15 0.000000e+00
  342 3.046936e-15 8.461165e-03
  343 3.103416e-15 0.000000e+00
  344 3.179703e-15 0.000000e+00
  345 4.599112e-15 0.000000e+00
  346 3.061526e-15 0.000000e+00
  347 3.036126e-15 0.000000e+00
  348 3.029517e-15 0.000000e+00
  349 2.949854e-15 0.000000e+00
  350 2.944884e-15 0.000000e+00
  351 2.963051e-15 0.000000e+00
  352 3.010055e-15 0.000000e+00
  353 3.028461e-15 0.000000e+00
  354 3.045770e-15 0.000000e+00
  355 4.470029e-15 0.000000e+00
  356 2.882542e-15 0.000000e+00
  357 2.901755e-15 0.000000e+00
  358 2.844269e-15 0.000000e+00
  359 2.801801e-15 0.000000e+00
  360 2.839577e-15 0.000000e+00
  361 2.792650e-15 0.000000e+00
  362 2.756435e-15 0.000000e+00
  363 2.845955e-15 0.000000e+00
  364 2.831476e-15 0.000000e+00
  365 4.261286e-15 0.000000e+00
  366 2.694680e-15 0.000000e+00
  367 2.710974e-15 0.000000e+00
  368 2.606320e-15 0.000000e+00
  369 2.617076e-15 0.000000e+00
  370 2.580151e-15 0.000000e+00
  371 2.536358e-15 0.000000e+00
  372 2.616017e-15 9.035586e-03
  373 2.609488e-15 0.000000e+00
  374 2.600025e-15 0.000000e+00
  375 3.926455e-15 0.000000e+00
  376 2.495180e-15 0.000000e+00
  377 2.447961e-15 0.000000e+00
  378 2.403044e-15 0.000000e+00
  379 2.353035e-15 0.000000e+00
  380 2.305893e-15 0.000000e+00
  381 2.357122e-15 0.000000e+00
  382 2.293577e-15 0.000000e+00
  383 2.376150e-15 0.000000e+00
  384 2.308774e-15 0.000000e+00
  385 3.533081e-15 0.000000e+00
  386 2.254447e-15 0.000000e+00
  387 2.188268e-15 0.000000e+00
  388 2.123353e-15 0.000000e+00
  389 2.131816e-15 0.000000e+00
  390 2.101660e-15 0.000000e+00
  391 2.016816e-15 0.000000e+00
  392 2.058987e-15 0.000000e+00
  393 2.123052e-15 0.000000e+00
  394 2.013229e-15 0.000000e+00
  395 3.170095e-15 0.000000e+00
  396 2.010772e-15 0.000000e+00
  397 1.933749e-15 0.000000e+00
  398 1.896063e-15 0.000000e+00
  399 1.869241e-15 0.000000e+00
  400 1.863420e-15 0.000000e+00
  401 1.811183e-15 0.000000e+00
  402 1.786865e-15 9.494242e-03
  403 1.916185e-15 0.000000e+00
  404 1.799367e-15 0.000000e+00
  405 2.851448e-15 0.000000e+00
  406 1.777644e-15 0.000000e+00
  407 1.758697e-15 0.000000e+00
  408 1.711244e-15 0.000000e+00
  409 1.683281e-15 0.000000e+00
  410 1.708695e-15 0.000000e+00
  411 1.663031e-15 0.000000e+00
  412 1.650266e-15 0.000000e+00
  413 1.778221e-15 0.000000e+00
  414 1.657995e-15 0.000000e+00
  415 2.694487e-15 0.000000e+00
  416 1.659061e-15 0.000000e+00
  417 1.640794e-15 0.000000e+00
  418 1.646628e-15 0.000000e+00
  419 1.629073e-15 0.000000e+00
  420 1.630718e-15 0.000000e+00
  421 1.615415e-15 0.000000e+00
  422 1.609008e-15 0.000000e+00
  423 1.711588e-15 0.000000e+00
  424 1.704195e-15 0.000000e+00
  425 2.721693e-15 0.000000e+00
  426 1.687856e-15 0.000000e+00
  427 1.705672e-15 0.000000e+00
  428 1.654313e-15 0.000000e+00
  429 1.649618e-15 0.000000e+00
  430 1.694318e-15 0.000000e+00
  431 1.680766e-15 0.000000e+00
  432 1.716347e-15 9.814808e-03
  433 1.854897e-15 0.000000e+00
  434 1.825893e-15 0.000000e+00
  435 2.963474e-15 0.000000e+00
  436 1.815311e-15 0.000000e+00
  437 1.825155e-15 0.000000e+00
  438 1.768399e-15 0.000000e+00
  439 1.763463e-15 0.000000e+00
  440 1.821764e-15 0.000000e+00
  441 1.808475e-15 0.000000e+00
  442 1.802359e-15 0.000000e+00
  443 1.971519e-15 0.000000e+00
  444 2.008809e-15 0.000000e+00
  445 3.384138e-15 0.000000e+00
  446 1.984134e-15 0.000000e+00
  447 1.971405e-15 0.000000e+00
  448 1.975628e-15 0.000000e+00
  449 1.963932e-15 0.000000e+00
  450 2.001350e-15 0.000000e+00
  451 2.029239e-15 0.000000e+00
  452 2.043910e-15 0.000000e+00
  453 2.267111e-15 0.000000e+00
  454 2.265555e-15 0.000000e+00
  455 4.038505e-15 0.000000e+00
  456 2.336530e-15 0.000000e+00
  457 2.227797e-15 0.000000e+00
  458 2.301443e-15 0.000000e+00
  459 2.297935e-15 0.000000e+00
  460 2.328023e-15 0.000000e+00
  461 2.355426e-15 0.000000e+00
  462 2.390704e-15 1.001296e-02
  463 2.662013e-15 0.000000e+00
  464 2.675499e-15 0.000000e+00
  465 4.748883e-15 0.000000e+00
  466 2.793039e-15 0.000000e+00
  467 2.647379e-15 0.000000e+00
  468 2.600984e-15 0.000000e+00
  469 2.695875e-15 0.000000e+00
  470 2.749447e-15 0.000000e+00
  471 2.758572e-15 0.000000e+00
  472 2.837394e-15 0.000000e+00
  473 3.134126e-15 0.000000e+00
  474 3.130734e-15 0.000000e+00
  475 5.655457e-15 0.000000e+00
  476 3.230924e-15 0.000000e+00
  477 3.071949e-15 0.000000e+00
  478 3.068784e-15 0.000000e+00
  479 3.126148e-15 0.000000e+00
  480 3.164652e-15 0.000000e+00
  481 3.221325e-15 0.000000e+00
  482 3.294715e-15 0.000000e+00
  483 3.663270e-15 0.000000e+00
  484 3.626634e-15 0.000000e+00
  485 6.719174e-15 0.000000e+00
  486 3.618456e-15 0.000000e+00
  487 3.492898e-15 0.000000e+00
  488 3.564978e-15 0.000000e+00
  489 3.610791e-15 0.000000e+00
  490 3.623131e-15 0.000000e+00
  491 3.689312e-15 0.000000e+00
  492 3.829074e-15 1.012928e-02
  493 4.206031e-15 0.000000e+00
  494 4.161200e-15 0.000000e+00
  495 7.766952e-15 0.000000e+00
  496 4.193178e-15 0.000000e+00
  497 4.054325e-15 0.000000e+00
  498 4.003194e-15 0.000000e+00
  499 4.130614e-15 0.000000e+00
  500 4.177742e-15 0.000000e+00
  501 4.308530e-15 0.000000e+00
  502 4.336361e-15 0.000000e+00
  503 4.869572e-15 0.000000e+00
  504 4.802680e-15 0.000000e+00
  505 8.876913e-15 0.000000e+00
  506 4.766767e-15 0.000000e+00
  507 4.570914e-15 0.000000e+00
  508 4.714681e-15 0.000000e+00
  509 4.759036e-15 0.000000e+00
  510 4.870298e-15 0.000000e+00
  511 4.837585e-15 0.000000e+00
  512 4.958538e-15 0.000000e+00
  513 5.526175e-15 0.000000e+00
  514 5.453437e-15 0.000000e+00
  515 1.016201e-14 0.000000e+00
  516 5.400820e-15 0.000000e+00
  517 5.366930e-15 0.000000e+00
  518 5.318952e-15 0.000000e+00
  519 5.350245e-15 0.000000e+00
  520 5.496689e-15 0.000000e+00
  521 5.513546e-15 0.000000e+00
  522 5.576339e-15 1.021335e-02
  523 6.308930e-15 0.000000e+00
  524 6.137102e-15 0.000000e+00
  525 1.124079e-14 0.000000e+00
  526 6.087913e-15 0.000000e+00
  527 6.057458e-15 0.000000e+00
  528 6.017312e-15 0.000000e+00
  529 6.028702e-15 0.000000e+00
  530 6.203499e-15 0.000000e+00
  531 6.206621e-15 0.000000e+00
  532 6.199408e-15 0.000000e+00
  533 7.109420e-15 0.000000e+00
  534 6.844022e-15 0.000000e+00
  535 1.245605e-14 0.000000e+00
  536 6.630939e-15 0.000000e+00
  537 6.730592e-15 0.000000e+00
  538 6.795194e-15 0.000000e+00
  539 6.722741e-15 0.000000e+00
  540 7.036451e-15 0.000000e+00
  541 6.894058e-15 0.000000e+00
  542 6.955757e-15 0.000000e+00
  543 7.922827e-15 0.000000e+00
  544 7.667005e-15 0.000000e+00
  545 1.355042e-14 0.000000e+00
  546 7.481047e-15 0.000000e+00
  547 7.456563e-15 0.000000e+00
  548 7.580819e-15 0.000000e+00
  549 7.685802e-15 0.000000e+00
  550 7.655961e-15 0.000000e+00
  551 7.684905e-15 0.000000e+00
  552 7.819921e-15 2.232147e-02
  553 8.755401e-15 0.000000e+00
  554 8.592461e-15 0.000000e+00
  555 1.470642e-14 0.000000e+00
  556 8.271195e-15 0.000000e+00
  557 8.235133e-15 0.000000e+00
  558 8.336362e-15 0.000000e+00
  559 8.454428e-15 0.000000e+00
  560 8.470571e-15 0.000000e+00
  561 8.546304e-15 0.000000e+00
  562 8.652971e-15 0.000000e+00
  563 9.679966e-15 0.000000e+00
  564 9.357705e-15 0.000000e+00
  565 1.571997e-14 0.000000e+00
  566 8.967878e-15 0.000000e+00
  567 8.939244e-15 0.000000e+00
  568 9.349810e-15 0.000000e+00
  569 9.210945e-15 0.000000e+00
  570 9.216340e-15 0.000000e+00
  571 9.348953e-15 0.000000e+00
  572 9.479170e-15 0.000000e+00
  573 1.049859e-14 0.000000e+00
  574 1.023209e-14 0.000000e+00
  575 1.652744e-14 0.000000e+00
  576 9.930513e-15 0.000000e+00
  577 9.614320e-15 0.000000e+00
  578 1.022051e-14 0.000000e+00
  579 1.004631e-14 0.000000e+00
  580 1.007739e-14 0.000000e+00
  581 1.022882e-14 0.000000e+00
  582 1.021619e-14 0.000000e+00
  583 1.138774e-14 0.000000e+00
  584 1.108664e-14 0.000000e+00
  585 1.750720e-14 0.000000e+00
  586 1.067293e-14 0.000000e+00
  587 1.049295e-14 0.000000e+00
  588 1.108908e-14 0.000000e+00
  589 1.088137e-14 0.000000e+00
  590 1.083584e-14 0.000000e+00
  591 1.119538e-14 0.000000e+00
  592 1.106552e-14 0.000000e+00
  593 1.223536e-14 0.000000e+00
  594 1.189065e-14 0.000000e+00
  595 1.830659e-14 0.000000e+00
  596 1.133859e-14 0.000000e+00
  597 1.123799e-14 0.000000e+00
  598 1.185063e-14 0.000000e+00
  599 1.169008e-14 0.000000e+00
  600 1.176532e-14 0.000000e+00
  601 1.185709e-14 0.000000e+00
  602 1.185880e-14 0.000000e+00
  603 1.308732e-14 0.000000e+00
  604 1.260095e-14 0.000000e+00
  605 1.906146e-14 0.000000e+00
  606 1.206597e-14 0.000000e+00
  607 1.203032e-14 0.000000e+00
  608 1.259812e-14 0.000000e+00
  609 1.242383e-14 0.000000e+00
  610 1.246482e-14 0.000000e+00
  611 1.255724e-14 0.000000e+00
  612 1.263827e-14 0.000000e+00
  613 1.382526e-14 0.000000e+00
  614 1.338540e-14 0.000000e+00
  615 1.968460e-14 0.000000e+00
  616 1.280541e-14 0.000000e+00
  617 1.274230e-14 0.000000e+00
  618 1.329223e-14 0.000000e+00
  619 1.311028e-14 0.000000e+00
  620 1.325697e-14 0.000000e+00
  621 1.321516e-14 0.000000e+00
  622 1.341832e-14 0.000000e+00
  623 1.441945e-14 0.000000e+00
  624 1.414836e-14 0.000000e+00
  625 2.026933e-14 0.000000e+00
  626 1.352302e-14 0.000000e+00
  627 1.338921e-14 0.000000e+00
  628 1.394397e-14 0.000000e+00
  629 1.394146e-14 0.000000e+00
  630 1.387978e-14 0.000000e+00
  631 1.393470e-14 0.000000e+00
  632 1.391686e-14 0.000000e+00
  633 1.511496e-14 0.000000e+00
  634 1.459640e-14 0.000000e+00
  635 2.087886e-14 0.000000e+00
  636 1.414052e-14 0.000000e+00
  637 1.406519e-14 0.000000e+00
  638 1.455304e-14 0.000000e+00
  639 1.443658e-14 0.000000e+00
  640 1.435996e-14 0.000000e+00
  641 1.458191e-14 0.000000e+00
  642 1.450628e-14 0.000000e+00
  643 1.568460e-14 0.000000e+00
  644 1.522077e-14 0.000000e+00
  645 2.148587e-14 0.000000e+00
  646 1.471599e-14 0.000000e+00
  647 1.469710e-14 0.000000e+00
  648 1.486897e-14 0.000000e+00
  649 1.518746e-14 0.000000e+00
  650 1.494592e-14 0.000000e+00
  651 1.518185e-14 0.000000e+00
  652 1.510096e-14 3.524684e-02
  653 1.620657e-14 0.000000e+00
  654 1.563836e-14 0.000000e+00
  655 2.242966e-14 0.000000e+00
  656 1.515100e-14 0.000000e+00
  657 1.532016e-14 0.000000e+00
  658 1.558909e-14 0.000000e+00
  659 1.559569e-14 0.000000e+00
  660 1.560619e-14 0.000000e+00
  661 1.560288e-14 0.000000e+00
  662 1.552960e-14 0.000000e+00
  663 1.667549e-14 0.000000e+00
  664 1.632226e-14 0.000000e+00
  665 2.324681e-14 0.000000e+00
  666 1.564942e-14 0.000000e+00
  667 1.588286e-14 0.000000e+00
  668 1.613180e-14 0.000000e+00
  669 1.619077e-14 0.000000e+00
  670 1.598837e-14 0.000000e+00
  671 1.635399e-14 0.000000e+00
  672 1.605427e-14 0.000000e+00
  673 1.742359e-14 0.000000e+00
  674 1.704745e-14 0.000000e+00
  675 2.390553e-14 0.000000e+00
  676 1.640498e-14 0.000000e+00
  677 1.658127e-14 0.000000e+00
  678 1.684870e-14 0.000000e+00
  679 1.667689e-14 0.000000e+00
  680 1.683129e-14 0.000000e+00
  681 1.690120e-14 0.000000e+00
  682 1.675418e-14 0.000000e+00
  683 1.798652e-14 0.000000e+00
  684 1.774800e-14 0.000000e+00
  685 2.503209e-14 0.000000e+00
  686 1.722036e-14 0.000000e+00
  687 1.715382e-14 0.000000e+00
  688 1.756540e-14 0.000000e+00
  689 1.739040e-14 0.000000e+00
  690 1.768484e-14 0.000000e+00
  691 1.761835e-14 0.000000e+00
  692 1.746109e-14 0.000000e+00
  693 1.868079e-14 0.000000e+00
  694 1.858642e-14 0.000000e+00
  695 2.659222e-14 0.000000e+00
  696 1.801719e-14 0.000000e+00
  697 1.796919e-14 0.000000e+00
  698 1.848170e-14 0.000000e+00
  699 1.840820e-14 0.000000e+00
  700 1.839772e-14 0.000000e+00
  701 1.842069e-14 0.000000e+00
  702 1.844194e-14 0.000000e+00
  703 1.960862e-14 0.000000e+00
  704 1.944637e-14 0.000000e+00
  705 2.865324e-14 0.000000e+00
  706 1.886394e-14 0.000000e+00
  707 1.892144e-14 0.000000e+00
  708 1.931056e-14 0.000000e+00
  709 1.950339e-14 0.000000e+00
  710 1.919475e-14 0.000000e+00
  711 1.955089e-14 0.000000e+00
  712 1.957168e-14 0.000000e+00
  713 2.081263e-14 0.000000e+00
  714 2.043350e-14 0.000000e+00
  715 3.052596e-14 0.000000e+00
  716 1.999860e-14 0.000000e+00
  717 2.021362e-14 0.000000e+00
  718 2.031034e-14 0.000000e+00
  719 2.066533e-14 0.000000e+00
  720 2.054901e-14 0.000000e+00
  721 2.062795e-14 0.000000e+00
  722 2.058440e-14 0.000000e+00
  723 2.224634e-14 0.000000e+00
  724 2.181515e-14 0.000000e+00
  725 3.279277e-14 0.000000e+00
  726 2.149782e-14 0.000000e+00
  727 2.143170e-14 0.000000e+00
  728 2.166538e-14 0.000000e+00
  729 2.172124e-14 0.000000e+00
  730 2.176587e-14 0.000000e+00
  731 2.192768e-14 0.000000e+00
  732 2.178041e-14 0.000000e+00
  733 2.366851e-14 0.000000e+00
  734 2.323406e-14 0.000000e+00
  735 3.570100e-14 0.000000e+00
  736 2.270342e-14 0.000000e+00
  737 2.275003e-14 0.000000e+00
  738 2.305764e-14 0.000000e+00
  739 2.308255e-14 0.000000e+00
  740 2.344403e-14 0.000000e+00
  741 2.312559e-14 0.000000e+00
  742 2.321276e-14 0.000000e+00
  743 2.505551e-14 0.000000e+00
  744 2.480502e-14 0.000000e+00
  745 3.873104e-14 0.000000e+00
  746 2.420654e-14 0.000000e+00
  747 2.415575e-14 0.000000e+00
  748 2.475327e-14 0.000000e+00
  749 2.463234e-14 0.000000e+00
  750 2.452413e-14 0.000000e+00
  751 2.457544e-14 0.000000e+00
  752 2.471886e-14 3.272284e-02
  753 2.654289e-14 0.000000e+00
  754 2.661624e-14 0.000000e+00
  755 4.203906e-14 0.000000e+00
  756 2.567187e-14 0.000000e+00
  757 2.591330e-14 0.000000e+00
  758 2.602177e-14 0.000000e+00
  759 2.629073e-14 0.000000e+00
  760 2.585037e-14 0.000000e+00
  761 2.616540e-14 0.000000e+00
  762 2.636993e-14 0.000000e+00
  763 2.829915e-14 0.000000e+00
  764 2.839274e-14 0.000000e+00
  765 4.561224e-14 0.000000e+00
  766 2.717890e-14 0.000000e+00
  767 2.729265e-14 0.000000e+00
  768 2.766353e-14 0.000000e+00
  769 2.800309e-14 0.000000e+00
  770 2.722569e-14 0.000000e+00
  771 2.773920e-14 0.000000e+00
  772 2.797331e-14 0.000000e+00
  773 3.015243e-14 0.000000e+00
  774 3.031270e-14 0.000000e+00
  775 4.905340e-14 0.000000e+00
  776 2.891180e-14 0.000000e+00
  777 2.882829e-14 0.000000e+00
  778 2.926133e-14 0.000000e+00
  779 2.939125e-14 0.000000e+00
  780 2.912615e-14 0.000000e+00
  781 2.916701e-14 0.000000e+00
  782 2.966206e-14 0.000000e+00
  783 3.233106e-14 0.000000e+00
  784 3.208164e-14 0.000000e+00
  785 5.221667e-14 0.000000e+00
  786 3.064354e-14 0.000000e+00
  787 3.034297e-14 0.000000e+00
  788 3.083016e-14 0.000000e+00
  789 3.128540e-14 0.000000e+00
  790 3.076294e-14 0.000000e+00
  791 3.102083e-14 0.000000e+00
  792 3.121801e-14 0.000000e+00
  793 3.454797e-14 0.000000e+00
  794 3.390294e-14 0.000000e+00
  795 5.543423e-14 0.000000e+00
  796 3.199281e-14 0.000000e+00
  797 3.201340e-14 0.000000e+00
  798 3.266247e-14 0.000000e+00
  799 3.286331e-14 0.000000e+00
  800 3.252236e-14 0.000000e+00
  801 3.295763e-14 0.000000e+00
  802 3.271085e-14 0.000000e+00
  803 3.660547e-14 0.000000e+00
  804 3.556063e-14 0.000000e+00
  805 5.816231e-14 0.000000e+00
  806 3.404467e-14 0.000000e+00
  807 3.355513e-14 0.000000e+00
  808 3.459822e-14 0.000000e+00
  809 3.446608e-14 0.000000e+00
  810 3.411767e-14 0.000000e+00
  811 3.463322e-14 0.000000e+00
  812 3.438623e-14 0.000000e+00
  813 3.847875e-14 0.000000e+00
  814 3.747087e-14 0.000000e+00
  815 6.057418e-14 0.000000e+00
  816 3.555018e-14 0.000000e+00
  817 3.524536e-14 0.000000e+00
  818 3.621051e-14 0.000000e+00
  819 3.623300e-14 0.000000e+00
  820 3.586148e-14 0.000000e+00
  821 3.639737e-14 0.000000e+00
  822 3.589504e-14 0.000000e+00
  823 4.098461e-14 0.000000e+00
  824 3.881924e-14 0.000000e+00
  825 6.267155e-14 0.000000e+00
  826 3.740304e-14 0.000000e+00
  827 3.651620e-14 0.000000e+00
  828 3.777673e-14 0.000000e+00
  829 3.786426e-14 0.000000e+00
  830 3.776252e-14 0.000000e+00
  831 3.804298e-14 0.000000e+00
  832 3.788870e-14 0.000000e+00
  833 4.247920e-14 0.000000e+00
  834 4.064896e-14 0.000000e+00
  835 6.416200e-14 0.000000e+00
  836 3.883931e-14 0.000000e+00
  837 3.816654e-14 0.000000e+00
  838 3.923530e-14 0.000000e+00
  839 3.970529e-14 0.000000e+00
  840 3.941582e-14 0.000000e+00
  841 3.984219e-14 0.000000e+00
  842 3.923049e-14 0.000000e+00
  843 4.413901e-14 0.000000e+00
  844 4.260854e-14 0.000000e+00
  845 6.472095e-14 0.000000e+00
  846 4.025752e-14 0.000000e+00
  847 3.930082e-14 0.000000e+00
  848 4.084866e-14 0.000000e+00
  849 4.154644e-14 0.000000e+00
  850 4.113850e-14 0.000000e+00
  851 4.096775e-14 0.000000e+00
  852 4.075077e-14 2.688511e-02
  853 4.573308e-14 0.000000e+00
  854 4.432511e-14 0.000000e+00
  855 6.487503e-14 0.000000e+00
  856 4.151300e-14 0.000000e+00
  857 4.054373e-14 0.000000e+00
  858 4.281619e-14 0.000000e+00
  859 4.288538e-14 0.000000e+00
  860 4.256000e-14 0.000000e+00
  861 4.225689e-14 0.000000e+00
  862 4.216104e-14 0.000000e+00
  863 4.697466e-14 0.000000e+00
  864 4.588261e-14 0.000000e+00
  865 6.463160e-14 0.000000e+00
  866 4.272869e-14 0.000000e+00
  867 4.183229e-14 0.000000e+00
  868 4.414177e-14 0.000000e+00
  869 4.390180e-14 0.000000e+00
  870 4.380647e-14 0.000000e+00
  871 4.342610e-14 0.000000e+00
  872 4.352791e-14 0.000000e+00
  873 4.830600e-14 0.000000e+00
  874 4.706061e-14 0.000000e+00
  875 6.399676e-14 0.000000e+00
  876 4.337304e-14 0.000000e+00
  877 4.277711e-14 0.000000e+00
  878 4.535127e-14 0.000000e+00
  879 4.513441e-14 0.000000e+00
  880 4.502266e-14 0.000000e+00
  881 4.448558e-14 0.000000e+00
  882 4.445115e-14 0.000000e+00
  883 4.941553e-14 0.000000e+00
  884 4.803487e-14 0.000000e+00
  885 6.281731e-14 0.000000e+00
  886 4.417516e-14 0.000000e+00
  887 4.375812e-14 0.000000e+00
  888 4.617994e-14 0.000000e+00
  889 4.603327e-14 0.000000e+00
  890 4.605895e-14 0.000000e+00
  891 4.532042e-14 0.000000e+00
  892 4.544426e-14 0.000000e+00
  893 5.014956e-14 0.000000e+00
  894 4.831673e-14 0.000000e+00
  895 6.181411e-14 0.000000e+00
  896 4.498576e-14 0.000000e+00
  897 4.407411e-14 0.000000e+00
  898 4.674187e-14 0.000000e+00
  899 4.685383e-14 0.000000e+00
  900 4.656082e-14 0.000000e+00
  901 4.618585e-14 0.000000e+00
  902 4.609163e-14 0.000000e+00
  903 5.020307e-14 0.000000e+00
  904 4.873705e-14 0.000000e+00
  905 6.054095e-14 0.000000e+00
  906 4.538835e-14 0.000000e+00
  907 4.442318e-14 0.000000e+00
  908 4.697151e-14 0.000000e+00
  909 4.724399e-14 0.000000e+00
  910 4.683315e-14 0.000000e+00
  911 4.654758e-14 0.000000e+00
  912 4.628914e-14 0.000000e+00
  913 5.023727e-14 0.000000e+00
  914 4.885317e-14 0.000000e+00
  915 5.946718e-14 0.000000e+00
  916 4.534584e-14 0.000000e+00
  917 4.445470e-14 0.000000e+00
  918 4.670768e-14 0.000000e+00
  919 4.735192e-14 0.000000e+00
  920 4.677946e-14 0.000000e+00
  921 4.621411e-14 0.000000e+00
  922 4.630385e-14 0.000000e+00
  923 5.024934e-14 0.000000e+00
  924 4.796278e-14 0.000000e+00
  925 5.870275e-14 0.000000e+00
  926 4.510279e-14 0.000000e+00
  927 4.396851e-14 0.000000e+00
  928 4.666812e-14 0.000000e+00
  929 4.674183e-14 0.000000e+00
  930 4.614626e-14 0.000000e+00
  931 4.597115e-14 0.000000e+00
  932 4.533082e-14 0.000000e+00
  933 4.912506e-14 0.000000e+00
  934 4.745631e-14 0.000000e+00
  935 5.811690e-14 0.000000e+00
  936 4.407332e-14 0.000000e+00
  937 4.335913e-14 0.000000e+00
  938 4.565173e-14 0.000000e+00
  939 4.588940e-14 0.000000e+00
  940 4.477222e-14 0.000000e+00
  941 4.493227e-14 0.000000e+00
  942 4.426485e-14 0.000000e+00
  943 4.786087e-14 0.000000e+00
  944 4.664572e-14 0.000000e+00
  945 5.720703e-14 0.000000e+00
  946 4.304086e-14 0.000000e+00
  947 4.199424e-14 0.000000e+00
  948 4.444916e-14 0.000000e+00
  949 4.418437e-14 0.000000e+00
  950 4.339936e-14 0.000000e+00
  951 4.353307e-14 0.000000e+00
  952 4.288922e-14 4.208640e-02
  953 4.618670e-14 0.000000e+00
  954 4.458354e-14 0.000000e+00
  955 5.694692e-14 0.000000e+00
  956 4.158669e-14 0.000000e+00
  957 4.025694e-14 0.000000e+00
  958 4.275634e-14 0.000000e+00
  959 4.231332e-14 0.000000e+00
  960 4.149954e-14 0.000000e+00
  961 4.136313e-14 0.000000e+00
  962 4.082201e-14 0.000000e+00
  963 4.413728e-14 0.000000e+00
  964 4.239736e-14 0.000000e+00
  965 5.644174e-14 0.000000e+00
  966 3.962031e-14 0.000000e+00
  967 3.825518e-14 0.000000e+00
  968 4.052333e-14 0.000000e+00
  969 3.992701e-14 0.000000e+00
  970 3.947859e-14 0.000000e+00
  971 3.899503e-14 0.000000e+00
  972 3.881083e-14 0.000000e+00
  973 4.191508e-14 0.000000e+00
  974 4.039664e-14 0.000000e+00
  975 5.542881e-14 0.000000e+00
  976 3.761030e-14 0.000000e+00
  977 3.624476e-14 0.000000e+00
  978 3.798995e-14 0.000000e+00
  979 3.766596e-14 0.000000e+00
  980 3.721845e-14 0.000000e+00
  981 3.683234e-14 0.000000e+00
  982 3.628919e-14 0.000000e+00
  983 3.985722e-14 0.000000e+00
  984 3.854364e-14 0.000000e+00
  985 5.450275e-14 0.000000e+00
  986 3.546785e-14 0.000000e+00
  987 3.405056e-14 0.000000e+00
  988 3.581392e-14 0.000000e+00
  989 3.550838e-14 0.000000e+00
  990 3.508262e-14 0.000000e+00
  991 3.454605e-14 0.000000e+00
  992 3.453078e-14 0.000000e+00
  993 3.816460e-14 0.000000e+00
  994 3.637846e-14 0.000000e+00
  995 5.410401e-14 0.000000e+00
  996 3.370149e-14 0.000000e+00
  997 3.249477e-14 0.000000e+00
  998 3.410021e-14 0.000000e+00
  999 3.363517e-14 0.000000e+00
 1000 3.363684e-14 0.000000e+00
 1001 3.315243e-14 0.000000e+00
 1002 3.314560e-14 0.000000e+00
 1003 3.680485e-14 0.000000e+00
 1004 3.507116e-14 0.000000e+00
 1005 5.487469e-14 0.000000e+00
 1006 3.256928e-14 0.000000e+00
 1007 3.165440e-14 0.000000e+00
 1008 3.307374e-14 0.000000e+00
 1009 3.281277e-14 0.000000e+00
 1010 3.272623e-14 0.000000e+00
 1011 3.259200e-14 0.000000e+00
 1012 3.255984e-14 0.000000e+00
 1013 3.613783e-14 0.000000e+00
 1014 3.479481e-14 0.000000e+00
 1015 5.666924e-14 0.000000e+00
 1016 3.265876e-14 0.000000e+00
 1017 3.185269e-14 0.000000e+00
 1018 3.326919e-14 0.000000e+00
 1019 3.274115e-14 0.000000e+00
 1020 3.261739e-14 0.000000e+00
 1021 3.310931e-14 0.000000e+00
 1022 3.259311e-14 0.000000e+00
 1023 3.699737e-14 0.000000e+00
 1024 3.551655e-14 0.000000e+00
 1025 6.033904e-14 0.000000e+00
 1026 3.364089e-14 0.000000e+00
 1027 3.312795e-14 0.000000e+00
 1028 3.435023e-14 0.000000e+00
 1029 3.392742e-14 0.000000e+00
 1030 3.399255e-14 0.000000e+00
 1031 3.396657e-14 0.000000e+00
 1032 3.386468e-14 0.000000e+00
 1033 3.921224e-14 0.000000e+00
 1034 3.697532e-14 0.000000e+00
 1035 6.622354e-14 0.000000e+00
 1036 3.584224e-14 0.000000e+00
 1037 3.487189e-14 0.000000e+00
 1038 3.650295e-14 0.000000e+00
 1039 3.676541e-14 0.000000e+00
 1040 3.566521e-14 0.000000e+00
 1041 3.615280e-14 0.000000e+00
 1042 3.667848e-14 0.000000e+00
 1043 4.216992e-14 0.000000e+00
 1044 3.978875e-14 0.000000e+00
 1045 7.384939e-14 0.000000e+00
 1046 3.867093e-14 0.000000e+00
 1047 3.822448e-14 0.000000e+00
 1048 3.961420e-14 0.000000e+00
 1049 3.993174e-14 0.000000e+00
 1050 3.898555e-14 0.000000e+00
 1051 3.927772e-14 0.000000e+00
 1052 4.010262e-14 0.000000e+00
 1053 4.610139e-14 0.000000e+00
 1054 4.381211e-14 0.000000e+00
 1055 8.337917e-14 0.000000e+00
 1056 4.212148e-14 0.000000e+00
 1057 4.211399e-14 0.000000e+00
 1058 4.388254e-14 0.000000e+00
 1059 4.351479e-14 0.000000e+00
 1060 4.282164e-14 0.000000e+00
 1061 4.347135e-14 0.000000e+00
 1062 4.451486e-14 0.000000e+00
 1063 5.062300e-14 0.000000e+00
 1064 4.844348e-14 0.000000e+00
 1065 9.464646e-14 0.000000e+00
 1066 4.610281e-14 0.000000e+00
 1067 4.707423e-14 0.000000e+00
 1068 4.830666e-14 0.000000e+00
 1069 4.813217e-14 0.000000e+00
 1070 4.756507e-14 0.000000e+00
 1071 4.766802e-14 0.000000e+00
 1072 4.928513e-14 0.000000e+00
 1073 5.630793e-14 0.000000e+00
 1074 5.416972e-14 0.000000e+00
 1075 1.069415e-13 0.000000e+00
 1076 5.139270e-14 0.000000e+00
 1077 5.176055e-14 0.000000e+00
 1078 5.339363e-14 0.000000e+00
 1079 5.287771e-14 0.000000e+00
 1080 5.292572e-14 0.000000e+00
 1081 5.250754e-14 0.000000e+00
 1082 5.392467e-14 0.000000e+00
 1083 6.298830e-14 0.000000e+00
 1084 6.008470e-14 0.000000e+00
 1085 1.194356e-13 0.000000e+00
 1086 5.722279e-14 0.000000e+00
 1087 5.683909e-14 0.000000e+00
 1088 5.910108e-14 0.000000e+00
 1089 5.774627e-14 0.000000e+00
 1090 5.814765e-14 0.000000e+00
 1091 5.849006e-14 0.000000e+00
 1092 5.869321e-14 0.000000e+00
 1093 6.903813e-14 0.000000e+00
 1094 6.656066e-14 0.000000e+00
 1095 1.329899e-13 0.000000e+00
 1096 6.294191e-14 0.000000e+00
 1097 6.226117e-14 0.000000e+00
 1098 6.462106e-14 0.000000e+00
 1099 6.317431e-14 0.000000e+00
 1100 6.351350e-14 0.000000e+00
 1101 6.389858e-14 0.000000e+00
 1102 6.440425e-14 0.000000e+00
 1103 7.551562e-14 0.000000e+00
 1104 7.248894e-14 0.000000e+00
 1105 1.457481e-13 0.000000e+00
 1106 6.826251e-14 0.000000e+00
 1107 6.718002e-14 0.000000e+00
 1108 7.034306e-14 0.000000e+00
 1109 6.867281e-14 0.000000e+00
 1110 6.878892e-14 0.000000e+00
 1111 6.970393e-14 0.000000e+00
 1112 6.999304e-14 0.000000e+00
 1113 8.215672e-14 0.000000e+00
 1114 7.909399e-14 0.000000e+00
 1115 1.575787e-13 0.000000e+00
 1116 7.429002e-14 0.000000e+00
 1117 7.202661e-14 0.000000e+00
 1118 7.551044e-14 0.000000e+00
 1119 7.472418e-14 0.000000e+00
 1120 7.431057e-14 0.000000e+00
 1121 7.536304e-14 0.000000e+00
 1122 7.490370e-14 0.000000e+00
 1123 8.964083e-14 0.000000e+00
 1124 8.472902e-14 0.000000e+00
 1125 1.695686e-13 0.000000e+00
 1126 7.955007e-14 0.000000e+00
 1127 7.718071e-14 0.000000e+00
 1128 8.042537e-14 0.000000e+00
 1129 8.073467e-14 0.000000e+00
 1130 7.966029e-14 0.000000e+00
 1131 8.047973e-14 0.000000e+00
 1132 8.002357e-14 0.000000e+00
 1133 9.677907e-14 0.000000e+00
 1134 9.050869e-14 0.000000e+00
 1135 1.796260e-13 0.000000e+00
 1136 8.529716e-14 0.000000e+00
 1137 8.239639e-14 0.000000e+00
 1138 8.477602e-14 0.000000e+00
 1139 8.622435e-14 0.000000e+00
 1140 8.492091e-14 0.000000e+00
 1141 8.581880e-14 0.000000e+00
 1142 8.513544e-14 0.000000e+00
 1143 1.024776e-13 0.000000e+00
 1144 9.683236e-14 0.000000e+00
 1145 1.884968e-13 0.000000e+00
 1146 9.017495e-14 0.000000e+00
 1147 8.514835e-14 0.000000e+00
 1148 9.097735e-14 0.000000e+00
 1149 9.108032e-14 0.000000e+00
 1150 9.007684e-14 0.000000e+00
 1151 8.958106e-14 0.000000e+00
 1152 9.079073e-14 0.000000e+00
 1153 1.085766e-13 0.000000e+00
 1154 1.015356e-13 0.000000e+00
 1155 1.959483e-13 0.000000e+00
 1156 9.374449e-14 0.000000e+00
 1157 8.862474e-14 0.000000e+00
 1158 9.591037e-14 0.000000e+00
 1159 9.639366e-14 0.000000e+00
 1160 9.416400e-14 0.000000e+00
 1161 9.426728e-14 0.000000e+00
 1162 9.449393e-14 0.000000e+00
 1163 1.145709e-13 0.000000e+00
 1164 1.063209e-13 0.000000e+00
 1165 2.004480e-13 0.000000e+00
 1166 9.762305e-14 0.000000e+00
 1167 9.127976e-14 0.000000e+00
 1168 1.007590e-13 0.000000e+00
 1169 1.002360e-13 0.000000e+00
 1170 9.878476e-14 0.000000e+00
 1171 9.757896e-14 0.000000e+00
 1172 9.790594e-14 0.000000e+00
 1173 1.189914e-13 0.000000e+00
 1174 1.108696e-13 0.000000e+00
 1175 2.037513e-13 0.000000e+00
 1176 1.004638e-13 0.000000e+00
 1177 9.364260e-14 0.000000e+00
 1178 1.045541e-13 0.000000e+00
 1179 1.032860e-13 0.000000e+00
 1180 1.020963e-13 0.000000e+00
 1181 1.009289e-13 0.000000e+00
 1182 1.011465e-13 0.000000e+00
 1183 1.232301e-13 0.000000e+00
 1184 1.153259e-13 0.000000e+00
 1185 2.033138e-13 0.000000e+00
 1186 1.020183e-13 0.000000e+00
 1187 9.632812e-14 0.000000e+00
 1188 1.068234e-13 0.000000e+00
 1189 1.068865e-13 0.000000e+00
 1190 1.047151e-13 0.000000e+00
 1191 1.033231e-13 0.000000e+00
 1192 1.032649e-13 0.000000e+00
 1193 1.265554e-13 0.000000e+00
 1194 1.181454e-13 0.000000e+00
 1195 2.009713e-13 0.000000e+00
 1196 1.041545e-13 0.000000e+00
 1197 9.649362e-14 0.000000e+00
 1198 1.096410e-13 0.000000e+00
 1199 1.086302e-13 0.000000e+00
 1200 1.065565e-13 0.000000e+00
 1201 1.051023e-13 0.000000e+00
 1202 1.052155e-13 0.000000e+00
 1203 1.283526e-13 0.000000e+00
 1204 1.201745e-13 0.000000e+00
 1205 1.962021e-13 0.000000e+00
 1206 1.040691e-13 0.000000e+00
 1207 9.733107e-14 0.000000e+00
 1208 1.103327e-13 0.000000e+00
 1209 1.097738e-13 0.000000e+00
 1210 1.078755e-13 0.000000e+00
 1211 1.062168e-13 0.000000e+00
 1212 1.052625e-13 0.000000e+00
 1213 1.304119e-13 0.000000e+00
 1214 1.199171e-13 0.000000e+00
 1215 1.896265e-13 0.000000e+00
 1216 1.047307e-13 0.000000e+00
 1217 9.649142e-14 0.000000e+00
 1218 1.108438e-13 0.000000e+00
 1219 1.101192e-13 0.000000e+00
 1220 1.076151e-13 0.000000e+00
 1221 1.058113e-13 0.000000e+00
 1222 1.051534e-13 0.000000e+00
 1223 1.311523e-13 0.000000e+00
 1224 1.196078e-13 0.000000e+00
 1225 1.821908e-13 0.000000e+00
 1226 1.029604e-13 0.000000e+00
 1227 9.481482e-14 0.000000e+00
 1228 1.104807e-13 0.000000e+00
 1229 1.081552e-13 0.000000e+00
 1230 1.075318e-13 0.000000e+00
 1231 1.043794e-13 0.000000e+00
 1232 1.037705e-13 0.000000e+00
 1233 1.296813e-13 0.000000e+00
 1234 1.191649e-13 0.000000e+00
 1235 1.715963e-13 0.000000e+00
 1236 1.003775e-13 0.000000e+00
 1237 9.219623e-14 0.000000e+00
 1238 1.091360e-13 0.000000e+00
 1239 1.072048e-13 0.000000e+00
 1240 1.057794e-13 0.000000e+00
 1241 1.030448e-13 0.000000e+00
 1242 1.012265e-13 0.000000e+00
 1243 1.279523e-13 0.000000e+00
 1244 1.165335e-13 0.000000e+00
 1245 1.600235e-13 0.000000e+00
 1246 9.691978e-14 0.000000e+00
 1247 8.945983e-14 0.000000e+00
 1248 1.069969e-13 0.000000e+00
 1249 1.047188e-13 0.000000e+00
 1250 1.035533e-13 0.000000e+00
 1251 1.002549e-13 0.000000e+00
 1252 9.908621e-14 2.810086e-02
 1253 1.240647e-13 0.000000e+00
 1254 1.137948e-13 0.000000e+00
 1255 1.454562e-13 0.000000e+00
 1256 9.345629e-14 0.000000e+00
 1257 8.602234e-14 0.000000e+00
 1258 1.036711e-13 0.000000e+00
 1259 1.021540e-13 0.000000e+00
 1260 1.001455e-13 0.000000e+00
 1261 9.776797e-14 0.000000e+00
 1262 9.560846e-14 0.000000e+00
 1263 1.208349e-13 0.000000e+00
 1264 1.092408e-13 0.000000e+00
 1265 1.305378e-13 0.000000e+00
 1266 8.983591e-14 0.000000e+00
 1267 8.179992e-14 0.000000e+00
 1268 1.003120e-13 0.000000e+00
 1269 1.001259e-13 0.000000e+00
 1270 9.554660e-14 0.000000e+00
 1271 9.507152e-14 0.000000e+00
 1272 9.182182e-14 0.000000e+00
 1273 1.168301e-13 0.000000e+00
 1274 1.047757e-13 0.000000e+00
 1275 1.155039e-13 0.000000e+00
 1276 8.585391e-14 0.000000e+00
 1277 7.738440e-14 0.000000e+00
 1278 9.754111e-14 0.000000e+00
 1279 9.641150e-14 0.000000e+00
 1280 9.299951e-14 0.000000e+00
 1281 9.217692e-14 0.000000e+00
 1282 8.891178e-14 0.000000e+00
 1283 1.128334e-13 0.000000e+00
 1284 1.010909e-13 0.000000e+00
 1285 1.007774e-13 0.000000e+00
 1286 8.278064e-14 0.000000e+00
 1287 7.481795e-14 0.000000e+00
 1288 9.467190e-14 0.000000e+00
 1289 9.389615e-14 0.000000e+00
 1290 9.086994e-14 0.000000e+00
 1291 8.986588e-14 0.000000e+00
 1292 8.721381e-14 0.000000e+00
 1293 1.094044e-13 0.000000e+00
 1294 9.775286e-14 0.000000e+00
 1295 8.802442e-14 0.000000e+00
 1296 8.171906e-14 0.000000e+00
 1297 7.378752e-14 0.000000e+00
 1298 9.231014e-14 0.000000e+00
 1299 9.243498e-14 0.000000e+00
 1300 8.951760e-14 0.000000e+00
 1301 8.917306e-14 0.000000e+00
 1302 8.677884e-14 0.000000e+00
 1303 1.061982e-13 0.000000e+00
 1304 9.647097e-14 0.000000e+00
 1305 7.795019e-14 0.000000e+00
 1306 8.167368e-14 0.000000e+00
 1307 7.443778e-14 0.000000e+00
 1308 9.256330e-14 0.000000e+00
 1309 9.189370e-14 0.000000e+00
 1310 8.998902e-14 0.000000e+00
 1311 8.999932e-14 0.000000e+00
 1312 8.799081e-14 0.000000e+00
 1313 1.051995e-13 0.000000e+00
 1314 9.674322e-14 0.000000e+00
 1315 7.466550e-14 0.000000e+00
 1316 8.253139e-14 0.000000e+00
 1317 7.651118e-14 0.000000e+00
 1318 9.448618e-14 0.000000e+00
 1319 9.400326e-14 0.000000e+00
 1320 9.242375e-14 0.000000e+00
 1321 9.254311e-14 0.000000e+00
 1322 9.051830e-14 0.000000e+00
 1323 1.069664e-13 0.000000e+00
 1324 9.895042e-14 0.000000e+00
 1325 7.613393e-14 0.000000e+00
 1326 8.556412e-14 0.000000e+00
 1327 8.165491e-14 0.000000e+00
 1328 9.802836e-14 0.000000e+00
 1329 9.738825e-14 0.000000e+00
 1330 9.660240e-14 0.000000e+00
 1331 9.673415e-14 0.000000e+00
 1332 9.482045e-14 0.000000e+00
 1333 1.107849e-13 0.000000e+00
 1334 1.032916e-13 0.000000e+00
 1335 8.265197e-14 0.000000e+00
 1336 9.105264e-14 0.000000e+00
 1337 8.810724e-14 0.000000e+00
 1338 1.036984e-13 0.000000e+00
 1339 1.030437e-13 0.000000e+00
 1340 1.019338e-13 0.000000e+00
 1341 1.029279e-13 0.000000e+00
 1342 1.007286e-13 0.000000e+00
 1343 1.164446e-13 0.000000e+00
 1344 1.088681e-13 0.000000e+00
 1345 9.418175e-14 0.000000e+00
 1346 9.763028e-14 0.000000e+00
 1347 9.647713e-14 0.000000e+00
 1348 1.105121e-13 0.000000e+00
 1349 1.095805e-13 0.000000e+00
 1350 1.088763e-13 0.000000e+00
 1351 1.101907e-13 0.000000e+00
 1352 1.081560e-13 0.000000e+00
 1353 1.232064e-13 0.000000e+00
 1354 1.170114e-13 0.000000e+00
 1355 1.079294e-13 0.000000e+00
 1356 1.067376e-13 0.000000e+00
 1357 1.046297e-13 0.000000e+00
 1358 1.182327e-13 0.000000e+00
 1359 1.174991e-13 0.000000e+00
 1360 1.174011e-13 0.000000e+00
 1361 1.172366e-13 0.000000e+00
 1362 1.168166e-13 0.000000e+00
 1363 1.313126e-13 0.000000e+00
 1364 1.253553e-13 0.000000e+00
 1365 1.241611e-13 0.000000e+00
 1366 1.168607e-13 0.000000e+00
 1367 1.131556e-13 0.000000e+00
 1368 1.259197e-13 0.000000e+00
 1369 1.256894e-13 0.000000e+00
 1370 1.254051e-13 0.000000e+00
 1371 1.259402e-13 0.000000e+00
 1372 1.248924e-13 0.000000e+00
 1373 1.396539e-13 0.000000e+00
 1374 1.343436e-13 0.000000e+00
 1375 1.417046e-13 0.000000e+00
 1376 1.261701e-13 0.000000e+00
 1377 1.228821e-13 0.000000e+00
 1378 1.337507e-13 0.000000e+00
 1379 1.336068e-13 0.000000e+00
 1380 1.346143e-13 0.000000e+00
 1381 1.338792e-13 0.000000e+00
 1382 1.330073e-13 0.000000e+00
 1383 1.491832e-13 0.000000e+00
 1384 1.430305e-13 0.000000e+00
 1385 1.587297e-13 0.000000e+00
 1386 1.354877e-13 0.000000e+00
 1387 1.313837e-13 0.000000e+00
 1388 1.414707e-13 0.000000e+00
 1389 1.424860e-13 0.000000e+00
 1390 1.414590e-13 0.000000e+00
 1391 1.419488e-13 0.000000e+00
 1392 1.415708e-13 0.000000e+00
 1393 1.567228e-13 0.000000e+00
 1394 1.511172e-13 0.000000e+00
 1395 1.759958e-13 0.000000e+00
 1396 1.430945e-13 0.000000e+00
 1397 1.396454e-13 0.000000e+00
 1398 1.486265e-13 0.000000e+00
 1399 1.499420e-13 0.000000e+00
 1400 1.489185e-13 0.000000e+00
 1401 1.491883e-13 0.000000e+00
 1402 1.484445e-13 0.000000e+00
 1403 1.644471e-13 0.000000e+00
 1404 1.589725e-13 0.000000e+00
 1405 1.903893e-13 0.000000e+00
 1406 1.498407e-13 0.000000e+00
 1407 1.459660e-13 0.000000e+00
 1408 1.558959e-13 0.000000e+00
 1409 1.565667e-13 0.000000e+00
 1410 1.553044e-13 0.000000e+00
 1411 1.551553e-13 0.000000e+00
 1412 1.554013e-13 0.000000e+00
 1413 1.714386e-13 0.000000e+00
 1414 1.659253e-13 0.000000e+00
 1415 2.024928e-13 0.000000e+00
 1416 1.561378e-13 0.000000e+00
 1417 1.515388e-13 0.000000e+00
 1418 1.618199e-13 0.000000e+00
 1419 1.621082e-13 0.000000e+00
 1420 1.613217e-13 0.000000e+00
 1421 1.601816e-13 0.000000e+00
 1422 1.608060e-13 0.000000e+00
 1423 1.772428e-13 0.000000e+00
 1424 1.722301e-13 0.000000e+00
 1425 2.131243e-13 0.000000e+00
 1426 1.606928e-13 0.000000e+00
 1427 1.558074e-13 0.000000e+00
 1428 1.672510e-13 0.000000e+00
 1429 1.669883e-13 0.000000e+00
 1430 1.655100e-13 0.000000e+00
 1431 1.648970e-13 0.000000e+00
 1432 1.648630e-13 0.000000e+00
 1433 1.827955e-13 0.000000e+00
 1434 1.768891e-13 0.000000e+00
 1435 2.207527e-13 0.000000e+00
 1436 1.645165e-13 0.000000e+00
 1437 1.593262e-13 0.000000e+00
 1438 1.711211e-13 0.000000e+00
 1439 1.710779e-13 0.000000e+00
 1440 1.684175e-13 0.000000e+00
 1441 1.683403e-13 0.000000e+00
 1442 1.682306e-13 0.000000e+00
 1443 1.879229e-13 0.000000e+00
 1444 1.798808e-13 0.000000e+00
 1445 2.261818e-13 0.000000e+00
 1446 1.672191e-13 0.000000e+00
 1447 1.614303e-13 0.000000e+00
 1448 1.733201e-13 0.000000e+00
 1449 1.737064e-13 0.000000e+00
 1450 1.710064e-13 0.000000e+00
 1451 1.707709e-13 0.000000e+00
 1452 1.702062e-13 0.000000e+00
 1453 1.913026e-13 0.000000e+00
 1454 1.826360e-13 0.000000e+00
 1455 2.287955e-13 0.000000e+00
 1456 1.695857e-13 0.000000e+00
 1457 1.612930e-13 0.000000e+00
 1458 1.753037e-13 0.000000e+00
 1459 1.754970e-13 0.000000e+00
 1460 1.725090e-13 0.000000e+00
 1461 1.722153e-13 0.000000e+00
 1462 1.707285e-13 0.000000e+00
 1463 1.925069e-13 0.000000e+00
 1464 1.850675e-13 0.000000e+00
 1465 2.298433e-13 0.000000e+00
 1466 1.698828e-13 0.000000e+00
 1467 1.604372e-13 0.000000e+00
 1468 1.766309e-13 0.000000e+00
 1469 1.757495e-13 0.000000e+00
 1470 1.720725e-13 0.000000e+00
 1471 1.725841e-13 0.000000e+00
 1472 1.703844e-13 0.000000e+00
 1473 1.926504e-13 0.000000e+00
 1474 1.855232e-13 0.000000e+00
 1475 2.300311e-13 0.000000e+00
 1476 1.683284e-13 0.000000e+00
 1477 1.579672e-13 0.000000e+00
 1478 1.766818e-13 0.000000e+00
 1479 1.741376e-13 0.000000e+00
 1480 1.712537e-13 0.000000e+00
 1481 1.718057e-13 0.000000e+00
 1482 1.683461e-13 0.000000e+00
 1483 1.924018e-13 0.000000e+00
 1484 1.845707e-13 0.000000e+00
 1485 2.286202e-13 0.000000e+00
 1486 1.666005e-13 0.000000e+00
 1487 1.546338e-13 0.000000e+00
 1488 1.753353e-13 0.000000e+00
 1489 1.712877e-13 0.000000e+00
 1490 1.683742e-13 0.000000e+00
 1491 1.691083e-13 0.000000e+00
 1492 1.649949e-13 0.000000e+00
 1493 1.911281e-13 0.000000e+00
 1494 1.818755e-13 0.000000e+00
 1495 2.255479e-13 0.000000e+00
 1496 1.631924e-13 0.000000e+00
 1497 1.502930e-13 0.000000e+00
 1498 1.724262e-13 0.000000e+00
 1499 1.666284e-13 0.000000e+00
 1500 1.648856e-13 0.000000e+00
 1501 1.647412e-13 0.000000e+00
 1502 1.610095e-13 0.000000e+00
 1503 1.863386e-13 0.000000e+00
 1504 1.783743e-13 0.000000e+00
 1505 2.191800e-13 0.000000e+00
 1506 1.573079e-13 0.000000e+00
 1507 1.437136e-13 0.000000e+00
 1508 1.666814e-13 0.000000e+00
 1509 1.620423e-13 0.000000e+00
 1510 1.591256e-13 0.000000e+00
 1511 1.592623e-13 0.000000e+00
 1512 1.540727e-13 0.000000e+00
 1513 1.826401e-13 0.000000e+00
 1514 1.733721e-13 0.000000e+00
 1515 2.110690e-13 0.000000e+00
 1516 1.484680e-13 0.000000e+00
 1517 1.379977e-13 0.000000e+00
 1518 1.585382e-13 0.000000e+00
 1519 1.540061e-13 0.000000e+00
 1520 1.519355e-13 0.000000e+00
 1521 1.508986e-13 0.000000e+00
 1522 1.458602e-13 0.000000e+00
 1523 1.771318e-13 0.000000e+00
 1524 1.655315e-13 0.000000e+00
 1525 2.021004e-13 0.000000e+00
 1526 1.388545e-13 0.000000e+00
 1527 1.285105e-13 0.000000e+00
 1528 1.493186e-13 0.000000e+00
 1529 1.453001e-13 0.000000e+00
 1530 1.425744e-13 0.000000e+00
 1531 1.404246e-13 0.000000e+00
 1532 1.366986e-13 0.000000e+00
 1533 1.669924e-13 0.000000e+00
 1534 1.549138e-13 0.000000e+00
 1535 1.882069e-13 0.000000e+00
 1536 1.283163e-13 0.000000e+00
 1537 1.162209e-13 0.000000e+00
 1538 1.380951e-13 0.000000e+00
 1539 1.343707e-13 0.000000e+00
 1540 1.314791e-13 0.000000e+00
 1541 1.289188e-13 0.000000e+00
 1542 1.241640e-13 0.000000e+00
 1543 1.565049e-13 0.000000e+00
 1544 1.419232e-13 0.000000e+00
 1545 1.714262e-13 0.000000e+00
 1546 1.139779e-13 0.000000e+00
 1547 1.019398e-13 0.000000e+00
 1548 1.239485e-13 0.000000e+00
 1549 1.205493e-13 0.000000e+00
 1550 1.175484e-13 0.000000e+00
 1551 1.145151e-13 0.000000e+00
 1552 1.112398e-13 1.127126e-02
 1553 1.432319e-13 0.000000e+00
 1554 1.272979e-13 0.000000e+00
 1555 1.489705e-13 0.000000e+00
 1556 9.970302e-14 0.000000e+00
 1557 8.499975e-14 0.000000e+00
 1558 1.088394e-13 0.000000e+00
 1559 1.051199e-13 0.000000e+00
 1560 1.018157e-13 0.000000e+00
 1561 9.864603e-14 0.000000e+00
 1562 9.345776e-14 0.000000e+00
 1563 1.274012e-13 0.000000e+00
 1564 1.093222e-13 0.000000e+00
 1565 1.216912e-13 0.000000e+00
 1566 8.209155e-14 0.000000e+00
 1567 6.595583e-14 0.000000e+00
 1568 9.305337e-14 0.000000e+00
 1569 8.787225e-14 0.000000e+00
 1570 8.443338e-14 0.000000e+00
 1571 8.107115e-14 0.000000e+00
 1572 7.596602e-14 0.000000e+00
 1573 1.091134e-13 0.000000e+00
 1574 9.081818e-14 0.000000e+00
 1575 8.778945e-14 0.000000e+00
 1576 6.174232e-14 0.000000e+00
 1577 4.634525e-14 0.000000e+00
 1578 7.520133e-14 0.000000e+00
 1579 6.955301e-14 0.000000e+00
 1580 6.692389e-14 0.000000e+00
 1581 6.261661e-14 0.000000e+00
 1582 5.827711e-14 0.000000e+00
 1583 9.025826e-14 0.000000e+00
 1584 7.208551e-14 0.000000e+00
 1585 4.874184e-14 0.000000e+00
 1586 4.237345e-14 0.000000e+00
 1587 2.666229e-14 0.000000e+00
 1588 5.634502e-14 0.000000e+00
 1589 5.131705e-14 0.000000e+00
 1590 4.790970e-14 0.000000e+00
 1591 4.402063e-14 0.000000e+00
 1592 3.947636e-14 0.000000e+00
 1593 7.102597e-14 0.000000e+00
 1594 5.113096e-14 0.000000e+00
 1595 9.049037e-15 0.000000e+00
 1596 2.288567e-14 0.000000e+00
 1597 8.923687e-15 0.000000e+00
 1598 3.866082e-14 0.000000e+00
 1599 3.343962e-14 0.000000e+00
 1600 2.980929e-14 0.000000e+00
 1601 2.606378e-14 0.000000e+00
 1602 2.262617e-14 0.000000e+00
 1603 4.985592e-14 0.000000e+00
 1604 3.289001e-14 0.000000e+00
 1605 -3.187087e-14 0.000000e+00
 1606 4.800067e-15 0.000000e+00
 1607 -7.679086e-15 0.000000e+00
 1608 2.193805e-14 0.000000e+00
 1609 1.827260e-14 0.000000e+00
 1610 1.378109e-14 0.000000e+00
 1611 1.093611e-14 0.000000e+00
 1612 7.514536e-15 0.000000e+00
 1613 3.155813e-14 0.000000e+00
 1614 1.663148e-14 0.000000e+00
 1615 -6.811586e-14 0.000000e+00
 1616 -1.093972e-14 0.000000e+00
 1617 -2.263330e-14 0.000000e+00
 1618 7.244097e-15 0.000000e+00
 1619 4.148273e-15 0.000000e+00
 1620 8.164402e-16 0.000000e+00
 1621 -1.930059e-15 0.000000e+00
 1622 -4.574589e-15 0.000000e+00
 1623 1.626832e-14 0.000000e+00
 1624 2.849221e-15 0.000000e+00
 1625 -9.876688e-14 0.000000e+00
 1626 -2.356405e-14 0.000000e+00
 1627 -3.421152e-14 0.000000e+00
 1628 -4.642842e-15 0.000000e+00
 1629 -8.151194e-15 0.000000e+00
 1630 -1.108767e-14 0.000000e+00
 1631 -1.413459e-14 0.000000e+00
 1632 -1.579147e-14 0.000000e+00
 1633 1.530880e-15 0.000000e+00
 1634 -1.039361e-14 0.000000e+00
 1635 -1.225001e-13 0.000000e+00
 1636 -3.494214e-14 0.000000e+00
 1637 -4.362052e-14 0.000000e+00
 1638 -1.570746e-14 0.000000e+00
 1639 -1.880029e-14 0.000000e+00
 1640 -2.153012e-14 0.000000e+00
 1641 -2.427052e-14 0.000000e+00
 1642 -2.549826e-14 0.000000e+00
 1643 -1.182949e-14 0.000000e+00
 1644 -2.289011e-14 0.000000e+00
 1645 -1.387750e-13 0.000000e+00
 1646 -4.401029e-14 0.000000e+00
 1647 -5.002242e-14 0.000000e+00
 1648 -2.567953e-14 0.000000e+00
 1649 -2.734088e-14 0.000000e+00
 1650 -3.044610e-14 0.000000e+00
 1651 -3.202407e-14 0.000000e+00
 1652 -3.360141e-14 0.000000e+00
 1653 -2.281999e-14 0.000000e+00
 1654 -3.291370e-14 0.000000e+00
 1655 -1.467968e-13 0.000000e+00
 1656 -4.918603e-14 0.000000e+00
 1657 -5.668601e-14 0.000000e+00
 1658 -3.352719e-14 0.000000e+00
 1659 -3.575867e-14 0.000000e+00
 1660 -3.649786e-14 0.000000e+00
 1661 -3.932019e-14 0.000000e+00
 1662 -3.967790e-14 0.000000e+00
 1663 -3.109782e-14 0.000000e+00
 1664 -4.019603e-14 0.000000e+00
 1665 -1.459506e-13 0.000000e+00
 1666 -5.417241e-14 0.000000e+00
 1667 -6.106475e-14 0.000000e+00
 1668 -3.986161e-14 0.000000e+00
 1669 -4.239456e-14 0.000000e+00
 1670 -4.202020e-14 0.000000e+00
 1671 -4.578228e-14 0.000000e+00
 1672 -4.488154e-14 0.000000e+00
 1673 -3.854380e-14 0.000000e+00
 1674 -4.624202e-14 0.000000e+00
 1675 -1.394960e-13 0.000000e+00
 1676 -5.880619e-14 0.000000e+00
 1677 -6.306820e-14 0.000000e+00
 1678 -4.618815e-14 0.000000e+00
 1679 -4.833929e-14 0.000000e+00
 1680 -4.822367e-14 0.000000e+00
 1681 -5.077345e-14 0.000000e+00
 1682 -5.125069e-14 0.000000e+00
 1683 -4.510333e-14 0.000000e+00
 1684 -5.267794e-14 0.000000e+00
 1685 -1.298186e-13 0.000000e+00
 1686 -6.286776e-14 0.000000e+00
 1687 -6.692427e-14 0.000000e+00
 1688 -5.323396e-14 0.000000e+00
 1689 -5.333799e-14 0.000000e+00
 1690 -5.458787e-14 0.000000e+00
 1691 -5.697771e-14 0.000000e+00
 1692 -5.769591e-14 0.000000e+00
 1693 -5.222490e-14 0.000000e+00
 1694 -5.882985e-14 0.000000e+00
 1695 -1.176149e-13 0.000000e+00
 1696 -6.794343e-14 0.000000e+00
 1697 -7.151197e-14 0.000000e+00
 1698 -6.020586e-14 0.000000e+00
 1699 -6.146259e-14 0.000000e+00
 1700 -6.193998e-14 0.000000e+00
 1701 -6.379951e-14 0.000000e+00
 1702 -6.554437e-14 0.000000e+00
 1703 -6.074664e-14 0.000000e+00
 1704 -6.620215e-14 0.000000e+00
 1705 -1.045962e-13 0.000000e+00
 1706 -7.395704e-14 0.000000e+00
 1707 -7.904584e-14 0.000000e+00
 1708 -6.867162e-14 0.000000e+00
 1709 -7.065274e-14 0.000000e+00
 1710 -7.241216e-14 0.000000e+00
 1711 -7.264892e-14 0.000000e+00
 1712 -7.440764e-14 0.000000e+00
 1713 -7.007148e-14 0.000000e+00
 1714 -7.374010e-14 0.000000e+00
 1715 -9.136421e-14 0.000000e+00
 1716 -8.069683e-14 0.000000e+00
 1717 -8.443834e-14 0.000000e+00
 1718 -7.519337e-14 0.000000e+00
 1719 -7.757147e-14 0.000000e+00
 1720 -7.753732e-14 0.000000e+00
 1721 -7.780368e-14 0.000000e+00
 1722 -7.868478e-14 0.000000e+00
 1723 -7.304473e-14 0.000000e+00
 1724 -7.717614e-14 0.000000e+00
 1725 -7.355114e-14 0.000000e+00
 1726 -8.342689e-14 0.000000e+00
 1727 -8.643267e-14 0.000000e+00
 1728 -7.887633e-14 0.000000e+00
 1729 -7.982537e-14 0.000000e+00
 1730 -8.127835e-14 0.000000e+00
 1731 -8.044391e-14 0.000000e+00
 1732 -8.167629e-14 0.000000e+00
 1733 -7.360981e-14 0.000000e+00
 1734 -7.804352e-14 0.000000e+00
 1735 -5.511201e-14 0.000000e+00
 1736 -8.449885e-14 0.000000e+00
 1737 -8.790931e-14 0.000000e+00
 1738 -8.096661e-14 0.000000e+00
 1739 -8.211106e-14 0.000000e+00
 1740 -8.402939e-14 0.000000e+00
 1741 -8.249629e-14 0.000000e+00
 1742 -8.425389e-14 0.000000e+00
 1743 -7.461493e-14 0.000000e+00
 1744 -7.799276e-14 0.000000e+00
 1745 -3.851498e-14 0.000000e+00
 1746 -8.560913e-14 0.000000e+00
 1747 -8.945296e-14 0.000000e+00
 1748 -8.252014e-14 0.000000e+00
 1749 -8.466535e-14 0.000000e+00
 1750 -8.650846e-14 0.000000e+00
 1751 -8.517811e-14 0.000000e+00
 1752 -8.561382e-14 0.000000e+00
 1753 -7.455741e-14 0.000000e+00
 1754 -7.812689e-14 0.000000e+00
 1755 -2.122893e-14 0.000000e+00
 1756 -8.656890e-14 0.000000e+00
 1757 -9.068645e-14 0.000000e+00
 1758 -8.473163e-14 0.000000e+00
 1759 -8.635181e-14 0.000000e+00
 1760 -8.842915e-14 0.000000e+00
 1761 -8.704274e-14 0.000000e+00
 1762 -8.820358e-14 0.000000e+00
 1763 -7.388143e-14 0.000000e+00
 1764 -7.810069e-14 0.000000e+00
 1765 -5.829927e-15 0.000000e+00
 1766 -8.746024e-14 0.000000e+00
 1767 -9.481663e-14 0.000000e+00
 1768 -8.629439e-14 0.000000e+00
 1769 -8.872303e-14 0.000000e+00
 1770 -9.029432e-14 0.000000e+00
 1771 -9.056767e-14 0.000000e+00
 1772 -9.167822e-14 0.000000e+00
 1773 -7.311524e-14 0.000000e+00
 1774 -7.907394e-14 0.000000e+00
 1775 2.841635e-15 0.000000e+00
 1776 -9.041479e-14 0.000000e+00
 1777 -9.754262e-14 0.000000e+00
 1778 -8.971717e-14 0.000000e+00
 1779 -9.199828e-14 0.000000e+00
 1780 -9.314963e-14 0.000000e+00
 1781 -9.522405e-14 0.000000e+00
 1782 -9.430035e-14 0.000000e+00
 1783 -7.348854e-14 0.000000e+00
 1784 -8.060304e-14 0.000000e+00
 1785 1.063830e-14 0.000000e+00
 1786 -9.316829e-14 0.000000e+00
 1787 -1.034543e-13 0.000000e+00
 1788 -9.229411e-14 0.000000e+00
 1789 -9.544777e-14 0.000000e+00
 1790 -9.593787e-14 0.000000e+00
 1791 -9.978406e-14 0.000000e+00
 1792 -9.859345e-14 0.000000e+00
 1793 -7.407881e-14 0.000000e+00
 1794 -8.338525e-14 0.000000e+00
 1795 1.440994e-14 0.000000e+00
 1796 -9.873435e-14 0.000000e+00
 1797 -1.087954e-13 0.000000e+00
 1798 -9.686165e-14 0.000000e+00
 1799 -1.008027e-13 0.000000e+00
 1800 -1.003277e-13 0.000000e+00
 1801 -1.052312e-13 0.000000e+00
 1802 -1.045857e-13 0.000000e+00
 1803 -7.661872e-14 0.000000e+00
 1804 -8.796089e-14 0.000000e+00
 1805 8.803467e-15 0.000000e+00
 1806 -1.053886e-13 0.000000e+00
 1807 -1.168741e-13 0.000000e+00
 1808 -1.034627e-13 0.000000e+00
 1809 -1.059881e-13 0.000000e+00
 1810 -1.070715e-13 0.000000e+00
 1811 -1.106799e-13 0.000000e+00
 1812 -1.120368e-13 0.000000e+00
 1813 -7.956163e-14 0.000000e+00
 1814 -9.461087e-14 0.000000e+00
 1815 1.363034e-15 0.000000e+00
 1816 -1.137732e-13 0.000000e+00
 1817 -1.262903e-13 0.000000e+00
 1818 -1.094824e-13 0.000000e+00
 1819 -1.131815e-13 0.000000e+00
 1820 -1.148057e-13 0.000000e+00
 1821 -1.172216e-13 0.000000e+00
 1822 -1.200709e-13 0.000000e+00
 1823 -8.489136e-14 0.000000e+00
 1824 -9.971364e-14 0.000000e+00
 1825 -1.428471e-14 0.000000e+00
 1826 -1.242278e-13 0.000000e+00
 1827 -1.363959e-13 0.000000e+00
 1828 -1.174645e-13 0.000000e+00
 1829 -1.208043e-13 0.000000e+00
 1830 -1.234581e-13 0.000000e+00
 1831 -1.266024e-13 0.000000e+00
 1832 -1.292965e-13 0.000000e+00
 1833 -9.308043e-14 0.000000e+00
 1834 -1.092007e-13 0.000000e+00
 1835 -4.109748e-14 0.000000e+00
 1836 -1.367339e-13 0.000000e+00
 1837 -1.476389e-13 0.000000e+00
 1838 -1.275300e-13 0.000000e+00
 1839 -1.296746e-13 0.000000e+00
 1840 -1.327656e-13 0.000000e+00
 1841 -1.355786e-13 0.000000e+00
 1842 -1.392076e-13 0.000000e+00
 1843 -1.021270e-13 0.000000e+00
 1844 -1.193083e-13 0.000000e+00
 1845 -7.215991e-14 0.000000e+00
 1846 -1.469797e-13 0.000000e+00
 1847 -1.617942e-13 0.000000e+00
 1848 -1.374095e-13 0.000000e+00
 1849 -1.395545e-13 0.000000e+00
 1850 -1.433484e-13 0.000000e+00
 1851 -1.450591e-13 0.000000e+00
 1852 -1.496955e-13 9.114484e-03
 1853 -1.114339e-13 0.000000e+00
 1854 -1.292101e-13 0.000000e+00
 1855 -1.083162e-13 0.000000e+00
 1856 -1.587077e-13 0.000000e+00
 1857 -1.762122e-13 0.000000e+00
 1858 -1.479724e-13 0.000000e+00
 1859 -1.510428e-13 0.000000e+00
 1860 -1.533886e-13 0.000000e+00
 1861 -1.562505e-13 0.000000e+00
 1862 -1.614388e-13 0.000000e+00
 1863 -1.239418e-13 0.000000e+00
 1864 -1.422398e-13 0.000000e+00
 1865 -1.510484e-13 0.000000e+00
 1866 -1.748389e-13 0.000000e+00
 1867 -1.894087e-13 0.000000e+00
 1868 -1.581319e-13 0.000000e+00
 1869 -1.615427e-13 0.000000e+00
 1870 -1.640571e-13 0.000000e+00
 1871 -1.673763e-13 0.000000e+00
 1872 -1.726370e-13 0.000000e+00
 1873 -1.359320e-13 0.000000e+00
 1874 -1.536931e-13 0.000000e+00
 1875 -1.935766e-13 0.000000e+00
 1876 -1.870774e-13 0.000000e+00
 1877 -2.022695e-13 0.000000e+00
 1878 -1.682906e-13 0.000000e+00
 1879 -1.715881e-13 0.000000e+00
 1880 -1.729064e-13 0.000000e+00
 1881 -1.782272e-13 0.000000e+00
 1882 -1.810327e-13 0.000000e+00
 1883 -1.476910e-13 0.000000e+00
 1884 -1.658619e-13 0.000000e+00
 1885 -2.334169e-13 0.000000e+00
 1886 -1.991803e-13 0.000000e+00
 1887 -2.122255e-13 0.000000e+00
 1888 -1.776687e-13 0.000000e+00
 1889 -1.817129e-13 0.000000e+00
 1890 -1.829778e-13 0.000000e+00
 1891 -1.861347e-13 0.000000e+00
 1892 -1.896287e-13 0.000000e+00
 1893 -1.605492e-13 0.000000e+00
 1894 -1.773916e-13 0.000000e+00
 1895 -2.769268e-13 0.000000e+00
 1896 -2.091691e-13 0.000000e+00
 1897 -2.213137e-13 0.000000e+00
 1898 -1.858403e-13 0.000000e+00
 1899 -1.891772e-13 0.000000e+00
 1900 -1.903428e-13 0.000000e+00
 1901 -1.936824e-13 0.000000e+00
 1902 -1.962124e-13 0.000000e+00
 1903 -1.703267e-13 0.000000e+00
 1904 -1.855145e-13 0.000000e+00
 1905 -3.110499e-13 0.000000e+00
 1906 -2.149945e-13 0.000000e+00
 1907 -2.272284e-13 0.000000e+00
 1908 -1.921194e-13 0.000000e+00
 1909 -1.938306e-13 0.000000e+00
 1910 -1.938930e-13 0.000000e+00
 1911 -1.986265e-13 0.000000e+00
 1912 -2.004764e-13 0.000000e+00
 1913 -1.765897e-13 0.000000e+00
 1914 -1.919824e-13 0.000000e+00
 1915 -3.373005e-13 0.000000e+00
 1916 -2.185368e-13 0.000000e+00
 1917 -2.310795e-13 0.000000e+00
 1918 -1.961650e-13 0.000000e+00
 1919 -1.969959e-13 0.000000e+00
 1920 -1.968056e-13 0.000000e+00
 1921 -2.006493e-13 0.000000e+00
 1922 -2.033883e-13 0.000000e+00
 1923 -1.835162e-13 0.000000e+00
 1924 -1.962593e-13 0.000000e+00
 1925 -3.598395e-13 0.000000e+00
 1926 -2.203733e-13 0.000000e+00
 1927 -2.314028e-13 0.000000e+00
 1928 -1.979112e-13 0.000000e+00
 1929 -1.967291e-13 0.000000e+00
 1930 -1.981895e-13 0.000000e+00
 1931 -2.003561e-13 0.000000e+00
 1932 -2.030289e-13 0.000000e+00
 1933 -1.854646e-13 0.000000e+00
 1934 -1.968407e-13 0.000000e+00
 1935 -3.686698e-13 0.000000e+00
 1936 -2.180492e-13 0.000000e+00
 1937 -2.283897e-13 0.000000e+00
 1938 -1.953270e-13 0.000000e+00
 1939 -1.946447e-13 0.000000e+00
 1940 -1.961944e-13 0.000000e+00
 1941 -1.980297e-13 0.000000e+00
 1942 -1.995334e-13 0.000000e+00
 1943 -1.849442e-13 0.000000e+00
 1944 -1.958123e-13 0.000000e+00
 1945 -3.680222e-13 0.000000e+00
 1946 -2.138434e-13 0.000000e+00
 1947 -2.226184e-13 0.000000e+00
 1948 -1.907157e-13 0.000000e+00
 1949 -1.916949e-13 0.000000e+00
 1950 -1.921726e-13 0.000000e+00
 1951 -1.933473e-13 0.000000e+00
 1952 -1.958899e-13 0.000000e+00
 1953 -1.837004e-13 0.000000e+00
 1954 -1.919539e-13 0.000000e+00
 1955 -3.632172e-13 0.000000e+00
 1956 -2.076063e-13 0.000000e+00
 1957 -2.151351e-13 0.000000e+00
 1958 -1.860151e-13 0.000000e+00
 1959 -1.867765e-13 0.000000e+00
 1960 -1.863623e-13 0.000000e+00
 1961 -1.875543e-13 0.000000e+00
 1962 -1.896674e-13 0.000000e+00
 1963 -1.791889e-13 0.000000e+00
 1964 -1.867075e-13 0.000000e+00
 1965 -3.515537e-13 0.000000e+00
 1966 -1.987160e-13 0.000000e+00
 1967 -2.069846e-13 0.000000e+00
 1968 -1.796094e-13 0.000000e+00
 1969 -1.797492e-13 0.000000e+00
 1970 -1.800586e-13 0.000000e+00
 1971 -1.809004e-13 0.000000e+00
 1972 -1.818057e-13 0.000000e+00
 1973 -1.740577e-13 0.000000e+00
 1974 -1.806828e-13 0.000000e+00
 1975 -3.348350e-13 0.000000e+00
 1976 -1.893035e-13 0.000000e+00
 1977 -1.976310e-13 0.000000e+00
 1978 -1.721989e-13 0.000000e+00
 1979 -1.730015e-13 0.000000e+00
 1980 -1.727187e-13 0.000000e+00
 1981 -1.735485e-13 0.000000e+00
 1982 -1.739951e-13 0.000000e+00
 1983 -1.683264e-13 0.000000e+00
 1984 -1.738115e-13 0.000000e+00
 1985 -3.154606e-13 0.000000e+00
 1986 -1.795803e-13 0.000000e+00
 1987 -1.880405e-13 0.000000e+00
 1988 -1.648451e-13 0.000000e+00
 1989 -1.664347e-13 0.000000e+00
 1990 -1.646538e-13 0.000000e+00
 1991 -1.661157e-13 0.000000e+00
 1992 -1.657686e-13 0.000000e+00
 1993 -1.623087e-13 0.000000e+00
 1994 -1.657877e-13 0.000000e+00
 1995 -2.950889e-13 0.000000e+00
 1996 -1.713579e-13 0.000000e+00
 1997 -1.785395e-13 0.000000e+00
 1998 -1.576090e-13 0.000000e+00
 1999 -1.577549e-13 0.000000e+00
 2000 -1.584696e-13 0.000000e+00
 2001 -1.588588e-13 0.000000e+00
 2002 -1.583314e-13 0.000000e+00
 2003 -1.556784e-13 0.000000e+00
 2004 -1.587228e-13 0.000000e+00
 2005 -2.753069e-13 0.000000e+00
 2006 -1.632381e-13 0.000000e+00
 2007 -1.691209e-13 0.000000e+00
 2008 -1.512232e-13 0.000000e+00
 2009 -1.513168e-13 0.000000e+00
 2010 -1.516758e-13 0.000000e+00
 2011 -1.517022e-13 0.000000e+00
 2012 -1.517599e-13 0.000000e+00
 2013 -1.503297e-13 0.000000e+00
 2014 -1.521924e-13 0.000000e+00
 2015 -2.563401e-13 0.000000e+00
 2016 -1.550874e-13 0.000000e+00
 2017 -1.610772e-13 0.000000e+00
 2018 -1.454732e-13 0.000000e+00
 2019 -1.460414e-13 0.000000e+00
 2020 -1.450169e-13 0.000000e+00
 2021 -1.460298e-13 0.000000e+00
 2022 -1.459165e-13 0.000000e+00
 2023 -1.447566e-13 0.000000e+00
 2024 -1.457488e-13 0.000000e+00
 2025 -2.398950e-13 0.000000e+00
 2026 -1.489506e-13 0.000000e+00
 2027 -1.535665e-13 0.000000e+00
 2028 -1.405314e-13 0.000000e+00
 2029 -1.405217e-13 0.000000e+00
 2030 -1.402456e-13 0.000000e+00
 2031 -1.409942e-13 0.000000e+00
 2032 -1.405159e-13 0.000000e+00
 2033 -1.400897e-13 0.000000e+00
 2034 -1.407552e-13 0.000000e+00
 2035 -2.250392e-13 0.000000e+00
 2036 -1.439495e-13 0.000000e+00
 2037 -1.477416e-13 0.000000e+00
 2038 -1.361629e-13 0.000000e+00
 2039 -1.361206e-13 0.000000e+00
 2040 -1.361851e-13 0.000000e+00
 2041 -1.365669e-13 0.000000e+00
 2042 -1.361904e-13 0.000000e+00
 2043 -1.364735e-13 0.000000e+00
 2044 -1.367355e-13 0.000000e+00
 2045 -2.121499e-13 0.000000e+00
 2046 -1.397315e-13 0.000000e+00
 2047 -1.425874e-13 0.000000e+00
 2048 -9.770238e-15 1.045804e-02
