2  0.000000  0.000000  0.000000  0.000000  0.000000  0.000000
3  0.000000  0.000000  0.000000  0.000000  0.000000  0.000000
4  0.000000  0.000000  0.000000  0.000000  0.000000  0.000000
5  0.000000  0.000000  0.000000  0.000000  0.000000  0.000000
6  0.000000  0.000000  0.000000  0.000000  0.000000  0.000000
7  0.000000  0.000000  0.000000  0.000000  0.000000  0.000000
8  0.000000  0.000000  0.000000  0.000000  0.000000  0.000000
9  0.000000  0.000000  0.000000  0.000000  0.000000  0.000000
10  0.000000  0.000000  0.000000  0.000000  0.000000  0.000000
11  0.000000  0.000000  0.000000  0.000000  0.000000  0.000000
12  0.000000  0.000000  0.000000  0.000000  0.000000  0.000000
13  0.000000  0.000000  0.000000  0.000000  0.000000  0.000000
14  0.000000  0.000000  0.000000  0.000000  0.000000  0.000000
15  0.000000  0.000000  0.000000  0.000000  0.000000  0.000000
16  0.000001  0.000001  0.000001  0.000001  0.000001  0.000001
17  0.000001  0.000001  0.000001  0.000001  0.000001  0.000001
18  0.000002  0.000002  0.000002  0.000002  0.000002  0.000002
19  0.000004  0.000004  0.000004  0.000004  0.000004  0.000004
20  0.000006  0.000006  0.000006  0.000006  0.000006  0.000006
21  0.000007  0.000007  0.000007  0.000007  0.000007  0.000007
22  0.000011  0.000011  0.000011  0.000011  0.000011  0.000011
23  0.000016  0.000016  0.000016  0.000016  0.000016  0.000016
24  0.000022  0.000022  0.000022  0.000022  0.000022  0.000022
25  0.000029  0.000029  0.000029  0.000029  0.000029  0.000029
26  0.000034  0.000034  0.000034  0.000034  0.000034  0.000034
27  0.000050  0.000050  0.000050  0.000050  0.000050  0.000050
28  0.000066  0.000066  0.000066  0.000066  0.000066  0.000066
29  0.000063  0.000063  0.000063  0.000063  0.000063  0.000063
30  0.000097  0.000097  0.000097  0.000097  0.000097  0.000097
31  0.000081  0.000081  0.000081  0.000081  0.000081  0.000081
32  0.000112  0.000112  0.000112  0.000112  0.000112  0.000112
33  0.000124  0.000124  0.000124  0.000124  0.000124  0.000124
34  0.000131  0.000131  0.000131  0.000131  0.000131  0.000131
35  0.000170  0.000170  0.000170  0.000170  0.000170  0.000170
36  0.000201  0.000201  0.000201  0.000201  0.000201  0.000201
37  0.000169  0.000169  0.000169  0.000169  0.000169  0.000169
38  0.000218  0.000218  0.000218  0.000218  0.000218  0.000218
39  0.000233  0.000233  0.000233  0.000233  0.000233  0.000233
40  0.000265  0.000265  0.000265  0.000265  0.000265  0.000265
41  0.000267  0.000267  0.000267  0.000267  0.000267  0.000267
42  0.000253  0.000253  0.000253  0.000253  0.000253  0.000253
43  0.000315  0.000315  0.000315  0.000315  0.000315  0.000315
44  0.000286  0.000286  0.000286  0.000286  0.000286  0.000286
45  0.000272  0.000272  0.000272  0.000272  0.000272  0.000272
46  0.000293  0.000293  0.000293  0.000293  0.000293  0.000293
47  0.000318  0.000318  0.000318  0.000318  0.000318  0.000318
48  0.000295  0.000295  0.000295  0.000295  0.000295  0.000295
49  0.000304  0.000304  0.000304  0.000304  0.000304  0.000304
50  0.000341  0.000341  0.000341  0.000341  0.000341  0.000341
51  0.000324  0.000324  0.000324  0.000324  0.000324  0.000324
52  0.000290  0.000290  0.000290  0.000290  0.000290  0.000290
53  0.000301  0.000301  0.000301  0.000301  0.000301  0.000301
54  0.000334  0.000334  0.000334  0.000334  0.000334  0.000334
55  0.000288  0.000288  0.000288  0.000288  0.000288  0.000288
56  0.000348  0.000348  0.000348  0.000348  0.000348  0.000348
57  0.000296  0.000296  0.000296  0.000296  0.000296  0.000296
58  0.000316  0.000316  0.000316  0.000316  0.000316  0.000316
59  0.000309  0.000309  0.000309  0.000309  0.000309  0.000309
60  0.000333  0.000333  0.000333  0.000333  0.000333  0.000333
61  0.000330  0.000330  0.000330  0.000330  0.000330  0.000330
62  0.000337  0.000337  0.000337  0.000337  0.000337  0.000337
63  0.000362  0.000362  0.000362  0.000362  0.000362  0.000362
64  0.000342  0.000342  0.000342  0.000342  0.000342  0.000342
65  0.000326  0.000326  0.000326  0.000326  0.000326  0.000326
66  0.000349  0.000349  0.000349  0.000349  0.000349  0.000349
67  0.000313  0.000313  0.000313  0.000313  0.000313  0.000313
68  0.000327  0.000327  0.000327  0.000327  0.000327  0.000327
69  0.000301  0.000301  0.000301  0.000301  0.000301  0.000301
70  0.000312  0.000312  0.000312  0.000312  0.000312  0.000312
71  0.000308  0.000308  0.000308  0.000308  0.000308  0.000308
72  0.000358  0.000358  0.000358  0.000358  0.000358  0.000358
73  0.000321  0.000321  0.000321  0.000321  0.000321  0.000321
74  0.000326  0.000326  0.000326  0.000326  0.000326  0.000326
75  0.000337  0.000337  0.000337  0.000337  0.000337  0.000337
76  0.000310  0.000310  0.000310  0.000310  0.000310  0.000310
77  0.000341  0.000341  0.000341  0.000341  0.000341  0.000341
78  0.000313  0.000313  0.000313  0.000313  0.000313  0.000313
79  0.000329  0.000329  0.000329  0.000329  0.000329  0.000329
80  0.000322  0.000322  0.000322  0.000322  0.000322  0.000322
81  0.000343  0.000343  0.000343  0.000343  0.000343  0.000343
82  0.000328  0.000328  0.000328  0.000328  0.000328  0.000328
83  0.000332  0.000332  0.000332  0.000332  0.000332  0.000332
84  0.000351  0.000351  0.000351  0.000351  0.000351  0.000351
85  0.000326  0.000326  0.000326  0.000326  0.000326  0.000326
86  0.000326  0.000326  0.000326  0.000326  0.000326  0.000326
87  0.000328  0.000328  0.000328  0.000328  0.000328  0.000328
88  0.000312  0.000312  0.000312  0.000312  0.000312  0.000312
89  0.000311  0.000311  0.000311  0.000311  0.000311  0.000311
90  0.000325  0.000325  0.000325  0.000325  0.000325  0.000325
91  0.000327  0.000327  0.000327  0.000327  0.000327  0.000327
92  0.000298  0.000298  0.000298  0.000298  0.000298  0.000298
93  0.000300  0.000300  0.000300  0.000300  0.000300  0.000300
94  0.000302  0.000302  0.000302  0.000302  0.000302  0.000302
95  0.000275  0.000275  0.000275  0.000275  0.000275  0.000275
96  0.000294  0.000294  0.000294  0.000294  0.000294  0.000294
97  0.000259  0.000259  0.000259  0.000259  0.000259  0.000259
98  0.000261  0.000261  0.000261  0.000261  0.000261  0.000261
99  0.000254  0.000254  0.000254  0.000254  0.000254  0.000254
100  0.000257  0.000257  0.000257  0.000257  0.000257  0.000257
101  0.000247  0.000247  0.000247  0.000247  0.000247  0.000247
102  0.000248  0.000248  0.000248  0.000248  0.000248  0.000248
103  0.000248  0.000248  0.000248  0.000248  0.000248  0.000248
104  0.000255  0.000255  0.000255  0.000255  0.000255  0.000255
105  0.000265  0.000265  0.000265  0.000265  0.000265  0.000265
106  0.000254  0.000254  0.000254  0.000254  0.000254  0.000254
107  0.000297  0.000297  0.000297  0.000297  0.000297  0.000297
108  0.000275  0.000275  0.000275  0.000275  0.000275  0.000275
109  0.000279  0.000279  0.000279  0.000279  0.000279  0.000279
110  0.000285  0.000285  0.000285  0.000285  0.000285  0.000285
111  0.000292  0.000292  0.000292  0.000292  0.000292  0.000292
112  0.000268  0.000268  0.000268  0.000268  0.000268  0.000268
113  0.000272  0.000272  0.000272  0.000272  0.000272  0.000272
114  0.000291  0.000291  0.000291  0.000291  0.000291  0.000291
115  0.000290  0.000290  0.000290  0.000290  0.000290  0.000290
116  0.000276  0.000276  0.000276  0.000276  0.000276  0.000276
117  0.000291  0.000291  0.000291  0.000291  0.000291  0.000291
118  0.000295  0.000295  0.000295  0.000295  0.000295  0.000295
119  0.000325  0.000325  0.000325  0.000325  0.000325  0.000325
120  0.000314  0.000314  0.000314  0.000314  0.000314  0.000314
121  0.000351  0.000351  0.000351  0.000351  0.000351  0.000351
122  0.000346  0.000346  0.000346  0.000346  0.000346  0.000346
123  0.000382  0.000382  0.000382  0.000382  0.000382  0.000382
124  0.000386  0.000386  0.000386  0.000386  0.000386  0.000386
125  0.000419  0.000419  0.000419  0.000419  0.000419  0.000419
126  0.000455  0.000455  0.000455  0.000455  0.000455  0.000455
127  0.000494  0.000494  0.000494  0.000494  0.000494  0.000494
128  0.000545  0.000545  0.000545  0.000545  0.000545  0.000545
129  0.000596  0.000596  0.000596  0.000596  0.000596  0.000596
130  0.000573  0.000573  0.000573  0.000573  0.000573  0.000573
131  0.000637  0.000637  0.000637  0.000637  0.000637  0.000637
132  0.000729  0.000729  0.000729  0.000729  0.000729  0.000729
133  0.000772  0.000772  0.000772  0.000772  0.000772  0.000772
134  0.000878  0.000878  0.000878  0.000878  0.000878  0.000878
135  0.000987  0.000987  0.000987  0.000987  0.000987  0.000987
136  0.001090  0.001090  0.001090  0.001090  0.001090  0.001090
137  0.001165  0.001165  0.001165  0.001165  0.001165  0.001165
138  0.001286  0.001286  0.001286  0.001286  0.001286  0.001286
139  0.001579  0.001579  0.001579  0.001579  0.001579  0.001579
140  0.001649  0.001649  0.001649  0.001649  0.001649  0.001649
141  0.001826  0.001826  0.001826  0.001826  0.001826  0.001826
142  0.002184  0.002184  0.002184  0.002184  0.002184  0.002184
143  0.002580  0.002580  0.002580  0.002580  0.002580  0.002580
144  0.002862  0.002862  0.002862  0.002862  0.002862  0.002862
145  0.003265  0.003265  0.003265  0.003265  0.003265  0.003265
146  0.003917  0.003917  0.003917  0.003917  0.003917  0.003917
147  0.004098  0.004098  0.004098  0.004098  0.004098  0.004098
148  0.004920  0.004920  0.004920  0.004920  0.004920  0.004920
149  0.005187  0.005187  0.005187  0.005187  0.005187  0.005187
150  0.006115  0.006115  0.006115  0.006115  0.006115  0.006115
151  0.007039  0.007039  0.007039  0.007039  0.007039  0.007039
152  0.007531  0.007531  0.007531  0.007531  0.007531  0.007531
153  0.008705  0.008705  0.008705  0.008705  0.008705  0.008705
154  0.009797  0.009797  0.009797  0.009797  0.009797  0.009797
155  0.010630  0.010630  0.010630  0.010630  0.010630  0.010630
156  0.011195  0.011195  0.011195  0.011195  0.011195  0.011195
157  0.012556  0.012556  0.012556  0.012556  0.012556  0.012556
158  0.013533  0.013533  0.013533  0.013533  0.013533  0.013533
159  0.014164  0.014164  0.014164  0.014164  0.014164  0.014164
160  0.015372  0.015372  0.015372  0.015372  0.015372  0.015372
161  0.016618  0.016618  0.016618  0.016618  0.016618  0.016618
162  0.017581  0.017581  0.017581  0.017581  0.017581  0.017581
163  0.017307  0.017307  0.017307  0.017307  0.017307  0.017307
164  0.018765  0.018765  0.018765  0.018765  0.018765  0.018765
165  0.019881  0.019881  0.019881  0.019881  0.019881  0.019881
166  0.021001  0.021001  0.021001  0.021001  0.021001  0.021001
167  0.020427  0.020427  0.020427  0.020427  0.020427  0.020427
168  0.021327  0.021327  0.021327  0.021327  0.021327  0.021327
169  0.021890  0.021890  0.021890  0.021890  0.021890  0.021890
170  0.023068  0.023068  0.023068  0.023068  0.023068  0.023068
171  0.022853  0.022853  0.022853  0.022853  0.022853  0.022853
172  0.022564  0.022564  0.022564  0.022564  0.022564  0.022564
173  0.023756  0.023756  0.023756  0.023756  0.023756  0.023756
174  0.022785  0.022785  0.022785  0.022785  0.022785  0.022785
175  0.022434  0.022434  0.022434  0.022434  0.022434  0.022434
176  0.023358  0.023358  0.023358  0.023358  0.023358  0.023358
177  0.022135  0.022135  0.022135  0.022135  0.022135  0.022135
178  0.023389  0.023389  0.023389  0.023389  0.023389  0.023389
179  0.022154  0.022154  0.022154  0.022154  0.022154  0.022154
180  0.022682  0.022682  0.022682  0.022682  0.022682  0.022682
181  0.022035  0.022035  0.022035  0.022035  0.022035  0.022035
182  0.021238  0.021238  0.021238  0.021238  0.021238  0.021238
183  0.021347  0.021347  0.021347  0.021347  0.021347  0.021347
184  0.020526  0.020526  0.020526  0.020526  0.020526  0.020526
185  0.020502  0.020502  0.020502  0.020502  0.020502  0.020502
186  0.019241  0.019241  0.019241  0.019241  0.019241  0.019241
187  0.018236  0.018236  0.018236  0.018236  0.018236  0.018236
188  0.017096  0.017096  0.017096  0.017096  0.017096  0.017096
189  0.017519  0.017519  0.017519  0.017519  0.017519  0.017519
190  0.016731  0.016731  0.016731  0.016731  0.016731  0.016731
191  0.014833  0.014833  0.014833  0.014833  0.014833  0.014833
192  0.014287  0.014287  0.014287  0.014287  0.014287  0.014287
193  0.013414  0.013414  0.013414  0.013414  0.013414  0.013414
194  0.012140  0.012140  0.012140  0.012140  0.012140  0.012140
195  0.011812  0.011812  0.011812  0.011812  0.011812  0.011812
196  0.010550  0.010550  0.010550  0.010550  0.010550  0.010550
197  0.010107  0.010107  0.010107  0.010107  0.010107  0.010107
198  0.009366  0.009366  0.009366  0.009366  0.009366  0.009366
199  0.008721  0.008721  0.008721  0.008721  0.008721  0.008721
200  0.007750  0.007750  0.007750  0.007750  0.007750  0.007750
201  0.006835  0.006835  0.006835  0.006835  0.006835  0.006835
202  0.006259  0.006259  0.006259  0.006259  0.006259  0.006259
203  0.005828  0.005828  0.005828  0.005828  0.005828  0.005828
204  0.005181  0.005181  0.005181  0.005181  0.005181  0.005181
205  0.004827  0.004827  0.004827  0.004827  0.004827  0.004827
206  0.004363  0.004363  0.004363  0.004363  0.004363  0.004363
207  0.003979  0.003979  0.003979  0.003979  0.003979  0.003979
208  0.003689  0.003689  0.003689  0.003689  0.003689  0.003689
209  0.003347  0.003347  0.003347  0.003347  0.003347  0.003347
210  0.002954  0.002954  0.002954  0.002954  0.002954  0.002954
211  0.002635  0.002635  0.002635  0.002635  0.002635  0.002635
212  0.002245  0.002245  0.002245  0.002245  0.002245  0.002245
213  0.002129  0.002129  0.002129  0.002129  0.002129  0.002129
214  0.002124  0.002124  0.002124  0.002124  0.002124  0.002124
215  0.001834  0.001834  0.001834  0.001834  0.001834  0.001834
216  0.001682  0.001682  0.001682  0.001682  0.001682  0.001682
217  0.001571  0.001571  0.001571  0.001571  0.001571  0.001571
218  0.001404  0.001404  0.001404  0.001404  0.001404  0.001404
219  0.001370  0.001370  0.001370  0.001370  0.001370  0.001370
220  0.001186  0.001186  0.001186  0.001186  0.001186  0.001186
221  0.001116  0.001116  0.001116  0.001116  0.001116  0.001116
222  0.001027  0.001027  0.001027  0.001027  0.001027  0.001027
223  0.000878  0.000878  0.000878  0.000878  0.000878  0.000878
224  0.000763  0.000763  0.000763  0.000763  0.000763  0.000763
225  0.000740  0.000740  0.000740  0.000740  0.000740  0.000740
226  0.000682  0.000682  0.000682  0.000682  0.000682  0.000682
227  0.000605  0.000605  0.000605  0.000605  0.000605  0.000605
228  0.000528  0.000528  0.000528  0.000528  0.000528  0.000528
229  0.000488  0.000488  0.000488  0.000488  0.000488  0.000488
230  0.000457  0.000457  0.000457  0.000457  0.000457  0.000457
231  0.000402  0.000402  0.000402  0.000402  0.000402  0.000402
232  0.000340  0.000340  0.000340  0.000340  0.000340  0.000340
233  0.000306  0.000306  0.000306  0.000306  0.000306  0.000306
234  0.000263  0.000263  0.000263  0.000263  0.000263  0.000263
235  0.000252  0.000252  0.000252  0.000252  0.000252  0.000252
236  0.000220  0.000220  0.000220  0.000220  0.000220  0.000220
237  0.000178  0.000178  0.000178  0.000178  0.000178  0.000178
238  0.000169  0.000169  0.000169  0.000169  0.000169  0.000169
239  0.000146  0.000146  0.000146  0.000146  0.000146  0.000146
240  0.000131  0.000131  0.000131  0.000131  0.000131  0.000131
241  0.000128  0.000128  0.000128  0.000128  0.000128  0.000128
242  0.000114  0.000114  0.000114  0.000114  0.000114  0.000114
243  0.000099  0.000099  0.000099  0.000099  0.000099  0.000099
244  0.000092  0.000092  0.000092  0.000092  0.000092  0.000092
245  0.000082  0.000082  0.000082  0.000082  0.000082  0.000082
246  0.000072  0.000072  0.000072  0.000072  0.000072  0.000072
247  0.000070  0.000070  0.000070  0.000070  0.000070  0.000070
248  0.000063  0.000063  0.000063  0.000063  0.000063  0.000063
249  0.000061  0.000061  0.000061  0.000061  0.000061  0.000061
250  0.000053  0.000053  0.000053  0.000053  0.000053  0.000053
251  0.000052  0.000052  0.000052  0.000052  0.000052  0.000052
252  0.000050  0.000050  0.000050  0.000050  0.000050  0.000050
253  0.000043  0.000043  0.000043  0.000043  0.000043  0.000043
254  0.000041  0.000041  0.000041  0.000041  0.000041  0.000041
255  0.000040  0.000040  0.000040  0.000040  0.000040  0.000040
256  0.000038  0.000038  0.000038  0.000038  0.000038  0.000038
257  0.000035  0.000035  0.000035  0.000035  0.000035  0.000035
258  0.000033  0.000033  0.000033  0.000033  0.000033  0.000033
259  0.000033  0.000033  0.000033  0.000033  0.000033  0.000033
260  0.000030  0.000030  0.000030  0.000030  0.000030  0.000030
261  0.000029  0.000029  0.000029  0.000029  0.000029  0.000029
262  0.000027  0.000027  0.000027  0.000027  0.000027  0.000027
263  0.000028  0.000028  0.000028  0.000028  0.000028  0.000028
264  0.000027  0.000027  0.000027  0.000027  0.000027  0.000027
265  0.000024  0.000024  0.000024  0.000024  0.000024  0.000024
266  0.000024  0.000024  0.000024  0.000024  0.000024  0.000024
267  0.000023  0.000023  0.000023  0.000023  0.000023  0.000023
268  0.000022  0.000022  0.000022  0.000022  0.000022  0.000022
269  0.000020  0.000020  0.000020  0.000020  0.000020  0.000020
270  0.000021  0.000021  0.000021  0.000021  0.000021  0.000021
271  0.000020  0.000020  0.000020  0.000020  0.000020  0.000020
272  0.000020  0.000020  0.000020  0.000020  0.000020  0.000020
273  0.000019  0.000019  0.000019  0.000019  0.000019  0.000019
274  0.000019  0.000019  0.000019  0.000019  0.000019  0.000019
275  0.000018  0.000018  0.000018  0.000018  0.000018  0.000018
276  0.000017  0.000017  0.000017  0.000017  0.000017  0.000017
277  0.000017  0.000017  0.000017  0.000017  0.000017  0.000017
278  0.000017  0.000017  0.000017  0.000017  0.000017  0.000017
279  0.000016  0.000016  0.000016  0.000016  0.000016  0.000016
280  0.000015  0.000015  0.000015  0.000015  0.000015  0.000015
281  0.000015  0.000015  0.000015  0.000015  0.000015  0.000015
282  0.000015  0.000015  0.000015  0.000015  0.000015  0.000015
283  0.000015  0.000015  0.000015  0.000015  0.000015  0.000015
284  0.000014  0.000014  0.000014  0.000014  0.000014  0.000014
285  0.000015  0.000015  0.000015  0.000015  0.000015  0.000015
286  0.000014  0.000014  0.000014  0.000014  0.000014  0.000014
287  0.000013  0.000013  0.000013  0.000013  0.000013  0.000013
288  0.000014  0.000014  0.000014  0.000014  0.000014  0.000014
289  0.000013  0.000013  0.000013  0.000013  0.000013  0.000013
290  0.000013  0.000013  0.000013  0.000013  0.000013  0.000013
291  0.000012  0.000012  0.000012  0.000012  0.000012  0.000012
292  0.000011  0.000011  0.000011  0.000011  0.000011  0.000011
293  0.000012  0.000012  0.000012  0.000012  0.000012  0.000012
294  0.000012  0.000012  0.000012  0.000012  0.000012  0.000012
295  0.000012  0.000012  0.000012  0.000012  0.000012  0.000012
296  0.000011  0.000011  0.000011  0.000011  0.000011  0.000011
297  0.000010  0.000010  0.000010  0.000010  0.000010  0.000010
298  0.000010  0.000010  0.000010  0.000010  0.000010  0.000010
299  0.000010  0.000010  0.000010  0.000010  0.000010  0.000010
300  0.000010  0.000010  0.000010  0.000010  0.000010  0.000010
301  0.000009  0.000009  0.000009  0.000009  0.000009  0.000009
302  0.000009  0.000009  0.000009  0.000009  0.000009  0.000009
303  0.000009  0.000009  0.000009  0.000009  0.000009  0.000009
304  0.000009  0.000009  0.000009  0.000009  0.000009  0.000009
305  0.000008  0.000008  0.000008  0.000008  0.000008  0.000008
306  0.000008  0.000008  0.000008  0.000008  0.000008  0.000008
307  0.000007  0.000007  0.000007  0.000007  0.000007  0.000007
308  0.000008  0.000008  0.000008  0.000008  0.000008  0.000008
309  0.000007  0.000007  0.000007  0.000007  0.000007  0.000007
310  0.000007  0.000007  0.000007  0.000007  0.000007  0.000007
311  0.000007  0.000007  0.000007  0.000007  0.000007  0.000007
312  0.000007  0.000007  0.000007  0.000007  0.000007  0.000007
313  0.000006  0.000006  0.000006  0.000006  0.000006  0.000006
314  0.000006  0.000006  0.000006  0.000006  0.000006  0.000006
315  0.000006  0.000006  0.000006  0.000006  0.000006  0.000006
316  0.000006  0.000006  0.000006  0.000006  0.000006  0.000006
317  0.000006  0.000006  0.000006  0.000006  0.000006  0.000006
318  0.000006  0.000006  0.000006  0.000006  0.000006  0.000006
319  0.000006  0.000006  0.000006  0.000006  0.000006  0.000006
320  0.000006  0.000006  0.000006  0.000006  0.000006  0.000006
321  0.000005  0.000005  0.000005  0.000005  0.000005  0.000005
322  0.000005  0.000005  0.000005  0.000005  0.000005  0.000005
323  0.000005  0.000005  0.000005  0.000005  0.000005  0.000005
324  0.000005  0.000005  0.000005  0.000005  0.000005  0.000005
325  0.000005  0.000005  0.000005  0.000005  0.000005  0.000005
326  0.000004  0.000004  0.000004  0.000004  0.000004  0.000004
327  0.000004  0.000004  0.000004  0.000004  0.000004  0.000004
328  0.000004  0.000004  0.000004  0.000004  0.000004  0.000004
329  0.000004  0.000004  0.000004  0.000004  0.000004  0.000004
330  0.000004  0.000004  0.000004  0.000004  0.000004  0.000004
331  0.000004  0.000004  0.000004  0.000004  0.000004  0.000004
332  0.000003  0.000003  0.000003  0.000003  0.000003  0.000003
333  0.000004  0.000004  0.000004  0.000004  0.000004  0.000004
334  0.000003  0.000003  0.000003  0.000003  0.000003  0.000003
335  0.000003  0.000003  0.000003  0.000003  0.000003  0.000003
336  0.000003  0.000003  0.000003  0.000003  0.000003  0.000003
337  0.000003  0.000003  0.000003  0.000003  0.000003  0.000003
338  0.000003  0.000003  0.000003  0.000003  0.000003  0.000003
339  0.000003  0.000003  0.000003  0.000003  0.000003  0.000003
340  0.000003  0.000003  0.000003  0.000003  0.000003  0.000003
341  0.000003  0.000003  0.000003  0.000003  0.000003  0.000003
342  0.000003  0.000003  0.000003  0.000003  0.000003  0.000003
343  0.000003  0.000003  0.000003  0.000003  0.000003  0.000003
344  0.000002  0.000002  0.000002  0.000002  0.000002  0.000002
345  0.000003  0.000003  0.000003  0.000003  0.000003  0.000003
346  0.000002  0.000002  0.000002  0.000002  0.000002  0.000002
347  0.000002  0.000002  0.000002  0.000002  0.000002  0.000002
348  0.000002  0.000002  0.000002  0.000002  0.000002  0.000002
349  0.000002  0.000002  0.000002  0.000002  0.000002  0.000002
350  0.000002  0.000002  0.000002  0.000002  0.000002  0.000002
351  0.000002  0.000002  0.000002  0.000002  0.000002  0.000002
352  0.000002  0.000002  0.000002  0.000002  0.000002  0.000002
353  0.000002  0.000002  0.000002  0.000002  0.000002  0.000002
354  0.000002  0.000002  0.000002  0.000002  0.000002  0.000002
355  0.000002  0.000002  0.000002  0.000002  0.000002  0.000002
356  0.000002  0.000002  0.000002  0.000002  0.000002  0.000002
357  0.000002  0.000002  0.000002  0.000002  0.000002  0.000002
358  0.000001  0.000001  0.000001  0.000001  0.000001  0.000001
359  0.000001  0.000001  0.000001  0.000001  0.000001  0.000001
360  0.000001  0.000001  0.000001  0.000001  0.000001  0.000001
361  0.000001  0.000001  0.000001  0.000001  0.000001  0.000001
362  0.000001  0.000001  0.000001  0.000001  0.000001  0.000001
363  0.000001  0.000001  0.000001  0.000001  0.000001  0.000001
364  0.000001  0.000001  0.000001  0.000001  0.000001  0.000001
365  0.000001  0.000001  0.000001  0.000001  0.000001  0.000001
366  0.000001  0.000001  0.000001  0.000001  0.000001  0.000001
367  0.000001  0.000001  0.000001  0.000001  0.000001  0.000001
368  0.000001  0.000001  0.000001  0.000001  0.000001  0.000001
369  0.000001  0.000001  0.000001  0.000001  0.000001  0.000001
370  0.000001  0.000001  0.000001  0.000001  0.000001  0.000001
371  0.000001  0.000001  0.000001  0.000001  0.000001  0.000001
372  0.000001  0.000001  0.000001  0.000001  0.000001  0.000001
373  0.000001  0.000001  0.000001  0.000001  0.000001  0.000001
374  0.000001  0.000001  0.000001  0.000001  0.000001  0.000001
375  0.000001  0.000001  0.000001  0.000001  0.000001  0.000001
376  0.000001  0.000001  0.000001  0.000001  0.000001  0.000001
377  0.000001  0.000001  0.000001  0.000001  0.000001  0.000001
378  0.000001  0.000001  0.000001  0.000001  0.000001  0.000001
379  0.000001  0.000001  0.000001  0.000001  0.000001  0.000001
380  0.000001  0.000001  0.000001  0.000001  0.000001  0.000001
381  0.000001  0.000001  0.000001  0.000001  0.000001  0.000001
382  0.000001  0.000001  0.000001  0.000001  0.000001  0.000001
383  0.000001  0.000001  0.000001  0.000001  0.000001  0.000001
384  0.000001  0.000001  0.000001  0.000001  0.000001  0.000001
385  0.000001  0.000001  0.000001  0.000001  0.000001  0.000001
386  0.000001  0.000001  0.000001  0.000001  0.000001  0.000001
387  0.000001  0.000001  0.000001  0.000001  0.000001  0.000001
388  0.000001  0.000001  0.000001  0.000001  0.000001  0.000001
389  0.000001  0.000001  0.000001  0.000001  0.000001  0.000001
390  0.000001  0.000001  0.000001  0.000001  0.000001  0.000001
391  0.000001  0.000001  0.000001  0.000001  0.000001  0.000001
392  0.000001  0.000001  0.000001  0.000001  0.000001  0.000001
393  0.000001  0.000001  0.000001  0.000001  0.000001  0.000001
394  0.000001  0.000001  0.000001  0.000001  0.000001  0.000001
395  0.000001  0.000001  0.000001  0.000001  0.000001  0.000001
396  0.000000  0.000000  0.000000  0.000000  0.000000  0.000000
397  0.000000  0.000000  0.000000  0.000000  0.000000  0.000000
398  0.000000  0.000000  0.000000  0.000000  0.000000  0.000000
399  0.000000  0.000000  0.000000  0.000000  0.000000  0.000000
400  0.000000  0.000000  0.000000  0.000000  0.000000  0.000000
401  0.000000  0.000000  0.000000  0.000000  0.000000  0.000000
402  0.000000  0.000000  0.000000  0.000000  0.000000  0.000000
403  0.000000  0.000000  0.000000  0.000000  0.000000  0.000000
404  0.000000  0.000000  0.000000  0.000000  0.000000  0.000000
405  0.000000  0.000000  0.000000  0.000000  0.000000  0.000000
406  0.000000  0.000000  0.000000  0.000000  0.000000  0.000000
407  0.000000  0.000000  0.000000  0.000000  0.000000  0.000000
408  0.000000  0.000000  0.000000  0.000000  0.000000  0.000000
409  0.000000  0.000000  0.000000  0.000000  0.000000  0.000000
410  0.000000  0.000000  0.000000  0.000000  0.000000  0.000000
411  0.000000  0.000000  0.000000  0.000000  0.000000  0.000000
412  0.000000  0.000000  0.000000  0.000000  0.000000  0.000000
413  0.000000  0.000000  0.000000  0.000000  0.000000  0.000000
414  0.000000  0.000000  0.000000  0.000000  0.000000  0.000000
415  0.000000  0.000000  0.000000  0.000000  0.000000  0.000000
416  0.000000  0.000000  0.000000  0.000000  0.000000  0.000000
417  0.000000  0.000000  0.000000  0.000000  0.000000  0.000000
418  0.000000  0.000000  0.000000  0.000000  0.000000  0.000000
419  0.000000  0.000000  0.000000  0.000000  0.000000  0.000000
420  0.000000  0.000000  0.000000  0.000000  0.000000  0.000000
421  0.000000  0.000000  0.000000  0.000000  0.000000  0.000000
422  0.000000  0.000000  0.000000  0.000000  0.000000  0.000000
423  0.000000  0.000000  0.000000  0.000000  0.000000  0.000000
424  0.000000  0.000000  0.000000  0.000000  0.000000  0.000000
425  0.000000  0.000000  0.000000  0.000000  0.000000  0.000000
426  0.000000  0.000000  0.000000  0.000000  0.000000  0.000000
427  0.000000  0.000000  0.000000  0.000000  0.000000  0.000000
428  0.000000  0.000000  0.000000  0.000000  0.000000  0.000000
429  0.000000  0.000000  0.000000  0.000000  0.000000  0.000000
430  0.000000  0.000000  0.000000  0.000000  0.000000  0.000000
431  0.000000  0.000000  0.000000  0.000000  0.000000  0.000000
432  0.000000  0.000000  0.000000  0.000000  0.000000  0.000000
433  0.000000  0.000000  0.000000  0.000000  0.000000  0.000000
434  0.000000  0.000000  0.000000  0.000000  0.000000  0.000000
435  0.000000  0.000000  0.000000  0.000000  0.000000  0.000000
436  0.000000  0.000000  0.000000  0.000000  0.000000  0.000000
437  0.000000  0.000000  0.000000  0.000000  0.000000  0.000000
438  0.000000  0.000000  0.000000  0.000000  0.000000  0.000000
439  0.000000  0.000000  0.000000  0.000000  0.000000  0.000000
440  0.000000  0.000000  0.000000  0.000000  0.000000  0.000000
441  0.000000  0.000000  0.000000  0.000000  0.000000  0.000000
442  0.000000  0.000000  0.000000  0.000000  0.000000  0.000000
443  0.000000  0.000000  0.000000  0.000000  0.000000  0.000000
444  0.000000  0.000000  0.000000  0.000000  0.000000  0.000000
445  0.000000  0.000000  0.000000  0.000000  0.000000  0.000000
446  0.000000  0.000000  0.000000  0.000000  0.000000  0.000000
447  0.000000  0.000000  0.000000  0.000000  0.000000  0.000000
448  0.000000  0.000000  0.000000  0.000000  0.000000  0.000000
449  0.000000  0.000000  0.000000  0.000000  0.000000  0.000000
450  0.000000  0.000000  0.000000  0.000000  0.000000  0.000000
451  0.000000  0.000000  0.000000  0.000000  0.000000  0.000000
452  0.000000  0.000000  0.000000  0.000000  0.000000  0.000000
453  0.000000  0.000000  0.000000  0.000000  0.000000  0.000000
454  0.000000  0.000000  0.000000  0.000000  0.000000  0.000000
455  0.000000  0.000000  0.000000  0.000000  0.000000  0.000000
456  0.000000  0.000000  0.000000  0.000000  0.000000  0.000000
457  0.000000  0.000000  0.000000  0.000000  0.000000  0.000000
458  0.000000  0.000000  0.000000  0.000000  0.000000  0.000000
459  0.000000  0.000000  0.000000  0.000000  0.000000  0.000000
460  0.000000  0.000000  0.000000  0.000000  0.000000  0.000000
461  0.000000  0.000000  0.000000  0.000000  0.000000  0.000000
462  0.000000  0.000000  0.000000  0.000000  0.000000  0.000000
463  0.000000  0.000000  0.000000  0.000000  0.000000  0.000000
464  0.000000  0.000000  0.000000  0.000000  0.000000  0.000000
465  0.000000  0.000000  0.000000  0.000000  0.000000  0.000000
466  0.000000  0.000000  0.000000  0.000000  0.000000  0.000000
467  0.000000  0.000000  0.000000  0.000000  0.000000  0.000000
468  0.000000  0.000000  0.000000  0.000000  0.000000  0.000000
469  0.000000  0.000000  0.000000  0.000000  0.000000  0.000000
470  0.000000  0.000000  0.000000  0.000000  0.000000  0.000000
471  0.000000  0.000000  0.000000  0.000000  0.000000  0.000000
472  0.000000  0.000000  0.000000  0.000000  0.000000  0.000000
473  0.000000  0.000000  0.000000  0.000000  0.000000  0.000000
474  0.000000  0.000000  0.000000  0.000000  0.000000  0.000000
475  0.000000  0.000000  0.000000  0.000000  0.000000  0.000000
476  0.000000  0.000000  0.000000  0.000000  0.000000  0.000000
477  0.000000  0.000000  0.000000  0.000000  0.000000  0.000000
478  0.000000  0.000000  0.000000  0.000000  0.000000  0.000000
479  0.000000  0.000000  0.000000  0.000000  0.000000  0.000000
480  0.000000  0.000000  0.000000  0.000000  0.000000  0.000000
481  0.000000  0.000000  0.000000  0.000000  0.000000  0.000000
482  0.000000  0.000000  0.000000  0.000000  0.000000  0.000000
483  0.000000  0.000000  0.000000  0.000000  0.000000  0.000000
484  0.000000  0.000000  0.000000  0.000000  0.000000  0.000000
485  0.000000  0.000000  0.000000  0.000000  0.000000  0.000000
486  0.000000  0.000000  0.000000  0.000000  0.000000  0.000000
487  0.000000  0.000000  0.000000  0.000000  0.000000  0.000000
488  0.000000  0.000000  0.000000  0.000000  0.000000  0.000000
489  0.000000  0.000000  0.000000  0.000000  0.000000  0.000000
490  0.000000  0.000000  0.000000  0.000000  0.000000  0.000000
491  0.000000  0.000000  0.000000  0.000000  0.000000  0.000000
492  0.000000  0.000000  0.000000  0.000000  0.000000  0.000000
493  0.000000  0.000000  0.000000  0.000000  0.000000  0.000000
494  0.000000  0.000000  0.000000  0.000000  0.000000  0.000000
495  0.000000  0.000000  0.000000  0.000000  0.000000  0.000000
496  0.000000  0.000000  0.000000  0.000000  0.000000  0.000000
497  0.000000  0.000000  0.000000  0.000000  0.000000  0.000000
498  0.000000  0.000000  0.000000  0.000000  0.000000  0.000000
499  0.000000  0.000000  0.000000  0.000000  0.000000  0.000000
500  0.000000  0.000000  0.000000  0.000000  0.000000  0.000000
501  0.000000  0.000000  0.000000  0.000000  0.000000  0.000000
502  0.000000  0.000000  0.000000  0.000000  0.000000  0.000000
503  0.000000  0.000000  0.000000  0.000000  0.000000  0.000000
504  0.000000  0.000000  0.000000  0.000000  0.000000  0.000000
505  0.000000  0.000000  0.000000  0.000000  0.000000  0.000000
506  0.000000  0.000000  0.000000  0.000000  0.000000  0.000000
507  0.000000  0.000000  0.000000  0.000000  0.000000  0.000000
508  0.000000  0.000000  0.000000  0.000000  0.000000  0.000000
509  0.000000  0.000000  0.000000  0.000000  0.000000  0.000000
510  0.000000  0.000000  0.000000  0.000000  0.000000  0.000000
511  0.000000  0.000000  0.000000  0.000000  0.000000  0.000000
512  0.000000  0.000000  0.000000  0.000000  0.000000  0.000000
513  0.000000  0.000000  0.000000  0.000000  0.000000  0.000000
514  0.000000  0.000000  0.000000  0.000000  0.000000  0.000000
515  0.000000  0.000000  0.000000  0.000000  0.000000  0.000000
516  0.000000  0.000000  0.000000  0.000000  0.000000  0.000000
517  0.000000  0.000000  0.000000  0.000000  0.000000  0.000000
518  0.000000  0.000000  0.000000  0.000000  0.000000  0.000000
519  0.000000  0.000000  0.000000  0.000000  0.000000  0.000000
520  0.000000  0.000000  0.000000  0.000000  0.000000  0.000000
521  0.000000  0.000000  0.000000  0.000000  0.000000  0.000000
522  0.000000  0.000000  0.000000  0.000000  0.000000  0.000000
523  0.000000  0.000000  0.000000  0.000000  0.000000  0.000000
524  0.000000  0.000000  0.000000  0.000000  0.000000  0.000000
525  0.000000  0.000000  0.000000  0.000000  0.000000  0.000000
526  0.000000  0.000000  0.000000  0.000000  0.000000  0.000000
527  0.000000  0.000000  0.000000  0.000000  0.000000  0.000000
528  0.000000  0.000000  0.000000  0.000000  0.000000  0.000000
529  0.000000  0.000000  0.000000  0.000000  0.000000  0.000000
530  0.000000  0.000000  0.000000  0.000000  0.000000  0.000000
531  0.000000  0.000000  0.000000  0.000000  0.000000  0.000000
532  0.000000  0.000000  0.000000  0.000000  0.000000  0.000000
533  0.000000  0.000000  0.000000  0.000000  0.000000  0.000000
534  0.000000  0.000000  0.000000  0.000000  0.000000  0.000000
535  0.000000  0.000000  0.000000  0.000000  0.000000  0.000000
536  0.000000  0.000000  0.000000  0.000000  0.000000  0.000000
537  0.000000  0.000000  0.000000  0.000000  0.000000  0.000000
538  0.000000  0.000000  0.000000  0.000000  0.000000  0.000000
539  0.000000  0.000000  0.000000  0.000000  0.000000  0.000000
540  0.000000  0.000000  0.000000  0.000000  0.000000  0.000000
541  0.000000  0.000000  0.000000  0.000000  0.000000  0.000000
542  0.000000  0.000000  0.000000  0.000000  0.000000  0.000000
543  0.000000  0.000000  0.000000  0.000000  0.000000  0.000000
544  0.000000  0.000000  0.000000  0.000000  0.000000  0.000000
545  0.000000  0.000000  0.000000  0.000000  0.000000  0.000000
546  0.000000  0.000000  0.000000  0.000000  0.000000  0.000000
547  0.000000  0.000000  0.000000  0.000000  0.000000  0.000000
548  0.000000  0.000000  0.000000  0.000000  0.000000  0.000000
549  0.000000  0.000000  0.000000  0.000000  0.000000  0.000000
550  0.000000  0.000000  0.000000  0.000000  0.000000  0.000000
551  0.000000  0.000000  0.000000  0.000000  0.000000  0.000000
552  0.000000  0.000000  0.000000  0.000000  0.000000  0.000000
553  0.000000  0.000000  0.000000  0.000000  0.000000  0.000000
554  0.000000  0.000000  0.000000  0.000000  0.000000  0.000000
555  0.000000  0.000000  0.000000  0.000000  0.000000  0.000000
556  0.000000  0.000000  0.000000  0.000000  0.000000  0.000000
557  0.000000  0.000000  0.000000  0.000000  0.000000  0.000000
558  0.000000  0.000000  0.000000  0.000000  0.000000  0.000000
559  0.000000  0.000000  0.000000  0.000000  0.000000  0.000000
560  0.000000  0.000000  0.000000  0.000000  0.000000  0.000000
561  0.000000  0.000000  0.000000  0.000000  0.000000  0.000000
562  0.000000  0.000000  0.000000  0.000000  0.000000  0.000000
563  0.000000  0.000000  0.000000  0.000000  0.000000  0.000000
564  0.000000  0.000000  0.000000  0.000000  0.000000  0.000000
565  0.000000  0.000000  0.000000  0.000000  0.000000  0.000000
566  0.000000  0.000000  0.000000  0.000000  0.000000  0.000000
567  0.000000  0.000000  0.000000  0.000000  0.000000  0.000000
568  0.000000  0.000000  0.000000  0.000000  0.000000  0.000000
569  0.000000  0.000000  0.000000  0.000000  0.000000  0.000000
570  0.000000  0.000000  0.000000  0.000000  0.000000  0.000000
571  0.000000  0.000000  0.000000  0.000000  0.000000  0.000000
572  0.000000  0.000000  0.000000  0.000000  0.000000  0.000000
573  0.000000  0.000000  0.000000  0.000000  0.000000  0.000000
574  0.000000  0.000000  0.000000  0.000000  0.000000  0.000000
575  0.000000  0.000000  0.000000  0.000000  0.000000  0.000000
576  0.000000  0.000000  0.000000  0.000000  0.000000  0.000000
577  0.000000  0.000000  0.000000  0.000000  0.000000  0.000000
578  0.000000  0.000000  0.000000  0.000000  0.000000  0.000000
579  0.000000  0.000000  0.000000  0.000000  0.000000  0.000000
580  0.000000  0.000000  0.000000  0.000000  0.000000  0.000000
581  0.000000  0.000000  0.000000  0.000000  0.000000  0.000000
582  0.000000  0.000000  0.000000  0.000000  0.000000  0.000000
583  0.000000  0.000000  0.000000  0.000000  0.000000  0.000000
584  0.000000  0.000000  0.000000  0.000000  0.000000  0.000000
585  0.000000  0.000000  0.000000  0.000000  0.000000  0.000000
586  0.000000  0.000000  0.000000  0.000000  0.000000  0.000000
587  0.000000  0.000000  0.000000  0.000000  0.000000  0.000000
588  0.000000  0.000000  0.000000  0.000000  0.000000  0.000000
589  0.000000  0.000000  0.000000  0.000000  0.000000  0.000000
590  0.000000  0.000000  0.000000  0.000000  0.000000  0.000000
591  0.000000  0.000000  0.000000  0.000000  0.000000  0.000000
592  0.000000  0.000000  0.000000  0.000000  0.000000  0.000000
593  0.000000  0.000000  0.000000  0.000000  0.000000  0.000000
594  0.000000  0.000000  0.000000  0.000000  0.000000  0.000000
595  0.000000  0.000000  0.000000  0.000000  0.000000  0.000000
596  0.000000  0.000000  0.000000  0.000000  0.000000  0.000000
597  0.000000  0.000000  0.000000  0.000000  0.000000  0.000000
598  0.000000  0.000000  0.000000  0.000000  0.000000  0.000000
599  0.000000  0.000000  0.000000  0.000000  0.000000  0.000000
600  0.000000  0.000000  0.000000  0.000000  0.000000  0.000000
