# BICEP2/Keck Array and Planck Joint Analysis January 2015 Data Products
# The BICEP2/Keck and Planck Collaborations, A Joint Analysis of BICEP2/Keck Array and Planck Data
# http://bicepkeck.org/
#
# File: bandpass_P044.txt 
# Date: 2015-02-23
#
# Experiment bandpasses for the multi-component likelihood described in Section III of A Joint Analysis of BICEP2/Keck Array and Planck Data.
# See the comments in the .dataset file for further information.
# This file provides the frequency spectrum for: P044.
#   Column 1 = frequency in GHz
#   Column 2 = response to a source with uniform spectral radiance
# See Planck 2013 results IX and BK-II for further details.

34.900 9.33752e-07
35.000 8.91526e-07
35.100 2.73308e-06
35.200 9.64565e-07
35.300 3.69913e-07
35.400 6.1248e-07
35.500 4.65499e-07
35.600 4.39897e-07
35.700 5.57093e-07
35.800 8.74486e-07
35.900 1.71616e-06
36.000 1.13317e-06
36.100 2.2699e-06
36.200 1.26428e-06
36.300 2.03121e-06
36.400 7.75363e-07
36.500 1.75459e-06
36.600 1.80817e-06
36.700 1.52031e-06
36.800 2.23165e-06
36.900 1.3449e-06
37.000 2.31234e-06
37.100 2.3043e-06
37.200 5.25402e-06
37.300 3.61746e-06
37.400 9.78195e-06
37.500 7.95653e-06
37.600 1.98771e-05
37.700 1.83235e-05
37.800 4.52541e-05
37.900 5.27916e-05
38.000 0.000107859
38.100 0.000123295
38.200 0.000247059
38.300 0.00040333
38.400 0.000652439
38.500 0.00125159
38.600 0.00134386
38.700 0.00346546
38.800 0.00282243
38.900 0.00892183
39.000 0.00701497
39.100 0.0189741
39.200 0.0218691
39.300 0.0428339
39.400 0.098765
39.500 0.101106
39.600 0.203031
39.700 0.127464
39.800 0.176404
39.900 0.116821
40.000 0.0979071
40.100 0.109169
40.200 0.0577715
40.300 0.0749582
40.400 0.0444518
40.500 0.0458294
40.600 0.0590997
40.700 0.0302221
40.800 0.0548478
40.900 0.02666
41.000 0.0335686
41.100 0.0458227
41.200 0.0264984
41.300 0.0491227
41.400 0.0369339
41.500 0.0332283
41.600 0.0771244
41.700 0.0362876
41.800 0.0652935
41.900 0.0810816
42.000 0.0553032
42.100 0.130734
42.200 0.106982
42.300 0.101255
42.400 0.258533
42.500 0.157139
42.600 0.197729
42.700 0.317007
42.800 0.203869
42.900 0.22173
43.000 0.206383
43.100 0.119456
43.200 0.141425
43.300 0.128446
43.400 0.0764913
43.500 0.0850031
43.600 0.0873311
43.700 0.0619577
43.800 0.0989
43.900 0.089675
44.000 0.0663927
44.100 0.0932844
44.200 0.0994478
44.300 0.0807463
44.400 0.124331
44.500 0.14719
44.600 0.0857404
44.700 0.11628
44.800 0.147881
44.900 0.111772
45.000 0.138992
45.100 0.172752
45.200 0.118632
45.300 0.136847
45.400 0.233269
45.500 0.167817
45.600 0.156095
45.700 0.217551
45.800 0.183159
45.900 0.133334
46.000 0.157652
46.100 0.157449
46.200 0.102533
46.300 0.111583
46.400 0.127389
46.500 0.0845059
46.600 0.0662555
46.700 0.0942153
46.800 0.0831724
46.900 0.0594945
47.000 0.0659061
47.100 0.0879265
47.200 0.0551005
47.300 0.0520352
47.400 0.0856322
47.500 0.071952
47.600 0.0498956
47.700 0.0615482
47.800 0.0873079
47.900 0.0523372
48.000 0.043761
48.100 0.0686147
48.200 0.07292
48.300 0.0463231
48.400 0.0445538
48.500 0.0727148
48.600 0.0477002
48.700 0.0307839
48.800 0.0344907
48.900 0.0510971
49.000 0.0267492
49.100 0.0181171
49.200 0.0270047
49.300 0.0333746
49.400 0.014758
49.500 0.0115418
49.600 0.0184889
49.700 0.0162185
49.800 0.00772907
49.900 0.00521651

