    0 0.000000e+00 0.000000e+00
    1 0.000000e+00 0.000000e+00
    2 -2.203558e-20 1.684761e-06
    3 -2.326903e-20 0.000000e+00
    4 -2.459376e-20 0.000000e+00
    5 -2.570185e-20 0.000000e+00
    6 -2.652960e-20 0.000000e+00
    7 -2.709443e-20 0.000000e+00
    8 -2.745862e-20 0.000000e+00
    9 -2.762150e-20 0.000000e+00
   10 -2.766872e-20 0.000000e+00
   11 -2.762350e-20 0.000000e+00
   12 -2.747019e-20 3.253939e-05
   13 -2.726276e-20 0.000000e+00
   14 -2.702841e-20 0.000000e+00
   15 -2.676027e-20 0.000000e+00
   16 -2.645622e-20 0.000000e+00
   17 -2.612367e-20 0.000000e+00
   18 -2.579150e-20 0.000000e+00
   19 -2.542596e-20 0.000000e+00
   20 1.111563e-19 0.000000e+00
   21 1.095616e-19 0.000000e+00
   22 1.079579e-19 6.522283e-05
   23 -2.398700e-20 0.000000e+00
   24 -2.362982e-20 0.000000e+00
   25 -2.327433e-20 0.000000e+00
   26 -2.292431e-20 0.000000e+00
   27 -2.257573e-20 0.000000e+00
   28 -2.223261e-20 0.000000e+00
   29 -2.189346e-20 0.000000e+00
   30 -2.155838e-20 0.000000e+00
   31 -2.122985e-20 0.000000e+00
   32 -2.090886e-20 1.011017e-04
   33 9.131125e-20 0.000000e+00
   34 -2.028044e-20 0.000000e+00
   35 -1.997510e-20 0.000000e+00
   36 -1.967542e-20 0.000000e+00
   37 -1.938295e-20 0.000000e+00
   38 -1.909426e-20 0.000000e+00
   39 -1.881094e-20 0.000000e+00
   40 -1.853440e-20 0.000000e+00
   41 8.097254e-20 0.000000e+00
   42 -1.799231e-20 1.410051e-04
   43 -1.773086e-20 0.000000e+00
   44 -1.747690e-20 0.000000e+00
   45 -1.722621e-20 0.000000e+00
   46 7.529681e-20 0.000000e+00
   47 7.422532e-20 0.000000e+00
   48 7.317861e-20 0.000000e+00
   49 5.588505e-20 0.000000e+00
   50 5.510314e-20 0.000000e+00
   51 5.433151e-20 0.000000e+00
   52 5.356654e-20 1.858342e-04
   53 6.820188e-20 0.000000e+00
   54 -1.283672e-24 0.000000e+00
   55 -1.266330e-24 0.000000e+00
   56 -1.249126e-24 0.000000e+00
   57 -1.232148e-24 0.000000e+00
   58 4.933476e-20 0.000000e+00
   59 4.866994e-20 0.000000e+00
   60 4.801691e-20 0.000000e+00
   61 6.115746e-20 0.000000e+00
   62 4.673695e-20 2.365374e-04
   63 4.612359e-20 0.000000e+00
   64 4.551553e-20 0.000000e+00
   65 5.799930e-20 0.000000e+00
   66 -1.290821e-20 0.000000e+00
   67 4.376435e-20 0.000000e+00
   68 4.319749e-20 0.000000e+00
   69 -1.241475e-20 0.000000e+00
   70 4.208635e-20 0.000000e+00
   71 4.154644e-20 0.000000e+00
   72 4.101376e-20 2.935207e-04
   73 -9.976231e-25 0.000000e+00
   74 -1.164085e-20 0.000000e+00
   75 -1.149282e-20 0.000000e+00
   76 -1.134821e-20 0.000000e+00
   77 4.969375e-20 0.000000e+00
   78 -1.106563e-20 0.000000e+00
   79 4.845622e-20 0.000000e+00
   80 0.000000e+00 0.000000e+00
   81 3.660076e-20 0.000000e+00
   82 3.614667e-20 3.568970e-04
   83 3.570208e-20 0.000000e+00
   84 -1.026705e-20 0.000000e+00
   85 4.497183e-20 0.000000e+00
   86 3.440741e-20 0.000000e+00
   87 -8.373372e-25 0.000000e+00
   88 3.357604e-20 0.000000e+00
   89 4.282870e-20 0.000000e+00
   90 3.277157e-20 0.000000e+00
   91 -9.428007e-21 0.000000e+00
   92 3.199428e-20 4.266370e-04
   93 3.161357e-20 0.000000e+00
   94 4.033618e-20 0.000000e+00
   95 3.986257e-20 0.000000e+00
   96 3.051441e-20 0.000000e+00
   97 0.000000e+00 0.000000e+00
   98 -8.678945e-21 0.000000e+00
   99 2.946472e-20 0.000000e+00
  100 6.626061e-16 0.000000e+00
  101 6.615819e-16 0.000000e+00
  102 6.807870e-16 1.005107e-03
  103 7.144477e-16 0.000000e+00
  104 6.955817e-16 0.000000e+00
  105 1.059186e-15 0.000000e+00
  106 7.238643e-16 0.000000e+00
  107 7.571693e-16 0.000000e+00
  108 7.727120e-16 0.000000e+00
  109 7.672519e-16 0.000000e+00
  110 8.006964e-16 0.000000e+00
  111 8.344686e-16 0.000000e+00
  112 8.135557e-16 0.000000e+00
  113 8.602278e-16 0.000000e+00
  114 8.741188e-16 0.000000e+00
  115 1.272333e-15 0.000000e+00
  116 8.993022e-16 0.000000e+00
  117 9.315474e-16 0.000000e+00
  118 9.126252e-16 0.000000e+00
  119 9.777609e-16 0.000000e+00
  120 9.756809e-16 0.000000e+00
  121 9.872276e-16 0.000000e+00
  122 1.008258e-15 0.000000e+00
  123 1.053643e-15 0.000000e+00
  124 1.055742e-15 0.000000e+00
  125 1.503785e-15 0.000000e+00
  126 1.105786e-15 0.000000e+00
  127 1.134108e-15 0.000000e+00
  128 1.145586e-15 0.000000e+00
  129 1.143583e-15 0.000000e+00
  130 1.190072e-15 0.000000e+00
  131 1.190735e-15 0.000000e+00
  132 1.235909e-15 2.290977e-03
  133 1.265018e-15 0.000000e+00
  134 1.293562e-15 0.000000e+00
  135 1.702906e-15 0.000000e+00
  136 1.320640e-15 0.000000e+00
  137 1.355978e-15 0.000000e+00
  138 1.336260e-15 0.000000e+00
  139 1.381298e-15 0.000000e+00
  140 1.410285e-15 0.000000e+00
  141 1.420159e-15 0.000000e+00
  142 1.441050e-15 0.000000e+00
  143 1.518878e-15 0.000000e+00
  144 1.502155e-15 0.000000e+00
  145 1.971143e-15 0.000000e+00
  146 1.552051e-15 0.000000e+00
  147 1.581233e-15 0.000000e+00
  148 1.589099e-15 0.000000e+00
  149 1.612426e-15 0.000000e+00
  150 1.643121e-15 0.000000e+00
  151 1.686122e-15 0.000000e+00
  152 1.690883e-15 0.000000e+00
  153 1.743073e-15 0.000000e+00
  154 1.734141e-15 0.000000e+00
  155 2.238647e-15 0.000000e+00
  156 1.772867e-15 0.000000e+00
  157 1.816357e-15 0.000000e+00
  158 1.835394e-15 0.000000e+00
  159 1.889533e-15 0.000000e+00
  160 1.873514e-15 0.000000e+00
  161 1.942165e-15 0.000000e+00
  162 1.940475e-15 3.189280e-03
  163 1.978011e-15 0.000000e+00
  164 1.997445e-15 0.000000e+00
  165 2.464244e-15 0.000000e+00
  166 2.015623e-15 0.000000e+00
  167 2.089952e-15 0.000000e+00
  168 2.094925e-15 0.000000e+00
  169 2.137969e-15 0.000000e+00
  170 2.145318e-15 0.000000e+00
  171 2.158856e-15 0.000000e+00
  172 2.192494e-15 0.000000e+00
  173 2.250552e-15 0.000000e+00
  174 2.258652e-15 0.000000e+00
  175 2.750156e-15 0.000000e+00
  176 2.276821e-15 0.000000e+00
  177 2.344021e-15 0.000000e+00
  178 2.355699e-15 0.000000e+00
  179 2.380773e-15 0.000000e+00
  180 2.404333e-15 0.000000e+00
  181 2.427413e-15 0.000000e+00
  182 2.435332e-15 0.000000e+00
  183 2.480750e-15 0.000000e+00
  184 2.508205e-15 0.000000e+00
  185 2.982121e-15 0.000000e+00
  186 2.523484e-15 0.000000e+00
  187 2.596511e-15 0.000000e+00
  188 2.567873e-15 0.000000e+00
  189 2.639685e-15 0.000000e+00
  190 2.618685e-15 0.000000e+00
  191 2.642849e-15 0.000000e+00
  192 2.667597e-15 4.152586e-03
  193 2.712149e-15 0.000000e+00
  194 2.728545e-15 0.000000e+00
  195 3.222417e-15 0.000000e+00
  196 2.739998e-15 0.000000e+00
  197 2.815688e-15 0.000000e+00
  198 2.807806e-15 0.000000e+00
  199 2.798749e-15 0.000000e+00
  200 2.823596e-15 0.000000e+00
  201 2.829705e-15 0.000000e+00
  202 2.873594e-15 0.000000e+00
  203 2.896472e-15 0.000000e+00
  204 2.928514e-15 0.000000e+00
  205 3.449501e-15 0.000000e+00
  206 2.939793e-15 0.000000e+00
  207 2.980914e-15 0.000000e+00
  208 2.976313e-15 0.000000e+00
  209 2.973182e-15 0.000000e+00
  210 2.991680e-15 0.000000e+00
  211 3.001715e-15 0.000000e+00
  212 3.012951e-15 0.000000e+00
  213 3.089770e-15 0.000000e+00
  214 3.084170e-15 0.000000e+00
  215 3.657061e-15 0.000000e+00
  216 3.106009e-15 0.000000e+00
  217 3.133256e-15 0.000000e+00
  218 3.118535e-15 0.000000e+00
  219 3.109874e-15 0.000000e+00
  220 3.142574e-15 0.000000e+00
  221 3.138176e-15 0.000000e+00
  222 3.172485e-15 5.116724e-03
  223 3.217763e-15 0.000000e+00
  224 3.199559e-15 0.000000e+00
  225 3.847767e-15 0.000000e+00
  226 3.268850e-15 0.000000e+00
  227 3.248938e-15 0.000000e+00
  228 3.249093e-15 0.000000e+00
  229 3.230569e-15 0.000000e+00
  230 3.240139e-15 0.000000e+00
  231 3.253930e-15 0.000000e+00
  232 3.283872e-15 0.000000e+00
  233 3.322255e-15 0.000000e+00
  234 3.317565e-15 0.000000e+00
  235 4.007278e-15 0.000000e+00
  236 3.320633e-15 0.000000e+00
  237 3.343348e-15 0.000000e+00
  238 3.347229e-15 0.000000e+00
  239 3.317977e-15 0.000000e+00
  240 3.360153e-15 0.000000e+00
  241 3.328381e-15 0.000000e+00
  242 3.341457e-15 0.000000e+00
  243 3.411325e-15 0.000000e+00
  244 3.398386e-15 0.000000e+00
  245 4.144682e-15 0.000000e+00
  246 3.409483e-15 0.000000e+00
  247 3.438453e-15 0.000000e+00
  248 3.378916e-15 0.000000e+00
  249 3.431327e-15 0.000000e+00
  250 3.420239e-15 0.000000e+00
  251 3.414776e-15 0.000000e+00
  252 3.392667e-15 5.993252e-03
  253 3.477052e-15 0.000000e+00
  254 3.498479e-15 0.000000e+00
  255 4.247346e-15 0.000000e+00
  256 3.511184e-15 0.000000e+00
  257 3.473786e-15 0.000000e+00
  258 3.485084e-15 0.000000e+00
  259 3.451720e-15 0.000000e+00
  260 3.455807e-15 0.000000e+00
  261 3.457744e-15 0.000000e+00
  262 3.467008e-15 0.000000e+00
  263 3.569441e-15 0.000000e+00
  264 3.538840e-15 0.000000e+00
  265 4.393181e-15 0.000000e+00
  266 3.563280e-15 0.000000e+00
  267 3.511218e-15 0.000000e+00
  268 3.499644e-15 0.000000e+00
  269 3.542541e-15 0.000000e+00
  270 3.493946e-15 0.000000e+00
  271 3.480211e-15 0.000000e+00
  272 3.521027e-15 0.000000e+00
  273 3.567064e-15 0.000000e+00
  274 3.608219e-15 0.000000e+00
  275 4.476440e-15 0.000000e+00
  276 3.580432e-15 0.000000e+00
  277 3.524232e-15 0.000000e+00
  278 3.526902e-15 0.000000e+00
  279 3.596218e-15 0.000000e+00
  280 3.494088e-15 0.000000e+00
  281 3.511487e-15 0.000000e+00
  282 3.492644e-15 6.668940e-03
  283 3.590520e-15 0.000000e+00
  284 3.627145e-15 0.000000e+00
  285 4.552527e-15 0.000000e+00
  286 3.599123e-15 0.000000e+00
  287 3.530699e-15 0.000000e+00
  288 3.520198e-15 0.000000e+00
  289 3.561738e-15 0.000000e+00
  290 3.497644e-15 0.000000e+00
  291 3.523405e-15 0.000000e+00
  292 3.495672e-15 0.000000e+00
  293 3.588962e-15 0.000000e+00
  294 3.602337e-15 0.000000e+00
  295 4.615970e-15 0.000000e+00
  296 3.559006e-15 0.000000e+00
  297 3.529302e-15 0.000000e+00
  298 3.544575e-15 0.000000e+00
  299 3.510074e-15 0.000000e+00
  300 3.487666e-15 0.000000e+00
  301 3.511312e-15 0.000000e+00
  302 3.484102e-15 0.000000e+00
  303 3.586139e-15 0.000000e+00
  304 3.587208e-15 0.000000e+00
  305 4.558493e-15 0.000000e+00
  306 3.514050e-15 0.000000e+00
  307 3.492788e-15 0.000000e+00
  308 3.493121e-15 0.000000e+00
  309 3.467494e-15 0.000000e+00
  310 3.477998e-15 0.000000e+00
  311 3.439430e-15 0.000000e+00
  312 3.481763e-15 7.049928e-03
  313 3.517340e-15 0.000000e+00
  314 3.556297e-15 0.000000e+00
  315 4.485217e-15 0.000000e+00
  316 3.428369e-15 0.000000e+00
  317 3.427426e-15 0.000000e+00
  318 3.394596e-15 0.000000e+00
  319 3.366450e-15 0.000000e+00
  320 3.383828e-15 0.000000e+00
  321 3.367223e-15 0.000000e+00
  322 3.321100e-15 0.000000e+00
  323 3.433964e-15 0.000000e+00
  324 3.386893e-15 0.000000e+00
  325 4.316464e-15 0.000000e+00
  326 3.316872e-15 0.000000e+00
  327 3.255562e-15 0.000000e+00
  328 3.230778e-15 0.000000e+00
  329 3.230085e-15 0.000000e+00
  330 3.184007e-15 0.000000e+00
  331 3.170866e-15 0.000000e+00
  332 3.161606e-15 0.000000e+00
  333 3.236011e-15 0.000000e+00
  334 3.210461e-15 0.000000e+00
  335 4.099912e-15 0.000000e+00
  336 3.115021e-15 0.000000e+00
  337 3.065831e-15 0.000000e+00
  338 3.023776e-15 0.000000e+00
  339 2.973486e-15 0.000000e+00
  340 2.993220e-15 0.000000e+00
  341 2.943295e-15 0.000000e+00
  342 2.935174e-15 7.106594e-03
  343 3.001262e-15 0.000000e+00
  344 2.934701e-15 0.000000e+00
  345 3.850936e-15 0.000000e+00
  346 2.848055e-15 0.000000e+00
  347 2.815048e-15 0.000000e+00
  348 2.756261e-15 0.000000e+00
  349 2.733214e-15 0.000000e+00
  350 2.700045e-15 0.000000e+00
  351 2.654109e-15 0.000000e+00
  352 2.626441e-15 0.000000e+00
  353 2.697114e-15 0.000000e+00
  354 2.627537e-15 0.000000e+00
  355 3.550524e-15 0.000000e+00
  356 2.495165e-15 0.000000e+00
  357 2.489931e-15 0.000000e+00
  358 2.423062e-15 0.000000e+00
  359 2.383988e-15 0.000000e+00
  360 2.345289e-15 0.000000e+00
  361 2.277461e-15 0.000000e+00
  362 2.263070e-15 0.000000e+00
  363 2.344552e-15 0.000000e+00
  364 2.262449e-15 0.000000e+00
  365 3.200079e-15 0.000000e+00
  366 2.131778e-15 0.000000e+00
  367 2.151639e-15 0.000000e+00
  368 2.059337e-15 0.000000e+00
  369 1.989964e-15 0.000000e+00
  370 1.988644e-15 0.000000e+00
  371 1.927273e-15 0.000000e+00
  372 1.922482e-15 6.908048e-03
  373 1.989524e-15 0.000000e+00
  374 1.887186e-15 0.000000e+00
  375 2.894064e-15 0.000000e+00
  376 1.812662e-15 0.000000e+00
  377 1.828969e-15 0.000000e+00
  378 1.697775e-15 0.000000e+00
  379 1.654878e-15 0.000000e+00
  380 1.642632e-15 0.000000e+00
  381 1.616630e-15 0.000000e+00
  382 1.558713e-15 0.000000e+00
  383 1.686144e-15 0.000000e+00
  384 1.592651e-15 0.000000e+00
  385 2.676918e-15 0.000000e+00
  386 1.571408e-15 0.000000e+00
  387 1.529296e-15 0.000000e+00
  388 1.462898e-15 0.000000e+00
  389 1.466604e-15 0.000000e+00
  390 1.411410e-15 0.000000e+00
  391 1.382283e-15 0.000000e+00
  392 1.351450e-15 0.000000e+00
  393 1.536839e-15 0.000000e+00
  394 1.393777e-15 0.000000e+00
  395 2.704796e-15 0.000000e+00
  396 1.465575e-15 0.000000e+00
  397 1.476022e-15 0.000000e+00
  398 1.361602e-15 0.000000e+00
  399 1.343490e-15 0.000000e+00
  400 1.313079e-15 0.000000e+00
  401 1.367119e-15 0.000000e+00
  402 1.333547e-15 6.603478e-03
  403 1.539885e-15 0.000000e+00
  404 1.433306e-15 0.000000e+00
  405 3.000743e-15 0.000000e+00
  406 1.502352e-15 0.000000e+00
  407 1.582790e-15 0.000000e+00
  408 1.485285e-15 0.000000e+00
  409 1.479385e-15 0.000000e+00
  410 1.498112e-15 0.000000e+00
  411 1.586023e-15 0.000000e+00
  412 1.501979e-15 0.000000e+00
  413 1.836165e-15 0.000000e+00
  414 1.799005e-15 0.000000e+00
  415 3.488061e-15 0.000000e+00
  416 1.869979e-15 0.000000e+00
  417 1.947801e-15 0.000000e+00
  418 1.940800e-15 0.000000e+00
  419 1.827536e-15 0.000000e+00
  420 1.963998e-15 0.000000e+00
  421 1.986984e-15 0.000000e+00
  422 2.015530e-15 0.000000e+00
  423 2.378444e-15 0.000000e+00
  424 2.284542e-15 0.000000e+00
  425 4.300320e-15 0.000000e+00
  426 2.485594e-15 0.000000e+00
  427 2.517920e-15 0.000000e+00
  428 2.529828e-15 0.000000e+00
  429 2.504344e-15 0.000000e+00
  430 2.592106e-15 0.000000e+00
  431 2.602719e-15 0.000000e+00
  432 2.681405e-15 6.372425e-03
  433 3.144119e-15 0.000000e+00
  434 3.014529e-15 0.000000e+00
  435 5.305934e-15 0.000000e+00
  436 3.286743e-15 0.000000e+00
  437 3.228655e-15 0.000000e+00
  438 3.303493e-15 0.000000e+00
  439 3.333014e-15 0.000000e+00
  440 3.421028e-15 0.000000e+00
  441 3.396135e-15 0.000000e+00
  442 3.518033e-15 0.000000e+00
  443 3.956609e-15 0.000000e+00
  444 3.844868e-15 0.000000e+00
  445 6.468645e-15 0.000000e+00
  446 4.065526e-15 0.000000e+00
  447 4.107369e-15 0.000000e+00
  448 4.165303e-15 0.000000e+00
  449 4.303880e-15 0.000000e+00
  450 4.209079e-15 0.000000e+00
  451 4.271715e-15 0.000000e+00
  452 4.409355e-15 0.000000e+00
  453 4.796247e-15 0.000000e+00
  454 4.774396e-15 0.000000e+00
  455 7.491162e-15 0.000000e+00
  456 4.958403e-15 0.000000e+00
  457 4.924667e-15 0.000000e+00
  458 5.066611e-15 0.000000e+00
  459 5.076809e-15 0.000000e+00
  460 5.112950e-15 0.000000e+00
  461 5.231505e-15 0.000000e+00
  462 5.218910e-15 6.364209e-03
  463 5.636236e-15 0.000000e+00
  464 5.598852e-15 0.000000e+00
  465 8.469009e-15 0.000000e+00
  466 5.865705e-15 0.000000e+00
  467 5.791850e-15 0.000000e+00
  468 5.772877e-15 0.000000e+00
  469 5.857385e-15 0.000000e+00
  470 5.942902e-15 0.000000e+00
  471 6.016612e-15 0.000000e+00
  472 6.087582e-15 0.000000e+00
  473 6.384664e-15 0.000000e+00
  474 6.364285e-15 0.000000e+00
  475 9.384693e-15 0.000000e+00
  476 6.562515e-15 0.000000e+00
  477 6.394494e-15 0.000000e+00
  478 6.487015e-15 0.000000e+00
  479 6.546891e-15 0.000000e+00
  480 6.590735e-15 0.000000e+00
  481 6.630549e-15 0.000000e+00
  482 6.728824e-15 0.000000e+00
  483 7.060901e-15 0.000000e+00
  484 6.970741e-15 0.000000e+00
  485 1.018827e-14 0.000000e+00
  486 7.068932e-15 0.000000e+00
  487 7.036551e-15 0.000000e+00
  488 7.031721e-15 0.000000e+00
  489 7.060770e-15 0.000000e+00
  490 7.099468e-15 0.000000e+00
  491 7.203410e-15 0.000000e+00
  492 7.218250e-15 6.655644e-03
  493 7.605152e-15 0.000000e+00
  494 7.467611e-15 0.000000e+00
  495 1.073725e-14 0.000000e+00
  496 7.553724e-15 0.000000e+00
  497 7.404518e-15 0.000000e+00
  498 7.364820e-15 0.000000e+00
  499 7.466456e-15 0.000000e+00
  500 7.507398e-15 0.000000e+00
  501 7.538861e-15 0.000000e+00
  502 7.559159e-15 0.000000e+00
  503 7.965139e-15 0.000000e+00
  504 7.807326e-15 0.000000e+00
  505 1.114765e-14 0.000000e+00
  506 7.802350e-15 0.000000e+00
  507 7.604675e-15 0.000000e+00
  508 7.705440e-15 0.000000e+00
  509 7.733908e-15 0.000000e+00
  510 7.663870e-15 0.000000e+00
  511 7.704615e-15 0.000000e+00
  512 7.760301e-15 0.000000e+00
  513 8.247862e-15 0.000000e+00
  514 7.997045e-15 0.000000e+00
  515 1.130883e-14 0.000000e+00
  516 7.865934e-15 0.000000e+00
  517 7.824621e-15 0.000000e+00
  518 7.783729e-15 0.000000e+00
  519 7.711799e-15 0.000000e+00
  520 7.789742e-15 0.000000e+00
  521 7.781691e-15 0.000000e+00
  522 7.807948e-15 7.224437e-03
  523 8.244343e-15 0.000000e+00
  524 7.976548e-15 0.000000e+00
  525 1.127689e-14 0.000000e+00
  526 7.983046e-15 0.000000e+00
  527 7.775298e-15 0.000000e+00
  528 7.686878e-15 0.000000e+00
  529 7.629717e-15 0.000000e+00
  530 7.787527e-15 0.000000e+00
  531 7.698301e-15 0.000000e+00
  532 7.657705e-15 0.000000e+00
  533 8.107947e-15 0.000000e+00
  534 7.891179e-15 0.000000e+00
  535 1.114191e-14 0.000000e+00
  536 7.772216e-15 0.000000e+00
  537 7.594770e-15 0.000000e+00
  538 7.544889e-15 0.000000e+00
  539 7.489252e-15 0.000000e+00
  540 7.559620e-15 0.000000e+00
  541 7.490514e-15 0.000000e+00
  542 7.511861e-15 0.000000e+00
  543 7.862159e-15 0.000000e+00
  544 7.617415e-15 0.000000e+00
  545 1.082174e-14 0.000000e+00
  546 7.432688e-15 0.000000e+00
  547 7.332636e-15 0.000000e+00
  548 7.260073e-15 0.000000e+00
  549 7.192378e-15 0.000000e+00
  550 7.148813e-15 0.000000e+00
  551 7.205763e-15 0.000000e+00
  552 7.119798e-15 1.722217e-02
  553 7.422089e-15 0.000000e+00
  554 7.205118e-15 0.000000e+00
  555 1.030984e-14 0.000000e+00
  556 7.017358e-15 0.000000e+00
  557 6.859401e-15 0.000000e+00
  558 6.817755e-15 0.000000e+00
  559 6.756673e-15 0.000000e+00
  560 6.687691e-15 0.000000e+00
  561 6.634686e-15 0.000000e+00
  562 6.688002e-15 0.000000e+00
  563 6.896983e-15 0.000000e+00
  564 6.674776e-15 0.000000e+00
  565 9.518902e-15 0.000000e+00
  566 6.414590e-15 0.000000e+00
  567 6.340083e-15 0.000000e+00
  568 6.251070e-15 0.000000e+00
  569 6.179817e-15 0.000000e+00
  570 6.051993e-15 0.000000e+00
  571 6.019693e-15 0.000000e+00
  572 6.024155e-15 0.000000e+00
  573 6.284602e-15 0.000000e+00
  574 5.998599e-15 0.000000e+00
  575 8.607226e-15 0.000000e+00
  576 5.750338e-15 0.000000e+00
  577 5.598377e-15 0.000000e+00
  578 5.606395e-15 0.000000e+00
  579 5.462317e-15 0.000000e+00
  580 5.342072e-15 0.000000e+00
  581 5.244003e-15 0.000000e+00
  582 5.167587e-15 0.000000e+00
  583 5.528280e-15 0.000000e+00
  584 5.186870e-15 0.000000e+00
  585 7.528776e-15 0.000000e+00
  586 4.902163e-15 0.000000e+00
  587 4.792841e-15 0.000000e+00
  588 4.760074e-15 0.000000e+00
  589 4.647127e-15 0.000000e+00
  590 4.500692e-15 0.000000e+00
  591 4.354962e-15 0.000000e+00
  592 4.342462e-15 0.000000e+00
  593 4.543003e-15 0.000000e+00
  594 4.283231e-15 0.000000e+00
  595 6.320707e-15 0.000000e+00
  596 3.993239e-15 0.000000e+00
  597 3.859108e-15 0.000000e+00
  598 3.756600e-15 0.000000e+00
  599 3.680436e-15 0.000000e+00
  600 3.554947e-15 0.000000e+00
  601 3.360491e-15 0.000000e+00
  602 3.333689e-15 0.000000e+00
  603 3.487047e-15 0.000000e+00
  604 3.297652e-15 0.000000e+00
  605 4.915042e-15 0.000000e+00
  606 2.958661e-15 0.000000e+00
  607 2.818201e-15 0.000000e+00
  608 2.778831e-15 0.000000e+00
  609 2.642396e-15 0.000000e+00
  610 2.509238e-15 0.000000e+00
  611 2.381550e-15 0.000000e+00
  612 2.260477e-15 0.000000e+00
  613 2.437593e-15 0.000000e+00
  614 2.209144e-15 0.000000e+00
  615 3.584232e-15 0.000000e+00
  616 1.885865e-15 0.000000e+00
  617 1.835349e-15 0.000000e+00
  618 1.690302e-15 0.000000e+00
  619 1.577612e-15 0.000000e+00
  620 1.467924e-15 0.000000e+00
  621 1.349640e-15 0.000000e+00
  622 1.217616e-15 0.000000e+00
  623 1.364748e-15 0.000000e+00
  624 1.186271e-15 0.000000e+00
  625 2.328433e-15 0.000000e+00
  626 9.004494e-16 0.000000e+00
  627 7.985129e-16 0.000000e+00
  628 7.158989e-16 0.000000e+00
  629 6.282121e-16 0.000000e+00
  630 5.087644e-16 0.000000e+00
  631 3.983671e-16 0.000000e+00
  632 3.126679e-16 0.000000e+00
  633 4.836879e-16 0.000000e+00
  634 2.872782e-16 0.000000e+00
  635 1.415473e-15 0.000000e+00
  636 3.221822e-17 0.000000e+00
  637 1.301375e-17 0.000000e+00
  638 -4.747381e-17 0.000000e+00
  639 -1.250897e-16 0.000000e+00
  640 -1.819080e-16 0.000000e+00
  641 -2.606604e-16 0.000000e+00
  642 -3.636392e-16 0.000000e+00
  643 -7.531827e-17 0.000000e+00
  644 -2.362606e-16 0.000000e+00
  645 1.047404e-15 0.000000e+00
  646 -3.804475e-16 0.000000e+00
  647 -4.308303e-16 0.000000e+00
  648 -4.626927e-16 0.000000e+00
  649 -4.371324e-16 0.000000e+00
  650 -4.959647e-16 0.000000e+00
  651 -4.693310e-16 0.000000e+00
  652 -4.918430e-16 3.047663e-02
  653 -1.128111e-16 0.000000e+00
  654 -2.212732e-16 0.000000e+00
  655 1.441999e-15 0.000000e+00
  656 -2.626245e-16 0.000000e+00
  657 -2.385477e-16 0.000000e+00
  658 -1.977263e-16 0.000000e+00
  659 -1.341739e-16 0.000000e+00
  660 -3.583299e-17 0.000000e+00
  661 -4.049594e-17 0.000000e+00
  662 2.758742e-17 0.000000e+00
  663 6.712672e-16 0.000000e+00
  664 5.679704e-16 0.000000e+00
  665 2.851206e-15 0.000000e+00
  666 6.838199e-16 0.000000e+00
  667 7.448600e-16 0.000000e+00
  668 8.494296e-16 0.000000e+00
  669 1.019891e-15 0.000000e+00
  670 1.196374e-15 0.000000e+00
  671 1.330696e-15 0.000000e+00
  672 1.531390e-15 0.000000e+00
  673 2.331543e-15 0.000000e+00
  674 2.258897e-15 0.000000e+00
  675 5.658119e-15 0.000000e+00
  676 2.516820e-15 0.000000e+00
  677 2.759817e-15 0.000000e+00
  678 2.927938e-15 0.000000e+00
  679 3.225779e-15 0.000000e+00
  680 3.573814e-15 0.000000e+00
  681 3.679712e-15 0.000000e+00
  682 4.037782e-15 0.000000e+00
  683 5.016977e-15 0.000000e+00
  684 5.183707e-15 0.000000e+00
  685 9.697991e-15 0.000000e+00
  686 5.511718e-15 0.000000e+00
  687 5.758693e-15 0.000000e+00
  688 6.292445e-15 0.000000e+00
  689 6.469639e-15 0.000000e+00
  690 6.917791e-15 0.000000e+00
  691 7.226814e-15 0.000000e+00
  692 7.780877e-15 0.000000e+00
  693 8.865365e-15 0.000000e+00
  694 9.156576e-15 0.000000e+00
  695 1.508436e-14 0.000000e+00
  696 9.653384e-15 0.000000e+00
  697 9.915918e-15 0.000000e+00
  698 1.059591e-14 0.000000e+00
  699 1.099595e-14 0.000000e+00
  700 1.134806e-14 0.000000e+00
  701 1.195265e-14 0.000000e+00
  702 1.247693e-14 0.000000e+00
  703 1.395257e-14 0.000000e+00
  704 1.419636e-14 0.000000e+00
  705 2.162196e-14 0.000000e+00
  706 1.479101e-14 0.000000e+00
  707 1.510007e-14 0.000000e+00
  708 1.597014e-14 0.000000e+00
  709 1.649519e-14 0.000000e+00
  710 1.703653e-14 0.000000e+00
  711 1.756281e-14 0.000000e+00
  712 1.818640e-14 0.000000e+00
  713 1.995368e-14 0.000000e+00
  714 2.034086e-14 0.000000e+00
  715 2.851896e-14 0.000000e+00
  716 2.089013e-14 0.000000e+00
  717 2.131068e-14 0.000000e+00
  718 2.224260e-14 0.000000e+00
  719 2.282010e-14 0.000000e+00
  720 2.345582e-14 0.000000e+00
  721 2.417800e-14 0.000000e+00
  722 2.464620e-14 0.000000e+00
  723 2.680999e-14 0.000000e+00
  724 2.702296e-14 0.000000e+00
  725 3.591291e-14 0.000000e+00
  726 2.773196e-14 0.000000e+00
  727 2.808366e-14 0.000000e+00
  728 2.911528e-14 0.000000e+00
  729 2.972514e-14 0.000000e+00
  730 3.057303e-14 0.000000e+00
  731 3.105721e-14 0.000000e+00
  732 3.178324e-14 0.000000e+00
  733 3.412283e-14 0.000000e+00
  734 3.423395e-14 0.000000e+00
  735 4.343826e-14 0.000000e+00
  736 3.479215e-14 0.000000e+00
  737 3.521866e-14 0.000000e+00
  738 3.632993e-14 0.000000e+00
  739 3.714931e-14 0.000000e+00
  740 3.782759e-14 0.000000e+00
  741 3.845875e-14 0.000000e+00
  742 3.904837e-14 0.000000e+00
  743 4.169488e-14 0.000000e+00
  744 4.157548e-14 0.000000e+00
  745 5.053114e-14 0.000000e+00
  746 4.203345e-14 0.000000e+00
  747 4.253357e-14 0.000000e+00
  748 4.378788e-14 0.000000e+00
  749 4.445724e-14 0.000000e+00
  750 4.519085e-14 0.000000e+00
  751 4.570569e-14 0.000000e+00
  752 4.651292e-14 2.423962e-02
  753 4.892620e-14 0.000000e+00
  754 4.882607e-14 0.000000e+00
  755 5.727050e-14 0.000000e+00
  756 4.913070e-14 0.000000e+00
  757 4.977935e-14 0.000000e+00
  758 5.086831e-14 0.000000e+00
  759 5.172458e-14 0.000000e+00
  760 5.227128e-14 0.000000e+00
  761 5.284781e-14 0.000000e+00
  762 5.369012e-14 0.000000e+00
  763 5.572085e-14 0.000000e+00
  764 5.580588e-14 0.000000e+00
  765 6.351639e-14 0.000000e+00
  766 5.595841e-14 0.000000e+00
  767 5.624465e-14 0.000000e+00
  768 5.789197e-14 0.000000e+00
  769 5.846143e-14 0.000000e+00
  770 5.883167e-14 0.000000e+00
  771 5.947746e-14 0.000000e+00
  772 6.026615e-14 0.000000e+00
  773 6.199569e-14 0.000000e+00
  774 6.230376e-14 0.000000e+00
  775 6.918942e-14 0.000000e+00
  776 6.234326e-14 0.000000e+00
  777 6.260852e-14 0.000000e+00
  778 6.392663e-14 0.000000e+00
  779 6.450080e-14 0.000000e+00
  780 6.509046e-14 0.000000e+00
  781 6.543551e-14 0.000000e+00
  782 6.610425e-14 0.000000e+00
  783 6.785766e-14 0.000000e+00
  784 6.775829e-14 0.000000e+00
  785 7.441899e-14 0.000000e+00
  786 6.784739e-14 0.000000e+00
  787 6.812743e-14 0.000000e+00
  788 6.944445e-14 0.000000e+00
  789 6.996272e-14 0.000000e+00
  790 7.026018e-14 0.000000e+00
  791 7.060616e-14 0.000000e+00
  792 7.115960e-14 0.000000e+00
  793 7.266829e-14 0.000000e+00
  794 7.288697e-14 0.000000e+00
  795 7.931869e-14 0.000000e+00
  796 7.252676e-14 0.000000e+00
  797 7.291117e-14 0.000000e+00
  798 7.404462e-14 0.000000e+00
  799 7.433735e-14 0.000000e+00
  800 7.455705e-14 0.000000e+00
  801 7.512251e-14 0.000000e+00
  802 7.515718e-14 0.000000e+00
  803 7.676185e-14 0.000000e+00
  804 7.678861e-14 0.000000e+00
  805 8.385549e-14 0.000000e+00
  806 7.661395e-14 0.000000e+00
  807 7.687989e-14 0.000000e+00
  808 7.760824e-14 0.000000e+00
  809 7.771737e-14 0.000000e+00
  810 7.801810e-14 0.000000e+00
  811 7.850712e-14 0.000000e+00
  812 7.857296e-14 0.000000e+00
  813 7.990537e-14 0.000000e+00
  814 7.968322e-14 0.000000e+00
  815 8.807580e-14 0.000000e+00
  816 7.970947e-14 0.000000e+00
  817 7.979338e-14 0.000000e+00
  818 8.035522e-14 0.000000e+00
  819 8.036751e-14 0.000000e+00
  820 8.037637e-14 0.000000e+00
  821 8.092097e-14 0.000000e+00
  822 8.114899e-14 0.000000e+00
  823 8.209530e-14 0.000000e+00
  824 8.188813e-14 0.000000e+00
  825 9.184559e-14 0.000000e+00
  826 8.159764e-14 0.000000e+00
  827 8.153692e-14 0.000000e+00
  828 8.208461e-14 0.000000e+00
  829 8.201299e-14 0.000000e+00
  830 8.224170e-14 0.000000e+00
  831 8.225203e-14 0.000000e+00
  832 8.251646e-14 0.000000e+00
  833 8.343458e-14 0.000000e+00
  834 8.316555e-14 0.000000e+00
  835 9.481150e-14 0.000000e+00
  836 8.283808e-14 0.000000e+00
  837 8.281094e-14 0.000000e+00
  838 8.268347e-14 0.000000e+00
  839 8.258118e-14 0.000000e+00
  840 8.291942e-14 0.000000e+00
  841 8.287432e-14 0.000000e+00
  842 8.262212e-14 0.000000e+00
  843 8.402767e-14 0.000000e+00
  844 8.338902e-14 0.000000e+00
  845 9.690601e-14 0.000000e+00
  846 8.298305e-14 0.000000e+00
  847 8.257657e-14 0.000000e+00
  848 8.264789e-14 0.000000e+00
  849 8.235573e-14 0.000000e+00
  850 8.245578e-14 0.000000e+00
  851 8.234820e-14 0.000000e+00
  852 8.205749e-14 2.185496e-02
  853 8.359651e-14 0.000000e+00
  854 8.267149e-14 0.000000e+00
  855 9.790796e-14 0.000000e+00
  856 8.210188e-14 0.000000e+00
  857 8.167879e-14 0.000000e+00
  858 8.144495e-14 0.000000e+00
  859 8.100827e-14 0.000000e+00
  860 8.096698e-14 0.000000e+00
  861 8.073988e-14 0.000000e+00
  862 8.058771e-14 0.000000e+00
  863 8.186511e-14 0.000000e+00
  864 8.118260e-14 0.000000e+00
  865 9.779753e-14 0.000000e+00
  866 8.008432e-14 0.000000e+00
  867 7.944931e-14 0.000000e+00
  868 7.910563e-14 0.000000e+00
  869 7.860544e-14 0.000000e+00
  870 7.838251e-14 0.000000e+00
  871 7.828184e-14 0.000000e+00
  872 7.773744e-14 0.000000e+00
  873 7.916260e-14 0.000000e+00
  874 7.853119e-14 0.000000e+00
  875 9.622714e-14 0.000000e+00
  876 7.673012e-14 0.000000e+00
  877 7.618135e-14 0.000000e+00
  878 7.598226e-14 0.000000e+00
  879 7.514551e-14 0.000000e+00
  880 7.489512e-14 0.000000e+00
  881 7.433860e-14 0.000000e+00
  882 7.389334e-14 0.000000e+00
  883 7.552655e-14 0.000000e+00
  884 7.448718e-14 0.000000e+00
  885 9.283000e-14 0.000000e+00
  886 7.250482e-14 0.000000e+00
  887 7.183402e-14 0.000000e+00
  888 7.125838e-14 0.000000e+00
  889 7.064851e-14 0.000000e+00
  890 6.998199e-14 0.000000e+00
  891 6.942286e-14 0.000000e+00
  892 6.876617e-14 0.000000e+00
  893 7.071854e-14 0.000000e+00
  894 6.923660e-14 0.000000e+00
  895 8.796773e-14 0.000000e+00
  896 6.710651e-14 0.000000e+00
  897 6.611453e-14 0.000000e+00
  898 6.550472e-14 0.000000e+00
  899 6.476636e-14 0.000000e+00
  900 6.381930e-14 0.000000e+00
  901 6.324860e-14 0.000000e+00
  902 6.266022e-14 0.000000e+00
  903 6.427074e-14 0.000000e+00
  904 6.274780e-14 0.000000e+00
  905 8.134875e-14 0.000000e+00
  906 6.018235e-14 0.000000e+00
  907 5.928045e-14 0.000000e+00
  908 5.858729e-14 0.000000e+00
  909 5.774135e-14 0.000000e+00
  910 5.658181e-14 0.000000e+00
  911 5.606442e-14 0.000000e+00
  912 5.502263e-14 0.000000e+00
  913 5.671887e-14 0.000000e+00
  914 5.526009e-14 0.000000e+00
  915 7.309800e-14 0.000000e+00
  916 5.190951e-14 0.000000e+00
  917 5.111989e-14 0.000000e+00
  918 5.042999e-14 0.000000e+00
  919 4.952951e-14 0.000000e+00
  920 4.816466e-14 0.000000e+00
  921 4.762169e-14 0.000000e+00
  922 4.649766e-14 0.000000e+00
  923 4.808165e-14 0.000000e+00
  924 4.627431e-14 0.000000e+00
  925 6.364406e-14 0.000000e+00
  926 4.296049e-14 0.000000e+00
  927 4.198216e-14 0.000000e+00
  928 4.137048e-14 0.000000e+00
  929 4.011155e-14 0.000000e+00
  930 3.898273e-14 0.000000e+00
  931 3.845681e-14 0.000000e+00
  932 3.684852e-14 0.000000e+00
  933 3.839333e-14 0.000000e+00
  934 3.683244e-14 0.000000e+00
  935 5.314188e-14 0.000000e+00
  936 3.314494e-14 0.000000e+00
  937 3.209665e-14 0.000000e+00
  938 3.140529e-14 0.000000e+00
  939 3.040397e-14 0.000000e+00
  940 2.914771e-14 0.000000e+00
  941 2.850188e-14 0.000000e+00
  942 2.682928e-14 0.000000e+00
  943 2.839927e-14 0.000000e+00
  944 2.695927e-14 0.000000e+00
  945 4.260260e-14 0.000000e+00
  946 2.317931e-14 0.000000e+00
  947 2.172111e-14 0.000000e+00
  948 2.149624e-14 0.000000e+00
  949 2.024820e-14 0.000000e+00
  950 1.926007e-14 0.000000e+00
  951 1.831722e-14 0.000000e+00
  952 1.726713e-14 2.047449e-02
  953 1.857103e-14 0.000000e+00
  954 1.691833e-14 0.000000e+00
  955 3.355451e-14 0.000000e+00
  956 1.363360e-14 0.000000e+00
  957 1.181336e-14 0.000000e+00
  958 1.199798e-14 0.000000e+00
  959 1.067697e-14 0.000000e+00
  960 9.771231e-15 0.000000e+00
  961 9.063864e-15 0.000000e+00
  962 7.826335e-15 0.000000e+00
  963 9.640070e-15 0.000000e+00
  964 8.146099e-15 0.000000e+00
  965 2.664460e-14 0.000000e+00
  966 5.087789e-15 0.000000e+00
  967 3.494113e-15 0.000000e+00
  968 3.747231e-15 0.000000e+00
  969 2.404654e-15 0.000000e+00
  970 2.050863e-15 0.000000e+00
  971 1.156396e-15 0.000000e+00
  972 1.981299e-16 0.000000e+00
  973 2.479462e-15 0.000000e+00
  974 1.283998e-15 0.000000e+00
  975 2.288821e-14 0.000000e+00
  976 -1.485886e-15 0.000000e+00
  977 -2.828214e-15 0.000000e+00
  978 -2.497752e-15 0.000000e+00
  979 -3.356526e-15 0.000000e+00
  980 -3.681144e-15 0.000000e+00
  981 -4.153661e-15 0.000000e+00
  982 -4.640290e-15 0.000000e+00
  983 -1.373433e-15 0.000000e+00
  984 -2.670285e-15 0.000000e+00
  985 2.324130e-14 0.000000e+00
  986 -4.853785e-15 0.000000e+00
  987 -6.672421e-15 0.000000e+00
  988 -5.624851e-15 0.000000e+00
  989 -6.182876e-15 0.000000e+00
  990 -6.204653e-15 0.000000e+00
  991 -6.240056e-15 0.000000e+00
  992 -6.094910e-15 0.000000e+00
  993 -2.224445e-15 0.000000e+00
  994 -2.903196e-15 0.000000e+00
  995 2.873099e-14 0.000000e+00
  996 -5.023207e-15 0.000000e+00
  997 -6.239249e-15 0.000000e+00
  998 -5.110084e-15 0.000000e+00
  999 -4.649008e-15 0.000000e+00
 1000 -4.722905e-15 0.000000e+00
 1001 -4.352071e-15 0.000000e+00
 1002 -4.253777e-15 0.000000e+00
 1003 1.195404e-15 0.000000e+00
 1004 3.474772e-16 0.000000e+00
 1005 3.822476e-14 0.000000e+00
 1006 -1.099255e-15 0.000000e+00
 1007 -2.244619e-15 0.000000e+00
 1008 -2.137396e-16 0.000000e+00
 1009 3.798495e-16 0.000000e+00
 1010 9.561877e-16 0.000000e+00
 1011 1.748508e-15 0.000000e+00
 1012 1.984844e-15 0.000000e+00
 1013 8.605248e-15 0.000000e+00
 1014 7.818956e-15 0.000000e+00
 1015 5.103587e-14 0.000000e+00
 1016 7.055060e-15 0.000000e+00
 1017 6.149639e-15 0.000000e+00
 1018 8.237934e-15 0.000000e+00
 1019 9.160389e-15 0.000000e+00
 1020 1.011455e-14 0.000000e+00
 1021 1.183525e-14 0.000000e+00
 1022 1.183313e-14 0.000000e+00
 1023 2.006916e-14 0.000000e+00
 1024 1.942381e-14 0.000000e+00
 1025 6.671329e-14 0.000000e+00
 1026 1.849998e-14 0.000000e+00
 1027 1.788705e-14 0.000000e+00
 1028 2.064206e-14 0.000000e+00
 1029 2.146308e-14 0.000000e+00
 1030 2.344357e-14 0.000000e+00
 1031 2.403573e-14 0.000000e+00
 1032 2.562447e-14 0.000000e+00
 1033 3.433324e-14 0.000000e+00
 1034 3.361076e-14 0.000000e+00
 1035 8.258210e-14 0.000000e+00
 1036 3.262818e-14 0.000000e+00
 1037 3.203097e-14 0.000000e+00
 1038 3.533945e-14 0.000000e+00
 1039 3.744939e-14 0.000000e+00
 1040 3.801183e-14 0.000000e+00
 1041 3.967577e-14 0.000000e+00
 1042 4.104381e-14 0.000000e+00
 1043 5.093809e-14 0.000000e+00
 1044 4.990846e-14 0.000000e+00
 1045 9.881971e-14 0.000000e+00
 1046 4.830968e-14 0.000000e+00
 1047 4.810477e-14 0.000000e+00
 1048 5.217991e-14 0.000000e+00
 1049 5.408434e-14 0.000000e+00
 1050 5.458038e-14 0.000000e+00
 1051 5.640444e-14 0.000000e+00
 1052 5.766407e-14 1.305800e-02
 1053 6.842303e-14 0.000000e+00
 1054 6.689549e-14 0.000000e+00
 1055 1.141760e-13 0.000000e+00
 1056 6.473872e-14 0.000000e+00
 1057 6.489507e-14 0.000000e+00
 1058 6.990109e-14 0.000000e+00
 1059 7.108971e-14 0.000000e+00
 1060 7.172242e-14 0.000000e+00
 1061 7.342909e-14 0.000000e+00
 1062 7.509604e-14 0.000000e+00
 1063 8.495325e-14 0.000000e+00
 1064 8.332497e-14 0.000000e+00
 1065 1.293384e-13 0.000000e+00
 1066 8.120370e-14 0.000000e+00
 1067 8.174310e-14 0.000000e+00
 1068 8.676526e-14 0.000000e+00
 1069 8.790847e-14 0.000000e+00
 1070 8.874200e-14 0.000000e+00
 1071 8.934797e-14 0.000000e+00
 1072 9.208404e-14 0.000000e+00
 1073 1.015875e-13 0.000000e+00
 1074 9.979845e-14 0.000000e+00
 1075 1.428815e-13 0.000000e+00
 1076 9.666145e-14 0.000000e+00
 1077 9.745831e-14 0.000000e+00
 1078 1.024056e-13 0.000000e+00
 1079 1.033826e-13 0.000000e+00
 1080 1.046401e-13 0.000000e+00
 1081 1.045584e-13 0.000000e+00
 1082 1.075569e-13 0.000000e+00
 1083 1.165999e-13 0.000000e+00
 1084 1.153464e-13 0.000000e+00
 1085 1.539554e-13 0.000000e+00
 1086 1.119269e-13 0.000000e+00
 1087 1.113365e-13 0.000000e+00
 1088 1.170595e-13 0.000000e+00
 1089 1.175761e-13 0.000000e+00
 1090 1.183014e-13 0.000000e+00
 1091 1.188171e-13 0.000000e+00
 1092 1.203579e-13 0.000000e+00
 1093 1.296528e-13 0.000000e+00
 1094 1.282286e-13 0.000000e+00
 1095 1.645779e-13 0.000000e+00
 1096 1.245408e-13 0.000000e+00
 1097 1.244170e-13 0.000000e+00
 1098 1.299054e-13 0.000000e+00
 1099 1.295345e-13 0.000000e+00
 1100 1.301786e-13 0.000000e+00
 1101 1.310993e-13 0.000000e+00
 1102 1.316075e-13 0.000000e+00
 1103 1.404218e-13 0.000000e+00
 1104 1.384999e-13 0.000000e+00
 1105 1.739565e-13 0.000000e+00
 1106 1.350062e-13 0.000000e+00
 1107 1.351361e-13 0.000000e+00
 1108 1.397760e-13 0.000000e+00
 1109 1.397232e-13 0.000000e+00
 1110 1.400175e-13 0.000000e+00
 1111 1.409512e-13 0.000000e+00
 1112 1.414096e-13 0.000000e+00
 1113 1.493755e-13 0.000000e+00
 1114 1.470634e-13 0.000000e+00
 1115 1.818246e-13 0.000000e+00
 1116 1.439893e-13 0.000000e+00
 1117 1.427144e-13 0.000000e+00
 1118 1.476803e-13 0.000000e+00
 1119 1.470869e-13 0.000000e+00
 1120 1.472853e-13 0.000000e+00
 1121 1.483473e-13 0.000000e+00
 1122 1.483453e-13 0.000000e+00
 1123 1.562436e-13 0.000000e+00
 1124 1.532216e-13 0.000000e+00
 1125 1.888420e-13 0.000000e+00
 1126 1.502560e-13 0.000000e+00
 1127 1.490949e-13 0.000000e+00
 1128 1.530662e-13 0.000000e+00
 1129 1.523659e-13 0.000000e+00
 1130 1.519596e-13 0.000000e+00
 1131 1.526219e-13 0.000000e+00
 1132 1.528119e-13 0.000000e+00
 1133 1.601469e-13 0.000000e+00
 1134 1.570592e-13 0.000000e+00
 1135 1.936714e-13 0.000000e+00
 1136 1.545265e-13 0.000000e+00
 1137 1.527001e-13 0.000000e+00
 1138 1.560988e-13 0.000000e+00
 1139 1.552686e-13 0.000000e+00
 1140 1.544546e-13 0.000000e+00
 1141 1.551745e-13 0.000000e+00
 1142 1.549234e-13 0.000000e+00
 1143 1.614948e-13 0.000000e+00
 1144 1.587151e-13 0.000000e+00
 1145 1.960968e-13 0.000000e+00
 1146 1.556685e-13 0.000000e+00
 1147 1.533765e-13 0.000000e+00
 1148 1.566072e-13 0.000000e+00
 1149 1.552380e-13 0.000000e+00
 1150 1.548738e-13 0.000000e+00
 1151 1.547323e-13 0.000000e+00
 1152 1.546405e-13 1.941212e-02
 1153 1.609257e-13 0.000000e+00
 1154 1.574254e-13 0.000000e+00
 1155 1.965534e-13 0.000000e+00
 1156 1.535517e-13 0.000000e+00
 1157 1.518061e-13 0.000000e+00
 1158 1.538888e-13 0.000000e+00
 1159 1.528712e-13 0.000000e+00
 1160 1.515053e-13 0.000000e+00
 1161 1.521149e-13 0.000000e+00
 1162 1.514252e-13 0.000000e+00
 1163 1.576905e-13 0.000000e+00
 1164 1.534505e-13 0.000000e+00
 1165 1.939929e-13 0.000000e+00
 1166 1.500504e-13 0.000000e+00
 1167 1.470558e-13 0.000000e+00
 1168 1.490838e-13 0.000000e+00
 1169 1.474776e-13 0.000000e+00
 1170 1.464936e-13 0.000000e+00
 1171 1.456061e-13 0.000000e+00
 1172 1.450545e-13 0.000000e+00
 1173 1.510772e-13 0.000000e+00
 1174 1.473253e-13 0.000000e+00
 1175 1.880274e-13 0.000000e+00
 1176 1.425650e-13 0.000000e+00
 1177 1.397813e-13 0.000000e+00
 1178 1.415890e-13 0.000000e+00
 1179 1.398430e-13 0.000000e+00
 1180 1.382943e-13 0.000000e+00
 1181 1.369925e-13 0.000000e+00
 1182 1.361034e-13 0.000000e+00
 1183 1.420746e-13 0.000000e+00
 1184 1.381278e-13 0.000000e+00
 1185 1.774239e-13 0.000000e+00
 1186 1.318467e-13 0.000000e+00
 1187 1.297883e-13 0.000000e+00
 1188 1.308586e-13 0.000000e+00
 1189 1.296869e-13 0.000000e+00
 1190 1.268893e-13 0.000000e+00
 1191 1.257641e-13 0.000000e+00
 1192 1.244115e-13 0.000000e+00
 1193 1.303379e-13 0.000000e+00
 1194 1.257110e-13 0.000000e+00
 1195 1.630983e-13 0.000000e+00
 1196 1.191797e-13 0.000000e+00
 1197 1.161827e-13 0.000000e+00
 1198 1.172609e-13 0.000000e+00
 1199 1.154774e-13 0.000000e+00
 1200 1.130136e-13 0.000000e+00
 1201 1.114059e-13 0.000000e+00
 1202 1.099516e-13 0.000000e+00
 1203 1.153804e-13 0.000000e+00
 1204 1.109471e-13 0.000000e+00
 1205 1.450883e-13 0.000000e+00
 1206 1.034833e-13 0.000000e+00
 1207 1.003710e-13 0.000000e+00
 1208 1.007661e-13 0.000000e+00
 1209 9.900932e-14 0.000000e+00
 1210 9.651818e-14 0.000000e+00
 1211 9.452010e-14 0.000000e+00
 1212 9.213769e-14 0.000000e+00
 1213 9.793303e-14 0.000000e+00
 1214 9.303926e-14 0.000000e+00
 1215 1.238124e-13 0.000000e+00
 1216 8.534203e-14 0.000000e+00
 1217 8.179474e-14 0.000000e+00
 1218 8.220465e-14 0.000000e+00
 1219 8.033535e-14 0.000000e+00
 1220 7.746143e-14 0.000000e+00
 1221 7.535975e-14 0.000000e+00
 1222 7.283227e-14 0.000000e+00
 1223 7.832231e-14 0.000000e+00
 1224 7.300723e-14 0.000000e+00
 1225 9.977313e-14 0.000000e+00
 1226 6.491369e-14 0.000000e+00
 1227 6.092926e-14 0.000000e+00
 1228 6.173667e-14 0.000000e+00
 1229 5.993209e-14 0.000000e+00
 1230 5.674072e-14 0.000000e+00
 1231 5.473180e-14 0.000000e+00
 1232 5.188851e-14 0.000000e+00
 1233 5.718276e-14 0.000000e+00
 1234 5.204582e-14 0.000000e+00
 1235 7.446662e-14 0.000000e+00
 1236 4.362292e-14 0.000000e+00
 1237 3.931012e-14 0.000000e+00
 1238 4.061041e-14 0.000000e+00
 1239 3.865186e-14 0.000000e+00
 1240 3.575391e-14 0.000000e+00
 1241 3.370045e-14 0.000000e+00
 1242 3.068893e-14 0.000000e+00
 1243 3.601124e-14 0.000000e+00
 1244 3.086513e-14 0.000000e+00
 1245 5.068131e-14 0.000000e+00
 1246 2.292075e-14 0.000000e+00
 1247 1.803824e-14 0.000000e+00
 1248 2.032179e-14 0.000000e+00
 1249 1.772712e-14 0.000000e+00
 1250 1.590004e-14 0.000000e+00
 1251 1.336136e-14 0.000000e+00
 1252 1.092305e-14 0.000000e+00
 1253 1.585719e-14 0.000000e+00
 1254 1.183400e-14 0.000000e+00
 1255 2.963226e-14 0.000000e+00
 1256 3.683858e-15 0.000000e+00
 1257 -5.135536e-16 0.000000e+00
 1258 1.954643e-15 0.000000e+00
 1259 -2.108465e-16 0.000000e+00
 1260 -1.869173e-15 0.000000e+00
 1261 -3.834935e-15 0.000000e+00
 1262 -5.729783e-15 0.000000e+00
 1263 -1.596497e-16 0.000000e+00
 1264 -4.092103e-15 0.000000e+00
 1265 1.495315e-14 0.000000e+00
 1266 -1.142109e-14 0.000000e+00
 1267 -1.494325e-14 0.000000e+00
 1268 -1.157036e-14 0.000000e+00
 1269 -1.354640e-14 0.000000e+00
 1270 -1.509033e-14 0.000000e+00
 1271 -1.576249e-14 0.000000e+00
 1272 -1.744617e-14 0.000000e+00
 1273 -1.097462e-14 0.000000e+00
 1274 -1.410663e-14 0.000000e+00
 1275 9.427660e-15 0.000000e+00
 1276 -2.025526e-14 0.000000e+00
 1277 -2.376972e-14 0.000000e+00
 1278 -1.919397e-14 0.000000e+00
 1279 -2.016316e-14 0.000000e+00
 1280 -2.123107e-14 0.000000e+00
 1281 -2.156760e-14 0.000000e+00
 1282 -2.212225e-14 0.000000e+00
 1283 -1.373973e-14 0.000000e+00
 1284 -1.662868e-14 0.000000e+00
 1285 1.394876e-14 0.000000e+00
 1286 -2.147801e-14 0.000000e+00
 1287 -2.409388e-14 0.000000e+00
 1288 -1.885940e-14 0.000000e+00
 1289 -1.889873e-14 0.000000e+00
 1290 -1.956194e-14 0.000000e+00
 1291 -1.849639e-14 0.000000e+00
 1292 -1.866587e-14 0.000000e+00
 1293 -7.595027e-15 0.000000e+00
 1294 -1.022622e-14 0.000000e+00
 1295 3.017322e-14 0.000000e+00
 1296 -1.418801e-14 0.000000e+00
 1297 -1.524522e-14 0.000000e+00
 1298 -9.753581e-15 0.000000e+00
 1299 -8.393579e-15 0.000000e+00
 1300 -8.680217e-15 0.000000e+00
 1301 -6.154074e-15 0.000000e+00
 1302 -5.725814e-15 0.000000e+00
 1303 7.843211e-15 0.000000e+00
 1304 5.822919e-15 0.000000e+00
 1305 5.616081e-14 0.000000e+00
 1306 2.857393e-15 0.000000e+00
 1307 2.440296e-15 0.000000e+00
 1308 9.340203e-15 0.000000e+00
 1309 1.019353e-14 0.000000e+00
 1310 1.211771e-14 0.000000e+00
 1311 1.562551e-14 0.000000e+00
 1312 1.605470e-14 0.000000e+00
 1313 3.351249e-14 0.000000e+00
 1314 3.071638e-14 0.000000e+00
 1315 9.263092e-14 0.000000e+00
 1316 2.873806e-14 0.000000e+00
 1317 2.786972e-14 0.000000e+00
 1318 3.747784e-14 0.000000e+00
 1319 3.855022e-14 0.000000e+00
 1320 4.144773e-14 0.000000e+00
 1321 4.583833e-14 0.000000e+00
 1322 4.638102e-14 0.000000e+00
 1323 6.779384e-14 0.000000e+00
 1324 6.405234e-14 0.000000e+00
 1325 1.343742e-13 0.000000e+00
 1326 6.225492e-14 0.000000e+00
 1327 6.155881e-14 0.000000e+00
 1328 7.337939e-14 0.000000e+00
 1329 7.517278e-14 0.000000e+00
 1330 7.824693e-14 0.000000e+00
 1331 8.232632e-14 0.000000e+00
 1332 8.455890e-14 0.000000e+00
 1333 1.088340e-13 0.000000e+00
 1334 1.044389e-13 0.000000e+00
 1335 1.781688e-13 0.000000e+00
 1336 1.026550e-13 0.000000e+00
 1337 1.007107e-13 0.000000e+00
 1338 1.145255e-13 0.000000e+00
 1339 1.175991e-13 0.000000e+00
 1340 1.208965e-13 0.000000e+00
 1341 1.247023e-13 0.000000e+00
 1342 1.277973e-13 0.000000e+00
 1343 1.543588e-13 0.000000e+00
 1344 1.489070e-13 0.000000e+00
 1345 2.227679e-13 0.000000e+00
 1346 1.463227e-13 0.000000e+00
 1347 1.442750e-13 0.000000e+00
 1348 1.601162e-13 0.000000e+00
 1349 1.628267e-13 0.000000e+00
 1350 1.676690e-13 0.000000e+00
 1351 1.703196e-13 0.000000e+00
 1352 1.741093e-13 0.000000e+00
 1353 2.017940e-13 0.000000e+00
 1354 1.968304e-13 0.000000e+00
 1355 2.638542e-13 0.000000e+00
 1356 1.923601e-13 0.000000e+00
 1357 1.900688e-13 0.000000e+00
 1358 2.077792e-13 0.000000e+00
 1359 2.107802e-13 0.000000e+00
 1360 2.149603e-13 0.000000e+00
 1361 2.174495e-13 0.000000e+00
 1362 2.220997e-13 0.000000e+00
 1363 2.492406e-13 0.000000e+00
 1364 2.443051e-13 0.000000e+00
 1365 3.007285e-13 0.000000e+00
 1366 2.394947e-13 0.000000e+00
 1367 2.359646e-13 0.000000e+00
 1368 2.548668e-13 0.000000e+00
 1369 2.583325e-13 0.000000e+00
 1370 2.623007e-13 0.000000e+00
 1371 2.641365e-13 0.000000e+00
 1372 2.688151e-13 0.000000e+00
 1373 2.959454e-13 0.000000e+00
 1374 2.907244e-13 0.000000e+00
 1375 3.332030e-13 0.000000e+00
 1376 2.843130e-13 0.000000e+00
 1377 2.814589e-13 0.000000e+00
 1378 3.006668e-13 0.000000e+00
 1379 3.034586e-13 0.000000e+00
 1380 3.080566e-13 0.000000e+00
 1381 3.091889e-13 0.000000e+00
 1382 3.136028e-13 0.000000e+00
 1383 3.392073e-13 0.000000e+00
 1384 3.339603e-13 0.000000e+00
 1385 3.621948e-13 0.000000e+00
 1386 3.267188e-13 0.000000e+00
 1387 3.235371e-13 0.000000e+00
 1388 3.437973e-13 0.000000e+00
 1389 3.461895e-13 0.000000e+00
 1390 3.492129e-13 0.000000e+00
 1391 3.524698e-13 0.000000e+00
 1392 3.544072e-13 0.000000e+00
 1393 3.780087e-13 0.000000e+00
 1394 3.726240e-13 0.000000e+00
 1395 3.881898e-13 0.000000e+00
 1396 3.656080e-13 0.000000e+00
 1397 3.625552e-13 0.000000e+00
 1398 3.815267e-13 0.000000e+00
 1399 3.847626e-13 0.000000e+00
 1400 3.869562e-13 0.000000e+00
 1401 3.899770e-13 0.000000e+00
 1402 3.915107e-13 0.000000e+00
 1403 4.129354e-13 0.000000e+00
 1404 4.075878e-13 0.000000e+00
 1405 4.106817e-13 0.000000e+00
 1406 3.999367e-13 0.000000e+00
 1407 3.961825e-13 0.000000e+00
 1408 4.156651e-13 0.000000e+00
 1409 4.180880e-13 0.000000e+00
 1410 4.196757e-13 0.000000e+00
 1411 4.221600e-13 0.000000e+00
 1412 4.238144e-13 0.000000e+00
 1413 4.419364e-13 0.000000e+00
 1414 4.373843e-13 0.000000e+00
 1415 4.315704e-13 0.000000e+00
 1416 4.296017e-13 0.000000e+00
 1417 4.254938e-13 0.000000e+00
 1418 4.440693e-13 0.000000e+00
 1419 4.451870e-13 0.000000e+00
 1420 4.470771e-13 0.000000e+00
 1421 4.491068e-13 0.000000e+00
 1422 4.499642e-13 0.000000e+00
 1423 4.652123e-13 0.000000e+00
 1424 4.615757e-13 0.000000e+00
 1425 4.506870e-13 0.000000e+00
 1426 4.528618e-13 0.000000e+00
 1427 4.493276e-13 0.000000e+00
 1428 4.664938e-13 0.000000e+00
 1429 4.669969e-13 0.000000e+00
 1430 4.672778e-13 0.000000e+00
 1431 4.699544e-13 0.000000e+00
 1432 4.694423e-13 0.000000e+00
 1433 4.832291e-13 0.000000e+00
 1434 4.793745e-13 0.000000e+00
 1435 4.680233e-13 0.000000e+00
 1436 4.708449e-13 0.000000e+00
 1437 4.658088e-13 0.000000e+00
 1438 4.825100e-13 0.000000e+00
 1439 4.819562e-13 0.000000e+00
 1440 4.817683e-13 0.000000e+00
 1441 4.835711e-13 0.000000e+00
 1442 4.824465e-13 0.000000e+00
 1443 4.954647e-13 0.000000e+00
 1444 4.898904e-13 0.000000e+00
 1445 4.811557e-13 0.000000e+00
 1446 4.818821e-13 0.000000e+00
 1447 4.766956e-13 0.000000e+00
 1448 4.906009e-13 0.000000e+00
 1449 4.901654e-13 0.000000e+00
 1450 4.895558e-13 0.000000e+00
 1451 4.902266e-13 0.000000e+00
 1452 4.880609e-13 1.340508e-02
 1453 4.998530e-13 0.000000e+00
 1454 4.940431e-13 0.000000e+00
 1455 4.892096e-13 0.000000e+00
 1456 4.856291e-13 0.000000e+00
 1457 4.800598e-13 0.000000e+00
 1458 4.919364e-13 0.000000e+00
 1459 4.910076e-13 0.000000e+00
 1460 4.889657e-13 0.000000e+00
 1461 4.891594e-13 0.000000e+00
 1462 4.867989e-13 0.000000e+00
 1463 4.967077e-13 0.000000e+00
 1464 4.915965e-13 0.000000e+00
 1465 4.905890e-13 0.000000e+00
 1466 4.815200e-13 0.000000e+00
 1467 4.755023e-13 0.000000e+00
 1468 4.853437e-13 0.000000e+00
 1469 4.837545e-13 0.000000e+00
 1470 4.804849e-13 0.000000e+00
 1471 4.801792e-13 0.000000e+00
 1472 4.773403e-13 0.000000e+00
 1473 4.861139e-13 0.000000e+00
 1474 4.810030e-13 0.000000e+00
 1475 4.841920e-13 0.000000e+00
 1476 4.687279e-13 0.000000e+00
 1477 4.622486e-13 0.000000e+00
 1478 4.709973e-13 0.000000e+00
 1479 4.679803e-13 0.000000e+00
 1480 4.644135e-13 0.000000e+00
 1481 4.631825e-13 0.000000e+00
 1482 4.590032e-13 0.000000e+00
 1483 4.678632e-13 0.000000e+00
 1484 4.616475e-13 0.000000e+00
 1485 4.682742e-13 0.000000e+00
 1486 4.474558e-13 0.000000e+00
 1487 4.408062e-13 0.000000e+00
 1488 4.478285e-13 0.000000e+00
 1489 4.439826e-13 0.000000e+00
 1490 4.395838e-13 0.000000e+00
 1491 4.373536e-13 0.000000e+00
 1492 4.328389e-13 0.000000e+00
 1493 4.407647e-13 0.000000e+00
 1494 4.332576e-13 0.000000e+00
 1495 4.416578e-13 0.000000e+00
 1496 4.176639e-13 0.000000e+00
 1497 4.102283e-13 0.000000e+00
 1498 4.161918e-13 0.000000e+00
 1499 4.111058e-13 0.000000e+00
 1500 4.062756e-13 0.000000e+00
 1501 4.026928e-13 0.000000e+00
 1502 3.983842e-13 0.000000e+00
 1503 4.040617e-13 0.000000e+00
 1504 3.970135e-13 0.000000e+00
 1505 4.031362e-13 0.000000e+00
 1506 3.790955e-13 0.000000e+00
 1507 3.705643e-13 0.000000e+00
 1508 3.760265e-13 0.000000e+00
 1509 3.702298e-13 0.000000e+00
 1510 3.641204e-13 0.000000e+00
 1511 3.602107e-13 0.000000e+00
 1512 3.544795e-13 0.000000e+00
 1513 3.598096e-13 0.000000e+00
 1514 3.520849e-13 0.000000e+00
 1515 3.536475e-13 0.000000e+00
 1516 3.322073e-13 0.000000e+00
 1517 3.229346e-13 0.000000e+00
 1518 3.274420e-13 0.000000e+00
 1519 3.207775e-13 0.000000e+00
 1520 3.145828e-13 0.000000e+00
 1521 3.095646e-13 0.000000e+00
 1522 3.032662e-13 0.000000e+00
 1523 3.081100e-13 0.000000e+00
 1524 2.987348e-13 0.000000e+00
 1525 2.949863e-13 0.000000e+00
 1526 2.775701e-13 0.000000e+00
 1527 2.677390e-13 0.000000e+00
 1528 2.715307e-13 0.000000e+00
 1529 2.649515e-13 0.000000e+00
 1530 2.581280e-13 0.000000e+00
 1531 2.517845e-13 0.000000e+00
 1532 2.456809e-13 0.000000e+00
 1533 2.490103e-13 0.000000e+00
 1534 2.390709e-13 0.000000e+00
 1535 2.286199e-13 0.000000e+00
 1536 2.173163e-13 0.000000e+00
 1537 2.069844e-13 0.000000e+00
 1538 2.104390e-13 0.000000e+00
 1539 2.035049e-13 0.000000e+00
 1540 1.958324e-13 0.000000e+00
 1541 1.895869e-13 0.000000e+00
 1542 1.823434e-13 0.000000e+00
 1543 1.858660e-13 0.000000e+00
 1544 1.750760e-13 0.000000e+00
 1545 1.582055e-13 0.000000e+00
 1546 1.528220e-13 0.000000e+00
 1547 1.424536e-13 0.000000e+00
 1548 1.453782e-13 0.000000e+00
 1549 1.383275e-13 0.000000e+00
 1550 1.313182e-13 0.000000e+00
 1551 1.239310e-13 0.000000e+00
 1552 1.170726e-13 0.000000e+00
 1553 1.199197e-13 0.000000e+00
 1554 1.089129e-13 0.000000e+00
 1555 8.888884e-14 0.000000e+00
 1556 8.773566e-14 0.000000e+00
 1557 7.608564e-14 0.000000e+00
 1558 7.946960e-14 0.000000e+00
 1559 7.252769e-14 0.000000e+00
 1560 6.656202e-14 0.000000e+00
 1561 5.873063e-14 0.000000e+00
 1562 5.153978e-14 0.000000e+00
 1563 5.524139e-14 0.000000e+00
 1564 4.348979e-14 0.000000e+00
 1565 2.564590e-14 0.000000e+00
 1566 2.326921e-14 0.000000e+00
 1567 1.182072e-14 0.000000e+00
 1568 1.624951e-14 0.000000e+00
 1569 8.928627e-15 0.000000e+00
 1570 3.781725e-15 0.000000e+00
 1571 -3.048815e-15 0.000000e+00
 1572 -1.063041e-14 0.000000e+00
 1573 -5.387993e-15 0.000000e+00
 1574 -1.673508e-14 0.000000e+00
 1575 -2.880182e-14 0.000000e+00
 1576 -3.618012e-14 0.000000e+00
 1577 -4.590533e-14 0.000000e+00
 1578 -4.210786e-14 0.000000e+00
 1579 -4.815255e-14 0.000000e+00
 1580 -5.335544e-14 0.000000e+00
 1581 -5.835782e-14 0.000000e+00
 1582 -6.596422e-14 0.000000e+00
 1583 -5.932567e-14 0.000000e+00
 1584 -6.808722e-14 0.000000e+00
 1585 -6.942926e-14 0.000000e+00
 1586 -8.803311e-14 0.000000e+00
 1587 -9.477836e-14 0.000000e+00
 1588 -9.234568e-14 0.000000e+00
 1589 -9.634204e-14 0.000000e+00
 1590 -1.011228e-13 0.000000e+00
 1591 -1.045994e-13 0.000000e+00
 1592 -1.126378e-13 0.000000e+00
 1593 -1.013572e-13 0.000000e+00
 1594 -1.115516e-13 0.000000e+00
 1595 -9.294690e-14 0.000000e+00
 1596 -1.279797e-13 0.000000e+00
 1597 -1.342626e-13 0.000000e+00
 1598 -1.311358e-13 0.000000e+00
 1599 -1.338483e-13 0.000000e+00
 1600 -1.378525e-13 0.000000e+00
 1601 -1.401555e-13 0.000000e+00
 1602 -1.460469e-13 0.000000e+00
 1603 -1.316428e-13 0.000000e+00
 1604 -1.404869e-13 0.000000e+00
 1605 -1.002189e-13 0.000000e+00
 1606 -1.556667e-13 0.000000e+00
 1607 -1.610389e-13 0.000000e+00
 1608 -1.566109e-13 0.000000e+00
 1609 -1.580430e-13 0.000000e+00
 1610 -1.624167e-13 0.000000e+00
 1611 -1.625520e-13 0.000000e+00
 1612 -1.666956e-13 0.000000e+00
 1613 -1.485938e-13 0.000000e+00
 1614 -1.560947e-13 0.000000e+00
 1615 -9.221539e-14 0.000000e+00
 1616 -1.697232e-13 0.000000e+00
 1617 -1.759170e-13 0.000000e+00
 1618 -1.686513e-13 0.000000e+00
 1619 -1.691181e-13 0.000000e+00
 1620 -1.723735e-13 0.000000e+00
 1621 -1.722649e-13 0.000000e+00
 1622 -1.743665e-13 0.000000e+00
 1623 -1.519757e-13 0.000000e+00
 1624 -1.593775e-13 0.000000e+00
 1625 -7.265102e-14 0.000000e+00
 1626 -1.718530e-13 0.000000e+00
 1627 -1.779393e-13 0.000000e+00
 1628 -1.680181e-13 0.000000e+00
 1629 -1.679265e-13 0.000000e+00
 1630 -1.689518e-13 0.000000e+00
 1631 -1.692383e-13 0.000000e+00
 1632 -1.703940e-13 0.000000e+00
 1633 -1.424037e-13 0.000000e+00
 1634 -1.472208e-13 0.000000e+00
 1635 -4.603150e-14 0.000000e+00
 1636 -1.617561e-13 0.000000e+00
 1637 -1.688622e-13 0.000000e+00
 1638 -1.565597e-13 0.000000e+00
 1639 -1.554689e-13 0.000000e+00
 1640 -1.557102e-13 0.000000e+00
 1641 -1.544653e-13 0.000000e+00
 1642 -1.555609e-13 0.000000e+00
 1643 -1.201214e-13 0.000000e+00
 1644 -1.285284e-13 0.000000e+00
 1645 -1.575397e-14 0.000000e+00
 1646 -1.426677e-13 0.000000e+00
 1647 -1.508780e-13 0.000000e+00
 1648 -1.351729e-13 0.000000e+00
 1649 -1.324362e-13 0.000000e+00
 1650 -1.330359e-13 0.000000e+00
 1651 -1.309979e-13 0.000000e+00
 1652 -1.306254e-13 0.000000e+00
 1653 -9.161964e-14 0.000000e+00
 1654 -1.030554e-13 0.000000e+00
 1655 1.310440e-14 0.000000e+00
 1656 -1.169045e-13 0.000000e+00
 1657 -1.264568e-13 0.000000e+00
 1658 -1.056031e-13 0.000000e+00
 1659 -1.032002e-13 0.000000e+00
 1660 -1.023158e-13 0.000000e+00
 1661 -1.000358e-13 0.000000e+00
 1662 -1.000734e-13 0.000000e+00
 1663 -5.729142e-14 0.000000e+00
 1664 -7.040362e-14 0.000000e+00
 1665 3.708286e-14 0.000000e+00
 1666 -8.534430e-14 0.000000e+00
 1667 -9.737567e-14 0.000000e+00
 1668 -7.194461e-14 0.000000e+00
 1669 -6.914902e-14 0.000000e+00
 1670 -6.652080e-14 0.000000e+00
 1671 -6.557012e-14 0.000000e+00
 1672 -6.558031e-14 0.000000e+00
 1673 -2.114186e-14 0.000000e+00
 1674 -3.440029e-14 0.000000e+00
 1675 5.720469e-14 0.000000e+00
 1676 -5.183018e-14 0.000000e+00
 1677 -6.314028e-14 0.000000e+00
 1678 -3.504540e-14 0.000000e+00
 1679 -3.298615e-14 0.000000e+00
 1680 -3.039711e-14 0.000000e+00
 1681 -2.953502e-14 0.000000e+00
 1682 -2.897179e-14 0.000000e+00
 1683 1.482003e-14 0.000000e+00
 1684 2.675538e-15 0.000000e+00
 1685 7.092349e-14 0.000000e+00
 1686 -1.718278e-14 0.000000e+00
 1687 -2.949740e-14 0.000000e+00
 1688 2.174206e-15 0.000000e+00
 1689 4.813527e-15 0.000000e+00
 1690 6.063183e-15 0.000000e+00
 1691 7.142679e-15 0.000000e+00
 1692 7.546091e-15 0.000000e+00
 1693 4.904889e-14 0.000000e+00
 1694 3.853138e-14 0.000000e+00
 1695 8.031867e-14 0.000000e+00
 1696 1.627395e-14 0.000000e+00
 1697 4.501855e-15 0.000000e+00
 1698 3.959221e-14 0.000000e+00
 1699 3.923567e-14 0.000000e+00
 1700 4.192892e-14 0.000000e+00
 1701 4.292575e-14 0.000000e+00
 1702 4.217129e-14 0.000000e+00
 1703 8.123484e-14 0.000000e+00
 1704 7.093150e-14 0.000000e+00
 1705 8.730738e-14 0.000000e+00
 1706 4.908368e-14 0.000000e+00
 1707 3.543059e-14 0.000000e+00
 1708 7.313628e-14 0.000000e+00
 1709 7.233294e-14 0.000000e+00
 1710 7.381450e-14 0.000000e+00
 1711 7.555304e-14 0.000000e+00
 1712 7.442942e-14 0.000000e+00
 1713 1.106904e-13 0.000000e+00
 1714 9.962873e-14 0.000000e+00
 1715 8.942410e-14 0.000000e+00
 1716 7.768614e-14 0.000000e+00
 1717 6.454521e-14 0.000000e+00
 1718 1.021215e-13 0.000000e+00
 1719 1.010729e-13 0.000000e+00
 1720 1.030000e-13 0.000000e+00
 1721 1.032009e-13 0.000000e+00
 1722 1.024589e-13 0.000000e+00
 1723 1.360650e-13 0.000000e+00
 1724 1.247496e-13 0.000000e+00
 1725 9.183121e-14 0.000000e+00
 1726 1.014183e-13 0.000000e+00
 1727 8.968099e-14 0.000000e+00
 1728 1.258249e-13 0.000000e+00
 1729 1.266310e-13 0.000000e+00
 1730 1.271295e-13 0.000000e+00
 1731 1.263048e-13 0.000000e+00
 1732 1.256846e-13 0.000000e+00
 1733 1.565157e-13 0.000000e+00
 1734 1.450602e-13 0.000000e+00
 1735 9.166934e-14 0.000000e+00
 1736 1.219538e-13 0.000000e+00
 1737 1.094727e-13 0.000000e+00
 1738 1.460975e-13 0.000000e+00
 1739 1.458208e-13 0.000000e+00
 1740 1.458083e-13 0.000000e+00
 1741 1.441782e-13 0.000000e+00
 1742 1.433590e-13 0.000000e+00
 1743 1.703132e-13 0.000000e+00
 1744 1.591461e-13 0.000000e+00
 1745 8.906556e-14 0.000000e+00
 1746 1.357984e-13 0.000000e+00
 1747 1.253589e-13 0.000000e+00
 1748 1.602749e-13 0.000000e+00
 1749 1.587652e-13 0.000000e+00
 1750 1.578525e-13 0.000000e+00
 1751 1.562334e-13 0.000000e+00
 1752 1.563386e-13 5.262631e-03
 1753 1.778173e-13 0.000000e+00
 1754 1.670888e-13 0.000000e+00
 1755 8.546245e-14 0.000000e+00
 1756 1.459381e-13 0.000000e+00
 1757 1.345911e-13 0.000000e+00
 1758 1.668342e-13 0.000000e+00
 1759 1.657034e-13 0.000000e+00
 1760 1.641135e-13 0.000000e+00
 1761 1.633171e-13 0.000000e+00
 1762 1.605579e-13 0.000000e+00
 1763 1.805493e-13 0.000000e+00
 1764 1.696861e-13 0.000000e+00
 1765 7.727605e-14 0.000000e+00
 1766 1.499313e-13 0.000000e+00
 1767 1.366931e-13 0.000000e+00
 1768 1.677862e-13 0.000000e+00
 1769 1.657132e-13 0.000000e+00
 1770 1.635007e-13 0.000000e+00
 1771 1.618034e-13 0.000000e+00
 1772 1.597749e-13 0.000000e+00
 1773 1.753097e-13 0.000000e+00
 1774 1.656509e-13 0.000000e+00
 1775 6.499463e-14 0.000000e+00
 1776 1.452372e-13 0.000000e+00
 1777 1.341897e-13 0.000000e+00
 1778 1.606937e-13 0.000000e+00
 1779 1.585365e-13 0.000000e+00
 1780 1.569256e-13 0.000000e+00
 1781 1.533361e-13 0.000000e+00
 1782 1.513517e-13 0.000000e+00
 1783 1.641861e-13 0.000000e+00
 1784 1.540077e-13 0.000000e+00
 1785 4.767903e-14 0.000000e+00
 1786 1.328869e-13 0.000000e+00
 1787 1.197345e-13 0.000000e+00
 1788 1.423144e-13 0.000000e+00
 1789 1.376945e-13 0.000000e+00
 1790 1.336210e-13 0.000000e+00
 1791 1.267133e-13 0.000000e+00
 1792 1.225665e-13 0.000000e+00
 1793 1.300938e-13 0.000000e+00
 1794 1.169348e-13 0.000000e+00
 1795 8.290785e-15 0.000000e+00
 1796 9.352350e-14 0.000000e+00
 1797 7.849652e-14 0.000000e+00
 1798 9.698405e-14 0.000000e+00
 1799 9.027565e-14 0.000000e+00
 1800 8.397142e-14 0.000000e+00
 1801 7.704798e-14 0.000000e+00
 1802 6.907983e-14 0.000000e+00
 1803 7.449406e-14 0.000000e+00
 1804 5.995269e-14 0.000000e+00
 1805 -5.025620e-14 0.000000e+00
 1806 3.524594e-14 0.000000e+00
 1807 1.943844e-14 0.000000e+00
 1808 3.382533e-14 0.000000e+00
 1809 2.593652e-14 0.000000e+00
 1810 1.886719e-14 0.000000e+00
 1811 9.742254e-15 0.000000e+00
 1812 8.496151e-16 0.000000e+00
 1813 3.283883e-15 0.000000e+00
 1814 -1.179303e-14 0.000000e+00
 1815 -1.213797e-13 0.000000e+00
 1816 -3.825445e-14 0.000000e+00
 1817 -5.366626e-14 0.000000e+00
 1818 -4.269288e-14 0.000000e+00
 1819 -5.145785e-14 0.000000e+00
 1820 -6.054580e-14 0.000000e+00
 1821 -6.953650e-14 0.000000e+00
 1822 -7.991858e-14 0.000000e+00
 1823 -8.028406e-14 0.000000e+00
 1824 -9.563642e-14 0.000000e+00
 1825 -2.036571e-13 0.000000e+00
 1826 -1.242185e-13 0.000000e+00
 1827 -1.369671e-13 0.000000e+00
 1828 -1.302738e-13 0.000000e+00
 1829 -1.395767e-13 0.000000e+00
 1830 -1.477627e-13 0.000000e+00
 1831 -1.562941e-13 0.000000e+00
 1832 -1.649806e-13 0.000000e+00
 1833 -1.654398e-13 0.000000e+00
 1834 -1.774283e-13 0.000000e+00
 1835 -2.818631e-13 0.000000e+00
 1836 -1.988729e-13 0.000000e+00
 1837 -2.089549e-13 0.000000e+00
 1838 -2.010184e-13 0.000000e+00
 1839 -2.059227e-13 0.000000e+00
 1840 -2.124568e-13 0.000000e+00
 1841 -2.191623e-13 0.000000e+00
 1842 -2.263391e-13 0.000000e+00
 1843 -2.265174e-13 0.000000e+00
 1844 -2.362302e-13 0.000000e+00
 1845 -3.378677e-13 0.000000e+00
 1846 -2.540627e-13 0.000000e+00
 1847 -2.638474e-13 0.000000e+00
 1848 -2.551059e-13 0.000000e+00
 1849 -2.594625e-13 0.000000e+00
 1850 -2.647498e-13 0.000000e+00
 1851 -2.707644e-13 0.000000e+00
 1852 -2.764398e-13 0.000000e+00
 1853 -2.768428e-13 0.000000e+00
 1854 -2.854697e-13 0.000000e+00
 1855 -3.858094e-13 0.000000e+00
 1856 -3.016859e-13 0.000000e+00
 1857 -3.106506e-13 0.000000e+00
 1858 -3.014968e-13 0.000000e+00
 1859 -3.059023e-13 0.000000e+00
 1860 -3.098711e-13 0.000000e+00
 1861 -3.149234e-13 0.000000e+00
 1862 -3.198523e-13 0.000000e+00
 1863 -3.215084e-13 0.000000e+00
 1864 -3.283710e-13 0.000000e+00
 1865 -4.277396e-13 0.000000e+00
 1866 -3.440468e-13 0.000000e+00
 1867 -3.507870e-13 0.000000e+00
 1868 -3.420786e-13 0.000000e+00
 1869 -3.460204e-13 0.000000e+00
 1870 -3.490639e-13 0.000000e+00
 1871 -3.534933e-13 0.000000e+00
 1872 -3.584311e-13 0.000000e+00
 1873 -3.603406e-13 0.000000e+00
 1874 -3.656436e-13 0.000000e+00
 1875 -4.620170e-13 0.000000e+00
 1876 -3.795765e-13 0.000000e+00
 1877 -3.859722e-13 0.000000e+00
 1878 -3.765046e-13 0.000000e+00
 1879 -3.808398e-13 0.000000e+00
 1880 -3.831846e-13 0.000000e+00
 1881 -3.875985e-13 0.000000e+00
 1882 -3.906812e-13 0.000000e+00
 1883 -3.926676e-13 0.000000e+00
 1884 -3.974482e-13 0.000000e+00
 1885 -4.887673e-13 0.000000e+00
 1886 -4.096319e-13 0.000000e+00
 1887 -4.142496e-13 0.000000e+00
 1888 -4.064068e-13 0.000000e+00
 1889 -4.101490e-13 0.000000e+00
 1890 -4.122838e-13 0.000000e+00
 1891 -4.146930e-13 0.000000e+00
 1892 -4.177782e-13 0.000000e+00
 1893 -4.195754e-13 0.000000e+00
 1894 -4.230867e-13 0.000000e+00
 1895 -5.095678e-13 0.000000e+00
 1896 -4.336925e-13 0.000000e+00
 1897 -4.378491e-13 0.000000e+00
 1898 -4.302211e-13 0.000000e+00
 1899 -4.329401e-13 0.000000e+00
 1900 -4.341897e-13 0.000000e+00
 1901 -4.361409e-13 0.000000e+00
 1902 -4.393232e-13 0.000000e+00
 1903 -4.395011e-13 0.000000e+00
 1904 -4.427223e-13 0.000000e+00
 1905 -5.218963e-13 0.000000e+00
 1906 -4.510765e-13 0.000000e+00
 1907 -4.552672e-13 0.000000e+00
 1908 -4.474455e-13 0.000000e+00
 1909 -4.494807e-13 0.000000e+00
 1910 -4.496685e-13 0.000000e+00
 1911 -4.516132e-13 0.000000e+00
 1912 -4.538714e-13 0.000000e+00
 1913 -4.527130e-13 0.000000e+00
 1914 -4.558576e-13 0.000000e+00
 1915 -5.265781e-13 0.000000e+00
 1916 -4.623522e-13 0.000000e+00
 1917 -4.656326e-13 0.000000e+00
 1918 -4.590219e-13 0.000000e+00
 1919 -4.596101e-13 0.000000e+00
 1920 -4.594321e-13 0.000000e+00
 1921 -4.608189e-13 0.000000e+00
 1922 -4.625322e-13 0.000000e+00
 1923 -4.614384e-13 0.000000e+00
 1924 -4.623049e-13 0.000000e+00
 1925 -5.261277e-13 0.000000e+00
 1926 -4.680581e-13 0.000000e+00
 1927 -4.705236e-13 0.000000e+00
 1928 -4.642817e-13 0.000000e+00
 1929 -4.636038e-13 0.000000e+00
 1930 -4.634515e-13 0.000000e+00
 1931 -4.638980e-13 0.000000e+00
 1932 -4.654754e-13 0.000000e+00
 1933 -4.623120e-13 0.000000e+00
 1934 -4.626786e-13 0.000000e+00
 1935 -5.187897e-13 0.000000e+00
 1936 -4.676867e-13 0.000000e+00
 1937 -4.700527e-13 0.000000e+00
 1938 -4.626609e-13 0.000000e+00
 1939 -4.617586e-13 0.000000e+00
 1940 -4.612450e-13 0.000000e+00
 1941 -4.614291e-13 0.000000e+00
 1942 -4.616813e-13 0.000000e+00
 1943 -4.576112e-13 0.000000e+00
 1944 -4.581573e-13 0.000000e+00
 1945 -5.066575e-13 0.000000e+00
 1946 -4.617353e-13 0.000000e+00
 1947 -4.637301e-13 0.000000e+00
 1948 -4.562100e-13 0.000000e+00
 1949 -4.544972e-13 0.000000e+00
 1950 -4.543776e-13 0.000000e+00
 1951 -4.533954e-13 0.000000e+00
 1952 -4.537383e-13 0.000000e+00
 1953 -4.487821e-13 0.000000e+00
 1954 -4.492610e-13 0.000000e+00
 1955 -4.931930e-13 0.000000e+00
 1956 -4.516551e-13 0.000000e+00
 1957 -4.531692e-13 0.000000e+00
 1958 -4.452013e-13 0.000000e+00
 1959 -4.437848e-13 0.000000e+00
 1960 -4.425509e-13 0.000000e+00
 1961 -4.415886e-13 0.000000e+00
 1962 -4.411997e-13 0.000000e+00
 1963 -4.353131e-13 0.000000e+00
 1964 -4.359226e-13 0.000000e+00
 1965 -4.770062e-13 0.000000e+00
 1966 -4.367746e-13 0.000000e+00
 1967 -4.391730e-13 0.000000e+00
 1968 -4.303383e-13 0.000000e+00
 1969 -4.283363e-13 0.000000e+00
 1970 -4.272927e-13 0.000000e+00
 1971 -4.258913e-13 0.000000e+00
 1972 -4.249565e-13 0.000000e+00
 1973 -4.188971e-13 0.000000e+00
 1974 -4.189885e-13 0.000000e+00
 1975 -4.590366e-13 0.000000e+00
 1976 -4.193213e-13 0.000000e+00
 1977 -4.217592e-13 0.000000e+00
 1978 -4.122663e-13 0.000000e+00
 1979 -4.097865e-13 0.000000e+00
 1980 -4.088585e-13 0.000000e+00
 1981 -4.070313e-13 0.000000e+00
 1982 -4.057181e-13 0.000000e+00
 1983 -3.995548e-13 0.000000e+00
 1984 -3.997343e-13 0.000000e+00
 1985 -4.398641e-13 0.000000e+00
 1986 -3.996117e-13 0.000000e+00
 1987 -4.019874e-13 0.000000e+00
 1988 -3.914610e-13 0.000000e+00
 1989 -3.893570e-13 0.000000e+00
 1990 -3.876350e-13 0.000000e+00
 1991 -3.860049e-13 0.000000e+00
 1992 -3.843121e-13 0.000000e+00
 1993 -3.786780e-13 0.000000e+00
 1994 -3.781258e-13 0.000000e+00
 1995 -4.199632e-13 0.000000e+00
 1996 -3.779578e-13 0.000000e+00
 1997 -3.800722e-13 0.000000e+00
 1998 -3.692115e-13 0.000000e+00
 1999 -3.669369e-13 0.000000e+00
 2000 -3.654058e-13 0.000000e+00
 2001 -3.634873e-13 0.000000e+00
 2002 -3.616871e-13 0.000000e+00
 2003 -3.562949e-13 0.000000e+00
 2004 -3.556323e-13 0.000000e+00
 2005 -3.990867e-13 0.000000e+00
 2006 -3.549708e-13 0.000000e+00
 2007 -3.570665e-13 0.000000e+00
 2008 -3.461545e-13 0.000000e+00
 2009 -3.435972e-13 0.000000e+00
 2010 -3.420164e-13 0.000000e+00
 2011 -3.401629e-13 0.000000e+00
 2012 -3.378163e-13 0.000000e+00
 2013 -3.334966e-13 0.000000e+00
 2014 -3.326568e-13 0.000000e+00
 2015 -3.779733e-13 0.000000e+00
 2016 -3.317687e-13 0.000000e+00
 2017 -3.334053e-13 0.000000e+00
 2018 -3.227945e-13 0.000000e+00
 2019 -3.200705e-13 0.000000e+00
 2020 -3.179097e-13 0.000000e+00
 2021 -3.166592e-13 0.000000e+00
 2022 -3.142162e-13 0.000000e+00
 2023 -3.104698e-13 0.000000e+00
 2024 -3.095085e-13 0.000000e+00
 2025 -3.568467e-13 0.000000e+00
 2026 -3.089115e-13 0.000000e+00
 2027 -3.096092e-13 0.000000e+00
 2028 -2.993717e-13 0.000000e+00
 2029 -2.967374e-13 0.000000e+00
 2030 -2.949395e-13 0.000000e+00
 2031 -2.930833e-13 0.000000e+00
 2032 -2.912913e-13 0.000000e+00
 2033 -2.883053e-13 0.000000e+00
 2034 -2.872402e-13 0.000000e+00
 2035 -3.350869e-13 0.000000e+00
 2036 -2.861654e-13 0.000000e+00
 2037 -2.867489e-13 0.000000e+00
 2038 -2.768742e-13 0.000000e+00
 2039 -2.743222e-13 0.000000e+00
 2040 -2.728215e-13 0.000000e+00
 2041 -2.711798e-13 0.000000e+00
 2042 -2.688464e-13 0.000000e+00
 2043 -2.670721e-13 0.000000e+00
 2044 -2.658098e-13 0.000000e+00
 2045 -3.129677e-13 0.000000e+00
 2046 -2.646520e-13 0.000000e+00
 2047 -2.650862e-13 0.000000e+00
 2048 -2.496028e-13 0.000000e+00
 2049 0.000000e+00 0.000000e+00
 2050 0.000000e+00 0.000000e+00
 2051 0.000000e+00 0.000000e+00
 2052 0.000000e+00 1.100772e-02
 2053 0.000000e+00 0.000000e+00
 2054 0.000000e+00 0.000000e+00
 2055 0.000000e+00 0.000000e+00
 2056 0.000000e+00 0.000000e+00
 2057 0.000000e+00 0.000000e+00
 2058 0.000000e+00 0.000000e+00
 2059 0.000000e+00 0.000000e+00
 2060 0.000000e+00 0.000000e+00
 2061 0.000000e+00 0.000000e+00
 2062 0.000000e+00 0.000000e+00
 2063 0.000000e+00 0.000000e+00
 2064 0.000000e+00 0.000000e+00
 2065 0.000000e+00 0.000000e+00
 2066 0.000000e+00 0.000000e+00
 2067 0.000000e+00 0.000000e+00
 2068 0.000000e+00 0.000000e+00
 2069 0.000000e+00 0.000000e+00
 2070 0.000000e+00 0.000000e+00
 2071 0.000000e+00 0.000000e+00
 2072 0.000000e+00 0.000000e+00
 2073 0.000000e+00 0.000000e+00
 2074 0.000000e+00 0.000000e+00
 2075 0.000000e+00 0.000000e+00
 2076 0.000000e+00 0.000000e+00
 2077 0.000000e+00 0.000000e+00
 2078 0.000000e+00 0.000000e+00
 2079 0.000000e+00 0.000000e+00
 2080 0.000000e+00 0.000000e+00
 2081 0.000000e+00 0.000000e+00
 2082 0.000000e+00 0.000000e+00
 2083 0.000000e+00 0.000000e+00
 2084 0.000000e+00 0.000000e+00
 2085 0.000000e+00 0.000000e+00
 2086 0.000000e+00 0.000000e+00
 2087 0.000000e+00 0.000000e+00
 2088 0.000000e+00 0.000000e+00
 2089 0.000000e+00 0.000000e+00
 2090 0.000000e+00 0.000000e+00
 2091 0.000000e+00 0.000000e+00
 2092 0.000000e+00 0.000000e+00
 2093 0.000000e+00 0.000000e+00
 2094 0.000000e+00 0.000000e+00
 2095 0.000000e+00 0.000000e+00
 2096 0.000000e+00 0.000000e+00
 2097 0.000000e+00 0.000000e+00
 2098 0.000000e+00 0.000000e+00
 2099 0.000000e+00 0.000000e+00
 2100 0.000000e+00 0.000000e+00
 2101 0.000000e+00 0.000000e+00
 2102 0.000000e+00 0.000000e+00
 2103 0.000000e+00 0.000000e+00
 2104 0.000000e+00 0.000000e+00
 2105 0.000000e+00 0.000000e+00
 2106 0.000000e+00 0.000000e+00
 2107 0.000000e+00 0.000000e+00
 2108 0.000000e+00 0.000000e+00
 2109 0.000000e+00 0.000000e+00
 2110 0.000000e+00 0.000000e+00
 2111 0.000000e+00 0.000000e+00
 2112 0.000000e+00 0.000000e+00
 2113 0.000000e+00 0.000000e+00
 2114 0.000000e+00 0.000000e+00
 2115 0.000000e+00 0.000000e+00
 2116 0.000000e+00 0.000000e+00
 2117 0.000000e+00 0.000000e+00
 2118 0.000000e+00 0.000000e+00
 2119 0.000000e+00 0.000000e+00
 2120 0.000000e+00 0.000000e+00
 2121 0.000000e+00 0.000000e+00
 2122 0.000000e+00 0.000000e+00
 2123 0.000000e+00 0.000000e+00
 2124 0.000000e+00 0.000000e+00
 2125 0.000000e+00 0.000000e+00
 2126 0.000000e+00 0.000000e+00
 2127 0.000000e+00 0.000000e+00
 2128 0.000000e+00 0.000000e+00
 2129 0.000000e+00 0.000000e+00
 2130 0.000000e+00 0.000000e+00
 2131 0.000000e+00 0.000000e+00
 2132 0.000000e+00 0.000000e+00
 2133 0.000000e+00 0.000000e+00
 2134 0.000000e+00 0.000000e+00
 2135 0.000000e+00 0.000000e+00
 2136 0.000000e+00 0.000000e+00
 2137 0.000000e+00 0.000000e+00
 2138 0.000000e+00 0.000000e+00
 2139 0.000000e+00 0.000000e+00
 2140 0.000000e+00 0.000000e+00
 2141 0.000000e+00 0.000000e+00
 2142 0.000000e+00 0.000000e+00
 2143 0.000000e+00 0.000000e+00
 2144 0.000000e+00 0.000000e+00
 2145 0.000000e+00 0.000000e+00
 2146 0.000000e+00 0.000000e+00
 2147 0.000000e+00 0.000000e+00
 2148 0.000000e+00 0.000000e+00
 2149 0.000000e+00 0.000000e+00
 2150 0.000000e+00 0.000000e+00
 2151 0.000000e+00 0.000000e+00
 2152 0.000000e+00 0.000000e+00
 2153 0.000000e+00 0.000000e+00
 2154 0.000000e+00 0.000000e+00
 2155 0.000000e+00 0.000000e+00
 2156 0.000000e+00 0.000000e+00
 2157 0.000000e+00 0.000000e+00
 2158 0.000000e+00 0.000000e+00
 2159 0.000000e+00 0.000000e+00
 2160 0.000000e+00 0.000000e+00
 2161 0.000000e+00 0.000000e+00
 2162 0.000000e+00 0.000000e+00
 2163 0.000000e+00 0.000000e+00
 2164 0.000000e+00 0.000000e+00
 2165 0.000000e+00 0.000000e+00
 2166 0.000000e+00 0.000000e+00
 2167 0.000000e+00 0.000000e+00
 2168 0.000000e+00 0.000000e+00
 2169 0.000000e+00 0.000000e+00
 2170 0.000000e+00 0.000000e+00
 2171 0.000000e+00 0.000000e+00
 2172 0.000000e+00 0.000000e+00
 2173 0.000000e+00 0.000000e+00
 2174 0.000000e+00 0.000000e+00
 2175 0.000000e+00 0.000000e+00
 2176 0.000000e+00 0.000000e+00
 2177 0.000000e+00 0.000000e+00
 2178 0.000000e+00 0.000000e+00
 2179 0.000000e+00 0.000000e+00
 2180 0.000000e+00 0.000000e+00
 2181 0.000000e+00 0.000000e+00
 2182 0.000000e+00 0.000000e+00
 2183 0.000000e+00 0.000000e+00
 2184 0.000000e+00 0.000000e+00
 2185 0.000000e+00 0.000000e+00
 2186 0.000000e+00 0.000000e+00
 2187 0.000000e+00 0.000000e+00
 2188 0.000000e+00 0.000000e+00
 2189 0.000000e+00 0.000000e+00
 2190 0.000000e+00 0.000000e+00
 2191 0.000000e+00 0.000000e+00
 2192 0.000000e+00 0.000000e+00
 2193 0.000000e+00 0.000000e+00
 2194 0.000000e+00 0.000000e+00
 2195 0.000000e+00 0.000000e+00
 2196 0.000000e+00 0.000000e+00
 2197 0.000000e+00 0.000000e+00
 2198 0.000000e+00 0.000000e+00
 2199 0.000000e+00 0.000000e+00
 2200 0.000000e+00 0.000000e+00
 2201 0.000000e+00 0.000000e+00
 2202 0.000000e+00 0.000000e+00
 2203 0.000000e+00 0.000000e+00
 2204 0.000000e+00 0.000000e+00
 2205 0.000000e+00 0.000000e+00
 2206 0.000000e+00 0.000000e+00
 2207 0.000000e+00 0.000000e+00
 2208 0.000000e+00 0.000000e+00
 2209 0.000000e+00 0.000000e+00
 2210 0.000000e+00 0.000000e+00
 2211 0.000000e+00 0.000000e+00
 2212 0.000000e+00 0.000000e+00
 2213 0.000000e+00 0.000000e+00
 2214 0.000000e+00 0.000000e+00
 2215 0.000000e+00 0.000000e+00
 2216 0.000000e+00 0.000000e+00
 2217 0.000000e+00 0.000000e+00
 2218 0.000000e+00 0.000000e+00
 2219 0.000000e+00 0.000000e+00
 2220 0.000000e+00 0.000000e+00
 2221 0.000000e+00 0.000000e+00
 2222 0.000000e+00 0.000000e+00
 2223 0.000000e+00 0.000000e+00
 2224 0.000000e+00 0.000000e+00
 2225 0.000000e+00 0.000000e+00
 2226 0.000000e+00 0.000000e+00
 2227 0.000000e+00 0.000000e+00
 2228 0.000000e+00 0.000000e+00
 2229 0.000000e+00 0.000000e+00
 2230 0.000000e+00 0.000000e+00
 2231 0.000000e+00 0.000000e+00
 2232 0.000000e+00 0.000000e+00
 2233 0.000000e+00 0.000000e+00
 2234 0.000000e+00 0.000000e+00
 2235 0.000000e+00 0.000000e+00
 2236 0.000000e+00 0.000000e+00
 2237 0.000000e+00 0.000000e+00
 2238 0.000000e+00 0.000000e+00
 2239 0.000000e+00 0.000000e+00
 2240 0.000000e+00 0.000000e+00
 2241 0.000000e+00 0.000000e+00
 2242 0.000000e+00 0.000000e+00
 2243 0.000000e+00 0.000000e+00
 2244 0.000000e+00 0.000000e+00
 2245 0.000000e+00 0.000000e+00
 2246 0.000000e+00 0.000000e+00
 2247 0.000000e+00 0.000000e+00
 2248 0.000000e+00 0.000000e+00
 2249 0.000000e+00 0.000000e+00
 2250 0.000000e+00 0.000000e+00
 2251 0.000000e+00 0.000000e+00
 2252 0.000000e+00 0.000000e+00
 2253 0.000000e+00 0.000000e+00
 2254 0.000000e+00 0.000000e+00
 2255 0.000000e+00 0.000000e+00
 2256 0.000000e+00 0.000000e+00
 2257 0.000000e+00 0.000000e+00
 2258 0.000000e+00 0.000000e+00
 2259 0.000000e+00 0.000000e+00
 2260 0.000000e+00 0.000000e+00
 2261 0.000000e+00 0.000000e+00
 2262 0.000000e+00 0.000000e+00
 2263 0.000000e+00 0.000000e+00
 2264 0.000000e+00 0.000000e+00
 2265 0.000000e+00 0.000000e+00
 2266 0.000000e+00 0.000000e+00
 2267 0.000000e+00 0.000000e+00
 2268 0.000000e+00 0.000000e+00
 2269 0.000000e+00 0.000000e+00
 2270 0.000000e+00 0.000000e+00
 2271 0.000000e+00 0.000000e+00
 2272 0.000000e+00 0.000000e+00
 2273 0.000000e+00 0.000000e+00
 2274 0.000000e+00 0.000000e+00
 2275 0.000000e+00 0.000000e+00
 2276 0.000000e+00 0.000000e+00
 2277 0.000000e+00 0.000000e+00
 2278 0.000000e+00 0.000000e+00
 2279 0.000000e+00 0.000000e+00
 2280 0.000000e+00 0.000000e+00
 2281 0.000000e+00 0.000000e+00
 2282 0.000000e+00 0.000000e+00
 2283 0.000000e+00 0.000000e+00
 2284 0.000000e+00 0.000000e+00
 2285 0.000000e+00 0.000000e+00
 2286 0.000000e+00 0.000000e+00
 2287 0.000000e+00 0.000000e+00
 2288 0.000000e+00 0.000000e+00
 2289 0.000000e+00 0.000000e+00
 2290 0.000000e+00 0.000000e+00
 2291 0.000000e+00 0.000000e+00
 2292 0.000000e+00 0.000000e+00
 2293 0.000000e+00 0.000000e+00
 2294 0.000000e+00 0.000000e+00
 2295 0.000000e+00 0.000000e+00
 2296 0.000000e+00 0.000000e+00
 2297 0.000000e+00 0.000000e+00
 2298 0.000000e+00 0.000000e+00
 2299 0.000000e+00 0.000000e+00
 2300 0.000000e+00 0.000000e+00
 2301 0.000000e+00 0.000000e+00
 2302 0.000000e+00 0.000000e+00
 2303 0.000000e+00 0.000000e+00
 2304 0.000000e+00 0.000000e+00
 2305 0.000000e+00 0.000000e+00
 2306 0.000000e+00 0.000000e+00
 2307 0.000000e+00 0.000000e+00
 2308 0.000000e+00 0.000000e+00
 2309 0.000000e+00 0.000000e+00
 2310 0.000000e+00 0.000000e+00
 2311 0.000000e+00 0.000000e+00
 2312 0.000000e+00 0.000000e+00
 2313 0.000000e+00 0.000000e+00
 2314 0.000000e+00 0.000000e+00
 2315 0.000000e+00 0.000000e+00
 2316 0.000000e+00 0.000000e+00
 2317 0.000000e+00 0.000000e+00
 2318 0.000000e+00 0.000000e+00
 2319 0.000000e+00 0.000000e+00
 2320 0.000000e+00 0.000000e+00
 2321 0.000000e+00 0.000000e+00
 2322 0.000000e+00 0.000000e+00
 2323 0.000000e+00 0.000000e+00
 2324 0.000000e+00 0.000000e+00
 2325 0.000000e+00 0.000000e+00
 2326 0.000000e+00 0.000000e+00
 2327 0.000000e+00 0.000000e+00
 2328 0.000000e+00 0.000000e+00
 2329 0.000000e+00 0.000000e+00
 2330 0.000000e+00 0.000000e+00
 2331 0.000000e+00 0.000000e+00
 2332 0.000000e+00 0.000000e+00
 2333 0.000000e+00 0.000000e+00
 2334 0.000000e+00 0.000000e+00
 2335 0.000000e+00 0.000000e+00
 2336 0.000000e+00 0.000000e+00
 2337 0.000000e+00 0.000000e+00
 2338 0.000000e+00 0.000000e+00
 2339 0.000000e+00 0.000000e+00
 2340 0.000000e+00 0.000000e+00
 2341 0.000000e+00 0.000000e+00
 2342 0.000000e+00 0.000000e+00
 2343 0.000000e+00 0.000000e+00
 2344 0.000000e+00 0.000000e+00
 2345 0.000000e+00 0.000000e+00
 2346 0.000000e+00 0.000000e+00
 2347 0.000000e+00 0.000000e+00
 2348 0.000000e+00 0.000000e+00
 2349 0.000000e+00 0.000000e+00
 2350 0.000000e+00 0.000000e+00
 2351 0.000000e+00 0.000000e+00
 2352 0.000000e+00 1.664586e-02
 2353 0.000000e+00 0.000000e+00
 2354 0.000000e+00 0.000000e+00
 2355 0.000000e+00 0.000000e+00
 2356 0.000000e+00 0.000000e+00
 2357 0.000000e+00 0.000000e+00
 2358 0.000000e+00 0.000000e+00
 2359 0.000000e+00 0.000000e+00
 2360 0.000000e+00 0.000000e+00
 2361 0.000000e+00 0.000000e+00
 2362 0.000000e+00 0.000000e+00
 2363 0.000000e+00 0.000000e+00
 2364 0.000000e+00 0.000000e+00
 2365 0.000000e+00 0.000000e+00
 2366 0.000000e+00 0.000000e+00
 2367 0.000000e+00 0.000000e+00
 2368 0.000000e+00 0.000000e+00
 2369 0.000000e+00 0.000000e+00
 2370 0.000000e+00 0.000000e+00
 2371 0.000000e+00 0.000000e+00
 2372 0.000000e+00 0.000000e+00
 2373 0.000000e+00 0.000000e+00
 2374 0.000000e+00 0.000000e+00
 2375 0.000000e+00 0.000000e+00
 2376 0.000000e+00 0.000000e+00
 2377 0.000000e+00 0.000000e+00
 2378 0.000000e+00 0.000000e+00
 2379 0.000000e+00 0.000000e+00
 2380 0.000000e+00 0.000000e+00
 2381 0.000000e+00 0.000000e+00
 2382 0.000000e+00 0.000000e+00
 2383 0.000000e+00 0.000000e+00
 2384 0.000000e+00 0.000000e+00
 2385 0.000000e+00 0.000000e+00
 2386 0.000000e+00 0.000000e+00
 2387 0.000000e+00 0.000000e+00
 2388 0.000000e+00 0.000000e+00
 2389 0.000000e+00 0.000000e+00
 2390 0.000000e+00 0.000000e+00
 2391 0.000000e+00 0.000000e+00
 2392 0.000000e+00 0.000000e+00
 2393 0.000000e+00 0.000000e+00
 2394 0.000000e+00 0.000000e+00
 2395 0.000000e+00 0.000000e+00
 2396 0.000000e+00 0.000000e+00
 2397 0.000000e+00 0.000000e+00
 2398 0.000000e+00 0.000000e+00
 2399 0.000000e+00 0.000000e+00
 2400 0.000000e+00 0.000000e+00
 2401 0.000000e+00 0.000000e+00
 2402 0.000000e+00 0.000000e+00
 2403 0.000000e+00 0.000000e+00
 2404 0.000000e+00 0.000000e+00
 2405 0.000000e+00 0.000000e+00
 2406 0.000000e+00 0.000000e+00
 2407 0.000000e+00 0.000000e+00
 2408 0.000000e+00 0.000000e+00
 2409 0.000000e+00 0.000000e+00
 2410 0.000000e+00 0.000000e+00
 2411 0.000000e+00 0.000000e+00
 2412 0.000000e+00 0.000000e+00
 2413 0.000000e+00 0.000000e+00
 2414 0.000000e+00 0.000000e+00
 2415 0.000000e+00 0.000000e+00
 2416 0.000000e+00 0.000000e+00
 2417 0.000000e+00 0.000000e+00
 2418 0.000000e+00 0.000000e+00
 2419 0.000000e+00 0.000000e+00
 2420 0.000000e+00 0.000000e+00
 2421 0.000000e+00 0.000000e+00
 2422 0.000000e+00 0.000000e+00
 2423 0.000000e+00 0.000000e+00
 2424 0.000000e+00 0.000000e+00
 2425 0.000000e+00 0.000000e+00
 2426 0.000000e+00 0.000000e+00
 2427 0.000000e+00 0.000000e+00
 2428 0.000000e+00 0.000000e+00
 2429 0.000000e+00 0.000000e+00
 2430 0.000000e+00 0.000000e+00
 2431 0.000000e+00 0.000000e+00
 2432 0.000000e+00 0.000000e+00
 2433 0.000000e+00 0.000000e+00
 2434 0.000000e+00 0.000000e+00
 2435 0.000000e+00 0.000000e+00
 2436 0.000000e+00 0.000000e+00
 2437 0.000000e+00 0.000000e+00
 2438 0.000000e+00 0.000000e+00
 2439 0.000000e+00 0.000000e+00
 2440 0.000000e+00 0.000000e+00
 2441 0.000000e+00 0.000000e+00
 2442 0.000000e+00 0.000000e+00
 2443 0.000000e+00 0.000000e+00
 2444 0.000000e+00 0.000000e+00
 2445 0.000000e+00 0.000000e+00
 2446 0.000000e+00 0.000000e+00
 2447 0.000000e+00 0.000000e+00
 2448 0.000000e+00 0.000000e+00
 2449 0.000000e+00 0.000000e+00
 2450 0.000000e+00 0.000000e+00
 2451 0.000000e+00 0.000000e+00
 2452 0.000000e+00 0.000000e+00
 2453 0.000000e+00 0.000000e+00
 2454 0.000000e+00 0.000000e+00
 2455 0.000000e+00 0.000000e+00
 2456 0.000000e+00 0.000000e+00
 2457 0.000000e+00 0.000000e+00
 2458 0.000000e+00 0.000000e+00
 2459 0.000000e+00 0.000000e+00
 2460 0.000000e+00 0.000000e+00
 2461 0.000000e+00 0.000000e+00
 2462 0.000000e+00 0.000000e+00
 2463 0.000000e+00 0.000000e+00
 2464 0.000000e+00 0.000000e+00
 2465 0.000000e+00 0.000000e+00
 2466 0.000000e+00 0.000000e+00
 2467 0.000000e+00 0.000000e+00
 2468 0.000000e+00 0.000000e+00
 2469 0.000000e+00 0.000000e+00
 2470 0.000000e+00 0.000000e+00
 2471 0.000000e+00 0.000000e+00
 2472 0.000000e+00 0.000000e+00
 2473 0.000000e+00 0.000000e+00
 2474 0.000000e+00 0.000000e+00
 2475 0.000000e+00 0.000000e+00
 2476 0.000000e+00 0.000000e+00
 2477 0.000000e+00 0.000000e+00
 2478 0.000000e+00 0.000000e+00
 2479 0.000000e+00 0.000000e+00
 2480 0.000000e+00 0.000000e+00
 2481 0.000000e+00 0.000000e+00
 2482 0.000000e+00 0.000000e+00
 2483 0.000000e+00 0.000000e+00
 2484 0.000000e+00 0.000000e+00
 2485 0.000000e+00 0.000000e+00
 2486 0.000000e+00 0.000000e+00
 2487 0.000000e+00 0.000000e+00
 2488 0.000000e+00 0.000000e+00
 2489 0.000000e+00 0.000000e+00
 2490 0.000000e+00 0.000000e+00
 2491 0.000000e+00 0.000000e+00
 2492 0.000000e+00 0.000000e+00
 2493 0.000000e+00 0.000000e+00
 2494 0.000000e+00 0.000000e+00
 2495 0.000000e+00 0.000000e+00
 2496 0.000000e+00 0.000000e+00
 2497 0.000000e+00 0.000000e+00
 2498 0.000000e+00 0.000000e+00
 2499 0.000000e+00 0.000000e+00
 2500 0.000000e+00 1.344378e-02
