    0 0.000000e+00 0.000000e+00
    1 0.000000e+00 0.000000e+00
    2 -8.891434e-21 9.489735e-06
    3 -9.389135e-21 0.000000e+00
    4 -9.923668e-21 0.000000e+00
    5 -1.037079e-20 0.000000e+00
    6 -1.070479e-20 0.000000e+00
    7 -1.093270e-20 0.000000e+00
    8 -1.107965e-20 0.000000e+00
    9 -1.114537e-20 0.000000e+00
   10 -1.116443e-20 0.000000e+00
   11 -1.114618e-20 0.000000e+00
   12 -1.108432e-20 1.865337e-04
   13 -1.100062e-20 0.000000e+00
   14 -1.090423e-20 0.000000e+00
   15 -1.079605e-20 0.000000e+00
   16 -1.067338e-20 0.000000e+00
   17 -1.053922e-20 0.000000e+00
   18 -1.040521e-20 0.000000e+00
   19 -1.025774e-20 0.000000e+00
   20 3.607520e-20 0.000000e+00
   21 3.555767e-20 0.000000e+00
   22 3.503719e-20 3.643316e-04
   23 -9.677210e-21 0.000000e+00
   24 -9.533111e-21 0.000000e+00
   25 -9.389695e-21 0.000000e+00
   26 -9.248486e-21 0.000000e+00
   27 -9.107856e-21 0.000000e+00
   28 -8.969427e-21 0.000000e+00
   29 -8.832601e-21 0.000000e+00
   30 -8.697421e-21 0.000000e+00
   31 -8.566319e-21 0.000000e+00
   32 -8.436800e-21 5.398454e-04
   33 2.963460e-20 0.000000e+00
   34 -8.181852e-21 0.000000e+00
   35 -8.058666e-21 0.000000e+00
   36 -7.937765e-21 0.000000e+00
   37 -7.819774e-21 0.000000e+00
   38 -7.703305e-21 0.000000e+00
   39 -7.589004e-21 0.000000e+00
   40 -7.477437e-21 0.000000e+00
   41 2.627912e-20 0.000000e+00
   42 -7.259959e-21 7.108602e-04
   43 -7.154464e-21 0.000000e+00
   44 -7.051991e-21 0.000000e+00
   45 -6.950838e-21 0.000000e+00
   46 2.443710e-20 0.000000e+00
   47 2.408936e-20 0.000000e+00
   48 2.374965e-20 0.000000e+00
   49 1.685306e-20 0.000000e+00
   50 1.661726e-20 0.000000e+00
   51 1.638456e-20 0.000000e+00
   52 1.615387e-20 8.752931e-04
   53 2.213457e-20 0.000000e+00
   54 2.843936e-25 0.000000e+00
   55 2.805514e-25 0.000000e+00
   56 2.767401e-25 0.000000e+00
   57 2.729786e-25 0.000000e+00
   58 1.487771e-20 0.000000e+00
   59 1.467722e-20 0.000000e+00
   60 1.448029e-20 0.000000e+00
   61 1.984834e-20 0.000000e+00
   62 1.409430e-20 1.032915e-03
   63 1.390933e-20 0.000000e+00
   64 1.372596e-20 0.000000e+00
   65 1.882331e-20 0.000000e+00
   66 -5.208508e-21 0.000000e+00
   67 1.319786e-20 0.000000e+00
   68 1.302691e-20 0.000000e+00
   69 -5.008553e-21 0.000000e+00
   70 1.269183e-20 0.000000e+00
   71 1.252901e-20 0.000000e+00
   72 1.236838e-20 1.182493e-03
   73 2.210203e-25 0.000000e+00
   74 -4.696332e-21 0.000000e+00
   75 -4.637393e-21 0.000000e+00
   76 -4.579042e-21 0.000000e+00
   77 1.612779e-20 0.000000e+00
   78 -4.464271e-21 0.000000e+00
   79 1.572622e-20 0.000000e+00
   80 0.000000e+00 0.000000e+00
   81 1.103756e-20 0.000000e+00
   82 1.090062e-20 1.322396e-03
   83 1.076655e-20 0.000000e+00
   84 -4.142095e-21 0.000000e+00
   85 1.459538e-20 0.000000e+00
   86 1.037612e-20 0.000000e+00
   87 1.855095e-25 0.000000e+00
   88 1.012541e-20 0.000000e+00
   89 1.389978e-20 0.000000e+00
   90 9.882806e-21 0.000000e+00
   91 -3.803595e-21 0.000000e+00
   92 9.648404e-21 1.453190e-03
   93 9.533593e-21 0.000000e+00
   94 1.309085e-20 0.000000e+00
   95 1.293719e-20 0.000000e+00
   96 9.202122e-21 0.000000e+00
   97 0.000000e+00 0.000000e+00
   98 -3.501396e-21 0.000000e+00
   99 8.885571e-21 0.000000e+00
  100 8.798847e-16 0.000000e+00
  101 8.640503e-16 0.000000e+00
  102 8.978576e-16 3.147511e-03
  103 9.255568e-16 0.000000e+00
  104 8.878420e-16 0.000000e+00
  105 1.401910e-15 0.000000e+00
  106 8.947676e-16 0.000000e+00
  107 9.248533e-16 0.000000e+00
  108 9.459592e-16 0.000000e+00
  109 9.301308e-16 0.000000e+00
  110 9.715286e-16 0.000000e+00
  111 9.901416e-16 0.000000e+00
  112 9.411252e-16 0.000000e+00
  113 9.960430e-16 0.000000e+00
  114 9.896629e-16 0.000000e+00
  115 1.580111e-15 0.000000e+00
  116 9.887768e-16 0.000000e+00
  117 1.012225e-15 0.000000e+00
  118 9.835951e-16 0.000000e+00
  119 1.078524e-15 0.000000e+00
  120 1.032582e-15 0.000000e+00
  121 1.022894e-15 0.000000e+00
  122 1.039909e-15 0.000000e+00
  123 1.071976e-15 0.000000e+00
  124 1.073119e-15 0.000000e+00
  125 1.709891e-15 0.000000e+00
  126 1.098293e-15 0.000000e+00
  127 1.113831e-15 0.000000e+00
  128 1.125077e-15 0.000000e+00
  129 1.100830e-15 0.000000e+00
  130 1.136112e-15 0.000000e+00
  131 1.111266e-15 0.000000e+00
  132 1.169474e-15 5.630893e-03
  133 1.168581e-15 0.000000e+00
  134 1.177748e-15 0.000000e+00
  135 1.807024e-15 0.000000e+00
  136 1.176360e-15 0.000000e+00
  137 1.219684e-15 0.000000e+00
  138 1.159682e-15 0.000000e+00
  139 1.185903e-15 0.000000e+00
  140 1.206940e-15 0.000000e+00
  141 1.194031e-15 0.000000e+00
  142 1.219919e-15 0.000000e+00
  143 1.275950e-15 0.000000e+00
  144 1.231883e-15 0.000000e+00
  145 1.960310e-15 0.000000e+00
  146 1.269292e-15 0.000000e+00
  147 1.267345e-15 0.000000e+00
  148 1.257359e-15 0.000000e+00
  149 1.253417e-15 0.000000e+00
  150 1.281812e-15 0.000000e+00
  151 1.310642e-15 0.000000e+00
  152 1.280910e-15 0.000000e+00
  153 1.344197e-15 0.000000e+00
  154 1.292917e-15 0.000000e+00
  155 2.137813e-15 0.000000e+00
  156 1.293912e-15 0.000000e+00
  157 1.320355e-15 0.000000e+00
  158 1.323359e-15 0.000000e+00
  159 1.375743e-15 0.000000e+00
  160 1.318364e-15 0.000000e+00
  161 1.396351e-15 0.000000e+00
  162 1.346500e-15 6.299463e-03
  163 1.409061e-15 0.000000e+00
  164 1.377344e-15 0.000000e+00
  165 2.210186e-15 0.000000e+00
  166 1.357130e-15 0.000000e+00
  167 1.439124e-15 0.000000e+00
  168 1.387162e-15 0.000000e+00
  169 1.438839e-15 0.000000e+00
  170 1.428778e-15 0.000000e+00
  171 1.407948e-15 0.000000e+00
  172 1.434117e-15 0.000000e+00
  173 1.504950e-15 0.000000e+00
  174 1.448597e-15 0.000000e+00
  175 2.383488e-15 0.000000e+00
  176 1.441610e-15 0.000000e+00
  177 1.487489e-15 0.000000e+00
  178 1.484007e-15 0.000000e+00
  179 1.508199e-15 0.000000e+00
  180 1.498220e-15 0.000000e+00
  181 1.497334e-15 0.000000e+00
  182 1.516724e-15 0.000000e+00
  183 1.584203e-15 0.000000e+00
  184 1.551424e-15 0.000000e+00
  185 2.490661e-15 0.000000e+00
  186 1.537188e-15 0.000000e+00
  187 1.603993e-15 0.000000e+00
  188 1.552803e-15 0.000000e+00
  189 1.602555e-15 0.000000e+00
  190 1.580240e-15 0.000000e+00
  191 1.577603e-15 0.000000e+00
  192 1.650241e-15 6.784888e-03
  193 1.685623e-15 0.000000e+00
  194 1.634827e-15 0.000000e+00
  195 2.644614e-15 0.000000e+00
  196 1.614756e-15 0.000000e+00
  197 1.693744e-15 0.000000e+00
  198 1.676519e-15 0.000000e+00
  199 1.680483e-15 0.000000e+00
  200 1.670659e-15 0.000000e+00
  201 1.666259e-15 0.000000e+00
  202 1.730043e-15 0.000000e+00
  203 1.759140e-15 0.000000e+00
  204 1.780830e-15 0.000000e+00
  205 2.790727e-15 0.000000e+00
  206 1.744128e-15 0.000000e+00
  207 1.785682e-15 0.000000e+00
  208 1.778022e-15 0.000000e+00
  209 1.745294e-15 0.000000e+00
  210 1.779823e-15 0.000000e+00
  211 1.792090e-15 0.000000e+00
  212 1.764279e-15 0.000000e+00
  213 1.870367e-15 0.000000e+00
  214 1.884136e-15 0.000000e+00
  215 2.983646e-15 0.000000e+00
  216 1.859802e-15 0.000000e+00
  217 1.917743e-15 0.000000e+00
  218 1.867211e-15 0.000000e+00
  219 1.853074e-15 0.000000e+00
  220 1.866463e-15 0.000000e+00
  221 1.881792e-15 0.000000e+00
  222 1.879170e-15 7.154895e-03
  223 1.975458e-15 0.000000e+00
  224 1.953600e-15 0.000000e+00
  225 3.145669e-15 0.000000e+00
  226 2.017028e-15 0.000000e+00
  227 1.994417e-15 0.000000e+00
  228 1.976297e-15 0.000000e+00
  229 1.978686e-15 0.000000e+00
  230 1.963258e-15 0.000000e+00
  231 1.986812e-15 0.000000e+00
  232 1.999528e-15 0.000000e+00
  233 2.085461e-15 0.000000e+00
  234 2.101721e-15 0.000000e+00
  235 3.329964e-15 0.000000e+00
  236 2.079552e-15 0.000000e+00
  237 2.117324e-15 0.000000e+00
  238 2.106881e-15 0.000000e+00
  239 2.067680e-15 0.000000e+00
  240 2.165772e-15 0.000000e+00
  241 2.107142e-15 0.000000e+00
  242 2.118529e-15 0.000000e+00
  243 2.262853e-15 0.000000e+00
  244 2.209158e-15 0.000000e+00
  245 3.491672e-15 0.000000e+00
  246 2.209293e-15 0.000000e+00
  247 2.257469e-15 0.000000e+00
  248 2.225528e-15 0.000000e+00
  249 2.268890e-15 0.000000e+00
  250 2.269268e-15 0.000000e+00
  251 2.270115e-15 0.000000e+00
  252 2.234554e-15 7.470423e-03
  253 2.361358e-15 0.000000e+00
  254 2.412682e-15 0.000000e+00
  255 3.654342e-15 0.000000e+00
  256 2.390830e-15 0.000000e+00
  257 2.388559e-15 0.000000e+00
  258 2.399394e-15 0.000000e+00
  259 2.369399e-15 0.000000e+00
  260 2.398218e-15 0.000000e+00
  261 2.401967e-15 0.000000e+00
  262 2.408342e-15 0.000000e+00
  263 2.567257e-15 0.000000e+00
  264 2.549097e-15 0.000000e+00
  265 3.864606e-15 0.000000e+00
  266 2.573004e-15 0.000000e+00
  267 2.529404e-15 0.000000e+00
  268 2.536838e-15 0.000000e+00
  269 2.603270e-15 0.000000e+00
  270 2.538565e-15 0.000000e+00
  271 2.544403e-15 0.000000e+00
  272 2.595197e-15 0.000000e+00
  273 2.710462e-15 0.000000e+00
  274 2.737019e-15 0.000000e+00
  275 4.046966e-15 0.000000e+00
  276 2.761122e-15 0.000000e+00
  277 2.684829e-15 0.000000e+00
  278 2.730472e-15 0.000000e+00
  279 2.801244e-15 0.000000e+00
  280 2.693531e-15 0.000000e+00
  281 2.748926e-15 0.000000e+00
  282 2.733150e-15 7.770769e-03
  283 2.892642e-15 0.000000e+00
  284 2.908051e-15 0.000000e+00
  285 4.296679e-15 0.000000e+00
  286 2.929976e-15 0.000000e+00
  287 2.880646e-15 0.000000e+00
  288 2.917511e-15 0.000000e+00
  289 2.973751e-15 0.000000e+00
  290 2.898429e-15 0.000000e+00
  291 2.943524e-15 0.000000e+00
  292 2.964716e-15 0.000000e+00
  293 3.070795e-15 0.000000e+00
  294 3.113307e-15 0.000000e+00
  295 4.510678e-15 0.000000e+00
  296 3.126402e-15 0.000000e+00
  297 3.090425e-15 0.000000e+00
  298 3.137199e-15 0.000000e+00
  299 3.094344e-15 0.000000e+00
  300 3.111104e-15 0.000000e+00
  301 3.162591e-15 0.000000e+00
  302 3.136825e-15 0.000000e+00
  303 3.288873e-15 0.000000e+00
  304 3.331831e-15 0.000000e+00
  305 4.649413e-15 0.000000e+00
  306 3.273153e-15 0.000000e+00
  307 3.277607e-15 0.000000e+00
  308 3.296049e-15 0.000000e+00
  309 3.270390e-15 0.000000e+00
  310 3.311578e-15 0.000000e+00
  311 3.283805e-15 0.000000e+00
  312 3.384158e-15 8.083101e-03
  313 3.457863e-15 0.000000e+00
  314 3.514361e-15 0.000000e+00
  315 4.813103e-15 0.000000e+00
  316 3.420475e-15 0.000000e+00
  317 3.443291e-15 0.000000e+00
  318 3.444696e-15 0.000000e+00
  319 3.446934e-15 0.000000e+00
  320 3.482562e-15 0.000000e+00
  321 3.490033e-15 0.000000e+00
  322 3.489628e-15 0.000000e+00
  323 3.683769e-15 0.000000e+00
  324 3.620517e-15 0.000000e+00
  325 4.870625e-15 0.000000e+00
  326 3.594503e-15 0.000000e+00
  327 3.538883e-15 0.000000e+00
  328 3.541680e-15 0.000000e+00
  329 3.599199e-15 0.000000e+00
  330 3.566543e-15 0.000000e+00
  331 3.590447e-15 0.000000e+00
  332 3.627684e-15 0.000000e+00
  333 3.728876e-15 0.000000e+00
  334 3.709278e-15 0.000000e+00
  335 4.927523e-15 0.000000e+00
  336 3.668511e-15 0.000000e+00
  337 3.641683e-15 0.000000e+00
  338 3.646191e-15 0.000000e+00
  339 3.611169e-15 0.000000e+00
  340 3.686215e-15 0.000000e+00
  341 3.627556e-15 0.000000e+00
  342 3.643300e-15 8.413034e-03
  343 3.777881e-15 0.000000e+00
  344 3.712893e-15 0.000000e+00
  345 4.941727e-15 0.000000e+00
  346 3.705228e-15 0.000000e+00
  347 3.632850e-15 0.000000e+00
  348 3.651286e-15 0.000000e+00
  349 3.650850e-15 0.000000e+00
  350 3.635293e-15 0.000000e+00
  351 3.632263e-15 0.000000e+00
  352 3.611235e-15 0.000000e+00
  353 3.710716e-15 0.000000e+00
  354 3.681241e-15 0.000000e+00
  355 4.843346e-15 0.000000e+00
  356 3.596847e-15 0.000000e+00
  357 3.578070e-15 0.000000e+00
  358 3.603737e-15 0.000000e+00
  359 3.584010e-15 0.000000e+00
  360 3.536990e-15 0.000000e+00
  361 3.508154e-15 0.000000e+00
  362 3.482323e-15 0.000000e+00
  363 3.589820e-15 0.000000e+00
  364 3.550142e-15 0.000000e+00
  365 4.672565e-15 0.000000e+00
  366 3.481052e-15 0.000000e+00
  367 3.499279e-15 0.000000e+00
  368 3.410109e-15 0.000000e+00
  369 3.361513e-15 0.000000e+00
  370 3.356292e-15 0.000000e+00
  371 3.337015e-15 0.000000e+00
  372 3.305236e-15 8.757590e-03
  373 3.417250e-15 0.000000e+00
  374 3.347809e-15 0.000000e+00
  375 4.377764e-15 0.000000e+00
  376 3.253331e-15 0.000000e+00
  377 3.244022e-15 0.000000e+00
  378 3.197346e-15 0.000000e+00
  379 3.105705e-15 0.000000e+00
  380 3.133188e-15 0.000000e+00
  381 3.101111e-15 0.000000e+00
  382 3.026090e-15 0.000000e+00
  383 3.134052e-15 0.000000e+00
  384 3.107110e-15 0.000000e+00
  385 4.032674e-15 0.000000e+00
  386 3.009292e-15 0.000000e+00
  387 2.921995e-15 0.000000e+00
  388 2.914612e-15 0.000000e+00
  389 2.871850e-15 0.000000e+00
  390 2.843296e-15 0.000000e+00
  391 2.816886e-15 0.000000e+00
  392 2.773867e-15 0.000000e+00
  393 2.865654e-15 0.000000e+00
  394 2.784136e-15 0.000000e+00
  395 3.763427e-15 0.000000e+00
  396 2.738190e-15 0.000000e+00
  397 2.653656e-15 0.000000e+00
  398 2.604569e-15 0.000000e+00
  399 2.615990e-15 0.000000e+00
  400 2.559867e-15 0.000000e+00
  401 2.563973e-15 0.000000e+00
  402 2.500752e-15 9.109360e-03
  403 2.603320e-15 0.000000e+00
  404 2.558194e-15 0.000000e+00
  405 3.510313e-15 0.000000e+00
  406 2.451169e-15 0.000000e+00
  407 2.473854e-15 0.000000e+00
  408 2.368285e-15 0.000000e+00
  409 2.402244e-15 0.000000e+00
  410 2.345027e-15 0.000000e+00
  411 2.358972e-15 0.000000e+00
  412 2.305178e-15 0.000000e+00
  413 2.445865e-15 0.000000e+00
  414 2.384213e-15 0.000000e+00
  415 3.442399e-15 0.000000e+00
  416 2.310297e-15 0.000000e+00
  417 2.319274e-15 0.000000e+00
  418 2.285478e-15 0.000000e+00
  419 2.218551e-15 0.000000e+00
  420 2.258395e-15 0.000000e+00
  421 2.239360e-15 0.000000e+00
  422 2.206111e-15 0.000000e+00
  423 2.380860e-15 0.000000e+00
  424 2.311529e-15 0.000000e+00
  425 3.529314e-15 0.000000e+00
  426 2.290567e-15 0.000000e+00
  427 2.297044e-15 0.000000e+00
  428 2.243217e-15 0.000000e+00
  429 2.196337e-15 0.000000e+00
  430 2.221554e-15 0.000000e+00
  431 2.175231e-15 0.000000e+00
  432 2.234390e-15 9.458343e-03
  433 2.394801e-15 0.000000e+00
  434 2.303379e-15 0.000000e+00
  435 3.769478e-15 0.000000e+00
  436 2.361849e-15 0.000000e+00
  437 2.305350e-15 0.000000e+00
  438 2.271216e-15 0.000000e+00
  439 2.284611e-15 0.000000e+00
  440 2.300803e-15 0.000000e+00
  441 2.236802e-15 0.000000e+00
  442 2.289439e-15 0.000000e+00
  443 2.483589e-15 0.000000e+00
  444 2.415159e-15 0.000000e+00
  445 4.238307e-15 0.000000e+00
  446 2.438427e-15 0.000000e+00
  447 2.458981e-15 0.000000e+00
  448 2.442287e-15 0.000000e+00
  449 2.472760e-15 0.000000e+00
  450 2.408891e-15 0.000000e+00
  451 2.414796e-15 0.000000e+00
  452 2.449818e-15 0.000000e+00
  453 2.720530e-15 0.000000e+00
  454 2.670132e-15 0.000000e+00
  455 4.766773e-15 0.000000e+00
  456 2.707086e-15 0.000000e+00
  457 2.631915e-15 0.000000e+00
  458 2.706279e-15 0.000000e+00
  459 2.695219e-15 0.000000e+00
  460 2.679742e-15 0.000000e+00
  461 2.728824e-15 0.000000e+00
  462 2.720503e-15 9.793048e-03
  463 3.020538e-15 0.000000e+00
  464 2.948627e-15 0.000000e+00
  465 5.374868e-15 0.000000e+00
  466 3.023896e-15 0.000000e+00
  467 2.959122e-15 0.000000e+00
  468 2.925037e-15 0.000000e+00
  469 2.954304e-15 0.000000e+00
  470 2.980559e-15 0.000000e+00
  471 3.010495e-15 0.000000e+00
  472 3.013889e-15 0.000000e+00
  473 3.324640e-15 0.000000e+00
  474 3.221242e-15 0.000000e+00
  475 6.047948e-15 0.000000e+00
  476 3.315719e-15 0.000000e+00
  477 3.189746e-15 0.000000e+00
  478 3.179581e-15 0.000000e+00
  479 3.258549e-15 0.000000e+00
  480 3.237928e-15 0.000000e+00
  481 3.268857e-15 0.000000e+00
  482 3.356283e-15 0.000000e+00
  483 3.699642e-15 0.000000e+00
  484 3.555000e-15 0.000000e+00
  485 6.889257e-15 0.000000e+00
  486 3.582287e-15 0.000000e+00
  487 3.552380e-15 0.000000e+00
  488 3.501617e-15 0.000000e+00
  489 3.569802e-15 0.000000e+00
  490 3.609338e-15 0.000000e+00
  491 3.630655e-15 0.000000e+00
  492 3.669514e-15 1.010168e-02
  493 4.133735e-15 0.000000e+00
  494 4.000122e-15 0.000000e+00
  495 7.689112e-15 0.000000e+00
  496 4.021811e-15 0.000000e+00
  497 3.919443e-15 0.000000e+00
  498 3.854546e-15 0.000000e+00
  499 3.961257e-15 0.000000e+00
  500 3.999243e-15 0.000000e+00
  501 4.087568e-15 0.000000e+00
  502 4.096694e-15 0.000000e+00
  503 4.573420e-15 0.000000e+00
  504 4.434481e-15 0.000000e+00
  505 8.607420e-15 0.000000e+00
  506 4.447702e-15 0.000000e+00
  507 4.220183e-15 0.000000e+00
  508 4.295285e-15 0.000000e+00
  509 4.329383e-15 0.000000e+00
  510 4.351856e-15 0.000000e+00
  511 4.403312e-15 0.000000e+00
  512 4.466950e-15 0.000000e+00
  513 5.070821e-15 0.000000e+00
  514 4.838159e-15 0.000000e+00
  515 9.463853e-15 0.000000e+00
  516 4.707534e-15 0.000000e+00
  517 4.683667e-15 0.000000e+00
  518 4.618272e-15 0.000000e+00
  519 4.632160e-15 0.000000e+00
  520 4.795729e-15 0.000000e+00
  521 4.827435e-15 0.000000e+00
  522 4.827411e-15 1.036991e-02
  523 5.503921e-15 0.000000e+00
  524 5.199096e-15 0.000000e+00
  525 1.034928e-14 0.000000e+00
  526 5.328281e-15 0.000000e+00
  527 5.137645e-15 0.000000e+00
  528 5.054212e-15 0.000000e+00
  529 5.077825e-15 0.000000e+00
  530 5.273980e-15 0.000000e+00
  531 5.203696e-15 0.000000e+00
  532 5.193482e-15 0.000000e+00
  533 6.110573e-15 0.000000e+00
  534 5.855753e-15 0.000000e+00
  535 1.137222e-14 0.000000e+00
  536 5.770165e-15 0.000000e+00
  537 5.595375e-15 0.000000e+00
  538 5.557735e-15 0.000000e+00
  539 5.481990e-15 0.000000e+00
  540 5.741069e-15 0.000000e+00
  541 5.735767e-15 0.000000e+00
  542 5.863094e-15 0.000000e+00
  543 6.621194e-15 0.000000e+00
  544 6.374628e-15 0.000000e+00
  545 1.244474e-14 0.000000e+00
  546 6.171499e-15 0.000000e+00
  547 6.097242e-15 0.000000e+00
  548 6.061522e-15 0.000000e+00
  549 6.083011e-15 0.000000e+00
  550 6.149384e-15 0.000000e+00
  551 6.281946e-15 0.000000e+00
  552 6.324160e-15 2.291903e-02
  553 7.094409e-15 0.000000e+00
  554 6.886539e-15 0.000000e+00
  555 1.337856e-14 0.000000e+00
  556 6.713320e-15 0.000000e+00
  557 6.576336e-15 0.000000e+00
  558 6.605699e-15 0.000000e+00
  559 6.612208e-15 0.000000e+00
  560 6.645109e-15 0.000000e+00
  561 6.692135e-15 0.000000e+00
  562 6.949782e-15 0.000000e+00
  563 7.676862e-15 0.000000e+00
  564 7.505083e-15 0.000000e+00
  565 1.426984e-14 0.000000e+00
  566 7.243179e-15 0.000000e+00
  567 7.204266e-15 0.000000e+00
  568 7.258137e-15 0.000000e+00
  569 7.233959e-15 0.000000e+00
  570 7.199387e-15 0.000000e+00
  571 7.276843e-15 0.000000e+00
  572 7.532736e-15 0.000000e+00
  573 8.465469e-15 0.000000e+00
  574 8.142366e-15 0.000000e+00
  575 1.528959e-14 0.000000e+00
  576 7.970967e-15 0.000000e+00
  577 7.727423e-15 0.000000e+00
  578 8.011836e-15 0.000000e+00
  579 7.917545e-15 0.000000e+00
  580 7.892414e-15 0.000000e+00
  581 7.938190e-15 0.000000e+00
  582 7.945977e-15 0.000000e+00
  583 9.389447e-15 0.000000e+00
  584 8.765150e-15 0.000000e+00
  585 1.620320e-14 0.000000e+00
  586 8.448544e-15 0.000000e+00
  587 8.317572e-15 0.000000e+00
  588 8.705496e-15 0.000000e+00
  589 8.631842e-15 0.000000e+00
  590 8.512388e-15 0.000000e+00
  591 8.567663e-15 0.000000e+00
  592 8.791209e-15 0.000000e+00
  593 9.941238e-15 0.000000e+00
  594 9.500885e-15 0.000000e+00
  595 1.702796e-14 0.000000e+00
  596 9.116941e-15 0.000000e+00
  597 8.930547e-15 0.000000e+00
  598 9.357142e-15 0.000000e+00
  599 9.344185e-15 0.000000e+00
  600 9.306857e-15 0.000000e+00
  601 9.307068e-15 0.000000e+00
  602 9.437112e-15 0.000000e+00
  603 1.067880e-14 0.000000e+00
  604 1.045313e-14 0.000000e+00
  605 1.758516e-14 0.000000e+00
  606 9.866450e-15 0.000000e+00
  607 9.665285e-15 0.000000e+00
  608 1.026084e-14 0.000000e+00
  609 1.017028e-14 0.000000e+00
  610 1.008759e-14 0.000000e+00
  611 1.028204e-14 0.000000e+00
  612 1.024207e-14 0.000000e+00
  613 1.159382e-14 0.000000e+00
  614 1.115707e-14 0.000000e+00
  615 1.831808e-14 0.000000e+00
  616 1.068359e-14 0.000000e+00
  617 1.066782e-14 0.000000e+00
  618 1.099127e-14 0.000000e+00
  619 1.094869e-14 0.000000e+00
  620 1.110744e-14 0.000000e+00
  621 1.109919e-14 0.000000e+00
  622 1.114056e-14 0.000000e+00
  623 1.242461e-14 0.000000e+00
  624 1.210534e-14 0.000000e+00
  625 1.890405e-14 0.000000e+00
  626 1.155811e-14 0.000000e+00
  627 1.148132e-14 0.000000e+00
  628 1.189180e-14 0.000000e+00
  629 1.202864e-14 0.000000e+00
  630 1.206693e-14 0.000000e+00
  631 1.206703e-14 0.000000e+00
  632 1.211123e-14 0.000000e+00
  633 1.341198e-14 0.000000e+00
  634 1.302820e-14 0.000000e+00
  635 1.942197e-14 0.000000e+00
  636 1.248724e-14 0.000000e+00
  637 1.249086e-14 0.000000e+00
  638 1.299586e-14 0.000000e+00
  639 1.314779e-14 0.000000e+00
  640 1.304558e-14 0.000000e+00
  641 1.324025e-14 0.000000e+00
  642 1.320749e-14 0.000000e+00
  643 1.455686e-14 0.000000e+00
  644 1.411745e-14 0.000000e+00
  645 2.000033e-14 0.000000e+00
  646 1.368921e-14 0.000000e+00
  647 1.363875e-14 0.000000e+00
  648 1.421774e-14 0.000000e+00
  649 1.425212e-14 0.000000e+00
  650 1.431716e-14 0.000000e+00
  651 1.437462e-14 0.000000e+00
  652 1.455755e-14 3.548997e-02
  653 1.580831e-14 0.000000e+00
  654 1.535660e-14 0.000000e+00
  655 2.056294e-14 0.000000e+00
  656 1.500196e-14 0.000000e+00
  657 1.496657e-14 0.000000e+00
  658 1.549157e-14 0.000000e+00
  659 1.554119e-14 0.000000e+00
  660 1.574625e-14 0.000000e+00
  661 1.571915e-14 0.000000e+00
  662 1.581732e-14 0.000000e+00
  663 1.709915e-14 0.000000e+00
  664 1.677021e-14 0.000000e+00
  665 2.130302e-14 0.000000e+00
  666 1.637701e-14 0.000000e+00
  667 1.642708e-14 0.000000e+00
  668 1.700658e-14 0.000000e+00
  669 1.708480e-14 0.000000e+00
  670 1.714077e-14 0.000000e+00
  671 1.733853e-14 0.000000e+00
  672 1.733754e-14 0.000000e+00
  673 1.859198e-14 0.000000e+00
  674 1.837570e-14 0.000000e+00
  675 2.239858e-14 0.000000e+00
  676 1.795289e-14 0.000000e+00
  677 1.813760e-14 0.000000e+00
  678 1.868215e-14 0.000000e+00
  679 1.867923e-14 0.000000e+00
  680 1.894188e-14 0.000000e+00
  681 1.901125e-14 0.000000e+00
  682 1.896538e-14 0.000000e+00
  683 2.019336e-14 0.000000e+00
  684 2.008931e-14 0.000000e+00
  685 2.370728e-14 0.000000e+00
  686 1.982872e-14 0.000000e+00
  687 1.976604e-14 0.000000e+00
  688 2.054192e-14 0.000000e+00
  689 2.042496e-14 0.000000e+00
  690 2.059481e-14 0.000000e+00
  691 2.072767e-14 0.000000e+00
  692 2.090501e-14 0.000000e+00
  693 2.180827e-14 0.000000e+00
  694 2.192005e-14 0.000000e+00
  695 2.560062e-14 0.000000e+00
  696 2.177419e-14 0.000000e+00
  697 2.150757e-14 0.000000e+00
  698 2.243015e-14 0.000000e+00
  699 2.225571e-14 0.000000e+00
  700 2.230322e-14 0.000000e+00
  701 2.274296e-14 0.000000e+00
  702 2.280381e-14 0.000000e+00
  703 2.366001e-14 0.000000e+00
  704 2.376355e-14 0.000000e+00
  705 2.827805e-14 0.000000e+00
  706 2.346274e-14 0.000000e+00
  707 2.354648e-14 0.000000e+00
  708 2.411260e-14 0.000000e+00
  709 2.427738e-14 0.000000e+00
  710 2.428488e-14 0.000000e+00
  711 2.465685e-14 0.000000e+00
  712 2.477874e-14 0.000000e+00
  713 2.576297e-14 0.000000e+00
  714 2.572689e-14 0.000000e+00
  715 3.066223e-14 0.000000e+00
  716 2.547451e-14 0.000000e+00
  717 2.556028e-14 0.000000e+00
  718 2.602598e-14 0.000000e+00
  719 2.619696e-14 0.000000e+00
  720 2.618865e-14 0.000000e+00
  721 2.667976e-14 0.000000e+00
  722 2.674394e-14 0.000000e+00
  723 2.781706e-14 0.000000e+00
  724 2.753211e-14 0.000000e+00
  725 3.342785e-14 0.000000e+00
  726 2.758280e-14 0.000000e+00
  727 2.744253e-14 0.000000e+00
  728 2.796582e-14 0.000000e+00
  729 2.800734e-14 0.000000e+00
  730 2.840006e-14 0.000000e+00
  731 2.856684e-14 0.000000e+00
  732 2.853475e-14 0.000000e+00
  733 2.971342e-14 0.000000e+00
  734 2.946102e-14 0.000000e+00
  735 3.665135e-14 0.000000e+00
  736 2.929168e-14 0.000000e+00
  737 2.940017e-14 0.000000e+00
  738 2.982449e-14 0.000000e+00
  739 3.014538e-14 0.000000e+00
  740 3.026214e-14 0.000000e+00
  741 3.017599e-14 0.000000e+00
  742 3.029788e-14 0.000000e+00
  743 3.154407e-14 0.000000e+00
  744 3.141798e-14 0.000000e+00
  745 4.012070e-14 0.000000e+00
  746 3.103321e-14 0.000000e+00
  747 3.141782e-14 0.000000e+00
  748 3.187930e-14 0.000000e+00
  749 3.174653e-14 0.000000e+00
  750 3.170608e-14 0.000000e+00
  751 3.180780e-14 0.000000e+00
  752 3.214588e-14 3.264565e-02
  753 3.323418e-14 0.000000e+00
  754 3.324527e-14 0.000000e+00
  755 4.385759e-14 0.000000e+00
  756 3.283418e-14 0.000000e+00
  757 3.338833e-14 0.000000e+00
  758 3.330694e-14 0.000000e+00
  759 3.335303e-14 0.000000e+00
  760 3.330680e-14 0.000000e+00
  761 3.351925e-14 0.000000e+00
  762 3.382376e-14 0.000000e+00
  763 3.499971e-14 0.000000e+00
  764 3.522178e-14 0.000000e+00
  765 4.773237e-14 0.000000e+00
  766 3.448089e-14 0.000000e+00
  767 3.475376e-14 0.000000e+00
  768 3.485740e-14 0.000000e+00
  769 3.489435e-14 0.000000e+00
  770 3.477914e-14 0.000000e+00
  771 3.503636e-14 0.000000e+00
  772 3.543049e-14 0.000000e+00
  773 3.686398e-14 0.000000e+00
  774 3.711143e-14 0.000000e+00
  775 5.148608e-14 0.000000e+00
  776 3.608348e-14 0.000000e+00
  777 3.629837e-14 0.000000e+00
  778 3.626094e-14 0.000000e+00
  779 3.636647e-14 0.000000e+00
  780 3.655767e-14 0.000000e+00
  781 3.652786e-14 0.000000e+00
  782 3.706388e-14 0.000000e+00
  783 3.866184e-14 0.000000e+00
  784 3.851708e-14 0.000000e+00
  785 5.519915e-14 0.000000e+00
  786 3.765406e-14 0.000000e+00
  787 3.772663e-14 0.000000e+00
  788 3.780118e-14 0.000000e+00
  789 3.808524e-14 0.000000e+00
  790 3.796733e-14 0.000000e+00
  791 3.801725e-14 0.000000e+00
  792 3.837417e-14 0.000000e+00
  793 4.045674e-14 0.000000e+00
  794 4.027055e-14 0.000000e+00
  795 5.892422e-14 0.000000e+00
  796 3.909058e-14 0.000000e+00
  797 3.929520e-14 0.000000e+00
  798 3.939482e-14 0.000000e+00
  799 3.948927e-14 0.000000e+00
  800 3.933443e-14 0.000000e+00
  801 3.965384e-14 0.000000e+00
  802 3.956212e-14 0.000000e+00
  803 4.219370e-14 0.000000e+00
  804 4.170254e-14 0.000000e+00
  805 6.261495e-14 0.000000e+00
  806 4.100687e-14 0.000000e+00
  807 4.069623e-14 0.000000e+00
  808 4.106678e-14 0.000000e+00
  809 4.066847e-14 0.000000e+00
  810 4.068586e-14 0.000000e+00
  811 4.117405e-14 0.000000e+00
  812 4.091116e-14 0.000000e+00
  813 4.389986e-14 0.000000e+00
  814 4.306321e-14 0.000000e+00
  815 6.628920e-14 0.000000e+00
  816 4.239948e-14 0.000000e+00
  817 4.223422e-14 0.000000e+00
  818 4.245779e-14 0.000000e+00
  819 4.243006e-14 0.000000e+00
  820 4.200175e-14 0.000000e+00
  821 4.251459e-14 0.000000e+00
  822 4.219119e-14 0.000000e+00
  823 4.587958e-14 0.000000e+00
  824 4.454626e-14 0.000000e+00
  825 6.988920e-14 0.000000e+00
  826 4.360886e-14 0.000000e+00
  827 4.340672e-14 0.000000e+00
  828 4.389257e-14 0.000000e+00
  829 4.375180e-14 0.000000e+00
  830 4.362327e-14 0.000000e+00
  831 4.385337e-14 0.000000e+00
  832 4.376913e-14 0.000000e+00
  833 4.757553e-14 0.000000e+00
  834 4.627976e-14 0.000000e+00
  835 7.271086e-14 0.000000e+00
  836 4.495110e-14 0.000000e+00
  837 4.496353e-14 0.000000e+00
  838 4.525832e-14 0.000000e+00
  839 4.519634e-14 0.000000e+00
  840 4.496699e-14 0.000000e+00
  841 4.552950e-14 0.000000e+00
  842 4.504009e-14 0.000000e+00
  843 4.920568e-14 0.000000e+00
  844 4.807520e-14 0.000000e+00
  845 7.497132e-14 0.000000e+00
  846 4.641518e-14 0.000000e+00
  847 4.615361e-14 0.000000e+00
  848 4.647670e-14 0.000000e+00
  849 4.669066e-14 0.000000e+00
  850 4.632434e-14 0.000000e+00
  851 4.680150e-14 0.000000e+00
  852 4.634108e-14 2.824055e-02
  853 5.093585e-14 0.000000e+00
  854 4.964798e-14 0.000000e+00
  855 7.729025e-14 0.000000e+00
  856 4.758288e-14 0.000000e+00
  857 4.715970e-14 0.000000e+00
  858 4.822155e-14 0.000000e+00
  859 4.778467e-14 0.000000e+00
  860 4.775975e-14 0.000000e+00
  861 4.768808e-14 0.000000e+00
  862 4.768269e-14 0.000000e+00
  863 5.229080e-14 0.000000e+00
  864 5.141785e-14 0.000000e+00
  865 7.893045e-14 0.000000e+00
  866 4.853545e-14 0.000000e+00
  867 4.812037e-14 0.000000e+00
  868 4.922860e-14 0.000000e+00
  869 4.895569e-14 0.000000e+00
  870 4.881720e-14 0.000000e+00
  871 4.896914e-14 0.000000e+00
  872 4.883896e-14 0.000000e+00
  873 5.369654e-14 0.000000e+00
  874 5.269492e-14 0.000000e+00
  875 7.993005e-14 0.000000e+00
  876 4.909343e-14 0.000000e+00
  877 4.873642e-14 0.000000e+00
  878 5.046877e-14 0.000000e+00
  879 5.006916e-14 0.000000e+00
  880 4.984459e-14 0.000000e+00
  881 4.977469e-14 0.000000e+00
  882 4.977836e-14 0.000000e+00
  883 5.497936e-14 0.000000e+00
  884 5.365422e-14 0.000000e+00
  885 7.969154e-14 0.000000e+00
  886 4.968267e-14 0.000000e+00
  887 4.941889e-14 0.000000e+00
  888 5.117961e-14 0.000000e+00
  889 5.086559e-14 0.000000e+00
  890 5.093099e-14 0.000000e+00
  891 5.033206e-14 0.000000e+00
  892 5.032692e-14 0.000000e+00
  893 5.596405e-14 0.000000e+00
  894 5.389411e-14 0.000000e+00
  895 7.876408e-14 0.000000e+00
  896 5.037962e-14 0.000000e+00
  897 4.956970e-14 0.000000e+00
  898 5.148569e-14 0.000000e+00
  899 5.172179e-14 0.000000e+00
  900 5.109569e-14 0.000000e+00
  901 5.094839e-14 0.000000e+00
  902 5.089284e-14 0.000000e+00
  903 5.600989e-14 0.000000e+00
  904 5.404934e-14 0.000000e+00
  905 7.655258e-14 0.000000e+00
  906 5.052878e-14 0.000000e+00
  907 4.939100e-14 0.000000e+00
  908 5.168023e-14 0.000000e+00
  909 5.170740e-14 0.000000e+00
  910 5.127869e-14 0.000000e+00
  911 5.104103e-14 0.000000e+00
  912 5.081690e-14 0.000000e+00
  913 5.571267e-14 0.000000e+00
  914 5.417632e-14 0.000000e+00
  915 7.333956e-14 0.000000e+00
  916 5.000606e-14 0.000000e+00
  917 4.893742e-14 0.000000e+00
  918 5.121743e-14 0.000000e+00
  919 5.152115e-14 0.000000e+00
  920 5.089155e-14 0.000000e+00
  921 5.058974e-14 0.000000e+00
  922 5.056806e-14 0.000000e+00
  923 5.540306e-14 0.000000e+00
  924 5.285731e-14 0.000000e+00
  925 6.955019e-14 0.000000e+00
  926 4.918703e-14 0.000000e+00
  927 4.785759e-14 0.000000e+00
  928 5.087304e-14 0.000000e+00
  929 5.068871e-14 0.000000e+00
  930 5.011462e-14 0.000000e+00
  931 5.000322e-14 0.000000e+00
  932 4.922815e-14 0.000000e+00
  933 5.387520e-14 0.000000e+00
  934 5.180388e-14 0.000000e+00
  935 6.492737e-14 0.000000e+00
  936 4.772225e-14 0.000000e+00
  937 4.659761e-14 0.000000e+00
  938 4.947842e-14 0.000000e+00
  939 4.957584e-14 0.000000e+00
  940 4.851319e-14 0.000000e+00
  941 4.866960e-14 0.000000e+00
  942 4.782914e-14 0.000000e+00
  943 5.210052e-14 0.000000e+00
  944 5.025598e-14 0.000000e+00
  945 5.962284e-14 0.000000e+00
  946 4.617379e-14 0.000000e+00
  947 4.454376e-14 0.000000e+00
  948 4.806742e-14 0.000000e+00
  949 4.747689e-14 0.000000e+00
  950 4.712987e-14 0.000000e+00
  951 4.675589e-14 0.000000e+00
  952 4.593736e-14 2.205376e-02
  953 4.995062e-14 0.000000e+00
  954 4.780671e-14 0.000000e+00
  955 5.474163e-14 0.000000e+00
  956 4.413964e-14 0.000000e+00
  957 4.244523e-14 0.000000e+00
  958 4.603468e-14 0.000000e+00
  959 4.540534e-14 0.000000e+00
  960 4.495073e-14 0.000000e+00
  961 4.462229e-14 0.000000e+00
  962 4.380136e-14 0.000000e+00
  963 4.727357e-14 0.000000e+00
  964 4.530942e-14 0.000000e+00
  965 5.024302e-14 0.000000e+00
  966 4.197395e-14 0.000000e+00
  967 4.026174e-14 0.000000e+00
  968 4.369437e-14 0.000000e+00
  969 4.310807e-14 0.000000e+00
  970 4.282855e-14 0.000000e+00
  971 4.216624e-14 0.000000e+00
  972 4.174754e-14 0.000000e+00
  973 4.458936e-14 0.000000e+00
  974 4.310114e-14 0.000000e+00
  975 4.628392e-14 0.000000e+00
  976 4.002627e-14 0.000000e+00
  977 3.827506e-14 0.000000e+00
  978 4.134784e-14 0.000000e+00
  979 4.098300e-14 0.000000e+00
  980 4.057475e-14 0.000000e+00
  981 4.024671e-14 0.000000e+00
  982 3.955303e-14 0.000000e+00
  983 4.258706e-14 0.000000e+00
  984 4.107992e-14 0.000000e+00
  985 4.401585e-14 0.000000e+00
  986 3.821111e-14 0.000000e+00
  987 3.668602e-14 0.000000e+00
  988 3.950007e-14 0.000000e+00
  989 3.922752e-14 0.000000e+00
  990 3.914359e-14 0.000000e+00
  991 3.851225e-14 0.000000e+00
  992 3.833577e-14 0.000000e+00
  993 4.085702e-14 0.000000e+00
  994 3.936437e-14 0.000000e+00
  995 4.392893e-14 0.000000e+00
  996 3.729516e-14 0.000000e+00
  997 3.592323e-14 0.000000e+00
  998 3.852733e-14 0.000000e+00
  999 3.817160e-14 0.000000e+00
 1000 3.835422e-14 0.000000e+00
 1001 3.783328e-14 0.000000e+00
 1002 3.769286e-14 0.000000e+00
 1003 4.017810e-14 0.000000e+00
 1004 3.860446e-14 0.000000e+00
 1005 4.636759e-14 0.000000e+00
 1006 3.712001e-14 0.000000e+00
 1007 3.603379e-14 0.000000e+00
 1008 3.836925e-14 0.000000e+00
 1009 3.802905e-14 0.000000e+00
 1010 3.848619e-14 0.000000e+00
 1011 3.813479e-14 0.000000e+00
 1012 3.817550e-14 0.000000e+00
 1013 4.065519e-14 0.000000e+00
 1014 3.937486e-14 0.000000e+00
 1015 5.111287e-14 0.000000e+00
 1016 3.844513e-14 0.000000e+00
 1017 3.752258e-14 0.000000e+00
 1018 3.928642e-14 0.000000e+00
 1019 3.931071e-14 0.000000e+00
 1020 3.944535e-14 0.000000e+00
 1021 4.001273e-14 0.000000e+00
 1022 3.923421e-14 0.000000e+00
 1023 4.251623e-14 0.000000e+00
 1024 4.170229e-14 0.000000e+00
 1025 5.872528e-14 0.000000e+00
 1026 4.065798e-14 0.000000e+00
 1027 4.027072e-14 0.000000e+00
 1028 4.159667e-14 0.000000e+00
 1029 4.144374e-14 0.000000e+00
 1030 4.198165e-14 0.000000e+00
 1031 4.200179e-14 0.000000e+00
 1032 4.240229e-14 0.000000e+00
 1033 4.565548e-14 0.000000e+00
 1034 4.450053e-14 0.000000e+00
 1035 6.847395e-14 0.000000e+00
 1036 4.406600e-14 0.000000e+00
 1037 4.376625e-14 0.000000e+00
 1038 4.487264e-14 0.000000e+00
 1039 4.526553e-14 0.000000e+00
 1040 4.493613e-14 0.000000e+00
 1041 4.550048e-14 0.000000e+00
 1042 4.584361e-14 0.000000e+00
 1043 5.003750e-14 0.000000e+00
 1044 4.873050e-14 0.000000e+00
 1045 8.039259e-14 0.000000e+00
 1046 4.840106e-14 0.000000e+00
 1047 4.861707e-14 0.000000e+00
 1048 4.872550e-14 0.000000e+00
 1049 4.949147e-14 0.000000e+00
 1050 4.902465e-14 0.000000e+00
 1051 4.970371e-14 0.000000e+00
 1052 5.031271e-14 1.589481e-02
 1053 5.543533e-14 0.000000e+00
 1054 5.372921e-14 0.000000e+00
 1055 9.356258e-14 0.000000e+00
 1056 5.302231e-14 0.000000e+00
 1057 5.348502e-14 0.000000e+00
 1058 5.388880e-14 0.000000e+00
 1059 5.398686e-14 0.000000e+00
 1060 5.385510e-14 0.000000e+00
 1061 5.462545e-14 0.000000e+00
 1062 5.565737e-14 0.000000e+00
 1063 6.051060e-14 0.000000e+00
 1064 5.914994e-14 0.000000e+00
 1065 1.082158e-13 0.000000e+00
 1066 5.777217e-14 0.000000e+00
 1067 5.899718e-14 0.000000e+00
 1068 5.931492e-14 0.000000e+00
 1069 5.905317e-14 0.000000e+00
 1070 5.900836e-14 0.000000e+00
 1071 5.903690e-14 0.000000e+00
 1072 6.109341e-14 0.000000e+00
 1073 6.666473e-14 0.000000e+00
 1074 6.567256e-14 0.000000e+00
 1075 1.231200e-13 0.000000e+00
 1076 6.315928e-14 0.000000e+00
 1077 6.461625e-14 0.000000e+00
 1078 6.440683e-14 0.000000e+00
 1079 6.445676e-14 0.000000e+00
 1080 6.468498e-14 0.000000e+00
 1081 6.387192e-14 0.000000e+00
 1082 6.597887e-14 0.000000e+00
 1083 7.332038e-14 0.000000e+00
 1084 7.177896e-14 0.000000e+00
 1085 1.377336e-13 0.000000e+00
 1086 6.972939e-14 0.000000e+00
 1087 6.976202e-14 0.000000e+00
 1088 7.000344e-14 0.000000e+00
 1089 6.951435e-14 0.000000e+00
 1090 6.979978e-14 0.000000e+00
 1091 7.001530e-14 0.000000e+00
 1092 7.073770e-14 0.000000e+00
 1093 7.976708e-14 0.000000e+00
 1094 7.775156e-14 0.000000e+00
 1095 1.527060e-13 0.000000e+00
 1096 7.511415e-14 0.000000e+00
 1097 7.549505e-14 0.000000e+00
 1098 7.537015e-14 0.000000e+00
 1099 7.440400e-14 0.000000e+00
 1100 7.460147e-14 0.000000e+00
 1101 7.552017e-14 0.000000e+00
 1102 7.587897e-14 0.000000e+00
 1103 8.587826e-14 0.000000e+00
 1104 8.369137e-14 0.000000e+00
 1105 1.672691e-13 0.000000e+00
 1106 8.003819e-14 0.000000e+00
 1107 8.048812e-14 0.000000e+00
 1108 8.070756e-14 0.000000e+00
 1109 7.960896e-14 0.000000e+00
 1110 7.931760e-14 0.000000e+00
 1111 7.993556e-14 0.000000e+00
 1112 8.108387e-14 0.000000e+00
 1113 9.172339e-14 0.000000e+00
 1114 8.958878e-14 0.000000e+00
 1115 1.808187e-13 0.000000e+00
 1116 8.637503e-14 0.000000e+00
 1117 8.478275e-14 0.000000e+00
 1118 8.556332e-14 0.000000e+00
 1119 8.462562e-14 0.000000e+00
 1120 8.354006e-14 0.000000e+00
 1121 8.549195e-14 0.000000e+00
 1122 8.526099e-14 0.000000e+00
 1123 9.861913e-14 0.000000e+00
 1124 9.473358e-14 0.000000e+00
 1125 1.936636e-13 0.000000e+00
 1126 9.033302e-14 0.000000e+00
 1127 8.948647e-14 0.000000e+00
 1128 8.999138e-14 0.000000e+00
 1129 8.975875e-14 0.000000e+00
 1130 8.809301e-14 0.000000e+00
 1131 8.977155e-14 0.000000e+00
 1132 8.898678e-14 0.000000e+00
 1133 1.052625e-13 0.000000e+00
 1134 9.941386e-14 0.000000e+00
 1135 2.053041e-13 0.000000e+00
 1136 9.553919e-14 0.000000e+00
 1137 9.353448e-14 0.000000e+00
 1138 9.363890e-14 0.000000e+00
 1139 9.428456e-14 0.000000e+00
 1140 9.229102e-14 0.000000e+00
 1141 9.367225e-14 0.000000e+00
 1142 9.321614e-14 0.000000e+00
 1143 1.097413e-13 0.000000e+00
 1144 1.047978e-13 0.000000e+00
 1145 2.158098e-13 0.000000e+00
 1146 9.921457e-14 0.000000e+00
 1147 9.567802e-14 0.000000e+00
 1148 9.894365e-14 0.000000e+00
 1149 9.774768e-14 0.000000e+00
 1150 9.652784e-14 0.000000e+00
 1151 9.661896e-14 0.000000e+00
 1152 9.738652e-14 2.428397e-02
 1153 1.150215e-13 0.000000e+00
 1154 1.083046e-13 0.000000e+00
 1155 2.245092e-13 0.000000e+00
 1156 1.013703e-13 0.000000e+00
 1157 9.800377e-14 0.000000e+00
 1158 1.023692e-13 0.000000e+00
 1159 1.010975e-13 0.000000e+00
 1160 9.967083e-14 0.000000e+00
 1161 1.006983e-13 0.000000e+00
 1162 1.002921e-13 0.000000e+00
 1163 1.198876e-13 0.000000e+00
 1164 1.118758e-13 0.000000e+00
 1165 2.300582e-13 0.000000e+00
 1166 1.040324e-13 0.000000e+00
 1167 9.937008e-14 0.000000e+00
 1168 1.050332e-13 0.000000e+00
 1169 1.042629e-13 0.000000e+00
 1170 1.032222e-13 0.000000e+00
 1171 1.024261e-13 0.000000e+00
 1172 1.025734e-13 0.000000e+00
 1173 1.237950e-13 0.000000e+00
 1174 1.154945e-13 0.000000e+00
 1175 2.334567e-13 0.000000e+00
 1176 1.054538e-13 0.000000e+00
 1177 9.984467e-14 0.000000e+00
 1178 1.076843e-13 0.000000e+00
 1179 1.059797e-13 0.000000e+00
 1180 1.050562e-13 0.000000e+00
 1181 1.041238e-13 0.000000e+00
 1182 1.043542e-13 0.000000e+00
 1183 1.269923e-13 0.000000e+00
 1184 1.191380e-13 0.000000e+00
 1185 2.316548e-13 0.000000e+00
 1186 1.058029e-13 0.000000e+00
 1187 1.010190e-13 0.000000e+00
 1188 1.079141e-13 0.000000e+00
 1189 1.086226e-13 0.000000e+00
 1190 1.057170e-13 0.000000e+00
 1191 1.048622e-13 0.000000e+00
 1192 1.049550e-13 0.000000e+00
 1193 1.291864e-13 0.000000e+00
 1194 1.198251e-13 0.000000e+00
 1195 2.268152e-13 0.000000e+00
 1196 1.062481e-13 0.000000e+00
 1197 9.937772e-14 0.000000e+00
 1198 1.096082e-13 0.000000e+00
 1199 1.089826e-13 0.000000e+00
 1200 1.060237e-13 0.000000e+00
 1201 1.048945e-13 0.000000e+00
 1202 1.045749e-13 0.000000e+00
 1203 1.296689e-13 0.000000e+00
 1204 1.201679e-13 0.000000e+00
 1205 2.171266e-13 0.000000e+00
 1206 1.049903e-13 0.000000e+00
 1207 9.827795e-14 0.000000e+00
 1208 1.088327e-13 0.000000e+00
 1209 1.083451e-13 0.000000e+00
 1210 1.066198e-13 0.000000e+00
 1211 1.047331e-13 0.000000e+00
 1212 1.031542e-13 0.000000e+00
 1213 1.303281e-13 0.000000e+00
 1214 1.181868e-13 0.000000e+00
 1215 2.043501e-13 0.000000e+00
 1216 1.035477e-13 0.000000e+00
 1217 9.540309e-14 0.000000e+00
 1218 1.076383e-13 0.000000e+00
 1219 1.070171e-13 0.000000e+00
 1220 1.050069e-13 0.000000e+00
 1221 1.031117e-13 0.000000e+00
 1222 1.015698e-13 0.000000e+00
 1223 1.288777e-13 0.000000e+00
 1224 1.165940e-13 0.000000e+00
 1225 1.885169e-13 0.000000e+00
 1226 9.988601e-14 0.000000e+00
 1227 9.141489e-14 0.000000e+00
 1228 1.062639e-13 0.000000e+00
 1229 1.045027e-13 0.000000e+00
 1230 1.030715e-13 0.000000e+00
 1231 1.006137e-13 0.000000e+00
 1232 9.935334e-14 0.000000e+00
 1233 1.255523e-13 0.000000e+00
 1234 1.146669e-13 0.000000e+00
 1235 1.680661e-13 0.000000e+00
 1236 9.572349e-14 0.000000e+00
 1237 8.772678e-14 0.000000e+00
 1238 1.038602e-13 0.000000e+00
 1239 1.025582e-13 0.000000e+00
 1240 1.008151e-13 0.000000e+00
 1241 9.884074e-14 0.000000e+00
 1242 9.592813e-14 0.000000e+00
 1243 1.225480e-13 0.000000e+00
 1244 1.105797e-13 0.000000e+00
 1245 1.457272e-13 0.000000e+00
 1246 9.215019e-14 0.000000e+00
 1247 8.374649e-14 0.000000e+00
 1248 1.013247e-13 0.000000e+00
 1249 9.958480e-14 0.000000e+00
 1250 9.882477e-14 0.000000e+00
 1251 9.571489e-14 0.000000e+00
 1252 9.396026e-14 0.000000e+00
 1253 1.179704e-13 0.000000e+00
 1254 1.077305e-13 0.000000e+00
 1255 1.217974e-13 0.000000e+00
 1256 8.871023e-14 0.000000e+00
 1257 7.996784e-14 0.000000e+00
 1258 9.873428e-14 0.000000e+00
 1259 9.729045e-14 0.000000e+00
 1260 9.618025e-14 0.000000e+00
 1261 9.402229e-14 0.000000e+00
 1262 9.198062e-14 0.000000e+00
 1263 1.147541e-13 0.000000e+00
 1264 1.041130e-13 0.000000e+00
 1265 9.914238e-14 0.000000e+00
 1266 8.624609e-14 0.000000e+00
 1267 7.722105e-14 0.000000e+00
 1268 9.732024e-14 0.000000e+00
 1269 9.702828e-14 0.000000e+00
 1270 9.374510e-14 0.000000e+00
 1271 9.392770e-14 0.000000e+00
 1272 9.032579e-14 0.000000e+00
 1273 1.118438e-13 0.000000e+00
 1274 1.019823e-13 0.000000e+00
 1275 7.953163e-14 0.000000e+00
 1276 8.505366e-14 0.000000e+00
 1277 7.562164e-14 0.000000e+00
 1278 9.723324e-14 0.000000e+00
 1279 9.725879e-14 0.000000e+00
 1280 9.462551e-14 0.000000e+00
 1281 9.390938e-14 0.000000e+00
 1282 9.131877e-14 0.000000e+00
 1283 1.108003e-13 0.000000e+00
 1284 1.014614e-13 0.000000e+00
 1285 6.413499e-14 0.000000e+00
 1286 8.577315e-14 0.000000e+00
 1287 7.784315e-14 0.000000e+00
 1288 9.837472e-14 0.000000e+00
 1289 9.954236e-14 0.000000e+00
 1290 9.634614e-14 0.000000e+00
 1291 9.642278e-14 0.000000e+00
 1292 9.409875e-14 0.000000e+00
 1293 1.117434e-13 0.000000e+00
 1294 1.023153e-13 0.000000e+00
 1295 5.566912e-14 0.000000e+00
 1296 8.907729e-14 0.000000e+00
 1297 8.275880e-14 0.000000e+00
 1298 1.017789e-13 0.000000e+00
 1299 1.038997e-13 0.000000e+00
 1300 1.004962e-13 0.000000e+00
 1301 1.012256e-13 0.000000e+00
 1302 9.924708e-14 0.000000e+00
 1303 1.138303e-13 0.000000e+00
 1304 1.070198e-13 0.000000e+00
 1305 5.252574e-14 0.000000e+00
 1306 9.528316e-14 0.000000e+00
 1307 8.954308e-14 0.000000e+00
 1308 1.078827e-13 0.000000e+00
 1309 1.096335e-13 0.000000e+00
 1310 1.076141e-13 0.000000e+00
 1311 1.085187e-13 0.000000e+00
 1312 1.066673e-13 0.000000e+00
 1313 1.194766e-13 0.000000e+00
 1314 1.136162e-13 0.000000e+00
 1315 5.902701e-14 0.000000e+00
 1316 1.030856e-13 0.000000e+00
 1317 9.838462e-14 0.000000e+00
 1318 1.164802e-13 0.000000e+00
 1319 1.175908e-13 0.000000e+00
 1320 1.165182e-13 0.000000e+00
 1321 1.170731e-13 0.000000e+00
 1322 1.158835e-13 0.000000e+00
 1323 1.280661e-13 0.000000e+00
 1324 1.227985e-13 0.000000e+00
 1325 7.102407e-14 0.000000e+00
 1326 1.134682e-13 0.000000e+00
 1327 1.104026e-13 0.000000e+00
 1328 1.271824e-13 0.000000e+00
 1329 1.272538e-13 0.000000e+00
 1330 1.275298e-13 0.000000e+00
 1331 1.276791e-13 0.000000e+00
 1332 1.268814e-13 0.000000e+00
 1333 1.381707e-13 0.000000e+00
 1334 1.339960e-13 0.000000e+00
 1335 8.876650e-14 0.000000e+00
 1336 1.253757e-13 0.000000e+00
 1337 1.230701e-13 0.000000e+00
 1338 1.386793e-13 0.000000e+00
 1339 1.395801e-13 0.000000e+00
 1340 1.388546e-13 0.000000e+00
 1341 1.402420e-13 0.000000e+00
 1342 1.385826e-13 0.000000e+00
 1343 1.507765e-13 0.000000e+00
 1344 1.460350e-13 0.000000e+00
 1345 1.120244e-13 0.000000e+00
 1346 1.382802e-13 0.000000e+00
 1347 1.372624e-13 0.000000e+00
 1348 1.508673e-13 0.000000e+00
 1349 1.512984e-13 0.000000e+00
 1350 1.516960e-13 0.000000e+00
 1351 1.525745e-13 0.000000e+00
 1352 1.517491e-13 0.000000e+00
 1353 1.637048e-13 0.000000e+00
 1354 1.592067e-13 0.000000e+00
 1355 1.374353e-13 0.000000e+00
 1356 1.530485e-13 0.000000e+00
 1357 1.517587e-13 0.000000e+00
 1358 1.642636e-13 0.000000e+00
 1359 1.640718e-13 0.000000e+00
 1360 1.645492e-13 0.000000e+00
 1361 1.644770e-13 0.000000e+00
 1362 1.652648e-13 0.000000e+00
 1363 1.766012e-13 0.000000e+00
 1364 1.722818e-13 0.000000e+00
 1365 1.649594e-13 0.000000e+00
 1366 1.677875e-13 0.000000e+00
 1367 1.657394e-13 0.000000e+00
 1368 1.764660e-13 0.000000e+00
 1369 1.768551e-13 0.000000e+00
 1370 1.775334e-13 0.000000e+00
 1371 1.778162e-13 0.000000e+00
 1372 1.778363e-13 0.000000e+00
 1373 1.901199e-13 0.000000e+00
 1374 1.855171e-13 0.000000e+00
 1375 1.938711e-13 0.000000e+00
 1376 1.810598e-13 0.000000e+00
 1377 1.792026e-13 0.000000e+00
 1378 1.881129e-13 0.000000e+00
 1379 1.885918e-13 0.000000e+00
 1380 1.904440e-13 0.000000e+00
 1381 1.895521e-13 0.000000e+00
 1382 1.900430e-13 0.000000e+00
 1383 2.029841e-13 0.000000e+00
 1384 1.995480e-13 0.000000e+00
 1385 2.231396e-13 0.000000e+00
 1386 1.940267e-13 0.000000e+00
 1387 1.914975e-13 0.000000e+00
 1388 1.998116e-13 0.000000e+00
 1389 2.000296e-13 0.000000e+00
 1390 2.005409e-13 0.000000e+00
 1391 2.011243e-13 0.000000e+00
 1392 2.013574e-13 0.000000e+00
 1393 2.149586e-13 0.000000e+00
 1394 2.111961e-13 0.000000e+00
 1395 2.519196e-13 0.000000e+00
 1396 2.052464e-13 0.000000e+00
 1397 2.034697e-13 0.000000e+00
 1398 2.100541e-13 0.000000e+00
 1399 2.112894e-13 0.000000e+00
 1400 2.109511e-13 0.000000e+00
 1401 2.114830e-13 0.000000e+00
 1402 2.109494e-13 0.000000e+00
 1403 2.261817e-13 0.000000e+00
 1404 2.219682e-13 0.000000e+00
 1405 2.778763e-13 0.000000e+00
 1406 2.151833e-13 0.000000e+00
 1407 2.123410e-13 0.000000e+00
 1408 2.199669e-13 0.000000e+00
 1409 2.201500e-13 0.000000e+00
 1410 2.199047e-13 0.000000e+00
 1411 2.197027e-13 0.000000e+00
 1412 2.210107e-13 0.000000e+00
 1413 2.367147e-13 0.000000e+00
 1414 2.326125e-13 0.000000e+00
 1415 3.017645e-13 0.000000e+00
 1416 2.244279e-13 0.000000e+00
 1417 2.203122e-13 0.000000e+00
 1418 2.266666e-13 0.000000e+00
 1419 2.275987e-13 0.000000e+00
 1420 2.279550e-13 0.000000e+00
 1421 2.270597e-13 0.000000e+00
 1422 2.279642e-13 0.000000e+00
 1423 2.455729e-13 0.000000e+00
 1424 2.410205e-13 0.000000e+00
 1425 3.237642e-13 0.000000e+00
 1426 2.317271e-13 0.000000e+00
 1427 2.269469e-13 0.000000e+00
 1428 2.343776e-13 0.000000e+00
 1429 2.343300e-13 0.000000e+00
 1430 2.337549e-13 0.000000e+00
 1431 2.328888e-13 0.000000e+00
 1432 2.325816e-13 0.000000e+00
 1433 2.525502e-13 0.000000e+00
 1434 2.480994e-13 0.000000e+00
 1435 3.407446e-13 0.000000e+00
 1436 2.365664e-13 0.000000e+00
 1437 2.313446e-13 0.000000e+00
 1438 2.397277e-13 0.000000e+00
 1439 2.404087e-13 0.000000e+00
 1440 2.377375e-13 0.000000e+00
 1441 2.371187e-13 0.000000e+00
 1442 2.366609e-13 0.000000e+00
 1443 2.594974e-13 0.000000e+00
 1444 2.525684e-13 0.000000e+00
 1445 3.528757e-13 0.000000e+00
 1446 2.392789e-13 0.000000e+00
 1447 2.341342e-13 0.000000e+00
 1448 2.426354e-13 0.000000e+00
 1449 2.429019e-13 0.000000e+00
 1450 2.407788e-13 0.000000e+00
 1451 2.393537e-13 0.000000e+00
 1452 2.384770e-13 1.761298e-02
 1453 2.652837e-13 0.000000e+00
 1454 2.551604e-13 0.000000e+00
 1455 3.607136e-13 0.000000e+00
 1456 2.415663e-13 0.000000e+00
 1457 2.328838e-13 0.000000e+00
 1458 2.445156e-13 0.000000e+00
 1459 2.432493e-13 0.000000e+00
 1460 2.407608e-13 0.000000e+00
 1461 2.402032e-13 0.000000e+00
 1462 2.383040e-13 0.000000e+00
 1463 2.660025e-13 0.000000e+00
 1464 2.570832e-13 0.000000e+00
 1465 3.617046e-13 0.000000e+00
 1466 2.408848e-13 0.000000e+00
 1467 2.307843e-13 0.000000e+00
 1468 2.442994e-13 0.000000e+00
 1469 2.425542e-13 0.000000e+00
 1470 2.388244e-13 0.000000e+00
 1471 2.385719e-13 0.000000e+00
 1472 2.355870e-13 0.000000e+00
 1473 2.646024e-13 0.000000e+00
 1474 2.551588e-13 0.000000e+00
 1475 3.581244e-13 0.000000e+00
 1476 2.361852e-13 0.000000e+00
 1477 2.251072e-13 0.000000e+00
 1478 2.421916e-13 0.000000e+00
 1479 2.385812e-13 0.000000e+00
 1480 2.354391e-13 0.000000e+00
 1481 2.353900e-13 0.000000e+00
 1482 2.310150e-13 0.000000e+00
 1483 2.621935e-13 0.000000e+00
 1484 2.507302e-13 0.000000e+00
 1485 3.474280e-13 0.000000e+00
 1486 2.292892e-13 0.000000e+00
 1487 2.174200e-13 0.000000e+00
 1488 2.366575e-13 0.000000e+00
 1489 2.316898e-13 0.000000e+00
 1490 2.281240e-13 0.000000e+00
 1491 2.288453e-13 0.000000e+00
 1492 2.238023e-13 0.000000e+00
 1493 2.566962e-13 0.000000e+00
 1494 2.434255e-13 0.000000e+00
 1495 3.300532e-13 0.000000e+00
 1496 2.209341e-13 0.000000e+00
 1497 2.072927e-13 0.000000e+00
 1498 2.284497e-13 0.000000e+00
 1499 2.211731e-13 0.000000e+00
 1500 2.191087e-13 0.000000e+00
 1501 2.186533e-13 0.000000e+00
 1502 2.142669e-13 0.000000e+00
 1503 2.455451e-13 0.000000e+00
 1504 2.337951e-13 0.000000e+00
 1505 3.047972e-13 0.000000e+00
 1506 2.087025e-13 0.000000e+00
 1507 1.941098e-13 0.000000e+00
 1508 2.167882e-13 0.000000e+00
 1509 2.110521e-13 0.000000e+00
 1510 2.065868e-13 0.000000e+00
 1511 2.070526e-13 0.000000e+00
 1512 2.005635e-13 0.000000e+00
 1513 2.335451e-13 0.000000e+00
 1514 2.211810e-13 0.000000e+00
 1515 2.727302e-13 0.000000e+00
 1516 1.918610e-13 0.000000e+00
 1517 1.795445e-13 0.000000e+00
 1518 2.019641e-13 0.000000e+00
 1519 1.961872e-13 0.000000e+00
 1520 1.924465e-13 0.000000e+00
 1521 1.909720e-13 0.000000e+00
 1522 1.849719e-13 0.000000e+00
 1523 2.189596e-13 0.000000e+00
 1524 2.041938e-13 0.000000e+00
 1525 2.355413e-13 0.000000e+00
 1526 1.731837e-13 0.000000e+00
 1527 1.608578e-13 0.000000e+00
 1528 1.845396e-13 0.000000e+00
 1529 1.787913e-13 0.000000e+00
 1530 1.750959e-13 0.000000e+00
 1531 1.717725e-13 0.000000e+00
 1532 1.679289e-13 0.000000e+00
 1533 1.988023e-13 0.000000e+00
 1534 1.838124e-13 0.000000e+00
 1535 1.917695e-13 0.000000e+00
 1536 1.533186e-13 0.000000e+00
 1537 1.393033e-13 0.000000e+00
 1538 1.646096e-13 0.000000e+00
 1539 1.594807e-13 0.000000e+00
 1540 1.550189e-13 0.000000e+00
 1541 1.521988e-13 0.000000e+00
 1542 1.468811e-13 0.000000e+00
 1543 1.776353e-13 0.000000e+00
 1544 1.607997e-13 0.000000e+00
 1545 1.448999e-13 0.000000e+00
 1546 1.294645e-13 0.000000e+00
 1547 1.164326e-13 0.000000e+00
 1548 1.415034e-13 0.000000e+00
 1549 1.372833e-13 0.000000e+00
 1550 1.331867e-13 0.000000e+00
 1551 1.285772e-13 0.000000e+00
 1552 1.252046e-13 0.000000e+00
 1553 1.528903e-13 0.000000e+00
 1554 1.360097e-13 0.000000e+00
 1555 9.465480e-14 0.000000e+00
 1556 1.061197e-13 0.000000e+00
 1557 9.089721e-14 0.000000e+00
 1558 1.179211e-13 0.000000e+00
 1559 1.134314e-13 0.000000e+00
 1560 1.097515e-13 0.000000e+00
 1561 1.048898e-13 0.000000e+00
 1562 9.981371e-14 0.000000e+00
 1563 1.265267e-13 0.000000e+00
 1564 1.086674e-13 0.000000e+00
 1565 4.446078e-14 0.000000e+00
 1566 8.082269e-14 0.000000e+00
 1567 6.478422e-14 0.000000e+00
 1568 9.484991e-14 0.000000e+00
 1569 8.825716e-14 0.000000e+00
 1570 8.562156e-14 0.000000e+00
 1571 8.100799e-14 0.000000e+00
 1572 7.518004e-14 0.000000e+00
 1573 9.905395e-14 0.000000e+00
 1574 8.214210e-14 0.000000e+00
 1575 -5.593004e-15 0.000000e+00
 1576 5.483508e-14 0.000000e+00
 1577 4.018671e-14 0.000000e+00
 1578 6.999448e-14 0.000000e+00
 1579 6.463782e-14 0.000000e+00
 1580 6.190585e-14 0.000000e+00
 1581 5.776191e-14 0.000000e+00
 1582 5.202356e-14 0.000000e+00
 1583 7.282184e-14 0.000000e+00
 1584 5.754716e-14 0.000000e+00
 1585 -5.219304e-14 0.000000e+00
 1586 3.071923e-14 0.000000e+00
 1587 1.743556e-14 0.000000e+00
 1588 4.592920e-14 0.000000e+00
 1589 4.278758e-14 0.000000e+00
 1590 3.917939e-14 0.000000e+00
 1591 3.555240e-14 0.000000e+00
 1592 3.030078e-14 0.000000e+00
 1593 4.881090e-14 0.000000e+00
 1594 3.350816e-14 0.000000e+00
 1595 -9.059523e-14 0.000000e+00
 1596 9.198874e-15 0.000000e+00
 1597 -1.471442e-15 0.000000e+00
 1598 2.536819e-14 0.000000e+00
 1599 2.227800e-14 0.000000e+00
 1600 1.915342e-14 0.000000e+00
 1601 1.607612e-14 0.000000e+00
 1602 1.239362e-14 0.000000e+00
 1603 2.588926e-14 0.000000e+00
 1604 1.417393e-14 0.000000e+00
 1605 -1.204018e-13 0.000000e+00
 1606 -7.458914e-15 0.000000e+00
 1607 -1.754668e-14 0.000000e+00
 1608 9.220524e-15 0.000000e+00
 1609 6.263863e-15 0.000000e+00
 1610 2.857792e-15 0.000000e+00
 1611 7.141313e-16 0.000000e+00
 1612 -2.333709e-15 0.000000e+00
 1613 8.626755e-15 0.000000e+00
 1614 -1.671258e-15 0.000000e+00
 1615 -1.380649e-13 0.000000e+00
 1616 -2.046851e-14 0.000000e+00
 1617 -2.890216e-14 0.000000e+00
 1618 -3.939641e-15 0.000000e+00
 1619 -5.602986e-15 0.000000e+00
 1620 -7.990566e-15 0.000000e+00
 1621 -1.003669e-14 0.000000e+00
 1622 -1.206472e-14 0.000000e+00
 1623 -3.517519e-15 0.000000e+00
 1624 -1.263960e-14 0.000000e+00
 1625 -1.438466e-13 0.000000e+00
 1626 -2.858886e-14 0.000000e+00
 1627 -3.538879e-14 0.000000e+00
 1628 -1.181281e-14 0.000000e+00
 1629 -1.401045e-14 0.000000e+00
 1630 -1.502038e-14 0.000000e+00
 1631 -1.643532e-14 0.000000e+00
 1632 -1.740388e-14 0.000000e+00
 1633 -1.014731e-14 0.000000e+00
 1634 -1.676093e-14 0.000000e+00
 1635 -1.362971e-13 0.000000e+00
 1636 -3.161562e-14 0.000000e+00
 1637 -3.640333e-14 0.000000e+00
 1638 -1.515327e-14 0.000000e+00
 1639 -1.746133e-14 0.000000e+00
 1640 -1.706069e-14 0.000000e+00
 1641 -1.852496e-14 0.000000e+00
 1642 -1.824808e-14 0.000000e+00
 1643 -1.228031e-14 0.000000e+00
 1644 -1.741028e-14 0.000000e+00
 1645 -1.182831e-13 0.000000e+00
 1646 -2.862239e-14 0.000000e+00
 1647 -3.255223e-14 0.000000e+00
 1648 -1.426979e-14 0.000000e+00
 1649 -1.483041e-14 0.000000e+00
 1650 -1.596725e-14 0.000000e+00
 1651 -1.593070e-14 0.000000e+00
 1652 -1.601718e-14 0.000000e+00
 1653 -1.018401e-14 0.000000e+00
 1654 -1.422435e-14 0.000000e+00
 1655 -9.107364e-14 0.000000e+00
 1656 -2.271042e-14 0.000000e+00
 1657 -2.641046e-14 0.000000e+00
 1658 -9.166316e-15 0.000000e+00
 1659 -1.057887e-14 0.000000e+00
 1660 -1.007599e-14 0.000000e+00
 1661 -1.020796e-14 0.000000e+00
 1662 -1.026641e-14 0.000000e+00
 1663 -2.316082e-15 0.000000e+00
 1664 -7.582837e-15 0.000000e+00
 1665 -5.746438e-14 0.000000e+00
 1666 -1.369486e-14 0.000000e+00
 1667 -1.784009e-14 0.000000e+00
 1668 -2.189281e-15 0.000000e+00
 1669 -3.170511e-15 0.000000e+00
 1670 -1.254265e-15 0.000000e+00
 1671 -2.792485e-15 0.000000e+00
 1672 -1.518234e-15 0.000000e+00
 1673 6.757345e-15 0.000000e+00
 1674 2.539884e-15 0.000000e+00
 1675 -1.941985e-14 0.000000e+00
 1676 -3.365298e-15 0.000000e+00
 1677 -5.619925e-15 0.000000e+00
 1678 6.212678e-15 0.000000e+00
 1679 5.915863e-15 0.000000e+00
 1680 7.170802e-15 0.000000e+00
 1681 6.256855e-15 0.000000e+00
 1682 7.023772e-15 0.000000e+00
 1683 1.841978e-14 0.000000e+00
 1684 1.344221e-14 0.000000e+00
 1685 1.864808e-14 0.000000e+00
 1686 7.513659e-15 0.000000e+00
 1687 6.291344e-15 0.000000e+00
 1688 1.507021e-14 0.000000e+00
 1689 1.642828e-14 0.000000e+00
 1690 1.595409e-14 0.000000e+00
 1691 1.620963e-14 0.000000e+00
 1692 1.702127e-14 0.000000e+00
 1693 2.934169e-14 0.000000e+00
 1694 2.500334e-14 0.000000e+00
 1695 5.498689e-14 0.000000e+00
 1696 1.808792e-14 0.000000e+00
 1697 1.455899e-14 0.000000e+00
 1698 2.374045e-14 0.000000e+00
 1699 2.122540e-14 0.000000e+00
 1700 2.166107e-14 0.000000e+00
 1701 2.008450e-14 0.000000e+00
 1702 1.861072e-14 0.000000e+00
 1703 3.166979e-14 0.000000e+00
 1704 2.683011e-14 0.000000e+00
 1705 8.111618e-14 0.000000e+00
 1706 1.699091e-14 0.000000e+00
 1707 1.118604e-14 0.000000e+00
 1708 1.965662e-14 0.000000e+00
 1709 1.602410e-14 0.000000e+00
 1710 1.375933e-14 0.000000e+00
 1711 1.383399e-14 0.000000e+00
 1712 1.098116e-14 0.000000e+00
 1713 2.502260e-14 0.000000e+00
 1714 1.913738e-14 0.000000e+00
 1715 9.258055e-14 0.000000e+00
 1716 6.099495e-15 0.000000e+00
 1717 -8.430543e-16 0.000000e+00
 1718 6.786989e-15 0.000000e+00
 1719 1.229240e-15 0.000000e+00
 1720 -3.435601e-16 0.000000e+00
 1721 -1.365582e-15 0.000000e+00
 1722 -5.035218e-15 0.000000e+00
 1723 1.076105e-14 0.000000e+00
 1724 3.296149e-15 0.000000e+00
 1725 9.620421e-14 0.000000e+00
 1726 -1.292130e-14 0.000000e+00
 1727 -2.133986e-14 0.000000e+00
 1728 -1.414534e-14 0.000000e+00
 1729 -1.884835e-14 0.000000e+00
 1730 -2.408730e-14 0.000000e+00
 1731 -2.528460e-14 0.000000e+00
 1732 -2.966030e-14 0.000000e+00
 1733 -1.042676e-14 0.000000e+00
 1734 -1.901163e-14 0.000000e+00
 1735 8.642045e-14 0.000000e+00
 1736 -3.933903e-14 0.000000e+00
 1737 -5.074100e-14 0.000000e+00
 1738 -4.222976e-14 0.000000e+00
 1739 -4.799832e-14 0.000000e+00
 1740 -5.395617e-14 0.000000e+00
 1741 -5.518828e-14 0.000000e+00
 1742 -5.931635e-14 0.000000e+00
 1743 -3.709786e-14 0.000000e+00
 1744 -4.530072e-14 0.000000e+00
 1745 6.948569e-14 0.000000e+00
 1746 -6.547674e-14 0.000000e+00
 1747 -7.644370e-14 0.000000e+00
 1748 -6.391289e-14 0.000000e+00
 1749 -7.059844e-14 0.000000e+00
 1750 -7.476911e-14 0.000000e+00
 1751 -7.579194e-14 0.000000e+00
 1752 -7.758209e-14 8.964787e-03
 1753 -5.324740e-14 0.000000e+00
 1754 -6.147523e-14 0.000000e+00
 1755 5.681256e-14 0.000000e+00
 1756 -8.387280e-14 0.000000e+00
 1757 -9.473147e-14 0.000000e+00
 1758 -8.158791e-14 0.000000e+00
 1759 -8.663136e-14 0.000000e+00
 1760 -9.079536e-14 0.000000e+00
 1761 -9.182657e-14 0.000000e+00
 1762 -9.395351e-14 0.000000e+00
 1763 -6.548479e-14 0.000000e+00
 1764 -7.663535e-14 0.000000e+00
 1765 4.104957e-14 0.000000e+00
 1766 -9.887465e-14 0.000000e+00
 1767 -1.134263e-13 0.000000e+00
 1768 -9.622209e-14 0.000000e+00
 1769 -1.017564e-13 0.000000e+00
 1770 -1.046530e-13 0.000000e+00
 1771 -1.080787e-13 0.000000e+00
 1772 -1.097664e-13 0.000000e+00
 1773 -7.783343e-14 0.000000e+00
 1774 -9.013345e-14 0.000000e+00
 1775 1.551218e-14 0.000000e+00
 1776 -1.151580e-13 0.000000e+00
 1777 -1.297792e-13 0.000000e+00
 1778 -1.112635e-13 0.000000e+00
 1779 -1.163188e-13 0.000000e+00
 1780 -1.192160e-13 0.000000e+00
 1781 -1.229606e-13 0.000000e+00
 1782 -1.235596e-13 0.000000e+00
 1783 -9.033474e-14 0.000000e+00
 1784 -1.046228e-13 0.000000e+00
 1785 -1.188216e-14 0.000000e+00
 1786 -1.306226e-13 0.000000e+00
 1787 -1.478484e-13 0.000000e+00
 1788 -1.249174e-13 0.000000e+00
 1789 -1.308043e-13 0.000000e+00
 1790 -1.321406e-13 0.000000e+00
 1791 -1.387125e-13 0.000000e+00
 1792 -1.386225e-13 0.000000e+00
 1793 -1.025107e-13 0.000000e+00
 1794 -1.194803e-13 0.000000e+00
 1795 -4.391640e-14 0.000000e+00
 1796 -1.470352e-13 0.000000e+00
 1797 -1.644687e-13 0.000000e+00
 1798 -1.393244e-13 0.000000e+00
 1799 -1.457369e-13 0.000000e+00
 1800 -1.476182e-13 0.000000e+00
 1801 -1.529403e-13 0.000000e+00
 1802 -1.545792e-13 0.000000e+00
 1803 -1.170751e-13 0.000000e+00
 1804 -1.351922e-13 0.000000e+00
 1805 -8.425016e-14 0.000000e+00
 1806 -1.643407e-13 0.000000e+00
 1807 -1.818642e-13 0.000000e+00
 1808 -1.549844e-13 0.000000e+00
 1809 -1.599389e-13 0.000000e+00
 1810 -1.630801e-13 0.000000e+00
 1811 -1.669335e-13 0.000000e+00
 1812 -1.711534e-13 0.000000e+00
 1813 -1.316459e-13 0.000000e+00
 1814 -1.526961e-13 0.000000e+00
 1815 -1.238171e-13 0.000000e+00
 1816 -1.818124e-13 0.000000e+00
 1817 -1.993431e-13 0.000000e+00
 1818 -1.704066e-13 0.000000e+00
 1819 -1.744141e-13 0.000000e+00
 1820 -1.789952e-13 0.000000e+00
 1821 -1.811135e-13 0.000000e+00
 1822 -1.861189e-13 0.000000e+00
 1823 -1.477080e-13 0.000000e+00
 1824 -1.675159e-13 0.000000e+00
 1825 -1.678522e-13 0.000000e+00
 1826 -2.006344e-13 0.000000e+00
 1827 -2.160393e-13 0.000000e+00
 1828 -1.856299e-13 0.000000e+00
 1829 -1.888493e-13 0.000000e+00
 1830 -1.937583e-13 0.000000e+00
 1831 -1.962780e-13 0.000000e+00
 1832 -2.014134e-13 0.000000e+00
 1833 -1.649900e-13 0.000000e+00
 1834 -1.848223e-13 0.000000e+00
 1835 -2.170819e-13 0.000000e+00
 1836 -2.182699e-13 0.000000e+00
 1837 -2.312809e-13 0.000000e+00
 1838 -2.010973e-13 0.000000e+00
 1839 -2.031000e-13 0.000000e+00
 1840 -2.080190e-13 0.000000e+00
 1841 -2.104477e-13 0.000000e+00
 1842 -2.155282e-13 0.000000e+00
 1843 -1.822182e-13 0.000000e+00
 1844 -2.013176e-13 0.000000e+00
 1845 -2.631311e-13 0.000000e+00
 1846 -2.321226e-13 0.000000e+00
 1847 -2.472519e-13 0.000000e+00
 1848 -2.148783e-13 0.000000e+00
 1849 -2.164871e-13 0.000000e+00
 1850 -2.217371e-13 0.000000e+00
 1851 -2.229868e-13 0.000000e+00
 1852 -2.287593e-13 0.000000e+00
 1853 -1.975044e-13 0.000000e+00
 1854 -2.156370e-13 0.000000e+00
 1855 -3.066958e-13 0.000000e+00
 1856 -2.462468e-13 0.000000e+00
 1857 -2.616367e-13 0.000000e+00
 1858 -2.272663e-13 0.000000e+00
 1859 -2.301407e-13 0.000000e+00
 1860 -2.325739e-13 0.000000e+00
 1861 -2.357313e-13 0.000000e+00
 1862 -2.400751e-13 0.000000e+00
 1863 -2.130610e-13 0.000000e+00
 1864 -2.301562e-13 0.000000e+00
 1865 -3.477653e-13 0.000000e+00
 1866 -2.603727e-13 0.000000e+00
 1867 -2.726772e-13 0.000000e+00
 1868 -2.383467e-13 0.000000e+00
 1869 -2.412844e-13 0.000000e+00
 1870 -2.427403e-13 0.000000e+00
 1871 -2.455110e-13 0.000000e+00
 1872 -2.509965e-13 0.000000e+00
 1873 -2.255051e-13 0.000000e+00
 1874 -2.413362e-13 0.000000e+00
 1875 -3.810280e-13 0.000000e+00
 1876 -2.693761e-13 0.000000e+00
 1877 -2.817910e-13 0.000000e+00
 1878 -2.466036e-13 0.000000e+00
 1879 -2.500214e-13 0.000000e+00
 1880 -2.497293e-13 0.000000e+00
 1881 -2.548351e-13 0.000000e+00
 1882 -2.568290e-13 0.000000e+00
 1883 -2.362942e-13 0.000000e+00
 1884 -2.508350e-13 0.000000e+00
 1885 -4.061959e-13 0.000000e+00
 1886 -2.770827e-13 0.000000e+00
 1887 -2.862735e-13 0.000000e+00
 1888 -2.537955e-13 0.000000e+00
 1889 -2.562521e-13 0.000000e+00
 1890 -2.562328e-13 0.000000e+00
 1891 -2.590356e-13 0.000000e+00
 1892 -2.612611e-13 0.000000e+00
 1893 -2.459280e-13 0.000000e+00
 1894 -2.577715e-13 0.000000e+00
 1895 -4.266469e-13 0.000000e+00
 1896 -2.808719e-13 0.000000e+00
 1897 -2.893278e-13 0.000000e+00
 1898 -2.586895e-13 0.000000e+00
 1899 -2.591596e-13 0.000000e+00
 1900 -2.594295e-13 0.000000e+00
 1901 -2.618267e-13 0.000000e+00
 1902 -2.640264e-13 0.000000e+00
 1903 -2.520470e-13 0.000000e+00
 1904 -2.608547e-13 0.000000e+00
 1905 -4.347261e-13 0.000000e+00
 1906 -2.811351e-13 0.000000e+00
 1907 -2.891871e-13 0.000000e+00
 1908 -2.603680e-13 0.000000e+00
 1909 -2.595946e-13 0.000000e+00
 1910 -2.593732e-13 0.000000e+00
 1911 -2.629103e-13 0.000000e+00
 1912 -2.636052e-13 0.000000e+00
 1913 -2.528206e-13 0.000000e+00
 1914 -2.621163e-13 0.000000e+00
 1915 -4.362142e-13 0.000000e+00
 1916 -2.790188e-13 0.000000e+00
 1917 -2.858886e-13 0.000000e+00
 1918 -2.597236e-13 0.000000e+00
 1919 -2.587440e-13 0.000000e+00
 1920 -2.575139e-13 0.000000e+00
 1921 -2.605193e-13 0.000000e+00
 1922 -2.613931e-13 0.000000e+00
 1923 -2.541044e-13 0.000000e+00
 1924 -2.606052e-13 0.000000e+00
 1925 -4.318280e-13 0.000000e+00
 1926 -2.749268e-13 0.000000e+00
 1927 -2.807584e-13 0.000000e+00
 1928 -2.568715e-13 0.000000e+00
 1929 -2.544450e-13 0.000000e+00
 1930 -2.547169e-13 0.000000e+00
 1931 -2.564993e-13 0.000000e+00
 1932 -2.575363e-13 0.000000e+00
 1933 -2.518603e-13 0.000000e+00
 1934 -2.556405e-13 0.000000e+00
 1935 -4.196211e-13 0.000000e+00
 1936 -2.683048e-13 0.000000e+00
 1937 -2.739022e-13 0.000000e+00
 1938 -2.512422e-13 0.000000e+00
 1939 -2.496747e-13 0.000000e+00
 1940 -2.497106e-13 0.000000e+00
 1941 -2.508828e-13 0.000000e+00
 1942 -2.508265e-13 0.000000e+00
 1943 -2.470544e-13 0.000000e+00
 1944 -2.507624e-13 0.000000e+00
 1945 -4.026721e-13 0.000000e+00
 1946 -2.604709e-13 0.000000e+00
 1947 -2.648346e-13 0.000000e+00
 1948 -2.445622e-13 0.000000e+00
 1949 -2.440764e-13 0.000000e+00
 1950 -2.436645e-13 0.000000e+00
 1951 -2.437212e-13 0.000000e+00
 1952 -2.445536e-13 0.000000e+00
 1953 -2.414685e-13 0.000000e+00
 1954 -2.439671e-13 0.000000e+00
 1955 -3.833387e-13 0.000000e+00
 1956 -2.518864e-13 0.000000e+00
 1957 -2.557117e-13 0.000000e+00
 1958 -2.375981e-13 0.000000e+00
 1959 -2.378399e-13 0.000000e+00
 1960 -2.363984e-13 0.000000e+00
 1961 -2.364039e-13 0.000000e+00
 1962 -2.377913e-13 0.000000e+00
 1963 -2.337116e-13 0.000000e+00
 1964 -2.369553e-13 0.000000e+00
 1965 -3.624840e-13 0.000000e+00
 1966 -2.421311e-13 0.000000e+00
 1967 -2.468138e-13 0.000000e+00
 1968 -2.299818e-13 0.000000e+00
 1969 -2.299313e-13 0.000000e+00
 1970 -2.291585e-13 0.000000e+00
 1971 -2.291567e-13 0.000000e+00
 1972 -2.295584e-13 0.000000e+00
 1973 -2.267296e-13 0.000000e+00
 1974 -2.291102e-13 0.000000e+00
 1975 -3.411255e-13 0.000000e+00
 1976 -2.325369e-13 0.000000e+00
 1977 -2.374121e-13 0.000000e+00
 1978 -2.221941e-13 0.000000e+00
 1979 -2.217373e-13 0.000000e+00
 1980 -2.216155e-13 0.000000e+00
 1981 -2.211298e-13 0.000000e+00
 1982 -2.217712e-13 0.000000e+00
 1983 -2.192668e-13 0.000000e+00
 1984 -2.212531e-13 0.000000e+00
 1985 -3.202944e-13 0.000000e+00
 1986 -2.233605e-13 0.000000e+00
 1987 -2.285363e-13 0.000000e+00
 1988 -2.144091e-13 0.000000e+00
 1989 -2.149433e-13 0.000000e+00
 1990 -2.137221e-13 0.000000e+00
 1991 -2.137000e-13 0.000000e+00
 1992 -2.135858e-13 0.000000e+00
 1993 -2.123958e-13 0.000000e+00
 1994 -2.132278e-13 0.000000e+00
 1995 -3.007462e-13 0.000000e+00
 1996 -2.150115e-13 0.000000e+00
 1997 -2.199416e-13 0.000000e+00
 1998 -2.071870e-13 0.000000e+00
 1999 -2.066311e-13 0.000000e+00
 2000 -2.073703e-13 0.000000e+00
 2001 -2.063632e-13 0.000000e+00
 2002 -2.064459e-13 0.000000e+00
 2003 -2.053386e-13 0.000000e+00
 2004 -2.057894e-13 0.000000e+00
 2005 -2.831771e-13 0.000000e+00
 2006 -2.070139e-13 0.000000e+00
 2007 -2.118127e-13 0.000000e+00
 2008 -2.001997e-13 0.000000e+00
 2009 -2.002182e-13 0.000000e+00
 2010 -1.998364e-13 0.000000e+00
 2011 -1.997309e-13 0.000000e+00
 2012 -1.994090e-13 0.000000e+00
 2013 -1.990936e-13 0.000000e+00
 2014 -1.992343e-13 0.000000e+00
 2015 -2.675828e-13 0.000000e+00
 2016 -1.999742e-13 0.000000e+00
 2017 -2.044619e-13 0.000000e+00
 2018 -1.940975e-13 0.000000e+00
 2019 -1.941199e-13 0.000000e+00
 2020 -1.933437e-13 0.000000e+00
 2021 -1.933491e-13 0.000000e+00
 2022 -1.930412e-13 0.000000e+00
 2023 -1.927361e-13 0.000000e+00
 2024 -1.926206e-13 0.000000e+00
 2025 -2.552349e-13 0.000000e+00
 2026 -1.944578e-13 0.000000e+00
 2027 -1.973984e-13 0.000000e+00
 2028 -1.883159e-13 0.000000e+00
 2029 -1.882508e-13 0.000000e+00
 2030 -1.877389e-13 0.000000e+00
 2031 -1.879357e-13 0.000000e+00
 2032 -1.873646e-13 0.000000e+00
 2033 -1.868233e-13 0.000000e+00
 2034 -1.869648e-13 0.000000e+00
 2035 -2.449139e-13 0.000000e+00
 2036 -1.890636e-13 0.000000e+00
 2037 -1.916510e-13 0.000000e+00
 2038 -1.832635e-13 0.000000e+00
 2039 -1.831048e-13 0.000000e+00
 2040 -1.826221e-13 0.000000e+00
 2041 -1.828755e-13 0.000000e+00
 2042 -1.820716e-13 0.000000e+00
 2043 -1.822529e-13 0.000000e+00
 2044 -1.821597e-13 0.000000e+00
 2045 -2.365046e-13 0.000000e+00
 2046 -1.841796e-13 0.000000e+00
 2047 -1.865208e-13 0.000000e+00
 2048 -1.721918e-13 0.000000e+00
 2049 0.000000e+00 0.000000e+00
 2050 0.000000e+00 0.000000e+00
 2051 0.000000e+00 0.000000e+00
 2052 0.000000e+00 1.472252e-02
 2053 0.000000e+00 0.000000e+00
 2054 0.000000e+00 0.000000e+00
 2055 0.000000e+00 0.000000e+00
 2056 0.000000e+00 0.000000e+00
 2057 0.000000e+00 0.000000e+00
 2058 0.000000e+00 0.000000e+00
 2059 0.000000e+00 0.000000e+00
 2060 0.000000e+00 0.000000e+00
 2061 0.000000e+00 0.000000e+00
 2062 0.000000e+00 0.000000e+00
 2063 0.000000e+00 0.000000e+00
 2064 0.000000e+00 0.000000e+00
 2065 0.000000e+00 0.000000e+00
 2066 0.000000e+00 0.000000e+00
 2067 0.000000e+00 0.000000e+00
 2068 0.000000e+00 0.000000e+00
 2069 0.000000e+00 0.000000e+00
 2070 0.000000e+00 0.000000e+00
 2071 0.000000e+00 0.000000e+00
 2072 0.000000e+00 0.000000e+00
 2073 0.000000e+00 0.000000e+00
 2074 0.000000e+00 0.000000e+00
 2075 0.000000e+00 0.000000e+00
 2076 0.000000e+00 0.000000e+00
 2077 0.000000e+00 0.000000e+00
 2078 0.000000e+00 0.000000e+00
 2079 0.000000e+00 0.000000e+00
 2080 0.000000e+00 0.000000e+00
 2081 0.000000e+00 0.000000e+00
 2082 0.000000e+00 0.000000e+00
 2083 0.000000e+00 0.000000e+00
 2084 0.000000e+00 0.000000e+00
 2085 0.000000e+00 0.000000e+00
 2086 0.000000e+00 0.000000e+00
 2087 0.000000e+00 0.000000e+00
 2088 0.000000e+00 0.000000e+00
 2089 0.000000e+00 0.000000e+00
 2090 0.000000e+00 0.000000e+00
 2091 0.000000e+00 0.000000e+00
 2092 0.000000e+00 0.000000e+00
 2093 0.000000e+00 0.000000e+00
 2094 0.000000e+00 0.000000e+00
 2095 0.000000e+00 0.000000e+00
 2096 0.000000e+00 0.000000e+00
 2097 0.000000e+00 0.000000e+00
 2098 0.000000e+00 0.000000e+00
 2099 0.000000e+00 0.000000e+00
 2100 0.000000e+00 0.000000e+00
 2101 0.000000e+00 0.000000e+00
 2102 0.000000e+00 0.000000e+00
 2103 0.000000e+00 0.000000e+00
 2104 0.000000e+00 0.000000e+00
 2105 0.000000e+00 0.000000e+00
 2106 0.000000e+00 0.000000e+00
 2107 0.000000e+00 0.000000e+00
 2108 0.000000e+00 0.000000e+00
 2109 0.000000e+00 0.000000e+00
 2110 0.000000e+00 0.000000e+00
 2111 0.000000e+00 0.000000e+00
 2112 0.000000e+00 0.000000e+00
 2113 0.000000e+00 0.000000e+00
 2114 0.000000e+00 0.000000e+00
 2115 0.000000e+00 0.000000e+00
 2116 0.000000e+00 0.000000e+00
 2117 0.000000e+00 0.000000e+00
 2118 0.000000e+00 0.000000e+00
 2119 0.000000e+00 0.000000e+00
 2120 0.000000e+00 0.000000e+00
 2121 0.000000e+00 0.000000e+00
 2122 0.000000e+00 0.000000e+00
 2123 0.000000e+00 0.000000e+00
 2124 0.000000e+00 0.000000e+00
 2125 0.000000e+00 0.000000e+00
 2126 0.000000e+00 0.000000e+00
 2127 0.000000e+00 0.000000e+00
 2128 0.000000e+00 0.000000e+00
 2129 0.000000e+00 0.000000e+00
 2130 0.000000e+00 0.000000e+00
 2131 0.000000e+00 0.000000e+00
 2132 0.000000e+00 0.000000e+00
 2133 0.000000e+00 0.000000e+00
 2134 0.000000e+00 0.000000e+00
 2135 0.000000e+00 0.000000e+00
 2136 0.000000e+00 0.000000e+00
 2137 0.000000e+00 0.000000e+00
 2138 0.000000e+00 0.000000e+00
 2139 0.000000e+00 0.000000e+00
 2140 0.000000e+00 0.000000e+00
 2141 0.000000e+00 0.000000e+00
 2142 0.000000e+00 0.000000e+00
 2143 0.000000e+00 0.000000e+00
 2144 0.000000e+00 0.000000e+00
 2145 0.000000e+00 0.000000e+00
 2146 0.000000e+00 0.000000e+00
 2147 0.000000e+00 0.000000e+00
 2148 0.000000e+00 0.000000e+00
 2149 0.000000e+00 0.000000e+00
 2150 0.000000e+00 0.000000e+00
 2151 0.000000e+00 0.000000e+00
 2152 0.000000e+00 0.000000e+00
 2153 0.000000e+00 0.000000e+00
 2154 0.000000e+00 0.000000e+00
 2155 0.000000e+00 0.000000e+00
 2156 0.000000e+00 0.000000e+00
 2157 0.000000e+00 0.000000e+00
 2158 0.000000e+00 0.000000e+00
 2159 0.000000e+00 0.000000e+00
 2160 0.000000e+00 0.000000e+00
 2161 0.000000e+00 0.000000e+00
 2162 0.000000e+00 0.000000e+00
 2163 0.000000e+00 0.000000e+00
 2164 0.000000e+00 0.000000e+00
 2165 0.000000e+00 0.000000e+00
 2166 0.000000e+00 0.000000e+00
 2167 0.000000e+00 0.000000e+00
 2168 0.000000e+00 0.000000e+00
 2169 0.000000e+00 0.000000e+00
 2170 0.000000e+00 0.000000e+00
 2171 0.000000e+00 0.000000e+00
 2172 0.000000e+00 0.000000e+00
 2173 0.000000e+00 0.000000e+00
 2174 0.000000e+00 0.000000e+00
 2175 0.000000e+00 0.000000e+00
 2176 0.000000e+00 0.000000e+00
 2177 0.000000e+00 0.000000e+00
 2178 0.000000e+00 0.000000e+00
 2179 0.000000e+00 0.000000e+00
 2180 0.000000e+00 0.000000e+00
 2181 0.000000e+00 0.000000e+00
 2182 0.000000e+00 0.000000e+00
 2183 0.000000e+00 0.000000e+00
 2184 0.000000e+00 0.000000e+00
 2185 0.000000e+00 0.000000e+00
 2186 0.000000e+00 0.000000e+00
 2187 0.000000e+00 0.000000e+00
 2188 0.000000e+00 0.000000e+00
 2189 0.000000e+00 0.000000e+00
 2190 0.000000e+00 0.000000e+00
 2191 0.000000e+00 0.000000e+00
 2192 0.000000e+00 0.000000e+00
 2193 0.000000e+00 0.000000e+00
 2194 0.000000e+00 0.000000e+00
 2195 0.000000e+00 0.000000e+00
 2196 0.000000e+00 0.000000e+00
 2197 0.000000e+00 0.000000e+00
 2198 0.000000e+00 0.000000e+00
 2199 0.000000e+00 0.000000e+00
 2200 0.000000e+00 0.000000e+00
 2201 0.000000e+00 0.000000e+00
 2202 0.000000e+00 0.000000e+00
 2203 0.000000e+00 0.000000e+00
 2204 0.000000e+00 0.000000e+00
 2205 0.000000e+00 0.000000e+00
 2206 0.000000e+00 0.000000e+00
 2207 0.000000e+00 0.000000e+00
 2208 0.000000e+00 0.000000e+00
 2209 0.000000e+00 0.000000e+00
 2210 0.000000e+00 0.000000e+00
 2211 0.000000e+00 0.000000e+00
 2212 0.000000e+00 0.000000e+00
 2213 0.000000e+00 0.000000e+00
 2214 0.000000e+00 0.000000e+00
 2215 0.000000e+00 0.000000e+00
 2216 0.000000e+00 0.000000e+00
 2217 0.000000e+00 0.000000e+00
 2218 0.000000e+00 0.000000e+00
 2219 0.000000e+00 0.000000e+00
 2220 0.000000e+00 0.000000e+00
 2221 0.000000e+00 0.000000e+00
 2222 0.000000e+00 0.000000e+00
 2223 0.000000e+00 0.000000e+00
 2224 0.000000e+00 0.000000e+00
 2225 0.000000e+00 0.000000e+00
 2226 0.000000e+00 0.000000e+00
 2227 0.000000e+00 0.000000e+00
 2228 0.000000e+00 0.000000e+00
 2229 0.000000e+00 0.000000e+00
 2230 0.000000e+00 0.000000e+00
 2231 0.000000e+00 0.000000e+00
 2232 0.000000e+00 0.000000e+00
 2233 0.000000e+00 0.000000e+00
 2234 0.000000e+00 0.000000e+00
 2235 0.000000e+00 0.000000e+00
 2236 0.000000e+00 0.000000e+00
 2237 0.000000e+00 0.000000e+00
 2238 0.000000e+00 0.000000e+00
 2239 0.000000e+00 0.000000e+00
 2240 0.000000e+00 0.000000e+00
 2241 0.000000e+00 0.000000e+00
 2242 0.000000e+00 0.000000e+00
 2243 0.000000e+00 0.000000e+00
 2244 0.000000e+00 0.000000e+00
 2245 0.000000e+00 0.000000e+00
 2246 0.000000e+00 0.000000e+00
 2247 0.000000e+00 0.000000e+00
 2248 0.000000e+00 0.000000e+00
 2249 0.000000e+00 0.000000e+00
 2250 0.000000e+00 0.000000e+00
 2251 0.000000e+00 0.000000e+00
 2252 0.000000e+00 0.000000e+00
 2253 0.000000e+00 0.000000e+00
 2254 0.000000e+00 0.000000e+00
 2255 0.000000e+00 0.000000e+00
 2256 0.000000e+00 0.000000e+00
 2257 0.000000e+00 0.000000e+00
 2258 0.000000e+00 0.000000e+00
 2259 0.000000e+00 0.000000e+00
 2260 0.000000e+00 0.000000e+00
 2261 0.000000e+00 0.000000e+00
 2262 0.000000e+00 0.000000e+00
 2263 0.000000e+00 0.000000e+00
 2264 0.000000e+00 0.000000e+00
 2265 0.000000e+00 0.000000e+00
 2266 0.000000e+00 0.000000e+00
 2267 0.000000e+00 0.000000e+00
 2268 0.000000e+00 0.000000e+00
 2269 0.000000e+00 0.000000e+00
 2270 0.000000e+00 0.000000e+00
 2271 0.000000e+00 0.000000e+00
 2272 0.000000e+00 0.000000e+00
 2273 0.000000e+00 0.000000e+00
 2274 0.000000e+00 0.000000e+00
 2275 0.000000e+00 0.000000e+00
 2276 0.000000e+00 0.000000e+00
 2277 0.000000e+00 0.000000e+00
 2278 0.000000e+00 0.000000e+00
 2279 0.000000e+00 0.000000e+00
 2280 0.000000e+00 0.000000e+00
 2281 0.000000e+00 0.000000e+00
 2282 0.000000e+00 0.000000e+00
 2283 0.000000e+00 0.000000e+00
 2284 0.000000e+00 0.000000e+00
 2285 0.000000e+00 0.000000e+00
 2286 0.000000e+00 0.000000e+00
 2287 0.000000e+00 0.000000e+00
 2288 0.000000e+00 0.000000e+00
 2289 0.000000e+00 0.000000e+00
 2290 0.000000e+00 0.000000e+00
 2291 0.000000e+00 0.000000e+00
 2292 0.000000e+00 0.000000e+00
 2293 0.000000e+00 0.000000e+00
 2294 0.000000e+00 0.000000e+00
 2295 0.000000e+00 0.000000e+00
 2296 0.000000e+00 0.000000e+00
 2297 0.000000e+00 0.000000e+00
 2298 0.000000e+00 0.000000e+00
 2299 0.000000e+00 0.000000e+00
 2300 0.000000e+00 0.000000e+00
 2301 0.000000e+00 0.000000e+00
 2302 0.000000e+00 0.000000e+00
 2303 0.000000e+00 0.000000e+00
 2304 0.000000e+00 0.000000e+00
 2305 0.000000e+00 0.000000e+00
 2306 0.000000e+00 0.000000e+00
 2307 0.000000e+00 0.000000e+00
 2308 0.000000e+00 0.000000e+00
 2309 0.000000e+00 0.000000e+00
 2310 0.000000e+00 0.000000e+00
 2311 0.000000e+00 0.000000e+00
 2312 0.000000e+00 0.000000e+00
 2313 0.000000e+00 0.000000e+00
 2314 0.000000e+00 0.000000e+00
 2315 0.000000e+00 0.000000e+00
 2316 0.000000e+00 0.000000e+00
 2317 0.000000e+00 0.000000e+00
 2318 0.000000e+00 0.000000e+00
 2319 0.000000e+00 0.000000e+00
 2320 0.000000e+00 0.000000e+00
 2321 0.000000e+00 0.000000e+00
 2322 0.000000e+00 0.000000e+00
 2323 0.000000e+00 0.000000e+00
 2324 0.000000e+00 0.000000e+00
 2325 0.000000e+00 0.000000e+00
 2326 0.000000e+00 0.000000e+00
 2327 0.000000e+00 0.000000e+00
 2328 0.000000e+00 0.000000e+00
 2329 0.000000e+00 0.000000e+00
 2330 0.000000e+00 0.000000e+00
 2331 0.000000e+00 0.000000e+00
 2332 0.000000e+00 0.000000e+00
 2333 0.000000e+00 0.000000e+00
 2334 0.000000e+00 0.000000e+00
 2335 0.000000e+00 0.000000e+00
 2336 0.000000e+00 0.000000e+00
 2337 0.000000e+00 0.000000e+00
 2338 0.000000e+00 0.000000e+00
 2339 0.000000e+00 0.000000e+00
 2340 0.000000e+00 0.000000e+00
 2341 0.000000e+00 0.000000e+00
 2342 0.000000e+00 0.000000e+00
 2343 0.000000e+00 0.000000e+00
 2344 0.000000e+00 0.000000e+00
 2345 0.000000e+00 0.000000e+00
 2346 0.000000e+00 0.000000e+00
 2347 0.000000e+00 0.000000e+00
 2348 0.000000e+00 0.000000e+00
 2349 0.000000e+00 0.000000e+00
 2350 0.000000e+00 0.000000e+00
 2351 0.000000e+00 0.000000e+00
 2352 0.000000e+00 2.206273e-02
 2353 0.000000e+00 0.000000e+00
 2354 0.000000e+00 0.000000e+00
 2355 0.000000e+00 0.000000e+00
 2356 0.000000e+00 0.000000e+00
 2357 0.000000e+00 0.000000e+00
 2358 0.000000e+00 0.000000e+00
 2359 0.000000e+00 0.000000e+00
 2360 0.000000e+00 0.000000e+00
 2361 0.000000e+00 0.000000e+00
 2362 0.000000e+00 0.000000e+00
 2363 0.000000e+00 0.000000e+00
 2364 0.000000e+00 0.000000e+00
 2365 0.000000e+00 0.000000e+00
 2366 0.000000e+00 0.000000e+00
 2367 0.000000e+00 0.000000e+00
 2368 0.000000e+00 0.000000e+00
 2369 0.000000e+00 0.000000e+00
 2370 0.000000e+00 0.000000e+00
 2371 0.000000e+00 0.000000e+00
 2372 0.000000e+00 0.000000e+00
 2373 0.000000e+00 0.000000e+00
 2374 0.000000e+00 0.000000e+00
 2375 0.000000e+00 0.000000e+00
 2376 0.000000e+00 0.000000e+00
 2377 0.000000e+00 0.000000e+00
 2378 0.000000e+00 0.000000e+00
 2379 0.000000e+00 0.000000e+00
 2380 0.000000e+00 0.000000e+00
 2381 0.000000e+00 0.000000e+00
 2382 0.000000e+00 0.000000e+00
 2383 0.000000e+00 0.000000e+00
 2384 0.000000e+00 0.000000e+00
 2385 0.000000e+00 0.000000e+00
 2386 0.000000e+00 0.000000e+00
 2387 0.000000e+00 0.000000e+00
 2388 0.000000e+00 0.000000e+00
 2389 0.000000e+00 0.000000e+00
 2390 0.000000e+00 0.000000e+00
 2391 0.000000e+00 0.000000e+00
 2392 0.000000e+00 0.000000e+00
 2393 0.000000e+00 0.000000e+00
 2394 0.000000e+00 0.000000e+00
 2395 0.000000e+00 0.000000e+00
 2396 0.000000e+00 0.000000e+00
 2397 0.000000e+00 0.000000e+00
 2398 0.000000e+00 0.000000e+00
 2399 0.000000e+00 0.000000e+00
 2400 0.000000e+00 0.000000e+00
 2401 0.000000e+00 0.000000e+00
 2402 0.000000e+00 0.000000e+00
 2403 0.000000e+00 0.000000e+00
 2404 0.000000e+00 0.000000e+00
 2405 0.000000e+00 0.000000e+00
 2406 0.000000e+00 0.000000e+00
 2407 0.000000e+00 0.000000e+00
 2408 0.000000e+00 0.000000e+00
 2409 0.000000e+00 0.000000e+00
 2410 0.000000e+00 0.000000e+00
 2411 0.000000e+00 0.000000e+00
 2412 0.000000e+00 0.000000e+00
 2413 0.000000e+00 0.000000e+00
 2414 0.000000e+00 0.000000e+00
 2415 0.000000e+00 0.000000e+00
 2416 0.000000e+00 0.000000e+00
 2417 0.000000e+00 0.000000e+00
 2418 0.000000e+00 0.000000e+00
 2419 0.000000e+00 0.000000e+00
 2420 0.000000e+00 0.000000e+00
 2421 0.000000e+00 0.000000e+00
 2422 0.000000e+00 0.000000e+00
 2423 0.000000e+00 0.000000e+00
 2424 0.000000e+00 0.000000e+00
 2425 0.000000e+00 0.000000e+00
 2426 0.000000e+00 0.000000e+00
 2427 0.000000e+00 0.000000e+00
 2428 0.000000e+00 0.000000e+00
 2429 0.000000e+00 0.000000e+00
 2430 0.000000e+00 0.000000e+00
 2431 0.000000e+00 0.000000e+00
 2432 0.000000e+00 0.000000e+00
 2433 0.000000e+00 0.000000e+00
 2434 0.000000e+00 0.000000e+00
 2435 0.000000e+00 0.000000e+00
 2436 0.000000e+00 0.000000e+00
 2437 0.000000e+00 0.000000e+00
 2438 0.000000e+00 0.000000e+00
 2439 0.000000e+00 0.000000e+00
 2440 0.000000e+00 0.000000e+00
 2441 0.000000e+00 0.000000e+00
 2442 0.000000e+00 0.000000e+00
 2443 0.000000e+00 0.000000e+00
 2444 0.000000e+00 0.000000e+00
 2445 0.000000e+00 0.000000e+00
 2446 0.000000e+00 0.000000e+00
 2447 0.000000e+00 0.000000e+00
 2448 0.000000e+00 0.000000e+00
 2449 0.000000e+00 0.000000e+00
 2450 0.000000e+00 0.000000e+00
 2451 0.000000e+00 0.000000e+00
 2452 0.000000e+00 0.000000e+00
 2453 0.000000e+00 0.000000e+00
 2454 0.000000e+00 0.000000e+00
 2455 0.000000e+00 0.000000e+00
 2456 0.000000e+00 0.000000e+00
 2457 0.000000e+00 0.000000e+00
 2458 0.000000e+00 0.000000e+00
 2459 0.000000e+00 0.000000e+00
 2460 0.000000e+00 0.000000e+00
 2461 0.000000e+00 0.000000e+00
 2462 0.000000e+00 0.000000e+00
 2463 0.000000e+00 0.000000e+00
 2464 0.000000e+00 0.000000e+00
 2465 0.000000e+00 0.000000e+00
 2466 0.000000e+00 0.000000e+00
 2467 0.000000e+00 0.000000e+00
 2468 0.000000e+00 0.000000e+00
 2469 0.000000e+00 0.000000e+00
 2470 0.000000e+00 0.000000e+00
 2471 0.000000e+00 0.000000e+00
 2472 0.000000e+00 0.000000e+00
 2473 0.000000e+00 0.000000e+00
 2474 0.000000e+00 0.000000e+00
 2475 0.000000e+00 0.000000e+00
 2476 0.000000e+00 0.000000e+00
 2477 0.000000e+00 0.000000e+00
 2478 0.000000e+00 0.000000e+00
 2479 0.000000e+00 0.000000e+00
 2480 0.000000e+00 0.000000e+00
 2481 0.000000e+00 0.000000e+00
 2482 0.000000e+00 0.000000e+00
 2483 0.000000e+00 0.000000e+00
 2484 0.000000e+00 0.000000e+00
 2485 0.000000e+00 0.000000e+00
 2486 0.000000e+00 0.000000e+00
 2487 0.000000e+00 0.000000e+00
 2488 0.000000e+00 0.000000e+00
 2489 0.000000e+00 0.000000e+00
 2490 0.000000e+00 0.000000e+00
 2491 0.000000e+00 0.000000e+00
 2492 0.000000e+00 0.000000e+00
 2493 0.000000e+00 0.000000e+00
 2494 0.000000e+00 0.000000e+00
 2495 0.000000e+00 0.000000e+00
 2496 0.000000e+00 0.000000e+00
 2497 0.000000e+00 0.000000e+00
 2498 0.000000e+00 0.000000e+00
 2499 0.000000e+00 0.000000e+00
 2500 0.000000e+00 1.810723e-02
