    0 0.000000e+00 0.000000e+00
    1 0.000000e+00 0.000000e+00
    2 0.000000e+00 9.530639e-06
    3 0.000000e+00 0.000000e+00
    4 0.000000e+00 0.000000e+00
    5 0.000000e+00 0.000000e+00
    6 0.000000e+00 0.000000e+00
    7 0.000000e+00 0.000000e+00
    8 0.000000e+00 0.000000e+00
    9 0.000000e+00 0.000000e+00
   10 0.000000e+00 0.000000e+00
   11 0.000000e+00 0.000000e+00
   12 0.000000e+00 1.873689e-04
   13 0.000000e+00 0.000000e+00
   14 0.000000e+00 0.000000e+00
   15 0.000000e+00 0.000000e+00
   16 0.000000e+00 0.000000e+00
   17 0.000000e+00 0.000000e+00
   18 0.000000e+00 0.000000e+00
   19 0.000000e+00 0.000000e+00
   20 0.000000e+00 0.000000e+00
   21 0.000000e+00 0.000000e+00
   22 0.000000e+00 3.659678e-04
   23 0.000000e+00 0.000000e+00
   24 0.000000e+00 0.000000e+00
   25 0.000000e+00 0.000000e+00
   26 0.000000e+00 0.000000e+00
   27 0.000000e+00 0.000000e+00
   28 0.000000e+00 0.000000e+00
   29 0.000000e+00 0.000000e+00
   30 0.000000e+00 0.000000e+00
   31 0.000000e+00 0.000000e+00
   32 0.000000e+00 5.422475e-04
   33 0.000000e+00 0.000000e+00
   34 0.000000e+00 0.000000e+00
   35 0.000000e+00 0.000000e+00
   36 0.000000e+00 0.000000e+00
   37 0.000000e+00 0.000000e+00
   38 0.000000e+00 0.000000e+00
   39 0.000000e+00 0.000000e+00
   40 0.000000e+00 0.000000e+00
   41 0.000000e+00 0.000000e+00
   42 0.000000e+00 7.140084e-04
   43 0.000000e+00 0.000000e+00
   44 0.000000e+00 0.000000e+00
   45 0.000000e+00 0.000000e+00
   46 0.000000e+00 0.000000e+00
   47 0.000000e+00 0.000000e+00
   48 0.000000e+00 0.000000e+00
   49 0.000000e+00 0.000000e+00
   50 0.000000e+00 0.000000e+00
   51 0.000000e+00 0.000000e+00
   52 0.000000e+00 8.791121e-04
   53 0.000000e+00 0.000000e+00
   54 0.000000e+00 0.000000e+00
   55 0.000000e+00 0.000000e+00
   56 0.000000e+00 0.000000e+00
   57 0.000000e+00 0.000000e+00
   58 0.000000e+00 0.000000e+00
   59 0.000000e+00 0.000000e+00
   60 0.000000e+00 0.000000e+00
   61 0.000000e+00 0.000000e+00
   62 0.000000e+00 1.037347e-03
   63 0.000000e+00 0.000000e+00
   64 0.000000e+00 0.000000e+00
   65 0.000000e+00 0.000000e+00
   66 0.000000e+00 0.000000e+00
   67 0.000000e+00 0.000000e+00
   68 0.000000e+00 0.000000e+00
   69 0.000000e+00 0.000000e+00
   70 0.000000e+00 0.000000e+00
   71 0.000000e+00 0.000000e+00
   72 0.000000e+00 1.187476e-03
   73 0.000000e+00 0.000000e+00
   74 0.000000e+00 0.000000e+00
   75 0.000000e+00 0.000000e+00
   76 0.000000e+00 0.000000e+00
   77 0.000000e+00 0.000000e+00
   78 0.000000e+00 0.000000e+00
   79 0.000000e+00 0.000000e+00
   80 0.000000e+00 0.000000e+00
   81 0.000000e+00 0.000000e+00
   82 0.000000e+00 1.327833e-03
   83 0.000000e+00 0.000000e+00
   84 0.000000e+00 0.000000e+00
   85 0.000000e+00 0.000000e+00
   86 0.000000e+00 0.000000e+00
   87 0.000000e+00 0.000000e+00
   88 0.000000e+00 0.000000e+00
   89 0.000000e+00 0.000000e+00
   90 0.000000e+00 0.000000e+00
   91 0.000000e+00 0.000000e+00
   92 0.000000e+00 1.458994e-03
   93 0.000000e+00 0.000000e+00
   94 0.000000e+00 0.000000e+00
   95 0.000000e+00 0.000000e+00
   96 0.000000e+00 0.000000e+00
   97 0.000000e+00 0.000000e+00
   98 0.000000e+00 0.000000e+00
   99 0.000000e+00 0.000000e+00
  100 8.218650e-16 0.000000e+00
  101 8.451006e-16 0.000000e+00
  102 8.651313e-16 3.159682e-03
  103 1.014021e-15 0.000000e+00
  104 8.757731e-16 0.000000e+00
  105 1.358000e-15 0.000000e+00
  106 8.523946e-16 0.000000e+00
  107 9.099411e-16 0.000000e+00
  108 8.947284e-16 0.000000e+00
  109 9.141322e-16 0.000000e+00
  110 9.378380e-16 0.000000e+00
  111 1.005540e-15 0.000000e+00
  112 9.200065e-16 0.000000e+00
  113 9.919730e-16 0.000000e+00
  114 9.584828e-16 0.000000e+00
  115 1.482935e-15 0.000000e+00
  116 9.785648e-16 0.000000e+00
  117 1.019659e-15 0.000000e+00
  118 9.664692e-16 0.000000e+00
  119 1.005339e-15 0.000000e+00
  120 9.839064e-16 0.000000e+00
  121 9.929158e-16 0.000000e+00
  122 1.018458e-15 0.000000e+00
  123 1.084517e-15 0.000000e+00
  124 1.056866e-15 0.000000e+00
  125 1.668462e-15 0.000000e+00
  126 1.059752e-15 0.000000e+00
  127 1.076451e-15 0.000000e+00
  128 1.113650e-15 0.000000e+00
  129 1.090309e-15 0.000000e+00
  130 1.060074e-15 0.000000e+00
  131 1.158855e-15 0.000000e+00
  132 1.098193e-15 5.650023e-03
  133 1.134246e-15 0.000000e+00
  134 1.176420e-15 0.000000e+00
  135 1.750297e-15 0.000000e+00
  136 1.136296e-15 0.000000e+00
  137 1.214596e-15 0.000000e+00
  138 1.156429e-15 0.000000e+00
  139 1.144828e-15 0.000000e+00
  140 1.129153e-15 0.000000e+00
  141 1.154748e-15 0.000000e+00
  142 1.167938e-15 0.000000e+00
  143 1.280029e-15 0.000000e+00
  144 1.205706e-15 0.000000e+00
  145 1.902356e-15 0.000000e+00
  146 1.244430e-15 0.000000e+00
  147 1.226510e-15 0.000000e+00
  148 1.250783e-15 0.000000e+00
  149 1.224481e-15 0.000000e+00
  150 1.211553e-15 0.000000e+00
  151 1.230130e-15 0.000000e+00
  152 1.331136e-15 0.000000e+00
  153 1.295645e-15 0.000000e+00
  154 1.305462e-15 0.000000e+00
  155 2.041907e-15 0.000000e+00
  156 1.282109e-15 0.000000e+00
  157 1.296216e-15 0.000000e+00
  158 1.306138e-15 0.000000e+00
  159 1.311630e-15 0.000000e+00
  160 1.282760e-15 0.000000e+00
  161 1.319754e-15 0.000000e+00
  162 1.312249e-15 6.317513e-03
  163 1.387481e-15 0.000000e+00
  164 1.393322e-15 0.000000e+00
  165 2.145076e-15 0.000000e+00
  166 1.376309e-15 0.000000e+00
  167 1.390415e-15 0.000000e+00
  168 1.339294e-15 0.000000e+00
  169 1.368013e-15 0.000000e+00
  170 1.415924e-15 0.000000e+00
  171 1.376108e-15 0.000000e+00
  172 1.415464e-15 0.000000e+00
  173 1.464862e-15 0.000000e+00
  174 1.417153e-15 0.000000e+00
  175 2.301154e-15 0.000000e+00
  176 1.446155e-15 0.000000e+00
  177 1.462728e-15 0.000000e+00
  178 1.431604e-15 0.000000e+00
  179 1.434483e-15 0.000000e+00
  180 1.470563e-15 0.000000e+00
  181 1.441831e-15 0.000000e+00
  182 1.477863e-15 0.000000e+00
  183 1.520192e-15 0.000000e+00
  184 1.529472e-15 0.000000e+00
  185 2.453382e-15 0.000000e+00
  186 1.517775e-15 0.000000e+00
  187 1.550114e-15 0.000000e+00
  188 1.554464e-15 0.000000e+00
  189 1.544773e-15 0.000000e+00
  190 1.538106e-15 0.000000e+00
  191 1.541824e-15 0.000000e+00
  192 1.576602e-15 6.801307e-03
  193 1.629812e-15 0.000000e+00
  194 1.585612e-15 0.000000e+00
  195 2.562827e-15 0.000000e+00
  196 1.627681e-15 0.000000e+00
  197 1.669001e-15 0.000000e+00
  198 1.604130e-15 0.000000e+00
  199 1.611188e-15 0.000000e+00
  200 1.640212e-15 0.000000e+00
  201 1.659876e-15 0.000000e+00
  202 1.631584e-15 0.000000e+00
  203 1.677266e-15 0.000000e+00
  204 1.745851e-15 0.000000e+00
  205 2.710914e-15 0.000000e+00
  206 1.715896e-15 0.000000e+00
  207 1.733191e-15 0.000000e+00
  208 1.747526e-15 0.000000e+00
  209 1.718033e-15 0.000000e+00
  210 1.709632e-15 0.000000e+00
  211 1.751622e-15 0.000000e+00
  212 1.731341e-15 0.000000e+00
  213 1.822728e-15 0.000000e+00
  214 1.838009e-15 0.000000e+00
  215 2.837931e-15 0.000000e+00
  216 1.833288e-15 0.000000e+00
  217 1.880369e-15 0.000000e+00
  218 1.837545e-15 0.000000e+00
  219 1.777576e-15 0.000000e+00
  220 1.806271e-15 0.000000e+00
  221 1.870197e-15 0.000000e+00
  222 1.830319e-15 7.170851e-03
  223 1.943599e-15 0.000000e+00
  224 1.906824e-15 0.000000e+00
  225 3.019709e-15 0.000000e+00
  226 1.888722e-15 0.000000e+00
  227 2.004715e-15 0.000000e+00
  228 1.896553e-15 0.000000e+00
  229 1.932373e-15 0.000000e+00
  230 1.945448e-15 0.000000e+00
  231 1.920454e-15 0.000000e+00
  232 1.932196e-15 0.000000e+00
  233 2.071110e-15 0.000000e+00
  234 2.081267e-15 0.000000e+00
  235 3.146228e-15 0.000000e+00
  236 2.016163e-15 0.000000e+00
  237 2.095759e-15 0.000000e+00
  238 2.021949e-15 0.000000e+00
  239 2.043814e-15 0.000000e+00
  240 2.066109e-15 0.000000e+00
  241 2.073064e-15 0.000000e+00
  242 2.072417e-15 0.000000e+00
  243 2.223851e-15 0.000000e+00
  244 2.151810e-15 0.000000e+00
  245 3.368075e-15 0.000000e+00
  246 2.147228e-15 0.000000e+00
  247 2.177715e-15 0.000000e+00
  248 2.218258e-15 0.000000e+00
  249 2.222151e-15 0.000000e+00
  250 2.199243e-15 0.000000e+00
  251 2.222656e-15 0.000000e+00
  252 2.213467e-15 7.488578e-03
  253 2.316154e-15 0.000000e+00
  254 2.333624e-15 0.000000e+00
  255 3.514979e-15 0.000000e+00
  256 2.302197e-15 0.000000e+00
  257 2.323226e-15 0.000000e+00
  258 2.351562e-15 0.000000e+00
  259 2.370276e-15 0.000000e+00
  260 2.345125e-15 0.000000e+00
  261 2.419432e-15 0.000000e+00
  262 2.339167e-15 0.000000e+00
  263 2.508114e-15 0.000000e+00
  264 2.442855e-15 0.000000e+00
  265 3.664706e-15 0.000000e+00
  266 2.538822e-15 0.000000e+00
  267 2.486962e-15 0.000000e+00
  268 2.517123e-15 0.000000e+00
  269 2.570522e-15 0.000000e+00
  270 2.497569e-15 0.000000e+00
  271 2.532889e-15 0.000000e+00
  272 2.522251e-15 0.000000e+00
  273 2.669903e-15 0.000000e+00
  274 2.647282e-15 0.000000e+00
  275 3.926957e-15 0.000000e+00
  276 2.724591e-15 0.000000e+00
  277 2.631882e-15 0.000000e+00
  278 2.674202e-15 0.000000e+00
  279 2.725421e-15 0.000000e+00
  280 2.690331e-15 0.000000e+00
  281 2.713586e-15 0.000000e+00
  282 2.739121e-15 7.794445e-03
  283 2.868634e-15 0.000000e+00
  284 2.791614e-15 0.000000e+00
  285 4.103833e-15 0.000000e+00
  286 2.905668e-15 0.000000e+00
  287 2.867698e-15 0.000000e+00
  288 2.848009e-15 0.000000e+00
  289 2.861513e-15 0.000000e+00
  290 2.933389e-15 0.000000e+00
  291 2.862765e-15 0.000000e+00
  292 2.918866e-15 0.000000e+00
  293 3.088433e-15 0.000000e+00
  294 3.059245e-15 0.000000e+00
  295 4.292166e-15 0.000000e+00
  296 3.153133e-15 0.000000e+00
  297 3.032698e-15 0.000000e+00
  298 3.036289e-15 0.000000e+00
  299 3.050346e-15 0.000000e+00
  300 3.120859e-15 0.000000e+00
  301 3.110565e-15 0.000000e+00
  302 3.152497e-15 0.000000e+00
  303 3.282291e-15 0.000000e+00
  304 3.190012e-15 0.000000e+00
  305 4.499525e-15 0.000000e+00
  306 3.269893e-15 0.000000e+00
  307 3.263724e-15 0.000000e+00
  308 3.236117e-15 0.000000e+00
  309 3.237146e-15 0.000000e+00
  310 3.244608e-15 0.000000e+00
  311 3.331285e-15 0.000000e+00
  312 3.289754e-15 8.115287e-03
  313 3.501415e-15 0.000000e+00
  314 3.364759e-15 0.000000e+00
  315 4.680916e-15 0.000000e+00
  316 3.465087e-15 0.000000e+00
  317 3.370973e-15 0.000000e+00
  318 3.391067e-15 0.000000e+00
  319 3.392254e-15 0.000000e+00
  320 3.466301e-15 0.000000e+00
  321 3.447180e-15 0.000000e+00
  322 3.498292e-15 0.000000e+00
  323 3.520566e-15 0.000000e+00
  324 3.582044e-15 0.000000e+00
  325 4.771256e-15 0.000000e+00
  326 3.487451e-15 0.000000e+00
  327 3.563049e-15 0.000000e+00
  328 3.531616e-15 0.000000e+00
  329 3.526719e-15 0.000000e+00
  330 3.508571e-15 0.000000e+00
  331 3.588725e-15 0.000000e+00
  332 3.555029e-15 0.000000e+00
  333 3.657660e-15 0.000000e+00
  334 3.653936e-15 0.000000e+00
  335 4.838492e-15 0.000000e+00
  336 3.612124e-15 0.000000e+00
  337 3.623540e-15 0.000000e+00
  338 3.594221e-15 0.000000e+00
  339 3.562979e-15 0.000000e+00
  340 3.590020e-15 0.000000e+00
  341 3.688517e-15 0.000000e+00
  342 3.585213e-15 8.455889e-03
  343 3.698682e-15 0.000000e+00
  344 3.759426e-15 0.000000e+00
  345 4.767942e-15 0.000000e+00
  346 3.649945e-15 0.000000e+00
  347 3.614717e-15 0.000000e+00
  348 3.649857e-15 0.000000e+00
  349 3.575990e-15 0.000000e+00
  350 3.566716e-15 0.000000e+00
  351 3.594471e-15 0.000000e+00
  352 3.650835e-15 0.000000e+00
  353 3.674302e-15 0.000000e+00
  354 3.715053e-15 0.000000e+00
  355 4.695676e-15 0.000000e+00
  356 3.578685e-15 0.000000e+00
  357 3.554256e-15 0.000000e+00
  358 3.530807e-15 0.000000e+00
  359 3.496951e-15 0.000000e+00
  360 3.520460e-15 0.000000e+00
  361 3.509417e-15 0.000000e+00
  362 3.475452e-15 0.000000e+00
  363 3.544470e-15 0.000000e+00
  364 3.559711e-15 0.000000e+00
  365 4.557482e-15 0.000000e+00
  366 3.413302e-15 0.000000e+00
  367 3.431127e-15 0.000000e+00
  368 3.317350e-15 0.000000e+00
  369 3.347623e-15 0.000000e+00
  370 3.307013e-15 0.000000e+00
  371 3.284516e-15 0.000000e+00
  372 3.357000e-15 8.812291e-03
  373 3.354385e-15 0.000000e+00
  374 3.353936e-15 0.000000e+00
  375 4.271503e-15 0.000000e+00
  376 3.227260e-15 0.000000e+00
  377 3.178837e-15 0.000000e+00
  378 3.142336e-15 0.000000e+00
  379 3.091669e-15 0.000000e+00
  380 3.057058e-15 0.000000e+00
  381 3.112400e-15 0.000000e+00
  382 3.020188e-15 0.000000e+00
  383 3.128258e-15 0.000000e+00
  384 3.048943e-15 0.000000e+00
  385 3.982941e-15 0.000000e+00
  386 2.976060e-15 0.000000e+00
  387 2.912442e-15 0.000000e+00
  388 2.832295e-15 0.000000e+00
  389 2.870552e-15 0.000000e+00
  390 2.825792e-15 0.000000e+00
  391 2.753774e-15 0.000000e+00
  392 2.776885e-15 0.000000e+00
  393 2.872037e-15 0.000000e+00
  394 2.747831e-15 0.000000e+00
  395 3.713173e-15 0.000000e+00
  396 2.720771e-15 0.000000e+00
  397 2.634085e-15 0.000000e+00
  398 2.602556e-15 0.000000e+00
  399 2.600945e-15 0.000000e+00
  400 2.573895e-15 0.000000e+00
  401 2.536889e-15 0.000000e+00
  402 2.492769e-15 9.176282e-03
  403 2.634595e-15 0.000000e+00
  404 2.509208e-15 0.000000e+00
  405 3.491181e-15 0.000000e+00
  406 2.449905e-15 0.000000e+00
  407 2.471418e-15 0.000000e+00
  408 2.378387e-15 0.000000e+00
  409 2.374200e-15 0.000000e+00
  410 2.379166e-15 0.000000e+00
  411 2.320769e-15 0.000000e+00
  412 2.315394e-15 0.000000e+00
  413 2.467712e-15 0.000000e+00
  414 2.300039e-15 0.000000e+00
  415 3.420960e-15 0.000000e+00
  416 2.302560e-15 0.000000e+00
  417 2.324789e-15 0.000000e+00
  418 2.266274e-15 0.000000e+00
  419 2.239831e-15 0.000000e+00
  420 2.232984e-15 0.000000e+00
  421 2.196392e-15 0.000000e+00
  422 2.220497e-15 0.000000e+00
  423 2.337759e-15 0.000000e+00
  424 2.308890e-15 0.000000e+00
  425 3.500165e-15 0.000000e+00
  426 2.297564e-15 0.000000e+00
  427 2.331695e-15 0.000000e+00
  428 2.204943e-15 0.000000e+00
  429 2.162674e-15 0.000000e+00
  430 2.215379e-15 0.000000e+00
  431 2.196371e-15 0.000000e+00
  432 2.244411e-15 9.537062e-03
  433 2.391930e-15 0.000000e+00
  434 2.311027e-15 0.000000e+00
  435 3.761136e-15 0.000000e+00
  436 2.413985e-15 0.000000e+00
  437 2.343924e-15 0.000000e+00
  438 2.235549e-15 0.000000e+00
  439 2.224535e-15 0.000000e+00
  440 2.275290e-15 0.000000e+00
  441 2.243978e-15 0.000000e+00
  442 2.238294e-15 0.000000e+00
  443 2.457826e-15 0.000000e+00
  444 2.483592e-15 0.000000e+00
  445 4.216312e-15 0.000000e+00
  446 2.488621e-15 0.000000e+00
  447 2.427268e-15 0.000000e+00
  448 2.425986e-15 0.000000e+00
  449 2.403834e-15 0.000000e+00
  450 2.412374e-15 0.000000e+00
  451 2.442772e-15 0.000000e+00
  452 2.433590e-15 0.000000e+00
  453 2.730948e-15 0.000000e+00
  454 2.637193e-15 0.000000e+00
  455 4.741640e-15 0.000000e+00
  456 2.852426e-15 0.000000e+00
  457 2.579832e-15 0.000000e+00
  458 2.714707e-15 0.000000e+00
  459 2.652076e-15 0.000000e+00
  460 2.676639e-15 0.000000e+00
  461 2.686802e-15 0.000000e+00
  462 2.714622e-15 9.882499e-03
  463 3.018518e-15 0.000000e+00
  464 2.942986e-15 0.000000e+00
  465 5.345163e-15 0.000000e+00
  466 3.165525e-15 0.000000e+00
  467 2.930142e-15 0.000000e+00
  468 2.855585e-15 0.000000e+00
  469 2.942962e-15 0.000000e+00
  470 2.953713e-15 0.000000e+00
  471 3.012769e-15 0.000000e+00
  472 3.023093e-15 0.000000e+00
  473 3.302967e-15 0.000000e+00
  474 3.274915e-15 0.000000e+00
  475 5.985682e-15 0.000000e+00
  476 3.383219e-15 0.000000e+00
  477 3.182545e-15 0.000000e+00
  478 3.179691e-15 0.000000e+00
  479 3.194326e-15 0.000000e+00
  480 3.215628e-15 0.000000e+00
  481 3.358907e-15 0.000000e+00
  482 3.306700e-15 0.000000e+00
  483 3.632981e-15 0.000000e+00
  484 3.609153e-15 0.000000e+00
  485 6.779216e-15 0.000000e+00
  486 3.637464e-15 0.000000e+00
  487 3.480637e-15 0.000000e+00
  488 3.537393e-15 0.000000e+00
  489 3.551910e-15 0.000000e+00
  490 3.532760e-15 0.000000e+00
  491 3.590843e-15 0.000000e+00
  492 3.737884e-15 1.020029e-02
  493 4.059516e-15 0.000000e+00
  494 4.000540e-15 0.000000e+00
  495 7.588392e-15 0.000000e+00
  496 4.067865e-15 0.000000e+00
  497 3.921295e-15 0.000000e+00
  498 3.808731e-15 0.000000e+00
  499 3.912999e-15 0.000000e+00
  500 3.935500e-15 0.000000e+00
  501 4.120143e-15 0.000000e+00
  502 3.995846e-15 0.000000e+00
  503 4.514318e-15 0.000000e+00
  504 4.478664e-15 0.000000e+00
  505 8.379142e-15 0.000000e+00
  506 4.410149e-15 0.000000e+00
  507 4.236327e-15 0.000000e+00
  508 4.261478e-15 0.000000e+00
  509 4.269525e-15 0.000000e+00
  510 4.382542e-15 0.000000e+00
  511 4.363719e-15 0.000000e+00
  512 4.393447e-15 0.000000e+00
  513 4.874380e-15 0.000000e+00
  514 4.793125e-15 0.000000e+00
  515 9.321998e-15 0.000000e+00
  516 4.738606e-15 0.000000e+00
  517 4.700773e-15 0.000000e+00
  518 4.602209e-15 0.000000e+00
  519 4.598625e-15 0.000000e+00
  520 4.714256e-15 0.000000e+00
  521 4.734485e-15 0.000000e+00
  522 4.771101e-15 1.047567e-02
  523 5.341461e-15 0.000000e+00
  524 5.208125e-15 0.000000e+00
  525 1.010017e-14 0.000000e+00
  526 5.225576e-15 0.000000e+00
  527 5.146404e-15 0.000000e+00
  528 5.079208e-15 0.000000e+00
  529 5.043085e-15 0.000000e+00
  530 5.180091e-15 0.000000e+00
  531 5.175309e-15 0.000000e+00
  532 5.166133e-15 0.000000e+00
  533 5.974772e-15 0.000000e+00
  534 5.677554e-15 0.000000e+00
  535 1.107888e-14 0.000000e+00
  536 5.568595e-15 0.000000e+00
  537 5.698201e-15 0.000000e+00
  538 5.571690e-15 0.000000e+00
  539 5.515149e-15 0.000000e+00
  540 5.748031e-15 0.000000e+00
  541 5.678670e-15 0.000000e+00
  542 5.697292e-15 0.000000e+00
  543 6.486655e-15 0.000000e+00
  544 6.265540e-15 0.000000e+00
  545 1.210404e-14 0.000000e+00
  546 6.072368e-15 0.000000e+00
  547 6.068597e-15 0.000000e+00
  548 6.054889e-15 0.000000e+00
  549 6.148605e-15 0.000000e+00
  550 6.142568e-15 0.000000e+00
  551 6.102979e-15 0.000000e+00
  552 6.250953e-15 2.315874e-02
  553 6.990837e-15 0.000000e+00
  554 6.860788e-15 0.000000e+00
  555 1.302109e-14 0.000000e+00
  556 6.541334e-15 0.000000e+00
  557 6.570855e-15 0.000000e+00
  558 6.540606e-15 0.000000e+00
  559 6.610052e-15 0.000000e+00
  560 6.659913e-15 0.000000e+00
  561 6.673121e-15 0.000000e+00
  562 6.747632e-15 0.000000e+00
  563 7.676041e-15 0.000000e+00
  564 7.361105e-15 0.000000e+00
  565 1.402329e-14 0.000000e+00
  566 7.092276e-15 0.000000e+00
  567 7.058927e-15 0.000000e+00
  568 7.273147e-15 0.000000e+00
  569 7.241388e-15 0.000000e+00
  570 7.175383e-15 0.000000e+00
  571 7.253829e-15 0.000000e+00
  572 7.400503e-15 0.000000e+00
  573 8.373832e-15 0.000000e+00
  574 8.118301e-15 0.000000e+00
  575 1.495279e-14 0.000000e+00
  576 7.895664e-15 0.000000e+00
  577 7.582903e-15 0.000000e+00
  578 8.011734e-15 0.000000e+00
  579 7.847816e-15 0.000000e+00
  580 7.890056e-15 0.000000e+00
  581 7.990497e-15 0.000000e+00
  582 7.960841e-15 0.000000e+00
  583 9.123812e-15 0.000000e+00
  584 8.889891e-15 0.000000e+00
  585 1.588529e-14 0.000000e+00
  586 8.387405e-15 0.000000e+00
  587 8.282337e-15 0.000000e+00
  588 8.710477e-15 0.000000e+00
  589 8.485886e-15 0.000000e+00
  590 8.420089e-15 0.000000e+00
  591 8.721687e-15 0.000000e+00
  592 8.660036e-15 0.000000e+00
  593 9.869136e-15 0.000000e+00
  594 9.553565e-15 0.000000e+00
  595 1.673014e-14 0.000000e+00
  596 9.017939e-15 0.000000e+00
  597 8.885601e-15 0.000000e+00
  598 9.428451e-15 0.000000e+00
  599 9.206093e-15 0.000000e+00
  600 9.291855e-15 0.000000e+00
  601 9.396010e-15 0.000000e+00
  602 9.395644e-15 0.000000e+00
  603 1.074776e-14 0.000000e+00
  604 1.033062e-14 0.000000e+00
  605 1.761763e-14 0.000000e+00
  606 9.828311e-15 0.000000e+00
  607 9.768429e-15 0.000000e+00
  608 1.021058e-14 0.000000e+00
  609 1.006682e-14 0.000000e+00
  610 1.008274e-14 0.000000e+00
  611 1.023201e-14 0.000000e+00
  612 1.030912e-14 0.000000e+00
  613 1.165896e-14 0.000000e+00
  614 1.123486e-14 0.000000e+00
  615 1.837913e-14 0.000000e+00
  616 1.068045e-14 0.000000e+00
  617 1.059838e-14 0.000000e+00
  618 1.111286e-14 0.000000e+00
  619 1.092269e-14 0.000000e+00
  620 1.106031e-14 0.000000e+00
  621 1.107203e-14 0.000000e+00
  622 1.126891e-14 0.000000e+00
  623 1.251309e-14 0.000000e+00
  624 1.221665e-14 0.000000e+00
  625 1.884961e-14 0.000000e+00
  626 1.161705e-14 0.000000e+00
  627 1.143857e-14 0.000000e+00
  628 1.197131e-14 0.000000e+00
  629 1.206532e-14 0.000000e+00
  630 1.204366e-14 0.000000e+00
  631 1.206850e-14 0.000000e+00
  632 1.211963e-14 0.000000e+00
  633 1.360722e-14 0.000000e+00
  634 1.304167e-14 0.000000e+00
  635 1.933204e-14 0.000000e+00
  636 1.260129e-14 0.000000e+00
  637 1.248220e-14 0.000000e+00
  638 1.314801e-14 0.000000e+00
  639 1.309551e-14 0.000000e+00
  640 1.308050e-14 0.000000e+00
  641 1.325952e-14 0.000000e+00
  642 1.324641e-14 0.000000e+00
  643 1.475167e-14 0.000000e+00
  644 1.424010e-14 0.000000e+00
  645 1.991601e-14 0.000000e+00
  646 1.374316e-14 0.000000e+00
  647 1.368722e-14 0.000000e+00
  648 1.415629e-14 0.000000e+00
  649 1.442287e-14 0.000000e+00
  650 1.436294e-14 0.000000e+00
  651 1.448907e-14 0.000000e+00
  652 1.464257e-14 3.585788e-02
  653 1.591923e-14 0.000000e+00
  654 1.538424e-14 0.000000e+00
  655 2.066561e-14 0.000000e+00
  656 1.493607e-14 0.000000e+00
  657 1.502047e-14 0.000000e+00
  658 1.558502e-14 0.000000e+00
  659 1.561459e-14 0.000000e+00
  660 1.581079e-14 0.000000e+00
  661 1.582229e-14 0.000000e+00
  662 1.588874e-14 0.000000e+00
  663 1.713486e-14 0.000000e+00
  664 1.685929e-14 0.000000e+00
  665 2.149518e-14 0.000000e+00
  666 1.622736e-14 0.000000e+00
  667 1.646666e-14 0.000000e+00
  668 1.707873e-14 0.000000e+00
  669 1.721497e-14 0.000000e+00
  670 1.718633e-14 0.000000e+00
  671 1.746304e-14 0.000000e+00
  672 1.742262e-14 0.000000e+00
  673 1.875263e-14 0.000000e+00
  674 1.850622e-14 0.000000e+00
  675 2.227021e-14 0.000000e+00
  676 1.795764e-14 0.000000e+00
  677 1.821419e-14 0.000000e+00
  678 1.887208e-14 0.000000e+00
  679 1.873206e-14 0.000000e+00
  680 1.900828e-14 0.000000e+00
  681 1.910487e-14 0.000000e+00
  682 1.907370e-14 0.000000e+00
  683 2.033683e-14 0.000000e+00
  684 2.015679e-14 0.000000e+00
  685 2.375965e-14 0.000000e+00
  686 1.981414e-14 0.000000e+00
  687 1.982885e-14 0.000000e+00
  688 2.060510e-14 0.000000e+00
  689 2.054360e-14 0.000000e+00
  690 2.085370e-14 0.000000e+00
  691 2.090297e-14 0.000000e+00
  692 2.088469e-14 0.000000e+00
  693 2.202226e-14 0.000000e+00
  694 2.195951e-14 0.000000e+00
  695 2.566757e-14 0.000000e+00
  696 2.178537e-14 0.000000e+00
  697 2.158458e-14 0.000000e+00
  698 2.256692e-14 0.000000e+00
  699 2.240971e-14 0.000000e+00
  700 2.259542e-14 0.000000e+00
  701 2.287309e-14 0.000000e+00
  702 2.283327e-14 0.000000e+00
  703 2.381756e-14 0.000000e+00
  704 2.387894e-14 0.000000e+00
  705 2.829225e-14 0.000000e+00
  706 2.358788e-14 0.000000e+00
  707 2.354083e-14 0.000000e+00
  708 2.432835e-14 0.000000e+00
  709 2.452427e-14 0.000000e+00
  710 2.444655e-14 0.000000e+00
  711 2.474815e-14 0.000000e+00
  712 2.486405e-14 0.000000e+00
  713 2.596063e-14 0.000000e+00
  714 2.580343e-14 0.000000e+00
  715 3.074853e-14 0.000000e+00
  716 2.559087e-14 0.000000e+00
  717 2.566303e-14 0.000000e+00
  718 2.614936e-14 0.000000e+00
  719 2.646955e-14 0.000000e+00
  720 2.638372e-14 0.000000e+00
  721 2.673182e-14 0.000000e+00
  722 2.683352e-14 0.000000e+00
  723 2.812340e-14 0.000000e+00
  724 2.772132e-14 0.000000e+00
  725 3.349279e-14 0.000000e+00
  726 2.776787e-14 0.000000e+00
  727 2.758515e-14 0.000000e+00
  728 2.812502e-14 0.000000e+00
  729 2.819255e-14 0.000000e+00
  730 2.860909e-14 0.000000e+00
  731 2.874777e-14 0.000000e+00
  732 2.860056e-14 0.000000e+00
  733 2.991129e-14 0.000000e+00
  734 2.962936e-14 0.000000e+00
  735 3.689863e-14 0.000000e+00
  736 2.948665e-14 0.000000e+00
  737 2.952866e-14 0.000000e+00
  738 3.009324e-14 0.000000e+00
  739 3.034809e-14 0.000000e+00
  740 3.063741e-14 0.000000e+00
  741 3.030793e-14 0.000000e+00
  742 3.036444e-14 0.000000e+00
  743 3.168957e-14 0.000000e+00
  744 3.159679e-14 0.000000e+00
  745 4.048739e-14 0.000000e+00
  746 3.132206e-14 0.000000e+00
  747 3.156744e-14 0.000000e+00
  748 3.206637e-14 0.000000e+00
  749 3.202942e-14 0.000000e+00
  750 3.190196e-14 0.000000e+00
  751 3.197862e-14 0.000000e+00
  752 3.228707e-14 3.297844e-02
  753 3.345466e-14 0.000000e+00
  754 3.355137e-14 0.000000e+00
  755 4.420964e-14 0.000000e+00
  756 3.305576e-14 0.000000e+00
  757 3.353227e-14 0.000000e+00
  758 3.348010e-14 0.000000e+00
  759 3.371281e-14 0.000000e+00
  760 3.349221e-14 0.000000e+00
  761 3.376139e-14 0.000000e+00
  762 3.404298e-14 0.000000e+00
  763 3.525758e-14 0.000000e+00
  764 3.554186e-14 0.000000e+00
  765 4.806433e-14 0.000000e+00
  766 3.471829e-14 0.000000e+00
  767 3.495895e-14 0.000000e+00
  768 3.507574e-14 0.000000e+00
  769 3.530964e-14 0.000000e+00
  770 3.497087e-14 0.000000e+00
  771 3.530770e-14 0.000000e+00
  772 3.569309e-14 0.000000e+00
  773 3.722845e-14 0.000000e+00
  774 3.730689e-14 0.000000e+00
  775 5.196106e-14 0.000000e+00
  776 3.637399e-14 0.000000e+00
  777 3.644388e-14 0.000000e+00
  778 3.647691e-14 0.000000e+00
  779 3.671340e-14 0.000000e+00
  780 3.673560e-14 0.000000e+00
  781 3.679985e-14 0.000000e+00
  782 3.737619e-14 0.000000e+00
  783 3.899085e-14 0.000000e+00
  784 3.874647e-14 0.000000e+00
  785 5.578936e-14 0.000000e+00
  786 3.798225e-14 0.000000e+00
  787 3.793643e-14 0.000000e+00
  788 3.810543e-14 0.000000e+00
  789 3.831868e-14 0.000000e+00
  790 3.819998e-14 0.000000e+00
  791 3.836204e-14 0.000000e+00
  792 3.869583e-14 0.000000e+00
  793 4.076353e-14 0.000000e+00
  794 4.050592e-14 0.000000e+00
  795 5.955748e-14 0.000000e+00
  796 3.938505e-14 0.000000e+00
  797 3.952210e-14 0.000000e+00
  798 3.963197e-14 0.000000e+00
  799 3.978912e-14 0.000000e+00
  800 3.955345e-14 0.000000e+00
  801 3.993882e-14 0.000000e+00
  802 3.987316e-14 0.000000e+00
  803 4.244862e-14 0.000000e+00
  804 4.199672e-14 0.000000e+00
  805 6.333332e-14 0.000000e+00
  806 4.120864e-14 0.000000e+00
  807 4.096986e-14 0.000000e+00
  808 4.140418e-14 0.000000e+00
  809 4.094647e-14 0.000000e+00
  810 4.091466e-14 0.000000e+00
  811 4.136759e-14 0.000000e+00
  812 4.112359e-14 0.000000e+00
  813 4.426089e-14 0.000000e+00
  814 4.343873e-14 0.000000e+00
  815 6.682590e-14 0.000000e+00
  816 4.263698e-14 0.000000e+00
  817 4.244471e-14 0.000000e+00
  818 4.274870e-14 0.000000e+00
  819 4.262109e-14 0.000000e+00
  820 4.226016e-14 0.000000e+00
  821 4.272738e-14 0.000000e+00
  822 4.241326e-14 0.000000e+00
  823 4.626290e-14 0.000000e+00
  824 4.488080e-14 0.000000e+00
  825 7.047296e-14 0.000000e+00
  826 4.382944e-14 0.000000e+00
  827 4.367162e-14 0.000000e+00
  828 4.414351e-14 0.000000e+00
  829 4.394300e-14 0.000000e+00
  830 4.389670e-14 0.000000e+00
  831 4.416327e-14 0.000000e+00
  832 4.399979e-14 0.000000e+00
  833 4.790973e-14 0.000000e+00
  834 4.661376e-14 0.000000e+00
  835 7.316885e-14 0.000000e+00
  836 4.529376e-14 0.000000e+00
  837 4.516557e-14 0.000000e+00
  838 4.549263e-14 0.000000e+00
  839 4.552259e-14 0.000000e+00
  840 4.511688e-14 0.000000e+00
  841 4.576590e-14 0.000000e+00
  842 4.533593e-14 0.000000e+00
  843 4.950183e-14 0.000000e+00
  844 4.836878e-14 0.000000e+00
  845 7.542259e-14 0.000000e+00
  846 4.667081e-14 0.000000e+00
  847 4.635486e-14 0.000000e+00
  848 4.670510e-14 0.000000e+00
  849 4.696947e-14 0.000000e+00
  850 4.662612e-14 0.000000e+00
  851 4.691453e-14 0.000000e+00
  852 4.658836e-14 2.854440e-02
  853 5.126365e-14 0.000000e+00
  854 4.999884e-14 0.000000e+00
  855 7.766385e-14 0.000000e+00
  856 4.776432e-14 0.000000e+00
  857 4.739293e-14 0.000000e+00
  858 4.850695e-14 0.000000e+00
  859 4.804520e-14 0.000000e+00
  860 4.798780e-14 0.000000e+00
  861 4.785101e-14 0.000000e+00
  862 4.782400e-14 0.000000e+00
  863 5.262859e-14 0.000000e+00
  864 5.171683e-14 0.000000e+00
  865 7.925493e-14 0.000000e+00
  866 4.874489e-14 0.000000e+00
  867 4.841482e-14 0.000000e+00
  868 4.938082e-14 0.000000e+00
  869 4.911360e-14 0.000000e+00
  870 4.898943e-14 0.000000e+00
  871 4.918352e-14 0.000000e+00
  872 4.897760e-14 0.000000e+00
  873 5.394583e-14 0.000000e+00
  874 5.300362e-14 0.000000e+00
  875 8.005609e-14 0.000000e+00
  876 4.922268e-14 0.000000e+00
  877 4.893328e-14 0.000000e+00
  878 5.066229e-14 0.000000e+00
  879 5.025110e-14 0.000000e+00
  880 4.999832e-14 0.000000e+00
  881 4.992004e-14 0.000000e+00
  882 4.983582e-14 0.000000e+00
  883 5.529813e-14 0.000000e+00
  884 5.387354e-14 0.000000e+00
  885 7.971573e-14 0.000000e+00
  886 4.978019e-14 0.000000e+00
  887 4.959234e-14 0.000000e+00
  888 5.141091e-14 0.000000e+00
  889 5.098924e-14 0.000000e+00
  890 5.096216e-14 0.000000e+00
  891 5.045029e-14 0.000000e+00
  892 5.049719e-14 0.000000e+00
  893 5.611385e-14 0.000000e+00
  894 5.403634e-14 0.000000e+00
  895 7.871243e-14 0.000000e+00
  896 5.047509e-14 0.000000e+00
  897 4.962661e-14 0.000000e+00
  898 5.159975e-14 0.000000e+00
  899 5.180561e-14 0.000000e+00
  900 5.125668e-14 0.000000e+00
  901 5.101025e-14 0.000000e+00
  902 5.092966e-14 0.000000e+00
  903 5.613314e-14 0.000000e+00
  904 5.424237e-14 0.000000e+00
  905 7.642678e-14 0.000000e+00
  906 5.058200e-14 0.000000e+00
  907 4.937864e-14 0.000000e+00
  908 5.178757e-14 0.000000e+00
  909 5.182513e-14 0.000000e+00
  910 5.132877e-14 0.000000e+00
  911 5.112592e-14 0.000000e+00
  912 5.075276e-14 0.000000e+00
  913 5.591669e-14 0.000000e+00
  914 5.425334e-14 0.000000e+00
  915 7.308715e-14 0.000000e+00
  916 4.999702e-14 0.000000e+00
  917 4.895214e-14 0.000000e+00
  918 5.122289e-14 0.000000e+00
  919 5.157961e-14 0.000000e+00
  920 5.092815e-14 0.000000e+00
  921 5.060893e-14 0.000000e+00
  922 5.047393e-14 0.000000e+00
  923 5.553687e-14 0.000000e+00
  924 5.287789e-14 0.000000e+00
  925 6.908285e-14 0.000000e+00
  926 4.919953e-14 0.000000e+00
  927 4.768360e-14 0.000000e+00
  928 5.084514e-14 0.000000e+00
  929 5.068744e-14 0.000000e+00
  930 5.022363e-14 0.000000e+00
  931 4.983088e-14 0.000000e+00
  932 4.913674e-14 0.000000e+00
  933 5.379081e-14 0.000000e+00
  934 5.180713e-14 0.000000e+00
  935 6.426886e-14 0.000000e+00
  936 4.757602e-14 0.000000e+00
  937 4.640772e-14 0.000000e+00
  938 4.936569e-14 0.000000e+00
  939 4.944541e-14 0.000000e+00
  940 4.847144e-14 0.000000e+00
  941 4.842275e-14 0.000000e+00
  942 4.769914e-14 0.000000e+00
  943 5.205095e-14 0.000000e+00
  944 5.020537e-14 0.000000e+00
  945 5.871815e-14 0.000000e+00
  946 4.603490e-14 0.000000e+00
  947 4.424663e-14 0.000000e+00
  948 4.784964e-14 0.000000e+00
  949 4.738072e-14 0.000000e+00
  950 4.690708e-14 0.000000e+00
  951 4.660278e-14 0.000000e+00
  952 4.589978e-14 4.455726e-02
  953 4.972341e-14 0.000000e+00
  954 4.761533e-14 0.000000e+00
  955 5.382449e-14 0.000000e+00
  956 4.386875e-14 0.000000e+00
  957 4.210915e-14 0.000000e+00
  958 4.580657e-14 0.000000e+00
  959 4.525423e-14 0.000000e+00
  960 4.466199e-14 0.000000e+00
  961 4.432505e-14 0.000000e+00
  962 4.357057e-14 0.000000e+00
  963 4.703476e-14 0.000000e+00
  964 4.499265e-14 0.000000e+00
  965 4.912928e-14 0.000000e+00
  966 4.162119e-14 0.000000e+00
  967 3.992010e-14 0.000000e+00
  968 4.335250e-14 0.000000e+00
  969 4.287814e-14 0.000000e+00
  970 4.241661e-14 0.000000e+00
  971 4.187231e-14 0.000000e+00
  972 4.155983e-14 0.000000e+00
  973 4.435569e-14 0.000000e+00
  974 4.262720e-14 0.000000e+00
  975 4.509268e-14 0.000000e+00
  976 3.964321e-14 0.000000e+00
  977 3.784073e-14 0.000000e+00
  978 4.105592e-14 0.000000e+00
  979 4.075900e-14 0.000000e+00
  980 4.031543e-14 0.000000e+00
  981 3.985308e-14 0.000000e+00
  982 3.920643e-14 0.000000e+00
  983 4.213180e-14 0.000000e+00
  984 4.069979e-14 0.000000e+00
  985 4.270090e-14 0.000000e+00
  986 3.786630e-14 0.000000e+00
  987 3.621829e-14 0.000000e+00
  988 3.921062e-14 0.000000e+00
  989 3.893194e-14 0.000000e+00
  990 3.875781e-14 0.000000e+00
  991 3.799050e-14 0.000000e+00
  992 3.790097e-14 0.000000e+00
  993 4.052086e-14 0.000000e+00
  994 3.889904e-14 0.000000e+00
  995 4.255530e-14 0.000000e+00
  996 3.686954e-14 0.000000e+00
  997 3.549219e-14 0.000000e+00
  998 3.820076e-14 0.000000e+00
  999 3.766098e-14 0.000000e+00
 1000 3.801904e-14 0.000000e+00
 1001 3.738972e-14 0.000000e+00
 1002 3.734575e-14 0.000000e+00
 1003 3.979005e-14 0.000000e+00
 1004 3.830362e-14 0.000000e+00
 1005 4.522941e-14 0.000000e+00
 1006 3.685252e-14 0.000000e+00
 1007 3.576669e-14 0.000000e+00
 1008 3.797396e-14 0.000000e+00
 1009 3.764855e-14 0.000000e+00
 1010 3.805479e-14 0.000000e+00
 1011 3.787379e-14 0.000000e+00
 1012 3.797425e-14 0.000000e+00
 1013 4.014691e-14 0.000000e+00
 1014 3.913883e-14 0.000000e+00
 1015 5.022086e-14 0.000000e+00
 1016 3.813482e-14 0.000000e+00
 1017 3.733906e-14 0.000000e+00
 1018 3.903308e-14 0.000000e+00
 1019 3.890053e-14 0.000000e+00
 1020 3.899689e-14 0.000000e+00
 1021 3.970615e-14 0.000000e+00
 1022 3.897021e-14 0.000000e+00
 1023 4.205909e-14 0.000000e+00
 1024 4.148660e-14 0.000000e+00
 1025 5.810643e-14 0.000000e+00
 1026 4.034173e-14 0.000000e+00
 1027 4.020588e-14 0.000000e+00
 1028 4.136251e-14 0.000000e+00
 1029 4.116012e-14 0.000000e+00
 1030 4.161236e-14 0.000000e+00
 1031 4.159759e-14 0.000000e+00
 1032 4.206571e-14 0.000000e+00
 1033 4.539505e-14 0.000000e+00
 1034 4.421686e-14 0.000000e+00
 1035 6.821913e-14 0.000000e+00
 1036 4.409165e-14 0.000000e+00
 1037 4.346643e-14 0.000000e+00
 1038 4.473188e-14 0.000000e+00
 1039 4.506133e-14 0.000000e+00
 1040 4.448931e-14 0.000000e+00
 1041 4.517635e-14 0.000000e+00
 1042 4.553848e-14 0.000000e+00
 1043 4.981834e-14 0.000000e+00
 1044 4.834934e-14 0.000000e+00
 1045 8.018949e-14 0.000000e+00
 1046 4.826777e-14 0.000000e+00
 1047 4.859007e-14 0.000000e+00
 1048 4.858077e-14 0.000000e+00
 1049 4.925520e-14 0.000000e+00
 1050 4.876883e-14 0.000000e+00
 1051 4.938572e-14 0.000000e+00
 1052 5.004543e-14 0.000000e+00
 1053 5.505137e-14 0.000000e+00
 1054 5.350854e-14 0.000000e+00
 1055 9.345208e-14 0.000000e+00
 1056 5.300391e-14 0.000000e+00
 1057 5.337867e-14 0.000000e+00
 1058 5.374955e-14 0.000000e+00
 1059 5.375280e-14 0.000000e+00
 1060 5.352484e-14 0.000000e+00
 1061 5.430649e-14 0.000000e+00
 1062 5.537376e-14 0.000000e+00
 1063 6.013013e-14 0.000000e+00
 1064 5.896848e-14 0.000000e+00
 1065 1.084450e-13 0.000000e+00
 1066 5.756295e-14 0.000000e+00
 1067 5.892120e-14 0.000000e+00
 1068 5.918701e-14 0.000000e+00
 1069 5.882181e-14 0.000000e+00
 1070 5.866762e-14 0.000000e+00
 1071 5.883417e-14 0.000000e+00
 1072 6.079332e-14 0.000000e+00
 1073 6.643593e-14 0.000000e+00
 1074 6.549332e-14 0.000000e+00
 1075 1.234690e-13 0.000000e+00
 1076 6.300211e-14 0.000000e+00
 1077 6.463109e-14 0.000000e+00
 1078 6.414701e-14 0.000000e+00
 1079 6.405048e-14 0.000000e+00
 1080 6.460515e-14 0.000000e+00
 1081 6.367583e-14 0.000000e+00
 1082 6.551874e-14 0.000000e+00
 1083 7.315004e-14 0.000000e+00
 1084 7.161699e-14 0.000000e+00
 1085 1.382464e-13 0.000000e+00
 1086 6.935394e-14 0.000000e+00
 1087 6.950952e-14 0.000000e+00
 1088 6.979096e-14 0.000000e+00
 1089 6.920836e-14 0.000000e+00
 1090 6.945611e-14 0.000000e+00
 1091 6.986247e-14 0.000000e+00
 1092 7.026819e-14 0.000000e+00
 1093 7.951585e-14 0.000000e+00
 1094 7.764545e-14 0.000000e+00
 1095 1.532139e-13 0.000000e+00
 1096 7.482819e-14 0.000000e+00
 1097 7.510679e-14 0.000000e+00
 1098 7.514381e-14 0.000000e+00
 1099 7.402064e-14 0.000000e+00
 1100 7.419528e-14 0.000000e+00
 1101 7.514031e-14 0.000000e+00
 1102 7.544776e-14 0.000000e+00
 1103 8.548256e-14 0.000000e+00
 1104 8.348111e-14 0.000000e+00
 1105 1.672605e-13 0.000000e+00
 1106 7.952481e-14 0.000000e+00
 1107 8.000006e-14 0.000000e+00
 1108 8.026701e-14 0.000000e+00
 1109 7.915643e-14 0.000000e+00
 1110 7.878237e-14 0.000000e+00
 1111 7.942324e-14 0.000000e+00
 1112 8.059935e-14 0.000000e+00
 1113 9.130145e-14 0.000000e+00
 1114 8.912156e-14 0.000000e+00
 1115 1.805515e-13 0.000000e+00
 1116 8.565705e-14 0.000000e+00
 1117 8.423035e-14 0.000000e+00
 1118 8.487777e-14 0.000000e+00
 1119 8.411832e-14 0.000000e+00
 1120 8.298130e-14 0.000000e+00
 1121 8.480053e-14 0.000000e+00
 1122 8.448996e-14 0.000000e+00
 1123 9.829969e-14 0.000000e+00
 1124 9.402887e-14 0.000000e+00
 1125 1.932610e-13 0.000000e+00
 1126 8.962141e-14 0.000000e+00
 1127 8.862548e-14 0.000000e+00
 1128 8.937734e-14 0.000000e+00
 1129 8.920319e-14 0.000000e+00
 1130 8.734940e-14 0.000000e+00
 1131 8.912239e-14 0.000000e+00
 1132 8.821490e-14 0.000000e+00
 1133 1.047209e-13 0.000000e+00
 1134 9.864147e-14 0.000000e+00
 1135 2.046871e-13 0.000000e+00
 1136 9.463481e-14 0.000000e+00
 1137 9.290537e-14 0.000000e+00
 1138 9.276421e-14 0.000000e+00
 1139 9.355089e-14 0.000000e+00
 1140 9.139337e-14 0.000000e+00
 1141 9.284772e-14 0.000000e+00
 1142 9.227360e-14 0.000000e+00
 1143 1.089903e-13 0.000000e+00
 1144 1.039748e-13 0.000000e+00
 1145 2.149887e-13 0.000000e+00
 1146 9.829321e-14 0.000000e+00
 1147 9.469250e-14 0.000000e+00
 1148 9.810821e-14 0.000000e+00
 1149 9.684458e-14 0.000000e+00
 1150 9.545794e-14 0.000000e+00
 1151 9.558016e-14 0.000000e+00
 1152 9.629417e-14 0.000000e+00
 1153 1.143377e-13 0.000000e+00
 1154 1.072835e-13 0.000000e+00
 1155 2.234215e-13 0.000000e+00
 1156 1.001947e-13 0.000000e+00
 1157 9.689348e-14 0.000000e+00
 1158 1.013595e-13 0.000000e+00
 1159 1.000805e-13 0.000000e+00
 1160 9.850468e-14 0.000000e+00
 1161 9.948469e-14 0.000000e+00
 1162 9.908869e-14 0.000000e+00
 1163 1.188443e-13 0.000000e+00
 1164 1.107797e-13 0.000000e+00
 1165 2.284358e-13 0.000000e+00
 1166 1.027214e-13 0.000000e+00
 1167 9.800009e-14 0.000000e+00
 1168 1.039200e-13 0.000000e+00
 1169 1.030013e-13 0.000000e+00
 1170 1.019187e-13 0.000000e+00
 1171 1.011081e-13 0.000000e+00
 1172 1.011996e-13 0.000000e+00
 1173 1.227168e-13 0.000000e+00
 1174 1.141224e-13 0.000000e+00
 1175 2.315508e-13 0.000000e+00
 1176 1.039302e-13 0.000000e+00
 1177 9.838709e-14 0.000000e+00
 1178 1.062941e-13 0.000000e+00
 1179 1.046065e-13 0.000000e+00
 1180 1.035896e-13 0.000000e+00
 1181 1.026089e-13 0.000000e+00
 1182 1.027591e-13 0.000000e+00
 1183 1.256453e-13 0.000000e+00
 1184 1.175969e-13 0.000000e+00
 1185 2.293156e-13 0.000000e+00
 1186 1.040825e-13 0.000000e+00
 1187 9.934324e-14 0.000000e+00
 1188 1.063846e-13 0.000000e+00
 1189 1.070549e-13 0.000000e+00
 1190 1.042062e-13 0.000000e+00
 1191 1.031813e-13 0.000000e+00
 1192 1.032108e-13 0.000000e+00
 1193 1.276971e-13 0.000000e+00
 1194 1.181121e-13 0.000000e+00
 1195 2.240284e-13 0.000000e+00
 1196 1.044446e-13 0.000000e+00
 1197 9.748383e-14 0.000000e+00
 1198 1.079899e-13 0.000000e+00
 1199 1.071671e-13 0.000000e+00
 1200 1.043248e-13 0.000000e+00
 1201 1.030908e-13 0.000000e+00
 1202 1.027085e-13 0.000000e+00
 1203 1.279942e-13 0.000000e+00
 1204 1.182605e-13 0.000000e+00
 1205 2.139189e-13 0.000000e+00
 1206 1.029003e-13 0.000000e+00
 1207 9.615346e-14 0.000000e+00
 1208 1.069576e-13 0.000000e+00
 1209 1.062732e-13 0.000000e+00
 1210 1.045537e-13 0.000000e+00
 1211 1.026679e-13 0.000000e+00
 1212 1.010837e-13 0.000000e+00
 1213 1.284815e-13 0.000000e+00
 1214 1.161505e-13 0.000000e+00
 1215 2.006895e-13 0.000000e+00
 1216 1.012424e-13 0.000000e+00
 1217 9.308478e-14 0.000000e+00
 1218 1.055575e-13 0.000000e+00
 1219 1.048416e-13 0.000000e+00
 1220 1.027744e-13 0.000000e+00
 1221 1.008098e-13 0.000000e+00
 1222 9.938345e-14 0.000000e+00
 1223 1.267175e-13 0.000000e+00
 1224 1.142952e-13 0.000000e+00
 1225 1.843131e-13 0.000000e+00
 1226 9.736275e-14 0.000000e+00
 1227 8.878657e-14 0.000000e+00
 1228 1.038788e-13 0.000000e+00
 1229 1.020907e-13 0.000000e+00
 1230 1.005537e-13 0.000000e+00
 1231 9.812447e-14 0.000000e+00
 1232 9.677044e-14 0.000000e+00
 1233 1.231635e-13 0.000000e+00
 1234 1.120419e-13 0.000000e+00
 1235 1.633410e-13 0.000000e+00
 1236 9.302616e-14 0.000000e+00
 1237 8.499777e-14 0.000000e+00
 1238 1.012874e-13 0.000000e+00
 1239 9.995542e-14 0.000000e+00
 1240 9.810111e-14 0.000000e+00
 1241 9.617697e-14 0.000000e+00
 1242 9.324342e-14 0.000000e+00
 1243 1.198641e-13 0.000000e+00
 1244 1.078183e-13 0.000000e+00
 1245 1.406016e-13 0.000000e+00
 1246 8.920253e-14 0.000000e+00
 1247 8.072459e-14 0.000000e+00
 1248 9.857106e-14 0.000000e+00
 1249 9.675210e-14 0.000000e+00
 1250 9.594393e-14 0.000000e+00
 1251 9.286850e-14 0.000000e+00
 1252 9.106772e-14 2.860556e-02
 1253 1.150491e-13 0.000000e+00
 1254 1.047363e-13 0.000000e+00
 1255 1.161823e-13 0.000000e+00
 1256 8.557152e-14 0.000000e+00
 1257 7.683464e-14 0.000000e+00
 1258 9.577783e-14 0.000000e+00
 1259 9.434081e-14 0.000000e+00
 1260 9.317767e-14 0.000000e+00
 1261 9.098860e-14 0.000000e+00
 1262 8.888682e-14 0.000000e+00
 1263 1.116405e-13 0.000000e+00
 1264 1.009335e-13 0.000000e+00
 1265 9.322266e-14 0.000000e+00
 1266 8.289363e-14 0.000000e+00
 1267 7.375688e-14 0.000000e+00
 1268 9.412926e-14 0.000000e+00
 1269 9.392913e-14 0.000000e+00
 1270 9.052867e-14 0.000000e+00
 1271 9.067267e-14 0.000000e+00
 1272 8.705115e-14 0.000000e+00
 1273 1.084820e-13 0.000000e+00
 1274 9.862582e-14 0.000000e+00
 1275 7.333707e-14 0.000000e+00
 1276 8.155707e-14 0.000000e+00
 1277 7.207437e-14 0.000000e+00
 1278 9.390547e-14 0.000000e+00
 1279 9.385651e-14 0.000000e+00
 1280 9.125654e-14 0.000000e+00
 1281 9.055960e-14 0.000000e+00
 1282 8.785869e-14 0.000000e+00
 1283 1.072421e-13 0.000000e+00
 1284 9.788537e-14 0.000000e+00
 1285 5.779828e-14 0.000000e+00
 1286 8.214852e-14 0.000000e+00
 1287 7.411179e-14 0.000000e+00
 1288 9.479759e-14 0.000000e+00
 1289 9.605040e-14 0.000000e+00
 1290 9.276640e-14 0.000000e+00
 1291 9.290045e-14 0.000000e+00
 1292 9.053939e-14 0.000000e+00
 1293 1.079319e-13 0.000000e+00
 1294 9.855894e-14 0.000000e+00
 1295 4.926466e-14 0.000000e+00
 1296 8.532919e-14 0.000000e+00
 1297 7.898046e-14 0.000000e+00
 1298 9.809702e-14 0.000000e+00
 1299 1.002022e-13 0.000000e+00
 1300 9.689808e-14 0.000000e+00
 1301 9.753677e-14 0.000000e+00
 1302 9.548229e-14 0.000000e+00
 1303 1.098759e-13 0.000000e+00
 1304 1.031517e-13 0.000000e+00
 1305 4.631356e-14 0.000000e+00
 1306 9.134914e-14 0.000000e+00
 1307 8.567488e-14 0.000000e+00
 1308 1.040507e-13 0.000000e+00
 1309 1.058106e-13 0.000000e+00
 1310 1.038000e-13 0.000000e+00
 1311 1.046192e-13 0.000000e+00
 1312 1.027895e-13 0.000000e+00
 1313 1.153639e-13 0.000000e+00
 1314 1.095677e-13 0.000000e+00
 1315 5.278422e-14 0.000000e+00
 1316 9.911123e-14 0.000000e+00
 1317 9.436721e-14 0.000000e+00
 1318 1.125191e-13 0.000000e+00
 1319 1.136392e-13 0.000000e+00
 1320 1.124908e-13 0.000000e+00
 1321 1.130357e-13 0.000000e+00
 1322 1.118407e-13 0.000000e+00
 1323 1.237636e-13 0.000000e+00
 1324 1.185997e-13 0.000000e+00
 1325 6.496046e-14 0.000000e+00
 1326 1.092463e-13 0.000000e+00
 1327 1.062438e-13 0.000000e+00
 1328 1.229039e-13 0.000000e+00
 1329 1.229808e-13 0.000000e+00
 1330 1.232561e-13 0.000000e+00
 1331 1.234015e-13 0.000000e+00
 1332 1.226246e-13 0.000000e+00
 1333 1.335259e-13 0.000000e+00
 1334 1.294466e-13 0.000000e+00
 1335 8.266862e-14 0.000000e+00
 1336 1.210223e-13 0.000000e+00
 1337 1.187295e-13 0.000000e+00
 1338 1.342175e-13 0.000000e+00
 1339 1.351114e-13 0.000000e+00
 1340 1.343287e-13 0.000000e+00
 1341 1.356662e-13 0.000000e+00
 1342 1.340016e-13 0.000000e+00
 1343 1.459232e-13 0.000000e+00
 1344 1.412719e-13 0.000000e+00
 1345 1.058468e-13 0.000000e+00
 1346 1.335834e-13 0.000000e+00
 1347 1.325797e-13 0.000000e+00
 1348 1.460712e-13 0.000000e+00
 1349 1.464715e-13 0.000000e+00
 1350 1.467727e-13 0.000000e+00
 1351 1.477168e-13 0.000000e+00
 1352 1.467823e-13 0.000000e+00
 1353 1.584674e-13 0.000000e+00
 1354 1.541091e-13 0.000000e+00
 1355 1.310108e-13 0.000000e+00
 1356 1.479915e-13 0.000000e+00
 1357 1.468037e-13 0.000000e+00
 1358 1.590743e-13 0.000000e+00
 1359 1.588410e-13 0.000000e+00
 1360 1.594164e-13 0.000000e+00
 1361 1.592901e-13 0.000000e+00
 1362 1.600540e-13 0.000000e+00
 1363 1.710103e-13 0.000000e+00
 1364 1.667155e-13 0.000000e+00
 1365 1.581920e-13 0.000000e+00
 1366 1.623283e-13 0.000000e+00
 1367 1.603880e-13 0.000000e+00
 1368 1.708620e-13 0.000000e+00
 1369 1.712280e-13 0.000000e+00
 1370 1.718954e-13 0.000000e+00
 1371 1.721658e-13 0.000000e+00
 1372 1.721867e-13 0.000000e+00
 1373 1.840498e-13 0.000000e+00
 1374 1.796114e-13 0.000000e+00
 1375 1.866191e-13 0.000000e+00
 1376 1.751818e-13 0.000000e+00
 1377 1.734389e-13 0.000000e+00
 1378 1.822017e-13 0.000000e+00
 1379 1.825830e-13 0.000000e+00
 1380 1.843929e-13 0.000000e+00
 1381 1.835407e-13 0.000000e+00
 1382 1.839570e-13 0.000000e+00
 1383 1.965089e-13 0.000000e+00
 1384 1.931666e-13 0.000000e+00
 1385 2.153315e-13 0.000000e+00
 1386 1.876886e-13 0.000000e+00
 1387 1.852277e-13 0.000000e+00
 1388 1.933623e-13 0.000000e+00
 1389 1.935544e-13 0.000000e+00
 1390 1.939667e-13 0.000000e+00
 1391 1.945732e-13 0.000000e+00
 1392 1.947769e-13 0.000000e+00
 1393 2.079644e-13 0.000000e+00
 1394 2.043881e-13 0.000000e+00
 1395 2.433328e-13 0.000000e+00
 1396 1.984948e-13 0.000000e+00
 1397 1.967495e-13 0.000000e+00
 1398 2.031786e-13 0.000000e+00
 1399 2.042936e-13 0.000000e+00
 1400 2.040374e-13 0.000000e+00
 1401 2.043856e-13 0.000000e+00
 1402 2.040030e-13 0.000000e+00
 1403 2.186956e-13 0.000000e+00
 1404 2.146233e-13 0.000000e+00
 1405 2.685077e-13 0.000000e+00
 1406 2.078686e-13 0.000000e+00
 1407 2.051299e-13 0.000000e+00
 1408 2.125954e-13 0.000000e+00
 1409 2.127269e-13 0.000000e+00
 1410 2.124957e-13 0.000000e+00
 1411 2.122888e-13 0.000000e+00
 1412 2.135097e-13 0.000000e+00
 1413 2.287333e-13 0.000000e+00
 1414 2.247279e-13 0.000000e+00
 1415 2.916397e-13 0.000000e+00
 1416 2.168397e-13 0.000000e+00
 1417 2.126539e-13 0.000000e+00
 1418 2.188553e-13 0.000000e+00
 1419 2.196728e-13 0.000000e+00
 1420 2.200406e-13 0.000000e+00
 1421 2.191540e-13 0.000000e+00
 1422 2.200419e-13 0.000000e+00
 1423 2.371875e-13 0.000000e+00
 1424 2.326844e-13 0.000000e+00
 1425 3.128550e-13 0.000000e+00
 1426 2.236711e-13 0.000000e+00
 1427 2.188666e-13 0.000000e+00
 1428 2.261466e-13 0.000000e+00
 1429 2.259851e-13 0.000000e+00
 1430 2.255097e-13 0.000000e+00
 1431 2.245616e-13 0.000000e+00
 1432 2.242403e-13 0.000000e+00
 1433 2.438281e-13 0.000000e+00
 1434 2.393115e-13 0.000000e+00
 1435 3.292455e-13 0.000000e+00
 1436 2.280428e-13 0.000000e+00
 1437 2.229413e-13 0.000000e+00
 1438 2.311089e-13 0.000000e+00
 1439 2.317603e-13 0.000000e+00
 1440 2.291427e-13 0.000000e+00
 1441 2.284496e-13 0.000000e+00
 1442 2.280217e-13 0.000000e+00
 1443 2.502957e-13 0.000000e+00
 1444 2.434818e-13 0.000000e+00
 1445 3.407246e-13 0.000000e+00
 1446 2.304833e-13 0.000000e+00
 1447 2.253822e-13 0.000000e+00
 1448 2.337104e-13 0.000000e+00
 1449 2.338317e-13 0.000000e+00
 1450 2.319040e-13 0.000000e+00
 1451 2.304041e-13 0.000000e+00
 1452 2.294957e-13 0.000000e+00
 1453 2.556115e-13 0.000000e+00
 1454 2.458283e-13 0.000000e+00
 1455 3.480948e-13 0.000000e+00
 1456 2.325907e-13 0.000000e+00
 1457 2.239123e-13 0.000000e+00
 1458 2.352883e-13 0.000000e+00
 1459 2.340310e-13 0.000000e+00
 1460 2.316344e-13 0.000000e+00
 1461 2.310590e-13 0.000000e+00
 1462 2.291482e-13 0.000000e+00
 1463 2.561626e-13 0.000000e+00
 1464 2.474160e-13 0.000000e+00
 1465 3.488128e-13 0.000000e+00
 1466 2.315115e-13 0.000000e+00
 1467 2.217281e-13 0.000000e+00
 1468 2.349008e-13 0.000000e+00
 1469 2.330814e-13 0.000000e+00
 1470 2.295323e-13 0.000000e+00
 1471 2.292369e-13 0.000000e+00
 1472 2.263386e-13 0.000000e+00
 1473 2.545888e-13 0.000000e+00
 1474 2.453486e-13 0.000000e+00
 1475 3.450702e-13 0.000000e+00
 1476 2.268314e-13 0.000000e+00
 1477 2.159327e-13 0.000000e+00
 1478 2.326451e-13 0.000000e+00
 1479 2.291315e-13 0.000000e+00
 1480 2.260009e-13 0.000000e+00
 1481 2.259408e-13 0.000000e+00
 1482 2.216787e-13 0.000000e+00
 1483 2.521182e-13 0.000000e+00
 1484 2.409418e-13 0.000000e+00
 1485 3.344359e-13 0.000000e+00
 1486 2.199946e-13 0.000000e+00
 1487 2.083906e-13 0.000000e+00
 1488 2.271501e-13 0.000000e+00
 1489 2.222152e-13 0.000000e+00
 1490 2.187403e-13 0.000000e+00
 1491 2.194966e-13 0.000000e+00
 1492 2.144927e-13 0.000000e+00
 1493 2.466663e-13 0.000000e+00
 1494 2.336307e-13 0.000000e+00
 1495 3.173735e-13 0.000000e+00
 1496 2.116545e-13 0.000000e+00
 1497 1.983683e-13 0.000000e+00
 1498 2.190139e-13 0.000000e+00
 1499 2.119350e-13 0.000000e+00
 1500 2.099149e-13 0.000000e+00
 1501 2.094380e-13 0.000000e+00
 1502 2.050935e-13 0.000000e+00
 1503 2.355859e-13 0.000000e+00
 1504 2.241671e-13 0.000000e+00
 1505 2.926109e-13 0.000000e+00
 1506 1.996418e-13 0.000000e+00
 1507 1.854059e-13 0.000000e+00
 1508 2.075551e-13 0.000000e+00
 1509 2.019646e-13 0.000000e+00
 1510 1.975473e-13 0.000000e+00
 1511 1.980098e-13 0.000000e+00
 1512 1.916276e-13 0.000000e+00
 1513 2.239102e-13 0.000000e+00
 1514 2.117614e-13 0.000000e+00
 1515 2.611747e-13 0.000000e+00
 1516 1.831832e-13 0.000000e+00
 1517 1.710916e-13 0.000000e+00
 1518 1.929861e-13 0.000000e+00
 1519 1.873443e-13 0.000000e+00
 1520 1.837634e-13 0.000000e+00
 1521 1.822465e-13 0.000000e+00
 1522 1.763730e-13 0.000000e+00
 1523 2.096124e-13 0.000000e+00
 1524 1.951066e-13 0.000000e+00
 1525 2.247894e-13 0.000000e+00
 1526 1.649446e-13 0.000000e+00
 1527 1.528882e-13 0.000000e+00
 1528 1.760294e-13 0.000000e+00
 1529 1.704107e-13 0.000000e+00
 1530 1.667508e-13 0.000000e+00
 1531 1.635887e-13 0.000000e+00
 1532 1.597613e-13 0.000000e+00
 1533 1.899790e-13 0.000000e+00
 1534 1.752653e-13 0.000000e+00
 1535 1.819741e-13 0.000000e+00
 1536 1.454936e-13 0.000000e+00
 1537 1.319044e-13 0.000000e+00
 1538 1.565944e-13 0.000000e+00
 1539 1.515245e-13 0.000000e+00
 1540 1.471767e-13 0.000000e+00
 1541 1.445028e-13 0.000000e+00
 1542 1.392049e-13 0.000000e+00
 1543 1.692962e-13 0.000000e+00
 1544 1.528483e-13 0.000000e+00
 1545 1.361305e-13 0.000000e+00
 1546 1.222076e-13 0.000000e+00
 1547 1.094797e-13 0.000000e+00
 1548 1.340187e-13 0.000000e+00
 1549 1.298812e-13 0.000000e+00
 1550 1.260030e-13 0.000000e+00
 1551 1.214823e-13 0.000000e+00
 1552 1.182129e-13 1.152439e-02
 1553 1.451892e-13 0.000000e+00
 1554 1.287374e-13 0.000000e+00
 1555 8.692998e-14 0.000000e+00
 1556 9.952912e-14 0.000000e+00
 1557 8.462104e-14 0.000000e+00
 1558 1.110494e-13 0.000000e+00
 1559 1.067140e-13 0.000000e+00
 1560 1.031565e-13 0.000000e+00
 1561 9.845275e-14 0.000000e+00
 1562 9.345536e-14 0.000000e+00
 1563 1.195926e-13 0.000000e+00
 1564 1.020154e-13 0.000000e+00
 1565 3.788231e-14 0.000000e+00
 1566 7.484574e-14 0.000000e+00
 1567 5.924331e-14 0.000000e+00
 1568 8.861890e-14 0.000000e+00
 1569 8.231968e-14 0.000000e+00
 1570 7.971016e-14 0.000000e+00
 1571 7.515951e-14 0.000000e+00
 1572 6.958542e-14 0.000000e+00
 1573 9.277257e-14 0.000000e+00
 1574 7.630880e-14 0.000000e+00
 1575 -1.096224e-14 0.000000e+00
 1576 4.965732e-14 0.000000e+00
 1577 3.528970e-14 0.000000e+00
 1578 6.455366e-14 0.000000e+00
 1579 5.940965e-14 0.000000e+00
 1580 5.668497e-14 0.000000e+00
 1581 5.259718e-14 0.000000e+00
 1582 4.712535e-14 0.000000e+00
 1583 6.740382e-14 0.000000e+00
 1584 5.247717e-14 0.000000e+00
 1585 -5.628012e-14 0.000000e+00
 1586 2.631197e-14 0.000000e+00
 1587 1.334266e-14 0.000000e+00
 1588 4.137109e-14 0.000000e+00
 1589 3.824615e-14 0.000000e+00
 1590 3.485126e-14 0.000000e+00
 1591 3.129708e-14 0.000000e+00
 1592 2.624144e-14 0.000000e+00
 1593 4.422120e-14 0.000000e+00
 1594 2.929611e-14 0.000000e+00
 1595 -9.357110e-14 0.000000e+00
 1596 5.585186e-15 0.000000e+00
 1597 -4.705582e-15 0.000000e+00
 1598 2.154878e-14 0.000000e+00
 1599 1.863569e-14 0.000000e+00
 1600 1.543507e-14 0.000000e+00
 1601 1.252714e-14 0.000000e+00
 1602 9.020978e-15 0.000000e+00
 1603 2.210428e-14 0.000000e+00
 1604 1.068979e-14 0.000000e+00
 1605 -1.222464e-13 0.000000e+00
 1606 -1.027039e-14 0.000000e+00
 1607 -2.009958e-14 0.000000e+00
 1608 6.098137e-15 0.000000e+00
 1609 3.137887e-15 0.000000e+00
 1610 5.447587e-17 0.000000e+00
 1611 -2.174004e-15 0.000000e+00
 1612 -4.948799e-15 0.000000e+00
 1613 5.498189e-15 0.000000e+00
 1614 -4.346101e-15 0.000000e+00
 1615 -1.387933e-13 0.000000e+00
 1616 -2.262339e-14 0.000000e+00
 1617 -3.078744e-14 0.000000e+00
 1618 -6.335887e-15 0.000000e+00
 1619 -8.000636e-15 0.000000e+00
 1620 -1.015361e-14 0.000000e+00
 1621 -1.217740e-14 0.000000e+00
 1622 -1.413202e-14 0.000000e+00
 1623 -5.848295e-15 0.000000e+00
 1624 -1.460413e-14 0.000000e+00
 1625 -1.437025e-13 0.000000e+00
 1626 -2.994726e-14 0.000000e+00
 1627 -3.665475e-14 0.000000e+00
 1628 -1.363733e-14 0.000000e+00
 1629 -1.580859e-14 0.000000e+00
 1630 -1.663142e-14 0.000000e+00
 1631 -1.799100e-14 0.000000e+00
 1632 -1.882639e-14 0.000000e+00
 1633 -1.200734e-14 0.000000e+00
 1634 -1.810907e-14 0.000000e+00
 1635 -1.356183e-13 0.000000e+00
 1636 -3.253306e-14 0.000000e+00
 1637 -3.712797e-14 0.000000e+00
 1638 -1.643530e-14 0.000000e+00
 1639 -1.860052e-14 0.000000e+00
 1640 -1.813278e-14 0.000000e+00
 1641 -1.947793e-14 0.000000e+00
 1642 -1.924587e-14 0.000000e+00
 1643 -1.348094e-14 0.000000e+00
 1644 -1.840098e-14 0.000000e+00
 1645 -1.170305e-13 0.000000e+00
 1646 -2.905692e-14 0.000000e+00
 1647 -3.281962e-14 0.000000e+00
 1648 -1.509759e-14 0.000000e+00
 1649 -1.559708e-14 0.000000e+00
 1650 -1.663409e-14 0.000000e+00
 1651 -1.654458e-14 0.000000e+00
 1652 -1.644819e-14 0.000000e+00
 1653 -1.094062e-14 0.000000e+00
 1654 -1.469138e-14 0.000000e+00
 1655 -8.996391e-14 0.000000e+00
 1656 -2.274601e-14 0.000000e+00
 1657 -2.630663e-14 0.000000e+00
 1658 -9.706260e-15 0.000000e+00
 1659 -1.102642e-14 0.000000e+00
 1660 -1.043144e-14 0.000000e+00
 1661 -1.036875e-14 0.000000e+00
 1662 -1.044516e-14 0.000000e+00
 1663 -2.929956e-15 0.000000e+00
 1664 -7.869758e-15 0.000000e+00
 1665 -5.647136e-14 0.000000e+00
 1666 -1.356387e-14 0.000000e+00
 1667 -1.762339e-14 0.000000e+00
 1668 -2.457308e-15 0.000000e+00
 1669 -3.243213e-15 0.000000e+00
 1670 -1.485957e-15 0.000000e+00
 1671 -2.873149e-15 0.000000e+00
 1672 -1.576645e-15 0.000000e+00
 1673 6.463569e-15 0.000000e+00
 1674 2.454404e-15 0.000000e+00
 1675 -1.894606e-14 0.000000e+00
 1676 -3.130543e-15 0.000000e+00
 1677 -5.307867e-15 0.000000e+00
 1678 6.155015e-15 0.000000e+00
 1679 5.839155e-15 0.000000e+00
 1680 7.167380e-15 0.000000e+00
 1681 6.363678e-15 0.000000e+00
 1682 7.176277e-15 0.000000e+00
 1683 1.807289e-14 0.000000e+00
 1684 1.335174e-14 0.000000e+00
 1685 1.839774e-14 0.000000e+00
 1686 7.799025e-15 0.000000e+00
 1687 6.737752e-15 0.000000e+00
 1688 1.509197e-14 0.000000e+00
 1689 1.646379e-14 0.000000e+00
 1690 1.600890e-14 0.000000e+00
 1691 1.638414e-14 0.000000e+00
 1692 1.718587e-14 0.000000e+00
 1693 2.905879e-14 0.000000e+00
 1694 2.495572e-14 0.000000e+00
 1695 5.410248e-14 0.000000e+00
 1696 1.846379e-14 0.000000e+00
 1697 1.499278e-14 0.000000e+00
 1698 2.378939e-14 0.000000e+00
 1699 2.136197e-14 0.000000e+00
 1700 2.176632e-14 0.000000e+00
 1701 2.039764e-14 0.000000e+00
 1702 1.896520e-14 0.000000e+00
 1703 3.162106e-14 0.000000e+00
 1704 2.703935e-14 0.000000e+00
 1705 7.913803e-14 0.000000e+00
 1706 1.752967e-14 0.000000e+00
 1707 1.191375e-14 0.000000e+00
 1708 2.003924e-14 0.000000e+00
 1709 1.654457e-14 0.000000e+00
 1710 1.438713e-14 0.000000e+00
 1711 1.448417e-14 0.000000e+00
 1712 1.167908e-14 0.000000e+00
 1713 2.522832e-14 0.000000e+00
 1714 1.956288e-14 0.000000e+00
 1715 9.014365e-14 0.000000e+00
 1716 7.008765e-15 0.000000e+00
 1717 2.104063e-16 0.000000e+00
 1718 7.682514e-15 0.000000e+00
 1719 2.221428e-15 0.000000e+00
 1720 7.149988e-16 0.000000e+00
 1721 -2.681463e-16 0.000000e+00
 1722 -3.820565e-15 0.000000e+00
 1723 1.138794e-14 0.000000e+00
 1724 4.056909e-15 0.000000e+00
 1725 9.319983e-14 0.000000e+00
 1726 -1.154355e-14 0.000000e+00
 1727 -1.978490e-14 0.000000e+00
 1728 -1.272978e-14 0.000000e+00
 1729 -1.730545e-14 0.000000e+00
 1730 -2.234647e-14 0.000000e+00
 1731 -2.363694e-14 0.000000e+00
 1732 -2.779811e-14 0.000000e+00
 1733 -9.455266e-15 0.000000e+00
 1734 -1.773887e-14 0.000000e+00
 1735 8.312506e-14 0.000000e+00
 1736 -3.736604e-14 0.000000e+00
 1737 -4.829775e-14 0.000000e+00
 1738 -4.029674e-14 0.000000e+00
 1739 -4.588111e-14 0.000000e+00
 1740 -5.167828e-14 0.000000e+00
 1741 -5.279732e-14 0.000000e+00
 1742 -5.681191e-14 0.000000e+00
 1743 -3.543672e-14 0.000000e+00
 1744 -4.342256e-14 0.000000e+00
 1745 6.622779e-14 0.000000e+00
 1746 -6.293954e-14 0.000000e+00
 1747 -7.347722e-14 0.000000e+00
 1748 -6.135479e-14 0.000000e+00
 1749 -6.791449e-14 0.000000e+00
 1750 -7.189235e-14 0.000000e+00
 1751 -7.285477e-14 0.000000e+00
 1752 -7.471572e-14 0.000000e+00
 1753 -5.119700e-14 0.000000e+00
 1754 -5.927336e-14 0.000000e+00
 1755 5.359205e-14 0.000000e+00
 1756 -8.076001e-14 0.000000e+00
 1757 -9.135608e-14 0.000000e+00
 1758 -7.860892e-14 0.000000e+00
 1759 -8.352618e-14 0.000000e+00
 1760 -8.742974e-14 0.000000e+00
 1761 -8.848697e-14 0.000000e+00
 1762 -9.061600e-14 0.000000e+00
 1763 -6.321782e-14 0.000000e+00
 1764 -7.405063e-14 0.000000e+00
 1765 3.807717e-14 0.000000e+00
 1766 -9.543602e-14 0.000000e+00
 1767 -1.094586e-13 0.000000e+00
 1768 -9.281152e-14 0.000000e+00
 1769 -9.808491e-14 0.000000e+00
 1770 -1.009775e-13 0.000000e+00
 1771 -1.042421e-13 0.000000e+00
 1772 -1.058746e-13 0.000000e+00
 1773 -7.537313e-14 0.000000e+00
 1774 -8.724336e-14 0.000000e+00
 1775 1.323500e-14 0.000000e+00
 1776 -1.111619e-13 0.000000e+00
 1777 -1.251863e-13 0.000000e+00
 1778 -1.074812e-13 0.000000e+00
 1779 -1.123110e-13 0.000000e+00
 1780 -1.150881e-13 0.000000e+00
 1781 -1.186989e-13 0.000000e+00
 1782 -1.193471e-13 0.000000e+00
 1783 -8.738699e-14 0.000000e+00
 1784 -1.012042e-13 0.000000e+00
 1785 -1.316886e-14 0.000000e+00
 1786 -1.262325e-13 0.000000e+00
 1787 -1.427845e-13 0.000000e+00
 1788 -1.206178e-13 0.000000e+00
 1789 -1.263874e-13 0.000000e+00
 1790 -1.276398e-13 0.000000e+00
 1791 -1.338343e-13 0.000000e+00
 1792 -1.338963e-13 0.000000e+00
 1793 -9.933327e-14 0.000000e+00
 1794 -1.156565e-13 0.000000e+00
 1795 -4.419120e-14 0.000000e+00
 1796 -1.421410e-13 0.000000e+00
 1797 -1.588552e-13 0.000000e+00
 1798 -1.347403e-13 0.000000e+00
 1799 -1.407930e-13 0.000000e+00
 1800 -1.426904e-13 0.000000e+00
 1801 -1.476847e-13 0.000000e+00
 1802 -1.493180e-13 0.000000e+00
 1803 -1.133649e-13 0.000000e+00
 1804 -1.308820e-13 0.000000e+00
 1805 -8.303932e-14 0.000000e+00
 1806 -1.588673e-13 0.000000e+00
 1807 -1.755843e-13 0.000000e+00
 1808 -1.498940e-13 0.000000e+00
 1809 -1.545243e-13 0.000000e+00
 1810 -1.575075e-13 0.000000e+00
 1811 -1.613146e-13 0.000000e+00
 1812 -1.653173e-13 0.000000e+00
 1813 -1.275119e-13 0.000000e+00
 1814 -1.476941e-13 0.000000e+00
 1815 -1.210804e-13 0.000000e+00
 1816 -1.756691e-13 0.000000e+00
 1817 -1.925437e-13 0.000000e+00
 1818 -1.647287e-13 0.000000e+00
 1819 -1.685494e-13 0.000000e+00
 1820 -1.729760e-13 0.000000e+00
 1821 -1.751352e-13 0.000000e+00
 1822 -1.799049e-13 0.000000e+00
 1823 -1.430369e-13 0.000000e+00
 1824 -1.620757e-13 0.000000e+00
 1825 -1.633724e-13 0.000000e+00
 1826 -1.940726e-13 0.000000e+00
 1827 -2.085303e-13 0.000000e+00
 1828 -1.794068e-13 0.000000e+00
 1829 -1.826281e-13 0.000000e+00
 1830 -1.872770e-13 0.000000e+00
 1831 -1.897924e-13 0.000000e+00
 1832 -1.947384e-13 0.000000e+00
 1833 -1.596875e-13 0.000000e+00
 1834 -1.788115e-13 0.000000e+00
 1835 -2.106279e-13 0.000000e+00
 1836 -2.109135e-13 0.000000e+00
 1837 -2.233605e-13 0.000000e+00
 1838 -1.944182e-13 0.000000e+00
 1839 -1.963735e-13 0.000000e+00
 1840 -2.011875e-13 0.000000e+00
 1841 -2.034432e-13 0.000000e+00
 1842 -2.083083e-13 0.000000e+00
 1843 -1.763909e-13 0.000000e+00
 1844 -1.946740e-13 0.000000e+00
 1845 -2.548703e-13 0.000000e+00
 1846 -2.244125e-13 0.000000e+00
 1847 -2.388267e-13 0.000000e+00
 1848 -2.078605e-13 0.000000e+00
 1849 -2.093273e-13 0.000000e+00
 1850 -2.145101e-13 0.000000e+00
 1851 -2.156133e-13 0.000000e+00
 1852 -2.211915e-13 9.315907e-03
 1853 -1.912297e-13 0.000000e+00
 1854 -2.087375e-13 0.000000e+00
 1855 -2.967119e-13 0.000000e+00
 1856 -2.381025e-13 0.000000e+00
 1857 -2.529496e-13 0.000000e+00
 1858 -2.199555e-13 0.000000e+00
 1859 -2.225624e-13 0.000000e+00
 1860 -2.248733e-13 0.000000e+00
 1861 -2.280061e-13 0.000000e+00
 1862 -2.322367e-13 0.000000e+00
 1863 -2.063229e-13 0.000000e+00
 1864 -2.226833e-13 0.000000e+00
 1865 -3.363168e-13 0.000000e+00
 1866 -2.519684e-13 0.000000e+00
 1867 -2.636448e-13 0.000000e+00
 1868 -2.306420e-13 0.000000e+00
 1869 -2.334083e-13 0.000000e+00
 1870 -2.348303e-13 0.000000e+00
 1871 -2.375402e-13 0.000000e+00
 1872 -2.428851e-13 0.000000e+00
 1873 -2.184013e-13 0.000000e+00
 1874 -2.336621e-13 0.000000e+00
 1875 -3.684007e-13 0.000000e+00
 1876 -2.605384e-13 0.000000e+00
 1877 -2.724419e-13 0.000000e+00
 1878 -2.389022e-13 0.000000e+00
 1879 -2.419306e-13 0.000000e+00
 1880 -2.416574e-13 0.000000e+00
 1881 -2.467528e-13 0.000000e+00
 1882 -2.486733e-13 0.000000e+00
 1883 -2.287992e-13 0.000000e+00
 1884 -2.427770e-13 0.000000e+00
 1885 -3.926791e-13 0.000000e+00
 1886 -2.682208e-13 0.000000e+00
 1887 -2.769316e-13 0.000000e+00
 1888 -2.459600e-13 0.000000e+00
 1889 -2.481184e-13 0.000000e+00
 1890 -2.480982e-13 0.000000e+00
 1891 -2.507975e-13 0.000000e+00
 1892 -2.529739e-13 0.000000e+00
 1893 -2.382788e-13 0.000000e+00
 1894 -2.496607e-13 0.000000e+00
 1895 -4.124308e-13 0.000000e+00
 1896 -2.718520e-13 0.000000e+00
 1897 -2.800546e-13 0.000000e+00
 1898 -2.506599e-13 0.000000e+00
 1899 -2.509312e-13 0.000000e+00
 1900 -2.512307e-13 0.000000e+00
 1901 -2.536906e-13 0.000000e+00
 1902 -2.557476e-13 0.000000e+00
 1903 -2.442711e-13 0.000000e+00
 1904 -2.527237e-13 0.000000e+00
 1905 -4.202298e-13 0.000000e+00
 1906 -2.722085e-13 0.000000e+00
 1907 -2.799708e-13 0.000000e+00
 1908 -2.524369e-13 0.000000e+00
 1909 -2.514604e-13 0.000000e+00
 1910 -2.514448e-13 0.000000e+00
 1911 -2.547959e-13 0.000000e+00
 1912 -2.554397e-13 0.000000e+00
 1913 -2.451194e-13 0.000000e+00
 1914 -2.541072e-13 0.000000e+00
 1915 -4.217323e-13 0.000000e+00
 1916 -2.702401e-13 0.000000e+00
 1917 -2.768616e-13 0.000000e+00
 1918 -2.517617e-13 0.000000e+00
 1919 -2.508374e-13 0.000000e+00
 1920 -2.497637e-13 0.000000e+00
 1921 -2.525641e-13 0.000000e+00
 1922 -2.534491e-13 0.000000e+00
 1923 -2.462811e-13 0.000000e+00
 1924 -2.525320e-13 0.000000e+00
 1925 -4.175617e-13 0.000000e+00
 1926 -2.664624e-13 0.000000e+00
 1927 -2.720470e-13 0.000000e+00
 1928 -2.491704e-13 0.000000e+00
 1929 -2.467639e-13 0.000000e+00
 1930 -2.470049e-13 0.000000e+00
 1931 -2.487950e-13 0.000000e+00
 1932 -2.497189e-13 0.000000e+00
 1933 -2.442152e-13 0.000000e+00
 1934 -2.478754e-13 0.000000e+00
 1935 -4.059301e-13 0.000000e+00
 1936 -2.600689e-13 0.000000e+00
 1937 -2.655121e-13 0.000000e+00
 1938 -2.437374e-13 0.000000e+00
 1939 -2.421825e-13 0.000000e+00
 1940 -2.422004e-13 0.000000e+00
 1941 -2.434417e-13 0.000000e+00
 1942 -2.432893e-13 0.000000e+00
 1943 -2.396310e-13 0.000000e+00
 1944 -2.433513e-13 0.000000e+00
 1945 -3.895495e-13 0.000000e+00
 1946 -2.526882e-13 0.000000e+00
 1947 -2.568210e-13 0.000000e+00
 1948 -2.371901e-13 0.000000e+00
 1949 -2.367989e-13 0.000000e+00
 1950 -2.364156e-13 0.000000e+00
 1951 -2.364992e-13 0.000000e+00
 1952 -2.373129e-13 0.000000e+00
 1953 -2.343641e-13 0.000000e+00
 1954 -2.367351e-13 0.000000e+00
 1955 -3.709664e-13 0.000000e+00
 1956 -2.443884e-13 0.000000e+00
 1957 -2.479105e-13 0.000000e+00
 1958 -2.305506e-13 0.000000e+00
 1959 -2.308416e-13 0.000000e+00
 1960 -2.294646e-13 0.000000e+00
 1961 -2.294210e-13 0.000000e+00
 1962 -2.308615e-13 0.000000e+00
 1963 -2.268951e-13 0.000000e+00
 1964 -2.300646e-13 0.000000e+00
 1965 -3.509060e-13 0.000000e+00
 1966 -2.349779e-13 0.000000e+00
 1967 -2.394781e-13 0.000000e+00
 1968 -2.232472e-13 0.000000e+00
 1969 -2.231674e-13 0.000000e+00
 1970 -2.225394e-13 0.000000e+00
 1971 -2.224340e-13 0.000000e+00
 1972 -2.228943e-13 0.000000e+00
 1973 -2.203111e-13 0.000000e+00
 1974 -2.226070e-13 0.000000e+00
 1975 -3.303341e-13 0.000000e+00
 1976 -2.256064e-13 0.000000e+00
 1977 -2.304985e-13 0.000000e+00
 1978 -2.158357e-13 0.000000e+00
 1979 -2.153793e-13 0.000000e+00
 1980 -2.152765e-13 0.000000e+00
 1981 -2.147341e-13 0.000000e+00
 1982 -2.155104e-13 0.000000e+00
 1983 -2.130705e-13 0.000000e+00
 1984 -2.151675e-13 0.000000e+00
 1985 -3.101532e-13 0.000000e+00
 1986 -2.169655e-13 0.000000e+00
 1987 -2.219452e-13 0.000000e+00
 1988 -2.083953e-13 0.000000e+00
 1989 -2.088579e-13 0.000000e+00
 1990 -2.078158e-13 0.000000e+00
 1991 -2.074742e-13 0.000000e+00
 1992 -2.076784e-13 0.000000e+00
 1993 -2.065154e-13 0.000000e+00
 1994 -2.073734e-13 0.000000e+00
 1995 -2.913517e-13 0.000000e+00
 1996 -2.090263e-13 0.000000e+00
 1997 -2.137693e-13 0.000000e+00
 1998 -2.014237e-13 0.000000e+00
 1999 -2.009745e-13 0.000000e+00
 2000 -2.017994e-13 0.000000e+00
 2001 -2.006787e-13 0.000000e+00
 2002 -2.007913e-13 0.000000e+00
 2003 -1.996947e-13 0.000000e+00
 2004 -2.002520e-13 0.000000e+00
 2005 -2.744578e-13 0.000000e+00
 2006 -2.015140e-13 0.000000e+00
 2007 -2.059861e-13 0.000000e+00
 2008 -1.949394e-13 0.000000e+00
 2009 -1.948923e-13 0.000000e+00
 2010 -1.945719e-13 0.000000e+00
 2011 -1.943987e-13 0.000000e+00
 2012 -1.940154e-13 0.000000e+00
 2013 -1.938172e-13 0.000000e+00
 2014 -1.939431e-13 0.000000e+00
 2015 -2.598123e-13 0.000000e+00
 2016 -1.948579e-13 0.000000e+00
 2017 -1.990389e-13 0.000000e+00
 2018 -1.891500e-13 0.000000e+00
 2019 -1.890301e-13 0.000000e+00
 2020 -1.882975e-13 0.000000e+00
 2021 -1.883533e-13 0.000000e+00
 2022 -1.881224e-13 0.000000e+00
 2023 -1.878043e-13 0.000000e+00
 2024 -1.878740e-13 0.000000e+00
 2025 -2.479038e-13 0.000000e+00
 2026 -1.896557e-13 0.000000e+00
 2027 -1.924529e-13 0.000000e+00
 2028 -1.837232e-13 0.000000e+00
 2029 -1.835988e-13 0.000000e+00
 2030 -1.831477e-13 0.000000e+00
 2031 -1.833093e-13 0.000000e+00
 2032 -1.828092e-13 0.000000e+00
 2033 -1.823684e-13 0.000000e+00
 2034 -1.824532e-13 0.000000e+00
 2035 -2.383915e-13 0.000000e+00
 2036 -1.847023e-13 0.000000e+00
 2037 -1.871563e-13 0.000000e+00
 2038 -1.789201e-13 0.000000e+00
 2039 -1.788642e-13 0.000000e+00
 2040 -1.784032e-13 0.000000e+00
 2041 -1.786132e-13 0.000000e+00
 2042 -1.779531e-13 0.000000e+00
 2043 -1.781296e-13 0.000000e+00
 2044 -1.782305e-13 0.000000e+00
 2045 -2.305851e-13 0.000000e+00
 2046 -1.802157e-13 0.000000e+00
 2047 -1.823967e-13 0.000000e+00
 2048 -7.117319e-15 9.772455e-03
