    0 0.000000e+00 0.000000e+00
    1 0.000000e+00 0.000000e+00
    2 2.627269e-23 4.545072e-06
    3 2.774331e-23 0.000000e+00
    4 2.932277e-23 0.000000e+00
    5 3.064392e-23 0.000000e+00
    6 3.163084e-23 0.000000e+00
    7 3.230427e-23 0.000000e+00
    8 3.273850e-23 0.000000e+00
    9 3.293269e-23 0.000000e+00
   10 3.298900e-23 0.000000e+00
   11 3.293508e-23 0.000000e+00
   12 3.275230e-23 8.651416e-05
   13 3.250498e-23 0.000000e+00
   14 3.224555e-23 0.000000e+00
   15 3.192564e-23 0.000000e+00
   16 3.156291e-23 0.000000e+00
   17 3.116617e-23 0.000000e+00
   18 3.076988e-23 0.000000e+00
   19 3.033379e-23 0.000000e+00
   20 -1.049208e-21 0.000000e+00
   21 -1.034156e-21 0.000000e+00
   22 -1.019018e-21 1.689592e-04
   23 2.861706e-23 0.000000e+00
   24 2.819094e-23 0.000000e+00
   25 2.776683e-23 0.000000e+00
   26 2.734926e-23 0.000000e+00
   27 2.693339e-23 0.000000e+00
   28 2.652404e-23 0.000000e+00
   29 2.611942e-23 0.000000e+00
   30 2.571967e-23 0.000000e+00
   31 2.531203e-23 0.000000e+00
   32 2.492932e-23 2.511756e-04
   33 -8.618898e-22 0.000000e+00
   34 2.419505e-23 0.000000e+00
   35 2.383077e-23 0.000000e+00
   36 2.347325e-23 0.000000e+00
   37 2.312433e-23 0.000000e+00
   38 2.277991e-23 0.000000e+00
   39 2.244190e-23 0.000000e+00
   40 2.211198e-23 0.000000e+00
   41 -7.642830e-22 0.000000e+00
   42 2.145195e-23 3.331511e-04
   43 2.114023e-23 0.000000e+00
   44 2.083745e-23 0.000000e+00
   45 2.053855e-23 0.000000e+00
   46 -7.107110e-22 0.000000e+00
   47 -7.005974e-22 0.000000e+00
   48 -6.907177e-22 0.000000e+00
   49 -6.616707e-22 0.000000e+00
   50 -6.524130e-22 0.000000e+00
   51 -6.432770e-22 0.000000e+00
   52 -6.342198e-22 4.132660e-04
   53 -6.437597e-22 0.000000e+00
   54 1.205082e-26 0.000000e+00
   55 1.188801e-26 0.000000e+00
   56 1.172651e-26 0.000000e+00
   57 1.156713e-26 0.000000e+00
   58 -5.841162e-22 0.000000e+00
   59 -5.762448e-22 0.000000e+00
   60 -5.685131e-22 0.000000e+00
   61 -5.772671e-22 0.000000e+00
   62 -5.533586e-22 4.929767e-04
   63 -5.460964e-22 0.000000e+00
   64 -5.388972e-22 0.000000e+00
   65 -5.474434e-22 0.000000e+00
   66 1.539026e-23 0.000000e+00
   67 -5.181634e-22 0.000000e+00
   68 -5.114518e-22 0.000000e+00
   69 1.481109e-23 0.000000e+00
   70 -4.982961e-22 0.000000e+00
   71 -4.919036e-22 0.000000e+00
   72 -4.855969e-22 5.712236e-04
   73 9.365457e-27 0.000000e+00
   74 1.388781e-23 0.000000e+00
   75 1.370271e-23 0.000000e+00
   76 1.353030e-23 0.000000e+00
   77 -4.690490e-22 0.000000e+00
   78 1.320157e-23 0.000000e+00
   79 -4.573798e-22 0.000000e+00
   80 0.000000e+00 0.000000e+00
   81 -4.333475e-22 0.000000e+00
   82 -4.279711e-22 6.480348e-04
   83 -4.227073e-22 0.000000e+00
   84 1.224884e-23 0.000000e+00
   85 -4.244906e-22 0.000000e+00
   86 -4.073786e-22 0.000000e+00
   87 7.860729e-27 0.000000e+00
   88 -3.975354e-22 0.000000e+00
   89 -4.042513e-22 0.000000e+00
   90 -3.880105e-22 0.000000e+00
   91 1.124784e-23 0.000000e+00
   92 -3.788076e-22 7.229035e-04
   93 -3.743000e-22 0.000000e+00
   94 -3.807249e-22 0.000000e+00
   95 -3.762640e-22 0.000000e+00
   96 -3.612860e-22 0.000000e+00
   97 0.000000e+00 0.000000e+00
   98 1.035419e-23 0.000000e+00
   99 -3.488579e-22 0.000000e+00
  100 1.605309e-15 0.000000e+00
  101 1.481357e-15 0.000000e+00
  102 1.597136e-15 1.591869e-03
  103 2.018891e-15 0.000000e+00
  104 1.548358e-15 0.000000e+00
  105 4.837134e-15 0.000000e+00
  106 1.511909e-15 0.000000e+00
  107 1.840580e-15 0.000000e+00
  108 1.673524e-15 0.000000e+00
  109 1.592348e-15 0.000000e+00
  110 1.647721e-15 0.000000e+00
  111 1.733332e-15 0.000000e+00
  112 1.510982e-15 0.000000e+00
  113 2.076576e-15 0.000000e+00
  114 1.730657e-15 0.000000e+00
  115 5.336720e-15 0.000000e+00
  116 1.877716e-15 0.000000e+00
  117 1.942159e-15 0.000000e+00
  118 1.670891e-15 0.000000e+00
  119 1.813492e-15 0.000000e+00
  120 1.661207e-15 0.000000e+00
  121 1.628716e-15 0.000000e+00
  122 1.624278e-15 0.000000e+00
  123 2.244742e-15 0.000000e+00
  124 1.847057e-15 0.000000e+00
  125 6.030975e-15 0.000000e+00
  126 1.846646e-15 0.000000e+00
  127 2.130362e-15 0.000000e+00
  128 2.029295e-15 0.000000e+00
  129 1.819971e-15 0.000000e+00
  130 1.947132e-15 0.000000e+00
  131 1.874187e-15 0.000000e+00
  132 1.857710e-15 3.002392e-03
  133 2.448647e-15 0.000000e+00
  134 2.283055e-15 0.000000e+00
  135 6.323109e-15 0.000000e+00
  136 2.043905e-15 0.000000e+00
  137 2.388160e-15 0.000000e+00
  138 2.025589e-15 0.000000e+00
  139 2.032987e-15 0.000000e+00
  140 2.112792e-15 0.000000e+00
  141 1.966105e-15 0.000000e+00
  142 1.996943e-15 0.000000e+00
  143 2.876795e-15 0.000000e+00
  144 2.251678e-15 0.000000e+00
  145 6.830736e-15 0.000000e+00
  146 2.281272e-15 0.000000e+00
  147 2.422401e-15 0.000000e+00
  148 2.244025e-15 0.000000e+00
  149 2.231328e-15 0.000000e+00
  150 2.181232e-15 0.000000e+00
  151 2.170367e-15 0.000000e+00
  152 2.325891e-15 0.000000e+00
  153 2.851147e-15 0.000000e+00
  154 2.406306e-15 0.000000e+00
  155 7.397700e-15 0.000000e+00
  156 2.268416e-15 0.000000e+00
  157 2.487923e-15 0.000000e+00
  158 2.285327e-15 0.000000e+00
  159 2.445375e-15 0.000000e+00
  160 2.260102e-15 0.000000e+00
  161 2.472311e-15 0.000000e+00
  162 2.272222e-15 3.539540e-03
  163 3.025102e-15 0.000000e+00
  164 2.740211e-15 0.000000e+00
  165 7.627302e-15 0.000000e+00
  166 2.402214e-15 0.000000e+00
  167 2.642906e-15 0.000000e+00
  168 2.406298e-15 0.000000e+00
  169 2.469914e-15 0.000000e+00
  170 2.656466e-15 0.000000e+00
  171 2.415326e-15 0.000000e+00
  172 2.430232e-15 0.000000e+00
  173 3.259665e-15 0.000000e+00
  174 2.796873e-15 0.000000e+00
  175 8.029136e-15 0.000000e+00
  176 2.511670e-15 0.000000e+00
  177 2.734650e-15 0.000000e+00
  178 2.602470e-15 0.000000e+00
  179 2.651003e-15 0.000000e+00
  180 2.739603e-15 0.000000e+00
  181 2.487559e-15 0.000000e+00
  182 2.593605e-15 0.000000e+00
  183 3.474934e-15 0.000000e+00
  184 2.816835e-15 0.000000e+00
  185 8.520716e-15 0.000000e+00
  186 2.544840e-15 0.000000e+00
  187 2.871072e-15 0.000000e+00
  188 2.737812e-15 0.000000e+00
  189 2.988230e-15 0.000000e+00
  190 2.769964e-15 0.000000e+00
  191 2.673156e-15 0.000000e+00
  192 2.893334e-15 3.989383e-03
  193 3.460115e-15 0.000000e+00
  194 3.066086e-15 0.000000e+00
  195 8.868511e-15 0.000000e+00
  196 2.775884e-15 0.000000e+00
  197 3.053600e-15 0.000000e+00
  198 3.101135e-15 0.000000e+00
  199 2.996725e-15 0.000000e+00
  200 2.899125e-15 0.000000e+00
  201 2.950726e-15 0.000000e+00
  202 3.046745e-15 0.000000e+00
  203 3.570002e-15 0.000000e+00
  204 3.340920e-15 0.000000e+00
  205 9.195290e-15 0.000000e+00
  206 3.025737e-15 0.000000e+00
  207 3.078978e-15 0.000000e+00
  208 3.309129e-15 0.000000e+00
  209 3.041401e-15 0.000000e+00
  210 3.128575e-15 0.000000e+00
  211 3.207943e-15 0.000000e+00
  212 2.996550e-15 0.000000e+00
  213 3.797127e-15 0.000000e+00
  214 3.446079e-15 0.000000e+00
  215 9.619773e-15 0.000000e+00
  216 3.283356e-15 0.000000e+00
  217 3.408002e-15 0.000000e+00
  218 3.277130e-15 0.000000e+00
  219 3.118143e-15 0.000000e+00
  220 3.230914e-15 0.000000e+00
  221 3.398975e-15 0.000000e+00
  222 3.021402e-15 4.353232e-03
  223 3.959433e-15 0.000000e+00
  224 3.689187e-15 0.000000e+00
  225 1.004695e-14 0.000000e+00
  226 3.279069e-15 0.000000e+00
  227 3.552422e-15 0.000000e+00
  228 3.328841e-15 0.000000e+00
  229 3.357869e-15 0.000000e+00
  230 3.498569e-15 0.000000e+00
  231 3.203393e-15 0.000000e+00
  232 3.213309e-15 0.000000e+00
  233 4.231383e-15 0.000000e+00
  234 3.703653e-15 0.000000e+00
  235 1.046524e-14 0.000000e+00
  236 3.334254e-15 0.000000e+00
  237 3.689539e-15 0.000000e+00
  238 3.548920e-15 0.000000e+00
  239 3.460033e-15 0.000000e+00
  240 3.578102e-15 0.000000e+00
  241 3.380652e-15 0.000000e+00
  242 3.284989e-15 0.000000e+00
  243 4.352780e-15 0.000000e+00
  244 3.801205e-15 0.000000e+00
  245 1.100899e-14 0.000000e+00
  246 3.561581e-15 0.000000e+00
  247 3.697177e-15 0.000000e+00
  248 3.538212e-15 0.000000e+00
  249 3.608584e-15 0.000000e+00
  250 3.774937e-15 0.000000e+00
  251 3.556700e-15 0.000000e+00
  252 3.429088e-15 4.639961e-03
  253 4.488950e-15 0.000000e+00
  254 4.084585e-15 0.000000e+00
  255 1.126392e-14 0.000000e+00
  256 3.756964e-15 0.000000e+00
  257 3.717545e-15 0.000000e+00
  258 4.015067e-15 0.000000e+00
  259 3.776941e-15 0.000000e+00
  260 3.856294e-15 0.000000e+00
  261 3.611969e-15 0.000000e+00
  262 3.505102e-15 0.000000e+00
  263 4.742605e-15 0.000000e+00
  264 4.271417e-15 0.000000e+00
  265 1.168224e-14 0.000000e+00
  266 4.019728e-15 0.000000e+00
  267 3.950206e-15 0.000000e+00
  268 4.091575e-15 0.000000e+00
  269 4.019593e-15 0.000000e+00
  270 3.874087e-15 0.000000e+00
  271 3.651036e-15 0.000000e+00
  272 3.756141e-15 0.000000e+00
  273 4.848102e-15 0.000000e+00
  274 4.372429e-15 0.000000e+00
  275 1.208720e-14 0.000000e+00
  276 4.234681e-15 0.000000e+00
  277 3.980739e-15 0.000000e+00
  278 4.167286e-15 0.000000e+00
  279 4.162079e-15 0.000000e+00
  280 3.850464e-15 0.000000e+00
  281 3.857581e-15 0.000000e+00
  282 3.789630e-15 4.868799e-03
  283 5.134067e-15 0.000000e+00
  284 4.458211e-15 0.000000e+00
  285 1.269815e-14 0.000000e+00
  286 4.173593e-15 0.000000e+00
  287 4.135106e-15 0.000000e+00
  288 4.298139e-15 0.000000e+00
  289 4.231928e-15 0.000000e+00
  290 4.141761e-15 0.000000e+00
  291 3.875974e-15 0.000000e+00
  292 4.046772e-15 0.000000e+00
  293 5.310292e-15 0.000000e+00
  294 4.470663e-15 0.000000e+00
  295 1.300934e-14 0.000000e+00
  296 4.330017e-15 0.000000e+00
  297 4.205484e-15 0.000000e+00
  298 4.434599e-15 0.000000e+00
  299 4.292016e-15 0.000000e+00
  300 4.201687e-15 0.000000e+00
  301 4.042119e-15 0.000000e+00
  302 4.234109e-15 0.000000e+00
  303 5.245082e-15 0.000000e+00
  304 4.732347e-15 0.000000e+00
  305 1.343947e-14 0.000000e+00
  306 4.218484e-15 0.000000e+00
  307 4.379854e-15 0.000000e+00
  308 4.611963e-15 0.000000e+00
  309 4.220425e-15 0.000000e+00
  310 4.341047e-15 0.000000e+00
  311 4.078158e-15 0.000000e+00
  312 4.484189e-15 5.060898e-03
  313 5.446134e-15 0.000000e+00
  314 5.076683e-15 0.000000e+00
  315 1.358183e-14 0.000000e+00
  316 4.461289e-15 0.000000e+00
  317 4.445706e-15 0.000000e+00
  318 4.756896e-15 0.000000e+00
  319 4.461584e-15 0.000000e+00
  320 4.355419e-15 0.000000e+00
  321 4.424465e-15 0.000000e+00
  322 4.387403e-15 0.000000e+00
  323 5.910078e-15 0.000000e+00
  324 5.083525e-15 0.000000e+00
  325 1.387419e-14 0.000000e+00
  326 4.617029e-15 0.000000e+00
  327 4.561489e-15 0.000000e+00
  328 4.759697e-15 0.000000e+00
  329 4.780276e-15 0.000000e+00
  330 4.533338e-15 0.000000e+00
  331 4.744686e-15 0.000000e+00
  332 4.463626e-15 0.000000e+00
  333 5.859043e-15 0.000000e+00
  334 5.325054e-15 0.000000e+00
  335 1.427091e-14 0.000000e+00
  336 4.819753e-15 0.000000e+00
  337 4.578722e-15 0.000000e+00
  338 5.057520e-15 0.000000e+00
  339 4.823734e-15 0.000000e+00
  340 4.837856e-15 0.000000e+00
  341 4.759768e-15 0.000000e+00
  342 4.599794e-15 5.242709e-03
  343 5.804618e-15 0.000000e+00
  344 5.675201e-15 0.000000e+00
  345 1.449525e-14 0.000000e+00
  346 4.923534e-15 0.000000e+00
  347 4.819068e-15 0.000000e+00
  348 5.042246e-15 0.000000e+00
  349 5.083991e-15 0.000000e+00
  350 4.690993e-15 0.000000e+00
  351 4.916831e-15 0.000000e+00
  352 4.657801e-15 0.000000e+00
  353 5.944240e-15 0.000000e+00
  354 5.939486e-15 0.000000e+00
  355 1.475834e-14 0.000000e+00
  356 4.913917e-15 0.000000e+00
  357 5.038878e-15 0.000000e+00
  358 5.342214e-15 0.000000e+00
  359 5.093116e-15 0.000000e+00
  360 4.934350e-15 0.000000e+00
  361 4.947121e-15 0.000000e+00
  362 4.658290e-15 0.000000e+00
  363 6.301780e-15 0.000000e+00
  364 5.840686e-15 0.000000e+00
  365 1.525396e-14 0.000000e+00
  366 5.135781e-15 0.000000e+00
  367 5.142982e-15 0.000000e+00
  368 5.260594e-15 0.000000e+00
  369 5.003447e-15 0.000000e+00
  370 5.159181e-15 0.000000e+00
  371 4.924090e-15 0.000000e+00
  372 4.799655e-15 5.424290e-03
  373 6.625984e-15 0.000000e+00
  374 5.891912e-15 0.000000e+00
  375 1.570444e-14 0.000000e+00
  376 5.089650e-15 0.000000e+00
  377 5.351360e-15 0.000000e+00
  378 5.310810e-15 0.000000e+00
  379 5.246617e-15 0.000000e+00
  380 5.319531e-15 0.000000e+00
  381 5.127485e-15 0.000000e+00
  382 5.029281e-15 0.000000e+00
  383 6.742479e-15 0.000000e+00
  384 6.237872e-15 0.000000e+00
  385 1.575051e-14 0.000000e+00
  386 5.460887e-15 0.000000e+00
  387 5.403518e-15 0.000000e+00
  388 5.263863e-15 0.000000e+00
  389 5.535007e-15 0.000000e+00
  390 5.410447e-15 0.000000e+00
  391 5.552597e-15 0.000000e+00
  392 5.053107e-15 0.000000e+00
  393 7.014730e-15 0.000000e+00
  394 6.227219e-15 0.000000e+00
  395 1.633477e-14 0.000000e+00
  396 5.741114e-15 0.000000e+00
  397 5.276560e-15 0.000000e+00
  398 5.548459e-15 0.000000e+00
  399 5.447716e-15 0.000000e+00
  400 5.584068e-15 0.000000e+00
  401 5.619343e-15 0.000000e+00
  402 5.255256e-15 5.608130e-03
  403 7.085202e-15 0.000000e+00
  404 6.405846e-15 0.000000e+00
  405 1.680654e-14 0.000000e+00
  406 5.667200e-15 0.000000e+00
  407 5.588654e-15 0.000000e+00
  408 5.855725e-15 0.000000e+00
  409 5.674603e-15 0.000000e+00
  410 5.736226e-15 0.000000e+00
  411 5.450413e-15 0.000000e+00
  412 5.517058e-15 0.000000e+00
  413 7.357715e-15 0.000000e+00
  414 6.613372e-15 0.000000e+00
  415 1.688443e-14 0.000000e+00
  416 6.105885e-15 0.000000e+00
  417 5.610424e-15 0.000000e+00
  418 6.228183e-15 0.000000e+00
  419 5.612807e-15 0.000000e+00
  420 5.929409e-15 0.000000e+00
  421 5.612589e-15 0.000000e+00
  422 5.616273e-15 0.000000e+00
  423 7.754466e-15 0.000000e+00
  424 6.746659e-15 0.000000e+00
  425 1.716804e-14 0.000000e+00
  426 6.194477e-15 0.000000e+00
  427 5.906217e-15 0.000000e+00
  428 5.940838e-15 0.000000e+00
  429 5.846137e-15 0.000000e+00
  430 6.062462e-15 0.000000e+00
  431 5.720570e-15 0.000000e+00
  432 5.702403e-15 5.788843e-03
  433 7.792378e-15 0.000000e+00
  434 7.119777e-15 0.000000e+00
  435 1.766351e-14 0.000000e+00
  436 6.428929e-15 0.000000e+00
  437 5.832622e-15 0.000000e+00
  438 6.198314e-15 0.000000e+00
  439 6.077465e-15 0.000000e+00
  440 6.284910e-15 0.000000e+00
  441 5.805952e-15 0.000000e+00
  442 6.177823e-15 0.000000e+00
  443 7.973862e-15 0.000000e+00
  444 7.253480e-15 0.000000e+00
  445 1.810406e-14 0.000000e+00
  446 6.638021e-15 0.000000e+00
  447 5.885985e-15 0.000000e+00
  448 6.541704e-15 0.000000e+00
  449 6.228093e-15 0.000000e+00
  450 6.581056e-15 0.000000e+00
  451 6.077033e-15 0.000000e+00
  452 6.134030e-15 0.000000e+00
  453 8.423542e-15 0.000000e+00
  454 7.537552e-15 0.000000e+00
  455 1.883863e-14 0.000000e+00
  456 6.738683e-15 0.000000e+00
  457 5.755956e-15 0.000000e+00
  458 6.700948e-15 0.000000e+00
  459 6.587177e-15 0.000000e+00
  460 6.516174e-15 0.000000e+00
  461 6.357902e-15 0.000000e+00
  462 6.376026e-15 5.953731e-03
  463 8.342626e-15 0.000000e+00
  464 8.037787e-15 0.000000e+00
  465 1.911506e-14 0.000000e+00
  466 6.908236e-15 0.000000e+00
  467 6.125100e-15 0.000000e+00
  468 6.677968e-15 0.000000e+00
  469 6.739754e-15 0.000000e+00
  470 6.768704e-15 0.000000e+00
  471 6.515643e-15 0.000000e+00
  472 6.829118e-15 0.000000e+00
  473 8.923549e-15 0.000000e+00
  474 7.789600e-15 0.000000e+00
  475 1.960574e-14 0.000000e+00
  476 7.063285e-15 0.000000e+00
  477 6.085653e-15 0.000000e+00
  478 6.789834e-15 0.000000e+00
  479 7.100464e-15 0.000000e+00
  480 6.817737e-15 0.000000e+00
  481 6.704444e-15 0.000000e+00
  482 6.930628e-15 0.000000e+00
  483 8.934841e-15 0.000000e+00
  484 7.949408e-15 0.000000e+00
  485 2.038055e-14 0.000000e+00
  486 7.209876e-15 0.000000e+00
  487 5.971997e-15 0.000000e+00
  488 6.977206e-15 0.000000e+00
  489 7.220504e-15 0.000000e+00
  490 6.841190e-15 0.000000e+00
  491 6.886543e-15 0.000000e+00
  492 7.113858e-15 6.087220e-03
  493 9.064762e-15 0.000000e+00
  494 8.357070e-15 0.000000e+00
  495 2.047873e-14 0.000000e+00
  496 7.462046e-15 0.000000e+00
  497 6.115245e-15 0.000000e+00
  498 7.261625e-15 0.000000e+00
  499 7.211721e-15 0.000000e+00
  500 7.284329e-15 0.000000e+00
  501 7.104359e-15 0.000000e+00
  502 7.410654e-15 0.000000e+00
  503 9.388795e-15 0.000000e+00
  504 8.391663e-15 0.000000e+00
  505 2.093313e-14 0.000000e+00
  506 7.330507e-15 0.000000e+00
  507 6.411861e-15 0.000000e+00
  508 7.395203e-15 0.000000e+00
  509 7.542866e-15 0.000000e+00
  510 7.295631e-15 0.000000e+00
  511 7.308512e-15 0.000000e+00
  512 7.647017e-15 0.000000e+00
  513 9.516703e-15 0.000000e+00
  514 8.820792e-15 0.000000e+00
  515 2.122560e-14 0.000000e+00
  516 7.359205e-15 0.000000e+00
  517 6.650669e-15 0.000000e+00
  518 7.415384e-15 0.000000e+00
  519 7.545820e-15 0.000000e+00
  520 7.641605e-15 0.000000e+00
  521 7.659020e-15 0.000000e+00
  522 7.497129e-15 6.181899e-03
  523 1.003264e-14 0.000000e+00
  524 8.795299e-15 0.000000e+00
  525 2.129305e-14 0.000000e+00
  526 7.345080e-15 0.000000e+00
  527 6.545977e-15 0.000000e+00
  528 7.627029e-15 0.000000e+00
  529 7.879966e-15 0.000000e+00
  530 7.887218e-15 0.000000e+00
  531 7.816303e-15 0.000000e+00
  532 7.594396e-15 0.000000e+00
  533 1.020160e-14 0.000000e+00
  534 8.839708e-15 0.000000e+00
  535 2.126157e-14 0.000000e+00
  536 7.476450e-15 0.000000e+00
  537 6.724040e-15 0.000000e+00
  538 7.895681e-15 0.000000e+00
  539 7.717738e-15 0.000000e+00
  540 8.196214e-15 0.000000e+00
  541 7.751257e-15 0.000000e+00
  542 7.692393e-15 0.000000e+00
  543 1.027666e-14 0.000000e+00
  544 9.183436e-15 0.000000e+00
  545 2.121142e-14 0.000000e+00
  546 7.654334e-15 0.000000e+00
  547 6.704376e-15 0.000000e+00
  548 8.020401e-15 0.000000e+00
  549 8.075126e-15 0.000000e+00
  550 7.975472e-15 0.000000e+00
  551 7.697965e-15 0.000000e+00
  552 7.857036e-15 1.352279e-02
  553 1.033804e-14 0.000000e+00
  554 9.316767e-15 0.000000e+00
  555 2.144915e-14 0.000000e+00
  556 7.806155e-15 0.000000e+00
  557 6.446590e-15 0.000000e+00
  558 8.058997e-15 0.000000e+00
  559 8.475767e-15 0.000000e+00
  560 8.144199e-15 0.000000e+00
  561 7.758767e-15 0.000000e+00
  562 7.974039e-15 0.000000e+00
  563 1.040217e-14 0.000000e+00
  564 9.691914e-15 0.000000e+00
  565 2.140950e-14 0.000000e+00
  566 7.846777e-15 0.000000e+00
  567 6.699996e-15 0.000000e+00
  568 8.212125e-15 0.000000e+00
  569 8.447969e-15 0.000000e+00
  570 8.061293e-15 0.000000e+00
  571 7.917282e-15 0.000000e+00
  572 7.986729e-15 0.000000e+00
  573 1.064800e-14 0.000000e+00
  574 9.638901e-15 0.000000e+00
  575 2.133306e-14 0.000000e+00
  576 7.951903e-15 0.000000e+00
  577 6.591863e-15 0.000000e+00
  578 8.806292e-15 0.000000e+00
  579 8.274425e-15 0.000000e+00
  580 8.114648e-15 0.000000e+00
  581 8.325272e-15 0.000000e+00
  582 7.470028e-15 0.000000e+00
  583 1.103674e-14 0.000000e+00
  584 9.520870e-15 0.000000e+00
  585 2.131949e-14 0.000000e+00
  586 7.553468e-15 0.000000e+00
  587 6.889317e-15 0.000000e+00
  588 8.805400e-15 0.000000e+00
  589 8.514035e-15 0.000000e+00
  590 8.221640e-15 0.000000e+00
  591 8.158658e-15 0.000000e+00
  592 7.736273e-15 0.000000e+00
  593 1.079764e-14 0.000000e+00
  594 9.597225e-15 0.000000e+00
  595 2.105232e-14 0.000000e+00
  596 7.753504e-15 0.000000e+00
  597 6.770512e-15 0.000000e+00
  598 8.737068e-15 0.000000e+00
  599 8.517058e-15 0.000000e+00
  600 8.043651e-15 0.000000e+00
  601 8.210991e-15 0.000000e+00
  602 7.808581e-15 0.000000e+00
  603 1.059121e-14 0.000000e+00
  604 9.563970e-15 0.000000e+00
  605 2.069475e-14 0.000000e+00
  606 7.828568e-15 0.000000e+00
  607 6.522034e-15 0.000000e+00
  608 8.826010e-15 0.000000e+00
  609 8.508200e-15 0.000000e+00
  610 8.290999e-15 0.000000e+00
  611 8.105539e-15 0.000000e+00
  612 7.767845e-15 0.000000e+00
  613 1.068141e-14 0.000000e+00
  614 9.618903e-15 0.000000e+00
  615 2.022494e-14 0.000000e+00
  616 7.855909e-15 0.000000e+00
  617 6.918383e-15 0.000000e+00
  618 8.706706e-15 0.000000e+00
  619 8.376789e-15 0.000000e+00
  620 8.501761e-15 0.000000e+00
  621 8.044968e-15 0.000000e+00
  622 7.954329e-15 0.000000e+00
  623 1.078521e-14 0.000000e+00
  624 9.505659e-15 0.000000e+00
  625 2.009408e-14 0.000000e+00
  626 7.917044e-15 0.000000e+00
  627 6.758377e-15 0.000000e+00
  628 8.796732e-15 0.000000e+00
  629 8.556392e-15 0.000000e+00
  630 8.354533e-15 0.000000e+00
  631 8.233799e-15 0.000000e+00
  632 7.734536e-15 0.000000e+00
  633 1.086688e-14 0.000000e+00
  634 9.497567e-15 0.000000e+00
  635 1.970914e-14 0.000000e+00
  636 7.707986e-15 0.000000e+00
  637 7.018928e-15 0.000000e+00
  638 8.647528e-15 0.000000e+00
  639 8.513939e-15 0.000000e+00
  640 8.419892e-15 0.000000e+00
  641 8.075888e-15 0.000000e+00
  642 8.034382e-15 0.000000e+00
  643 1.075254e-14 0.000000e+00
  644 9.733207e-15 0.000000e+00
  645 1.926740e-14 0.000000e+00
  646 7.532964e-15 0.000000e+00
  647 6.942594e-15 0.000000e+00
  648 8.704961e-15 0.000000e+00
  649 8.317199e-15 0.000000e+00
  650 8.373846e-15 0.000000e+00
  651 8.342594e-15 0.000000e+00
  652 8.025190e-15 2.110373e-02
  653 1.072221e-14 0.000000e+00
  654 9.621076e-15 0.000000e+00
  655 1.909936e-14 0.000000e+00
  656 7.431278e-15 0.000000e+00
  657 6.664805e-15 0.000000e+00
  658 8.734486e-15 0.000000e+00
  659 8.425592e-15 0.000000e+00
  660 8.461472e-15 0.000000e+00
  661 8.343336e-15 0.000000e+00
  662 7.976348e-15 0.000000e+00
  663 1.100506e-14 0.000000e+00
  664 9.239657e-15 0.000000e+00
  665 1.835695e-14 0.000000e+00
  666 7.629593e-15 0.000000e+00
  667 7.107624e-15 0.000000e+00
  668 8.589162e-15 0.000000e+00
  669 8.351591e-15 0.000000e+00
  670 8.299122e-15 0.000000e+00
  671 8.796914e-15 0.000000e+00
  672 7.958229e-15 0.000000e+00
  673 1.109496e-14 0.000000e+00
  674 9.456758e-15 0.000000e+00
  675 1.790700e-14 0.000000e+00
  676 7.656830e-15 0.000000e+00
  677 7.219718e-15 0.000000e+00
  678 8.645950e-15 0.000000e+00
  679 8.367327e-15 0.000000e+00
  680 9.034555e-15 0.000000e+00
  681 8.423048e-15 0.000000e+00
  682 8.066385e-15 0.000000e+00
  683 1.096643e-14 0.000000e+00
  684 9.904561e-15 0.000000e+00
  685 1.759342e-14 0.000000e+00
  686 7.713783e-15 0.000000e+00
  687 7.133186e-15 0.000000e+00
  688 8.995035e-15 0.000000e+00
  689 8.404445e-15 0.000000e+00
  690 9.001634e-15 0.000000e+00
  691 8.206055e-15 0.000000e+00
  692 8.412269e-15 0.000000e+00
  693 1.098830e-14 0.000000e+00
  694 1.007242e-14 0.000000e+00
  695 1.704436e-14 0.000000e+00
  696 7.961326e-15 0.000000e+00
  697 6.939034e-15 0.000000e+00
  698 9.308941e-15 0.000000e+00
  699 8.891332e-15 0.000000e+00
  700 8.369105e-15 0.000000e+00
  701 8.682844e-15 0.000000e+00
  702 8.295733e-15 0.000000e+00
  703 1.106242e-14 0.000000e+00
  704 1.008236e-14 0.000000e+00
  705 1.705199e-14 0.000000e+00
  706 8.023026e-15 0.000000e+00
  707 7.016238e-15 0.000000e+00
  708 9.365376e-15 0.000000e+00
  709 9.211396e-15 0.000000e+00
  710 8.187497e-15 0.000000e+00
  711 8.629806e-15 0.000000e+00
  712 8.436832e-15 0.000000e+00
  713 1.112734e-14 0.000000e+00
  714 1.040285e-14 0.000000e+00
  715 1.721223e-14 0.000000e+00
  716 7.890278e-15 0.000000e+00
  717 7.221855e-15 0.000000e+00
  718 9.334520e-15 0.000000e+00
  719 9.132174e-15 0.000000e+00
  720 8.519380e-15 0.000000e+00
  721 8.815137e-15 0.000000e+00
  722 8.626178e-15 0.000000e+00
  723 1.137082e-14 0.000000e+00
  724 1.041438e-14 0.000000e+00
  725 1.684750e-14 0.000000e+00
  726 8.146095e-15 0.000000e+00
  727 7.087904e-15 0.000000e+00
  728 9.638017e-15 0.000000e+00
  729 9.320581e-15 0.000000e+00
  730 8.942641e-15 0.000000e+00
  731 8.606012e-15 0.000000e+00
  732 8.753869e-15 0.000000e+00
  733 1.157153e-14 0.000000e+00
  734 1.065873e-14 0.000000e+00
  735 1.719526e-14 0.000000e+00
  736 8.166339e-15 0.000000e+00
  737 7.463509e-15 0.000000e+00
  738 9.883061e-15 0.000000e+00
  739 9.275205e-15 0.000000e+00
  740 9.146407e-15 0.000000e+00
  741 8.817126e-15 0.000000e+00
  742 8.859636e-15 0.000000e+00
  743 1.203972e-14 0.000000e+00
  744 1.072028e-14 0.000000e+00
  745 1.749558e-14 0.000000e+00
  746 8.200127e-15 0.000000e+00
  747 7.729084e-15 0.000000e+00
  748 9.857459e-15 0.000000e+00
  749 9.455660e-15 0.000000e+00
  750 9.154214e-15 0.000000e+00
  751 9.226801e-15 0.000000e+00
  752 9.004004e-15 2.177312e-02
  753 1.176713e-14 0.000000e+00
  754 1.081581e-14 0.000000e+00
  755 1.780751e-14 0.000000e+00
  756 8.243838e-15 0.000000e+00
  757 7.816181e-15 0.000000e+00
  758 9.946425e-15 0.000000e+00
  759 9.868854e-15 0.000000e+00
  760 8.945746e-15 0.000000e+00
  761 9.509341e-15 0.000000e+00
  762 9.037918e-15 0.000000e+00
  763 1.186116e-14 0.000000e+00
  764 1.087263e-14 0.000000e+00
  765 1.822297e-14 0.000000e+00
  766 8.437643e-15 0.000000e+00
  767 7.747923e-15 0.000000e+00
  768 1.004823e-14 0.000000e+00
  769 9.919270e-15 0.000000e+00
  770 9.161234e-15 0.000000e+00
  771 9.707677e-15 0.000000e+00
  772 9.210882e-15 0.000000e+00
  773 1.189530e-14 0.000000e+00
  774 1.108724e-14 0.000000e+00
  775 1.826724e-14 0.000000e+00
  776 8.872424e-15 0.000000e+00
  777 7.707032e-15 0.000000e+00
  778 9.992311e-15 0.000000e+00
  779 1.015002e-14 0.000000e+00
  780 9.317008e-15 0.000000e+00
  781 9.665351e-15 0.000000e+00
  782 9.375368e-15 0.000000e+00
  783 1.210159e-14 0.000000e+00
  784 1.143958e-14 0.000000e+00
  785 1.821046e-14 0.000000e+00
  786 8.944172e-15 0.000000e+00
  787 7.825368e-15 0.000000e+00
  788 1.026863e-14 0.000000e+00
  789 1.037234e-14 0.000000e+00
  790 9.213580e-15 0.000000e+00
  791 9.721599e-15 0.000000e+00
  792 9.564158e-15 0.000000e+00
  793 1.258508e-14 0.000000e+00
  794 1.130389e-14 0.000000e+00
  795 1.860353e-14 0.000000e+00
  796 8.996501e-15 0.000000e+00
  797 7.866044e-15 0.000000e+00
  798 1.060743e-14 0.000000e+00
  799 1.001792e-14 0.000000e+00
  800 9.569376e-15 0.000000e+00
  801 9.891367e-15 0.000000e+00
  802 9.525411e-15 0.000000e+00
  803 1.245869e-14 0.000000e+00
  804 1.163161e-14 0.000000e+00
  805 1.843958e-14 0.000000e+00
  806 8.924498e-15 0.000000e+00
  807 8.012459e-15 0.000000e+00
  808 1.069039e-14 0.000000e+00
  809 1.019865e-14 0.000000e+00
  810 9.354769e-15 0.000000e+00
  811 1.007520e-14 0.000000e+00
  812 9.776849e-15 0.000000e+00
  813 1.230935e-14 0.000000e+00
  814 1.157255e-14 0.000000e+00
  815 1.848838e-14 0.000000e+00
  816 9.023797e-15 0.000000e+00
  817 7.969472e-15 0.000000e+00
  818 1.063048e-14 0.000000e+00
  819 1.015289e-14 0.000000e+00
  820 9.793548e-15 0.000000e+00
  821 9.908743e-15 0.000000e+00
  822 9.452003e-15 0.000000e+00
  823 1.298301e-14 0.000000e+00
  824 1.130015e-14 0.000000e+00
  825 1.805265e-14 0.000000e+00
  826 9.543584e-15 0.000000e+00
  827 7.904143e-15 0.000000e+00
  828 1.043015e-14 0.000000e+00
  829 9.959446e-15 0.000000e+00
  830 9.625097e-15 0.000000e+00
  831 1.027100e-14 0.000000e+00
  832 9.516462e-15 0.000000e+00
  833 1.282346e-14 0.000000e+00
  834 1.156051e-14 0.000000e+00
  835 1.738748e-14 0.000000e+00
  836 9.164273e-15 0.000000e+00
  837 8.186503e-15 0.000000e+00
  838 1.041955e-14 0.000000e+00
  839 9.906005e-15 0.000000e+00
  840 9.677624e-15 0.000000e+00
  841 1.031677e-14 0.000000e+00
  842 9.427936e-15 0.000000e+00
  843 1.293081e-14 0.000000e+00
  844 1.143460e-14 0.000000e+00
  845 1.717919e-14 0.000000e+00
  846 9.000237e-15 0.000000e+00
  847 7.933685e-15 0.000000e+00
  848 1.057271e-14 0.000000e+00
  849 9.979136e-15 0.000000e+00
  850 9.904172e-15 0.000000e+00
  851 9.865766e-15 0.000000e+00
  852 9.536204e-15 2.245268e-02
  853 1.278567e-14 0.000000e+00
  854 1.161552e-14 0.000000e+00
  855 1.658071e-14 0.000000e+00
  856 9.023404e-15 0.000000e+00
  857 7.709478e-15 0.000000e+00
  858 1.050082e-14 0.000000e+00
  859 9.820155e-15 0.000000e+00
  860 9.952905e-15 0.000000e+00
  861 9.605899e-15 0.000000e+00
  862 9.572221e-15 0.000000e+00
  863 1.237624e-14 0.000000e+00
  864 1.160324e-14 0.000000e+00
  865 1.608527e-14 0.000000e+00
  866 8.513391e-15 0.000000e+00
  867 7.720291e-15 0.000000e+00
  868 1.046445e-14 0.000000e+00
  869 9.699322e-15 0.000000e+00
  870 9.808196e-15 0.000000e+00
  871 9.547793e-15 0.000000e+00
  872 9.699666e-15 0.000000e+00
  873 1.228974e-14 0.000000e+00
  874 1.134353e-14 0.000000e+00
  875 1.549977e-14 0.000000e+00
  876 8.275385e-15 0.000000e+00
  877 7.615171e-15 0.000000e+00
  878 1.033251e-14 0.000000e+00
  879 9.695521e-15 0.000000e+00
  880 9.706659e-15 0.000000e+00
  881 9.715670e-15 0.000000e+00
  882 9.221620e-15 0.000000e+00
  883 1.222554e-14 0.000000e+00
  884 1.112529e-14 0.000000e+00
  885 1.453460e-14 0.000000e+00
  886 8.157496e-15 0.000000e+00
  887 7.683143e-15 0.000000e+00
  888 9.939118e-15 0.000000e+00
  889 9.750899e-15 0.000000e+00
  890 9.618569e-15 0.000000e+00
  891 9.575639e-15 0.000000e+00
  892 8.785589e-15 0.000000e+00
  893 1.209269e-14 0.000000e+00
  894 1.103846e-14 0.000000e+00
  895 1.381380e-14 0.000000e+00
  896 8.141032e-15 0.000000e+00
  897 7.356897e-15 0.000000e+00
  898 9.755384e-15 0.000000e+00
  899 9.721091e-15 0.000000e+00
  900 9.428990e-15 0.000000e+00
  901 9.604898e-15 0.000000e+00
  902 8.613212e-15 0.000000e+00
  903 1.159331e-14 0.000000e+00
  904 1.067317e-14 0.000000e+00
  905 1.307844e-14 0.000000e+00
  906 7.722511e-15 0.000000e+00
  907 7.237248e-15 0.000000e+00
  908 9.259294e-15 0.000000e+00
  909 9.741515e-15 0.000000e+00
  910 9.410102e-15 0.000000e+00
  911 9.045309e-15 0.000000e+00
  912 8.640024e-15 0.000000e+00
  913 1.130018e-14 0.000000e+00
  914 1.048125e-14 0.000000e+00
  915 1.213193e-14 0.000000e+00
  916 7.672553e-15 0.000000e+00
  917 7.208886e-15 0.000000e+00
  918 9.031442e-15 0.000000e+00
  919 9.457616e-15 0.000000e+00
  920 9.223615e-15 0.000000e+00
  921 8.780879e-15 0.000000e+00
  922 8.846441e-15 0.000000e+00
  923 1.124037e-14 0.000000e+00
  924 1.010810e-14 0.000000e+00
  925 1.122151e-14 0.000000e+00
  926 7.695677e-15 0.000000e+00
  927 6.812511e-15 0.000000e+00
  928 9.390827e-15 0.000000e+00
  929 9.041968e-15 0.000000e+00
  930 9.195554e-15 0.000000e+00
  931 8.896394e-15 0.000000e+00
  932 8.327217e-15 0.000000e+00
  933 1.090326e-14 0.000000e+00
  934 9.930703e-15 0.000000e+00
  935 1.056028e-14 0.000000e+00
  936 7.280046e-15 0.000000e+00
  937 6.734020e-15 0.000000e+00
  938 9.202537e-15 0.000000e+00
  939 8.989898e-15 0.000000e+00
  940 8.661278e-15 0.000000e+00
  941 8.613989e-15 0.000000e+00
  942 8.430487e-15 0.000000e+00
  943 1.066505e-14 0.000000e+00
  944 9.779577e-15 0.000000e+00
  945 9.716675e-15 0.000000e+00
  946 7.366363e-15 0.000000e+00
  947 6.492747e-15 0.000000e+00
  948 9.146484e-15 0.000000e+00
  949 8.643753e-15 0.000000e+00
  950 8.420913e-15 0.000000e+00
  951 8.238328e-15 0.000000e+00
  952 8.521966e-15 2.247332e-02
  953 1.075951e-14 0.000000e+00
  954 9.270326e-15 0.000000e+00
  955 9.319481e-15 0.000000e+00
  956 7.345752e-15 0.000000e+00
  957 6.330542e-15 0.000000e+00
  958 8.736302e-15 0.000000e+00
  959 8.349469e-15 0.000000e+00
  960 8.571243e-15 0.000000e+00
  961 8.048896e-15 0.000000e+00
  962 8.208227e-15 0.000000e+00
  963 1.066555e-14 0.000000e+00
  964 8.821866e-15 0.000000e+00
  965 9.305566e-15 0.000000e+00
  966 7.249729e-15 0.000000e+00
  967 6.226717e-15 0.000000e+00
  968 8.684096e-15 0.000000e+00
  969 8.146710e-15 0.000000e+00
  970 8.551469e-15 0.000000e+00
  971 7.894171e-15 0.000000e+00
  972 8.253230e-15 0.000000e+00
  973 1.017120e-14 0.000000e+00
  974 9.099439e-15 0.000000e+00
  975 8.916746e-15 0.000000e+00
  976 6.991681e-15 0.000000e+00
  977 6.324903e-15 0.000000e+00
  978 8.478754e-15 0.000000e+00
  979 8.277104e-15 0.000000e+00
  980 8.132636e-15 0.000000e+00
  981 8.031604e-15 0.000000e+00
  982 7.577998e-15 0.000000e+00
  983 1.021252e-14 0.000000e+00
  984 9.001646e-15 0.000000e+00
  985 8.385363e-15 0.000000e+00
  986 7.052557e-15 0.000000e+00
  987 6.186881e-15 0.000000e+00
  988 8.282658e-15 0.000000e+00
  989 8.212388e-15 0.000000e+00
  990 7.732875e-15 0.000000e+00
  991 7.773715e-15 0.000000e+00
  992 7.770327e-15 0.000000e+00
  993 9.792363e-15 0.000000e+00
  994 8.779758e-15 0.000000e+00
  995 8.101970e-15 0.000000e+00
  996 6.760673e-15 0.000000e+00
  997 6.167755e-15 0.000000e+00
  998 7.972693e-15 0.000000e+00
  999 8.058717e-15 0.000000e+00
 1000 7.783193e-15 0.000000e+00
 1001 7.700770e-15 0.000000e+00
 1002 7.847087e-15 0.000000e+00
 1003 9.394673e-15 0.000000e+00
 1004 8.608401e-15 0.000000e+00
 1005 7.468973e-15 0.000000e+00
 1006 6.965170e-15 0.000000e+00
 1007 5.990930e-15 0.000000e+00
 1008 8.097742e-15 0.000000e+00
 1009 7.985014e-15 0.000000e+00
 1010 7.921818e-15 0.000000e+00
 1011 7.429132e-15 0.000000e+00
 1012 7.646448e-15 0.000000e+00
 1013 8.864365e-15 0.000000e+00
 1014 8.695529e-15 0.000000e+00
 1015 7.626174e-15 0.000000e+00
 1016 6.844754e-15 0.000000e+00
 1017 6.027562e-15 0.000000e+00
 1018 7.836045e-15 0.000000e+00
 1019 7.672097e-15 0.000000e+00
 1020 7.748041e-15 0.000000e+00
 1021 7.736439e-15 0.000000e+00
 1022 7.175742e-15 0.000000e+00
 1023 8.904261e-15 0.000000e+00
 1024 8.481335e-15 0.000000e+00
 1025 7.494815e-15 0.000000e+00
 1026 6.825254e-15 0.000000e+00
 1027 6.265858e-15 0.000000e+00
 1028 7.620525e-15 0.000000e+00
 1029 7.940671e-15 0.000000e+00
 1030 7.200544e-15 0.000000e+00
 1031 7.516482e-15 0.000000e+00
 1032 7.203106e-15 0.000000e+00
 1033 8.590692e-15 0.000000e+00
 1034 8.670785e-15 0.000000e+00
 1035 7.077839e-15 0.000000e+00
 1036 6.732806e-15 0.000000e+00
 1037 6.437392e-15 0.000000e+00
 1038 7.731265e-15 0.000000e+00
 1039 7.501587e-15 0.000000e+00
 1040 7.047428e-15 0.000000e+00
 1041 7.426802e-15 0.000000e+00
 1042 7.082502e-15 0.000000e+00
 1043 8.549457e-15 0.000000e+00
 1044 8.436772e-15 0.000000e+00
 1045 7.075079e-15 0.000000e+00
 1046 6.533916e-15 0.000000e+00
 1047 6.576751e-15 0.000000e+00
 1048 7.710758e-15 0.000000e+00
 1049 7.401710e-15 0.000000e+00
 1050 7.246058e-15 0.000000e+00
 1051 7.188297e-15 0.000000e+00
 1052 7.219315e-15 2.292612e-02
 1053 8.651602e-15 0.000000e+00
 1054 8.144072e-15 0.000000e+00
 1055 7.623044e-15 0.000000e+00
 1056 6.482994e-15 0.000000e+00
 1057 6.513267e-15 0.000000e+00
 1058 7.753487e-15 0.000000e+00
 1059 7.592026e-15 0.000000e+00
 1060 7.187231e-15 0.000000e+00
 1061 7.210990e-15 0.000000e+00
 1062 6.915840e-15 0.000000e+00
 1063 8.716659e-15 0.000000e+00
 1064 8.161829e-15 0.000000e+00
 1065 8.164516e-15 0.000000e+00
 1066 6.247122e-15 0.000000e+00
 1067 6.316246e-15 0.000000e+00
 1068 7.903189e-15 0.000000e+00
 1069 7.702057e-15 0.000000e+00
 1070 7.159644e-15 0.000000e+00
 1071 6.638503e-15 0.000000e+00
 1072 6.730721e-15 0.000000e+00
 1073 8.773165e-15 0.000000e+00
 1074 7.940082e-15 0.000000e+00
 1075 8.959599e-15 0.000000e+00
 1076 6.173277e-15 0.000000e+00
 1077 6.066114e-15 0.000000e+00
 1078 7.753823e-15 0.000000e+00
 1079 7.403117e-15 0.000000e+00
 1080 7.166300e-15 0.000000e+00
 1081 6.390174e-15 0.000000e+00
 1082 6.747866e-15 0.000000e+00
 1083 8.520121e-15 0.000000e+00
 1084 7.730468e-15 0.000000e+00
 1085 9.775884e-15 0.000000e+00
 1086 6.553952e-15 0.000000e+00
 1087 6.150535e-15 0.000000e+00
 1088 7.349223e-15 0.000000e+00
 1089 7.355614e-15 0.000000e+00
 1090 6.829190e-15 0.000000e+00
 1091 6.800199e-15 0.000000e+00
 1092 7.045664e-15 0.000000e+00
 1093 8.206772e-15 0.000000e+00
 1094 7.545813e-15 0.000000e+00
 1095 1.033629e-14 0.000000e+00
 1096 6.774945e-15 0.000000e+00
 1097 6.496104e-15 0.000000e+00
 1098 7.251052e-15 0.000000e+00
 1099 7.293010e-15 0.000000e+00
 1100 6.649274e-15 0.000000e+00
 1101 6.896550e-15 0.000000e+00
 1102 6.834883e-15 0.000000e+00
 1103 8.158099e-15 0.000000e+00
 1104 7.538019e-15 0.000000e+00
 1105 1.089846e-14 0.000000e+00
 1106 6.656392e-15 0.000000e+00
 1107 6.457075e-15 0.000000e+00
 1108 7.235246e-15 0.000000e+00
 1109 7.167068e-15 0.000000e+00
 1110 6.669105e-15 0.000000e+00
 1111 6.708725e-15 0.000000e+00
 1112 6.603431e-15 0.000000e+00
 1113 8.310680e-15 0.000000e+00
 1114 7.784001e-15 0.000000e+00
 1115 1.175193e-14 0.000000e+00
 1116 6.541128e-15 0.000000e+00
 1117 6.310773e-15 0.000000e+00
 1118 6.996600e-15 0.000000e+00
 1119 6.904492e-15 0.000000e+00
 1120 6.600944e-15 0.000000e+00
 1121 6.483335e-15 0.000000e+00
 1122 6.617261e-15 0.000000e+00
 1123 8.123578e-15 0.000000e+00
 1124 7.615221e-15 0.000000e+00
 1125 1.252166e-14 0.000000e+00
 1126 6.453014e-15 0.000000e+00
 1127 6.189994e-15 0.000000e+00
 1128 6.887130e-15 0.000000e+00
 1129 6.705631e-15 0.000000e+00
 1130 6.628375e-15 0.000000e+00
 1131 6.282363e-15 0.000000e+00
 1132 6.282231e-15 0.000000e+00
 1133 8.140550e-15 0.000000e+00
 1134 7.887808e-15 0.000000e+00
 1135 1.335860e-14 0.000000e+00
 1136 6.727028e-15 0.000000e+00
 1137 5.951114e-15 0.000000e+00
 1138 6.870059e-15 0.000000e+00
 1139 6.713100e-15 0.000000e+00
 1140 6.608523e-15 0.000000e+00
 1141 6.168273e-15 0.000000e+00
 1142 6.564309e-15 0.000000e+00
 1143 8.404144e-15 0.000000e+00
 1144 7.702303e-15 0.000000e+00
 1145 1.445908e-14 0.000000e+00
 1146 6.450688e-15 0.000000e+00
 1147 6.279979e-15 0.000000e+00
 1148 7.033335e-15 0.000000e+00
 1149 6.828711e-15 0.000000e+00
 1150 6.505846e-15 0.000000e+00
 1151 6.208754e-15 0.000000e+00
 1152 6.601028e-15 4.651782e-02
 1153 8.269220e-15 0.000000e+00
 1154 7.281183e-15 0.000000e+00
 1155 1.570439e-14 0.000000e+00
 1156 6.175422e-15 0.000000e+00
 1157 6.475817e-15 0.000000e+00
 1158 7.090225e-15 0.000000e+00
 1159 6.831923e-15 0.000000e+00
 1160 6.474263e-15 0.000000e+00
 1161 6.247145e-15 0.000000e+00
 1162 6.325297e-15 0.000000e+00
 1163 8.565522e-15 0.000000e+00
 1164 6.934687e-15 0.000000e+00
 1165 1.708593e-14 0.000000e+00
 1166 6.100658e-15 0.000000e+00
 1167 6.625710e-15 0.000000e+00
 1168 6.926269e-15 0.000000e+00
 1169 6.809112e-15 0.000000e+00
 1170 6.511957e-15 0.000000e+00
 1171 6.700471e-15 0.000000e+00
 1172 5.921526e-15 0.000000e+00
 1173 8.882843e-15 0.000000e+00
 1174 7.716193e-15 0.000000e+00
 1175 1.820866e-14 0.000000e+00
 1176 6.494587e-15 0.000000e+00
 1177 6.717331e-15 0.000000e+00
 1178 6.976110e-15 0.000000e+00
 1179 6.776044e-15 0.000000e+00
 1180 6.566506e-15 0.000000e+00
 1181 6.677294e-15 0.000000e+00
 1182 6.456311e-15 0.000000e+00
 1183 9.510281e-15 0.000000e+00
 1184 7.987260e-15 0.000000e+00
 1185 1.961341e-14 0.000000e+00
 1186 6.707053e-15 0.000000e+00
 1187 6.469253e-15 0.000000e+00
 1188 7.177545e-15 0.000000e+00
 1189 6.966718e-15 0.000000e+00
 1190 7.065494e-15 0.000000e+00
 1191 6.354410e-15 0.000000e+00
 1192 6.962109e-15 0.000000e+00
 1193 9.850517e-15 0.000000e+00
 1194 8.244291e-15 0.000000e+00
 1195 2.076403e-14 0.000000e+00
 1196 6.977106e-15 0.000000e+00
 1197 6.624941e-15 0.000000e+00
 1198 7.594408e-15 0.000000e+00
 1199 7.065853e-15 0.000000e+00
 1200 7.269483e-15 0.000000e+00
 1201 6.560603e-15 0.000000e+00
 1202 6.824911e-15 0.000000e+00
 1203 9.784109e-15 0.000000e+00
 1204 8.482186e-15 0.000000e+00
 1205 2.158546e-14 0.000000e+00
 1206 6.839625e-15 0.000000e+00
 1207 7.318664e-15 0.000000e+00
 1208 7.189709e-15 0.000000e+00
 1209 7.193350e-15 0.000000e+00
 1210 7.291616e-15 0.000000e+00
 1211 6.382774e-15 0.000000e+00
 1212 6.711686e-15 0.000000e+00
 1213 1.046352e-14 0.000000e+00
 1214 8.418775e-15 0.000000e+00
 1215 2.278951e-14 0.000000e+00
 1216 6.883476e-15 0.000000e+00
 1217 7.276865e-15 0.000000e+00
 1218 7.315313e-15 0.000000e+00
 1219 7.450713e-15 0.000000e+00
 1220 7.203050e-15 0.000000e+00
 1221 6.933620e-15 0.000000e+00
 1222 7.223011e-15 0.000000e+00
 1223 1.138424e-14 0.000000e+00
 1224 8.043391e-15 0.000000e+00
 1225 2.438484e-14 0.000000e+00
 1226 6.983598e-15 0.000000e+00
 1227 7.140998e-15 0.000000e+00
 1228 7.927227e-15 0.000000e+00
 1229 7.398625e-15 0.000000e+00
 1230 7.286749e-15 0.000000e+00
 1231 7.760143e-15 0.000000e+00
 1232 6.927880e-15 0.000000e+00
 1233 1.197469e-14 0.000000e+00
 1234 8.407041e-15 0.000000e+00
 1235 2.526254e-14 0.000000e+00
 1236 7.060500e-15 0.000000e+00
 1237 7.152686e-15 0.000000e+00
 1238 7.895451e-15 0.000000e+00
 1239 7.567875e-15 0.000000e+00
 1240 7.523989e-15 0.000000e+00
 1241 7.638920e-15 0.000000e+00
 1242 6.543365e-15 0.000000e+00
 1243 1.247361e-14 0.000000e+00
 1244 8.782732e-15 0.000000e+00
 1245 2.576414e-14 0.000000e+00
 1246 6.823747e-15 0.000000e+00
 1247 7.320840e-15 0.000000e+00
 1248 7.768054e-15 0.000000e+00
 1249 7.673113e-15 0.000000e+00
 1250 7.849555e-15 0.000000e+00
 1251 6.778964e-15 0.000000e+00
 1252 7.221738e-15 0.000000e+00
 1253 1.272134e-14 0.000000e+00
 1254 8.860361e-15 0.000000e+00
 1255 2.612973e-14 0.000000e+00
 1256 6.689901e-15 0.000000e+00
 1257 7.303009e-15 0.000000e+00
 1258 8.497656e-15 0.000000e+00
 1259 6.979213e-15 0.000000e+00
 1260 7.948512e-15 0.000000e+00
 1261 6.975840e-15 0.000000e+00
 1262 7.135405e-15 0.000000e+00
 1263 1.335498e-14 0.000000e+00
 1264 8.563648e-15 0.000000e+00
 1265 2.679452e-14 0.000000e+00
 1266 6.724541e-15 0.000000e+00
 1267 7.121396e-15 0.000000e+00
 1268 8.559507e-15 0.000000e+00
 1269 7.365520e-15 0.000000e+00
 1270 7.531487e-15 0.000000e+00
 1271 6.968017e-15 0.000000e+00
 1272 6.968255e-15 0.000000e+00
 1273 1.354890e-14 0.000000e+00
 1274 8.381299e-15 0.000000e+00
 1275 2.672233e-14 0.000000e+00
 1276 6.604058e-15 0.000000e+00
 1277 7.245868e-15 0.000000e+00
 1278 8.063784e-15 0.000000e+00
 1279 7.431462e-15 0.000000e+00
 1280 7.245566e-15 0.000000e+00
 1281 6.767667e-15 0.000000e+00
 1282 7.112692e-15 0.000000e+00
 1283 1.359687e-14 0.000000e+00
 1284 8.385050e-15 0.000000e+00
 1285 2.621807e-14 0.000000e+00
 1286 6.430953e-15 0.000000e+00
 1287 7.033917e-15 0.000000e+00
 1288 7.903918e-15 0.000000e+00
 1289 7.289741e-15 0.000000e+00
 1290 6.465174e-15 0.000000e+00
 1291 7.227933e-15 0.000000e+00
 1292 6.312310e-15 0.000000e+00
 1293 1.359885e-14 0.000000e+00
 1294 8.051234e-15 0.000000e+00
 1295 2.619162e-14 0.000000e+00
 1296 5.983739e-15 0.000000e+00
 1297 6.920008e-15 0.000000e+00
 1298 7.049859e-15 0.000000e+00
 1299 7.039001e-15 0.000000e+00
 1300 6.750551e-15 0.000000e+00
 1301 7.042670e-15 0.000000e+00
 1302 6.384984e-15 0.000000e+00
 1303 1.310863e-14 0.000000e+00
 1304 7.793355e-15 0.000000e+00
 1305 2.373297e-14 0.000000e+00
 1306 5.910882e-15 0.000000e+00
 1307 6.454118e-15 0.000000e+00
 1308 7.139036e-15 0.000000e+00
 1309 6.276526e-15 0.000000e+00
 1310 7.235747e-15 0.000000e+00
 1311 6.373358e-15 0.000000e+00
 1312 6.028217e-15 0.000000e+00
 1313 1.284848e-14 0.000000e+00
 1314 7.481338e-15 0.000000e+00
 1315 2.303964e-14 0.000000e+00
 1316 5.314580e-15 0.000000e+00
 1317 6.260201e-15 0.000000e+00
 1318 6.900263e-15 0.000000e+00
 1319 5.885503e-15 0.000000e+00
 1320 7.154169e-15 0.000000e+00
 1321 5.968690e-15 0.000000e+00
 1322 5.248988e-15 0.000000e+00
 1323 1.253647e-14 0.000000e+00
 1324 6.995810e-15 0.000000e+00
 1325 2.212858e-14 0.000000e+00
 1326 5.238873e-15 0.000000e+00
 1327 6.057897e-15 0.000000e+00
 1328 6.312911e-15 0.000000e+00
 1329 5.942835e-15 0.000000e+00
 1330 6.447818e-15 0.000000e+00
 1331 5.957058e-15 0.000000e+00
 1332 4.293767e-15 0.000000e+00
 1333 1.317896e-14 0.000000e+00
 1334 6.586541e-15 0.000000e+00
 1335 2.066782e-14 0.000000e+00
 1336 5.600575e-15 0.000000e+00
 1337 5.527836e-15 0.000000e+00
 1338 6.531950e-15 0.000000e+00
 1339 5.993260e-15 0.000000e+00
 1340 5.943833e-15 0.000000e+00
 1341 5.549278e-15 0.000000e+00
 1342 4.636579e-15 0.000000e+00
 1343 1.248016e-14 0.000000e+00
 1344 7.064409e-15 0.000000e+00
 1345 2.014681e-14 0.000000e+00
 1346 5.654694e-15 0.000000e+00
 1347 5.245448e-15 0.000000e+00
 1348 6.178025e-15 0.000000e+00
 1349 5.879299e-15 0.000000e+00
 1350 5.610786e-15 0.000000e+00
 1351 5.814099e-15 0.000000e+00
 1352 4.855312e-15 0.000000e+00
 1353 1.176978e-14 0.000000e+00
 1354 6.900140e-15 0.000000e+00
 1355 1.990822e-14 0.000000e+00
 1356 5.284673e-15 0.000000e+00
 1357 5.684334e-15 0.000000e+00
 1358 5.670959e-15 0.000000e+00
 1359 5.832638e-15 0.000000e+00
 1360 5.542315e-15 0.000000e+00
 1361 5.443340e-15 0.000000e+00
 1362 4.856668e-15 0.000000e+00
 1363 1.177670e-14 0.000000e+00
 1364 6.491520e-15 0.000000e+00
 1365 2.021787e-14 0.000000e+00
 1366 4.769207e-15 0.000000e+00
 1367 5.777990e-15 0.000000e+00
 1368 5.681078e-15 0.000000e+00
 1369 5.733340e-15 0.000000e+00
 1370 5.940461e-15 0.000000e+00
 1371 4.964788e-15 0.000000e+00
 1372 5.237416e-15 0.000000e+00
 1373 1.206116e-14 0.000000e+00
 1374 6.655707e-15 0.000000e+00
 1375 2.049317e-14 0.000000e+00
 1376 4.858524e-15 0.000000e+00
 1377 5.851558e-15 0.000000e+00
 1378 6.045633e-15 0.000000e+00
 1379 5.349781e-15 0.000000e+00
 1380 6.007023e-15 0.000000e+00
 1381 5.290647e-15 0.000000e+00
 1382 5.215455e-15 0.000000e+00
 1383 1.210226e-14 0.000000e+00
 1384 6.469934e-15 0.000000e+00
 1385 2.172425e-14 0.000000e+00
 1386 5.227196e-15 0.000000e+00
 1387 5.647726e-15 0.000000e+00
 1388 6.006126e-15 0.000000e+00
 1389 5.863753e-15 0.000000e+00
 1390 5.488134e-15 0.000000e+00
 1391 5.537789e-15 0.000000e+00
 1392 5.160406e-15 0.000000e+00
 1393 1.188303e-14 0.000000e+00
 1394 7.140625e-15 0.000000e+00
 1395 2.206810e-14 0.000000e+00
 1396 5.441414e-15 0.000000e+00
 1397 5.728236e-15 0.000000e+00
 1398 6.082646e-15 0.000000e+00
 1399 6.119984e-15 0.000000e+00
 1400 5.175373e-15 0.000000e+00
 1401 5.552528e-15 0.000000e+00
 1402 4.745312e-15 0.000000e+00
 1403 1.246034e-14 0.000000e+00
 1404 7.623436e-15 0.000000e+00
 1405 2.141621e-14 0.000000e+00
 1406 5.291423e-15 0.000000e+00
 1407 6.106219e-15 0.000000e+00
 1408 6.284240e-15 0.000000e+00
 1409 6.038908e-15 0.000000e+00
 1410 5.572154e-15 0.000000e+00
 1411 5.778872e-15 0.000000e+00
 1412 4.953947e-15 0.000000e+00
 1413 1.245266e-14 0.000000e+00
 1414 7.822045e-15 0.000000e+00
 1415 2.293513e-14 0.000000e+00
 1416 5.380360e-15 0.000000e+00
 1417 6.479903e-15 0.000000e+00
 1418 6.460022e-15 0.000000e+00
 1419 6.065016e-15 0.000000e+00
 1420 6.280920e-15 0.000000e+00
 1421 5.838612e-15 0.000000e+00
 1422 4.458670e-15 0.000000e+00
 1423 1.316185e-14 0.000000e+00
 1424 8.085421e-15 0.000000e+00
 1425 2.407897e-14 0.000000e+00
 1426 5.799122e-15 0.000000e+00
 1427 6.250650e-15 0.000000e+00
 1428 7.150659e-15 0.000000e+00
 1429 5.980728e-15 0.000000e+00
 1430 6.629203e-15 0.000000e+00
 1431 5.792729e-15 0.000000e+00
 1432 5.097382e-15 0.000000e+00
 1433 1.299835e-14 0.000000e+00
 1434 8.657921e-15 0.000000e+00
 1435 2.572333e-14 0.000000e+00
 1436 5.837299e-15 0.000000e+00
 1437 6.315489e-15 0.000000e+00
 1438 7.082168e-15 0.000000e+00
 1439 6.767138e-15 0.000000e+00
 1440 6.592607e-15 0.000000e+00
 1441 6.176586e-15 0.000000e+00
 1442 5.668597e-15 0.000000e+00
 1443 1.307188e-14 0.000000e+00
 1444 9.268521e-15 0.000000e+00
 1445 2.751384e-14 0.000000e+00
 1446 6.606073e-15 0.000000e+00
 1447 6.266475e-15 0.000000e+00
 1448 7.156015e-15 0.000000e+00
 1449 7.031172e-15 0.000000e+00
 1450 6.384322e-15 0.000000e+00
 1451 6.927508e-15 0.000000e+00
 1452 6.017408e-15 5.246809e-02
 1453 1.463351e-14 0.000000e+00
 1454 8.952463e-15 0.000000e+00
 1455 2.899011e-14 0.000000e+00
 1456 7.550447e-15 0.000000e+00
 1457 6.174452e-15 0.000000e+00
 1458 7.966626e-15 0.000000e+00
 1459 7.245143e-15 0.000000e+00
 1460 6.912823e-15 0.000000e+00
 1461 7.315396e-15 0.000000e+00
 1462 5.729567e-15 0.000000e+00
 1463 1.596359e-14 0.000000e+00
 1464 9.783742e-15 0.000000e+00
 1465 3.098946e-14 0.000000e+00
 1466 6.866108e-15 0.000000e+00
 1467 6.910581e-15 0.000000e+00
 1468 8.568579e-15 0.000000e+00
 1469 7.365937e-15 0.000000e+00
 1470 7.140415e-15 0.000000e+00
 1471 7.535326e-15 0.000000e+00
 1472 6.037829e-15 0.000000e+00
 1473 1.684189e-14 0.000000e+00
 1474 9.668146e-15 0.000000e+00
 1475 3.324282e-14 0.000000e+00
 1476 7.240683e-15 0.000000e+00
 1477 6.909898e-15 0.000000e+00
 1478 9.109511e-15 0.000000e+00
 1479 7.280560e-15 0.000000e+00
 1480 7.697366e-15 0.000000e+00
 1481 7.409664e-15 0.000000e+00
 1482 6.680193e-15 0.000000e+00
 1483 1.760301e-14 0.000000e+00
 1484 1.074527e-14 0.000000e+00
 1485 3.467229e-14 0.000000e+00
 1486 7.906622e-15 0.000000e+00
 1487 7.529805e-15 0.000000e+00
 1488 9.387590e-15 0.000000e+00
 1489 7.745391e-15 0.000000e+00
 1490 8.423499e-15 0.000000e+00
 1491 7.566148e-15 0.000000e+00
 1492 7.517326e-15 0.000000e+00
 1493 1.850268e-14 0.000000e+00
 1494 1.206909e-14 0.000000e+00
 1495 3.590499e-14 0.000000e+00
 1496 8.035650e-15 0.000000e+00
 1497 7.674247e-15 0.000000e+00
 1498 9.818440e-15 0.000000e+00
 1499 8.163221e-15 0.000000e+00
 1500 8.098432e-15 0.000000e+00
 1501 8.127211e-15 0.000000e+00
 1502 7.766625e-15 0.000000e+00
 1503 1.885769e-14 0.000000e+00
 1504 1.186200e-14 0.000000e+00
 1505 3.690516e-14 0.000000e+00
 1506 8.135505e-15 0.000000e+00
 1507 7.094383e-15 0.000000e+00
 1508 9.439990e-15 0.000000e+00
 1509 8.882730e-15 0.000000e+00
 1510 7.451934e-15 0.000000e+00
 1511 9.079951e-15 0.000000e+00
 1512 7.028404e-15 0.000000e+00
 1513 2.099397e-14 0.000000e+00
 1514 1.173674e-14 0.000000e+00
 1515 3.778358e-14 0.000000e+00
 1516 7.909093e-15 0.000000e+00
 1517 7.220532e-15 0.000000e+00
 1518 9.689612e-15 0.000000e+00
 1519 8.909363e-15 0.000000e+00
 1520 8.119448e-15 0.000000e+00
 1521 8.993701e-15 0.000000e+00
 1522 6.749977e-15 0.000000e+00
 1523 2.289702e-14 0.000000e+00
 1524 1.212831e-14 0.000000e+00
 1525 3.895580e-14 0.000000e+00
 1526 7.230446e-15 0.000000e+00
 1527 6.938193e-15 0.000000e+00
 1528 1.036658e-14 0.000000e+00
 1529 8.685413e-15 0.000000e+00
 1530 8.692853e-15 0.000000e+00
 1531 8.277324e-15 0.000000e+00
 1532 7.653091e-15 0.000000e+00
 1533 2.291243e-14 0.000000e+00
 1534 1.195496e-14 0.000000e+00
 1535 3.941480e-14 0.000000e+00
 1536 6.909707e-15 0.000000e+00
 1537 7.458104e-15 0.000000e+00
 1538 9.760343e-15 0.000000e+00
 1539 8.412080e-15 0.000000e+00
 1540 8.743628e-15 0.000000e+00
 1541 8.415673e-15 0.000000e+00
 1542 6.805478e-15 0.000000e+00
 1543 2.389283e-14 0.000000e+00
 1544 1.191866e-14 0.000000e+00
 1545 3.973302e-14 0.000000e+00
 1546 6.263591e-15 0.000000e+00
 1547 7.281653e-15 0.000000e+00
 1548 9.440190e-15 0.000000e+00
 1549 8.634644e-15 0.000000e+00
 1550 8.649516e-15 0.000000e+00
 1551 7.719635e-15 0.000000e+00
 1552 7.523309e-15 0.000000e+00
 1553 2.496781e-14 0.000000e+00
 1554 1.170472e-14 0.000000e+00
 1555 3.939988e-14 0.000000e+00
 1556 6.034012e-15 0.000000e+00
 1557 6.443901e-15 0.000000e+00
 1558 1.010319e-14 0.000000e+00
 1559 8.346084e-15 0.000000e+00
 1560 7.990273e-15 0.000000e+00
 1561 7.876599e-15 0.000000e+00
 1562 7.027605e-15 0.000000e+00
 1563 2.599173e-14 0.000000e+00
 1564 1.063498e-14 0.000000e+00
 1565 3.836775e-14 0.000000e+00
 1566 5.816016e-15 0.000000e+00
 1567 5.741463e-15 0.000000e+00
 1568 9.412207e-15 0.000000e+00
 1569 8.767371e-15 0.000000e+00
 1570 7.259205e-15 0.000000e+00
 1571 7.646609e-15 0.000000e+00
 1572 6.371670e-15 0.000000e+00
 1573 2.684951e-14 0.000000e+00
 1574 1.018988e-14 0.000000e+00
 1575 3.692728e-14 0.000000e+00
 1576 4.971577e-15 0.000000e+00
 1577 5.515600e-15 0.000000e+00
 1578 8.826854e-15 0.000000e+00
 1579 8.685751e-15 0.000000e+00
 1580 6.927822e-15 0.000000e+00
 1581 7.179346e-15 0.000000e+00
 1582 5.615299e-15 0.000000e+00
 1583 2.705526e-14 0.000000e+00
 1584 9.876207e-15 0.000000e+00
 1585 3.501286e-14 0.000000e+00
 1586 5.117245e-15 0.000000e+00
 1587 4.914919e-15 0.000000e+00
 1588 8.712668e-15 0.000000e+00
 1589 8.569313e-15 0.000000e+00
 1590 6.591311e-15 0.000000e+00
 1591 6.704643e-15 0.000000e+00
 1592 6.301053e-15 0.000000e+00
 1593 2.646007e-14 0.000000e+00
 1594 9.153632e-15 0.000000e+00
 1595 3.281883e-14 0.000000e+00
 1596 5.055474e-15 0.000000e+00
 1597 4.959974e-15 0.000000e+00
 1598 7.615979e-15 0.000000e+00
 1599 8.282495e-15 0.000000e+00
 1600 6.784198e-15 0.000000e+00
 1601 6.589421e-15 0.000000e+00
 1602 5.316644e-15 0.000000e+00
 1603 2.616740e-14 0.000000e+00
 1604 8.775776e-15 0.000000e+00
 1605 3.247109e-14 0.000000e+00
 1606 3.517862e-15 0.000000e+00
 1607 4.689990e-15 0.000000e+00
 1608 7.504383e-15 0.000000e+00
 1609 7.809058e-15 0.000000e+00
 1610 6.567647e-15 0.000000e+00
 1611 7.408245e-15 0.000000e+00
 1612 4.520400e-15 0.000000e+00
 1613 2.572248e-14 0.000000e+00
 1614 8.649590e-15 0.000000e+00
 1615 3.201663e-14 0.000000e+00
 1616 3.507885e-15 0.000000e+00
 1617 4.126115e-15 0.000000e+00
 1618 8.248137e-15 0.000000e+00
 1619 7.014193e-15 0.000000e+00
 1620 6.984757e-15 0.000000e+00
 1621 6.675137e-15 0.000000e+00
 1622 4.881357e-15 0.000000e+00
 1623 2.496669e-14 0.000000e+00
 1624 8.665600e-15 0.000000e+00
 1625 3.113467e-14 0.000000e+00
 1626 3.557052e-15 0.000000e+00
 1627 3.369119e-15 0.000000e+00
 1628 8.536646e-15 0.000000e+00
 1629 6.743653e-15 0.000000e+00
 1630 6.370063e-15 0.000000e+00
 1631 7.163645e-15 0.000000e+00
 1632 5.468006e-15 0.000000e+00
 1633 2.461997e-14 0.000000e+00
 1634 9.410598e-15 0.000000e+00
 1635 3.210725e-14 0.000000e+00
 1636 3.122651e-15 0.000000e+00
 1637 4.031689e-15 0.000000e+00
 1638 8.515316e-15 0.000000e+00
 1639 7.125988e-15 0.000000e+00
 1640 6.336466e-15 0.000000e+00
 1641 8.053434e-15 0.000000e+00
 1642 5.412934e-15 0.000000e+00
 1643 2.644395e-14 0.000000e+00
 1644 8.988508e-15 0.000000e+00
 1645 3.354551e-14 0.000000e+00
 1646 3.469806e-15 0.000000e+00
 1647 4.039766e-15 0.000000e+00
 1648 8.369362e-15 0.000000e+00
 1649 8.560969e-15 0.000000e+00
 1650 6.736606e-15 0.000000e+00
 1651 7.707062e-15 0.000000e+00
 1652 5.271248e-15 0.000000e+00
 1653 2.604346e-14 0.000000e+00
 1654 9.053322e-15 0.000000e+00
 1655 3.560101e-14 0.000000e+00
 1656 5.058451e-15 0.000000e+00
 1657 3.093180e-15 0.000000e+00
 1658 8.708737e-15 0.000000e+00
 1659 9.489614e-15 0.000000e+00
 1660 7.382990e-15 0.000000e+00
 1661 8.890866e-15 0.000000e+00
 1662 5.322987e-15 0.000000e+00
 1663 2.650175e-14 0.000000e+00
 1664 1.023584e-14 0.000000e+00
 1665 4.054639e-14 0.000000e+00
 1666 5.075051e-15 0.000000e+00
 1667 3.413808e-15 0.000000e+00
 1668 9.004693e-15 0.000000e+00
 1669 9.675855e-15 0.000000e+00
 1670 8.633935e-15 0.000000e+00
 1671 9.178003e-15 0.000000e+00
 1672 7.241849e-15 0.000000e+00
 1673 2.708669e-14 0.000000e+00
 1674 1.074065e-14 0.000000e+00
 1675 4.529134e-14 0.000000e+00
 1676 5.979100e-15 0.000000e+00
 1677 4.509981e-15 0.000000e+00
 1678 1.039233e-14 0.000000e+00
 1679 9.591697e-15 0.000000e+00
 1680 9.880831e-15 0.000000e+00
 1681 9.352270e-15 0.000000e+00
 1682 8.247647e-15 0.000000e+00
 1683 2.743139e-14 0.000000e+00
 1684 1.173051e-14 0.000000e+00
 1685 4.877102e-14 0.000000e+00
 1686 6.295272e-15 0.000000e+00
 1687 5.094016e-15 0.000000e+00
 1688 1.093261e-14 0.000000e+00
 1689 1.075074e-14 0.000000e+00
 1690 1.089564e-14 0.000000e+00
 1691 9.739576e-15 0.000000e+00
 1692 8.929300e-15 0.000000e+00
 1693 2.742903e-14 0.000000e+00
 1694 1.431983e-14 0.000000e+00
 1695 5.261319e-14 0.000000e+00
 1696 7.339973e-15 0.000000e+00
 1697 5.439924e-15 0.000000e+00
 1698 1.284736e-14 0.000000e+00
 1699 1.059774e-14 0.000000e+00
 1700 1.178476e-14 0.000000e+00
 1701 1.092141e-14 0.000000e+00
 1702 9.590612e-15 0.000000e+00
 1703 2.931009e-14 0.000000e+00
 1704 1.618905e-14 0.000000e+00
 1705 5.847549e-14 0.000000e+00
 1706 9.160164e-15 0.000000e+00
 1707 4.514189e-15 0.000000e+00
 1708 1.478813e-14 0.000000e+00
 1709 1.170863e-14 0.000000e+00
 1710 1.265081e-14 0.000000e+00
 1711 1.174922e-14 0.000000e+00
 1712 1.002968e-14 0.000000e+00
 1713 3.058838e-14 0.000000e+00
 1714 1.693814e-14 0.000000e+00
 1715 6.057148e-14 0.000000e+00
 1716 8.434404e-15 0.000000e+00
 1717 5.284740e-15 0.000000e+00
 1718 1.473821e-14 0.000000e+00
 1719 1.274186e-14 0.000000e+00
 1720 1.323012e-14 0.000000e+00
 1721 1.207046e-14 0.000000e+00
 1722 1.117807e-14 0.000000e+00
 1723 3.133950e-14 0.000000e+00
 1724 1.860284e-14 0.000000e+00
 1725 6.518490e-14 0.000000e+00
 1726 8.657011e-15 0.000000e+00
 1727 5.518099e-15 0.000000e+00
 1728 1.508781e-14 0.000000e+00
 1729 1.474905e-14 0.000000e+00
 1730 1.300259e-14 0.000000e+00
 1731 1.331466e-14 0.000000e+00
 1732 1.251099e-14 0.000000e+00
 1733 3.358159e-14 0.000000e+00
 1734 2.029257e-14 0.000000e+00
 1735 6.916776e-14 0.000000e+00
 1736 9.531791e-15 0.000000e+00
 1737 4.780727e-15 0.000000e+00
 1738 1.611733e-14 0.000000e+00
 1739 1.499972e-14 0.000000e+00
 1740 1.337061e-14 0.000000e+00
 1741 1.315884e-14 0.000000e+00
 1742 1.211489e-14 0.000000e+00
 1743 3.452230e-14 0.000000e+00
 1744 2.079591e-14 0.000000e+00
 1745 6.901716e-14 0.000000e+00
 1746 8.565654e-15 0.000000e+00
 1747 5.563506e-15 0.000000e+00
 1748 1.630301e-14 0.000000e+00
 1749 1.377192e-14 0.000000e+00
 1750 1.429955e-14 0.000000e+00
 1751 1.279495e-14 0.000000e+00
 1752 1.325904e-14 3.062887e-02
 1753 3.602587e-14 0.000000e+00
 1754 2.126657e-14 0.000000e+00
 1755 7.159667e-14 0.000000e+00
 1756 8.129615e-15 0.000000e+00
 1757 5.236476e-15 0.000000e+00
 1758 1.641172e-14 0.000000e+00
 1759 1.362988e-14 0.000000e+00
 1760 1.447174e-14 0.000000e+00
 1761 1.321836e-14 0.000000e+00
 1762 1.257234e-14 0.000000e+00
 1763 3.940000e-14 0.000000e+00
 1764 2.163109e-14 0.000000e+00
 1765 7.289513e-14 0.000000e+00
 1766 9.066082e-15 0.000000e+00
 1767 3.045597e-15 0.000000e+00
 1768 1.668995e-14 0.000000e+00
 1769 1.362978e-14 0.000000e+00
 1770 1.439090e-14 0.000000e+00
 1771 1.185315e-14 0.000000e+00
 1772 1.119894e-14 0.000000e+00
 1773 4.043892e-14 0.000000e+00
 1774 2.195699e-14 0.000000e+00
 1775 6.793291e-14 0.000000e+00
 1776 7.181547e-15 0.000000e+00
 1777 2.715873e-15 0.000000e+00
 1778 1.499357e-14 0.000000e+00
 1779 1.332453e-14 0.000000e+00
 1780 1.363863e-14 0.000000e+00
 1781 1.030948e-14 0.000000e+00
 1782 1.149091e-14 0.000000e+00
 1783 4.077702e-14 0.000000e+00
 1784 2.267185e-14 0.000000e+00
 1785 6.568731e-14 0.000000e+00
 1786 5.992934e-15 0.000000e+00
 1787 -9.941575e-16 0.000000e+00
 1788 1.558241e-14 0.000000e+00
 1789 1.299663e-14 0.000000e+00
 1790 1.328820e-14 0.000000e+00
 1791 9.718951e-15 0.000000e+00
 1792 1.008560e-14 0.000000e+00
 1793 4.223406e-14 0.000000e+00
 1794 2.291854e-14 0.000000e+00
 1795 6.310130e-14 0.000000e+00
 1796 3.620917e-15 0.000000e+00
 1797 -2.713959e-15 0.000000e+00
 1798 1.513593e-14 0.000000e+00
 1799 1.164351e-14 0.000000e+00
 1800 1.182818e-14 0.000000e+00
 1801 8.826463e-15 0.000000e+00
 1802 6.981381e-15 0.000000e+00
 1803 4.143144e-14 0.000000e+00
 1804 2.147538e-14 0.000000e+00
 1805 5.256184e-14 0.000000e+00
 1806 1.696494e-15 0.000000e+00
 1807 -5.296308e-15 0.000000e+00
 1808 1.323281e-14 0.000000e+00
 1809 9.020567e-15 0.000000e+00
 1810 1.016513e-14 0.000000e+00
 1811 8.061415e-15 0.000000e+00
 1812 4.321560e-15 0.000000e+00
 1813 4.100451e-14 0.000000e+00
 1814 1.867522e-14 0.000000e+00
 1815 4.695386e-14 0.000000e+00
 1816 -6.673825e-16 0.000000e+00
 1817 -8.843546e-15 0.000000e+00
 1818 1.166980e-14 0.000000e+00
 1819 6.897969e-15 0.000000e+00
 1820 7.835192e-15 0.000000e+00
 1821 7.274809e-15 0.000000e+00
 1822 2.026988e-15 0.000000e+00
 1823 4.079619e-14 0.000000e+00
 1824 1.730754e-14 0.000000e+00
 1825 3.928798e-14 0.000000e+00
 1826 -4.854496e-15 0.000000e+00
 1827 -1.119472e-14 0.000000e+00
 1828 8.590512e-15 0.000000e+00
 1829 5.176110e-15 0.000000e+00
 1830 5.639682e-15 0.000000e+00
 1831 3.251862e-15 0.000000e+00
 1832 -1.438145e-15 0.000000e+00
 1833 3.844253e-14 0.000000e+00
 1834 1.311952e-14 0.000000e+00
 1835 2.305584e-14 0.000000e+00
 1836 -1.022193e-14 0.000000e+00
 1837 -1.394118e-14 0.000000e+00
 1838 4.309908e-15 0.000000e+00
 1839 3.334165e-15 0.000000e+00
 1840 2.856218e-15 0.000000e+00
 1841 1.265732e-16 0.000000e+00
 1842 -4.554422e-15 0.000000e+00
 1843 3.513589e-14 0.000000e+00
 1844 1.112230e-14 0.000000e+00
 1845 9.983636e-15 0.000000e+00
 1846 -1.371306e-14 0.000000e+00
 1847 -1.860535e-14 0.000000e+00
 1848 2.164264e-15 0.000000e+00
 1849 1.065229e-15 0.000000e+00
 1850 -7.187524e-16 0.000000e+00
 1851 -3.043302e-15 0.000000e+00
 1852 -7.299296e-15 0.000000e+00
 1853 3.451941e-14 0.000000e+00
 1854 7.052022e-15 0.000000e+00
 1855 -4.263320e-15 0.000000e+00
 1856 -1.705679e-14 0.000000e+00
 1857 -2.422912e-14 0.000000e+00
 1858 -1.095251e-15 0.000000e+00
 1859 -2.554715e-15 0.000000e+00
 1860 -4.546524e-15 0.000000e+00
 1861 -7.365336e-15 0.000000e+00
 1862 -1.014081e-14 0.000000e+00
 1863 2.890232e-14 0.000000e+00
 1864 2.016594e-15 0.000000e+00
 1865 -2.625942e-14 0.000000e+00
 1866 -2.432539e-14 0.000000e+00
 1867 -2.918772e-14 0.000000e+00
 1868 -4.993640e-15 0.000000e+00
 1869 -6.463019e-15 0.000000e+00
 1870 -8.363563e-15 0.000000e+00
 1871 -1.093206e-14 0.000000e+00
 1872 -1.588013e-14 0.000000e+00
 1873 2.610893e-14 0.000000e+00
 1874 -2.106453e-15 0.000000e+00
 1875 -4.315614e-14 0.000000e+00
 1876 -2.874107e-14 0.000000e+00
 1877 -3.388245e-14 0.000000e+00
 1878 -8.416326e-15 0.000000e+00
 1879 -1.142621e-14 0.000000e+00
 1880 -1.061524e-14 0.000000e+00
 1881 -1.473336e-14 0.000000e+00
 1882 -1.902460e-14 0.000000e+00
 1883 2.271539e-14 0.000000e+00
 1884 -7.716372e-15 0.000000e+00
 1885 -5.727273e-14 0.000000e+00
 1886 -3.287774e-14 0.000000e+00
 1887 -3.752369e-14 0.000000e+00
 1888 -1.251172e-14 0.000000e+00
 1889 -1.565638e-14 0.000000e+00
 1890 -1.450184e-14 0.000000e+00
 1891 -1.932508e-14 0.000000e+00
 1892 -2.352427e-14 0.000000e+00
 1893 1.443601e-14 0.000000e+00
 1894 -1.383730e-14 0.000000e+00
 1895 -8.319253e-14 0.000000e+00
 1896 -3.990902e-14 0.000000e+00
 1897 -4.179043e-14 0.000000e+00
 1898 -1.704642e-14 0.000000e+00
 1899 -2.024792e-14 0.000000e+00
 1900 -1.834274e-14 0.000000e+00
 1901 -2.376641e-14 0.000000e+00
 1902 -2.801464e-14 0.000000e+00
 1903 9.903650e-15 0.000000e+00
 1904 -1.783445e-14 0.000000e+00
 1905 -1.009904e-13 0.000000e+00
 1906 -4.203633e-14 0.000000e+00
 1907 -4.608036e-14 0.000000e+00
 1908 -2.104492e-14 0.000000e+00
 1909 -2.287660e-14 0.000000e+00
 1910 -2.113243e-14 0.000000e+00
 1911 -2.618908e-14 0.000000e+00
 1912 -3.098355e-14 0.000000e+00
 1913 6.001628e-15 0.000000e+00
 1914 -2.141239e-14 0.000000e+00
 1915 -1.153356e-13 0.000000e+00
 1916 -4.444368e-14 0.000000e+00
 1917 -5.023389e-14 0.000000e+00
 1918 -2.600776e-14 0.000000e+00
 1919 -2.527095e-14 0.000000e+00
 1920 -2.606768e-14 0.000000e+00
 1921 -2.958135e-14 0.000000e+00
 1922 -3.554973e-14 0.000000e+00
 1923 -3.869272e-15 0.000000e+00
 1924 -2.702251e-14 0.000000e+00
 1925 -1.417606e-13 0.000000e+00
 1926 -4.841198e-14 0.000000e+00
 1927 -5.567062e-14 0.000000e+00
 1928 -3.033352e-14 0.000000e+00
 1929 -2.811252e-14 0.000000e+00
 1930 -3.008471e-14 0.000000e+00
 1931 -3.225984e-14 0.000000e+00
 1932 -3.943592e-14 0.000000e+00
 1933 -7.014979e-15 0.000000e+00
 1934 -3.085302e-14 0.000000e+00
 1935 -1.535865e-13 0.000000e+00
 1936 -5.071843e-14 0.000000e+00
 1937 -5.835761e-14 0.000000e+00
 1938 -3.150854e-14 0.000000e+00
 1939 -3.087603e-14 0.000000e+00
 1940 -3.237489e-14 0.000000e+00
 1941 -3.475870e-14 0.000000e+00
 1942 -4.062120e-14 0.000000e+00
 1943 -1.013270e-14 0.000000e+00
 1944 -3.459417e-14 0.000000e+00
 1945 -1.589250e-13 0.000000e+00
 1946 -5.312889e-14 0.000000e+00
 1947 -6.041283e-14 0.000000e+00
 1948 -3.400386e-14 0.000000e+00
 1949 -3.400199e-14 0.000000e+00
 1950 -3.518763e-14 0.000000e+00
 1951 -3.721409e-14 0.000000e+00
 1952 -4.353659e-14 0.000000e+00
 1953 -1.691751e-14 0.000000e+00
 1954 -3.886879e-14 0.000000e+00
 1955 -1.749864e-13 0.000000e+00
 1956 -5.551098e-14 0.000000e+00
 1957 -6.331660e-14 0.000000e+00
 1958 -3.692240e-14 0.000000e+00
 1959 -3.654761e-14 0.000000e+00
 1960 -3.745465e-14 0.000000e+00
 1961 -4.013786e-14 0.000000e+00
 1962 -4.572458e-14 0.000000e+00
 1963 -2.105032e-14 0.000000e+00
 1964 -4.234655e-14 0.000000e+00
 1965 -1.868839e-13 0.000000e+00
 1966 -5.652776e-14 0.000000e+00
 1967 -6.640691e-14 0.000000e+00
 1968 -3.884256e-14 0.000000e+00
 1969 -3.861432e-14 0.000000e+00
 1970 -4.055236e-14 0.000000e+00
 1971 -4.255215e-14 0.000000e+00
 1972 -4.735717e-14 0.000000e+00
 1973 -2.501520e-14 0.000000e+00
 1974 -4.458131e-14 0.000000e+00
 1975 -1.962197e-13 0.000000e+00
 1976 -5.813171e-14 0.000000e+00
 1977 -6.795303e-14 0.000000e+00
 1978 -4.139361e-14 0.000000e+00
 1979 -4.098906e-14 0.000000e+00
 1980 -4.210331e-14 0.000000e+00
 1981 -4.484452e-14 0.000000e+00
 1982 -4.847294e-14 0.000000e+00
 1983 -2.923950e-14 0.000000e+00
 1984 -4.720785e-14 0.000000e+00
 1985 -2.044034e-13 0.000000e+00
 1986 -5.984602e-14 0.000000e+00
 1987 -7.013617e-14 0.000000e+00
 1988 -4.253671e-14 0.000000e+00
 1989 -4.357904e-14 0.000000e+00
 1990 -4.342817e-14 0.000000e+00
 1991 -4.658037e-14 0.000000e+00
 1992 -4.972250e-14 0.000000e+00
 1993 -3.419675e-14 0.000000e+00
 1994 -4.912360e-14 0.000000e+00
 1995 -2.104581e-13 0.000000e+00
 1996 -6.235728e-14 0.000000e+00
 1997 -7.081887e-14 0.000000e+00
 1998 -4.388830e-14 0.000000e+00
 1999 -4.449753e-14 0.000000e+00
 2000 -4.532307e-14 0.000000e+00
 2001 -4.844251e-14 0.000000e+00
 2002 -5.033368e-14 0.000000e+00
 2003 -3.822769e-14 0.000000e+00
 2004 -5.209318e-14 0.000000e+00
 2005 -2.168678e-13 0.000000e+00
 2006 -6.372621e-14 0.000000e+00
 2007 -7.181091e-14 0.000000e+00
 2008 -4.565495e-14 0.000000e+00
 2009 -4.625487e-14 0.000000e+00
 2010 -4.699445e-14 0.000000e+00
 2011 -4.962457e-14 0.000000e+00
 2012 -5.137385e-14 0.000000e+00
 2013 -4.225484e-14 0.000000e+00
 2014 -5.394432e-14 0.000000e+00
 2015 -2.232658e-13 0.000000e+00
 2016 -6.542436e-14 0.000000e+00
 2017 -7.378497e-14 0.000000e+00
 2018 -4.752768e-14 0.000000e+00
 2019 -4.791100e-14 0.000000e+00
 2020 -4.758586e-14 0.000000e+00
 2021 -5.124722e-14 0.000000e+00
 2022 -5.225553e-14 0.000000e+00
 2023 -4.625903e-14 0.000000e+00
 2024 -5.534628e-14 0.000000e+00
 2025 -2.300993e-13 0.000000e+00
 2026 -6.753780e-14 0.000000e+00
 2027 -7.364353e-14 0.000000e+00
 2028 -4.892084e-14 0.000000e+00
 2029 -4.888960e-14 0.000000e+00
 2030 -4.975263e-14 0.000000e+00
 2031 -5.260937e-14 0.000000e+00
 2032 -5.290184e-14 0.000000e+00
 2033 -5.188615e-14 0.000000e+00
 2034 -5.758971e-14 0.000000e+00
 2035 -2.344019e-13 0.000000e+00
 2036 -6.801867e-14 0.000000e+00
 2037 -7.391754e-14 0.000000e+00
 2038 -5.053517e-14 0.000000e+00
 2039 -4.895087e-14 0.000000e+00
 2040 -5.146910e-14 0.000000e+00
 2041 -5.327670e-14 0.000000e+00
 2042 -5.333763e-14 0.000000e+00
 2043 -5.570600e-14 0.000000e+00
 2044 -5.832879e-14 0.000000e+00
 2045 -2.374077e-13 0.000000e+00
 2046 -6.920932e-14 0.000000e+00
 2047 -7.406721e-14 0.000000e+00
 2048 -2.805416e-14 0.000000e+00
 2049 0.000000e+00 0.000000e+00
 2050 0.000000e+00 0.000000e+00
 2051 0.000000e+00 0.000000e+00
 2052 0.000000e+00 4.546797e-02
 2053 0.000000e+00 0.000000e+00
 2054 0.000000e+00 0.000000e+00
 2055 0.000000e+00 0.000000e+00
 2056 0.000000e+00 0.000000e+00
 2057 0.000000e+00 0.000000e+00
 2058 0.000000e+00 0.000000e+00
 2059 0.000000e+00 0.000000e+00
 2060 0.000000e+00 0.000000e+00
 2061 0.000000e+00 0.000000e+00
 2062 0.000000e+00 0.000000e+00
 2063 0.000000e+00 0.000000e+00
 2064 0.000000e+00 0.000000e+00
 2065 0.000000e+00 0.000000e+00
 2066 0.000000e+00 0.000000e+00
 2067 0.000000e+00 0.000000e+00
 2068 0.000000e+00 0.000000e+00
 2069 0.000000e+00 0.000000e+00
 2070 0.000000e+00 0.000000e+00
 2071 0.000000e+00 0.000000e+00
 2072 0.000000e+00 0.000000e+00
 2073 0.000000e+00 0.000000e+00
 2074 0.000000e+00 0.000000e+00
 2075 0.000000e+00 0.000000e+00
 2076 0.000000e+00 0.000000e+00
 2077 0.000000e+00 0.000000e+00
 2078 0.000000e+00 0.000000e+00
 2079 0.000000e+00 0.000000e+00
 2080 0.000000e+00 0.000000e+00
 2081 0.000000e+00 0.000000e+00
 2082 0.000000e+00 0.000000e+00
 2083 0.000000e+00 0.000000e+00
 2084 0.000000e+00 0.000000e+00
 2085 0.000000e+00 0.000000e+00
 2086 0.000000e+00 0.000000e+00
 2087 0.000000e+00 0.000000e+00
 2088 0.000000e+00 0.000000e+00
 2089 0.000000e+00 0.000000e+00
 2090 0.000000e+00 0.000000e+00
 2091 0.000000e+00 0.000000e+00
 2092 0.000000e+00 0.000000e+00
 2093 0.000000e+00 0.000000e+00
 2094 0.000000e+00 0.000000e+00
 2095 0.000000e+00 0.000000e+00
 2096 0.000000e+00 0.000000e+00
 2097 0.000000e+00 0.000000e+00
 2098 0.000000e+00 0.000000e+00
 2099 0.000000e+00 0.000000e+00
 2100 0.000000e+00 0.000000e+00
 2101 0.000000e+00 0.000000e+00
 2102 0.000000e+00 0.000000e+00
 2103 0.000000e+00 0.000000e+00
 2104 0.000000e+00 0.000000e+00
 2105 0.000000e+00 0.000000e+00
 2106 0.000000e+00 0.000000e+00
 2107 0.000000e+00 0.000000e+00
 2108 0.000000e+00 0.000000e+00
 2109 0.000000e+00 0.000000e+00
 2110 0.000000e+00 0.000000e+00
 2111 0.000000e+00 0.000000e+00
 2112 0.000000e+00 0.000000e+00
 2113 0.000000e+00 0.000000e+00
 2114 0.000000e+00 0.000000e+00
 2115 0.000000e+00 0.000000e+00
 2116 0.000000e+00 0.000000e+00
 2117 0.000000e+00 0.000000e+00
 2118 0.000000e+00 0.000000e+00
 2119 0.000000e+00 0.000000e+00
 2120 0.000000e+00 0.000000e+00
 2121 0.000000e+00 0.000000e+00
 2122 0.000000e+00 0.000000e+00
 2123 0.000000e+00 0.000000e+00
 2124 0.000000e+00 0.000000e+00
 2125 0.000000e+00 0.000000e+00
 2126 0.000000e+00 0.000000e+00
 2127 0.000000e+00 0.000000e+00
 2128 0.000000e+00 0.000000e+00
 2129 0.000000e+00 0.000000e+00
 2130 0.000000e+00 0.000000e+00
 2131 0.000000e+00 0.000000e+00
 2132 0.000000e+00 0.000000e+00
 2133 0.000000e+00 0.000000e+00
 2134 0.000000e+00 0.000000e+00
 2135 0.000000e+00 0.000000e+00
 2136 0.000000e+00 0.000000e+00
 2137 0.000000e+00 0.000000e+00
 2138 0.000000e+00 0.000000e+00
 2139 0.000000e+00 0.000000e+00
 2140 0.000000e+00 0.000000e+00
 2141 0.000000e+00 0.000000e+00
 2142 0.000000e+00 0.000000e+00
 2143 0.000000e+00 0.000000e+00
 2144 0.000000e+00 0.000000e+00
 2145 0.000000e+00 0.000000e+00
 2146 0.000000e+00 0.000000e+00
 2147 0.000000e+00 0.000000e+00
 2148 0.000000e+00 0.000000e+00
 2149 0.000000e+00 0.000000e+00
 2150 0.000000e+00 0.000000e+00
 2151 0.000000e+00 0.000000e+00
 2152 0.000000e+00 0.000000e+00
 2153 0.000000e+00 0.000000e+00
 2154 0.000000e+00 0.000000e+00
 2155 0.000000e+00 0.000000e+00
 2156 0.000000e+00 0.000000e+00
 2157 0.000000e+00 0.000000e+00
 2158 0.000000e+00 0.000000e+00
 2159 0.000000e+00 0.000000e+00
 2160 0.000000e+00 0.000000e+00
 2161 0.000000e+00 0.000000e+00
 2162 0.000000e+00 0.000000e+00
 2163 0.000000e+00 0.000000e+00
 2164 0.000000e+00 0.000000e+00
 2165 0.000000e+00 0.000000e+00
 2166 0.000000e+00 0.000000e+00
 2167 0.000000e+00 0.000000e+00
 2168 0.000000e+00 0.000000e+00
 2169 0.000000e+00 0.000000e+00
 2170 0.000000e+00 0.000000e+00
 2171 0.000000e+00 0.000000e+00
 2172 0.000000e+00 0.000000e+00
 2173 0.000000e+00 0.000000e+00
 2174 0.000000e+00 0.000000e+00
 2175 0.000000e+00 0.000000e+00
 2176 0.000000e+00 0.000000e+00
 2177 0.000000e+00 0.000000e+00
 2178 0.000000e+00 0.000000e+00
 2179 0.000000e+00 0.000000e+00
 2180 0.000000e+00 0.000000e+00
 2181 0.000000e+00 0.000000e+00
 2182 0.000000e+00 0.000000e+00
 2183 0.000000e+00 0.000000e+00
 2184 0.000000e+00 0.000000e+00
 2185 0.000000e+00 0.000000e+00
 2186 0.000000e+00 0.000000e+00
 2187 0.000000e+00 0.000000e+00
 2188 0.000000e+00 0.000000e+00
 2189 0.000000e+00 0.000000e+00
 2190 0.000000e+00 0.000000e+00
 2191 0.000000e+00 0.000000e+00
 2192 0.000000e+00 0.000000e+00
 2193 0.000000e+00 0.000000e+00
 2194 0.000000e+00 0.000000e+00
 2195 0.000000e+00 0.000000e+00
 2196 0.000000e+00 0.000000e+00
 2197 0.000000e+00 0.000000e+00
 2198 0.000000e+00 0.000000e+00
 2199 0.000000e+00 0.000000e+00
 2200 0.000000e+00 0.000000e+00
 2201 0.000000e+00 0.000000e+00
 2202 0.000000e+00 0.000000e+00
 2203 0.000000e+00 0.000000e+00
 2204 0.000000e+00 0.000000e+00
 2205 0.000000e+00 0.000000e+00
 2206 0.000000e+00 0.000000e+00
 2207 0.000000e+00 0.000000e+00
 2208 0.000000e+00 0.000000e+00
 2209 0.000000e+00 0.000000e+00
 2210 0.000000e+00 0.000000e+00
 2211 0.000000e+00 0.000000e+00
 2212 0.000000e+00 0.000000e+00
 2213 0.000000e+00 0.000000e+00
 2214 0.000000e+00 0.000000e+00
 2215 0.000000e+00 0.000000e+00
 2216 0.000000e+00 0.000000e+00
 2217 0.000000e+00 0.000000e+00
 2218 0.000000e+00 0.000000e+00
 2219 0.000000e+00 0.000000e+00
 2220 0.000000e+00 0.000000e+00
 2221 0.000000e+00 0.000000e+00
 2222 0.000000e+00 0.000000e+00
 2223 0.000000e+00 0.000000e+00
 2224 0.000000e+00 0.000000e+00
 2225 0.000000e+00 0.000000e+00
 2226 0.000000e+00 0.000000e+00
 2227 0.000000e+00 0.000000e+00
 2228 0.000000e+00 0.000000e+00
 2229 0.000000e+00 0.000000e+00
 2230 0.000000e+00 0.000000e+00
 2231 0.000000e+00 0.000000e+00
 2232 0.000000e+00 0.000000e+00
 2233 0.000000e+00 0.000000e+00
 2234 0.000000e+00 0.000000e+00
 2235 0.000000e+00 0.000000e+00
 2236 0.000000e+00 0.000000e+00
 2237 0.000000e+00 0.000000e+00
 2238 0.000000e+00 0.000000e+00
 2239 0.000000e+00 0.000000e+00
 2240 0.000000e+00 0.000000e+00
 2241 0.000000e+00 0.000000e+00
 2242 0.000000e+00 0.000000e+00
 2243 0.000000e+00 0.000000e+00
 2244 0.000000e+00 0.000000e+00
 2245 0.000000e+00 0.000000e+00
 2246 0.000000e+00 0.000000e+00
 2247 0.000000e+00 0.000000e+00
 2248 0.000000e+00 0.000000e+00
 2249 0.000000e+00 0.000000e+00
 2250 0.000000e+00 0.000000e+00
 2251 0.000000e+00 0.000000e+00
 2252 0.000000e+00 0.000000e+00
 2253 0.000000e+00 0.000000e+00
 2254 0.000000e+00 0.000000e+00
 2255 0.000000e+00 0.000000e+00
 2256 0.000000e+00 0.000000e+00
 2257 0.000000e+00 0.000000e+00
 2258 0.000000e+00 0.000000e+00
 2259 0.000000e+00 0.000000e+00
 2260 0.000000e+00 0.000000e+00
 2261 0.000000e+00 0.000000e+00
 2262 0.000000e+00 0.000000e+00
 2263 0.000000e+00 0.000000e+00
 2264 0.000000e+00 0.000000e+00
 2265 0.000000e+00 0.000000e+00
 2266 0.000000e+00 0.000000e+00
 2267 0.000000e+00 0.000000e+00
 2268 0.000000e+00 0.000000e+00
 2269 0.000000e+00 0.000000e+00
 2270 0.000000e+00 0.000000e+00
 2271 0.000000e+00 0.000000e+00
 2272 0.000000e+00 0.000000e+00
 2273 0.000000e+00 0.000000e+00
 2274 0.000000e+00 0.000000e+00
 2275 0.000000e+00 0.000000e+00
 2276 0.000000e+00 0.000000e+00
 2277 0.000000e+00 0.000000e+00
 2278 0.000000e+00 0.000000e+00
 2279 0.000000e+00 0.000000e+00
 2280 0.000000e+00 0.000000e+00
 2281 0.000000e+00 0.000000e+00
 2282 0.000000e+00 0.000000e+00
 2283 0.000000e+00 0.000000e+00
 2284 0.000000e+00 0.000000e+00
 2285 0.000000e+00 0.000000e+00
 2286 0.000000e+00 0.000000e+00
 2287 0.000000e+00 0.000000e+00
 2288 0.000000e+00 0.000000e+00
 2289 0.000000e+00 0.000000e+00
 2290 0.000000e+00 0.000000e+00
 2291 0.000000e+00 0.000000e+00
 2292 0.000000e+00 0.000000e+00
 2293 0.000000e+00 0.000000e+00
 2294 0.000000e+00 0.000000e+00
 2295 0.000000e+00 0.000000e+00
 2296 0.000000e+00 0.000000e+00
 2297 0.000000e+00 0.000000e+00
 2298 0.000000e+00 0.000000e+00
 2299 0.000000e+00 0.000000e+00
 2300 0.000000e+00 0.000000e+00
 2301 0.000000e+00 0.000000e+00
 2302 0.000000e+00 0.000000e+00
 2303 0.000000e+00 0.000000e+00
 2304 0.000000e+00 0.000000e+00
 2305 0.000000e+00 0.000000e+00
 2306 0.000000e+00 0.000000e+00
 2307 0.000000e+00 0.000000e+00
 2308 0.000000e+00 0.000000e+00
 2309 0.000000e+00 0.000000e+00
 2310 0.000000e+00 0.000000e+00
 2311 0.000000e+00 0.000000e+00
 2312 0.000000e+00 0.000000e+00
 2313 0.000000e+00 0.000000e+00
 2314 0.000000e+00 0.000000e+00
 2315 0.000000e+00 0.000000e+00
 2316 0.000000e+00 0.000000e+00
 2317 0.000000e+00 0.000000e+00
 2318 0.000000e+00 0.000000e+00
 2319 0.000000e+00 0.000000e+00
 2320 0.000000e+00 0.000000e+00
 2321 0.000000e+00 0.000000e+00
 2322 0.000000e+00 0.000000e+00
 2323 0.000000e+00 0.000000e+00
 2324 0.000000e+00 0.000000e+00
 2325 0.000000e+00 0.000000e+00
 2326 0.000000e+00 0.000000e+00
 2327 0.000000e+00 0.000000e+00
 2328 0.000000e+00 0.000000e+00
 2329 0.000000e+00 0.000000e+00
 2330 0.000000e+00 0.000000e+00
 2331 0.000000e+00 0.000000e+00
 2332 0.000000e+00 0.000000e+00
 2333 0.000000e+00 0.000000e+00
 2334 0.000000e+00 0.000000e+00
 2335 0.000000e+00 0.000000e+00
 2336 0.000000e+00 0.000000e+00
 2337 0.000000e+00 0.000000e+00
 2338 0.000000e+00 0.000000e+00
 2339 0.000000e+00 0.000000e+00
 2340 0.000000e+00 0.000000e+00
 2341 0.000000e+00 0.000000e+00
 2342 0.000000e+00 0.000000e+00
 2343 0.000000e+00 0.000000e+00
 2344 0.000000e+00 0.000000e+00
 2345 0.000000e+00 0.000000e+00
 2346 0.000000e+00 0.000000e+00
 2347 0.000000e+00 0.000000e+00
 2348 0.000000e+00 0.000000e+00
 2349 0.000000e+00 0.000000e+00
 2350 0.000000e+00 0.000000e+00
 2351 0.000000e+00 0.000000e+00
 2352 0.000000e+00 4.672523e-02
 2353 0.000000e+00 0.000000e+00
 2354 0.000000e+00 0.000000e+00
 2355 0.000000e+00 0.000000e+00
 2356 0.000000e+00 0.000000e+00
 2357 0.000000e+00 0.000000e+00
 2358 0.000000e+00 0.000000e+00
 2359 0.000000e+00 0.000000e+00
 2360 0.000000e+00 0.000000e+00
 2361 0.000000e+00 0.000000e+00
 2362 0.000000e+00 0.000000e+00
 2363 0.000000e+00 0.000000e+00
 2364 0.000000e+00 0.000000e+00
 2365 0.000000e+00 0.000000e+00
 2366 0.000000e+00 0.000000e+00
 2367 0.000000e+00 0.000000e+00
 2368 0.000000e+00 0.000000e+00
 2369 0.000000e+00 0.000000e+00
 2370 0.000000e+00 0.000000e+00
 2371 0.000000e+00 0.000000e+00
 2372 0.000000e+00 0.000000e+00
 2373 0.000000e+00 0.000000e+00
 2374 0.000000e+00 0.000000e+00
 2375 0.000000e+00 0.000000e+00
 2376 0.000000e+00 0.000000e+00
 2377 0.000000e+00 0.000000e+00
 2378 0.000000e+00 0.000000e+00
 2379 0.000000e+00 0.000000e+00
 2380 0.000000e+00 0.000000e+00
 2381 0.000000e+00 0.000000e+00
 2382 0.000000e+00 0.000000e+00
 2383 0.000000e+00 0.000000e+00
 2384 0.000000e+00 0.000000e+00
 2385 0.000000e+00 0.000000e+00
 2386 0.000000e+00 0.000000e+00
 2387 0.000000e+00 0.000000e+00
 2388 0.000000e+00 0.000000e+00
 2389 0.000000e+00 0.000000e+00
 2390 0.000000e+00 0.000000e+00
 2391 0.000000e+00 0.000000e+00
 2392 0.000000e+00 0.000000e+00
 2393 0.000000e+00 0.000000e+00
 2394 0.000000e+00 0.000000e+00
 2395 0.000000e+00 0.000000e+00
 2396 0.000000e+00 0.000000e+00
 2397 0.000000e+00 0.000000e+00
 2398 0.000000e+00 0.000000e+00
 2399 0.000000e+00 0.000000e+00
 2400 0.000000e+00 0.000000e+00
 2401 0.000000e+00 0.000000e+00
 2402 0.000000e+00 0.000000e+00
 2403 0.000000e+00 0.000000e+00
 2404 0.000000e+00 0.000000e+00
 2405 0.000000e+00 0.000000e+00
 2406 0.000000e+00 0.000000e+00
 2407 0.000000e+00 0.000000e+00
 2408 0.000000e+00 0.000000e+00
 2409 0.000000e+00 0.000000e+00
 2410 0.000000e+00 0.000000e+00
 2411 0.000000e+00 0.000000e+00
 2412 0.000000e+00 0.000000e+00
 2413 0.000000e+00 0.000000e+00
 2414 0.000000e+00 0.000000e+00
 2415 0.000000e+00 0.000000e+00
 2416 0.000000e+00 0.000000e+00
 2417 0.000000e+00 0.000000e+00
 2418 0.000000e+00 0.000000e+00
 2419 0.000000e+00 0.000000e+00
 2420 0.000000e+00 0.000000e+00
 2421 0.000000e+00 0.000000e+00
 2422 0.000000e+00 0.000000e+00
 2423 0.000000e+00 0.000000e+00
 2424 0.000000e+00 0.000000e+00
 2425 0.000000e+00 0.000000e+00
 2426 0.000000e+00 0.000000e+00
 2427 0.000000e+00 0.000000e+00
 2428 0.000000e+00 0.000000e+00
 2429 0.000000e+00 0.000000e+00
 2430 0.000000e+00 0.000000e+00
 2431 0.000000e+00 0.000000e+00
 2432 0.000000e+00 0.000000e+00
 2433 0.000000e+00 0.000000e+00
 2434 0.000000e+00 0.000000e+00
 2435 0.000000e+00 0.000000e+00
 2436 0.000000e+00 0.000000e+00
 2437 0.000000e+00 0.000000e+00
 2438 0.000000e+00 0.000000e+00
 2439 0.000000e+00 0.000000e+00
 2440 0.000000e+00 0.000000e+00
 2441 0.000000e+00 0.000000e+00
 2442 0.000000e+00 0.000000e+00
 2443 0.000000e+00 0.000000e+00
 2444 0.000000e+00 0.000000e+00
 2445 0.000000e+00 0.000000e+00
 2446 0.000000e+00 0.000000e+00
 2447 0.000000e+00 0.000000e+00
 2448 0.000000e+00 0.000000e+00
 2449 0.000000e+00 0.000000e+00
 2450 0.000000e+00 0.000000e+00
 2451 0.000000e+00 0.000000e+00
 2452 0.000000e+00 0.000000e+00
 2453 0.000000e+00 0.000000e+00
 2454 0.000000e+00 0.000000e+00
 2455 0.000000e+00 0.000000e+00
 2456 0.000000e+00 0.000000e+00
 2457 0.000000e+00 0.000000e+00
 2458 0.000000e+00 0.000000e+00
 2459 0.000000e+00 0.000000e+00
 2460 0.000000e+00 0.000000e+00
 2461 0.000000e+00 0.000000e+00
 2462 0.000000e+00 0.000000e+00
 2463 0.000000e+00 0.000000e+00
 2464 0.000000e+00 0.000000e+00
 2465 0.000000e+00 0.000000e+00
 2466 0.000000e+00 0.000000e+00
 2467 0.000000e+00 0.000000e+00
 2468 0.000000e+00 0.000000e+00
 2469 0.000000e+00 0.000000e+00
 2470 0.000000e+00 0.000000e+00
 2471 0.000000e+00 0.000000e+00
 2472 0.000000e+00 0.000000e+00
 2473 0.000000e+00 0.000000e+00
 2474 0.000000e+00 0.000000e+00
 2475 0.000000e+00 0.000000e+00
 2476 0.000000e+00 0.000000e+00
 2477 0.000000e+00 0.000000e+00
 2478 0.000000e+00 0.000000e+00
 2479 0.000000e+00 0.000000e+00
 2480 0.000000e+00 0.000000e+00
 2481 0.000000e+00 0.000000e+00
 2482 0.000000e+00 0.000000e+00
 2483 0.000000e+00 0.000000e+00
 2484 0.000000e+00 0.000000e+00
 2485 0.000000e+00 0.000000e+00
 2486 0.000000e+00 0.000000e+00
 2487 0.000000e+00 0.000000e+00
 2488 0.000000e+00 0.000000e+00
 2489 0.000000e+00 0.000000e+00
 2490 0.000000e+00 0.000000e+00
 2491 0.000000e+00 0.000000e+00
 2492 0.000000e+00 0.000000e+00
 2493 0.000000e+00 0.000000e+00
 2494 0.000000e+00 0.000000e+00
 2495 0.000000e+00 0.000000e+00
 2496 0.000000e+00 0.000000e+00
 2497 0.000000e+00 0.000000e+00
 2498 0.000000e+00 0.000000e+00
 2499 0.000000e+00 0.000000e+00
 2500 0.000000e+00 2.897076e-02
