    0 0.000000e+00 0.000000e+00
    1 0.000000e+00 0.000000e+00
    2 -3.076234e-19 8.782841e-06
    3 -3.248428e-19 0.000000e+00
    4 -3.433364e-19 0.000000e+00
    5 -3.588057e-19 0.000000e+00
    6 -3.703613e-19 0.000000e+00
    7 -3.782465e-19 0.000000e+00
    8 -3.833308e-19 0.000000e+00
    9 -3.856046e-19 0.000000e+00
   10 -3.862639e-19 0.000000e+00
   11 -3.856326e-19 0.000000e+00
   12 -3.834923e-19 1.696895e-04
   13 -3.805965e-19 0.000000e+00
   14 -3.773274e-19 0.000000e+00
   15 -3.735840e-19 0.000000e+00
   16 -3.693394e-19 0.000000e+00
   17 -3.646969e-19 0.000000e+00
   18 -3.600597e-19 0.000000e+00
   19 -3.549566e-19 0.000000e+00
   20 1.530007e-18 0.000000e+00
   21 1.508057e-18 0.000000e+00
   22 1.485983e-18 3.261476e-04
   23 -3.348680e-19 0.000000e+00
   24 -3.298816e-19 0.000000e+00
   25 -3.249189e-19 0.000000e+00
   26 -3.200326e-19 0.000000e+00
   27 -3.151662e-19 0.000000e+00
   28 -3.103761e-19 0.000000e+00
   29 -3.056414e-19 0.000000e+00
   30 -3.009636e-19 0.000000e+00
   31 -2.963752e-19 0.000000e+00
   32 -2.918941e-19 4.710334e-04
   33 1.256850e-18 0.000000e+00
   34 -2.831230e-19 0.000000e+00
   35 -2.788603e-19 0.000000e+00
   36 -2.746767e-19 0.000000e+00
   37 -2.705937e-19 0.000000e+00
   38 -2.665635e-19 0.000000e+00
   39 -2.626082e-19 0.000000e+00
   40 -2.587476e-19 0.000000e+00
   41 1.114577e-18 0.000000e+00
   42 -2.511781e-19 5.995310e-04
   43 -2.475282e-19 0.000000e+00
   44 -2.439829e-19 0.000000e+00
   45 -2.404832e-19 0.000000e+00
   46 1.036452e-18 0.000000e+00
   47 1.021703e-18 0.000000e+00
   48 1.007295e-18 0.000000e+00
   49 7.660473e-19 0.000000e+00
   50 7.553292e-19 0.000000e+00
   51 7.447520e-19 0.000000e+00
   52 7.342661e-19 7.051591e-04
   53 9.387622e-19 0.000000e+00
   54 -2.151826e-23 0.000000e+00
   55 -2.122755e-23 0.000000e+00
   56 -2.093917e-23 0.000000e+00
   57 -2.065456e-23 0.000000e+00
   58 6.762588e-19 0.000000e+00
   59 6.671457e-19 0.000000e+00
   60 6.581943e-19 0.000000e+00
   61 8.417995e-19 0.000000e+00
   62 6.406493e-19 7.865258e-04
   63 6.322415e-19 0.000000e+00
   64 6.239066e-19 0.000000e+00
   65 7.983536e-19 0.000000e+00
   66 -1.802026e-19 0.000000e+00
   67 5.999021e-19 0.000000e+00
   68 5.921318e-19 0.000000e+00
   69 -1.733148e-19 0.000000e+00
   70 5.769008e-19 0.000000e+00
   71 5.695000e-19 0.000000e+00
   72 5.621983e-19 8.409486e-04
   73 -1.672320e-23 0.000000e+00
   74 -1.625108e-19 0.000000e+00
   75 -1.604433e-19 0.000000e+00
   76 -1.584245e-19 0.000000e+00
   77 6.840286e-19 0.000000e+00
   78 -1.544807e-19 0.000000e+00
   79 6.669738e-19 0.000000e+00
   80 0.000000e+00 0.000000e+00
   81 5.017068e-19 0.000000e+00
   82 4.954823e-19 8.674556e-04
   83 4.893881e-19 0.000000e+00
   84 -1.433321e-19 0.000000e+00
   85 6.190131e-19 0.000000e+00
   86 4.716414e-19 0.000000e+00
   87 -1.403632e-23 0.000000e+00
   88 4.602454e-19 0.000000e+00
   89 5.895321e-19 0.000000e+00
   90 4.492180e-19 0.000000e+00
   91 -1.316187e-19 0.000000e+00
   92 4.385633e-19 8.670541e-04
   93 4.333447e-19 0.000000e+00
   94 5.552228e-19 0.000000e+00
   95 5.486868e-19 0.000000e+00
   96 4.182778e-19 0.000000e+00
   97 0.000000e+00 0.000000e+00
   98 -1.211615e-19 0.000000e+00
   99 4.038891e-19 0.000000e+00
  100 -2.597100e-16 0.000000e+00
  101 -2.553960e-16 0.000000e+00
  102 -2.529851e-16 1.683566e-03
  103 -2.511111e-16 0.000000e+00
  104 -2.432740e-16 0.000000e+00
  105 -2.752159e-16 0.000000e+00
  106 -2.342222e-16 0.000000e+00
  107 -2.263624e-16 0.000000e+00
  108 -2.255394e-16 0.000000e+00
  109 -2.278119e-16 0.000000e+00
  110 -2.126612e-16 0.000000e+00
  111 -2.046072e-16 0.000000e+00
  112 -1.988136e-16 0.000000e+00
  113 -1.975626e-16 0.000000e+00
  114 -1.860900e-16 0.000000e+00
  115 -2.117626e-16 0.000000e+00
  116 -1.687461e-16 0.000000e+00
  117 -1.633373e-16 0.000000e+00
  118 -1.474633e-16 0.000000e+00
  119 -1.401533e-16 0.000000e+00
  120 -1.267734e-16 0.000000e+00
  121 -1.206947e-16 0.000000e+00
  122 -1.066962e-16 0.000000e+00
  123 -9.483003e-17 0.000000e+00
  124 -8.527188e-17 0.000000e+00
  125 -9.848870e-17 0.000000e+00
  126 -6.003709e-17 0.000000e+00
  127 -4.313442e-17 0.000000e+00
  128 -3.112202e-17 0.000000e+00
  129 -1.539647e-17 0.000000e+00
  130 -1.630508e-18 0.000000e+00
  131 1.460149e-17 0.000000e+00
  132 2.442502e-17 1.955403e-03
  133 4.731143e-17 0.000000e+00
  134 6.575093e-17 0.000000e+00
  135 6.555621e-17 0.000000e+00
  136 9.787601e-17 0.000000e+00
  137 1.106198e-16 0.000000e+00
  138 1.290030e-16 0.000000e+00
  139 1.491549e-16 0.000000e+00
  140 1.719938e-16 0.000000e+00
  141 1.886142e-16 0.000000e+00
  142 2.085226e-16 0.000000e+00
  143 2.330679e-16 0.000000e+00
  144 2.489343e-16 0.000000e+00
  145 2.674252e-16 0.000000e+00
  146 2.941891e-16 0.000000e+00
  147 3.172532e-16 0.000000e+00
  148 3.384024e-16 0.000000e+00
  149 3.597334e-16 0.000000e+00
  150 3.861850e-16 0.000000e+00
  151 4.112180e-16 0.000000e+00
  152 4.393883e-16 0.000000e+00
  153 4.616044e-16 0.000000e+00
  154 4.823837e-16 0.000000e+00
  155 5.230374e-16 0.000000e+00
  156 5.399815e-16 0.000000e+00
  157 5.763751e-16 0.000000e+00
  158 6.023249e-16 0.000000e+00
  159 6.295487e-16 0.000000e+00
  160 6.568900e-16 0.000000e+00
  161 6.969048e-16 0.000000e+00
  162 7.176986e-16 1.199715e-03
  163 7.503173e-16 0.000000e+00
  164 7.865297e-16 0.000000e+00
  165 8.546179e-16 0.000000e+00
  166 8.580482e-16 0.000000e+00
  167 8.947597e-16 0.000000e+00
  168 9.270123e-16 0.000000e+00
  169 9.687954e-16 0.000000e+00
  170 1.000859e-15 0.000000e+00
  171 1.033640e-15 0.000000e+00
  172 1.071977e-15 0.000000e+00
  173 1.112095e-15 0.000000e+00
  174 1.149774e-15 0.000000e+00
  175 1.246192e-15 0.000000e+00
  176 1.228037e-15 0.000000e+00
  177 1.269248e-15 0.000000e+00
  178 1.314303e-15 0.000000e+00
  179 1.351223e-15 0.000000e+00
  180 1.394750e-15 0.000000e+00
  181 1.438911e-15 0.000000e+00
  182 1.472189e-15 0.000000e+00
  183 1.521108e-15 0.000000e+00
  184 1.565745e-15 0.000000e+00
  185 1.687927e-15 0.000000e+00
  186 1.647788e-15 0.000000e+00
  187 1.706550e-15 0.000000e+00
  188 1.740612e-15 0.000000e+00
  189 1.816020e-15 0.000000e+00
  190 1.841026e-15 0.000000e+00
  191 1.887436e-15 0.000000e+00
  192 1.929457e-15 7.062015e-04
  193 1.990553e-15 0.000000e+00
  194 2.044028e-15 0.000000e+00
  195 2.197411e-15 0.000000e+00
  196 2.148735e-15 0.000000e+00
  197 2.217848e-15 0.000000e+00
  198 2.265927e-15 0.000000e+00
  199 2.325792e-15 0.000000e+00
  200 2.377275e-15 0.000000e+00
  201 2.415931e-15 0.000000e+00
  202 2.481392e-15 0.000000e+00
  203 2.558037e-15 0.000000e+00
  204 2.642275e-15 0.000000e+00
  205 2.829962e-15 0.000000e+00
  206 2.758454e-15 0.000000e+00
  207 2.825768e-15 0.000000e+00
  208 2.901661e-15 0.000000e+00
  209 2.957286e-15 0.000000e+00
  210 3.025881e-15 0.000000e+00
  211 3.105214e-15 0.000000e+00
  212 3.186449e-15 0.000000e+00
  213 3.279700e-15 0.000000e+00
  214 3.356265e-15 0.000000e+00
  215 3.611477e-15 0.000000e+00
  216 3.508236e-15 0.000000e+00
  217 3.605316e-15 0.000000e+00
  218 3.691637e-15 0.000000e+00
  219 3.763895e-15 0.000000e+00
  220 3.861270e-15 0.000000e+00
  221 3.956705e-15 0.000000e+00
  222 4.035799e-15 7.899315e-04
  223 4.168803e-15 0.000000e+00
  224 4.260603e-15 0.000000e+00
  225 4.588181e-15 0.000000e+00
  226 4.465891e-15 0.000000e+00
  227 4.567428e-15 0.000000e+00
  228 4.663729e-15 0.000000e+00
  229 4.780898e-15 0.000000e+00
  230 4.890919e-15 0.000000e+00
  231 4.996863e-15 0.000000e+00
  232 5.126591e-15 0.000000e+00
  233 5.274031e-15 0.000000e+00
  234 5.407154e-15 0.000000e+00
  235 5.807476e-15 0.000000e+00
  236 5.634885e-15 0.000000e+00
  237 5.791172e-15 0.000000e+00
  238 5.904592e-15 0.000000e+00
  239 6.035622e-15 0.000000e+00
  240 6.174626e-15 0.000000e+00
  241 6.321741e-15 0.000000e+00
  242 6.457610e-15 0.000000e+00
  243 6.660898e-15 0.000000e+00
  244 6.803172e-15 0.000000e+00
  245 7.317931e-15 0.000000e+00
  246 7.108169e-15 0.000000e+00
  247 7.284299e-15 0.000000e+00
  248 7.422227e-15 0.000000e+00
  249 7.596724e-15 0.000000e+00
  250 7.772798e-15 0.000000e+00
  251 7.948751e-15 0.000000e+00
  252 8.110432e-15 1.513028e-03
  253 8.345001e-15 0.000000e+00
  254 8.543051e-15 0.000000e+00
  255 9.125851e-15 0.000000e+00
  256 8.907641e-15 0.000000e+00
  257 9.106897e-15 0.000000e+00
  258 9.298030e-15 0.000000e+00
  259 9.486559e-15 0.000000e+00
  260 9.692984e-15 0.000000e+00
  261 9.884188e-15 0.000000e+00
  262 1.010547e-14 0.000000e+00
  263 1.040501e-14 0.000000e+00
  264 1.060846e-14 0.000000e+00
  265 1.129383e-14 0.000000e+00
  266 1.106068e-14 0.000000e+00
  267 1.127151e-14 0.000000e+00
  268 1.147922e-14 0.000000e+00
  269 1.172766e-14 0.000000e+00
  270 1.196082e-14 0.000000e+00
  271 1.218195e-14 0.000000e+00
  272 1.247060e-14 0.000000e+00
  273 1.278390e-14 0.000000e+00
  274 1.300342e-14 0.000000e+00
  275 1.379370e-14 0.000000e+00
  276 1.349433e-14 0.000000e+00
  277 1.374295e-14 0.000000e+00
  278 1.399842e-14 0.000000e+00
  279 1.430121e-14 0.000000e+00
  280 1.451401e-14 0.000000e+00
  281 1.478390e-14 0.000000e+00
  282 1.505076e-14 2.662477e-03
  283 1.540849e-14 0.000000e+00
  284 1.567368e-14 0.000000e+00
  285 1.652356e-14 0.000000e+00
  286 1.616594e-14 0.000000e+00
  287 1.643002e-14 0.000000e+00
  288 1.670530e-14 0.000000e+00
  289 1.697882e-14 0.000000e+00
  290 1.722301e-14 0.000000e+00
  291 1.751881e-14 0.000000e+00
  292 1.775292e-14 0.000000e+00
  293 1.813811e-14 0.000000e+00
  294 1.837097e-14 0.000000e+00
  295 1.930179e-14 0.000000e+00
  296 1.883731e-14 0.000000e+00
  297 1.908493e-14 0.000000e+00
  298 1.937044e-14 0.000000e+00
  299 1.959105e-14 0.000000e+00
  300 1.979900e-14 0.000000e+00
  301 2.006189e-14 0.000000e+00
  302 2.028611e-14 0.000000e+00
  303 2.061258e-14 0.000000e+00
  304 2.080125e-14 0.000000e+00
  305 2.172539e-14 0.000000e+00
  306 2.114647e-14 0.000000e+00
  307 2.134147e-14 0.000000e+00
  308 2.154587e-14 0.000000e+00
  309 2.168349e-14 0.000000e+00
  310 2.185506e-14 0.000000e+00
  311 2.199781e-14 0.000000e+00
  312 2.217274e-14 3.841958e-03
  313 2.236183e-14 0.000000e+00
  314 2.251011e-14 0.000000e+00
  315 2.339028e-14 0.000000e+00
  316 2.260977e-14 0.000000e+00
  317 2.268469e-14 0.000000e+00
  318 2.278883e-14 0.000000e+00
  319 2.281031e-14 0.000000e+00
  320 2.284596e-14 0.000000e+00
  321 2.284160e-14 0.000000e+00
  322 2.282434e-14 0.000000e+00
  323 2.298942e-14 0.000000e+00
  324 2.287744e-14 0.000000e+00
  325 2.371246e-14 0.000000e+00
  326 2.269725e-14 0.000000e+00
  327 2.256556e-14 0.000000e+00
  328 2.247933e-14 0.000000e+00
  329 2.234480e-14 0.000000e+00
  330 2.218144e-14 0.000000e+00
  331 2.200401e-14 0.000000e+00
  332 2.180303e-14 0.000000e+00
  333 2.171792e-14 0.000000e+00
  334 2.142605e-14 0.000000e+00
  335 2.215870e-14 0.000000e+00
  336 2.082822e-14 0.000000e+00
  337 2.046582e-14 0.000000e+00
  338 2.017290e-14 0.000000e+00
  339 1.975434e-14 0.000000e+00
  340 1.940612e-14 0.000000e+00
  341 1.897362e-14 0.000000e+00
  342 1.853537e-14 4.624696e-03
  343 1.825150e-14 0.000000e+00
  344 1.766640e-14 0.000000e+00
  345 1.834666e-14 0.000000e+00
  346 1.655648e-14 0.000000e+00
  347 1.602752e-14 0.000000e+00
  348 1.542252e-14 0.000000e+00
  349 1.483290e-14 0.000000e+00
  350 1.420673e-14 0.000000e+00
  351 1.352091e-14 0.000000e+00
  352 1.280127e-14 0.000000e+00
  353 1.227650e-14 0.000000e+00
  354 1.148104e-14 0.000000e+00
  355 1.202104e-14 0.000000e+00
  356 9.855394e-15 0.000000e+00
  357 9.124763e-15 0.000000e+00
  358 8.217233e-15 0.000000e+00
  359 7.440435e-15 0.000000e+00
  360 6.570138e-15 0.000000e+00
  361 5.656647e-15 0.000000e+00
  362 4.719225e-15 0.000000e+00
  363 4.021778e-15 0.000000e+00
  364 3.011498e-15 0.000000e+00
  365 3.327249e-15 0.000000e+00
  366 9.824161e-16 0.000000e+00
  367 2.056937e-17 0.000000e+00
  368 -1.038290e-15 0.000000e+00
  369 -2.000762e-15 0.000000e+00
  370 -2.992793e-15 0.000000e+00
  371 -4.063249e-15 0.000000e+00
  372 -5.109844e-15 4.733624e-03
  373 -5.990176e-15 0.000000e+00
  374 -7.154503e-15 0.000000e+00
  375 -6.966136e-15 0.000000e+00
  376 -9.394355e-15 0.000000e+00
  377 -1.040049e-14 0.000000e+00
  378 -1.154416e-14 0.000000e+00
  379 -1.257649e-14 0.000000e+00
  380 -1.364591e-14 0.000000e+00
  381 -1.471846e-14 0.000000e+00
  382 -1.584439e-14 0.000000e+00
  383 -1.668406e-14 0.000000e+00
  384 -1.782286e-14 0.000000e+00
  385 -1.794541e-14 0.000000e+00
  386 -1.996735e-14 0.000000e+00
  387 -2.101263e-14 0.000000e+00
  388 -2.206653e-14 0.000000e+00
  389 -2.296691e-14 0.000000e+00
  390 -2.400694e-14 0.000000e+00
  391 -2.499767e-14 0.000000e+00
  392 -2.591968e-14 0.000000e+00
  393 -2.666635e-14 0.000000e+00
  394 -2.770040e-14 0.000000e+00
  395 -2.790599e-14 0.000000e+00
  396 -2.937092e-14 0.000000e+00
  397 -3.027332e-14 0.000000e+00
  398 -3.106902e-14 0.000000e+00
  399 -3.184085e-14 0.000000e+00
  400 -3.261065e-14 0.000000e+00
  401 -3.329524e-14 0.000000e+00
  402 -3.397171e-14 4.147935e-03
  403 -3.446499e-14 0.000000e+00
  404 -3.522162e-14 0.000000e+00
  405 -3.543753e-14 0.000000e+00
  406 -3.631013e-14 0.000000e+00
  407 -3.676423e-14 0.000000e+00
  408 -3.721844e-14 0.000000e+00
  409 -3.764175e-14 0.000000e+00
  410 -3.805242e-14 0.000000e+00
  411 -3.839746e-14 0.000000e+00
  412 -3.869696e-14 0.000000e+00
  413 -3.884902e-14 0.000000e+00
  414 -3.914251e-14 0.000000e+00
  415 -3.936975e-14 0.000000e+00
  416 -3.944336e-14 0.000000e+00
  417 -3.954238e-14 0.000000e+00
  418 -3.955350e-14 0.000000e+00
  419 -3.960335e-14 0.000000e+00
  420 -3.955476e-14 0.000000e+00
  421 -3.950533e-14 0.000000e+00
  422 -3.935533e-14 0.000000e+00
  423 -3.914173e-14 0.000000e+00
  424 -3.902462e-14 0.000000e+00
  425 -3.903756e-14 0.000000e+00
  426 -3.845637e-14 0.000000e+00
  427 -3.822086e-14 0.000000e+00
  428 -3.774141e-14 0.000000e+00
  429 -3.740786e-14 0.000000e+00
  430 -3.695821e-14 0.000000e+00
  431 -3.650011e-14 0.000000e+00
  432 -3.599855e-14 3.119095e-03
  433 -3.541835e-14 0.000000e+00
  434 -3.488614e-14 0.000000e+00
  435 -3.470510e-14 0.000000e+00
  436 -3.361869e-14 0.000000e+00
  437 -3.298013e-14 0.000000e+00
  438 -3.219652e-14 0.000000e+00
  439 -3.151756e-14 0.000000e+00
  440 -3.074032e-14 0.000000e+00
  441 -2.995829e-14 0.000000e+00
  442 -2.914592e-14 0.000000e+00
  443 -2.829340e-14 0.000000e+00
  444 -2.746842e-14 0.000000e+00
  445 -2.702732e-14 0.000000e+00
  446 -2.560370e-14 0.000000e+00
  447 -2.471717e-14 0.000000e+00
  448 -2.378584e-14 0.000000e+00
  449 -2.276673e-14 0.000000e+00
  450 -2.179488e-14 0.000000e+00
  451 -2.079187e-14 0.000000e+00
  452 -1.976254e-14 0.000000e+00
  453 -1.874996e-14 0.000000e+00
  454 -1.769377e-14 0.000000e+00
  455 -1.706784e-14 0.000000e+00
  456 -1.554702e-14 0.000000e+00
  457 -1.448698e-14 0.000000e+00
  458 -1.337504e-14 0.000000e+00
  459 -1.227307e-14 0.000000e+00
  460 -1.116017e-14 0.000000e+00
  461 -1.004264e-14 0.000000e+00
  462 -8.924924e-15 2.067076e-03
  463 -7.827154e-15 0.000000e+00
  464 -6.713369e-15 0.000000e+00
  465 -5.908855e-15 0.000000e+00
  466 -4.433217e-15 0.000000e+00
  467 -3.311527e-15 0.000000e+00
  468 -2.186875e-15 0.000000e+00
  469 -1.057390e-15 0.000000e+00
  470 7.436904e-17 0.000000e+00
  471 1.188289e-15 0.000000e+00
  472 2.311024e-15 0.000000e+00
  473 3.426428e-15 0.000000e+00
  474 4.509577e-15 0.000000e+00
  475 5.475437e-15 0.000000e+00
  476 6.740580e-15 0.000000e+00
  477 7.828055e-15 0.000000e+00
  478 8.916836e-15 0.000000e+00
  479 1.000040e-14 0.000000e+00
  480 1.107187e-14 0.000000e+00
  481 1.212785e-14 0.000000e+00
  482 1.319103e-14 0.000000e+00
  483 1.423888e-14 0.000000e+00
  484 1.528648e-14 0.000000e+00
  485 1.630479e-14 0.000000e+00
  486 1.733255e-14 0.000000e+00
  487 1.833951e-14 0.000000e+00
  488 1.929777e-14 0.000000e+00
  489 2.030760e-14 0.000000e+00
  490 2.126878e-14 0.000000e+00
  491 2.223121e-14 0.000000e+00
  492 2.317053e-14 1.419443e-03
  493 2.416760e-14 0.000000e+00
  494 2.508642e-14 0.000000e+00
  495 2.619346e-14 0.000000e+00
  496 2.688745e-14 0.000000e+00
  497 2.779149e-14 0.000000e+00
  498 2.864302e-14 0.000000e+00
  499 2.952784e-14 0.000000e+00
  500 3.036468e-14 0.000000e+00
  501 3.121576e-14 0.000000e+00
  502 3.206655e-14 0.000000e+00
  503 3.293898e-14 0.000000e+00
  504 3.372037e-14 0.000000e+00
  505 3.493173e-14 0.000000e+00
  506 3.531537e-14 0.000000e+00
  507 3.607899e-14 0.000000e+00
  508 3.682488e-14 0.000000e+00
  509 3.760366e-14 0.000000e+00
  510 3.831812e-14 0.000000e+00
  511 3.906776e-14 0.000000e+00
  512 3.978851e-14 0.000000e+00
  513 4.059506e-14 0.000000e+00
  514 4.126741e-14 0.000000e+00
  515 4.255995e-14 0.000000e+00
  516 4.261931e-14 0.000000e+00
  517 4.333069e-14 0.000000e+00
  518 4.395596e-14 0.000000e+00
  519 4.460750e-14 0.000000e+00
  520 4.523459e-14 0.000000e+00
  521 4.584088e-14 0.000000e+00
  522 4.647606e-14 1.442167e-03
  523 4.719922e-14 0.000000e+00
  524 4.779091e-14 0.000000e+00
  525 4.919883e-14 0.000000e+00
  526 4.893176e-14 0.000000e+00
  527 4.954553e-14 0.000000e+00
  528 5.005049e-14 0.000000e+00
  529 5.060835e-14 0.000000e+00
  530 5.113860e-14 0.000000e+00
  531 5.168733e-14 0.000000e+00
  532 5.223031e-14 0.000000e+00
  533 5.286326e-14 0.000000e+00
  534 5.334250e-14 0.000000e+00
  535 5.484742e-14 0.000000e+00
  536 5.429078e-14 0.000000e+00
  537 5.475124e-14 0.000000e+00
  538 5.518389e-14 0.000000e+00
  539 5.563692e-14 0.000000e+00
  540 5.607098e-14 0.000000e+00
  541 5.652061e-14 0.000000e+00
  542 5.696540e-14 0.000000e+00
  543 5.751274e-14 0.000000e+00
  544 5.786498e-14 0.000000e+00
  545 5.935498e-14 0.000000e+00
  546 5.852033e-14 0.000000e+00
  547 5.888321e-14 0.000000e+00
  548 5.919550e-14 0.000000e+00
  549 5.950955e-14 0.000000e+00
  550 5.981438e-14 0.000000e+00
  551 6.015263e-14 0.000000e+00
  552 6.036578e-14 4.650619e-03
  553 6.083139e-14 0.000000e+00
  554 6.098917e-14 0.000000e+00
  555 6.253374e-14 0.000000e+00
  556 6.136914e-14 0.000000e+00
  557 6.155086e-14 0.000000e+00
  558 6.171236e-14 0.000000e+00
  559 6.184763e-14 0.000000e+00
  560 6.196185e-14 0.000000e+00
  561 6.203429e-14 0.000000e+00
  562 6.216981e-14 0.000000e+00
  563 6.233605e-14 0.000000e+00
  564 6.229648e-14 0.000000e+00
  565 6.377617e-14 0.000000e+00
  566 6.224353e-14 0.000000e+00
  567 6.214475e-14 0.000000e+00
  568 6.210393e-14 0.000000e+00
  569 6.201570e-14 0.000000e+00
  570 6.183943e-14 0.000000e+00
  571 6.168573e-14 0.000000e+00
  572 6.151908e-14 0.000000e+00
  573 6.147027e-14 0.000000e+00
  574 6.115703e-14 0.000000e+00
  575 6.244155e-14 0.000000e+00
  576 6.044134e-14 0.000000e+00
  577 6.006760e-14 0.000000e+00
  578 5.971615e-14 0.000000e+00
  579 5.931842e-14 0.000000e+00
  580 5.883179e-14 0.000000e+00
  581 5.830244e-14 0.000000e+00
  582 5.772786e-14 0.000000e+00
  583 5.745838e-14 0.000000e+00
  584 5.669913e-14 0.000000e+00
  585 5.781841e-14 0.000000e+00
  586 5.525923e-14 0.000000e+00
  587 5.448575e-14 0.000000e+00
  588 5.376654e-14 0.000000e+00
  589 5.298667e-14 0.000000e+00
  590 5.211158e-14 0.000000e+00
  591 5.118192e-14 0.000000e+00
  592 5.024027e-14 0.000000e+00
  593 4.945572e-14 0.000000e+00
  594 4.832696e-14 0.000000e+00
  595 4.923481e-14 0.000000e+00
  596 4.601597e-14 0.000000e+00
  597 4.477316e-14 0.000000e+00
  598 4.367115e-14 0.000000e+00
  599 4.244078e-14 0.000000e+00
  600 4.114941e-14 0.000000e+00
  601 3.973574e-14 0.000000e+00
  602 3.837370e-14 0.000000e+00
  603 3.713496e-14 0.000000e+00
  604 3.562575e-14 0.000000e+00
  605 3.624087e-14 0.000000e+00
  606 3.240385e-14 0.000000e+00
  607 3.072972e-14 0.000000e+00
  608 2.916943e-14 0.000000e+00
  609 2.745009e-14 0.000000e+00
  610 2.569676e-14 0.000000e+00
  611 2.389681e-14 0.000000e+00
  612 2.206426e-14 0.000000e+00
  613 2.046686e-14 0.000000e+00
  614 1.844391e-14 0.000000e+00
  615 1.883289e-14 0.000000e+00
  616 1.442505e-14 0.000000e+00
  617 1.240556e-14 0.000000e+00
  618 1.037366e-14 0.000000e+00
  619 8.257004e-15 0.000000e+00
  620 6.159719e-15 0.000000e+00
  621 3.990492e-15 0.000000e+00
  622 1.814592e-15 0.000000e+00
  623 -1.489626e-16 0.000000e+00
  624 -2.453343e-15 0.000000e+00
  625 -2.390238e-15 0.000000e+00
  626 -7.195070e-15 0.000000e+00
  627 -9.481277e-15 0.000000e+00
  628 -1.180396e-14 0.000000e+00
  629 -1.414415e-14 0.000000e+00
  630 -1.657317e-14 0.000000e+00
  631 -1.891570e-14 0.000000e+00
  632 -2.131981e-14 0.000000e+00
  633 -2.354255e-14 0.000000e+00
  634 -2.598472e-14 0.000000e+00
  635 -2.619716e-14 0.000000e+00
  636 -3.103683e-14 0.000000e+00
  637 -3.344083e-14 0.000000e+00
  638 -3.590643e-14 0.000000e+00
  639 -3.828914e-14 0.000000e+00
  640 -4.076756e-14 0.000000e+00
  641 -4.318175e-14 0.000000e+00
  642 -4.561010e-14 0.000000e+00
  643 -4.774511e-14 0.000000e+00
  644 -5.024479e-14 0.000000e+00
  645 -5.081531e-14 0.000000e+00
  646 -5.515728e-14 0.000000e+00
  647 -5.754315e-14 0.000000e+00
  648 -5.975543e-14 0.000000e+00
  649 -6.203110e-14 0.000000e+00
  650 -6.428120e-14 0.000000e+00
  651 -6.649641e-14 0.000000e+00
  652 -6.872736e-14 1.785297e-02
  653 -7.063329e-14 0.000000e+00
  654 -7.283175e-14 0.000000e+00
  655 -7.384218e-14 0.000000e+00
  656 -7.709581e-14 0.000000e+00
  657 -7.918064e-14 0.000000e+00
  658 -8.096302e-14 0.000000e+00
  659 -8.284100e-14 0.000000e+00
  660 -8.468561e-14 0.000000e+00
  661 -8.645257e-14 0.000000e+00
  662 -8.817588e-14 0.000000e+00
  663 -8.971407e-14 0.000000e+00
  664 -9.133396e-14 0.000000e+00
  665 -9.258933e-14 0.000000e+00
  666 -9.447389e-14 0.000000e+00
  667 -9.601749e-14 0.000000e+00
  668 -9.713409e-14 0.000000e+00
  669 -9.842287e-14 0.000000e+00
  670 -9.954187e-14 0.000000e+00
  671 -1.006641e-13 0.000000e+00
  672 -1.017782e-13 0.000000e+00
  673 -1.027947e-13 0.000000e+00
  674 -1.036728e-13 0.000000e+00
  675 -1.049445e-13 0.000000e+00
  676 -1.052301e-13 0.000000e+00
  677 -1.060790e-13 0.000000e+00
  678 -1.063630e-13 0.000000e+00
  679 -1.068107e-13 0.000000e+00
  680 -1.071908e-13 0.000000e+00
  681 -1.074958e-13 0.000000e+00
  682 -1.078258e-13 0.000000e+00
  683 -1.080241e-13 0.000000e+00
  684 -1.081054e-13 0.000000e+00
  685 -1.093454e-13 0.000000e+00
  686 -1.079580e-13 0.000000e+00
  687 -1.078126e-13 0.000000e+00
  688 -1.074009e-13 0.000000e+00
  689 -1.070046e-13 0.000000e+00
  690 -1.065873e-13 0.000000e+00
  691 -1.060368e-13 0.000000e+00
  692 -1.055118e-13 0.000000e+00
  693 -1.049065e-13 0.000000e+00
  694 -1.041756e-13 0.000000e+00
  695 -1.051511e-13 0.000000e+00
  696 -1.022882e-13 0.000000e+00
  697 -1.013434e-13 0.000000e+00
  698 -1.000850e-13 0.000000e+00
  699 -9.895884e-14 0.000000e+00
  700 -9.757474e-14 0.000000e+00
  701 -9.631771e-14 0.000000e+00
  702 -9.492705e-14 0.000000e+00
  703 -9.369356e-14 0.000000e+00
  704 -9.207836e-14 0.000000e+00
  705 -9.281126e-14 0.000000e+00
  706 -8.878526e-14 0.000000e+00
  707 -8.705281e-14 0.000000e+00
  708 -8.517978e-14 0.000000e+00
  709 -8.332578e-14 0.000000e+00
  710 -8.131781e-14 0.000000e+00
  711 -7.934433e-14 0.000000e+00
  712 -7.736021e-14 0.000000e+00
  713 -7.542519e-14 0.000000e+00
  714 -7.326220e-14 0.000000e+00
  715 -7.364425e-14 0.000000e+00
  716 -6.877310e-14 0.000000e+00
  717 -6.641649e-14 0.000000e+00
  718 -6.409760e-14 0.000000e+00
  719 -6.169292e-14 0.000000e+00
  720 -5.926146e-14 0.000000e+00
  721 -5.679520e-14 0.000000e+00
  722 -5.429953e-14 0.000000e+00
  723 -5.211229e-14 0.000000e+00
  724 -4.942227e-14 0.000000e+00
  725 -4.934478e-14 0.000000e+00
  726 -4.405840e-14 0.000000e+00
  727 -4.147656e-14 0.000000e+00
  728 -3.879099e-14 0.000000e+00
  729 -3.611909e-14 0.000000e+00
  730 -3.336623e-14 0.000000e+00
  731 -3.064814e-14 0.000000e+00
  732 -2.782613e-14 0.000000e+00
  733 -2.540691e-14 0.000000e+00
  734 -2.246222e-14 0.000000e+00
  735 -2.188836e-14 0.000000e+00
  736 -1.675413e-14 0.000000e+00
  737 -1.395219e-14 0.000000e+00
  738 -1.119972e-14 0.000000e+00
  739 -8.344528e-15 0.000000e+00
  740 -5.541810e-15 0.000000e+00
  741 -2.708504e-15 0.000000e+00
  742 1.463404e-16 0.000000e+00
  743 2.787386e-15 0.000000e+00
  744 5.725643e-15 0.000000e+00
  745 6.867695e-15 0.000000e+00
  746 1.144054e-14 0.000000e+00
  747 1.421988e-14 0.000000e+00
  748 1.703071e-14 0.000000e+00
  749 1.980551e-14 0.000000e+00
  750 2.266108e-14 0.000000e+00
  751 2.545086e-14 0.000000e+00
  752 2.821868e-14 1.032067e-02
  753 3.092950e-14 0.000000e+00
  754 3.366882e-14 0.000000e+00
  755 3.562842e-14 0.000000e+00
  756 3.923743e-14 0.000000e+00
  757 4.200045e-14 0.000000e+00
  758 4.464392e-14 0.000000e+00
  759 4.733644e-14 0.000000e+00
  760 5.005920e-14 0.000000e+00
  761 5.271033e-14 0.000000e+00
  762 5.541406e-14 0.000000e+00
  763 5.808572e-14 0.000000e+00
  764 6.066788e-14 0.000000e+00
  765 6.359083e-14 0.000000e+00
  766 6.591871e-14 0.000000e+00
  767 6.853145e-14 0.000000e+00
  768 7.106146e-14 0.000000e+00
  769 7.362261e-14 0.000000e+00
  770 7.604252e-14 0.000000e+00
  771 7.866573e-14 0.000000e+00
  772 8.113383e-14 0.000000e+00
  773 8.382177e-14 0.000000e+00
  774 8.628376e-14 0.000000e+00
  775 9.064611e-14 0.000000e+00
  776 9.113738e-14 0.000000e+00
  777 9.354691e-14 0.000000e+00
  778 9.607246e-14 0.000000e+00
  779 9.845498e-14 0.000000e+00
  780 1.006789e-13 0.000000e+00
  781 1.032009e-13 0.000000e+00
  782 1.055162e-13 0.000000e+00
  783 1.083399e-13 0.000000e+00
  784 1.107046e-13 0.000000e+00
  785 1.166992e-13 0.000000e+00
  786 1.151762e-13 0.000000e+00
  787 1.174953e-13 0.000000e+00
  788 1.198996e-13 0.000000e+00
  789 1.222201e-13 0.000000e+00
  790 1.243642e-13 0.000000e+00
  791 1.267598e-13 0.000000e+00
  792 1.289802e-13 0.000000e+00
  793 1.321498e-13 0.000000e+00
  794 1.343346e-13 0.000000e+00
  795 1.422313e-13 0.000000e+00
  796 1.385852e-13 0.000000e+00
  797 1.409344e-13 0.000000e+00
  798 1.432544e-13 0.000000e+00
  799 1.455585e-13 0.000000e+00
  800 1.475557e-13 0.000000e+00
  801 1.500472e-13 0.000000e+00
  802 1.522289e-13 0.000000e+00
  803 1.558507e-13 0.000000e+00
  804 1.578350e-13 0.000000e+00
  805 1.679774e-13 0.000000e+00
  806 1.621473e-13 0.000000e+00
  807 1.643466e-13 0.000000e+00
  808 1.667744e-13 0.000000e+00
  809 1.691276e-13 0.000000e+00
  810 1.712246e-13 0.000000e+00
  811 1.737379e-13 0.000000e+00
  812 1.759840e-13 0.000000e+00
  813 1.801743e-13 0.000000e+00
  814 1.820431e-13 0.000000e+00
  815 1.944447e-13 0.000000e+00
  816 1.863788e-13 0.000000e+00
  817 1.886371e-13 0.000000e+00
  818 1.911796e-13 0.000000e+00
  819 1.938002e-13 0.000000e+00
  820 1.959173e-13 0.000000e+00
  821 1.986238e-13 0.000000e+00
  822 2.009965e-13 0.000000e+00
  823 2.058098e-13 0.000000e+00
  824 2.074192e-13 0.000000e+00
  825 2.222054e-13 0.000000e+00
  826 2.119816e-13 0.000000e+00
  827 2.142932e-13 0.000000e+00
  828 2.171067e-13 0.000000e+00
  829 2.198967e-13 0.000000e+00
  830 2.223572e-13 0.000000e+00
  831 2.251633e-13 0.000000e+00
  832 2.276238e-13 0.000000e+00
  833 2.329671e-13 0.000000e+00
  834 2.346339e-13 0.000000e+00
  835 2.512329e-13 0.000000e+00
  836 2.391702e-13 0.000000e+00
  837 2.419092e-13 0.000000e+00
  838 2.447267e-13 0.000000e+00
  839 2.479032e-13 0.000000e+00
  840 2.502585e-13 0.000000e+00
  841 2.534470e-13 0.000000e+00
  842 2.557349e-13 0.000000e+00
  843 2.617853e-13 0.000000e+00
  844 2.636255e-13 0.000000e+00
  845 2.812683e-13 0.000000e+00
  846 2.680252e-13 0.000000e+00
  847 2.707150e-13 0.000000e+00
  848 2.740459e-13 0.000000e+00
  849 2.774312e-13 0.000000e+00
  850 2.796589e-13 0.000000e+00
  851 2.828511e-13 0.000000e+00
  852 2.854826e-13 6.253517e-03
  853 2.919128e-13 0.000000e+00
  854 2.937110e-13 0.000000e+00
  855 3.119147e-13 0.000000e+00
  856 2.977535e-13 0.000000e+00
  857 3.003240e-13 0.000000e+00
  858 3.040468e-13 0.000000e+00
  859 3.072056e-13 0.000000e+00
  860 3.096538e-13 0.000000e+00
  861 3.124622e-13 0.000000e+00
  862 3.152306e-13 0.000000e+00
  863 3.216569e-13 0.000000e+00
  864 3.237165e-13 0.000000e+00
  865 3.412542e-13 0.000000e+00
  866 3.268636e-13 0.000000e+00
  867 3.290496e-13 0.000000e+00
  868 3.329194e-13 0.000000e+00
  869 3.356812e-13 0.000000e+00
  870 3.379337e-13 0.000000e+00
  871 3.405606e-13 0.000000e+00
  872 3.430207e-13 0.000000e+00
  873 3.492523e-13 0.000000e+00
  874 3.507602e-13 0.000000e+00
  875 3.674944e-13 0.000000e+00
  876 3.527010e-13 0.000000e+00
  877 3.542255e-13 0.000000e+00
  878 3.582315e-13 0.000000e+00
  879 3.603066e-13 0.000000e+00
  880 3.621774e-13 0.000000e+00
  881 3.639254e-13 0.000000e+00
  882 3.656959e-13 0.000000e+00
  883 3.714900e-13 0.000000e+00
  884 3.719923e-13 0.000000e+00
  885 3.871932e-13 0.000000e+00
  886 3.720431e-13 0.000000e+00
  887 3.727451e-13 0.000000e+00
  888 3.759941e-13 0.000000e+00
  889 3.769508e-13 0.000000e+00
  890 3.779341e-13 0.000000e+00
  891 3.784816e-13 0.000000e+00
  892 3.791869e-13 0.000000e+00
  893 3.840328e-13 0.000000e+00
  894 3.828524e-13 0.000000e+00
  895 3.969291e-13 0.000000e+00
  896 3.802021e-13 0.000000e+00
  897 3.793754e-13 0.000000e+00
  898 3.814251e-13 0.000000e+00
  899 3.811160e-13 0.000000e+00
  900 3.804634e-13 0.000000e+00
  901 3.797588e-13 0.000000e+00
  902 3.785917e-13 0.000000e+00
  903 3.814099e-13 0.000000e+00
  904 3.788955e-13 0.000000e+00
  905 3.914583e-13 0.000000e+00
  906 3.720842e-13 0.000000e+00
  907 3.695845e-13 0.000000e+00
  908 3.697481e-13 0.000000e+00
  909 3.675327e-13 0.000000e+00
  910 3.645839e-13 0.000000e+00
  911 3.615893e-13 0.000000e+00
  912 3.586799e-13 0.000000e+00
  913 3.588625e-13 0.000000e+00
  914 3.542444e-13 0.000000e+00
  915 3.660309e-13 0.000000e+00
  916 3.427786e-13 0.000000e+00
  917 3.376259e-13 0.000000e+00
  918 3.351355e-13 0.000000e+00
  919 3.305623e-13 0.000000e+00
  920 3.250375e-13 0.000000e+00
  921 3.194889e-13 0.000000e+00
  922 3.138856e-13 0.000000e+00
  923 3.120540e-13 0.000000e+00
  924 3.044421e-13 0.000000e+00
  925 3.169470e-13 0.000000e+00
  926 2.873462e-13 0.000000e+00
  927 2.796846e-13 0.000000e+00
  928 2.743808e-13 0.000000e+00
  929 2.665876e-13 0.000000e+00
  930 2.583777e-13 0.000000e+00
  931 2.503195e-13 0.000000e+00
  932 2.412903e-13 0.000000e+00
  933 2.378880e-13 0.000000e+00
  934 2.268157e-13 0.000000e+00
  935 2.394987e-13 0.000000e+00
  936 2.040646e-13 0.000000e+00
  937 1.933800e-13 0.000000e+00
  938 1.848529e-13 0.000000e+00
  939 1.751055e-13 0.000000e+00
  940 1.637607e-13 0.000000e+00
  941 1.528926e-13 0.000000e+00
  942 1.410102e-13 0.000000e+00
  943 1.352950e-13 0.000000e+00
  944 1.218503e-13 0.000000e+00
  945 1.340929e-13 0.000000e+00
  946 9.392290e-14 0.000000e+00
  947 8.006851e-14 0.000000e+00
  948 6.939098e-14 0.000000e+00
  949 5.674330e-14 0.000000e+00
  950 4.372347e-14 0.000000e+00
  951 3.010681e-14 0.000000e+00
  952 1.625300e-14 1.204206e-02
  953 8.916760e-15 0.000000e+00
  954 -7.566666e-15 0.000000e+00
  955 4.341909e-15 0.000000e+00
  956 -3.872676e-14 0.000000e+00
  957 -5.504934e-14 0.000000e+00
  958 -6.694793e-14 0.000000e+00
  959 -8.141233e-14 0.000000e+00
  960 -9.608956e-14 0.000000e+00
  961 -1.111120e-13 0.000000e+00
  962 -1.257915e-13 0.000000e+00
  963 -1.345134e-13 0.000000e+00
  964 -1.517481e-13 0.000000e+00
  965 -1.430745e-13 0.000000e+00
  966 -1.851974e-13 0.000000e+00
  967 -2.026114e-13 0.000000e+00
  968 -2.142699e-13 0.000000e+00
  969 -2.293645e-13 0.000000e+00
  970 -2.434018e-13 0.000000e+00
  971 -2.592482e-13 0.000000e+00
  972 -2.738404e-13 0.000000e+00
  973 -2.828942e-13 0.000000e+00
  974 -2.993146e-13 0.000000e+00
  975 -2.956100e-13 0.000000e+00
  976 -3.322612e-13 0.000000e+00
  977 -3.487033e-13 0.000000e+00
  978 -3.591376e-13 0.000000e+00
  979 -3.726729e-13 0.000000e+00
  980 -3.861010e-13 0.000000e+00
  981 -3.998254e-13 0.000000e+00
  982 -4.132662e-13 0.000000e+00
  983 -4.204059e-13 0.000000e+00
  984 -4.357645e-13 0.000000e+00
  985 -4.379682e-13 0.000000e+00
  986 -4.640255e-13 0.000000e+00
  987 -4.788887e-13 0.000000e+00
  988 -4.856391e-13 0.000000e+00
  989 -4.963554e-13 0.000000e+00
  990 -5.073374e-13 0.000000e+00
  991 -5.183861e-13 0.000000e+00
  992 -5.278815e-13 0.000000e+00
  993 -5.334635e-13 0.000000e+00
  994 -5.451194e-13 0.000000e+00
  995 -5.525289e-13 0.000000e+00
  996 -5.663582e-13 0.000000e+00
  997 -5.769159e-13 0.000000e+00
  998 -5.791601e-13 0.000000e+00
  999 -5.858944e-13 0.000000e+00
 1000 -5.930404e-13 0.000000e+00
 1001 -5.993796e-13 0.000000e+00
 1002 -6.051091e-13 0.000000e+00
 1003 -6.076290e-13 0.000000e+00
 1004 -6.139992e-13 0.000000e+00
 1005 -6.253574e-13 0.000000e+00
 1006 -6.249411e-13 0.000000e+00
 1007 -6.309228e-13 0.000000e+00
 1008 -6.288021e-13 0.000000e+00
 1009 -6.305704e-13 0.000000e+00
 1010 -6.330833e-13 0.000000e+00
 1011 -6.343039e-13 0.000000e+00
 1012 -6.349795e-13 0.000000e+00
 1013 -6.333468e-13 0.000000e+00
 1014 -6.347046e-13 0.000000e+00
 1015 -6.481456e-13 0.000000e+00
 1016 -6.350333e-13 0.000000e+00
 1017 -6.354807e-13 0.000000e+00
 1018 -6.280855e-13 0.000000e+00
 1019 -6.253889e-13 0.000000e+00
 1020 -6.224329e-13 0.000000e+00
 1021 -6.182203e-13 0.000000e+00
 1022 -6.140669e-13 0.000000e+00
 1023 -6.082175e-13 0.000000e+00
 1024 -6.042841e-13 0.000000e+00
 1025 -6.153972e-13 0.000000e+00
 1026 -5.934787e-13 0.000000e+00
 1027 -5.886031e-13 0.000000e+00
 1028 -5.774695e-13 0.000000e+00
 1029 -5.696966e-13 0.000000e+00
 1030 -5.624837e-13 0.000000e+00
 1031 -5.547184e-13 0.000000e+00
 1032 -5.454707e-13 0.000000e+00
 1033 -5.368268e-13 0.000000e+00
 1034 -5.272786e-13 0.000000e+00
 1035 -5.338768e-13 0.000000e+00
 1036 -5.084632e-13 0.000000e+00
 1037 -4.991518e-13 0.000000e+00
 1038 -4.844480e-13 0.000000e+00
 1039 -4.729362e-13 0.000000e+00
 1040 -4.617795e-13 0.000000e+00
 1041 -4.498374e-13 0.000000e+00
 1042 -4.373265e-13 0.000000e+00
 1043 -4.251259e-13 0.000000e+00
 1044 -4.123665e-13 0.000000e+00
 1045 -4.133510e-13 0.000000e+00
 1046 -3.863438e-13 0.000000e+00
 1047 -3.736152e-13 0.000000e+00
 1048 -3.576468e-13 0.000000e+00
 1049 -3.438103e-13 0.000000e+00
 1050 -3.298129e-13 0.000000e+00
 1051 -3.152535e-13 0.000000e+00
 1052 -3.006240e-13 6.360146e-03
 1053 -2.862437e-13 0.000000e+00
 1054 -2.714366e-13 0.000000e+00
 1055 -2.660321e-13 0.000000e+00
 1056 -2.417596e-13 0.000000e+00
 1057 -2.270167e-13 0.000000e+00
 1058 -2.102065e-13 0.000000e+00
 1059 -1.947784e-13 0.000000e+00
 1060 -1.793227e-13 0.000000e+00
 1061 -1.633423e-13 0.000000e+00
 1062 -1.478416e-13 0.000000e+00
 1063 -1.325419e-13 0.000000e+00
 1064 -1.169887e-13 0.000000e+00
 1065 -1.051371e-13 0.000000e+00
 1066 -8.567102e-14 0.000000e+00
 1067 -6.952467e-14 0.000000e+00
 1068 -5.363746e-14 0.000000e+00
 1069 -3.791603e-14 0.000000e+00
 1070 -2.219406e-14 0.000000e+00
 1071 -6.362496e-15 0.000000e+00
 1072 8.941987e-15 0.000000e+00
 1073 2.515153e-14 0.000000e+00
 1074 4.039191e-14 0.000000e+00
 1075 5.741768e-14 0.000000e+00
 1076 7.146949e-14 0.000000e+00
 1077 8.691242e-14 0.000000e+00
 1078 1.019295e-13 0.000000e+00
 1079 1.167613e-13 0.000000e+00
 1080 1.319205e-13 0.000000e+00
 1081 1.467300e-13 0.000000e+00
 1082 1.615781e-13 0.000000e+00
 1083 1.769798e-13 0.000000e+00
 1084 1.911036e-13 0.000000e+00
 1085 2.125289e-13 0.000000e+00
 1086 2.204795e-13 0.000000e+00
 1087 2.347023e-13 0.000000e+00
 1088 2.482139e-13 0.000000e+00
 1089 2.621942e-13 0.000000e+00
 1090 2.759807e-13 0.000000e+00
 1091 2.895035e-13 0.000000e+00
 1092 3.033475e-13 0.000000e+00
 1093 3.176764e-13 0.000000e+00
 1094 3.305523e-13 0.000000e+00
 1095 3.552119e-13 0.000000e+00
 1096 3.565478e-13 0.000000e+00
 1097 3.693924e-13 0.000000e+00
 1098 3.813415e-13 0.000000e+00
 1099 3.939718e-13 0.000000e+00
 1100 4.062227e-13 0.000000e+00
 1101 4.182275e-13 0.000000e+00
 1102 4.307920e-13 0.000000e+00
 1103 4.443646e-13 0.000000e+00
 1104 4.555368e-13 0.000000e+00
 1105 4.832052e-13 0.000000e+00
 1106 4.782934e-13 0.000000e+00
 1107 4.894063e-13 0.000000e+00
 1108 5.004364e-13 0.000000e+00
 1109 5.107532e-13 0.000000e+00
 1110 5.214100e-13 0.000000e+00
 1111 5.319961e-13 0.000000e+00
 1112 5.431173e-13 0.000000e+00
 1113 5.558179e-13 0.000000e+00
 1114 5.650498e-13 0.000000e+00
 1115 5.953819e-13 0.000000e+00
 1116 5.845697e-13 0.000000e+00
 1117 5.939718e-13 0.000000e+00
 1118 6.034414e-13 0.000000e+00
 1119 6.130264e-13 0.000000e+00
 1120 6.221161e-13 0.000000e+00
 1121 6.312419e-13 0.000000e+00
 1122 6.405174e-13 0.000000e+00
 1123 6.528626e-13 0.000000e+00
 1124 6.605973e-13 0.000000e+00
 1125 6.929397e-13 0.000000e+00
 1126 6.766342e-13 0.000000e+00
 1127 6.847835e-13 0.000000e+00
 1128 6.928111e-13 0.000000e+00
 1129 7.015300e-13 0.000000e+00
 1130 7.084630e-13 0.000000e+00
 1131 7.164390e-13 0.000000e+00
 1132 7.242255e-13 0.000000e+00
 1133 7.362902e-13 0.000000e+00
 1134 7.420086e-13 0.000000e+00
 1135 7.748497e-13 0.000000e+00
 1136 7.549976e-13 0.000000e+00
 1137 7.613118e-13 0.000000e+00
 1138 7.685719e-13 0.000000e+00
 1139 7.757367e-13 0.000000e+00
 1140 7.820219e-13 0.000000e+00
 1141 7.881867e-13 0.000000e+00
 1142 7.943452e-13 0.000000e+00
 1143 8.059049e-13 0.000000e+00
 1144 8.100945e-13 0.000000e+00
 1145 8.412902e-13 0.000000e+00
 1146 8.193761e-13 0.000000e+00
 1147 8.241314e-13 0.000000e+00
 1148 8.309517e-13 0.000000e+00
 1149 8.363246e-13 0.000000e+00
 1150 8.408560e-13 0.000000e+00
 1151 8.453857e-13 0.000000e+00
 1152 8.501510e-13 5.913462e-03
 1153 8.608924e-13 0.000000e+00
 1154 8.635534e-13 0.000000e+00
 1155 8.917730e-13 0.000000e+00
 1156 8.688673e-13 0.000000e+00
 1157 8.713425e-13 0.000000e+00
 1158 8.775699e-13 0.000000e+00
 1159 8.813164e-13 0.000000e+00
 1160 8.834803e-13 0.000000e+00
 1161 8.871424e-13 0.000000e+00
 1162 8.898874e-13 0.000000e+00
 1163 8.993174e-13 0.000000e+00
 1164 8.987357e-13 0.000000e+00
 1165 9.226714e-13 0.000000e+00
 1166 9.007045e-13 0.000000e+00
 1167 8.998320e-13 0.000000e+00
 1168 9.053012e-13 0.000000e+00
 1169 9.067453e-13 0.000000e+00
 1170 9.075587e-13 0.000000e+00
 1171 9.079478e-13 0.000000e+00
 1172 9.089077e-13 0.000000e+00
 1173 9.157403e-13 0.000000e+00
 1174 9.128615e-13 0.000000e+00
 1175 9.313400e-13 0.000000e+00
 1176 9.085535e-13 0.000000e+00
 1177 9.053425e-13 0.000000e+00
 1178 9.088573e-13 0.000000e+00
 1179 9.078115e-13 0.000000e+00
 1180 9.054990e-13 0.000000e+00
 1181 9.035351e-13 0.000000e+00
 1182 9.009877e-13 0.000000e+00
 1183 9.050212e-13 0.000000e+00
 1184 8.990347e-13 0.000000e+00
 1185 9.119403e-13 0.000000e+00
 1186 8.880921e-13 0.000000e+00
 1187 8.816711e-13 0.000000e+00
 1188 8.825447e-13 0.000000e+00
 1189 8.775199e-13 0.000000e+00
 1190 8.720533e-13 0.000000e+00
 1191 8.662543e-13 0.000000e+00
 1192 8.600316e-13 0.000000e+00
 1193 8.605980e-13 0.000000e+00
 1194 8.507344e-13 0.000000e+00
 1195 8.592233e-13 0.000000e+00
 1196 8.321677e-13 0.000000e+00
 1197 8.215257e-13 0.000000e+00
 1198 8.188162e-13 0.000000e+00
 1199 8.098157e-13 0.000000e+00
 1200 7.997961e-13 0.000000e+00
 1201 7.903295e-13 0.000000e+00
 1202 7.796481e-13 0.000000e+00
 1203 7.758449e-13 0.000000e+00
 1204 7.619218e-13 0.000000e+00
 1205 7.665349e-13 0.000000e+00
 1206 7.332553e-13 0.000000e+00
 1207 7.187583e-13 0.000000e+00
 1208 7.114938e-13 0.000000e+00
 1209 6.985569e-13 0.000000e+00
 1210 6.837783e-13 0.000000e+00
 1211 6.692628e-13 0.000000e+00
 1212 6.540758e-13 0.000000e+00
 1213 6.462030e-13 0.000000e+00
 1214 6.270746e-13 0.000000e+00
 1215 6.320384e-13 0.000000e+00
 1216 5.899821e-13 0.000000e+00
 1217 5.698814e-13 0.000000e+00
 1218 5.574996e-13 0.000000e+00
 1219 5.389722e-13 0.000000e+00
 1220 5.199951e-13 0.000000e+00
 1221 5.006069e-13 0.000000e+00
 1222 4.810193e-13 0.000000e+00
 1223 4.689038e-13 0.000000e+00
 1224 4.442651e-13 0.000000e+00
 1225 4.505097e-13 0.000000e+00
 1226 3.973740e-13 0.000000e+00
 1227 3.731886e-13 0.000000e+00
 1228 3.558112e-13 0.000000e+00
 1229 3.330568e-13 0.000000e+00
 1230 3.087488e-13 0.000000e+00
 1231 2.842091e-13 0.000000e+00
 1232 2.603429e-13 0.000000e+00
 1233 2.450613e-13 0.000000e+00
 1234 2.164565e-13 0.000000e+00
 1235 2.242647e-13 0.000000e+00
 1236 1.619395e-13 0.000000e+00
 1237 1.330797e-13 0.000000e+00
 1238 1.124515e-13 0.000000e+00
 1239 8.602592e-14 0.000000e+00
 1240 5.862932e-14 0.000000e+00
 1241 3.131029e-14 0.000000e+00
 1242 3.641438e-15 0.000000e+00
 1243 -1.408355e-14 0.000000e+00
 1244 -4.549704e-14 0.000000e+00
 1245 -3.742108e-14 0.000000e+00
 1246 -1.074622e-13 0.000000e+00
 1247 -1.386706e-13 0.000000e+00
 1248 -1.620918e-13 0.000000e+00
 1249 -1.912492e-13 0.000000e+00
 1250 -2.201898e-13 0.000000e+00
 1251 -2.498833e-13 0.000000e+00
 1252 -2.784509e-13 0.000000e+00
 1253 -2.975385e-13 0.000000e+00
 1254 -3.307339e-13 0.000000e+00
 1255 -3.247154e-13 0.000000e+00
 1256 -3.949002e-13 0.000000e+00
 1257 -4.268895e-13 0.000000e+00
 1258 -4.502998e-13 0.000000e+00
 1259 -4.796573e-13 0.000000e+00
 1260 -5.091883e-13 0.000000e+00
 1261 -5.380378e-13 0.000000e+00
 1262 -5.669253e-13 0.000000e+00
 1263 -5.846830e-13 0.000000e+00
 1264 -6.172093e-13 0.000000e+00
 1265 -6.149898e-13 0.000000e+00
 1266 -6.791599e-13 0.000000e+00
 1267 -7.096945e-13 0.000000e+00
 1268 -7.298156e-13 0.000000e+00
 1269 -7.564473e-13 0.000000e+00
 1270 -7.840723e-13 0.000000e+00
 1271 -8.096777e-13 0.000000e+00
 1272 -8.359468e-13 0.000000e+00
 1273 -8.515383e-13 0.000000e+00
 1274 -8.803410e-13 0.000000e+00
 1275 -8.842784e-13 0.000000e+00
 1276 -9.347994e-13 0.000000e+00
 1277 -9.614867e-13 0.000000e+00
 1278 -9.765654e-13 0.000000e+00
 1279 -9.987564e-13 0.000000e+00
 1280 -1.021212e-12 0.000000e+00
 1281 -1.041966e-12 0.000000e+00
 1282 -1.062778e-12 0.000000e+00
 1283 -1.074066e-12 0.000000e+00
 1284 -1.096579e-12 0.000000e+00
 1285 -1.107880e-12 0.000000e+00
 1286 -1.138862e-12 0.000000e+00
 1287 -1.158835e-12 0.000000e+00
 1288 -1.166361e-12 0.000000e+00
 1289 -1.181997e-12 0.000000e+00
 1290 -1.196969e-12 0.000000e+00
 1291 -1.210795e-12 0.000000e+00
 1292 -1.224218e-12 0.000000e+00
 1293 -1.229702e-12 0.000000e+00
 1294 -1.243742e-12 0.000000e+00
 1295 -1.260474e-12 0.000000e+00
 1296 -1.269339e-12 0.000000e+00
 1297 -1.280867e-12 0.000000e+00
 1298 -1.280472e-12 0.000000e+00
 1299 -1.286944e-12 0.000000e+00
 1300 -1.293299e-12 0.000000e+00
 1301 -1.298399e-12 0.000000e+00
 1302 -1.303114e-12 0.000000e+00
 1303 -1.301758e-12 0.000000e+00
 1304 -1.306297e-12 0.000000e+00
 1305 -1.326039e-12 0.000000e+00
 1306 -1.312760e-12 0.000000e+00
 1307 -1.314757e-12 0.000000e+00
 1308 -1.305703e-12 0.000000e+00
 1309 -1.303332e-12 0.000000e+00
 1310 -1.299862e-12 0.000000e+00
 1311 -1.296334e-12 0.000000e+00
 1312 -1.291295e-12 0.000000e+00
 1313 -1.282847e-12 0.000000e+00
 1314 -1.277125e-12 0.000000e+00
 1315 -1.295278e-12 0.000000e+00
 1316 -1.264323e-12 0.000000e+00
 1317 -1.256838e-12 0.000000e+00
 1318 -1.239390e-12 0.000000e+00
 1319 -1.227880e-12 0.000000e+00
 1320 -1.215885e-12 0.000000e+00
 1321 -1.203327e-12 0.000000e+00
 1322 -1.189578e-12 0.000000e+00
 1323 -1.174009e-12 0.000000e+00
 1324 -1.159227e-12 0.000000e+00
 1325 -1.171273e-12 0.000000e+00
 1326 -1.128699e-12 0.000000e+00
 1327 -1.112616e-12 0.000000e+00
 1328 -1.088712e-12 0.000000e+00
 1329 -1.069036e-12 0.000000e+00
 1330 -1.049425e-12 0.000000e+00
 1331 -1.029061e-12 0.000000e+00
 1332 -1.007946e-12 0.000000e+00
 1333 -9.861785e-13 0.000000e+00
 1334 -9.640220e-13 0.000000e+00
 1335 -9.673402e-13 0.000000e+00
 1336 -9.187460e-13 0.000000e+00
 1337 -8.953269e-13 0.000000e+00
 1338 -8.667363e-13 0.000000e+00
 1339 -8.414483e-13 0.000000e+00
 1340 -8.154911e-13 0.000000e+00
 1341 -7.893703e-13 0.000000e+00
 1342 -7.627067e-13 0.000000e+00
 1343 -7.360024e-13 0.000000e+00
 1344 -7.083213e-13 0.000000e+00
 1345 -7.012261e-13 0.000000e+00
 1346 -6.528146e-13 0.000000e+00
 1347 -6.243000e-13 0.000000e+00
 1348 -5.927481e-13 0.000000e+00
 1349 -5.633129e-13 0.000000e+00
 1350 -5.338259e-13 0.000000e+00
 1351 -5.035226e-13 0.000000e+00
 1352 -4.735665e-13 0.000000e+00
 1353 -4.437162e-13 0.000000e+00
 1354 -4.125834e-13 0.000000e+00
 1355 -3.944821e-13 0.000000e+00
 1356 -3.508606e-13 0.000000e+00
 1357 -3.194320e-13 0.000000e+00
 1358 -2.870822e-13 0.000000e+00
 1359 -2.556019e-13 0.000000e+00
 1360 -2.242006e-13 0.000000e+00
 1361 -1.922909e-13 0.000000e+00
 1362 -1.610041e-13 0.000000e+00
 1363 -1.293207e-13 0.000000e+00
 1364 -9.768981e-14 0.000000e+00
 1365 -6.828702e-14 0.000000e+00
 1366 -3.357353e-14 0.000000e+00
 1367 -1.868451e-15 0.000000e+00
 1368 3.059461e-14 0.000000e+00
 1369 6.226254e-14 0.000000e+00
 1370 9.378724e-14 0.000000e+00
 1371 1.253449e-13 0.000000e+00
 1372 1.566766e-13 0.000000e+00
 1373 1.891401e-13 0.000000e+00
 1374 2.204197e-13 0.000000e+00
 1375 2.599117e-13 0.000000e+00
 1376 2.836182e-13 0.000000e+00
 1377 3.147680e-13 0.000000e+00
 1378 3.459812e-13 0.000000e+00
 1379 3.764325e-13 0.000000e+00
 1380 4.068956e-13 0.000000e+00
 1381 4.373980e-13 0.000000e+00
 1382 4.666262e-13 0.000000e+00
 1383 4.995932e-13 0.000000e+00
 1384 5.279452e-13 0.000000e+00
 1385 5.772670e-13 0.000000e+00
 1386 5.863925e-13 0.000000e+00
 1387 6.145228e-13 0.000000e+00
 1388 6.435848e-13 0.000000e+00
 1389 6.724134e-13 0.000000e+00
 1390 6.998541e-13 0.000000e+00
 1391 7.278321e-13 0.000000e+00
 1392 7.559026e-13 0.000000e+00
 1393 7.883425e-13 0.000000e+00
 1394 8.137621e-13 0.000000e+00
 1395 8.740296e-13 0.000000e+00
 1396 8.678854e-13 0.000000e+00
 1397 8.937619e-13 0.000000e+00
 1398 9.187181e-13 0.000000e+00
 1399 9.455141e-13 0.000000e+00
 1400 9.711041e-13 0.000000e+00
 1401 9.960078e-13 0.000000e+00
 1402 1.021553e-12 0.000000e+00
 1403 1.053716e-12 0.000000e+00
 1404 1.075817e-12 0.000000e+00
 1405 1.147467e-12 0.000000e+00
 1406 1.123340e-12 0.000000e+00
 1407 1.146025e-12 0.000000e+00
 1408 1.169812e-12 0.000000e+00
 1409 1.193348e-12 0.000000e+00
 1410 1.216232e-12 0.000000e+00
 1411 1.238744e-12 0.000000e+00
 1412 1.261244e-12 0.000000e+00
 1413 1.293277e-12 0.000000e+00
 1414 1.312091e-12 0.000000e+00
 1415 1.392980e-12 0.000000e+00
 1416 1.352877e-12 0.000000e+00
 1417 1.372449e-12 0.000000e+00
 1418 1.393263e-12 0.000000e+00
 1419 1.413994e-12 0.000000e+00
 1420 1.433780e-12 0.000000e+00
 1421 1.453086e-12 0.000000e+00
 1422 1.473231e-12 0.000000e+00
 1423 1.506185e-12 0.000000e+00
 1424 1.521773e-12 0.000000e+00
 1425 1.611847e-12 0.000000e+00
 1426 1.554278e-12 0.000000e+00
 1427 1.572784e-12 0.000000e+00
 1428 1.591708e-12 0.000000e+00
 1429 1.610028e-12 0.000000e+00
 1430 1.626875e-12 0.000000e+00
 1431 1.643594e-12 0.000000e+00
 1432 1.660441e-12 0.000000e+00
 1433 1.695653e-12 0.000000e+00
 1434 1.707053e-12 0.000000e+00
 1435 1.803228e-12 0.000000e+00
 1436 1.733472e-12 0.000000e+00
 1437 1.747879e-12 0.000000e+00
 1438 1.765561e-12 0.000000e+00
 1439 1.781912e-12 0.000000e+00
 1440 1.796007e-12 0.000000e+00
 1441 1.810349e-12 0.000000e+00
 1442 1.825250e-12 0.000000e+00
 1443 1.860172e-12 0.000000e+00
 1444 1.867138e-12 0.000000e+00
 1445 1.965294e-12 0.000000e+00
 1446 1.886428e-12 0.000000e+00
 1447 1.897057e-12 0.000000e+00
 1448 1.914513e-12 0.000000e+00
 1449 1.928571e-12 0.000000e+00
 1450 1.938817e-12 0.000000e+00
 1451 1.951298e-12 0.000000e+00
 1452 1.962942e-12 4.348219e-03
 1453 1.998146e-12 0.000000e+00
 1454 2.001580e-12 0.000000e+00
 1455 2.096728e-12 0.000000e+00
 1456 2.013053e-12 0.000000e+00
 1457 2.018964e-12 0.000000e+00
 1458 2.037309e-12 0.000000e+00
 1459 2.048435e-12 0.000000e+00
 1460 2.055265e-12 0.000000e+00
 1461 2.065412e-12 0.000000e+00
 1462 2.073892e-12 0.000000e+00
 1463 2.106617e-12 0.000000e+00
 1464 2.107297e-12 0.000000e+00
 1465 2.192085e-12 0.000000e+00
 1466 2.109265e-12 0.000000e+00
 1467 2.110337e-12 0.000000e+00
 1468 2.128775e-12 0.000000e+00
 1469 2.136454e-12 0.000000e+00
 1470 2.138249e-12 0.000000e+00
 1471 2.146049e-12 0.000000e+00
 1472 2.150456e-12 0.000000e+00
 1473 2.182255e-12 0.000000e+00
 1474 2.176300e-12 0.000000e+00
 1475 2.248025e-12 0.000000e+00
 1476 2.168830e-12 0.000000e+00
 1477 2.164449e-12 0.000000e+00
 1478 2.182719e-12 0.000000e+00
 1479 2.184985e-12 0.000000e+00
 1480 2.184538e-12 0.000000e+00
 1481 2.186611e-12 0.000000e+00
 1482 2.185321e-12 0.000000e+00
 1483 2.214332e-12 0.000000e+00
 1484 2.203577e-12 0.000000e+00
 1485 2.258163e-12 0.000000e+00
 1486 2.184681e-12 0.000000e+00
 1487 2.172648e-12 0.000000e+00
 1488 2.190330e-12 0.000000e+00
 1489 2.185794e-12 0.000000e+00
 1490 2.180156e-12 0.000000e+00
 1491 2.176495e-12 0.000000e+00
 1492 2.170183e-12 0.000000e+00
 1493 2.192717e-12 0.000000e+00
 1494 2.176042e-12 0.000000e+00
 1495 2.211639e-12 0.000000e+00
 1496 2.143314e-12 0.000000e+00
 1497 2.123723e-12 0.000000e+00
 1498 2.137614e-12 0.000000e+00
 1499 2.125972e-12 0.000000e+00
 1500 2.114811e-12 0.000000e+00
 1501 2.103090e-12 0.000000e+00
 1502 2.091348e-12 0.000000e+00
 1503 2.105669e-12 0.000000e+00
 1504 2.083506e-12 0.000000e+00
 1505 2.099401e-12 0.000000e+00
 1506 2.033707e-12 0.000000e+00
 1507 2.005297e-12 0.000000e+00
 1508 2.013636e-12 0.000000e+00
 1509 1.995305e-12 0.000000e+00
 1510 1.975306e-12 0.000000e+00
 1511 1.956911e-12 0.000000e+00
 1512 1.935479e-12 0.000000e+00
 1513 1.943962e-12 0.000000e+00
 1514 1.912337e-12 0.000000e+00
 1515 1.914358e-12 0.000000e+00
 1516 1.844050e-12 0.000000e+00
 1517 1.808419e-12 0.000000e+00
 1518 1.808435e-12 0.000000e+00
 1519 1.781114e-12 0.000000e+00
 1520 1.753500e-12 0.000000e+00
 1521 1.725400e-12 0.000000e+00
 1522 1.695760e-12 0.000000e+00
 1523 1.696987e-12 0.000000e+00
 1524 1.656407e-12 0.000000e+00
 1525 1.649116e-12 0.000000e+00
 1526 1.567887e-12 0.000000e+00
 1527 1.523067e-12 0.000000e+00
 1528 1.515186e-12 0.000000e+00
 1529 1.477389e-12 0.000000e+00
 1530 1.442650e-12 0.000000e+00
 1531 1.404630e-12 0.000000e+00
 1532 1.365803e-12 0.000000e+00
 1533 1.358637e-12 0.000000e+00
 1534 1.309576e-12 0.000000e+00
 1535 1.298620e-12 0.000000e+00
 1536 1.201756e-12 0.000000e+00
 1537 1.147930e-12 0.000000e+00
 1538 1.131058e-12 0.000000e+00
 1539 1.085326e-12 0.000000e+00
 1540 1.041535e-12 0.000000e+00
 1541 9.951024e-13 0.000000e+00
 1542 9.468076e-13 0.000000e+00
 1543 9.339862e-13 0.000000e+00
 1544 8.738085e-13 0.000000e+00
 1545 8.645277e-13 0.000000e+00
 1546 7.495708e-13 0.000000e+00
 1547 6.882605e-13 0.000000e+00
 1548 6.633343e-13 0.000000e+00
 1549 6.103495e-13 0.000000e+00
 1550 5.588809e-13 0.000000e+00
 1551 5.041388e-13 0.000000e+00
 1552 4.505420e-13 0.000000e+00
 1553 4.316349e-13 0.000000e+00
 1554 3.630618e-13 0.000000e+00
 1555 3.536793e-13 0.000000e+00
 1556 2.276397e-13 0.000000e+00
 1557 1.582994e-13 0.000000e+00
 1558 1.298997e-13 0.000000e+00
 1559 6.945056e-14 0.000000e+00
 1560 1.312743e-14 0.000000e+00
 1561 -4.511961e-14 0.000000e+00
 1562 -1.055350e-13 0.000000e+00
 1563 -1.259991e-13 0.000000e+00
 1564 -2.011340e-13 0.000000e+00
 1565 -2.123671e-13 0.000000e+00
 1566 -3.434728e-13 0.000000e+00
 1567 -4.167764e-13 0.000000e+00
 1568 -4.460621e-13 0.000000e+00
 1569 -5.096732e-13 0.000000e+00
 1570 -5.679152e-13 0.000000e+00
 1571 -6.280963e-13 0.000000e+00
 1572 -6.886230e-13 0.000000e+00
 1573 -7.103812e-13 0.000000e+00
 1574 -7.851372e-13 0.000000e+00
 1575 -8.068504e-13 0.000000e+00
 1576 -9.287756e-13 0.000000e+00
 1577 -1.002298e-12 0.000000e+00
 1578 -1.026931e-12 0.000000e+00
 1579 -1.089631e-12 0.000000e+00
 1580 -1.145726e-12 0.000000e+00
 1581 -1.204809e-12 0.000000e+00
 1582 -1.261488e-12 0.000000e+00
 1583 -1.280811e-12 0.000000e+00
 1584 -1.351391e-12 0.000000e+00
 1585 -1.391527e-12 0.000000e+00
 1586 -1.486421e-12 0.000000e+00
 1587 -1.556873e-12 0.000000e+00
 1588 -1.573422e-12 0.000000e+00
 1589 -1.628395e-12 0.000000e+00
 1590 -1.680656e-12 0.000000e+00
 1591 -1.732996e-12 0.000000e+00
 1592 -1.781802e-12 0.000000e+00
 1593 -1.794942e-12 0.000000e+00
 1594 -1.860249e-12 0.000000e+00
 1595 -1.918169e-12 0.000000e+00
 1596 -1.975948e-12 0.000000e+00
 1597 -2.035826e-12 0.000000e+00
 1598 -2.041830e-12 0.000000e+00
 1599 -2.086271e-12 0.000000e+00
 1600 -2.128492e-12 0.000000e+00
 1601 -2.168739e-12 0.000000e+00
 1602 -2.206794e-12 0.000000e+00
 1603 -2.214231e-12 0.000000e+00
 1604 -2.263291e-12 0.000000e+00
 1605 -2.343415e-12 0.000000e+00
 1606 -2.354361e-12 0.000000e+00
 1607 -2.400854e-12 0.000000e+00
 1608 -2.392501e-12 0.000000e+00
 1609 -2.421911e-12 0.000000e+00
 1610 -2.451723e-12 0.000000e+00
 1611 -2.476568e-12 0.000000e+00
 1612 -2.501492e-12 0.000000e+00
 1613 -2.499298e-12 0.000000e+00
 1614 -2.530581e-12 0.000000e+00
 1615 -2.626651e-12 0.000000e+00
 1616 -2.590290e-12 0.000000e+00
 1617 -2.620214e-12 0.000000e+00
 1618 -2.595376e-12 0.000000e+00
 1619 -2.609688e-12 0.000000e+00
 1620 -2.622375e-12 0.000000e+00
 1621 -2.632074e-12 0.000000e+00
 1622 -2.640685e-12 0.000000e+00
 1623 -2.627857e-12 0.000000e+00
 1624 -2.639745e-12 0.000000e+00
 1625 -2.742276e-12 0.000000e+00
 1626 -2.663753e-12 0.000000e+00
 1627 -2.675840e-12 0.000000e+00
 1628 -2.636382e-12 0.000000e+00
 1629 -2.634028e-12 0.000000e+00
 1630 -2.628788e-12 0.000000e+00
 1631 -2.622639e-12 0.000000e+00
 1632 -2.613872e-12 0.000000e+00
 1633 -2.590844e-12 0.000000e+00
 1634 -2.583760e-12 0.000000e+00
 1635 -2.680063e-12 0.000000e+00
 1636 -2.571543e-12 0.000000e+00
 1637 -2.564126e-12 0.000000e+00
 1638 -2.514124e-12 0.000000e+00
 1639 -2.495683e-12 0.000000e+00
 1640 -2.474080e-12 0.000000e+00
 1641 -2.451832e-12 0.000000e+00
 1642 -2.427173e-12 0.000000e+00
 1643 -2.393881e-12 0.000000e+00
 1644 -2.369868e-12 0.000000e+00
 1645 -2.451863e-12 0.000000e+00
 1646 -2.325545e-12 0.000000e+00
 1647 -2.301162e-12 0.000000e+00
 1648 -2.243056e-12 0.000000e+00
 1649 -2.209167e-12 0.000000e+00
 1650 -2.175209e-12 0.000000e+00
 1651 -2.140454e-12 0.000000e+00
 1652 -2.103377e-12 0.000000e+00
 1653 -2.059501e-12 0.000000e+00
 1654 -2.022379e-12 0.000000e+00
 1655 -2.081001e-12 0.000000e+00
 1656 -1.949843e-12 0.000000e+00
 1657 -1.914120e-12 0.000000e+00
 1658 -1.849128e-12 0.000000e+00
 1659 -1.805284e-12 0.000000e+00
 1660 -1.760609e-12 0.000000e+00
 1661 -1.716270e-12 0.000000e+00
 1662 -1.669620e-12 0.000000e+00
 1663 -1.617742e-12 0.000000e+00
 1664 -1.572400e-12 0.000000e+00
 1665 -1.603392e-12 0.000000e+00
 1666 -1.480266e-12 0.000000e+00
 1667 -1.435369e-12 0.000000e+00
 1668 -1.367991e-12 0.000000e+00
 1669 -1.318387e-12 0.000000e+00
 1670 -1.266641e-12 0.000000e+00
 1671 -1.216166e-12 0.000000e+00
 1672 -1.162224e-12 0.000000e+00
 1673 -1.108267e-12 0.000000e+00
 1674 -1.057012e-12 0.000000e+00
 1675 -1.062171e-12 0.000000e+00
 1676 -9.538218e-13 0.000000e+00
 1677 -9.029951e-13 0.000000e+00
 1678 -8.378620e-13 0.000000e+00
 1679 -7.851875e-13 0.000000e+00
 1680 -7.307075e-13 0.000000e+00
 1681 -6.773134e-13 0.000000e+00
 1682 -6.222134e-13 0.000000e+00
 1683 -5.664599e-13 0.000000e+00
 1684 -5.143240e-13 0.000000e+00
 1685 -4.970909e-13 0.000000e+00
 1686 -4.082786e-13 0.000000e+00
 1687 -3.560630e-13 0.000000e+00
 1688 -2.946034e-13 0.000000e+00
 1689 -2.416793e-13 0.000000e+00
 1690 -1.884698e-13 0.000000e+00
 1691 -1.359455e-13 0.000000e+00
 1692 -8.315215e-14 0.000000e+00
 1693 -2.802500e-14 0.000000e+00
 1694 2.266034e-14 0.000000e+00
 1695 5.471940e-14 0.000000e+00
 1696 1.244765e-13 0.000000e+00
 1697 1.740292e-13 0.000000e+00
 1698 2.298402e-13 0.000000e+00
 1699 2.797369e-13 0.000000e+00
 1700 3.293517e-13 0.000000e+00
 1701 3.786540e-13 0.000000e+00
 1702 4.271436e-13 0.000000e+00
 1703 4.781315e-13 0.000000e+00
 1704 5.249278e-13 0.000000e+00
 1705 5.650933e-13 0.000000e+00
 1706 6.170907e-13 0.000000e+00
 1707 6.620585e-13 0.000000e+00
 1708 7.108124e-13 0.000000e+00
 1709 7.554878e-13 0.000000e+00
 1710 7.994450e-13 0.000000e+00
 1711 8.433429e-13 0.000000e+00
 1712 8.856689e-13 0.000000e+00
 1713 9.311573e-13 0.000000e+00
 1714 9.721907e-13 0.000000e+00
 1715 1.014586e-12 0.000000e+00
 1716 1.050857e-12 0.000000e+00
 1717 1.089332e-12 0.000000e+00
 1718 1.130647e-12 0.000000e+00
 1719 1.167525e-12 0.000000e+00
 1720 1.204990e-12 0.000000e+00
 1721 1.241925e-12 0.000000e+00
 1722 1.277023e-12 0.000000e+00
 1723 1.317054e-12 0.000000e+00
 1724 1.349864e-12 0.000000e+00
 1725 1.389734e-12 0.000000e+00
 1726 1.412929e-12 0.000000e+00
 1727 1.443890e-12 0.000000e+00
 1728 1.477870e-12 0.000000e+00
 1729 1.507542e-12 0.000000e+00
 1730 1.536614e-12 0.000000e+00
 1731 1.564744e-12 0.000000e+00
 1732 1.592604e-12 0.000000e+00
 1733 1.625600e-12 0.000000e+00
 1734 1.649751e-12 0.000000e+00
 1735 1.683277e-12 0.000000e+00
 1736 1.696264e-12 0.000000e+00
 1737 1.718296e-12 0.000000e+00
 1738 1.745546e-12 0.000000e+00
 1739 1.766489e-12 0.000000e+00
 1740 1.788166e-12 0.000000e+00
 1741 1.808512e-12 0.000000e+00
 1742 1.827996e-12 0.000000e+00
 1743 1.853646e-12 0.000000e+00
 1744 1.869131e-12 0.000000e+00
 1745 1.892484e-12 0.000000e+00
 1746 1.898869e-12 0.000000e+00
 1747 1.912404e-12 0.000000e+00
 1748 1.932361e-12 0.000000e+00
 1749 1.944987e-12 0.000000e+00
 1750 1.957742e-12 0.000000e+00
 1751 1.969604e-12 0.000000e+00
 1752 1.981369e-12 3.017416e-03
 1753 1.999344e-12 0.000000e+00
 1754 2.006208e-12 0.000000e+00
 1755 2.015945e-12 0.000000e+00
 1756 2.018968e-12 0.000000e+00
 1757 2.023792e-12 0.000000e+00
 1758 2.036552e-12 0.000000e+00
 1759 2.041358e-12 0.000000e+00
 1760 2.046238e-12 0.000000e+00
 1761 2.049839e-12 0.000000e+00
 1762 2.052712e-12 0.000000e+00
 1763 2.063609e-12 0.000000e+00
 1764 2.062301e-12 0.000000e+00
 1765 2.057182e-12 0.000000e+00
 1766 2.058307e-12 0.000000e+00
 1767 2.053699e-12 0.000000e+00
 1768 2.060347e-12 0.000000e+00
 1769 2.057494e-12 0.000000e+00
 1770 2.054468e-12 0.000000e+00
 1771 2.049695e-12 0.000000e+00
 1772 2.046043e-12 0.000000e+00
 1773 2.048092e-12 0.000000e+00
 1774 2.039414e-12 0.000000e+00
 1775 2.017259e-12 0.000000e+00
 1776 2.018398e-12 0.000000e+00
 1777 2.006528e-12 0.000000e+00
 1778 2.005731e-12 0.000000e+00
 1779 1.995896e-12 0.000000e+00
 1780 1.984753e-12 0.000000e+00
 1781 1.972756e-12 0.000000e+00
 1782 1.960533e-12 0.000000e+00
 1783 1.955269e-12 0.000000e+00
 1784 1.938744e-12 0.000000e+00
 1785 1.901650e-12 0.000000e+00
 1786 1.902887e-12 0.000000e+00
 1787 1.883114e-12 0.000000e+00
 1788 1.876529e-12 0.000000e+00
 1789 1.859011e-12 0.000000e+00
 1790 1.840425e-12 0.000000e+00
 1791 1.821409e-12 0.000000e+00
 1792 1.802551e-12 0.000000e+00
 1793 1.789318e-12 0.000000e+00
 1794 1.765779e-12 0.000000e+00
 1795 1.714917e-12 0.000000e+00
 1796 1.714697e-12 0.000000e+00
 1797 1.688147e-12 0.000000e+00
 1798 1.675135e-12 0.000000e+00
 1799 1.650274e-12 0.000000e+00
 1800 1.625495e-12 0.000000e+00
 1801 1.599812e-12 0.000000e+00
 1802 1.573931e-12 0.000000e+00
 1803 1.554842e-12 0.000000e+00
 1804 1.524006e-12 0.000000e+00
 1805 1.461145e-12 0.000000e+00
 1806 1.460291e-12 0.000000e+00
 1807 1.426482e-12 0.000000e+00
 1808 1.408227e-12 0.000000e+00
 1809 1.377143e-12 0.000000e+00
 1810 1.346433e-12 0.000000e+00
 1811 1.314597e-12 0.000000e+00
 1812 1.281876e-12 0.000000e+00
 1813 1.257219e-12 0.000000e+00
 1814 1.220464e-12 0.000000e+00
 1815 1.150111e-12 0.000000e+00
 1816 1.146044e-12 0.000000e+00
 1817 1.106861e-12 0.000000e+00
 1818 1.082561e-12 0.000000e+00
 1819 1.045017e-12 0.000000e+00
 1820 1.009061e-12 0.000000e+00
 1821 9.732786e-13 0.000000e+00
 1822 9.355899e-13 0.000000e+00
 1823 9.068704e-13 0.000000e+00
 1824 8.645542e-13 0.000000e+00
 1825 7.906601e-13 0.000000e+00
 1826 7.811925e-13 0.000000e+00
 1827 7.386470e-13 0.000000e+00
 1828 7.093346e-13 0.000000e+00
 1829 6.693789e-13 0.000000e+00
 1830 6.292145e-13 0.000000e+00
 1831 5.894037e-13 0.000000e+00
 1832 5.480863e-13 0.000000e+00
 1833 5.152509e-13 0.000000e+00
 1834 4.704718e-13 0.000000e+00
 1835 3.942640e-13 0.000000e+00
 1836 3.802230e-13 0.000000e+00
 1837 3.348881e-13 0.000000e+00
 1838 3.036049e-13 0.000000e+00
 1839 2.607868e-13 0.000000e+00
 1840 2.187985e-13 0.000000e+00
 1841 1.759556e-13 0.000000e+00
 1842 1.334493e-13 0.000000e+00
 1843 9.915216e-14 0.000000e+00
 1844 5.272528e-14 0.000000e+00
 1845 -2.229840e-14 0.000000e+00
 1846 -3.956130e-14 0.000000e+00
 1847 -8.609721e-14 0.000000e+00
 1848 -1.185469e-13 0.000000e+00
 1849 -1.612679e-13 0.000000e+00
 1850 -2.038942e-13 0.000000e+00
 1851 -2.471560e-13 0.000000e+00
 1852 -2.897596e-13 0.000000e+00
 1853 -3.229079e-13 0.000000e+00
 1854 -3.691023e-13 0.000000e+00
 1855 -4.431080e-13 0.000000e+00
 1856 -4.604421e-13 0.000000e+00
 1857 -5.061956e-13 0.000000e+00
 1858 -5.375984e-13 0.000000e+00
 1859 -5.788270e-13 0.000000e+00
 1860 -6.196189e-13 0.000000e+00
 1861 -6.602954e-13 0.000000e+00
 1862 -7.006439e-13 0.000000e+00
 1863 -7.318484e-13 0.000000e+00
 1864 -7.756308e-13 0.000000e+00
 1865 -8.462147e-13 0.000000e+00
 1866 -8.605402e-13 0.000000e+00
 1867 -9.039595e-13 0.000000e+00
 1868 -9.312411e-13 0.000000e+00
 1869 -9.686708e-13 0.000000e+00
 1870 -1.005804e-12 0.000000e+00
 1871 -1.042864e-12 0.000000e+00
 1872 -1.079363e-12 0.000000e+00
 1873 -1.106382e-12 0.000000e+00
 1874 -1.145050e-12 0.000000e+00
 1875 -1.212232e-12 0.000000e+00
 1876 -1.219763e-12 0.000000e+00
 1877 -1.256928e-12 0.000000e+00
 1878 -1.279469e-12 0.000000e+00
 1879 -1.311453e-12 0.000000e+00
 1880 -1.342369e-12 0.000000e+00
 1881 -1.373068e-12 0.000000e+00
 1882 -1.403600e-12 0.000000e+00
 1883 -1.425407e-12 0.000000e+00
 1884 -1.456802e-12 0.000000e+00
 1885 -1.519130e-12 0.000000e+00
 1886 -1.518187e-12 0.000000e+00
 1887 -1.548025e-12 0.000000e+00
 1888 -1.562420e-12 0.000000e+00
 1889 -1.587302e-12 0.000000e+00
 1890 -1.610590e-12 0.000000e+00
 1891 -1.632924e-12 0.000000e+00
 1892 -1.656253e-12 0.000000e+00
 1893 -1.670713e-12 0.000000e+00
 1894 -1.693618e-12 0.000000e+00
 1895 -1.753130e-12 0.000000e+00
 1896 -1.738481e-12 0.000000e+00
 1897 -1.759272e-12 0.000000e+00
 1898 -1.765370e-12 0.000000e+00
 1899 -1.781089e-12 0.000000e+00
 1900 -1.796736e-12 0.000000e+00
 1901 -1.810192e-12 0.000000e+00
 1902 -1.824389e-12 0.000000e+00
 1903 -1.830949e-12 0.000000e+00
 1904 -1.843673e-12 0.000000e+00
 1905 -1.898548e-12 0.000000e+00
 1906 -1.869562e-12 0.000000e+00
 1907 -1.882036e-12 0.000000e+00
 1908 -1.879111e-12 0.000000e+00
 1909 -1.885955e-12 0.000000e+00
 1910 -1.891105e-12 0.000000e+00
 1911 -1.896040e-12 0.000000e+00
 1912 -1.900676e-12 0.000000e+00
 1913 -1.898034e-12 0.000000e+00
 1914 -1.902634e-12 0.000000e+00
 1915 -1.949153e-12 0.000000e+00
 1916 -1.907928e-12 0.000000e+00
 1917 -1.910428e-12 0.000000e+00
 1918 -1.899181e-12 0.000000e+00
 1919 -1.895801e-12 0.000000e+00
 1920 -1.892157e-12 0.000000e+00
 1921 -1.887822e-12 0.000000e+00
 1922 -1.882698e-12 0.000000e+00
 1923 -1.873460e-12 0.000000e+00
 1924 -1.868053e-12 0.000000e+00
 1925 -1.905440e-12 0.000000e+00
 1926 -1.854733e-12 0.000000e+00
 1927 -1.849020e-12 0.000000e+00
 1928 -1.828989e-12 0.000000e+00
 1929 -1.817649e-12 0.000000e+00
 1930 -1.805267e-12 0.000000e+00
 1931 -1.792352e-12 0.000000e+00
 1932 -1.779409e-12 0.000000e+00
 1933 -1.761907e-12 0.000000e+00
 1934 -1.747901e-12 0.000000e+00
 1935 -1.775854e-12 0.000000e+00
 1936 -1.719167e-12 0.000000e+00
 1937 -1.703746e-12 0.000000e+00
 1938 -1.677444e-12 0.000000e+00
 1939 -1.658853e-12 0.000000e+00
 1940 -1.639326e-12 0.000000e+00
 1941 -1.619538e-12 0.000000e+00
 1942 -1.599040e-12 0.000000e+00
 1943 -1.576089e-12 0.000000e+00
 1944 -1.555029e-12 0.000000e+00
 1945 -1.572891e-12 0.000000e+00
 1946 -1.512478e-12 0.000000e+00
 1947 -1.491334e-12 0.000000e+00
 1948 -1.460449e-12 0.000000e+00
 1949 -1.438009e-12 0.000000e+00
 1950 -1.415634e-12 0.000000e+00
 1951 -1.394541e-12 0.000000e+00
 1952 -1.372243e-12 0.000000e+00
 1953 -1.349037e-12 0.000000e+00
 1954 -1.327977e-12 0.000000e+00
 1955 -1.341158e-12 0.000000e+00
 1956 -1.286188e-12 0.000000e+00
 1957 -1.265495e-12 0.000000e+00
 1958 -1.238071e-12 0.000000e+00
 1959 -1.216107e-12 0.000000e+00
 1960 -1.194513e-12 0.000000e+00
 1961 -1.173257e-12 0.000000e+00
 1962 -1.151222e-12 0.000000e+00
 1963 -1.129327e-12 0.000000e+00
 1964 -1.107956e-12 0.000000e+00
 1965 -1.115678e-12 0.000000e+00
 1966 -1.067266e-12 0.000000e+00
 1967 -1.047247e-12 0.000000e+00
 1968 -1.022979e-12 0.000000e+00
 1969 -1.002082e-12 0.000000e+00
 1970 -9.826031e-13 0.000000e+00
 1971 -9.627542e-13 0.000000e+00
 1972 -9.436598e-13 0.000000e+00
 1973 -9.244259e-13 0.000000e+00
 1974 -9.056759e-13 0.000000e+00
 1975 -9.104553e-13 0.000000e+00
 1976 -8.714890e-13 0.000000e+00
 1977 -8.551774e-13 0.000000e+00
 1978 -8.360603e-13 0.000000e+00
 1979 -8.201067e-13 0.000000e+00
 1980 -8.044210e-13 0.000000e+00
 1981 -7.904706e-13 0.000000e+00
 1982 -7.763418e-13 0.000000e+00
 1983 -7.628863e-13 0.000000e+00
 1984 -7.461338e-13 0.000000e+00
 1985 -7.462686e-13 0.000000e+00
 1986 -7.121699e-13 0.000000e+00
 1987 -6.960822e-13 0.000000e+00
 1988 -6.755101e-13 0.000000e+00
 1989 -6.583824e-13 0.000000e+00
 1990 -6.402037e-13 0.000000e+00
 1991 -6.230982e-13 0.000000e+00
 1992 -6.056255e-13 0.000000e+00
 1993 -5.883322e-13 0.000000e+00
 1994 -5.710919e-13 0.000000e+00
 1995 -5.661769e-13 0.000000e+00
 1996 -5.379868e-13 0.000000e+00
 1997 -5.226654e-13 0.000000e+00
 1998 -5.048905e-13 0.000000e+00
 1999 -4.895910e-13 0.000000e+00
 2000 -4.746030e-13 0.000000e+00
 2001 -4.597020e-13 0.000000e+00
 2002 -4.450567e-13 0.000000e+00
 2003 -4.309700e-13 0.000000e+00
 2004 -4.172613e-13 0.000000e+00
 2005 -4.126443e-13 0.000000e+00
 2006 -3.913912e-13 0.000000e+00
 2007 -3.797915e-13 0.000000e+00
 2008 -3.666317e-13 0.000000e+00
 2009 -3.549896e-13 0.000000e+00
 2010 -3.441420e-13 0.000000e+00
 2011 -3.335495e-13 0.000000e+00
 2012 -3.232977e-13 0.000000e+00
 2013 -3.136821e-13 0.000000e+00
 2014 -3.044965e-13 0.000000e+00
 2015 -3.016526e-13 0.000000e+00
 2016 -2.874880e-13 0.000000e+00
 2017 -2.799396e-13 0.000000e+00
 2018 -2.719283e-13 0.000000e+00
 2019 -2.650980e-13 0.000000e+00
 2020 -2.585597e-13 0.000000e+00
 2021 -2.526973e-13 0.000000e+00
 2022 -2.472058e-13 0.000000e+00
 2023 -2.421928e-13 0.000000e+00
 2024 -2.375798e-13 0.000000e+00
 2025 -2.383139e-13 0.000000e+00
 2026 -2.300193e-13 0.000000e+00
 2027 -2.271517e-13 0.000000e+00
 2028 -2.237734e-13 0.000000e+00
 2029 -2.216110e-13 0.000000e+00
 2030 -2.197309e-13 0.000000e+00
 2031 -2.184598e-13 0.000000e+00
 2032 -2.177526e-13 0.000000e+00
 2033 -2.172463e-13 0.000000e+00
 2034 -2.170305e-13 0.000000e+00
 2035 -2.216694e-13 0.000000e+00
 2036 -2.187018e-13 0.000000e+00
 2037 -2.199407e-13 0.000000e+00
 2038 -2.211486e-13 0.000000e+00
 2039 -2.233349e-13 0.000000e+00
 2040 -2.257613e-13 0.000000e+00
 2041 -2.287075e-13 0.000000e+00
 2042 -2.321126e-13 0.000000e+00
 2043 -2.357120e-13 0.000000e+00
 2044 -2.398542e-13 0.000000e+00
 2045 -2.481379e-13 0.000000e+00
 2046 -2.492413e-13 0.000000e+00
 2047 -2.545986e-13 0.000000e+00
 2048 -2.590399e-13 0.000000e+00
 2049 0.000000e+00 0.000000e+00
 2050 0.000000e+00 0.000000e+00
 2051 0.000000e+00 0.000000e+00
 2052 0.000000e+00 5.532277e-03
 2053 0.000000e+00 0.000000e+00
 2054 0.000000e+00 0.000000e+00
 2055 0.000000e+00 0.000000e+00
 2056 0.000000e+00 0.000000e+00
 2057 0.000000e+00 0.000000e+00
 2058 0.000000e+00 0.000000e+00
 2059 0.000000e+00 0.000000e+00
 2060 0.000000e+00 0.000000e+00
 2061 0.000000e+00 0.000000e+00
 2062 0.000000e+00 0.000000e+00
 2063 0.000000e+00 0.000000e+00
 2064 0.000000e+00 0.000000e+00
 2065 0.000000e+00 0.000000e+00
 2066 0.000000e+00 0.000000e+00
 2067 0.000000e+00 0.000000e+00
 2068 0.000000e+00 0.000000e+00
 2069 0.000000e+00 0.000000e+00
 2070 0.000000e+00 0.000000e+00
 2071 0.000000e+00 0.000000e+00
 2072 0.000000e+00 0.000000e+00
 2073 0.000000e+00 0.000000e+00
 2074 0.000000e+00 0.000000e+00
 2075 0.000000e+00 0.000000e+00
 2076 0.000000e+00 0.000000e+00
 2077 0.000000e+00 0.000000e+00
 2078 0.000000e+00 0.000000e+00
 2079 0.000000e+00 0.000000e+00
 2080 0.000000e+00 0.000000e+00
 2081 0.000000e+00 0.000000e+00
 2082 0.000000e+00 0.000000e+00
 2083 0.000000e+00 0.000000e+00
 2084 0.000000e+00 0.000000e+00
 2085 0.000000e+00 0.000000e+00
 2086 0.000000e+00 0.000000e+00
 2087 0.000000e+00 0.000000e+00
 2088 0.000000e+00 0.000000e+00
 2089 0.000000e+00 0.000000e+00
 2090 0.000000e+00 0.000000e+00
 2091 0.000000e+00 0.000000e+00
 2092 0.000000e+00 0.000000e+00
 2093 0.000000e+00 0.000000e+00
 2094 0.000000e+00 0.000000e+00
 2095 0.000000e+00 0.000000e+00
 2096 0.000000e+00 0.000000e+00
 2097 0.000000e+00 0.000000e+00
 2098 0.000000e+00 0.000000e+00
 2099 0.000000e+00 0.000000e+00
 2100 0.000000e+00 0.000000e+00
 2101 0.000000e+00 0.000000e+00
 2102 0.000000e+00 0.000000e+00
 2103 0.000000e+00 0.000000e+00
 2104 0.000000e+00 0.000000e+00
 2105 0.000000e+00 0.000000e+00
 2106 0.000000e+00 0.000000e+00
 2107 0.000000e+00 0.000000e+00
 2108 0.000000e+00 0.000000e+00
 2109 0.000000e+00 0.000000e+00
 2110 0.000000e+00 0.000000e+00
 2111 0.000000e+00 0.000000e+00
 2112 0.000000e+00 0.000000e+00
 2113 0.000000e+00 0.000000e+00
 2114 0.000000e+00 0.000000e+00
 2115 0.000000e+00 0.000000e+00
 2116 0.000000e+00 0.000000e+00
 2117 0.000000e+00 0.000000e+00
 2118 0.000000e+00 0.000000e+00
 2119 0.000000e+00 0.000000e+00
 2120 0.000000e+00 0.000000e+00
 2121 0.000000e+00 0.000000e+00
 2122 0.000000e+00 0.000000e+00
 2123 0.000000e+00 0.000000e+00
 2124 0.000000e+00 0.000000e+00
 2125 0.000000e+00 0.000000e+00
 2126 0.000000e+00 0.000000e+00
 2127 0.000000e+00 0.000000e+00
 2128 0.000000e+00 0.000000e+00
 2129 0.000000e+00 0.000000e+00
 2130 0.000000e+00 0.000000e+00
 2131 0.000000e+00 0.000000e+00
 2132 0.000000e+00 0.000000e+00
 2133 0.000000e+00 0.000000e+00
 2134 0.000000e+00 0.000000e+00
 2135 0.000000e+00 0.000000e+00
 2136 0.000000e+00 0.000000e+00
 2137 0.000000e+00 0.000000e+00
 2138 0.000000e+00 0.000000e+00
 2139 0.000000e+00 0.000000e+00
 2140 0.000000e+00 0.000000e+00
 2141 0.000000e+00 0.000000e+00
 2142 0.000000e+00 0.000000e+00
 2143 0.000000e+00 0.000000e+00
 2144 0.000000e+00 0.000000e+00
 2145 0.000000e+00 0.000000e+00
 2146 0.000000e+00 0.000000e+00
 2147 0.000000e+00 0.000000e+00
 2148 0.000000e+00 0.000000e+00
 2149 0.000000e+00 0.000000e+00
 2150 0.000000e+00 0.000000e+00
 2151 0.000000e+00 0.000000e+00
 2152 0.000000e+00 0.000000e+00
 2153 0.000000e+00 0.000000e+00
 2154 0.000000e+00 0.000000e+00
 2155 0.000000e+00 0.000000e+00
 2156 0.000000e+00 0.000000e+00
 2157 0.000000e+00 0.000000e+00
 2158 0.000000e+00 0.000000e+00
 2159 0.000000e+00 0.000000e+00
 2160 0.000000e+00 0.000000e+00
 2161 0.000000e+00 0.000000e+00
 2162 0.000000e+00 0.000000e+00
 2163 0.000000e+00 0.000000e+00
 2164 0.000000e+00 0.000000e+00
 2165 0.000000e+00 0.000000e+00
 2166 0.000000e+00 0.000000e+00
 2167 0.000000e+00 0.000000e+00
 2168 0.000000e+00 0.000000e+00
 2169 0.000000e+00 0.000000e+00
 2170 0.000000e+00 0.000000e+00
 2171 0.000000e+00 0.000000e+00
 2172 0.000000e+00 0.000000e+00
 2173 0.000000e+00 0.000000e+00
 2174 0.000000e+00 0.000000e+00
 2175 0.000000e+00 0.000000e+00
 2176 0.000000e+00 0.000000e+00
 2177 0.000000e+00 0.000000e+00
 2178 0.000000e+00 0.000000e+00
 2179 0.000000e+00 0.000000e+00
 2180 0.000000e+00 0.000000e+00
 2181 0.000000e+00 0.000000e+00
 2182 0.000000e+00 0.000000e+00
 2183 0.000000e+00 0.000000e+00
 2184 0.000000e+00 0.000000e+00
 2185 0.000000e+00 0.000000e+00
 2186 0.000000e+00 0.000000e+00
 2187 0.000000e+00 0.000000e+00
 2188 0.000000e+00 0.000000e+00
 2189 0.000000e+00 0.000000e+00
 2190 0.000000e+00 0.000000e+00
 2191 0.000000e+00 0.000000e+00
 2192 0.000000e+00 0.000000e+00
 2193 0.000000e+00 0.000000e+00
 2194 0.000000e+00 0.000000e+00
 2195 0.000000e+00 0.000000e+00
 2196 0.000000e+00 0.000000e+00
 2197 0.000000e+00 0.000000e+00
 2198 0.000000e+00 0.000000e+00
 2199 0.000000e+00 0.000000e+00
 2200 0.000000e+00 0.000000e+00
 2201 0.000000e+00 0.000000e+00
 2202 0.000000e+00 0.000000e+00
 2203 0.000000e+00 0.000000e+00
 2204 0.000000e+00 0.000000e+00
 2205 0.000000e+00 0.000000e+00
 2206 0.000000e+00 0.000000e+00
 2207 0.000000e+00 0.000000e+00
 2208 0.000000e+00 0.000000e+00
 2209 0.000000e+00 0.000000e+00
 2210 0.000000e+00 0.000000e+00
 2211 0.000000e+00 0.000000e+00
 2212 0.000000e+00 0.000000e+00
 2213 0.000000e+00 0.000000e+00
 2214 0.000000e+00 0.000000e+00
 2215 0.000000e+00 0.000000e+00
 2216 0.000000e+00 0.000000e+00
 2217 0.000000e+00 0.000000e+00
 2218 0.000000e+00 0.000000e+00
 2219 0.000000e+00 0.000000e+00
 2220 0.000000e+00 0.000000e+00
 2221 0.000000e+00 0.000000e+00
 2222 0.000000e+00 0.000000e+00
 2223 0.000000e+00 0.000000e+00
 2224 0.000000e+00 0.000000e+00
 2225 0.000000e+00 0.000000e+00
 2226 0.000000e+00 0.000000e+00
 2227 0.000000e+00 0.000000e+00
 2228 0.000000e+00 0.000000e+00
 2229 0.000000e+00 0.000000e+00
 2230 0.000000e+00 0.000000e+00
 2231 0.000000e+00 0.000000e+00
 2232 0.000000e+00 0.000000e+00
 2233 0.000000e+00 0.000000e+00
 2234 0.000000e+00 0.000000e+00
 2235 0.000000e+00 0.000000e+00
 2236 0.000000e+00 0.000000e+00
 2237 0.000000e+00 0.000000e+00
 2238 0.000000e+00 0.000000e+00
 2239 0.000000e+00 0.000000e+00
 2240 0.000000e+00 0.000000e+00
 2241 0.000000e+00 0.000000e+00
 2242 0.000000e+00 0.000000e+00
 2243 0.000000e+00 0.000000e+00
 2244 0.000000e+00 0.000000e+00
 2245 0.000000e+00 0.000000e+00
 2246 0.000000e+00 0.000000e+00
 2247 0.000000e+00 0.000000e+00
 2248 0.000000e+00 0.000000e+00
 2249 0.000000e+00 0.000000e+00
 2250 0.000000e+00 0.000000e+00
 2251 0.000000e+00 0.000000e+00
 2252 0.000000e+00 0.000000e+00
 2253 0.000000e+00 0.000000e+00
 2254 0.000000e+00 0.000000e+00
 2255 0.000000e+00 0.000000e+00
 2256 0.000000e+00 0.000000e+00
 2257 0.000000e+00 0.000000e+00
 2258 0.000000e+00 0.000000e+00
 2259 0.000000e+00 0.000000e+00
 2260 0.000000e+00 0.000000e+00
 2261 0.000000e+00 0.000000e+00
 2262 0.000000e+00 0.000000e+00
 2263 0.000000e+00 0.000000e+00
 2264 0.000000e+00 0.000000e+00
 2265 0.000000e+00 0.000000e+00
 2266 0.000000e+00 0.000000e+00
 2267 0.000000e+00 0.000000e+00
 2268 0.000000e+00 0.000000e+00
 2269 0.000000e+00 0.000000e+00
 2270 0.000000e+00 0.000000e+00
 2271 0.000000e+00 0.000000e+00
 2272 0.000000e+00 0.000000e+00
 2273 0.000000e+00 0.000000e+00
 2274 0.000000e+00 0.000000e+00
 2275 0.000000e+00 0.000000e+00
 2276 0.000000e+00 0.000000e+00
 2277 0.000000e+00 0.000000e+00
 2278 0.000000e+00 0.000000e+00
 2279 0.000000e+00 0.000000e+00
 2280 0.000000e+00 0.000000e+00
 2281 0.000000e+00 0.000000e+00
 2282 0.000000e+00 0.000000e+00
 2283 0.000000e+00 0.000000e+00
 2284 0.000000e+00 0.000000e+00
 2285 0.000000e+00 0.000000e+00
 2286 0.000000e+00 0.000000e+00
 2287 0.000000e+00 0.000000e+00
 2288 0.000000e+00 0.000000e+00
 2289 0.000000e+00 0.000000e+00
 2290 0.000000e+00 0.000000e+00
 2291 0.000000e+00 0.000000e+00
 2292 0.000000e+00 0.000000e+00
 2293 0.000000e+00 0.000000e+00
 2294 0.000000e+00 0.000000e+00
 2295 0.000000e+00 0.000000e+00
 2296 0.000000e+00 0.000000e+00
 2297 0.000000e+00 0.000000e+00
 2298 0.000000e+00 0.000000e+00
 2299 0.000000e+00 0.000000e+00
 2300 0.000000e+00 0.000000e+00
 2301 0.000000e+00 0.000000e+00
 2302 0.000000e+00 0.000000e+00
 2303 0.000000e+00 0.000000e+00
 2304 0.000000e+00 0.000000e+00
 2305 0.000000e+00 0.000000e+00
 2306 0.000000e+00 0.000000e+00
 2307 0.000000e+00 0.000000e+00
 2308 0.000000e+00 0.000000e+00
 2309 0.000000e+00 0.000000e+00
 2310 0.000000e+00 0.000000e+00
 2311 0.000000e+00 0.000000e+00
 2312 0.000000e+00 0.000000e+00
 2313 0.000000e+00 0.000000e+00
 2314 0.000000e+00 0.000000e+00
 2315 0.000000e+00 0.000000e+00
 2316 0.000000e+00 0.000000e+00
 2317 0.000000e+00 0.000000e+00
 2318 0.000000e+00 0.000000e+00
 2319 0.000000e+00 0.000000e+00
 2320 0.000000e+00 0.000000e+00
 2321 0.000000e+00 0.000000e+00
 2322 0.000000e+00 0.000000e+00
 2323 0.000000e+00 0.000000e+00
 2324 0.000000e+00 0.000000e+00
 2325 0.000000e+00 0.000000e+00
 2326 0.000000e+00 0.000000e+00
 2327 0.000000e+00 0.000000e+00
 2328 0.000000e+00 0.000000e+00
 2329 0.000000e+00 0.000000e+00
 2330 0.000000e+00 0.000000e+00
 2331 0.000000e+00 0.000000e+00
 2332 0.000000e+00 0.000000e+00
 2333 0.000000e+00 0.000000e+00
 2334 0.000000e+00 0.000000e+00
 2335 0.000000e+00 0.000000e+00
 2336 0.000000e+00 0.000000e+00
 2337 0.000000e+00 0.000000e+00
 2338 0.000000e+00 0.000000e+00
 2339 0.000000e+00 0.000000e+00
 2340 0.000000e+00 0.000000e+00
 2341 0.000000e+00 0.000000e+00
 2342 0.000000e+00 0.000000e+00
 2343 0.000000e+00 0.000000e+00
 2344 0.000000e+00 0.000000e+00
 2345 0.000000e+00 0.000000e+00
 2346 0.000000e+00 0.000000e+00
 2347 0.000000e+00 0.000000e+00
 2348 0.000000e+00 0.000000e+00
 2349 0.000000e+00 0.000000e+00
 2350 0.000000e+00 0.000000e+00
 2351 0.000000e+00 0.000000e+00
 2352 0.000000e+00 7.299091e-03
 2353 0.000000e+00 0.000000e+00
 2354 0.000000e+00 0.000000e+00
 2355 0.000000e+00 0.000000e+00
 2356 0.000000e+00 0.000000e+00
 2357 0.000000e+00 0.000000e+00
 2358 0.000000e+00 0.000000e+00
 2359 0.000000e+00 0.000000e+00
 2360 0.000000e+00 0.000000e+00
 2361 0.000000e+00 0.000000e+00
 2362 0.000000e+00 0.000000e+00
 2363 0.000000e+00 0.000000e+00
 2364 0.000000e+00 0.000000e+00
 2365 0.000000e+00 0.000000e+00
 2366 0.000000e+00 0.000000e+00
 2367 0.000000e+00 0.000000e+00
 2368 0.000000e+00 0.000000e+00
 2369 0.000000e+00 0.000000e+00
 2370 0.000000e+00 0.000000e+00
 2371 0.000000e+00 0.000000e+00
 2372 0.000000e+00 0.000000e+00
 2373 0.000000e+00 0.000000e+00
 2374 0.000000e+00 0.000000e+00
 2375 0.000000e+00 0.000000e+00
 2376 0.000000e+00 0.000000e+00
 2377 0.000000e+00 0.000000e+00
 2378 0.000000e+00 0.000000e+00
 2379 0.000000e+00 0.000000e+00
 2380 0.000000e+00 0.000000e+00
 2381 0.000000e+00 0.000000e+00
 2382 0.000000e+00 0.000000e+00
 2383 0.000000e+00 0.000000e+00
 2384 0.000000e+00 0.000000e+00
 2385 0.000000e+00 0.000000e+00
 2386 0.000000e+00 0.000000e+00
 2387 0.000000e+00 0.000000e+00
 2388 0.000000e+00 0.000000e+00
 2389 0.000000e+00 0.000000e+00
 2390 0.000000e+00 0.000000e+00
 2391 0.000000e+00 0.000000e+00
 2392 0.000000e+00 0.000000e+00
 2393 0.000000e+00 0.000000e+00
 2394 0.000000e+00 0.000000e+00
 2395 0.000000e+00 0.000000e+00
 2396 0.000000e+00 0.000000e+00
 2397 0.000000e+00 0.000000e+00
 2398 0.000000e+00 0.000000e+00
 2399 0.000000e+00 0.000000e+00
 2400 0.000000e+00 0.000000e+00
 2401 0.000000e+00 0.000000e+00
 2402 0.000000e+00 0.000000e+00
 2403 0.000000e+00 0.000000e+00
 2404 0.000000e+00 0.000000e+00
 2405 0.000000e+00 0.000000e+00
 2406 0.000000e+00 0.000000e+00
 2407 0.000000e+00 0.000000e+00
 2408 0.000000e+00 0.000000e+00
 2409 0.000000e+00 0.000000e+00
 2410 0.000000e+00 0.000000e+00
 2411 0.000000e+00 0.000000e+00
 2412 0.000000e+00 0.000000e+00
 2413 0.000000e+00 0.000000e+00
 2414 0.000000e+00 0.000000e+00
 2415 0.000000e+00 0.000000e+00
 2416 0.000000e+00 0.000000e+00
 2417 0.000000e+00 0.000000e+00
 2418 0.000000e+00 0.000000e+00
 2419 0.000000e+00 0.000000e+00
 2420 0.000000e+00 0.000000e+00
 2421 0.000000e+00 0.000000e+00
 2422 0.000000e+00 0.000000e+00
 2423 0.000000e+00 0.000000e+00
 2424 0.000000e+00 0.000000e+00
 2425 0.000000e+00 0.000000e+00
 2426 0.000000e+00 0.000000e+00
 2427 0.000000e+00 0.000000e+00
 2428 0.000000e+00 0.000000e+00
 2429 0.000000e+00 0.000000e+00
 2430 0.000000e+00 0.000000e+00
 2431 0.000000e+00 0.000000e+00
 2432 0.000000e+00 0.000000e+00
 2433 0.000000e+00 0.000000e+00
 2434 0.000000e+00 0.000000e+00
 2435 0.000000e+00 0.000000e+00
 2436 0.000000e+00 0.000000e+00
 2437 0.000000e+00 0.000000e+00
 2438 0.000000e+00 0.000000e+00
 2439 0.000000e+00 0.000000e+00
 2440 0.000000e+00 0.000000e+00
 2441 0.000000e+00 0.000000e+00
 2442 0.000000e+00 0.000000e+00
 2443 0.000000e+00 0.000000e+00
 2444 0.000000e+00 0.000000e+00
 2445 0.000000e+00 0.000000e+00
 2446 0.000000e+00 0.000000e+00
 2447 0.000000e+00 0.000000e+00
 2448 0.000000e+00 0.000000e+00
 2449 0.000000e+00 0.000000e+00
 2450 0.000000e+00 0.000000e+00
 2451 0.000000e+00 0.000000e+00
 2452 0.000000e+00 0.000000e+00
 2453 0.000000e+00 0.000000e+00
 2454 0.000000e+00 0.000000e+00
 2455 0.000000e+00 0.000000e+00
 2456 0.000000e+00 0.000000e+00
 2457 0.000000e+00 0.000000e+00
 2458 0.000000e+00 0.000000e+00
 2459 0.000000e+00 0.000000e+00
 2460 0.000000e+00 0.000000e+00
 2461 0.000000e+00 0.000000e+00
 2462 0.000000e+00 0.000000e+00
 2463 0.000000e+00 0.000000e+00
 2464 0.000000e+00 0.000000e+00
 2465 0.000000e+00 0.000000e+00
 2466 0.000000e+00 0.000000e+00
 2467 0.000000e+00 0.000000e+00
 2468 0.000000e+00 0.000000e+00
 2469 0.000000e+00 0.000000e+00
 2470 0.000000e+00 0.000000e+00
 2471 0.000000e+00 0.000000e+00
 2472 0.000000e+00 0.000000e+00
 2473 0.000000e+00 0.000000e+00
 2474 0.000000e+00 0.000000e+00
 2475 0.000000e+00 0.000000e+00
 2476 0.000000e+00 0.000000e+00
 2477 0.000000e+00 0.000000e+00
 2478 0.000000e+00 0.000000e+00
 2479 0.000000e+00 0.000000e+00
 2480 0.000000e+00 0.000000e+00
 2481 0.000000e+00 0.000000e+00
 2482 0.000000e+00 0.000000e+00
 2483 0.000000e+00 0.000000e+00
 2484 0.000000e+00 0.000000e+00
 2485 0.000000e+00 0.000000e+00
 2486 0.000000e+00 0.000000e+00
 2487 0.000000e+00 0.000000e+00
 2488 0.000000e+00 0.000000e+00
 2489 0.000000e+00 0.000000e+00
 2490 0.000000e+00 0.000000e+00
 2491 0.000000e+00 0.000000e+00
 2492 0.000000e+00 0.000000e+00
 2493 0.000000e+00 0.000000e+00
 2494 0.000000e+00 0.000000e+00
 2495 0.000000e+00 0.000000e+00
 2496 0.000000e+00 0.000000e+00
 2497 0.000000e+00 0.000000e+00
 2498 0.000000e+00 0.000000e+00
 2499 0.000000e+00 0.000000e+00
 2500 0.000000e+00 4.983813e-03
