    0 0.000000e+00 0.000000e+00
    1 0.000000e+00 0.000000e+00
    2 -2.543064e-20 1.231932e-06
    3 -2.685413e-20 0.000000e+00
    4 -2.838296e-20 0.000000e+00
    5 -2.966178e-20 0.000000e+00
    6 -3.061706e-20 0.000000e+00
    7 -3.126892e-20 0.000000e+00
    8 -3.168923e-20 0.000000e+00
    9 -3.187719e-20 0.000000e+00
   10 -3.193169e-20 0.000000e+00
   11 -3.187951e-20 0.000000e+00
   12 -3.170258e-20 2.359609e-05
   13 -3.146319e-20 0.000000e+00
   14 -3.119505e-20 0.000000e+00
   15 -3.088557e-20 0.000000e+00
   16 -3.053465e-20 0.000000e+00
   17 -3.015084e-20 0.000000e+00
   18 -2.976746e-20 0.000000e+00
   19 -2.934557e-20 0.000000e+00
   20 1.311989e-19 0.000000e+00
   21 1.293168e-19 0.000000e+00
   22 1.274239e-19 4.773495e-05
   23 -2.768478e-20 0.000000e+00
   24 -2.727253e-20 0.000000e+00
   25 -2.686225e-20 0.000000e+00
   26 -2.645827e-20 0.000000e+00
   27 -2.605596e-20 0.000000e+00
   28 -2.565994e-20 0.000000e+00
   29 -2.526850e-20 0.000000e+00
   30 -2.488178e-20 0.000000e+00
   31 -2.450077e-20 0.000000e+00
   32 -2.413033e-20 7.514317e-05
   33 1.077756e-19 0.000000e+00
   34 -2.340683e-20 0.000000e+00
   35 -2.305441e-20 0.000000e+00
   36 -2.270854e-20 0.000000e+00
   37 -2.237098e-20 0.000000e+00
   38 -2.203779e-20 0.000000e+00
   39 -2.171079e-20 0.000000e+00
   40 -2.139162e-20 0.000000e+00
   41 9.557038e-20 0.000000e+00
   42 -2.076441e-20 1.066850e-04
   43 -2.046269e-20 0.000000e+00
   44 -2.016960e-20 0.000000e+00
   45 -1.988029e-20 0.000000e+00
   46 8.887142e-20 0.000000e+00
   47 8.760677e-20 0.000000e+00
   48 8.637135e-20 0.000000e+00
   49 6.638846e-20 0.000000e+00
   50 6.545959e-20 0.000000e+00
   51 6.454293e-20 0.000000e+00
   52 6.363419e-20 1.433200e-04
   53 8.049940e-20 0.000000e+00
   54 -2.432836e-24 0.000000e+00
   55 -2.399969e-24 0.000000e+00
   56 -2.367365e-24 0.000000e+00
   57 -2.335187e-24 0.000000e+00
   58 5.860706e-20 0.000000e+00
   59 5.781729e-20 0.000000e+00
   60 5.704153e-20 0.000000e+00
   61 7.218480e-20 0.000000e+00
   62 5.552101e-20 1.858501e-04
   63 5.479236e-20 0.000000e+00
   64 5.407003e-20 0.000000e+00
   65 6.845550e-20 0.000000e+00
   66 -1.489700e-20 0.000000e+00
   67 5.198971e-20 0.000000e+00
   68 5.131631e-20 0.000000e+00
   69 -1.432858e-20 0.000000e+00
   70 4.999634e-20 0.000000e+00
   71 4.935495e-20 0.000000e+00
   72 4.872216e-20 2.346401e-04
   73 -1.890711e-24 0.000000e+00
   74 -1.343537e-20 0.000000e+00
   75 -1.326354e-20 0.000000e+00
   76 -1.309665e-20 0.000000e+00
   77 5.865261e-20 0.000000e+00
   78 -1.277149e-20 0.000000e+00
   79 5.719339e-20 0.000000e+00
   80 0.000000e+00 0.000000e+00
   81 4.347975e-20 0.000000e+00
   82 4.294031e-20 2.897170e-04
   83 4.241216e-20 0.000000e+00
   84 -1.184980e-20 0.000000e+00
   85 5.308074e-20 0.000000e+00
   86 4.087417e-20 0.000000e+00
   87 -1.586935e-24 0.000000e+00
   88 3.988655e-20 0.000000e+00
   89 5.054992e-20 0.000000e+00
   90 3.893087e-20 0.000000e+00
   91 -1.088141e-20 0.000000e+00
   92 3.800750e-20 3.510161e-04
   93 3.755523e-20 0.000000e+00
   94 4.760805e-20 0.000000e+00
   95 4.705021e-20 0.000000e+00
   96 3.624949e-20 0.000000e+00
   97 0.000000e+00 0.000000e+00
   98 -1.001687e-20 0.000000e+00
   99 3.500251e-20 0.000000e+00
  100 6.016083e-16 0.000000e+00
  101 5.997645e-16 0.000000e+00
  102 6.144632e-16 8.363982e-04
  103 6.450337e-16 0.000000e+00
  104 6.304982e-16 0.000000e+00
  105 9.407083e-16 0.000000e+00
  106 6.501001e-16 0.000000e+00
  107 6.758268e-16 0.000000e+00
  108 6.932731e-16 0.000000e+00
  109 6.849952e-16 0.000000e+00
  110 7.154720e-16 0.000000e+00
  111 7.397750e-16 0.000000e+00
  112 7.257565e-16 0.000000e+00
  113 7.631186e-16 0.000000e+00
  114 7.749995e-16 0.000000e+00
  115 1.117928e-15 0.000000e+00
  116 7.961105e-16 0.000000e+00
  117 8.236651e-16 0.000000e+00
  118 8.102509e-16 0.000000e+00
  119 8.650225e-16 0.000000e+00
  120 8.624287e-16 0.000000e+00
  121 8.696044e-16 0.000000e+00
  122 8.899391e-16 0.000000e+00
  123 9.283640e-16 0.000000e+00
  124 9.348681e-16 0.000000e+00
  125 1.323023e-15 0.000000e+00
  126 9.810350e-16 0.000000e+00
  127 1.005392e-15 0.000000e+00
  128 1.018656e-15 0.000000e+00
  129 1.018797e-15 0.000000e+00
  130 1.057671e-15 0.000000e+00
  131 1.059981e-15 0.000000e+00
  132 1.100883e-15 1.953813e-03
  133 1.130018e-15 0.000000e+00
  134 1.159964e-15 0.000000e+00
  135 1.518520e-15 0.000000e+00
  136 1.189491e-15 0.000000e+00
  137 1.219812e-15 0.000000e+00
  138 1.204925e-15 0.000000e+00
  139 1.245065e-15 0.000000e+00
  140 1.276241e-15 0.000000e+00
  141 1.286772e-15 0.000000e+00
  142 1.311967e-15 0.000000e+00
  143 1.379179e-15 0.000000e+00
  144 1.372237e-15 0.000000e+00
  145 1.778771e-15 0.000000e+00
  146 1.421374e-15 0.000000e+00
  147 1.449460e-15 0.000000e+00
  148 1.462745e-15 0.000000e+00
  149 1.487899e-15 0.000000e+00
  150 1.513743e-15 0.000000e+00
  151 1.552754e-15 0.000000e+00
  152 1.574607e-15 0.000000e+00
  153 1.622157e-15 0.000000e+00
  154 1.619492e-15 0.000000e+00
  155 2.067324e-15 0.000000e+00
  156 1.665670e-15 0.000000e+00
  157 1.710616e-15 0.000000e+00
  158 1.731242e-15 0.000000e+00
  159 1.779715e-15 0.000000e+00
  160 1.777102e-15 0.000000e+00
  161 1.844923e-15 0.000000e+00
  162 1.849372e-15 2.767366e-03
  163 1.889452e-15 0.000000e+00
  164 1.911436e-15 0.000000e+00
  165 2.348153e-15 0.000000e+00
  166 1.947846e-15 0.000000e+00
  167 2.017550e-15 0.000000e+00
  168 2.033814e-15 0.000000e+00
  169 2.076814e-15 0.000000e+00
  170 2.090057e-15 0.000000e+00
  171 2.110562e-15 0.000000e+00
  172 2.151070e-15 0.000000e+00
  173 2.208382e-15 0.000000e+00
  174 2.224248e-15 0.000000e+00
  175 2.683149e-15 0.000000e+00
  176 2.259418e-15 0.000000e+00
  177 2.324600e-15 0.000000e+00
  178 2.342484e-15 0.000000e+00
  179 2.375505e-15 0.000000e+00
  180 2.409801e-15 0.000000e+00
  181 2.430929e-15 0.000000e+00
  182 2.449227e-15 0.000000e+00
  183 2.504079e-15 0.000000e+00
  184 2.534413e-15 0.000000e+00
  185 2.981676e-15 0.000000e+00
  186 2.572022e-15 0.000000e+00
  187 2.642516e-15 0.000000e+00
  188 2.626797e-15 0.000000e+00
  189 2.706909e-15 0.000000e+00
  190 2.693802e-15 0.000000e+00
  191 2.722994e-15 0.000000e+00
  192 2.754831e-15 3.666378e-03
  193 2.808318e-15 0.000000e+00
  194 2.831573e-15 0.000000e+00
  195 3.291510e-15 0.000000e+00
  196 2.862764e-15 0.000000e+00
  197 2.937562e-15 0.000000e+00
  198 2.941097e-15 0.000000e+00
  199 2.943868e-15 0.000000e+00
  200 2.977475e-15 0.000000e+00
  201 2.991933e-15 0.000000e+00
  202 3.040766e-15 0.000000e+00
  203 3.071624e-15 0.000000e+00
  204 3.113112e-15 0.000000e+00
  205 3.591537e-15 0.000000e+00
  206 3.137278e-15 0.000000e+00
  207 3.181117e-15 0.000000e+00
  208 3.191291e-15 0.000000e+00
  209 3.195633e-15 0.000000e+00
  210 3.222590e-15 0.000000e+00
  211 3.244572e-15 0.000000e+00
  212 3.262884e-15 0.000000e+00
  213 3.344670e-15 0.000000e+00
  214 3.345091e-15 0.000000e+00
  215 3.862897e-15 0.000000e+00
  216 3.377622e-15 0.000000e+00
  217 3.414014e-15 0.000000e+00
  218 3.411814e-15 0.000000e+00
  219 3.405464e-15 0.000000e+00
  220 3.447355e-15 0.000000e+00
  221 3.451518e-15 0.000000e+00
  222 3.484257e-15 4.611730e-03
  223 3.537487e-15 0.000000e+00
  224 3.526497e-15 0.000000e+00
  225 4.110939e-15 0.000000e+00
  226 3.595748e-15 0.000000e+00
  227 3.588788e-15 0.000000e+00
  228 3.597279e-15 0.000000e+00
  229 3.588204e-15 0.000000e+00
  230 3.602658e-15 0.000000e+00
  231 3.615951e-15 0.000000e+00
  232 3.655671e-15 0.000000e+00
  233 3.696694e-15 0.000000e+00
  234 3.696457e-15 0.000000e+00
  235 4.310744e-15 0.000000e+00
  236 3.704770e-15 0.000000e+00
  237 3.733029e-15 0.000000e+00
  238 3.742431e-15 0.000000e+00
  239 3.714935e-15 0.000000e+00
  240 3.761492e-15 0.000000e+00
  241 3.737267e-15 0.000000e+00
  242 3.752134e-15 0.000000e+00
  243 3.822324e-15 0.000000e+00
  244 3.809991e-15 0.000000e+00
  245 4.479948e-15 0.000000e+00
  246 3.829758e-15 0.000000e+00
  247 3.858890e-15 0.000000e+00
  248 3.804314e-15 0.000000e+00
  249 3.857115e-15 0.000000e+00
  250 3.849543e-15 0.000000e+00
  251 3.846558e-15 0.000000e+00
  252 3.827522e-15 5.523433e-03
  253 3.914951e-15 0.000000e+00
  254 3.928827e-15 0.000000e+00
  255 4.605629e-15 0.000000e+00
  256 3.945378e-15 0.000000e+00
  257 3.908965e-15 0.000000e+00
  258 3.931418e-15 0.000000e+00
  259 3.892365e-15 0.000000e+00
  260 3.897254e-15 0.000000e+00
  261 3.899528e-15 0.000000e+00
  262 3.910710e-15 0.000000e+00
  263 4.005741e-15 0.000000e+00
  264 3.974020e-15 0.000000e+00
  265 4.746355e-15 0.000000e+00
  266 3.997726e-15 0.000000e+00
  267 3.943294e-15 0.000000e+00
  268 3.930054e-15 0.000000e+00
  269 3.974920e-15 0.000000e+00
  270 3.926023e-15 0.000000e+00
  271 3.910945e-15 0.000000e+00
  272 3.946305e-15 0.000000e+00
  273 3.990525e-15 0.000000e+00
  274 4.020096e-15 0.000000e+00
  275 4.814068e-15 0.000000e+00
  276 3.989797e-15 0.000000e+00
  277 3.937557e-15 0.000000e+00
  278 3.937821e-15 0.000000e+00
  279 4.010193e-15 0.000000e+00
  280 3.911201e-15 0.000000e+00
  281 3.921967e-15 0.000000e+00
  282 3.899071e-15 6.272598e-03
  283 3.980357e-15 0.000000e+00
  284 4.005453e-15 0.000000e+00
  285 4.867115e-15 0.000000e+00
  286 3.985487e-15 0.000000e+00
  287 3.909590e-15 0.000000e+00
  288 3.902424e-15 0.000000e+00
  289 3.944294e-15 0.000000e+00
  290 3.877822e-15 0.000000e+00
  291 3.885780e-15 0.000000e+00
  292 3.856967e-15 0.000000e+00
  293 3.940408e-15 0.000000e+00
  294 3.946422e-15 0.000000e+00
  295 4.894766e-15 0.000000e+00
  296 3.904276e-15 0.000000e+00
  297 3.867269e-15 0.000000e+00
  298 3.883323e-15 0.000000e+00
  299 3.846959e-15 0.000000e+00
  300 3.803455e-15 0.000000e+00
  301 3.821384e-15 0.000000e+00
  302 3.788459e-15 0.000000e+00
  303 3.874517e-15 0.000000e+00
  304 3.867411e-15 0.000000e+00
  305 4.786946e-15 0.000000e+00
  306 3.800941e-15 0.000000e+00
  307 3.765344e-15 0.000000e+00
  308 3.749384e-15 0.000000e+00
  309 3.709421e-15 0.000000e+00
  310 3.712122e-15 0.000000e+00
  311 3.659978e-15 0.000000e+00
  312 3.694764e-15 6.730787e-03
  313 3.715851e-15 0.000000e+00
  314 3.745280e-15 0.000000e+00
  315 4.637711e-15 0.000000e+00
  316 3.607467e-15 0.000000e+00
  317 3.593287e-15 0.000000e+00
  318 3.568079e-15 0.000000e+00
  319 3.518311e-15 0.000000e+00
  320 3.525438e-15 0.000000e+00
  321 3.495513e-15 0.000000e+00
  322 3.441420e-15 0.000000e+00
  323 3.547774e-15 0.000000e+00
  324 3.479108e-15 0.000000e+00
  325 4.389542e-15 0.000000e+00
  326 3.405394e-15 0.000000e+00
  327 3.332514e-15 0.000000e+00
  328 3.302288e-15 0.000000e+00
  329 3.285867e-15 0.000000e+00
  330 3.238552e-15 0.000000e+00
  331 3.208263e-15 0.000000e+00
  332 3.184839e-15 0.000000e+00
  333 3.247151e-15 0.000000e+00
  334 3.202660e-15 0.000000e+00
  335 4.077545e-15 0.000000e+00
  336 3.094213e-15 0.000000e+00
  337 3.039541e-15 0.000000e+00
  338 2.990007e-15 0.000000e+00
  339 2.925588e-15 0.000000e+00
  340 2.920389e-15 0.000000e+00
  341 2.856241e-15 0.000000e+00
  342 2.840767e-15 6.832373e-03
  343 2.885598e-15 0.000000e+00
  344 2.810325e-15 0.000000e+00
  345 3.707181e-15 0.000000e+00
  346 2.697198e-15 0.000000e+00
  347 2.660960e-15 0.000000e+00
  348 2.579459e-15 0.000000e+00
  349 2.537924e-15 0.000000e+00
  350 2.492633e-15 0.000000e+00
  351 2.424903e-15 0.000000e+00
  352 2.386466e-15 0.000000e+00
  353 2.434847e-15 0.000000e+00
  354 2.350039e-15 0.000000e+00
  355 3.267399e-15 0.000000e+00
  356 2.197938e-15 0.000000e+00
  357 2.191663e-15 0.000000e+00
  358 2.100145e-15 0.000000e+00
  359 2.047209e-15 0.000000e+00
  360 1.989439e-15 0.000000e+00
  361 1.900370e-15 0.000000e+00
  362 1.872054e-15 0.000000e+00
  363 1.925563e-15 0.000000e+00
  364 1.839625e-15 0.000000e+00
  365 2.759453e-15 0.000000e+00
  366 1.682921e-15 0.000000e+00
  367 1.689887e-15 0.000000e+00
  368 1.585218e-15 0.000000e+00
  369 1.505779e-15 0.000000e+00
  370 1.478402e-15 0.000000e+00
  371 1.381779e-15 0.000000e+00
  372 1.373151e-15 6.624246e-03
  373 1.424820e-15 0.000000e+00
  374 1.303449e-15 0.000000e+00
  375 2.306550e-15 0.000000e+00
  376 1.214053e-15 0.000000e+00
  377 1.206503e-15 0.000000e+00
  378 1.062090e-15 0.000000e+00
  379 1.004546e-15 0.000000e+00
  380 9.644460e-16 0.000000e+00
  381 9.240052e-16 0.000000e+00
  382 8.573932e-16 0.000000e+00
  383 9.658825e-16 0.000000e+00
  384 8.664791e-16 0.000000e+00
  385 1.941962e-15 0.000000e+00
  386 8.061678e-16 0.000000e+00
  387 7.419567e-16 0.000000e+00
  388 6.725727e-16 0.000000e+00
  389 6.584251e-16 0.000000e+00
  390 5.970001e-16 0.000000e+00
  391 5.411353e-16 0.000000e+00
  392 5.127276e-16 0.000000e+00
  393 6.851541e-16 0.000000e+00
  394 5.300041e-16 0.000000e+00
  395 1.825279e-15 0.000000e+00
  396 5.955930e-16 0.000000e+00
  397 5.865145e-16 0.000000e+00
  398 4.662835e-16 0.000000e+00
  399 4.279281e-16 0.000000e+00
  400 4.087615e-16 0.000000e+00
  401 4.429469e-16 0.000000e+00
  402 4.165669e-16 6.254986e-03
  403 6.238395e-16 0.000000e+00
  404 4.874416e-16 0.000000e+00
  405 2.058966e-15 0.000000e+00
  406 5.626844e-16 0.000000e+00
  407 6.431197e-16 0.000000e+00
  408 5.539476e-16 0.000000e+00
  409 5.408887e-16 0.000000e+00
  410 5.493818e-16 0.000000e+00
  411 6.310586e-16 0.000000e+00
  412 5.433872e-16 0.000000e+00
  413 8.946451e-16 0.000000e+00
  414 8.256207e-16 0.000000e+00
  415 2.510452e-15 0.000000e+00
  416 9.368532e-16 0.000000e+00
  417 1.007553e-15 0.000000e+00
  418 1.011153e-15 0.000000e+00
  419 9.032013e-16 0.000000e+00
  420 1.044875e-15 0.000000e+00
  421 1.056295e-15 0.000000e+00
  422 1.106498e-15 0.000000e+00
  423 1.509711e-15 0.000000e+00
  424 1.381304e-15 0.000000e+00
  425 3.387818e-15 0.000000e+00
  426 1.612064e-15 0.000000e+00
  427 1.653659e-15 0.000000e+00
  428 1.695131e-15 0.000000e+00
  429 1.685785e-15 0.000000e+00
  430 1.785139e-15 0.000000e+00
  431 1.809289e-15 0.000000e+00
  432 1.918479e-15 5.923650e-03
  433 2.391820e-15 0.000000e+00
  434 2.264228e-15 0.000000e+00
  435 4.522294e-15 0.000000e+00
  436 2.569704e-15 0.000000e+00
  437 2.525253e-15 0.000000e+00
  438 2.630142e-15 0.000000e+00
  439 2.684379e-15 0.000000e+00
  440 2.791206e-15 0.000000e+00
  441 2.787408e-15 0.000000e+00
  442 2.934701e-15 0.000000e+00
  443 3.408077e-15 0.000000e+00
  444 3.297987e-15 0.000000e+00
  445 5.846007e-15 0.000000e+00
  446 3.571570e-15 0.000000e+00
  447 3.629783e-15 0.000000e+00
  448 3.697636e-15 0.000000e+00
  449 3.888805e-15 0.000000e+00
  450 3.824942e-15 0.000000e+00
  451 3.916770e-15 0.000000e+00
  452 4.081780e-15 0.000000e+00
  453 4.520292e-15 0.000000e+00
  454 4.490328e-15 0.000000e+00
  455 7.093661e-15 0.000000e+00
  456 4.731617e-15 0.000000e+00
  457 4.710587e-15 0.000000e+00
  458 4.889536e-15 0.000000e+00
  459 4.954773e-15 0.000000e+00
  460 5.017782e-15 0.000000e+00
  461 5.155574e-15 0.000000e+00
  462 5.197130e-15 5.810016e-03
  463 5.641642e-15 0.000000e+00
  464 5.608061e-15 0.000000e+00
  465 8.325061e-15 0.000000e+00
  466 5.919607e-15 0.000000e+00
  467 5.870817e-15 0.000000e+00
  468 5.898358e-15 0.000000e+00
  469 6.021287e-15 0.000000e+00
  470 6.143603e-15 0.000000e+00
  471 6.253948e-15 0.000000e+00
  472 6.338751e-15 0.000000e+00
  473 6.677073e-15 0.000000e+00
  474 6.676848e-15 0.000000e+00
  475 9.482621e-15 0.000000e+00
  476 6.913188e-15 0.000000e+00
  477 6.783503e-15 0.000000e+00
  478 6.921260e-15 0.000000e+00
  479 7.008332e-15 0.000000e+00
  480 7.093654e-15 0.000000e+00
  481 7.170406e-15 0.000000e+00
  482 7.282083e-15 0.000000e+00
  483 7.645383e-15 0.000000e+00
  484 7.560795e-15 0.000000e+00
  485 1.054116e-14 0.000000e+00
  486 7.725626e-15 0.000000e+00
  487 7.727898e-15 0.000000e+00
  488 7.747376e-15 0.000000e+00
  489 7.819694e-15 0.000000e+00
  490 7.878876e-15 0.000000e+00
  491 8.008939e-15 0.000000e+00
  492 8.041364e-15 6.023692e-03
  493 8.445344e-15 0.000000e+00
  494 8.336831e-15 0.000000e+00
  495 1.131449e-14 0.000000e+00
  496 8.459979e-15 0.000000e+00
  497 8.351162e-15 0.000000e+00
  498 8.342619e-15 0.000000e+00
  499 8.462425e-15 0.000000e+00
  500 8.513747e-15 0.000000e+00
  501 8.583168e-15 0.000000e+00
  502 8.634695e-15 0.000000e+00
  503 9.022002e-15 0.000000e+00
  504 8.892273e-15 0.000000e+00
  505 1.189704e-14 0.000000e+00
  506 8.932612e-15 0.000000e+00
  507 8.773058e-15 0.000000e+00
  508 8.875383e-15 0.000000e+00
  509 8.922722e-15 0.000000e+00
  510 8.884708e-15 0.000000e+00
  511 8.955037e-15 0.000000e+00
  512 9.007879e-15 0.000000e+00
  513 9.455511e-15 0.000000e+00
  514 9.247088e-15 0.000000e+00
  515 1.221327e-14 0.000000e+00
  516 9.161587e-15 0.000000e+00
  517 9.149781e-15 0.000000e+00
  518 9.121815e-15 0.000000e+00
  519 9.076466e-15 0.000000e+00
  520 9.181041e-15 0.000000e+00
  521 9.151787e-15 0.000000e+00
  522 9.168785e-15 6.566113e-03
  523 9.582925e-15 0.000000e+00
  524 9.340508e-15 0.000000e+00
  525 1.231398e-14 0.000000e+00
  526 9.377740e-15 0.000000e+00
  527 9.213760e-15 0.000000e+00
  528 9.137343e-15 0.000000e+00
  529 9.112702e-15 0.000000e+00
  530 9.237469e-15 0.000000e+00
  531 9.140174e-15 0.000000e+00
  532 9.110409e-15 0.000000e+00
  533 9.516285e-15 0.000000e+00
  534 9.324772e-15 0.000000e+00
  535 1.224453e-14 0.000000e+00
  536 9.234148e-15 0.000000e+00
  537 9.084486e-15 0.000000e+00
  538 9.033003e-15 0.000000e+00
  539 8.970363e-15 0.000000e+00
  540 9.039378e-15 0.000000e+00
  541 8.951548e-15 0.000000e+00
  542 8.979375e-15 0.000000e+00
  543 9.297147e-15 0.000000e+00
  544 9.069219e-15 0.000000e+00
  545 1.192365e-14 0.000000e+00
  546 8.885384e-15 0.000000e+00
  547 8.805007e-15 0.000000e+00
  548 8.709404e-15 0.000000e+00
  549 8.650138e-15 0.000000e+00
  550 8.608545e-15 0.000000e+00
  551 8.627032e-15 0.000000e+00
  552 8.555502e-15 1.586190e-02
  553 8.805870e-15 0.000000e+00
  554 8.603571e-15 0.000000e+00
  555 1.135736e-14 0.000000e+00
  556 8.414497e-15 0.000000e+00
  557 8.273426e-15 0.000000e+00
  558 8.190996e-15 0.000000e+00
  559 8.126104e-15 0.000000e+00
  560 8.047188e-15 0.000000e+00
  561 7.975765e-15 0.000000e+00
  562 8.008183e-15 0.000000e+00
  563 8.163446e-15 0.000000e+00
  564 7.938020e-15 0.000000e+00
  565 1.048119e-14 0.000000e+00
  566 7.706659e-15 0.000000e+00
  567 7.597633e-15 0.000000e+00
  568 7.464861e-15 0.000000e+00
  569 7.392583e-15 0.000000e+00
  570 7.243625e-15 0.000000e+00
  571 7.189081e-15 0.000000e+00
  572 7.158045e-15 0.000000e+00
  573 7.362139e-15 0.000000e+00
  574 7.093247e-15 0.000000e+00
  575 9.382925e-15 0.000000e+00
  576 6.801801e-15 0.000000e+00
  577 6.647460e-15 0.000000e+00
  578 6.579021e-15 0.000000e+00
  579 6.434947e-15 0.000000e+00
  580 6.289085e-15 0.000000e+00
  581 6.166600e-15 0.000000e+00
  582 6.053230e-15 0.000000e+00
  583 6.344840e-15 0.000000e+00
  584 6.010573e-15 0.000000e+00
  585 8.020458e-15 0.000000e+00
  586 5.672140e-15 0.000000e+00
  587 5.527644e-15 0.000000e+00
  588 5.416803e-15 0.000000e+00
  589 5.298360e-15 0.000000e+00
  590 5.123568e-15 0.000000e+00
  591 4.943224e-15 0.000000e+00
  592 4.877543e-15 0.000000e+00
  593 4.998834e-15 0.000000e+00
  594 4.746377e-15 0.000000e+00
  595 6.420732e-15 0.000000e+00
  596 4.369424e-15 0.000000e+00
  597 4.194957e-15 0.000000e+00
  598 4.039724e-15 0.000000e+00
  599 3.926112e-15 0.000000e+00
  600 3.753257e-15 0.000000e+00
  601 3.524691e-15 0.000000e+00
  602 3.433154e-15 0.000000e+00
  603 3.510409e-15 0.000000e+00
  604 3.281920e-15 0.000000e+00
  605 4.541960e-15 0.000000e+00
  606 2.867381e-15 0.000000e+00
  607 2.675560e-15 0.000000e+00
  608 2.564359e-15 0.000000e+00
  609 2.388602e-15 0.000000e+00
  610 2.199945e-15 0.000000e+00
  611 2.018355e-15 0.000000e+00
  612 1.845525e-15 0.000000e+00
  613 1.915650e-15 0.000000e+00
  614 1.649684e-15 0.000000e+00
  615 2.596913e-15 0.000000e+00
  616 1.239286e-15 0.000000e+00
  617 1.106694e-15 0.000000e+00
  618 9.103295e-16 0.000000e+00
  619 7.379632e-16 0.000000e+00
  620 5.800746e-16 0.000000e+00
  621 3.949767e-16 0.000000e+00
  622 2.037336e-16 0.000000e+00
  623 2.360243e-16 0.000000e+00
  624 1.219034e-17 0.000000e+00
  625 6.588724e-16 0.000000e+00
  626 -3.865288e-16 0.000000e+00
  627 -5.506753e-16 0.000000e+00
  628 -7.002372e-16 0.000000e+00
  629 -8.549288e-16 0.000000e+00
  630 -1.026488e-15 0.000000e+00
  631 -1.204449e-15 0.000000e+00
  632 -1.347173e-15 0.000000e+00
  633 -1.312025e-15 0.000000e+00
  634 -1.537965e-15 0.000000e+00
  635 -1.010400e-15 0.000000e+00
  636 -1.917824e-15 0.000000e+00
  637 -1.997058e-15 0.000000e+00
  638 -2.127131e-15 0.000000e+00
  639 -2.261458e-15 0.000000e+00
  640 -2.384262e-15 0.000000e+00
  641 -2.518518e-15 0.000000e+00
  642 -2.683275e-15 0.000000e+00
  643 -2.561723e-15 0.000000e+00
  644 -2.756364e-15 0.000000e+00
  645 -2.169689e-15 0.000000e+00
  646 -3.003447e-15 0.000000e+00
  647 -3.102754e-15 0.000000e+00
  648 -3.191610e-15 0.000000e+00
  649 -3.229398e-15 0.000000e+00
  650 -3.332024e-15 0.000000e+00
  651 -3.375458e-15 0.000000e+00
  652 -3.464539e-15 2.919382e-02
  653 -3.267630e-15 0.000000e+00
  654 -3.379365e-15 0.000000e+00
  655 -2.519630e-15 0.000000e+00
  656 -3.494978e-15 0.000000e+00
  657 -3.539768e-15 0.000000e+00
  658 -3.549331e-15 0.000000e+00
  659 -3.541792e-15 0.000000e+00
  660 -3.504827e-15 0.000000e+00
  661 -3.552235e-15 0.000000e+00
  662 -3.523912e-15 0.000000e+00
  663 -3.095601e-15 0.000000e+00
  664 -3.184402e-15 0.000000e+00
  665 -1.766244e-15 0.000000e+00
  666 -3.114606e-15 0.000000e+00
  667 -3.106002e-15 0.000000e+00
  668 -3.019219e-15 0.000000e+00
  669 -2.914967e-15 0.000000e+00
  670 -2.769145e-15 0.000000e+00
  671 -2.686920e-15 0.000000e+00
  672 -2.536524e-15 0.000000e+00
  673 -1.941714e-15 0.000000e+00
  674 -2.006713e-15 0.000000e+00
  675 4.982322e-16 0.000000e+00
  676 -1.739447e-15 0.000000e+00
  677 -1.535553e-15 0.000000e+00
  678 -1.396931e-15 0.000000e+00
  679 -1.101931e-15 0.000000e+00
  680 -8.248267e-16 0.000000e+00
  681 -6.931207e-16 0.000000e+00
  682 -4.091514e-16 0.000000e+00
  683 3.888595e-16 0.000000e+00
  684 5.523014e-16 0.000000e+00
  685 4.188874e-15 0.000000e+00
  686 9.464469e-16 0.000000e+00
  687 1.204826e-15 0.000000e+00
  688 1.647212e-15 0.000000e+00
  689 1.861800e-15 0.000000e+00
  690 2.244730e-15 0.000000e+00
  691 2.570902e-15 0.000000e+00
  692 3.093472e-15 0.000000e+00
  693 4.034152e-15 0.000000e+00
  694 4.336028e-15 0.000000e+00
  695 9.457290e-15 0.000000e+00
  696 4.954051e-15 0.000000e+00
  697 5.252686e-15 0.000000e+00
  698 5.845154e-15 0.000000e+00
  699 6.249623e-15 0.000000e+00
  700 6.644463e-15 0.000000e+00
  701 7.196211e-15 0.000000e+00
  702 7.745453e-15 0.000000e+00
  703 9.063346e-15 0.000000e+00
  704 9.382189e-15 0.000000e+00
  705 1.615470e-14 0.000000e+00
  706 1.016000e-14 0.000000e+00
  707 1.050544e-14 0.000000e+00
  708 1.130025e-14 0.000000e+00
  709 1.184237e-14 0.000000e+00
  710 1.240949e-14 0.000000e+00
  711 1.296119e-14 0.000000e+00
  712 1.362514e-14 0.000000e+00
  713 1.527439e-14 0.000000e+00
  714 1.573020e-14 0.000000e+00
  715 2.357961e-14 0.000000e+00
  716 1.651061e-14 0.000000e+00
  717 1.703819e-14 0.000000e+00
  718 1.786075e-14 0.000000e+00
  719 1.848206e-14 0.000000e+00
  720 1.914843e-14 0.000000e+00
  721 1.991216e-14 0.000000e+00
  722 2.050692e-14 0.000000e+00
  723 2.255240e-14 0.000000e+00
  724 2.293337e-14 0.000000e+00
  725 3.181975e-14 0.000000e+00
  726 2.382092e-14 0.000000e+00
  727 2.431530e-14 0.000000e+00
  728 2.529809e-14 0.000000e+00
  729 2.598168e-14 0.000000e+00
  730 2.683678e-14 0.000000e+00
  731 2.744730e-14 0.000000e+00
  732 2.822458e-14 0.000000e+00
  733 3.061133e-14 0.000000e+00
  734 3.089366e-14 0.000000e+00
  735 4.049316e-14 0.000000e+00
  736 3.160695e-14 0.000000e+00
  737 3.222075e-14 0.000000e+00
  738 3.339567e-14 0.000000e+00
  739 3.417374e-14 0.000000e+00
  740 3.498838e-14 0.000000e+00
  741 3.573661e-14 0.000000e+00
  742 3.643206e-14 0.000000e+00
  743 3.916665e-14 0.000000e+00
  744 3.921381e-14 0.000000e+00
  745 4.899276e-14 0.000000e+00
  746 3.993240e-14 0.000000e+00
  747 4.056963e-14 0.000000e+00
  748 4.184894e-14 0.000000e+00
  749 4.262031e-14 0.000000e+00
  750 4.347359e-14 0.000000e+00
  751 4.416738e-14 0.000000e+00
  752 4.504851e-14 2.264165e-02
  753 4.761591e-14 0.000000e+00
  754 4.778377e-14 0.000000e+00
  755 5.729624e-14 0.000000e+00
  756 4.830356e-14 0.000000e+00
  757 4.910071e-14 0.000000e+00
  758 5.028294e-14 0.000000e+00
  759 5.122020e-14 0.000000e+00
  760 5.195707e-14 0.000000e+00
  761 5.266982e-14 0.000000e+00
  762 5.360892e-14 0.000000e+00
  763 5.596863e-14 0.000000e+00
  764 5.624925e-14 0.000000e+00
  765 6.507172e-14 0.000000e+00
  766 5.664700e-14 0.000000e+00
  767 5.712539e-14 0.000000e+00
  768 5.883403e-14 0.000000e+00
  769 5.958028e-14 0.000000e+00
  770 6.010492e-14 0.000000e+00
  771 6.087220e-14 0.000000e+00
  772 6.180476e-14 0.000000e+00
  773 6.393730e-14 0.000000e+00
  774 6.435758e-14 0.000000e+00
  775 7.228142e-14 0.000000e+00
  776 6.469908e-14 0.000000e+00
  777 6.506807e-14 0.000000e+00
  778 6.659541e-14 0.000000e+00
  779 6.730752e-14 0.000000e+00
  780 6.808048e-14 0.000000e+00
  781 6.856203e-14 0.000000e+00
  782 6.937381e-14 0.000000e+00
  783 7.157657e-14 0.000000e+00
  784 7.164426e-14 0.000000e+00
  785 7.886153e-14 0.000000e+00
  786 7.192215e-14 0.000000e+00
  787 7.231252e-14 0.000000e+00
  788 7.385592e-14 0.000000e+00
  789 7.452189e-14 0.000000e+00
  790 7.500235e-14 0.000000e+00
  791 7.554523e-14 0.000000e+00
  792 7.617473e-14 0.000000e+00
  793 7.815180e-14 0.000000e+00
  794 7.841072e-14 0.000000e+00
  795 8.489652e-14 0.000000e+00
  796 7.839797e-14 0.000000e+00
  797 7.876886e-14 0.000000e+00
  798 8.022481e-14 0.000000e+00
  799 8.063169e-14 0.000000e+00
  800 8.105259e-14 0.000000e+00
  801 8.170168e-14 0.000000e+00
  802 8.192601e-14 0.000000e+00
  803 8.390669e-14 0.000000e+00
  804 8.392886e-14 0.000000e+00
  805 9.041158e-14 0.000000e+00
  806 8.392994e-14 0.000000e+00
  807 8.429536e-14 0.000000e+00
  808 8.541168e-14 0.000000e+00
  809 8.566878e-14 0.000000e+00
  810 8.609547e-14 0.000000e+00
  811 8.670731e-14 0.000000e+00
  812 8.686159e-14 0.000000e+00
  813 8.843940e-14 0.000000e+00
  814 8.834160e-14 0.000000e+00
  815 9.536127e-14 0.000000e+00
  816 8.841588e-14 0.000000e+00
  817 8.857174e-14 0.000000e+00
  818 8.949354e-14 0.000000e+00
  819 8.970085e-14 0.000000e+00
  820 8.979565e-14 0.000000e+00
  821 9.040847e-14 0.000000e+00
  822 9.072737e-14 0.000000e+00
  823 9.180668e-14 0.000000e+00
  824 9.169022e-14 0.000000e+00
  825 9.964739e-14 0.000000e+00
  826 9.153355e-14 0.000000e+00
  827 9.150141e-14 0.000000e+00
  828 9.228363e-14 0.000000e+00
  829 9.237950e-14 0.000000e+00
  830 9.268944e-14 0.000000e+00
  831 9.270750e-14 0.000000e+00
  832 9.306798e-14 0.000000e+00
  833 9.391711e-14 0.000000e+00
  834 9.377421e-14 0.000000e+00
  835 1.030113e-13 0.000000e+00
  836 9.357727e-14 0.000000e+00
  837 9.351622e-14 0.000000e+00
  838 9.370309e-14 0.000000e+00
  839 9.369894e-14 0.000000e+00
  840 9.403713e-14 0.000000e+00
  841 9.391424e-14 0.000000e+00
  842 9.373427e-14 0.000000e+00
  843 9.498965e-14 0.000000e+00
  844 9.446600e-14 0.000000e+00
  845 1.053522e-13 0.000000e+00
  846 9.408894e-14 0.000000e+00
  847 9.372454e-14 0.000000e+00
  848 9.398832e-14 0.000000e+00
  849 9.372129e-14 0.000000e+00
  850 9.379890e-14 0.000000e+00
  851 9.362047e-14 0.000000e+00
  852 9.339957e-14 2.019478e-02
  853 9.461934e-14 0.000000e+00
  854 9.386292e-14 0.000000e+00
  855 1.064000e-13 0.000000e+00
  856 9.324013e-14 0.000000e+00
  857 9.279332e-14 0.000000e+00
  858 9.268064e-14 0.000000e+00
  859 9.215673e-14 0.000000e+00
  860 9.221005e-14 0.000000e+00
  861 9.178341e-14 0.000000e+00
  862 9.162500e-14 0.000000e+00
  863 9.261954e-14 0.000000e+00
  864 9.194971e-14 0.000000e+00
  865 1.060312e-13 0.000000e+00
  866 9.087718e-14 0.000000e+00
  867 9.023630e-14 0.000000e+00
  868 8.983792e-14 0.000000e+00
  869 8.922799e-14 0.000000e+00
  870 8.899384e-14 0.000000e+00
  871 8.866256e-14 0.000000e+00
  872 8.812397e-14 0.000000e+00
  873 8.921352e-14 0.000000e+00
  874 8.849268e-14 0.000000e+00
  875 1.039000e-13 0.000000e+00
  876 8.669535e-14 0.000000e+00
  877 8.606325e-14 0.000000e+00
  878 8.575675e-14 0.000000e+00
  879 8.486726e-14 0.000000e+00
  880 8.456080e-14 0.000000e+00
  881 8.372057e-14 0.000000e+00
  882 8.324856e-14 0.000000e+00
  883 8.440883e-14 0.000000e+00
  884 8.325555e-14 0.000000e+00
  885 9.961544e-14 0.000000e+00
  886 8.123012e-14 0.000000e+00
  887 8.040046e-14 0.000000e+00
  888 7.979443e-14 0.000000e+00
  889 7.892626e-14 0.000000e+00
  890 7.822496e-14 0.000000e+00
  891 7.737716e-14 0.000000e+00
  892 7.669170e-14 0.000000e+00
  893 7.811140e-14 0.000000e+00
  894 7.654432e-14 0.000000e+00
  895 9.347746e-14 0.000000e+00
  896 7.423493e-14 0.000000e+00
  897 7.310410e-14 0.000000e+00
  898 7.234148e-14 0.000000e+00
  899 7.131899e-14 0.000000e+00
  900 7.026470e-14 0.000000e+00
  901 6.944757e-14 0.000000e+00
  902 6.867692e-14 0.000000e+00
  903 6.978863e-14 0.000000e+00
  904 6.819266e-14 0.000000e+00
  905 8.518069e-14 0.000000e+00
  906 6.538924e-14 0.000000e+00
  907 6.440070e-14 0.000000e+00
  908 6.340117e-14 0.000000e+00
  909 6.231354e-14 0.000000e+00
  910 6.098510e-14 0.000000e+00
  911 6.010944e-14 0.000000e+00
  912 5.896420e-14 0.000000e+00
  913 6.007031e-14 0.000000e+00
  914 5.841475e-14 0.000000e+00
  915 7.504053e-14 0.000000e+00
  916 5.494039e-14 0.000000e+00
  917 5.399093e-14 0.000000e+00
  918 5.292454e-14 0.000000e+00
  919 5.168746e-14 0.000000e+00
  920 5.020321e-14 0.000000e+00
  921 4.936646e-14 0.000000e+00
  922 4.811542e-14 0.000000e+00
  923 4.901490e-14 0.000000e+00
  924 4.704766e-14 0.000000e+00
  925 6.355719e-14 0.000000e+00
  926 4.350011e-14 0.000000e+00
  927 4.235263e-14 0.000000e+00
  928 4.126551e-14 0.000000e+00
  929 3.969415e-14 0.000000e+00
  930 3.842525e-14 0.000000e+00
  931 3.755680e-14 0.000000e+00
  932 3.580365e-14 0.000000e+00
  933 3.676898e-14 0.000000e+00
  934 3.502261e-14 0.000000e+00
  935 5.098642e-14 0.000000e+00
  936 3.111622e-14 0.000000e+00
  937 2.975000e-14 0.000000e+00
  938 2.855687e-14 0.000000e+00
  939 2.731534e-14 0.000000e+00
  940 2.577934e-14 0.000000e+00
  941 2.479751e-14 0.000000e+00
  942 2.295771e-14 0.000000e+00
  943 2.405452e-14 0.000000e+00
  944 2.248272e-14 0.000000e+00
  945 3.826783e-14 0.000000e+00
  946 1.838119e-14 0.000000e+00
  947 1.662326e-14 0.000000e+00
  948 1.589049e-14 0.000000e+00
  949 1.438125e-14 0.000000e+00
  950 1.305195e-14 0.000000e+00
  951 1.177735e-14 0.000000e+00
  952 1.049702e-14 1.970569e-02
  953 1.145554e-14 0.000000e+00
  954 9.606361e-15 0.000000e+00
  955 2.706743e-14 0.000000e+00
  956 5.986811e-15 0.000000e+00
  957 3.960483e-15 0.000000e+00
  958 3.556563e-15 0.000000e+00
  959 1.992244e-15 0.000000e+00
  960 7.392294e-16 0.000000e+00
  961 -3.066531e-16 0.000000e+00
  962 -1.702511e-15 0.000000e+00
  963 -1.494408e-16 0.000000e+00
  964 -1.856091e-15 0.000000e+00
  965 1.797424e-14 0.000000e+00
  966 -5.299531e-15 0.000000e+00
  967 -7.179007e-15 0.000000e+00
  968 -7.396619e-15 0.000000e+00
  969 -9.037288e-15 0.000000e+00
  970 -9.602688e-15 0.000000e+00
  971 -1.091151e-14 0.000000e+00
  972 -1.205862e-14 0.000000e+00
  973 -9.925577e-15 0.000000e+00
  974 -1.114023e-14 0.000000e+00
  975 1.215570e-14 0.000000e+00
  976 -1.430501e-14 0.000000e+00
  977 -1.596465e-14 0.000000e+00
  978 -1.627201e-14 0.000000e+00
  979 -1.725907e-14 0.000000e+00
  980 -1.777245e-14 0.000000e+00
  981 -1.857037e-14 0.000000e+00
  982 -1.925552e-14 0.000000e+00
  983 -1.604092e-14 0.000000e+00
  984 -1.743484e-14 0.000000e+00
  985 1.074426e-14 0.000000e+00
  986 -2.003983e-14 0.000000e+00
  987 -2.211253e-14 0.000000e+00
  988 -2.149166e-14 0.000000e+00
  989 -2.195022e-14 0.000000e+00
  990 -2.239364e-14 0.000000e+00
  991 -2.252949e-14 0.000000e+00
  992 -2.269417e-14 0.000000e+00
  993 -1.858592e-14 0.000000e+00
  994 -1.956937e-14 0.000000e+00
  995 1.453909e-14 0.000000e+00
  996 -2.208501e-14 0.000000e+00
  997 -2.329730e-14 0.000000e+00
  998 -2.235946e-14 0.000000e+00
  999 -2.214839e-14 0.000000e+00
 1000 -2.237826e-14 0.000000e+00
 1001 -2.210437e-14 0.000000e+00
 1002 -2.201935e-14 0.000000e+00
 1003 -1.642136e-14 0.000000e+00
 1004 -1.739742e-14 0.000000e+00
 1005 2.274077e-14 0.000000e+00
 1006 -1.921068e-14 0.000000e+00
 1007 -2.026824e-14 0.000000e+00
 1008 -1.831446e-14 0.000000e+00
 1009 -1.800069e-14 0.000000e+00
 1010 -1.734071e-14 0.000000e+00
 1011 -1.653430e-14 0.000000e+00
 1012 -1.623053e-14 0.000000e+00
 1013 -9.190386e-15 0.000000e+00
 1014 -1.024157e-14 0.000000e+00
 1015 3.453102e-14 0.000000e+00
 1016 -1.133132e-14 0.000000e+00
 1017 -1.208837e-14 0.000000e+00
 1018 -9.913227e-15 0.000000e+00
 1019 -8.846373e-15 0.000000e+00
 1020 -7.852431e-15 0.000000e+00
 1021 -5.974577e-15 0.000000e+00
 1022 -6.007442e-15 0.000000e+00
 1023 2.618104e-15 0.000000e+00
 1024 2.039714e-15 0.000000e+00
 1025 4.985680e-14 0.000000e+00
 1026 8.171727e-16 0.000000e+00
 1027 5.369511e-16 0.000000e+00
 1028 3.456347e-15 0.000000e+00
 1029 4.399235e-15 0.000000e+00
 1030 6.504902e-15 0.000000e+00
 1031 7.395125e-15 0.000000e+00
 1032 9.173610e-15 0.000000e+00
 1033 1.834376e-14 0.000000e+00
 1034 1.785955e-14 0.000000e+00
 1035 6.669732e-14 0.000000e+00
 1036 1.668570e-14 0.000000e+00
 1037 1.628222e-14 0.000000e+00
 1038 1.999749e-14 0.000000e+00
 1039 2.233966e-14 0.000000e+00
 1040 2.327133e-14 0.000000e+00
 1041 2.528771e-14 0.000000e+00
 1042 2.688878e-14 0.000000e+00
 1043 3.745567e-14 0.000000e+00
 1044 3.660209e-14 0.000000e+00
 1045 8.436918e-14 0.000000e+00
 1046 3.526511e-14 0.000000e+00
 1047 3.497605e-14 0.000000e+00
 1048 3.980684e-14 0.000000e+00
 1049 4.197641e-14 0.000000e+00
 1050 4.285709e-14 0.000000e+00
 1051 4.508298e-14 0.000000e+00
 1052 4.676002e-14 1.240643e-02
 1053 5.812802e-14 0.000000e+00
 1054 5.686986e-14 0.000000e+00
 1055 1.021578e-13 0.000000e+00
 1056 5.510253e-14 0.000000e+00
 1057 5.532928e-14 0.000000e+00
 1058 6.117218e-14 0.000000e+00
 1059 6.283319e-14 0.000000e+00
 1060 6.386433e-14 0.000000e+00
 1061 6.597739e-14 0.000000e+00
 1062 6.804087e-14 0.000000e+00
 1063 7.883287e-14 0.000000e+00
 1064 7.736967e-14 0.000000e+00
 1065 1.201125e-13 0.000000e+00
 1066 7.580036e-14 0.000000e+00
 1067 7.630914e-14 0.000000e+00
 1068 8.249618e-14 0.000000e+00
 1069 8.400873e-14 0.000000e+00
 1070 8.529015e-14 0.000000e+00
 1071 8.651899e-14 0.000000e+00
 1072 8.942016e-14 0.000000e+00
 1073 9.988086e-14 0.000000e+00
 1074 9.832208e-14 0.000000e+00
 1075 1.368583e-13 0.000000e+00
 1076 9.590692e-14 0.000000e+00
 1077 9.672827e-14 0.000000e+00
 1078 1.028770e-13 0.000000e+00
 1079 1.043885e-13 0.000000e+00
 1080 1.060423e-13 0.000000e+00
 1081 1.067302e-13 0.000000e+00
 1082 1.097820e-13 0.000000e+00
 1083 1.193656e-13 0.000000e+00
 1084 1.184465e-13 0.000000e+00
 1085 1.513059e-13 0.000000e+00
 1086 1.159280e-13 0.000000e+00
 1087 1.156405e-13 0.000000e+00
 1088 1.224029e-13 0.000000e+00
 1089 1.236264e-13 0.000000e+00
 1090 1.247254e-13 0.000000e+00
 1091 1.258811e-13 0.000000e+00
 1092 1.276010e-13 0.000000e+00
 1093 1.372257e-13 0.000000e+00
 1094 1.361164e-13 0.000000e+00
 1095 1.654784e-13 0.000000e+00
 1096 1.333453e-13 0.000000e+00
 1097 1.334814e-13 0.000000e+00
 1098 1.398856e-13 0.000000e+00
 1099 1.404270e-13 0.000000e+00
 1100 1.415036e-13 0.000000e+00
 1101 1.429181e-13 0.000000e+00
 1102 1.437594e-13 0.000000e+00
 1103 1.525063e-13 0.000000e+00
 1104 1.511960e-13 0.000000e+00
 1105 1.782433e-13 0.000000e+00
 1106 1.485265e-13 0.000000e+00
 1107 1.488707e-13 0.000000e+00
 1108 1.544516e-13 0.000000e+00
 1109 1.551284e-13 0.000000e+00
 1110 1.558427e-13 0.000000e+00
 1111 1.570484e-13 0.000000e+00
 1112 1.579797e-13 0.000000e+00
 1113 1.654627e-13 0.000000e+00
 1114 1.639598e-13 0.000000e+00
 1115 1.894064e-13 0.000000e+00
 1116 1.616973e-13 0.000000e+00
 1117 1.609464e-13 0.000000e+00
 1118 1.664555e-13 0.000000e+00
 1119 1.665890e-13 0.000000e+00
 1120 1.671769e-13 0.000000e+00
 1121 1.683697e-13 0.000000e+00
 1122 1.688026e-13 0.000000e+00
 1123 1.760115e-13 0.000000e+00
 1124 1.736388e-13 0.000000e+00
 1125 1.993759e-13 0.000000e+00
 1126 1.715800e-13 0.000000e+00
 1127 1.708898e-13 0.000000e+00
 1128 1.753518e-13 0.000000e+00
 1129 1.750885e-13 0.000000e+00
 1130 1.752562e-13 0.000000e+00
 1131 1.760414e-13 0.000000e+00
 1132 1.764667e-13 0.000000e+00
 1133 1.828843e-13 0.000000e+00
 1134 1.803868e-13 0.000000e+00
 1135 2.070218e-13 0.000000e+00
 1136 1.786530e-13 0.000000e+00
 1137 1.773570e-13 0.000000e+00
 1138 1.810230e-13 0.000000e+00
 1139 1.803099e-13 0.000000e+00
 1140 1.801517e-13 0.000000e+00
 1141 1.809855e-13 0.000000e+00
 1142 1.807679e-13 0.000000e+00
 1143 1.862190e-13 0.000000e+00
 1144 1.841302e-13 0.000000e+00
 1145 2.121120e-13 0.000000e+00
 1146 1.818321e-13 0.000000e+00
 1147 1.799499e-13 0.000000e+00
 1148 1.831233e-13 0.000000e+00
 1149 1.820135e-13 0.000000e+00
 1150 1.818327e-13 0.000000e+00
 1151 1.818553e-13 0.000000e+00
 1152 1.816173e-13 1.806293e-02
 1153 1.866261e-13 0.000000e+00
 1154 1.838997e-13 0.000000e+00
 1155 2.143451e-13 0.000000e+00
 1156 1.807536e-13 0.000000e+00
 1157 1.791739e-13 0.000000e+00
 1158 1.811710e-13 0.000000e+00
 1159 1.801561e-13 0.000000e+00
 1160 1.789579e-13 0.000000e+00
 1161 1.793433e-13 0.000000e+00
 1162 1.784916e-13 0.000000e+00
 1163 1.834403e-13 0.000000e+00
 1164 1.797717e-13 0.000000e+00
 1165 2.125616e-13 0.000000e+00
 1166 1.767674e-13 0.000000e+00
 1167 1.742158e-13 0.000000e+00
 1168 1.757668e-13 0.000000e+00
 1169 1.740116e-13 0.000000e+00
 1170 1.732156e-13 0.000000e+00
 1171 1.719441e-13 0.000000e+00
 1172 1.710827e-13 0.000000e+00
 1173 1.756989e-13 0.000000e+00
 1174 1.722797e-13 0.000000e+00
 1175 2.063646e-13 0.000000e+00
 1176 1.676945e-13 0.000000e+00
 1177 1.653602e-13 0.000000e+00
 1178 1.664463e-13 0.000000e+00
 1179 1.641883e-13 0.000000e+00
 1180 1.628004e-13 0.000000e+00
 1181 1.610795e-13 0.000000e+00
 1182 1.599031e-13 0.000000e+00
 1183 1.642369e-13 0.000000e+00
 1184 1.605593e-13 0.000000e+00
 1185 1.943159e-13 0.000000e+00
 1186 1.543616e-13 0.000000e+00
 1187 1.523959e-13 0.000000e+00
 1188 1.524870e-13 0.000000e+00
 1189 1.507486e-13 0.000000e+00
 1190 1.479649e-13 0.000000e+00
 1191 1.462310e-13 0.000000e+00
 1192 1.445794e-13 0.000000e+00
 1193 1.486951e-13 0.000000e+00
 1194 1.443047e-13 0.000000e+00
 1195 1.768889e-13 0.000000e+00
 1196 1.375650e-13 0.000000e+00
 1197 1.346849e-13 0.000000e+00
 1198 1.344409e-13 0.000000e+00
 1199 1.323372e-13 0.000000e+00
 1200 1.295032e-13 0.000000e+00
 1201 1.270787e-13 0.000000e+00
 1202 1.252086e-13 0.000000e+00
 1203 1.287919e-13 0.000000e+00
 1204 1.244032e-13 0.000000e+00
 1205 1.542454e-13 0.000000e+00
 1206 1.166710e-13 0.000000e+00
 1207 1.133102e-13 0.000000e+00
 1208 1.125574e-13 0.000000e+00
 1209 1.101323e-13 0.000000e+00
 1210 1.071723e-13 0.000000e+00
 1211 1.043811e-13 0.000000e+00
 1212 1.016533e-13 0.000000e+00
 1213 1.054212e-13 0.000000e+00
 1214 1.004097e-13 0.000000e+00
 1215 1.272971e-13 0.000000e+00
 1216 9.214836e-14 0.000000e+00
 1217 8.836827e-14 0.000000e+00
 1218 8.749359e-14 0.000000e+00
 1219 8.482755e-14 0.000000e+00
 1220 8.146501e-14 0.000000e+00
 1221 7.850261e-14 0.000000e+00
 1222 7.546242e-14 0.000000e+00
 1223 7.893175e-14 0.000000e+00
 1224 7.343539e-14 0.000000e+00
 1225 9.675344e-14 0.000000e+00
 1226 6.479926e-14 0.000000e+00
 1227 6.043687e-14 0.000000e+00
 1228 5.986312e-14 0.000000e+00
 1229 5.711219e-14 0.000000e+00
 1230 5.335418e-14 0.000000e+00
 1231 5.063406e-14 0.000000e+00
 1232 4.708444e-14 0.000000e+00
 1233 5.032182e-14 0.000000e+00
 1234 4.491924e-14 0.000000e+00
 1235 6.449485e-14 0.000000e+00
 1236 3.607146e-14 0.000000e+00
 1237 3.141990e-14 0.000000e+00
 1238 3.116850e-14 0.000000e+00
 1239 2.819335e-14 0.000000e+00
 1240 2.484594e-14 0.000000e+00
 1241 2.197876e-14 0.000000e+00
 1242 1.834712e-14 0.000000e+00
 1243 2.152826e-14 0.000000e+00
 1244 1.624125e-14 0.000000e+00
 1245 3.367772e-14 0.000000e+00
 1246 7.704578e-15 0.000000e+00
 1247 2.691479e-15 0.000000e+00
 1248 3.263650e-15 0.000000e+00
 1249 -1.831733e-16 0.000000e+00
 1250 -2.563286e-15 0.000000e+00
 1251 -5.864746e-15 0.000000e+00
 1252 -8.857527e-15 0.000000e+00
 1253 -6.025038e-15 0.000000e+00
 1254 -1.018214e-14 0.000000e+00
 1255 6.185533e-15 0.000000e+00
 1256 -1.874410e-14 0.000000e+00
 1257 -2.310327e-14 0.000000e+00
 1258 -2.231845e-14 0.000000e+00
 1259 -2.525580e-14 0.000000e+00
 1260 -2.748345e-14 0.000000e+00
 1261 -3.011766e-14 0.000000e+00
 1262 -3.251546e-14 0.000000e+00
 1263 -2.887794e-14 0.000000e+00
 1264 -3.293796e-14 0.000000e+00
 1265 -1.414567e-14 0.000000e+00
 1266 -4.046061e-14 0.000000e+00
 1267 -4.405718e-14 0.000000e+00
 1268 -4.234995e-14 0.000000e+00
 1269 -4.497215e-14 0.000000e+00
 1270 -4.699752e-14 0.000000e+00
 1271 -4.841368e-14 0.000000e+00
 1272 -5.040258e-14 0.000000e+00
 1273 -4.563955e-14 0.000000e+00
 1274 -4.884716e-14 0.000000e+00
 1275 -2.437338e-14 0.000000e+00
 1276 -5.502234e-14 0.000000e+00
 1277 -5.824547e-14 0.000000e+00
 1278 -5.548291e-14 0.000000e+00
 1279 -5.706447e-14 0.000000e+00
 1280 -5.864466e-14 0.000000e+00
 1281 -5.926410e-14 0.000000e+00
 1282 -6.008438e-14 0.000000e+00
 1283 -5.318554e-14 0.000000e+00
 1284 -5.607859e-14 0.000000e+00
 1285 -2.327588e-14 0.000000e+00
 1286 -6.060190e-14 0.000000e+00
 1287 -6.301028e-14 0.000000e+00
 1288 -5.949127e-14 0.000000e+00
 1289 -5.993390e-14 0.000000e+00
 1290 -6.089116e-14 0.000000e+00
 1291 -5.984380e-14 0.000000e+00
 1292 -6.021792e-14 0.000000e+00
 1293 -5.051279e-14 0.000000e+00
 1294 -5.295434e-14 0.000000e+00
 1295 -9.213907e-15 0.000000e+00
 1296 -5.625997e-14 0.000000e+00
 1297 -5.712156e-14 0.000000e+00
 1298 -5.297475e-14 0.000000e+00
 1299 -5.204637e-14 0.000000e+00
 1300 -5.227776e-14 0.000000e+00
 1301 -4.973675e-14 0.000000e+00
 1302 -4.934771e-14 0.000000e+00
 1303 -3.670428e-14 0.000000e+00
 1304 -3.856548e-14 0.000000e+00
 1305 1.625420e-14 0.000000e+00
 1306 -4.041265e-14 0.000000e+00
 1307 -4.064891e-14 0.000000e+00
 1308 -3.495561e-14 0.000000e+00
 1309 -3.410235e-14 0.000000e+00
 1310 -3.206965e-14 0.000000e+00
 1311 -2.844995e-14 0.000000e+00
 1312 -2.763842e-14 0.000000e+00
 1313 -1.095581e-14 0.000000e+00
 1314 -1.327396e-14 0.000000e+00
 1315 5.389434e-14 0.000000e+00
 1316 -1.421485e-14 0.000000e+00
 1317 -1.434007e-14 0.000000e+00
 1318 -5.710549e-15 0.000000e+00
 1319 -4.546328e-15 0.000000e+00
 1320 -1.393584e-15 0.000000e+00
 1321 3.473275e-15 0.000000e+00
 1322 4.381759e-15 0.000000e+00
 1323 2.565832e-14 0.000000e+00
 1324 2.253340e-14 0.000000e+00
 1325 9.860213e-14 0.000000e+00
 1326 2.194538e-14 0.000000e+00
 1327 2.207922e-14 0.000000e+00
 1328 3.318680e-14 0.000000e+00
 1329 3.510550e-14 0.000000e+00
 1330 3.894889e-14 0.000000e+00
 1331 4.369835e-14 0.000000e+00
 1332 4.618184e-14 0.000000e+00
 1333 7.105166e-14 0.000000e+00
 1334 6.726019e-14 0.000000e+00
 1335 1.476723e-13 0.000000e+00
 1336 6.690031e-14 0.000000e+00
 1337 6.630323e-14 0.000000e+00
 1338 7.933412e-14 0.000000e+00
 1339 8.291184e-14 0.000000e+00
 1340 8.695918e-14 0.000000e+00
 1341 9.154838e-14 0.000000e+00
 1342 9.532130e-14 0.000000e+00
 1343 1.227846e-13 0.000000e+00
 1344 1.180019e-13 0.000000e+00
 1345 1.998477e-13 0.000000e+00
 1346 1.172532e-13 0.000000e+00
 1347 1.164135e-13 0.000000e+00
 1348 1.320790e-13 0.000000e+00
 1349 1.356019e-13 0.000000e+00
 1350 1.408219e-13 0.000000e+00
 1351 1.447931e-13 0.000000e+00
 1352 1.495702e-13 0.000000e+00
 1353 1.782264e-13 0.000000e+00
 1354 1.743774e-13 0.000000e+00
 1355 2.500089e-13 0.000000e+00
 1356 1.718713e-13 0.000000e+00
 1357 1.705591e-13 0.000000e+00
 1358 1.883718e-13 0.000000e+00
 1359 1.921908e-13 0.000000e+00
 1360 1.973770e-13 0.000000e+00
 1361 2.012394e-13 0.000000e+00
 1362 2.067193e-13 0.000000e+00
 1363 2.357097e-13 0.000000e+00
 1364 2.314999e-13 0.000000e+00
 1365 2.970222e-13 0.000000e+00
 1366 2.288132e-13 0.000000e+00
 1367 2.262836e-13 0.000000e+00
 1368 2.456503e-13 0.000000e+00
 1369 2.502208e-13 0.000000e+00
 1370 2.551005e-13 0.000000e+00
 1371 2.585386e-13 0.000000e+00
 1372 2.639668e-13 0.000000e+00
 1373 2.931699e-13 0.000000e+00
 1374 2.889101e-13 0.000000e+00
 1375 3.401247e-13 0.000000e+00
 1376 2.846572e-13 0.000000e+00
 1377 2.826026e-13 0.000000e+00
 1378 3.027759e-13 0.000000e+00
 1379 3.066638e-13 0.000000e+00
 1380 3.122844e-13 0.000000e+00
 1381 3.151289e-13 0.000000e+00
 1382 3.202749e-13 0.000000e+00
 1383 3.481588e-13 0.000000e+00
 1384 3.440862e-13 0.000000e+00
 1385 3.790251e-13 0.000000e+00
 1386 3.386346e-13 0.000000e+00
 1387 3.363486e-13 0.000000e+00
 1388 3.572822e-13 0.000000e+00
 1389 3.611914e-13 0.000000e+00
 1390 3.654107e-13 0.000000e+00
 1391 3.698709e-13 0.000000e+00
 1392 3.730694e-13 0.000000e+00
 1393 3.990823e-13 0.000000e+00
 1394 3.943985e-13 0.000000e+00
 1395 4.144277e-13 0.000000e+00
 1396 3.890050e-13 0.000000e+00
 1397 3.868223e-13 0.000000e+00
 1398 4.071060e-13 0.000000e+00
 1399 4.116604e-13 0.000000e+00
 1400 4.149991e-13 0.000000e+00
 1401 4.191281e-13 0.000000e+00
 1402 4.217873e-13 0.000000e+00
 1403 4.455581e-13 0.000000e+00
 1404 4.408007e-13 0.000000e+00
 1405 4.454593e-13 0.000000e+00
 1406 4.344427e-13 0.000000e+00
 1407 4.315817e-13 0.000000e+00
 1408 4.527877e-13 0.000000e+00
 1409 4.565634e-13 0.000000e+00
 1410 4.589570e-13 0.000000e+00
 1411 4.625443e-13 0.000000e+00
 1412 4.653085e-13 0.000000e+00
 1413 4.852311e-13 0.000000e+00
 1414 4.813659e-13 0.000000e+00
 1415 4.731212e-13 0.000000e+00
 1416 4.746747e-13 0.000000e+00
 1417 4.712705e-13 0.000000e+00
 1418 4.917165e-13 0.000000e+00
 1419 4.940914e-13 0.000000e+00
 1420 4.967912e-13 0.000000e+00
 1421 4.996779e-13 0.000000e+00
 1422 5.014995e-13 0.000000e+00
 1423 5.182195e-13 0.000000e+00
 1424 5.149086e-13 0.000000e+00
 1425 4.977487e-13 0.000000e+00
 1426 5.072398e-13 0.000000e+00
 1427 5.045914e-13 0.000000e+00
 1428 5.233900e-13 0.000000e+00
 1429 5.248844e-13 0.000000e+00
 1430 5.261323e-13 0.000000e+00
 1431 5.293748e-13 0.000000e+00
 1432 5.296186e-13 0.000000e+00
 1433 5.440202e-13 0.000000e+00
 1434 5.405543e-13 0.000000e+00
 1435 5.194615e-13 0.000000e+00
 1436 5.331079e-13 0.000000e+00
 1437 5.289015e-13 0.000000e+00
 1438 5.469957e-13 0.000000e+00
 1439 5.472056e-13 0.000000e+00
 1440 5.476725e-13 0.000000e+00
 1441 5.500643e-13 0.000000e+00
 1442 5.493418e-13 0.000000e+00
 1443 5.622495e-13 0.000000e+00
 1444 5.572716e-13 0.000000e+00
 1445 5.359629e-13 0.000000e+00
 1446 5.501452e-13 0.000000e+00
 1447 5.452622e-13 0.000000e+00
 1448 5.606199e-13 0.000000e+00
 1449 5.607057e-13 0.000000e+00
 1450 5.602106e-13 0.000000e+00
 1451 5.614000e-13 0.000000e+00
 1452 5.599614e-13 1.241751e-02
 1453 5.705971e-13 0.000000e+00
 1454 5.654366e-13 0.000000e+00
 1455 5.462892e-13 0.000000e+00
 1456 5.573708e-13 0.000000e+00
 1457 5.521234e-13 0.000000e+00
 1458 5.650162e-13 0.000000e+00
 1459 5.645858e-13 0.000000e+00
 1460 5.624700e-13 0.000000e+00
 1461 5.628728e-13 0.000000e+00
 1462 5.606795e-13 0.000000e+00
 1463 5.691567e-13 0.000000e+00
 1464 5.644545e-13 0.000000e+00
 1465 5.481731e-13 0.000000e+00
 1466 5.546483e-13 0.000000e+00
 1467 5.486921e-13 0.000000e+00
 1468 5.591740e-13 0.000000e+00
 1469 5.577155e-13 0.000000e+00
 1470 5.543409e-13 0.000000e+00
 1471 5.537939e-13 0.000000e+00
 1472 5.506805e-13 0.000000e+00
 1473 5.576067e-13 0.000000e+00
 1474 5.527495e-13 0.000000e+00
 1475 5.410925e-13 0.000000e+00
 1476 5.405734e-13 0.000000e+00
 1477 5.340536e-13 0.000000e+00
 1478 5.426686e-13 0.000000e+00
 1479 5.397494e-13 0.000000e+00
 1480 5.358444e-13 0.000000e+00
 1481 5.338196e-13 0.000000e+00
 1482 5.294293e-13 0.000000e+00
 1483 5.357908e-13 0.000000e+00
 1484 5.298375e-13 0.000000e+00
 1485 5.227086e-13 0.000000e+00
 1486 5.155238e-13 0.000000e+00
 1487 5.084402e-13 0.000000e+00
 1488 5.149834e-13 0.000000e+00
 1489 5.108412e-13 0.000000e+00
 1490 5.057499e-13 0.000000e+00
 1491 5.025130e-13 0.000000e+00
 1492 4.976230e-13 0.000000e+00
 1493 5.027735e-13 0.000000e+00
 1494 4.952684e-13 0.000000e+00
 1495 4.919123e-13 0.000000e+00
 1496 4.792298e-13 0.000000e+00
 1497 4.712843e-13 0.000000e+00
 1498 4.761899e-13 0.000000e+00
 1499 4.703099e-13 0.000000e+00
 1500 4.648396e-13 0.000000e+00
 1501 4.600095e-13 0.000000e+00
 1502 4.550745e-13 0.000000e+00
 1503 4.578230e-13 0.000000e+00
 1504 4.505644e-13 0.000000e+00
 1505 4.472877e-13 0.000000e+00
 1506 4.317793e-13 0.000000e+00
 1507 4.226942e-13 0.000000e+00
 1508 4.264936e-13 0.000000e+00
 1509 4.196460e-13 0.000000e+00
 1510 4.127934e-13 0.000000e+00
 1511 4.076070e-13 0.000000e+00
 1512 4.009701e-13 0.000000e+00
 1513 4.031298e-13 0.000000e+00
 1514 3.949799e-13 0.000000e+00
 1515 3.900532e-13 0.000000e+00
 1516 3.740641e-13 0.000000e+00
 1517 3.641314e-13 0.000000e+00
 1518 3.665204e-13 0.000000e+00
 1519 3.588253e-13 0.000000e+00
 1520 3.514922e-13 0.000000e+00
 1521 3.451289e-13 0.000000e+00
 1522 3.376456e-13 0.000000e+00
 1523 3.393979e-13 0.000000e+00
 1524 3.294725e-13 0.000000e+00
 1525 3.225667e-13 0.000000e+00
 1526 3.070524e-13 0.000000e+00
 1527 2.966271e-13 0.000000e+00
 1528 2.978280e-13 0.000000e+00
 1529 2.900856e-13 0.000000e+00
 1530 2.818604e-13 0.000000e+00
 1531 2.742358e-13 0.000000e+00
 1532 2.667702e-13 0.000000e+00
 1533 2.671908e-13 0.000000e+00
 1534 2.566010e-13 0.000000e+00
 1535 2.469424e-13 0.000000e+00
 1536 2.334623e-13 0.000000e+00
 1537 2.225464e-13 0.000000e+00
 1538 2.229466e-13 0.000000e+00
 1539 2.147621e-13 0.000000e+00
 1540 2.056932e-13 0.000000e+00
 1541 1.981187e-13 0.000000e+00
 1542 1.894888e-13 0.000000e+00
 1543 1.905101e-13 0.000000e+00
 1544 1.788667e-13 0.000000e+00
 1545 1.674095e-13 0.000000e+00
 1546 1.552575e-13 0.000000e+00
 1547 1.441997e-13 0.000000e+00
 1548 1.439120e-13 0.000000e+00
 1549 1.355471e-13 0.000000e+00
 1550 1.270160e-13 0.000000e+00
 1551 1.184986e-13 0.000000e+00
 1552 1.100738e-13 0.000000e+00
 1553 1.111648e-13 0.000000e+00
 1554 9.925074e-14 0.000000e+00
 1555 8.931138e-14 0.000000e+00
 1556 7.658083e-14 0.000000e+00
 1557 6.412531e-14 0.000000e+00
 1558 6.442204e-14 0.000000e+00
 1559 5.602329e-14 0.000000e+00
 1560 4.845357e-14 0.000000e+00
 1561 3.966357e-14 0.000000e+00
 1562 3.094482e-14 0.000000e+00
 1563 3.367478e-14 0.000000e+00
 1564 2.099442e-14 0.000000e+00
 1565 1.838554e-14 0.000000e+00
 1566 -1.024700e-15 0.000000e+00
 1567 -1.301652e-14 0.000000e+00
 1568 -1.185058e-14 0.000000e+00
 1569 -2.047576e-14 0.000000e+00
 1570 -2.718593e-14 0.000000e+00
 1571 -3.491423e-14 0.000000e+00
 1572 -4.395173e-14 0.000000e+00
 1573 -3.851253e-14 0.000000e+00
 1574 -5.112555e-14 0.000000e+00
 1575 -4.258052e-14 0.000000e+00
 1576 -7.259117e-14 0.000000e+00
 1577 -8.262882e-14 0.000000e+00
 1578 -8.208834e-14 0.000000e+00
 1579 -8.904826e-14 0.000000e+00
 1580 -9.563072e-14 0.000000e+00
 1581 -1.018343e-13 0.000000e+00
 1582 -1.106034e-13 0.000000e+00
 1583 -1.026939e-13 0.000000e+00
 1584 -1.129300e-13 0.000000e+00
 1585 -8.903959e-14 0.000000e+00
 1586 -1.349841e-13 0.000000e+00
 1587 -1.422057e-13 0.000000e+00
 1588 -1.424279e-13 0.000000e+00
 1589 -1.470765e-13 0.000000e+00
 1590 -1.536519e-13 0.000000e+00
 1591 -1.579301e-13 0.000000e+00
 1592 -1.666789e-13 0.000000e+00
 1593 -1.534047e-13 0.000000e+00
 1594 -1.648283e-13 0.000000e+00
 1595 -1.184531e-13 0.000000e+00
 1596 -1.832434e-13 0.000000e+00
 1597 -1.904927e-13 0.000000e+00
 1598 -1.895269e-13 0.000000e+00
 1599 -1.933156e-13 0.000000e+00
 1600 -1.983743e-13 0.000000e+00
 1601 -2.008933e-13 0.000000e+00
 1602 -2.075849e-13 0.000000e+00
 1603 -1.900497e-13 0.000000e+00
 1604 -2.005849e-13 0.000000e+00
 1605 -1.315292e-13 0.000000e+00
 1606 -2.177893e-13 0.000000e+00
 1607 -2.239536e-13 0.000000e+00
 1608 -2.217467e-13 0.000000e+00
 1609 -2.233585e-13 0.000000e+00
 1610 -2.278559e-13 0.000000e+00
 1611 -2.283709e-13 0.000000e+00
 1612 -2.335470e-13 0.000000e+00
 1613 -2.116570e-13 0.000000e+00
 1614 -2.202465e-13 0.000000e+00
 1615 -1.307650e-13 0.000000e+00
 1616 -2.364729e-13 0.000000e+00
 1617 -2.434566e-13 0.000000e+00
 1618 -2.368662e-13 0.000000e+00
 1619 -2.374357e-13 0.000000e+00
 1620 -2.410914e-13 0.000000e+00
 1621 -2.413261e-13 0.000000e+00
 1622 -2.436161e-13 0.000000e+00
 1623 -2.170729e-13 0.000000e+00
 1624 -2.257074e-13 0.000000e+00
 1625 -1.181132e-13 0.000000e+00
 1626 -2.407798e-13 0.000000e+00
 1627 -2.474120e-13 0.000000e+00
 1628 -2.370571e-13 0.000000e+00
 1629 -2.371448e-13 0.000000e+00
 1630 -2.387857e-13 0.000000e+00
 1631 -2.384660e-13 0.000000e+00
 1632 -2.393286e-13 0.000000e+00
 1633 -2.069449e-13 0.000000e+00
 1634 -2.134124e-13 0.000000e+00
 1635 -9.728946e-14 0.000000e+00
 1636 -2.305659e-13 0.000000e+00
 1637 -2.376392e-13 0.000000e+00
 1638 -2.239632e-13 0.000000e+00
 1639 -2.228337e-13 0.000000e+00
 1640 -2.230295e-13 0.000000e+00
 1641 -2.210023e-13 0.000000e+00
 1642 -2.212998e-13 0.000000e+00
 1643 -1.820038e-13 0.000000e+00
 1644 -1.915634e-13 0.000000e+00
 1645 -7.247209e-14 0.000000e+00
 1646 -2.080977e-13 0.000000e+00
 1647 -2.166255e-13 0.000000e+00
 1648 -1.979720e-13 0.000000e+00
 1649 -1.944929e-13 0.000000e+00
 1650 -1.947184e-13 0.000000e+00
 1651 -1.925009e-13 0.000000e+00
 1652 -1.912460e-13 0.000000e+00
 1653 -1.484330e-13 0.000000e+00
 1654 -1.600945e-13 0.000000e+00
 1655 -4.718763e-14 0.000000e+00
 1656 -1.764034e-13 0.000000e+00
 1657 -1.860694e-13 0.000000e+00
 1658 -1.610525e-13 0.000000e+00
 1659 -1.576666e-13 0.000000e+00
 1660 -1.565132e-13 0.000000e+00
 1661 -1.535835e-13 0.000000e+00
 1662 -1.526978e-13 0.000000e+00
 1663 -1.067580e-13 0.000000e+00
 1664 -1.197073e-13 0.000000e+00
 1665 -2.344511e-14 0.000000e+00
 1666 -1.360591e-13 0.000000e+00
 1667 -1.474551e-13 0.000000e+00
 1668 -1.177458e-13 0.000000e+00
 1669 -1.140903e-13 0.000000e+00
 1670 -1.107932e-13 0.000000e+00
 1671 -1.090506e-13 0.000000e+00
 1672 -1.070286e-13 0.000000e+00
 1673 -6.102319e-14 0.000000e+00
 1674 -7.341462e-14 0.000000e+00
 1675 -8.027274e-16 0.000000e+00
 1676 -9.158693e-14 0.000000e+00
 1677 -1.022944e-13 0.000000e+00
 1678 -6.944328e-14 0.000000e+00
 1679 -6.615554e-14 0.000000e+00
 1680 -6.273717e-14 0.000000e+00
 1681 -6.019983e-14 0.000000e+00
 1682 -5.814988e-14 0.000000e+00
 1683 -1.362122e-14 0.000000e+00
 1684 -2.471549e-14 0.000000e+00
 1685 1.946242e-14 0.000000e+00
 1686 -4.438614e-14 0.000000e+00
 1687 -5.560240e-14 0.000000e+00
 1688 -1.921419e-14 0.000000e+00
 1689 -1.548683e-14 0.000000e+00
 1690 -1.248595e-14 0.000000e+00
 1691 -9.616879e-15 0.000000e+00
 1692 -8.289380e-15 0.000000e+00
 1693 3.354291e-14 0.000000e+00
 1694 2.426706e-14 0.000000e+00
 1695 3.851099e-14 0.000000e+00
 1696 3.318275e-15 0.000000e+00
 1697 -7.018732e-15 0.000000e+00
 1698 3.195699e-14 0.000000e+00
 1699 3.321913e-14 0.000000e+00
 1700 3.774651e-14 0.000000e+00
 1701 4.027534e-14 0.000000e+00
 1702 4.070255e-14 0.000000e+00
 1703 7.941070e-14 0.000000e+00
 1704 7.045263e-14 0.000000e+00
 1705 5.783435e-14 0.000000e+00
 1706 5.085505e-14 0.000000e+00
 1707 3.915845e-14 0.000000e+00
 1708 7.972306e-14 0.000000e+00
 1709 8.053021e-14 0.000000e+00
 1710 8.414593e-14 0.000000e+00
 1711 8.722951e-14 0.000000e+00
 1712 8.768677e-14 0.000000e+00
 1713 1.222432e-13 0.000000e+00
 1714 1.130432e-13 0.000000e+00
 1715 7.472145e-14 0.000000e+00
 1716 9.441702e-14 0.000000e+00
 1717 8.294923e-14 0.000000e+00
 1718 1.227524e-13 0.000000e+00
 1719 1.235343e-13 0.000000e+00
 1720 1.273940e-13 0.000000e+00
 1721 1.287422e-13 0.000000e+00
 1722 1.293585e-13 0.000000e+00
 1723 1.608646e-13 0.000000e+00
 1724 1.516279e-13 0.000000e+00
 1725 9.260028e-14 0.000000e+00
 1726 1.318434e-13 0.000000e+00
 1727 1.223596e-13 0.000000e+00
 1728 1.598703e-13 0.000000e+00
 1729 1.619888e-13 0.000000e+00
 1730 1.645792e-13 0.000000e+00
 1731 1.643103e-13 0.000000e+00
 1732 1.654031e-13 0.000000e+00
 1733 1.932839e-13 0.000000e+00
 1734 1.839805e-13 0.000000e+00
 1735 1.087871e-13 0.000000e+00
 1736 1.649724e-13 0.000000e+00
 1737 1.545141e-13 0.000000e+00
 1738 1.916814e-13 0.000000e+00
 1739 1.924508e-13 0.000000e+00
 1740 1.941157e-13 0.000000e+00
 1741 1.935504e-13 0.000000e+00
 1742 1.937537e-13 0.000000e+00
 1743 2.176517e-13 0.000000e+00
 1744 2.087865e-13 0.000000e+00
 1745 1.215411e-13 0.000000e+00
 1746 1.895227e-13 0.000000e+00
 1747 1.810983e-13 0.000000e+00
 1748 2.150948e-13 0.000000e+00
 1749 2.147749e-13 0.000000e+00
 1750 2.151982e-13 0.000000e+00
 1751 2.144517e-13 0.000000e+00
 1752 2.152139e-13 4.946061e-03
 1753 2.334531e-13 0.000000e+00
 1754 2.250050e-13 0.000000e+00
 1755 1.308191e-13 0.000000e+00
 1756 2.074612e-13 0.000000e+00
 1757 1.983732e-13 0.000000e+00
 1758 2.289478e-13 0.000000e+00
 1759 2.284564e-13 0.000000e+00
 1760 2.278783e-13 0.000000e+00
 1761 2.274953e-13 0.000000e+00
 1762 2.253506e-13 0.000000e+00
 1763 2.417099e-13 0.000000e+00
 1764 2.330247e-13 0.000000e+00
 1765 1.329439e-13 0.000000e+00
 1766 2.165490e-13 0.000000e+00
 1767 2.054819e-13 0.000000e+00
 1768 2.340635e-13 0.000000e+00
 1769 2.323251e-13 0.000000e+00
 1770 2.307529e-13 0.000000e+00
 1771 2.290196e-13 0.000000e+00
 1772 2.273352e-13 0.000000e+00
 1773 2.393798e-13 0.000000e+00
 1774 2.314362e-13 0.000000e+00
 1775 1.282591e-13 0.000000e+00
 1776 2.140209e-13 0.000000e+00
 1777 2.044012e-13 0.000000e+00
 1778 2.278752e-13 0.000000e+00
 1779 2.259530e-13 0.000000e+00
 1780 2.242975e-13 0.000000e+00
 1781 2.206760e-13 0.000000e+00
 1782 2.187649e-13 0.000000e+00
 1783 2.279002e-13 0.000000e+00
 1784 2.191693e-13 0.000000e+00
 1785 1.153340e-13 0.000000e+00
 1786 2.016526e-13 0.000000e+00
 1787 1.904380e-13 0.000000e+00
 1788 2.099336e-13 0.000000e+00
 1789 2.064607e-13 0.000000e+00
 1790 2.023089e-13 0.000000e+00
 1791 1.964732e-13 0.000000e+00
 1792 1.927285e-13 0.000000e+00
 1793 1.976006e-13 0.000000e+00
 1794 1.864663e-13 0.000000e+00
 1795 8.270146e-14 0.000000e+00
 1796 1.664442e-13 0.000000e+00
 1797 1.536270e-13 0.000000e+00
 1798 1.691308e-13 0.000000e+00
 1799 1.635837e-13 0.000000e+00
 1800 1.573537e-13 0.000000e+00
 1801 1.513581e-13 0.000000e+00
 1802 1.439433e-13 0.000000e+00
 1803 1.473609e-13 0.000000e+00
 1804 1.347276e-13 0.000000e+00
 1805 3.126606e-14 0.000000e+00
 1806 1.131905e-13 0.000000e+00
 1807 9.958340e-14 0.000000e+00
 1808 1.112123e-13 0.000000e+00
 1809 1.044778e-13 0.000000e+00
 1810 9.737803e-14 0.000000e+00
 1811 8.916556e-14 0.000000e+00
 1812 8.091630e-14 0.000000e+00
 1813 8.162154e-14 0.000000e+00
 1814 6.857493e-14 0.000000e+00
 1815 -3.389053e-14 0.000000e+00
 1816 4.512483e-14 0.000000e+00
 1817 3.153862e-14 0.000000e+00
 1818 4.015495e-14 0.000000e+00
 1819 3.227149e-14 0.000000e+00
 1820 2.358598e-14 0.000000e+00
 1821 1.511150e-14 0.000000e+00
 1822 5.407329e-15 0.000000e+00
 1823 4.070152e-15 0.000000e+00
 1824 -9.902207e-15 0.000000e+00
 1825 -1.104111e-13 0.000000e+00
 1826 -3.522065e-14 0.000000e+00
 1827 -4.675807e-14 0.000000e+00
 1828 -4.181440e-14 0.000000e+00
 1829 -5.031964e-14 0.000000e+00
 1830 -5.963304e-14 0.000000e+00
 1831 -6.953844e-14 0.000000e+00
 1832 -7.959744e-14 0.000000e+00
 1833 -8.344772e-14 0.000000e+00
 1834 -9.701546e-14 0.000000e+00
 1835 -1.964675e-13 0.000000e+00
 1836 -1.223257e-13 0.000000e+00
 1837 -1.345489e-13 0.000000e+00
 1838 -1.319508e-13 0.000000e+00
 1839 -1.399376e-13 0.000000e+00
 1840 -1.501721e-13 0.000000e+00
 1841 -1.608203e-13 0.000000e+00
 1842 -1.712998e-13 0.000000e+00
 1843 -1.765842e-13 0.000000e+00
 1844 -1.894849e-13 0.000000e+00
 1845 -2.863663e-13 0.000000e+00
 1846 -2.148502e-13 0.000000e+00
 1847 -2.277024e-13 0.000000e+00
 1848 -2.257040e-13 0.000000e+00
 1849 -2.344411e-13 0.000000e+00
 1850 -2.445454e-13 0.000000e+00
 1851 -2.540756e-13 0.000000e+00
 1852 -2.629604e-13 0.000000e+00
 1853 -2.670918e-13 0.000000e+00
 1854 -2.779635e-13 0.000000e+00
 1855 -3.703453e-13 0.000000e+00
 1856 -2.983349e-13 0.000000e+00
 1857 -3.086525e-13 0.000000e+00
 1858 -3.041805e-13 0.000000e+00
 1859 -3.105000e-13 0.000000e+00
 1860 -3.169820e-13 0.000000e+00
 1861 -3.242284e-13 0.000000e+00
 1862 -3.310396e-13 0.000000e+00
 1863 -3.347531e-13 0.000000e+00
 1864 -3.430696e-13 0.000000e+00
 1865 -4.322645e-13 0.000000e+00
 1866 -3.609367e-13 0.000000e+00
 1867 -3.685587e-13 0.000000e+00
 1868 -3.636850e-13 0.000000e+00
 1869 -3.688017e-13 0.000000e+00
 1870 -3.738595e-13 0.000000e+00
 1871 -3.796452e-13 0.000000e+00
 1872 -3.860140e-13 0.000000e+00
 1873 -3.891157e-13 0.000000e+00
 1874 -3.954350e-13 0.000000e+00
 1875 -4.803370e-13 0.000000e+00
 1876 -4.106517e-13 0.000000e+00
 1877 -4.175729e-13 0.000000e+00
 1878 -4.114038e-13 0.000000e+00
 1879 -4.164293e-13 0.000000e+00
 1880 -4.202680e-13 0.000000e+00
 1881 -4.254939e-13 0.000000e+00
 1882 -4.298167e-13 0.000000e+00
 1883 -4.325585e-13 0.000000e+00
 1884 -4.378630e-13 0.000000e+00
 1885 -5.167616e-13 0.000000e+00
 1886 -4.507022e-13 0.000000e+00
 1887 -4.559101e-13 0.000000e+00
 1888 -4.505571e-13 0.000000e+00
 1889 -4.546593e-13 0.000000e+00
 1890 -4.578166e-13 0.000000e+00
 1891 -4.609745e-13 0.000000e+00
 1892 -4.647767e-13 0.000000e+00
 1893 -4.667909e-13 0.000000e+00
 1894 -4.707238e-13 0.000000e+00
 1895 -5.441762e-13 0.000000e+00
 1896 -4.817375e-13 0.000000e+00
 1897 -4.861059e-13 0.000000e+00
 1898 -4.804148e-13 0.000000e+00
 1899 -4.834349e-13 0.000000e+00
 1900 -4.854251e-13 0.000000e+00
 1901 -4.879084e-13 0.000000e+00
 1902 -4.912117e-13 0.000000e+00
 1903 -4.912670e-13 0.000000e+00
 1904 -4.949431e-13 0.000000e+00
 1905 -5.607759e-13 0.000000e+00
 1906 -5.032271e-13 0.000000e+00
 1907 -5.076547e-13 0.000000e+00
 1908 -5.012385e-13 0.000000e+00
 1909 -5.033496e-13 0.000000e+00
 1910 -5.041345e-13 0.000000e+00
 1911 -5.062270e-13 0.000000e+00
 1912 -5.084666e-13 0.000000e+00
 1913 -5.068265e-13 0.000000e+00
 1914 -5.102802e-13 0.000000e+00
 1915 -5.681954e-13 0.000000e+00
 1916 -5.164526e-13 0.000000e+00
 1917 -5.200133e-13 0.000000e+00
 1918 -5.141176e-13 0.000000e+00
 1919 -5.146543e-13 0.000000e+00
 1920 -5.148652e-13 0.000000e+00
 1921 -5.163121e-13 0.000000e+00
 1922 -5.178230e-13 0.000000e+00
 1923 -5.159787e-13 0.000000e+00
 1924 -5.170190e-13 0.000000e+00
 1925 -5.695729e-13 0.000000e+00
 1926 -5.223414e-13 0.000000e+00
 1927 -5.249224e-13 0.000000e+00
 1928 -5.189185e-13 0.000000e+00
 1929 -5.181533e-13 0.000000e+00
 1930 -5.181061e-13 0.000000e+00
 1931 -5.184863e-13 0.000000e+00
 1932 -5.198401e-13 0.000000e+00
 1933 -5.156462e-13 0.000000e+00
 1934 -5.161504e-13 0.000000e+00
 1935 -5.627394e-13 0.000000e+00
 1936 -5.206215e-13 0.000000e+00
 1937 -5.229085e-13 0.000000e+00
 1938 -5.155028e-13 0.000000e+00
 1939 -5.142428e-13 0.000000e+00
 1940 -5.137662e-13 0.000000e+00
 1941 -5.137334e-13 0.000000e+00
 1942 -5.136365e-13 0.000000e+00
 1943 -5.084781e-13 0.000000e+00
 1944 -5.089690e-13 0.000000e+00
 1945 -5.500249e-13 0.000000e+00
 1946 -5.120353e-13 0.000000e+00
 1947 -5.138362e-13 0.000000e+00
 1948 -5.059786e-13 0.000000e+00
 1949 -5.038369e-13 0.000000e+00
 1950 -5.035575e-13 0.000000e+00
 1951 -5.022717e-13 0.000000e+00
 1952 -5.021650e-13 0.000000e+00
 1953 -4.959862e-13 0.000000e+00
 1954 -4.964057e-13 0.000000e+00
 1955 -5.350932e-13 0.000000e+00
 1956 -4.981950e-13 0.000000e+00
 1957 -4.995392e-13 0.000000e+00
 1958 -4.908863e-13 0.000000e+00
 1959 -4.888486e-13 0.000000e+00
 1960 -4.874175e-13 0.000000e+00
 1961 -4.860218e-13 0.000000e+00
 1962 -4.850823e-13 0.000000e+00
 1963 -4.781375e-13 0.000000e+00
 1964 -4.785001e-13 0.000000e+00
 1965 -5.163881e-13 0.000000e+00
 1966 -4.787397e-13 0.000000e+00
 1967 -4.807346e-13 0.000000e+00
 1968 -4.710682e-13 0.000000e+00
 1969 -4.684252e-13 0.000000e+00
 1970 -4.670587e-13 0.000000e+00
 1971 -4.650685e-13 0.000000e+00
 1972 -4.636617e-13 0.000000e+00
 1973 -4.566670e-13 0.000000e+00
 1974 -4.563644e-13 0.000000e+00
 1975 -4.948203e-13 0.000000e+00
 1976 -4.559386e-13 0.000000e+00
 1977 -4.578387e-13 0.000000e+00
 1978 -4.474789e-13 0.000000e+00
 1979 -4.444305e-13 0.000000e+00
 1980 -4.428548e-13 0.000000e+00
 1981 -4.405944e-13 0.000000e+00
 1982 -4.388517e-13 0.000000e+00
 1983 -4.317517e-13 0.000000e+00
 1984 -4.314813e-13 0.000000e+00
 1985 -4.709961e-13 0.000000e+00
 1986 -4.303250e-13 0.000000e+00
 1987 -4.322076e-13 0.000000e+00
 1988 -4.208100e-13 0.000000e+00
 1989 -4.180756e-13 0.000000e+00
 1990 -4.156626e-13 0.000000e+00
 1991 -4.136231e-13 0.000000e+00
 1992 -4.114195e-13 0.000000e+00
 1993 -4.051023e-13 0.000000e+00
 1994 -4.039911e-13 0.000000e+00
 1995 -4.455011e-13 0.000000e+00
 1996 -4.027727e-13 0.000000e+00
 1997 -4.039927e-13 0.000000e+00
 1998 -3.925744e-13 0.000000e+00
 1999 -3.896466e-13 0.000000e+00
 2000 -3.874720e-13 0.000000e+00
 2001 -3.850929e-13 0.000000e+00
 2002 -3.826366e-13 0.000000e+00
 2003 -3.768212e-13 0.000000e+00
 2004 -3.756471e-13 0.000000e+00
 2005 -4.184824e-13 0.000000e+00
 2006 -3.738519e-13 0.000000e+00
 2007 -3.749120e-13 0.000000e+00
 2008 -3.635642e-13 0.000000e+00
 2009 -3.603068e-13 0.000000e+00
 2010 -3.582821e-13 0.000000e+00
 2011 -3.559068e-13 0.000000e+00
 2012 -3.531428e-13 0.000000e+00
 2013 -3.482508e-13 0.000000e+00
 2014 -3.468717e-13 0.000000e+00
 2015 -3.910341e-13 0.000000e+00
 2016 -3.447531e-13 0.000000e+00
 2017 -3.454955e-13 0.000000e+00
 2018 -3.345558e-13 0.000000e+00
 2019 -3.312683e-13 0.000000e+00
 2020 -3.287811e-13 0.000000e+00
 2021 -3.269219e-13 0.000000e+00
 2022 -3.240658e-13 0.000000e+00
 2023 -3.199292e-13 0.000000e+00
 2024 -3.184518e-13 0.000000e+00
 2025 -3.635847e-13 0.000000e+00
 2026 -3.165346e-13 0.000000e+00
 2027 -3.164062e-13 0.000000e+00
 2028 -3.061825e-13 0.000000e+00
 2029 -3.030699e-13 0.000000e+00
 2030 -3.008951e-13 0.000000e+00
 2031 -2.986403e-13 0.000000e+00
 2032 -2.962494e-13 0.000000e+00
 2033 -2.930172e-13 0.000000e+00
 2034 -2.915048e-13 0.000000e+00
 2035 -3.361704e-13 0.000000e+00
 2036 -2.892217e-13 0.000000e+00
 2037 -2.892522e-13 0.000000e+00
 2038 -2.794421e-13 0.000000e+00
 2039 -2.764550e-13 0.000000e+00
 2040 -2.745772e-13 0.000000e+00
 2041 -2.726624e-13 0.000000e+00
 2042 -2.700174e-13 0.000000e+00
 2043 -2.679130e-13 0.000000e+00
 2044 -2.662484e-13 0.000000e+00
 2045 -3.094117e-13 0.000000e+00
 2046 -2.640964e-13 0.000000e+00
 2047 -2.639844e-13 0.000000e+00
 2048 -2.494444e-13 0.000000e+00
 2049 0.000000e+00 0.000000e+00
 2050 0.000000e+00 0.000000e+00
 2051 0.000000e+00 0.000000e+00
 2052 0.000000e+00 1.041271e-02
 2053 0.000000e+00 0.000000e+00
 2054 0.000000e+00 0.000000e+00
 2055 0.000000e+00 0.000000e+00
 2056 0.000000e+00 0.000000e+00
 2057 0.000000e+00 0.000000e+00
 2058 0.000000e+00 0.000000e+00
 2059 0.000000e+00 0.000000e+00
 2060 0.000000e+00 0.000000e+00
 2061 0.000000e+00 0.000000e+00
 2062 0.000000e+00 0.000000e+00
 2063 0.000000e+00 0.000000e+00
 2064 0.000000e+00 0.000000e+00
 2065 0.000000e+00 0.000000e+00
 2066 0.000000e+00 0.000000e+00
 2067 0.000000e+00 0.000000e+00
 2068 0.000000e+00 0.000000e+00
 2069 0.000000e+00 0.000000e+00
 2070 0.000000e+00 0.000000e+00
 2071 0.000000e+00 0.000000e+00
 2072 0.000000e+00 0.000000e+00
 2073 0.000000e+00 0.000000e+00
 2074 0.000000e+00 0.000000e+00
 2075 0.000000e+00 0.000000e+00
 2076 0.000000e+00 0.000000e+00
 2077 0.000000e+00 0.000000e+00
 2078 0.000000e+00 0.000000e+00
 2079 0.000000e+00 0.000000e+00
 2080 0.000000e+00 0.000000e+00
 2081 0.000000e+00 0.000000e+00
 2082 0.000000e+00 0.000000e+00
 2083 0.000000e+00 0.000000e+00
 2084 0.000000e+00 0.000000e+00
 2085 0.000000e+00 0.000000e+00
 2086 0.000000e+00 0.000000e+00
 2087 0.000000e+00 0.000000e+00
 2088 0.000000e+00 0.000000e+00
 2089 0.000000e+00 0.000000e+00
 2090 0.000000e+00 0.000000e+00
 2091 0.000000e+00 0.000000e+00
 2092 0.000000e+00 0.000000e+00
 2093 0.000000e+00 0.000000e+00
 2094 0.000000e+00 0.000000e+00
 2095 0.000000e+00 0.000000e+00
 2096 0.000000e+00 0.000000e+00
 2097 0.000000e+00 0.000000e+00
 2098 0.000000e+00 0.000000e+00
 2099 0.000000e+00 0.000000e+00
 2100 0.000000e+00 0.000000e+00
 2101 0.000000e+00 0.000000e+00
 2102 0.000000e+00 0.000000e+00
 2103 0.000000e+00 0.000000e+00
 2104 0.000000e+00 0.000000e+00
 2105 0.000000e+00 0.000000e+00
 2106 0.000000e+00 0.000000e+00
 2107 0.000000e+00 0.000000e+00
 2108 0.000000e+00 0.000000e+00
 2109 0.000000e+00 0.000000e+00
 2110 0.000000e+00 0.000000e+00
 2111 0.000000e+00 0.000000e+00
 2112 0.000000e+00 0.000000e+00
 2113 0.000000e+00 0.000000e+00
 2114 0.000000e+00 0.000000e+00
 2115 0.000000e+00 0.000000e+00
 2116 0.000000e+00 0.000000e+00
 2117 0.000000e+00 0.000000e+00
 2118 0.000000e+00 0.000000e+00
 2119 0.000000e+00 0.000000e+00
 2120 0.000000e+00 0.000000e+00
 2121 0.000000e+00 0.000000e+00
 2122 0.000000e+00 0.000000e+00
 2123 0.000000e+00 0.000000e+00
 2124 0.000000e+00 0.000000e+00
 2125 0.000000e+00 0.000000e+00
 2126 0.000000e+00 0.000000e+00
 2127 0.000000e+00 0.000000e+00
 2128 0.000000e+00 0.000000e+00
 2129 0.000000e+00 0.000000e+00
 2130 0.000000e+00 0.000000e+00
 2131 0.000000e+00 0.000000e+00
 2132 0.000000e+00 0.000000e+00
 2133 0.000000e+00 0.000000e+00
 2134 0.000000e+00 0.000000e+00
 2135 0.000000e+00 0.000000e+00
 2136 0.000000e+00 0.000000e+00
 2137 0.000000e+00 0.000000e+00
 2138 0.000000e+00 0.000000e+00
 2139 0.000000e+00 0.000000e+00
 2140 0.000000e+00 0.000000e+00
 2141 0.000000e+00 0.000000e+00
 2142 0.000000e+00 0.000000e+00
 2143 0.000000e+00 0.000000e+00
 2144 0.000000e+00 0.000000e+00
 2145 0.000000e+00 0.000000e+00
 2146 0.000000e+00 0.000000e+00
 2147 0.000000e+00 0.000000e+00
 2148 0.000000e+00 0.000000e+00
 2149 0.000000e+00 0.000000e+00
 2150 0.000000e+00 0.000000e+00
 2151 0.000000e+00 0.000000e+00
 2152 0.000000e+00 0.000000e+00
 2153 0.000000e+00 0.000000e+00
 2154 0.000000e+00 0.000000e+00
 2155 0.000000e+00 0.000000e+00
 2156 0.000000e+00 0.000000e+00
 2157 0.000000e+00 0.000000e+00
 2158 0.000000e+00 0.000000e+00
 2159 0.000000e+00 0.000000e+00
 2160 0.000000e+00 0.000000e+00
 2161 0.000000e+00 0.000000e+00
 2162 0.000000e+00 0.000000e+00
 2163 0.000000e+00 0.000000e+00
 2164 0.000000e+00 0.000000e+00
 2165 0.000000e+00 0.000000e+00
 2166 0.000000e+00 0.000000e+00
 2167 0.000000e+00 0.000000e+00
 2168 0.000000e+00 0.000000e+00
 2169 0.000000e+00 0.000000e+00
 2170 0.000000e+00 0.000000e+00
 2171 0.000000e+00 0.000000e+00
 2172 0.000000e+00 0.000000e+00
 2173 0.000000e+00 0.000000e+00
 2174 0.000000e+00 0.000000e+00
 2175 0.000000e+00 0.000000e+00
 2176 0.000000e+00 0.000000e+00
 2177 0.000000e+00 0.000000e+00
 2178 0.000000e+00 0.000000e+00
 2179 0.000000e+00 0.000000e+00
 2180 0.000000e+00 0.000000e+00
 2181 0.000000e+00 0.000000e+00
 2182 0.000000e+00 0.000000e+00
 2183 0.000000e+00 0.000000e+00
 2184 0.000000e+00 0.000000e+00
 2185 0.000000e+00 0.000000e+00
 2186 0.000000e+00 0.000000e+00
 2187 0.000000e+00 0.000000e+00
 2188 0.000000e+00 0.000000e+00
 2189 0.000000e+00 0.000000e+00
 2190 0.000000e+00 0.000000e+00
 2191 0.000000e+00 0.000000e+00
 2192 0.000000e+00 0.000000e+00
 2193 0.000000e+00 0.000000e+00
 2194 0.000000e+00 0.000000e+00
 2195 0.000000e+00 0.000000e+00
 2196 0.000000e+00 0.000000e+00
 2197 0.000000e+00 0.000000e+00
 2198 0.000000e+00 0.000000e+00
 2199 0.000000e+00 0.000000e+00
 2200 0.000000e+00 0.000000e+00
 2201 0.000000e+00 0.000000e+00
 2202 0.000000e+00 0.000000e+00
 2203 0.000000e+00 0.000000e+00
 2204 0.000000e+00 0.000000e+00
 2205 0.000000e+00 0.000000e+00
 2206 0.000000e+00 0.000000e+00
 2207 0.000000e+00 0.000000e+00
 2208 0.000000e+00 0.000000e+00
 2209 0.000000e+00 0.000000e+00
 2210 0.000000e+00 0.000000e+00
 2211 0.000000e+00 0.000000e+00
 2212 0.000000e+00 0.000000e+00
 2213 0.000000e+00 0.000000e+00
 2214 0.000000e+00 0.000000e+00
 2215 0.000000e+00 0.000000e+00
 2216 0.000000e+00 0.000000e+00
 2217 0.000000e+00 0.000000e+00
 2218 0.000000e+00 0.000000e+00
 2219 0.000000e+00 0.000000e+00
 2220 0.000000e+00 0.000000e+00
 2221 0.000000e+00 0.000000e+00
 2222 0.000000e+00 0.000000e+00
 2223 0.000000e+00 0.000000e+00
 2224 0.000000e+00 0.000000e+00
 2225 0.000000e+00 0.000000e+00
 2226 0.000000e+00 0.000000e+00
 2227 0.000000e+00 0.000000e+00
 2228 0.000000e+00 0.000000e+00
 2229 0.000000e+00 0.000000e+00
 2230 0.000000e+00 0.000000e+00
 2231 0.000000e+00 0.000000e+00
 2232 0.000000e+00 0.000000e+00
 2233 0.000000e+00 0.000000e+00
 2234 0.000000e+00 0.000000e+00
 2235 0.000000e+00 0.000000e+00
 2236 0.000000e+00 0.000000e+00
 2237 0.000000e+00 0.000000e+00
 2238 0.000000e+00 0.000000e+00
 2239 0.000000e+00 0.000000e+00
 2240 0.000000e+00 0.000000e+00
 2241 0.000000e+00 0.000000e+00
 2242 0.000000e+00 0.000000e+00
 2243 0.000000e+00 0.000000e+00
 2244 0.000000e+00 0.000000e+00
 2245 0.000000e+00 0.000000e+00
 2246 0.000000e+00 0.000000e+00
 2247 0.000000e+00 0.000000e+00
 2248 0.000000e+00 0.000000e+00
 2249 0.000000e+00 0.000000e+00
 2250 0.000000e+00 0.000000e+00
 2251 0.000000e+00 0.000000e+00
 2252 0.000000e+00 0.000000e+00
 2253 0.000000e+00 0.000000e+00
 2254 0.000000e+00 0.000000e+00
 2255 0.000000e+00 0.000000e+00
 2256 0.000000e+00 0.000000e+00
 2257 0.000000e+00 0.000000e+00
 2258 0.000000e+00 0.000000e+00
 2259 0.000000e+00 0.000000e+00
 2260 0.000000e+00 0.000000e+00
 2261 0.000000e+00 0.000000e+00
 2262 0.000000e+00 0.000000e+00
 2263 0.000000e+00 0.000000e+00
 2264 0.000000e+00 0.000000e+00
 2265 0.000000e+00 0.000000e+00
 2266 0.000000e+00 0.000000e+00
 2267 0.000000e+00 0.000000e+00
 2268 0.000000e+00 0.000000e+00
 2269 0.000000e+00 0.000000e+00
 2270 0.000000e+00 0.000000e+00
 2271 0.000000e+00 0.000000e+00
 2272 0.000000e+00 0.000000e+00
 2273 0.000000e+00 0.000000e+00
 2274 0.000000e+00 0.000000e+00
 2275 0.000000e+00 0.000000e+00
 2276 0.000000e+00 0.000000e+00
 2277 0.000000e+00 0.000000e+00
 2278 0.000000e+00 0.000000e+00
 2279 0.000000e+00 0.000000e+00
 2280 0.000000e+00 0.000000e+00
 2281 0.000000e+00 0.000000e+00
 2282 0.000000e+00 0.000000e+00
 2283 0.000000e+00 0.000000e+00
 2284 0.000000e+00 0.000000e+00
 2285 0.000000e+00 0.000000e+00
 2286 0.000000e+00 0.000000e+00
 2287 0.000000e+00 0.000000e+00
 2288 0.000000e+00 0.000000e+00
 2289 0.000000e+00 0.000000e+00
 2290 0.000000e+00 0.000000e+00
 2291 0.000000e+00 0.000000e+00
 2292 0.000000e+00 0.000000e+00
 2293 0.000000e+00 0.000000e+00
 2294 0.000000e+00 0.000000e+00
 2295 0.000000e+00 0.000000e+00
 2296 0.000000e+00 0.000000e+00
 2297 0.000000e+00 0.000000e+00
 2298 0.000000e+00 0.000000e+00
 2299 0.000000e+00 0.000000e+00
 2300 0.000000e+00 0.000000e+00
 2301 0.000000e+00 0.000000e+00
 2302 0.000000e+00 0.000000e+00
 2303 0.000000e+00 0.000000e+00
 2304 0.000000e+00 0.000000e+00
 2305 0.000000e+00 0.000000e+00
 2306 0.000000e+00 0.000000e+00
 2307 0.000000e+00 0.000000e+00
 2308 0.000000e+00 0.000000e+00
 2309 0.000000e+00 0.000000e+00
 2310 0.000000e+00 0.000000e+00
 2311 0.000000e+00 0.000000e+00
 2312 0.000000e+00 0.000000e+00
 2313 0.000000e+00 0.000000e+00
 2314 0.000000e+00 0.000000e+00
 2315 0.000000e+00 0.000000e+00
 2316 0.000000e+00 0.000000e+00
 2317 0.000000e+00 0.000000e+00
 2318 0.000000e+00 0.000000e+00
 2319 0.000000e+00 0.000000e+00
 2320 0.000000e+00 0.000000e+00
 2321 0.000000e+00 0.000000e+00
 2322 0.000000e+00 0.000000e+00
 2323 0.000000e+00 0.000000e+00
 2324 0.000000e+00 0.000000e+00
 2325 0.000000e+00 0.000000e+00
 2326 0.000000e+00 0.000000e+00
 2327 0.000000e+00 0.000000e+00
 2328 0.000000e+00 0.000000e+00
 2329 0.000000e+00 0.000000e+00
 2330 0.000000e+00 0.000000e+00
 2331 0.000000e+00 0.000000e+00
 2332 0.000000e+00 0.000000e+00
 2333 0.000000e+00 0.000000e+00
 2334 0.000000e+00 0.000000e+00
 2335 0.000000e+00 0.000000e+00
 2336 0.000000e+00 0.000000e+00
 2337 0.000000e+00 0.000000e+00
 2338 0.000000e+00 0.000000e+00
 2339 0.000000e+00 0.000000e+00
 2340 0.000000e+00 0.000000e+00
 2341 0.000000e+00 0.000000e+00
 2342 0.000000e+00 0.000000e+00
 2343 0.000000e+00 0.000000e+00
 2344 0.000000e+00 0.000000e+00
 2345 0.000000e+00 0.000000e+00
 2346 0.000000e+00 0.000000e+00
 2347 0.000000e+00 0.000000e+00
 2348 0.000000e+00 0.000000e+00
 2349 0.000000e+00 0.000000e+00
 2350 0.000000e+00 0.000000e+00
 2351 0.000000e+00 0.000000e+00
 2352 0.000000e+00 1.563132e-02
 2353 0.000000e+00 0.000000e+00
 2354 0.000000e+00 0.000000e+00
 2355 0.000000e+00 0.000000e+00
 2356 0.000000e+00 0.000000e+00
 2357 0.000000e+00 0.000000e+00
 2358 0.000000e+00 0.000000e+00
 2359 0.000000e+00 0.000000e+00
 2360 0.000000e+00 0.000000e+00
 2361 0.000000e+00 0.000000e+00
 2362 0.000000e+00 0.000000e+00
 2363 0.000000e+00 0.000000e+00
 2364 0.000000e+00 0.000000e+00
 2365 0.000000e+00 0.000000e+00
 2366 0.000000e+00 0.000000e+00
 2367 0.000000e+00 0.000000e+00
 2368 0.000000e+00 0.000000e+00
 2369 0.000000e+00 0.000000e+00
 2370 0.000000e+00 0.000000e+00
 2371 0.000000e+00 0.000000e+00
 2372 0.000000e+00 0.000000e+00
 2373 0.000000e+00 0.000000e+00
 2374 0.000000e+00 0.000000e+00
 2375 0.000000e+00 0.000000e+00
 2376 0.000000e+00 0.000000e+00
 2377 0.000000e+00 0.000000e+00
 2378 0.000000e+00 0.000000e+00
 2379 0.000000e+00 0.000000e+00
 2380 0.000000e+00 0.000000e+00
 2381 0.000000e+00 0.000000e+00
 2382 0.000000e+00 0.000000e+00
 2383 0.000000e+00 0.000000e+00
 2384 0.000000e+00 0.000000e+00
 2385 0.000000e+00 0.000000e+00
 2386 0.000000e+00 0.000000e+00
 2387 0.000000e+00 0.000000e+00
 2388 0.000000e+00 0.000000e+00
 2389 0.000000e+00 0.000000e+00
 2390 0.000000e+00 0.000000e+00
 2391 0.000000e+00 0.000000e+00
 2392 0.000000e+00 0.000000e+00
 2393 0.000000e+00 0.000000e+00
 2394 0.000000e+00 0.000000e+00
 2395 0.000000e+00 0.000000e+00
 2396 0.000000e+00 0.000000e+00
 2397 0.000000e+00 0.000000e+00
 2398 0.000000e+00 0.000000e+00
 2399 0.000000e+00 0.000000e+00
 2400 0.000000e+00 0.000000e+00
 2401 0.000000e+00 0.000000e+00
 2402 0.000000e+00 0.000000e+00
 2403 0.000000e+00 0.000000e+00
 2404 0.000000e+00 0.000000e+00
 2405 0.000000e+00 0.000000e+00
 2406 0.000000e+00 0.000000e+00
 2407 0.000000e+00 0.000000e+00
 2408 0.000000e+00 0.000000e+00
 2409 0.000000e+00 0.000000e+00
 2410 0.000000e+00 0.000000e+00
 2411 0.000000e+00 0.000000e+00
 2412 0.000000e+00 0.000000e+00
 2413 0.000000e+00 0.000000e+00
 2414 0.000000e+00 0.000000e+00
 2415 0.000000e+00 0.000000e+00
 2416 0.000000e+00 0.000000e+00
 2417 0.000000e+00 0.000000e+00
 2418 0.000000e+00 0.000000e+00
 2419 0.000000e+00 0.000000e+00
 2420 0.000000e+00 0.000000e+00
 2421 0.000000e+00 0.000000e+00
 2422 0.000000e+00 0.000000e+00
 2423 0.000000e+00 0.000000e+00
 2424 0.000000e+00 0.000000e+00
 2425 0.000000e+00 0.000000e+00
 2426 0.000000e+00 0.000000e+00
 2427 0.000000e+00 0.000000e+00
 2428 0.000000e+00 0.000000e+00
 2429 0.000000e+00 0.000000e+00
 2430 0.000000e+00 0.000000e+00
 2431 0.000000e+00 0.000000e+00
 2432 0.000000e+00 0.000000e+00
 2433 0.000000e+00 0.000000e+00
 2434 0.000000e+00 0.000000e+00
 2435 0.000000e+00 0.000000e+00
 2436 0.000000e+00 0.000000e+00
 2437 0.000000e+00 0.000000e+00
 2438 0.000000e+00 0.000000e+00
 2439 0.000000e+00 0.000000e+00
 2440 0.000000e+00 0.000000e+00
 2441 0.000000e+00 0.000000e+00
 2442 0.000000e+00 0.000000e+00
 2443 0.000000e+00 0.000000e+00
 2444 0.000000e+00 0.000000e+00
 2445 0.000000e+00 0.000000e+00
 2446 0.000000e+00 0.000000e+00
 2447 0.000000e+00 0.000000e+00
 2448 0.000000e+00 0.000000e+00
 2449 0.000000e+00 0.000000e+00
 2450 0.000000e+00 0.000000e+00
 2451 0.000000e+00 0.000000e+00
 2452 0.000000e+00 0.000000e+00
 2453 0.000000e+00 0.000000e+00
 2454 0.000000e+00 0.000000e+00
 2455 0.000000e+00 0.000000e+00
 2456 0.000000e+00 0.000000e+00
 2457 0.000000e+00 0.000000e+00
 2458 0.000000e+00 0.000000e+00
 2459 0.000000e+00 0.000000e+00
 2460 0.000000e+00 0.000000e+00
 2461 0.000000e+00 0.000000e+00
 2462 0.000000e+00 0.000000e+00
 2463 0.000000e+00 0.000000e+00
 2464 0.000000e+00 0.000000e+00
 2465 0.000000e+00 0.000000e+00
 2466 0.000000e+00 0.000000e+00
 2467 0.000000e+00 0.000000e+00
 2468 0.000000e+00 0.000000e+00
 2469 0.000000e+00 0.000000e+00
 2470 0.000000e+00 0.000000e+00
 2471 0.000000e+00 0.000000e+00
 2472 0.000000e+00 0.000000e+00
 2473 0.000000e+00 0.000000e+00
 2474 0.000000e+00 0.000000e+00
 2475 0.000000e+00 0.000000e+00
 2476 0.000000e+00 0.000000e+00
 2477 0.000000e+00 0.000000e+00
 2478 0.000000e+00 0.000000e+00
 2479 0.000000e+00 0.000000e+00
 2480 0.000000e+00 0.000000e+00
 2481 0.000000e+00 0.000000e+00
 2482 0.000000e+00 0.000000e+00
 2483 0.000000e+00 0.000000e+00
 2484 0.000000e+00 0.000000e+00
 2485 0.000000e+00 0.000000e+00
 2486 0.000000e+00 0.000000e+00
 2487 0.000000e+00 0.000000e+00
 2488 0.000000e+00 0.000000e+00
 2489 0.000000e+00 0.000000e+00
 2490 0.000000e+00 0.000000e+00
 2491 0.000000e+00 0.000000e+00
 2492 0.000000e+00 0.000000e+00
 2493 0.000000e+00 0.000000e+00
 2494 0.000000e+00 0.000000e+00
 2495 0.000000e+00 0.000000e+00
 2496 0.000000e+00 0.000000e+00
 2497 0.000000e+00 0.000000e+00
 2498 0.000000e+00 0.000000e+00
 2499 0.000000e+00 0.000000e+00
 2500 0.000000e+00 1.253670e-02
