    0 0.000000e+00 0.000000e+00
    1 0.000000e+00 0.000000e+00
    2 -5.608356e-21 9.099144e-06
    3 -5.922286e-21 0.000000e+00
    4 -6.259448e-21 0.000000e+00
    5 -6.541472e-21 0.000000e+00
    6 -6.752146e-21 0.000000e+00
    7 -6.895902e-21 0.000000e+00
    8 -6.988596e-21 0.000000e+00
    9 -7.030049e-21 0.000000e+00
   10 -7.042069e-21 0.000000e+00
   11 -7.030560e-21 0.000000e+00
   12 -6.991540e-21 1.796820e-04
   13 -6.938746e-21 0.000000e+00
   14 -6.878929e-21 0.000000e+00
   15 -6.810684e-21 0.000000e+00
   16 -6.733302e-21 0.000000e+00
   17 -6.648666e-21 0.000000e+00
   18 -6.564127e-21 0.000000e+00
   19 -6.471094e-21 0.000000e+00
   20 1.928345e-20 0.000000e+00
   21 1.900681e-20 0.000000e+00
   22 1.872860e-20 3.504310e-04
   23 -6.104866e-21 0.000000e+00
   24 -6.013961e-21 0.000000e+00
   25 -5.923487e-21 0.000000e+00
   26 -5.834406e-21 0.000000e+00
   27 -5.745689e-21 0.000000e+00
   28 -5.658362e-21 0.000000e+00
   29 -5.572045e-21 0.000000e+00
   30 -5.486767e-21 0.000000e+00
   31 -5.403287e-21 0.000000e+00
   32 -5.321592e-21 5.180031e-04
   33 1.584073e-20 0.000000e+00
   34 -5.161520e-21 0.000000e+00
   35 -5.083808e-21 0.000000e+00
   36 -5.007538e-21 0.000000e+00
   37 -4.933103e-21 0.000000e+00
   38 -4.859629e-21 0.000000e+00
   39 -4.787522e-21 0.000000e+00
   40 -4.717140e-21 0.000000e+00
   41 1.404659e-20 0.000000e+00
   42 -4.579288e-21 6.800316e-04
   43 -4.512746e-21 0.000000e+00
   44 -4.448111e-21 0.000000e+00
   45 -4.384307e-21 0.000000e+00
   46 1.306200e-20 0.000000e+00
   47 1.287613e-20 0.000000e+00
   48 1.269455e-20 0.000000e+00
   49 8.376570e-21 0.000000e+00
   50 8.259370e-21 0.000000e+00
   51 8.143710e-21 0.000000e+00
   52 8.029049e-21 8.338131e-04
   53 1.183170e-20 0.000000e+00
   54 -1.501857e-25 0.000000e+00
   55 -1.481567e-25 0.000000e+00
   56 -1.461440e-25 0.000000e+00
   57 -1.441576e-25 0.000000e+00
   58 7.394751e-21 0.000000e+00
   59 7.295102e-21 0.000000e+00
   60 7.197220e-21 0.000000e+00
   61 1.060963e-20 0.000000e+00
   62 7.005368e-21 9.791012e-04
   63 6.913431e-21 0.000000e+00
   64 6.822291e-21 0.000000e+00
   65 1.006134e-20 0.000000e+00
   66 -3.285316e-21 0.000000e+00
   67 6.559807e-21 0.000000e+00
   68 6.474840e-21 0.000000e+00
   69 -3.159644e-21 0.000000e+00
   70 6.308292e-21 0.000000e+00
   71 6.227365e-21 0.000000e+00
   72 6.147523e-21 1.114658e-03
   73 -1.167189e-25 0.000000e+00
   74 -2.962680e-21 0.000000e+00
   75 -2.925080e-21 0.000000e+00
   76 -2.888274e-21 0.000000e+00
   77 8.620551e-21 0.000000e+00
   78 -2.816285e-21 0.000000e+00
   79 8.406212e-21 0.000000e+00
   80 0.000000e+00 0.000000e+00
   81 5.486061e-21 0.000000e+00
   82 5.417998e-21 1.238666e-03
   83 5.351359e-21 0.000000e+00
   84 -2.613040e-21 0.000000e+00
   85 7.801739e-21 0.000000e+00
   86 5.157302e-21 0.000000e+00
   87 -9.796589e-26 0.000000e+00
   88 5.032689e-21 0.000000e+00
   89 7.429647e-21 0.000000e+00
   90 4.912106e-21 0.000000e+00
   91 -2.399497e-21 0.000000e+00
   92 4.795600e-21 1.351766e-03
   93 4.738535e-21 0.000000e+00
   94 6.997260e-21 0.000000e+00
   95 6.915380e-21 0.000000e+00
   96 4.573782e-21 0.000000e+00
   97 0.000000e+00 0.000000e+00
   98 -2.208855e-21 0.000000e+00
   99 4.416445e-21 0.000000e+00
  100 7.087163e-16 0.000000e+00
  101 6.909664e-16 0.000000e+00
  102 7.210784e-16 2.907117e-03
  103 7.476989e-16 0.000000e+00
  104 7.145697e-16 0.000000e+00
  105 1.211527e-15 0.000000e+00
  106 7.144009e-16 0.000000e+00
  107 7.265981e-16 0.000000e+00
  108 7.505668e-16 0.000000e+00
  109 7.372629e-16 0.000000e+00
  110 7.764903e-16 0.000000e+00
  111 7.789143e-16 0.000000e+00
  112 7.344716e-16 0.000000e+00
  113 7.931743e-16 0.000000e+00
  114 7.784644e-16 0.000000e+00
  115 1.368100e-15 0.000000e+00
  116 7.701845e-16 0.000000e+00
  117 7.932133e-16 0.000000e+00
  118 7.612315e-16 0.000000e+00
  119 8.432463e-16 0.000000e+00
  120 8.083863e-16 0.000000e+00
  121 7.891600e-16 0.000000e+00
  122 8.040640e-16 0.000000e+00
  123 8.478861e-16 0.000000e+00
  124 8.374432e-16 0.000000e+00
  125 1.482789e-15 0.000000e+00
  126 8.699577e-16 0.000000e+00
  127 8.771300e-16 0.000000e+00
  128 8.815381e-16 0.000000e+00
  129 8.547915e-16 0.000000e+00
  130 8.898158e-16 0.000000e+00
  131 8.515764e-16 0.000000e+00
  132 9.135004e-16 5.081551e-03
  133 9.278970e-16 0.000000e+00
  134 9.187271e-16 0.000000e+00
  135 1.581716e-15 0.000000e+00
  136 9.234365e-16 0.000000e+00
  137 9.634769e-16 0.000000e+00
  138 9.042887e-16 0.000000e+00
  139 9.302406e-16 0.000000e+00
  140 9.592502e-16 0.000000e+00
  141 9.264654e-16 0.000000e+00
  142 9.539064e-16 0.000000e+00
  143 1.027567e-15 0.000000e+00
  144 9.729255e-16 0.000000e+00
  145 1.731635e-15 0.000000e+00
  146 1.016365e-15 0.000000e+00
  147 1.013101e-15 0.000000e+00
  148 9.987064e-16 0.000000e+00
  149 9.869910e-16 0.000000e+00
  150 1.025751e-15 0.000000e+00
  151 1.051577e-15 0.000000e+00
  152 1.012655e-15 0.000000e+00
  153 1.088104e-15 0.000000e+00
  154 1.033310e-15 0.000000e+00
  155 1.925277e-15 0.000000e+00
  156 1.036822e-15 0.000000e+00
  157 1.063698e-15 0.000000e+00
  158 1.059626e-15 0.000000e+00
  159 1.123737e-15 0.000000e+00
  160 1.061780e-15 0.000000e+00
  161 1.134491e-15 0.000000e+00
  162 1.087328e-15 5.568285e-03
  163 1.170798e-15 0.000000e+00
  164 1.140623e-15 0.000000e+00
  165 2.019330e-15 0.000000e+00
  166 1.105636e-15 0.000000e+00
  167 1.188876e-15 0.000000e+00
  168 1.139879e-15 0.000000e+00
  169 1.176754e-15 0.000000e+00
  170 1.184790e-15 0.000000e+00
  171 1.161145e-15 0.000000e+00
  172 1.184382e-15 0.000000e+00
  173 1.269395e-15 0.000000e+00
  174 1.224476e-15 0.000000e+00
  175 2.193987e-15 0.000000e+00
  176 1.204054e-15 0.000000e+00
  177 1.252428e-15 0.000000e+00
  178 1.246231e-15 0.000000e+00
  179 1.285383e-15 0.000000e+00
  180 1.274609e-15 0.000000e+00
  181 1.254935e-15 0.000000e+00
  182 1.281309e-15 0.000000e+00
  183 1.370975e-15 0.000000e+00
  184 1.324808e-15 0.000000e+00
  185 2.330058e-15 0.000000e+00
  186 1.302624e-15 0.000000e+00
  187 1.382908e-15 0.000000e+00
  188 1.338527e-15 0.000000e+00
  189 1.381620e-15 0.000000e+00
  190 1.357846e-15 0.000000e+00
  191 1.351224e-15 0.000000e+00
  192 1.425877e-15 5.925207e-03
  193 1.489562e-15 0.000000e+00
  194 1.440895e-15 0.000000e+00
  195 2.507171e-15 0.000000e+00
  196 1.407692e-15 0.000000e+00
  197 1.498204e-15 0.000000e+00
  198 1.486247e-15 0.000000e+00
  199 1.487225e-15 0.000000e+00
  200 1.474839e-15 0.000000e+00
  201 1.465963e-15 0.000000e+00
  202 1.546087e-15 0.000000e+00
  203 1.576288e-15 0.000000e+00
  204 1.601775e-15 0.000000e+00
  205 2.680775e-15 0.000000e+00
  206 1.582102e-15 0.000000e+00
  207 1.595853e-15 0.000000e+00
  208 1.604886e-15 0.000000e+00
  209 1.576547e-15 0.000000e+00
  210 1.610011e-15 0.000000e+00
  211 1.627159e-15 0.000000e+00
  212 1.598517e-15 0.000000e+00
  213 1.707575e-15 0.000000e+00
  214 1.728832e-15 0.000000e+00
  215 2.892136e-15 0.000000e+00
  216 1.716064e-15 0.000000e+00
  217 1.767722e-15 0.000000e+00
  218 1.730418e-15 0.000000e+00
  219 1.728001e-15 0.000000e+00
  220 1.722075e-15 0.000000e+00
  221 1.754488e-15 0.000000e+00
  222 1.739688e-15 6.263215e-03
  223 1.849320e-15 0.000000e+00
  224 1.844644e-15 0.000000e+00
  225 3.103955e-15 0.000000e+00
  226 1.906568e-15 0.000000e+00
  227 1.885822e-15 0.000000e+00
  228 1.861620e-15 0.000000e+00
  229 1.867381e-15 0.000000e+00
  230 1.862466e-15 0.000000e+00
  231 1.889877e-15 0.000000e+00
  232 1.906233e-15 0.000000e+00
  233 1.981357e-15 0.000000e+00
  234 2.009484e-15 0.000000e+00
  235 3.313791e-15 0.000000e+00
  236 1.992498e-15 0.000000e+00
  237 2.036811e-15 0.000000e+00
  238 2.024247e-15 0.000000e+00
  239 1.986252e-15 0.000000e+00
  240 2.096226e-15 0.000000e+00
  241 2.032563e-15 0.000000e+00
  242 2.047048e-15 0.000000e+00
  243 2.182707e-15 0.000000e+00
  244 2.141031e-15 0.000000e+00
  245 3.530792e-15 0.000000e+00
  246 2.148788e-15 0.000000e+00
  247 2.184339e-15 0.000000e+00
  248 2.173859e-15 0.000000e+00
  249 2.216503e-15 0.000000e+00
  250 2.230695e-15 0.000000e+00
  251 2.219916e-15 0.000000e+00
  252 2.200013e-15 6.669939e-03
  253 2.300742e-15 0.000000e+00
  254 2.358096e-15 0.000000e+00
  255 3.705014e-15 0.000000e+00
  256 2.337574e-15 0.000000e+00
  257 2.348743e-15 0.000000e+00
  258 2.362309e-15 0.000000e+00
  259 2.346004e-15 0.000000e+00
  260 2.373547e-15 0.000000e+00
  261 2.352671e-15 0.000000e+00
  262 2.401567e-15 0.000000e+00
  263 2.510299e-15 0.000000e+00
  264 2.482241e-15 0.000000e+00
  265 3.907418e-15 0.000000e+00
  266 2.528920e-15 0.000000e+00
  267 2.519825e-15 0.000000e+00
  268 2.503487e-15 0.000000e+00
  269 2.566225e-15 0.000000e+00
  270 2.518911e-15 0.000000e+00
  271 2.489651e-15 0.000000e+00
  272 2.551879e-15 0.000000e+00
  273 2.653283e-15 0.000000e+00
  274 2.653237e-15 0.000000e+00
  275 4.072342e-15 0.000000e+00
  276 2.705449e-15 0.000000e+00
  277 2.644930e-15 0.000000e+00
  278 2.664105e-15 0.000000e+00
  279 2.753756e-15 0.000000e+00
  280 2.646510e-15 0.000000e+00
  281 2.676110e-15 0.000000e+00
  282 2.646818e-15 7.178672e-03
  283 2.837343e-15 0.000000e+00
  284 2.825643e-15 0.000000e+00
  285 4.255822e-15 0.000000e+00
  286 2.848857e-15 0.000000e+00
  287 2.792929e-15 0.000000e+00
  288 2.798771e-15 0.000000e+00
  289 2.850612e-15 0.000000e+00
  290 2.795076e-15 0.000000e+00
  291 2.829829e-15 0.000000e+00
  292 2.804145e-15 0.000000e+00
  293 2.957445e-15 0.000000e+00
  294 2.961408e-15 0.000000e+00
  295 4.466861e-15 0.000000e+00
  296 2.948272e-15 0.000000e+00
  297 2.923836e-15 0.000000e+00
  298 2.975814e-15 0.000000e+00
  299 2.940038e-15 0.000000e+00
  300 2.952643e-15 0.000000e+00
  301 2.964422e-15 0.000000e+00
  302 2.922740e-15 0.000000e+00
  303 3.068400e-15 0.000000e+00
  304 3.107282e-15 0.000000e+00
  305 4.570659e-15 0.000000e+00
  306 3.055920e-15 0.000000e+00
  307 3.066566e-15 0.000000e+00
  308 3.051937e-15 0.000000e+00
  309 3.017012e-15 0.000000e+00
  310 3.046513e-15 0.000000e+00
  311 3.021274e-15 0.000000e+00
  312 3.101121e-15 7.772936e-03
  313 3.150305e-15 0.000000e+00
  314 3.215088e-15 0.000000e+00
  315 4.714527e-15 0.000000e+00
  316 3.100396e-15 0.000000e+00
  317 3.149325e-15 0.000000e+00
  318 3.104341e-15 0.000000e+00
  319 3.100599e-15 0.000000e+00
  320 3.120394e-15 0.000000e+00
  321 3.109569e-15 0.000000e+00
  322 3.120148e-15 0.000000e+00
  323 3.305959e-15 0.000000e+00
  324 3.237875e-15 0.000000e+00
  325 4.705008e-15 0.000000e+00
  326 3.187681e-15 0.000000e+00
  327 3.121303e-15 0.000000e+00
  328 3.115947e-15 0.000000e+00
  329 3.151629e-15 0.000000e+00
  330 3.103096e-15 0.000000e+00
  331 3.129234e-15 0.000000e+00
  332 3.145837e-15 0.000000e+00
  333 3.235725e-15 0.000000e+00
  334 3.211904e-15 0.000000e+00
  335 4.726303e-15 0.000000e+00
  336 3.150309e-15 0.000000e+00
  337 3.134809e-15 0.000000e+00
  338 3.102576e-15 0.000000e+00
  339 3.074272e-15 0.000000e+00
  340 3.125257e-15 0.000000e+00
  341 3.058402e-15 0.000000e+00
  342 3.076567e-15 8.387800e-03
  343 3.158331e-15 0.000000e+00
  344 3.117270e-15 0.000000e+00
  345 4.697983e-15 0.000000e+00
  346 3.080115e-15 0.000000e+00
  347 3.041508e-15 0.000000e+00
  348 3.008398e-15 0.000000e+00
  349 3.005355e-15 0.000000e+00
  350 2.996552e-15 0.000000e+00
  351 2.971241e-15 0.000000e+00
  352 2.958204e-15 0.000000e+00
  353 3.041607e-15 0.000000e+00
  354 3.010708e-15 0.000000e+00
  355 4.555774e-15 0.000000e+00
  356 2.900895e-15 0.000000e+00
  357 2.916886e-15 0.000000e+00
  358 2.895298e-15 0.000000e+00
  359 2.865818e-15 0.000000e+00
  360 2.826808e-15 0.000000e+00
  361 2.782545e-15 0.000000e+00
  362 2.750684e-15 0.000000e+00
  363 2.867717e-15 0.000000e+00
  364 2.817435e-15 0.000000e+00
  365 4.334742e-15 0.000000e+00
  366 2.738801e-15 0.000000e+00
  367 2.778149e-15 0.000000e+00
  368 2.680286e-15 0.000000e+00
  369 2.626314e-15 0.000000e+00
  370 2.623568e-15 0.000000e+00
  371 2.577655e-15 0.000000e+00
  372 2.550888e-15 8.947500e-03
  373 2.660668e-15 0.000000e+00
  374 2.592155e-15 0.000000e+00
  375 3.993147e-15 0.000000e+00
  376 2.498017e-15 0.000000e+00
  377 2.499160e-15 0.000000e+00
  378 2.453285e-15 0.000000e+00
  379 2.356353e-15 0.000000e+00
  380 2.377001e-15 0.000000e+00
  381 2.341759e-15 0.000000e+00
  382 2.288161e-15 0.000000e+00
  383 2.380972e-15 0.000000e+00
  384 2.353398e-15 0.000000e+00
  385 3.576178e-15 0.000000e+00
  386 2.256236e-15 0.000000e+00
  387 2.181847e-15 0.000000e+00
  388 2.169978e-15 0.000000e+00
  389 2.136218e-15 0.000000e+00
  390 2.108094e-15 0.000000e+00
  391 2.067888e-15 0.000000e+00
  392 2.051675e-15 0.000000e+00
  393 2.109555e-15 0.000000e+00
  394 2.053958e-15 0.000000e+00
  395 3.231175e-15 0.000000e+00
  396 2.023919e-15 0.000000e+00
  397 1.940498e-15 0.000000e+00
  398 1.889159e-15 0.000000e+00
  399 1.889220e-15 0.000000e+00
  400 1.862451e-15 0.000000e+00
  401 1.844823e-15 0.000000e+00
  402 1.805666e-15 9.393744e-03
  403 1.892088e-15 0.000000e+00
  404 1.856565e-15 0.000000e+00
  405 2.909490e-15 0.000000e+00
  406 1.779076e-15 0.000000e+00
  407 1.766028e-15 0.000000e+00
  408 1.702809e-15 0.000000e+00
  409 1.714183e-15 0.000000e+00
  410 1.704823e-15 0.000000e+00
  411 1.689558e-15 0.000000e+00
  412 1.660162e-15 0.000000e+00
  413 1.784006e-15 0.000000e+00
  414 1.726348e-15 0.000000e+00
  415 2.760800e-15 0.000000e+00
  416 1.677372e-15 0.000000e+00
  417 1.659039e-15 0.000000e+00
  418 1.656179e-15 0.000000e+00
  419 1.612010e-15 0.000000e+00
  420 1.656744e-15 0.000000e+00
  421 1.650928e-15 0.000000e+00
  422 1.626470e-15 0.000000e+00
  423 1.763964e-15 0.000000e+00
  424 1.726102e-15 0.000000e+00
  425 2.792029e-15 0.000000e+00
  426 1.716359e-15 0.000000e+00
  427 1.707602e-15 0.000000e+00
  428 1.660669e-15 0.000000e+00
  429 1.679902e-15 0.000000e+00
  430 1.709981e-15 0.000000e+00
  431 1.676815e-15 0.000000e+00
  432 1.736366e-15 9.704818e-03
  433 1.870833e-15 0.000000e+00
  434 1.828786e-15 0.000000e+00
  435 3.035236e-15 0.000000e+00
  436 1.820038e-15 0.000000e+00
  437 1.819598e-15 0.000000e+00
  438 1.782344e-15 0.000000e+00
  439 1.813759e-15 0.000000e+00
  440 1.829882e-15 0.000000e+00
  441 1.794133e-15 0.000000e+00
  442 1.855855e-15 0.000000e+00
  443 2.008168e-15 0.000000e+00
  444 2.011726e-15 0.000000e+00
  445 3.483874e-15 0.000000e+00
  446 1.987620e-15 0.000000e+00
  447 2.000116e-15 0.000000e+00
  448 2.006178e-15 0.000000e+00
  449 2.016683e-15 0.000000e+00
  450 2.021611e-15 0.000000e+00
  451 2.032280e-15 0.000000e+00
  452 2.071468e-15 0.000000e+00
  453 2.312512e-15 0.000000e+00
  454 2.291182e-15 0.000000e+00
  455 4.152925e-15 0.000000e+00
  456 2.314103e-15 0.000000e+00
  457 2.263388e-15 0.000000e+00
  458 2.338334e-15 0.000000e+00
  459 2.331114e-15 0.000000e+00
  460 2.343488e-15 0.000000e+00
  461 2.389241e-15 0.000000e+00
  462 2.406817e-15 9.896114e-03
  463 2.692792e-15 0.000000e+00
  464 2.665961e-15 0.000000e+00
  465 4.918646e-15 0.000000e+00
  466 2.750257e-15 0.000000e+00
  467 2.678014e-15 0.000000e+00
  468 2.685991e-15 0.000000e+00
  469 2.719907e-15 0.000000e+00
  470 2.786554e-15 0.000000e+00
  471 2.784990e-15 0.000000e+00
  472 2.872344e-15 0.000000e+00
  473 3.209344e-15 0.000000e+00
  474 3.111889e-15 0.000000e+00
  475 5.867263e-15 0.000000e+00
  476 3.198454e-15 0.000000e+00
  477 3.113993e-15 0.000000e+00
  478 3.093199e-15 0.000000e+00
  479 3.209197e-15 0.000000e+00
  480 3.202353e-15 0.000000e+00
  481 3.209692e-15 0.000000e+00
  482 3.353841e-15 0.000000e+00
  483 3.739821e-15 0.000000e+00
  484 3.620276e-15 0.000000e+00
  485 6.939106e-15 0.000000e+00
  486 3.623505e-15 0.000000e+00
  487 3.576303e-15 0.000000e+00
  488 3.578395e-15 0.000000e+00
  489 3.649207e-15 0.000000e+00
  490 3.701463e-15 0.000000e+00
  491 3.729584e-15 0.000000e+00
  492 3.809535e-15 1.000745e-02
  493 4.306342e-15 0.000000e+00
  494 4.174530e-15 0.000000e+00
  495 8.021661e-15 0.000000e+00
  496 4.181173e-15 0.000000e+00
  497 4.069473e-15 0.000000e+00
  498 4.073196e-15 0.000000e+00
  499 4.197415e-15 0.000000e+00
  500 4.248454e-15 0.000000e+00
  501 4.341476e-15 0.000000e+00
  502 4.442857e-15 0.000000e+00
  503 4.928527e-15 0.000000e+00
  504 4.812370e-15 0.000000e+00
  505 9.171556e-15 0.000000e+00
  506 4.838413e-15 0.000000e+00
  507 4.594564e-15 0.000000e+00
  508 4.750188e-15 0.000000e+00
  509 4.823325e-15 0.000000e+00
  510 4.867437e-15 0.000000e+00
  511 4.905027e-15 0.000000e+00
  512 5.042646e-15 0.000000e+00
  513 5.702612e-15 0.000000e+00
  514 5.520620e-15 0.000000e+00
  515 1.037277e-14 0.000000e+00
  516 5.388504e-15 0.000000e+00
  517 5.394342e-15 0.000000e+00
  518 5.360602e-15 0.000000e+00
  519 5.382668e-15 0.000000e+00
  520 5.575871e-15 0.000000e+00
  521 5.589387e-15 0.000000e+00
  522 5.646408e-15 1.008761e-02
  523 6.434953e-15 0.000000e+00
  524 6.140800e-15 0.000000e+00
  525 1.156409e-14 0.000000e+00
  526 6.193869e-15 0.000000e+00
  527 6.078340e-15 0.000000e+00
  528 5.989044e-15 0.000000e+00
  529 6.054544e-15 0.000000e+00
  530 6.267196e-15 0.000000e+00
  531 6.231118e-15 0.000000e+00
  532 6.273677e-15 0.000000e+00
  533 7.220753e-15 0.000000e+00
  534 6.966510e-15 0.000000e+00
  535 1.278552e-14 0.000000e+00
  536 6.803308e-15 0.000000e+00
  537 6.689806e-15 0.000000e+00
  538 6.763812e-15 0.000000e+00
  539 6.708071e-15 0.000000e+00
  540 7.027633e-15 0.000000e+00
  541 6.940525e-15 0.000000e+00
  542 7.104796e-15 0.000000e+00
  543 8.023971e-15 0.000000e+00
  544 7.773469e-15 0.000000e+00
  545 1.386202e-14 0.000000e+00
  546 7.554326e-15 0.000000e+00
  547 7.487022e-15 0.000000e+00
  548 7.557341e-15 0.000000e+00
  549 7.628076e-15 0.000000e+00
  550 7.640537e-15 0.000000e+00
  551 7.864909e-15 0.000000e+00
  552 7.860613e-15 2.204163e-02
  553 8.817322e-15 0.000000e+00
  554 8.586487e-15 0.000000e+00
  555 1.501935e-14 0.000000e+00
  556 8.397496e-15 0.000000e+00
  557 8.214212e-15 0.000000e+00
  558 8.380720e-15 0.000000e+00
  559 8.429309e-15 0.000000e+00
  560 8.460642e-15 0.000000e+00
  561 8.553718e-15 0.000000e+00
  562 8.835678e-15 0.000000e+00
  563 9.612491e-15 0.000000e+00
  564 9.464275e-15 0.000000e+00
  565 1.589661e-14 0.000000e+00
  566 9.079263e-15 0.000000e+00
  567 9.054635e-15 0.000000e+00
  568 9.249728e-15 0.000000e+00
  569 9.195688e-15 0.000000e+00
  570 9.257038e-15 0.000000e+00
  571 9.355922e-15 0.000000e+00
  572 9.579785e-15 0.000000e+00
  573 1.053610e-14 0.000000e+00
  574 1.021792e-14 0.000000e+00
  575 1.677867e-14 0.000000e+00
  576 9.936308e-15 0.000000e+00
  577 9.731514e-15 0.000000e+00
  578 1.018356e-14 0.000000e+00
  579 1.011638e-14 0.000000e+00
  580 1.008222e-14 0.000000e+00
  581 1.015703e-14 0.000000e+00
  582 1.015842e-14 0.000000e+00
  583 1.159899e-14 0.000000e+00
  584 1.091734e-14 0.000000e+00
  585 1.771946e-14 0.000000e+00
  586 1.070362e-14 0.000000e+00
  587 1.048506e-14 0.000000e+00
  588 1.105881e-14 0.000000e+00
  589 1.098469e-14 0.000000e+00
  590 1.090920e-14 0.000000e+00
  591 1.098789e-14 0.000000e+00
  592 1.115179e-14 0.000000e+00
  593 1.226273e-14 0.000000e+00
  594 1.180601e-14 0.000000e+00
  595 1.850664e-14 0.000000e+00
  596 1.140801e-14 0.000000e+00
  597 1.126942e-14 0.000000e+00
  598 1.173966e-14 0.000000e+00
  599 1.177633e-14 0.000000e+00
  600 1.175402e-14 0.000000e+00
  601 1.172401e-14 0.000000e+00
  602 1.184390e-14 0.000000e+00
  603 1.296267e-14 0.000000e+00
  604 1.270927e-14 0.000000e+00
  605 1.888879e-14 0.000000e+00
  606 1.209681e-14 0.000000e+00
  607 1.188836e-14 0.000000e+00
  608 1.260229e-14 0.000000e+00
  609 1.252563e-14 0.000000e+00
  610 1.243238e-14 0.000000e+00
  611 1.256111e-14 0.000000e+00
  612 1.249829e-14 0.000000e+00
  613 1.371027e-14 0.000000e+00
  614 1.327093e-14 0.000000e+00
  615 1.945607e-14 0.000000e+00
  616 1.279755e-14 0.000000e+00
  617 1.277501e-14 0.000000e+00
  618 1.314962e-14 0.000000e+00
  619 1.312034e-14 0.000000e+00
  620 1.326846e-14 0.000000e+00
  621 1.318542e-14 0.000000e+00
  622 1.321446e-14 0.000000e+00
  623 1.430229e-14 0.000000e+00
  624 1.396699e-14 0.000000e+00
  625 2.014649e-14 0.000000e+00
  626 1.338817e-14 0.000000e+00
  627 1.341229e-14 0.000000e+00
  628 1.381624e-14 0.000000e+00
  629 1.386146e-14 0.000000e+00
  630 1.386325e-14 0.000000e+00
  631 1.388034e-14 0.000000e+00
  632 1.386171e-14 0.000000e+00
  633 1.481608e-14 0.000000e+00
  634 1.452809e-14 0.000000e+00
  635 2.069886e-14 0.000000e+00
  636 1.397138e-14 0.000000e+00
  637 1.402560e-14 0.000000e+00
  638 1.433178e-14 0.000000e+00
  639 1.446953e-14 0.000000e+00
  640 1.429577e-14 0.000000e+00
  641 1.448498e-14 0.000000e+00
  642 1.440691e-14 0.000000e+00
  643 1.538329e-14 0.000000e+00
  644 1.502932e-14 0.000000e+00
  645 2.129031e-14 0.000000e+00
  646 1.460791e-14 0.000000e+00
  647 1.459514e-14 0.000000e+00
  648 1.494123e-14 0.000000e+00
  649 1.493196e-14 0.000000e+00
  650 1.485042e-14 0.000000e+00
  651 1.495540e-14 0.000000e+00
  652 1.494102e-14 3.479179e-02
  653 1.602266e-14 0.000000e+00
  654 1.558335e-14 0.000000e+00
  655 2.190608e-14 0.000000e+00
  656 1.517552e-14 0.000000e+00
  657 1.518142e-14 0.000000e+00
  658 1.541878e-14 0.000000e+00
  659 1.546379e-14 0.000000e+00
  660 1.546352e-14 0.000000e+00
  661 1.543012e-14 0.000000e+00
  662 1.539952e-14 0.000000e+00
  663 1.657384e-14 0.000000e+00
  664 1.619576e-14 0.000000e+00
  665 2.261154e-14 0.000000e+00
  666 1.570794e-14 0.000000e+00
  667 1.579428e-14 0.000000e+00
  668 1.601406e-14 0.000000e+00
  669 1.601448e-14 0.000000e+00
  670 1.591191e-14 0.000000e+00
  671 1.610744e-14 0.000000e+00
  672 1.592823e-14 0.000000e+00
  673 1.715383e-14 0.000000e+00
  674 1.684715e-14 0.000000e+00
  675 2.363811e-14 0.000000e+00
  676 1.629140e-14 0.000000e+00
  677 1.645727e-14 0.000000e+00
  678 1.655820e-14 0.000000e+00
  679 1.659204e-14 0.000000e+00
  680 1.674339e-14 0.000000e+00
  681 1.670561e-14 0.000000e+00
  682 1.656628e-14 0.000000e+00
  683 1.778522e-14 0.000000e+00
  684 1.765037e-14 0.000000e+00
  685 2.457326e-14 0.000000e+00
  686 1.716479e-14 0.000000e+00
  687 1.701685e-14 0.000000e+00
  688 1.745051e-14 0.000000e+00
  689 1.727949e-14 0.000000e+00
  690 1.735516e-14 0.000000e+00
  691 1.740834e-14 0.000000e+00
  692 1.746706e-14 0.000000e+00
  693 1.840855e-14 0.000000e+00
  694 1.848280e-14 0.000000e+00
  695 2.612573e-14 0.000000e+00
  696 1.796503e-14 0.000000e+00
  697 1.781918e-14 0.000000e+00
  698 1.832541e-14 0.000000e+00
  699 1.818856e-14 0.000000e+00
  700 1.803614e-14 0.000000e+00
  701 1.830115e-14 0.000000e+00
  702 1.836255e-14 0.000000e+00
  703 1.939133e-14 0.000000e+00
  704 1.931400e-14 0.000000e+00
  705 2.828149e-14 0.000000e+00
  706 1.867489e-14 0.000000e+00
  707 1.887029e-14 0.000000e+00
  708 1.905930e-14 0.000000e+00
  709 1.921353e-14 0.000000e+00
  710 1.901357e-14 0.000000e+00
  711 1.944743e-14 0.000000e+00
  712 1.943706e-14 0.000000e+00
  713 2.059497e-14 0.000000e+00
  714 2.035082e-14 0.000000e+00
  715 3.016012e-14 0.000000e+00
  716 1.984559e-14 0.000000e+00
  717 2.002603e-14 0.000000e+00
  718 2.019137e-14 0.000000e+00
  719 2.034835e-14 0.000000e+00
  720 2.033547e-14 0.000000e+00
  721 2.055445e-14 0.000000e+00
  722 2.045018e-14 0.000000e+00
  723 2.188318e-14 0.000000e+00
  724 2.162164e-14 0.000000e+00
  725 3.245986e-14 0.000000e+00
  726 2.130069e-14 0.000000e+00
  727 2.124271e-14 0.000000e+00
  728 2.151794e-14 0.000000e+00
  729 2.152043e-14 0.000000e+00
  730 2.155728e-14 0.000000e+00
  731 2.172738e-14 0.000000e+00
  732 2.169336e-14 0.000000e+00
  733 2.340984e-14 0.000000e+00
  734 2.306234e-14 0.000000e+00
  735 3.531156e-14 0.000000e+00
  736 2.248240e-14 0.000000e+00
  737 2.260867e-14 0.000000e+00
  738 2.281461e-14 0.000000e+00
  739 2.288624e-14 0.000000e+00
  740 2.309985e-14 0.000000e+00
  741 2.297219e-14 0.000000e+00
  742 2.311128e-14 0.000000e+00
  743 2.488627e-14 0.000000e+00
  744 2.459111e-14 0.000000e+00
  745 3.829250e-14 0.000000e+00
  746 2.391631e-14 0.000000e+00
  747 2.400210e-14 0.000000e+00
  748 2.457392e-14 0.000000e+00
  749 2.436805e-14 0.000000e+00
  750 2.432656e-14 0.000000e+00
  751 2.441734e-14 0.000000e+00
  752 2.456041e-14 3.229214e-02
  753 2.630413e-14 0.000000e+00
  754 2.631633e-14 0.000000e+00
  755 4.163703e-14 0.000000e+00
  756 2.546552e-14 0.000000e+00
  757 2.579155e-14 0.000000e+00
  758 2.584920e-14 0.000000e+00
  759 2.601909e-14 0.000000e+00
  760 2.568165e-14 0.000000e+00
  761 2.593067e-14 0.000000e+00
  762 2.613673e-14 0.000000e+00
  763 2.804643e-14 0.000000e+00
  764 2.810769e-14 0.000000e+00
  765 4.520421e-14 0.000000e+00
  766 2.698478e-14 0.000000e+00
  767 2.714638e-14 0.000000e+00
  768 2.747164e-14 0.000000e+00
  769 2.765221e-14 0.000000e+00
  770 2.702363e-14 0.000000e+00
  771 2.749657e-14 0.000000e+00
  772 2.774581e-14 0.000000e+00
  773 2.984932e-14 0.000000e+00
  774 3.009054e-14 0.000000e+00
  775 4.856288e-14 0.000000e+00
  776 2.865279e-14 0.000000e+00
  777 2.871368e-14 0.000000e+00
  778 2.902965e-14 0.000000e+00
  779 2.911493e-14 0.000000e+00
  780 2.896668e-14 0.000000e+00
  781 2.894742e-14 0.000000e+00
  782 2.939858e-14 0.000000e+00
  783 3.208818e-14 0.000000e+00
  784 3.180095e-14 0.000000e+00
  785 5.168596e-14 0.000000e+00
  786 3.035596e-14 0.000000e+00
  787 3.013611e-14 0.000000e+00
  788 3.057913e-14 0.000000e+00
  789 3.109255e-14 0.000000e+00
  790 3.054321e-14 0.000000e+00
  791 3.074107e-14 0.000000e+00
  792 3.097944e-14 0.000000e+00
  793 3.426363e-14 0.000000e+00
  794 3.365143e-14 0.000000e+00
  795 5.490858e-14 0.000000e+00
  796 3.172870e-14 0.000000e+00
  797 3.181737e-14 0.000000e+00
  798 3.246258e-14 0.000000e+00
  799 3.260280e-14 0.000000e+00
  800 3.233282e-14 0.000000e+00
  801 3.269248e-14 0.000000e+00
  802 3.249422e-14 0.000000e+00
  803 3.633323e-14 0.000000e+00
  804 3.528228e-14 0.000000e+00
  805 5.763202e-14 0.000000e+00
  806 3.386075e-14 0.000000e+00
  807 3.336680e-14 0.000000e+00
  808 3.432519e-14 0.000000e+00
  809 3.420596e-14 0.000000e+00
  810 3.391709e-14 0.000000e+00
  811 3.448631e-14 0.000000e+00
  812 3.421215e-14 0.000000e+00
  813 3.812082e-14 0.000000e+00
  814 3.711330e-14 0.000000e+00
  815 6.021519e-14 0.000000e+00
  816 3.537951e-14 0.000000e+00
  817 3.505895e-14 0.000000e+00
  818 3.600584e-14 0.000000e+00
  819 3.604817e-14 0.000000e+00
  820 3.564133e-14 0.000000e+00
  821 3.621414e-14 0.000000e+00
  822 3.570983e-14 0.000000e+00
  823 4.062281e-14 0.000000e+00
  824 3.853494e-14 0.000000e+00
  825 6.231668e-14 0.000000e+00
  826 3.721351e-14 0.000000e+00
  827 3.633078e-14 0.000000e+00
  828 3.756607e-14 0.000000e+00
  829 3.768212e-14 0.000000e+00
  830 3.753373e-14 0.000000e+00
  831 3.781045e-14 0.000000e+00
  832 3.771677e-14 0.000000e+00
  833 4.216731e-14 0.000000e+00
  834 4.039841e-14 0.000000e+00
  835 6.393802e-14 0.000000e+00
  836 3.857720e-14 0.000000e+00
  837 3.805242e-14 0.000000e+00
  838 3.906003e-14 0.000000e+00
  839 3.945378e-14 0.000000e+00
  840 3.929789e-14 0.000000e+00
  841 3.966247e-14 0.000000e+00
  842 3.901489e-14 0.000000e+00
  843 4.390612e-14 0.000000e+00
  844 4.237189e-14 0.000000e+00
  845 6.458712e-14 0.000000e+00
  846 4.010415e-14 0.000000e+00
  847 3.919944e-14 0.000000e+00
  848 4.067287e-14 0.000000e+00
  849 4.134480e-14 0.000000e+00
  850 4.093150e-14 0.000000e+00
  851 4.091130e-14 0.000000e+00
  852 4.059104e-14 2.652323e-02
  853 4.549751e-14 0.000000e+00
  854 4.404980e-14 0.000000e+00
  855 6.490912e-14 0.000000e+00
  856 4.142756e-14 0.000000e+00
  857 4.043710e-14 0.000000e+00
  858 4.261537e-14 0.000000e+00
  859 4.273658e-14 0.000000e+00
  860 4.239440e-14 0.000000e+00
  861 4.215006e-14 0.000000e+00
  862 4.207947e-14 0.000000e+00
  863 4.676830e-14 0.000000e+00
  864 4.566734e-14 0.000000e+00
  865 6.478049e-14 0.000000e+00
  866 4.262076e-14 0.000000e+00
  867 4.166932e-14 0.000000e+00
  868 4.410244e-14 0.000000e+00
  869 4.380046e-14 0.000000e+00
  870 4.371018e-14 0.000000e+00
  871 4.333635e-14 0.000000e+00
  872 4.348493e-14 0.000000e+00
  873 4.816389e-14 0.000000e+00
  874 4.689346e-14 0.000000e+00
  875 6.437631e-14 0.000000e+00
  876 4.336442e-14 0.000000e+00
  877 4.271352e-14 0.000000e+00
  878 4.523849e-14 0.000000e+00
  879 4.504168e-14 0.000000e+00
  880 4.496494e-14 0.000000e+00
  881 4.445565e-14 0.000000e+00
  882 4.450189e-14 0.000000e+00
  883 4.923868e-14 0.000000e+00
  884 4.793539e-14 0.000000e+00
  885 6.335529e-14 0.000000e+00
  886 4.419488e-14 0.000000e+00
  887 4.370683e-14 0.000000e+00
  888 4.604179e-14 0.000000e+00
  889 4.600445e-14 0.000000e+00
  890 4.613039e-14 0.000000e+00
  891 4.531320e-14 0.000000e+00
  892 4.536031e-14 0.000000e+00
  893 5.014198e-14 0.000000e+00
  894 4.830306e-14 0.000000e+00
  895 6.241008e-14 0.000000e+00
  896 4.502275e-14 0.000000e+00
  897 4.413479e-14 0.000000e+00
  898 4.672711e-14 0.000000e+00
  899 4.685708e-14 0.000000e+00
  900 4.651698e-14 0.000000e+00
  901 4.623327e-14 0.000000e+00
  902 4.611883e-14 0.000000e+00
  903 5.024382e-14 0.000000e+00
  904 4.866162e-14 0.000000e+00
  905 6.113520e-14 0.000000e+00
  906 4.544057e-14 0.000000e+00
  907 4.452916e-14 0.000000e+00
  908 4.698357e-14 0.000000e+00
  909 4.720196e-14 0.000000e+00
  910 4.688184e-14 0.000000e+00
  911 4.653255e-14 0.000000e+00
  912 4.642308e-14 0.000000e+00
  913 5.014271e-14 0.000000e+00
  914 4.889584e-14 0.000000e+00
  915 6.008493e-14 0.000000e+00
  916 4.545007e-14 0.000000e+00
  917 4.451450e-14 0.000000e+00
  918 4.680301e-14 0.000000e+00
  919 4.737230e-14 0.000000e+00
  920 4.679579e-14 0.000000e+00
  921 4.625114e-14 0.000000e+00
  922 4.646708e-14 0.000000e+00
  923 5.020904e-14 0.000000e+00
  924 4.802781e-14 0.000000e+00
  925 5.941032e-14 0.000000e+00
  926 4.513451e-14 0.000000e+00
  927 4.419533e-14 0.000000e+00
  928 4.678168e-14 0.000000e+00
  929 4.681016e-14 0.000000e+00
  930 4.602192e-14 0.000000e+00
  931 4.619948e-14 0.000000e+00
  932 4.546592e-14 0.000000e+00
  933 4.926127e-14 0.000000e+00
  934 4.746238e-14 0.000000e+00
  935 5.881436e-14 0.000000e+00
  936 4.423545e-14 0.000000e+00
  937 4.353356e-14 0.000000e+00
  938 4.579848e-14 0.000000e+00
  939 4.603431e-14 0.000000e+00
  940 4.481105e-14 0.000000e+00
  941 4.517783e-14 0.000000e+00
  942 4.438342e-14 0.000000e+00
  943 4.792729e-14 0.000000e+00
  944 4.669944e-14 0.000000e+00
  945 5.795296e-14 0.000000e+00
  946 4.315473e-14 0.000000e+00
  947 4.224204e-14 0.000000e+00
  948 4.467775e-14 0.000000e+00
  949 4.426709e-14 0.000000e+00
  950 4.359822e-14 0.000000e+00
  951 4.362826e-14 0.000000e+00
  952 4.285306e-14 2.077802e-02
  953 4.643533e-14 0.000000e+00
  954 4.470613e-14 0.000000e+00
  955 5.750660e-14 0.000000e+00
  956 4.178546e-14 0.000000e+00
  957 4.051414e-14 0.000000e+00
  958 4.294272e-14 0.000000e+00
  959 4.237827e-14 0.000000e+00
  960 4.176483e-14 0.000000e+00
  961 4.159074e-14 0.000000e+00
  962 4.097307e-14 0.000000e+00
  963 4.432653e-14 0.000000e+00
  964 4.262653e-14 0.000000e+00
  965 5.706985e-14 0.000000e+00
  966 3.987178e-14 0.000000e+00
  967 3.844828e-14 0.000000e+00
  968 4.079599e-14 0.000000e+00
  969 4.007912e-14 0.000000e+00
  970 3.984672e-14 0.000000e+00
  971 3.919138e-14 0.000000e+00
  972 3.886009e-14 0.000000e+00
  973 4.201676e-14 0.000000e+00
  974 4.076496e-14 0.000000e+00
  975 5.605848e-14 0.000000e+00
  976 3.785437e-14 0.000000e+00
  977 3.652606e-14 0.000000e+00
  978 3.818725e-14 0.000000e+00
  979 3.781086e-14 0.000000e+00
  980 3.740812e-14 0.000000e+00
  981 3.715654e-14 0.000000e+00
  982 3.651466e-14 0.000000e+00
  983 4.017366e-14 0.000000e+00
  984 3.876628e-14 0.000000e+00
  985 5.522796e-14 0.000000e+00
  986 3.568362e-14 0.000000e+00
  987 3.437049e-14 0.000000e+00
  988 3.603616e-14 0.000000e+00
  989 3.572119e-14 0.000000e+00
  990 3.540280e-14 0.000000e+00
  991 3.496736e-14 0.000000e+00
  992 3.484461e-14 0.000000e+00
  993 3.834829e-14 0.000000e+00
  994 3.667888e-14 0.000000e+00
  995 5.488179e-14 0.000000e+00
  996 3.400587e-14 0.000000e+00
  997 3.277783e-14 0.000000e+00
  998 3.435323e-14 0.000000e+00
  999 3.405605e-14 0.000000e+00
 1000 3.389541e-14 0.000000e+00
 1001 3.351238e-14 0.000000e+00
 1002 3.340929e-14 0.000000e+00
 1003 3.707750e-14 0.000000e+00
 1004 3.527494e-14 0.000000e+00
 1005 5.551113e-14 0.000000e+00
 1006 3.272681e-14 0.000000e+00
 1007 3.180829e-14 0.000000e+00
 1008 3.336450e-14 0.000000e+00
 1009 3.309633e-14 0.000000e+00
 1010 3.308516e-14 0.000000e+00
 1011 3.279493e-14 0.000000e+00
 1012 3.269965e-14 0.000000e+00
 1013 3.650962e-14 0.000000e+00
 1014 3.493876e-14 0.000000e+00
 1015 5.717573e-14 0.000000e+00
 1016 3.289309e-14 0.000000e+00
 1017 3.201071e-14 0.000000e+00
 1018 3.343209e-14 0.000000e+00
 1019 3.308513e-14 0.000000e+00
 1020 3.299121e-14 0.000000e+00
 1021 3.336962e-14 0.000000e+00
 1022 3.279122e-14 0.000000e+00
 1023 3.737475e-14 0.000000e+00
 1024 3.569459e-14 0.000000e+00
 1025 6.077516e-14 0.000000e+00
 1026 3.392084e-14 0.000000e+00
 1027 3.319922e-14 0.000000e+00
 1028 3.452578e-14 0.000000e+00
 1029 3.416051e-14 0.000000e+00
 1030 3.432144e-14 0.000000e+00
 1031 3.431882e-14 0.000000e+00
 1032 3.418047e-14 0.000000e+00
 1033 3.941708e-14 0.000000e+00
 1034 3.721626e-14 0.000000e+00
 1035 6.649191e-14 0.000000e+00
 1036 3.587728e-14 0.000000e+00
 1037 3.516873e-14 0.000000e+00
 1038 3.665347e-14 0.000000e+00
 1039 3.693102e-14 0.000000e+00
 1040 3.607005e-14 0.000000e+00
 1041 3.645518e-14 0.000000e+00
 1042 3.698611e-14 0.000000e+00
 1043 4.236060e-14 0.000000e+00
 1044 4.014808e-14 0.000000e+00
 1045 7.422002e-14 0.000000e+00
 1046 3.886698e-14 0.000000e+00
 1047 3.834053e-14 0.000000e+00
 1048 3.977881e-14 0.000000e+00
 1049 4.016371e-14 0.000000e+00
 1050 3.924167e-14 0.000000e+00
 1051 3.958144e-14 0.000000e+00
 1052 4.040286e-14 1.560565e-02
 1053 4.646738e-14 0.000000e+00
 1054 4.406290e-14 0.000000e+00
 1055 8.377808e-14 0.000000e+00
 1056 4.226545e-14 0.000000e+00
 1057 4.232412e-14 0.000000e+00
 1058 4.407015e-14 0.000000e+00
 1059 4.376583e-14 0.000000e+00
 1060 4.316128e-14 0.000000e+00
 1061 4.381419e-14 0.000000e+00
 1062 4.482131e-14 0.000000e+00
 1063 5.098315e-14 0.000000e+00
 1064 4.869341e-14 0.000000e+00
 1065 9.489874e-14 0.000000e+00
 1066 4.642026e-14 0.000000e+00
 1067 4.727217e-14 0.000000e+00
 1068 4.850106e-14 0.000000e+00
 1069 4.838156e-14 0.000000e+00
 1070 4.790314e-14 0.000000e+00
 1071 4.791678e-14 0.000000e+00
 1072 4.962148e-14 0.000000e+00
 1073 5.658534e-14 0.000000e+00
 1074 5.443345e-14 0.000000e+00
 1075 1.071902e-13 0.000000e+00
 1076 5.163259e-14 0.000000e+00
 1077 5.192902e-14 0.000000e+00
 1078 5.371209e-14 0.000000e+00
 1079 5.328166e-14 0.000000e+00
 1080 5.313183e-14 0.000000e+00
 1081 5.278203e-14 0.000000e+00
 1082 5.437833e-14 0.000000e+00
 1083 6.325095e-14 0.000000e+00
 1084 6.034928e-14 0.000000e+00
 1085 1.196154e-13 0.000000e+00
 1086 5.765858e-14 0.000000e+00
 1087 5.720974e-14 0.000000e+00
 1088 5.938937e-14 0.000000e+00
 1089 5.810938e-14 0.000000e+00
 1090 5.855431e-14 0.000000e+00
 1091 5.874847e-14 0.000000e+00
 1092 5.917996e-14 0.000000e+00
 1093 6.937351e-14 0.000000e+00
 1094 6.681733e-14 0.000000e+00
 1095 1.332527e-13 0.000000e+00
 1096 6.331391e-14 0.000000e+00
 1097 6.274740e-14 0.000000e+00
 1098 6.494577e-14 0.000000e+00
 1099 6.361412e-14 0.000000e+00
 1100 6.397045e-14 0.000000e+00
 1101 6.433831e-14 0.000000e+00
 1102 6.488759e-14 0.000000e+00
 1103 7.601010e-14 0.000000e+00
 1104 7.282772e-14 0.000000e+00
 1105 1.464296e-13 0.000000e+00
 1106 6.882997e-14 0.000000e+00
 1107 6.774482e-14 0.000000e+00
 1108 7.084339e-14 0.000000e+00
 1109 6.919936e-14 0.000000e+00
 1110 6.935791e-14 0.000000e+00
 1111 7.024240e-14 0.000000e+00
 1112 7.053536e-14 0.000000e+00
 1113 8.268800e-14 0.000000e+00
 1114 7.965759e-14 0.000000e+00
 1115 1.585322e-13 0.000000e+00
 1116 7.504232e-14 0.000000e+00
 1117 7.267923e-14 0.000000e+00
 1118 7.622299e-14 0.000000e+00
 1119 7.529790e-14 0.000000e+00
 1120 7.491404e-14 0.000000e+00
 1121 7.608741e-14 0.000000e+00
 1122 7.567685e-14 0.000000e+00
 1123 9.010654e-14 0.000000e+00
 1124 8.550220e-14 0.000000e+00
 1125 1.706433e-13 0.000000e+00
 1126 8.031378e-14 0.000000e+00
 1127 7.809273e-14 0.000000e+00
 1128 8.108559e-14 0.000000e+00
 1129 8.133968e-14 0.000000e+00
 1130 8.042113e-14 0.000000e+00
 1131 8.114269e-14 0.000000e+00
 1132 8.082131e-14 0.000000e+00
 1133 9.744396e-14 0.000000e+00
 1134 9.133495e-14 0.000000e+00
 1135 1.808795e-13 0.000000e+00
 1136 8.620712e-14 0.000000e+00
 1137 8.311417e-14 0.000000e+00
 1138 8.565026e-14 0.000000e+00
 1139 8.697326e-14 0.000000e+00
 1140 8.579210e-14 0.000000e+00
 1141 8.664069e-14 0.000000e+00
 1142 8.606022e-14 0.000000e+00
 1143 1.033244e-13 0.000000e+00
 1144 9.770901e-14 0.000000e+00
 1145 1.898550e-13 0.000000e+00
 1146 9.108771e-14 0.000000e+00
 1147 8.613861e-14 0.000000e+00
 1148 9.183338e-14 0.000000e+00
 1149 9.198609e-14 0.000000e+00
 1150 9.110970e-14 0.000000e+00
 1151 9.056845e-14 0.000000e+00
 1152 9.183279e-14 2.311737e-02
 1153 1.093579e-13 0.000000e+00
 1154 1.025449e-13 0.000000e+00
 1155 1.974690e-13 0.000000e+00
 1156 9.486782e-14 0.000000e+00
 1157 8.969854e-14 0.000000e+00
 1158 9.689713e-14 0.000000e+00
 1159 9.740148e-14 0.000000e+00
 1160 9.527165e-14 0.000000e+00
 1161 9.540234e-14 0.000000e+00
 1162 9.561730e-14 0.000000e+00
 1163 1.156404e-13 0.000000e+00
 1164 1.073774e-13 0.000000e+00
 1165 2.023054e-13 0.000000e+00
 1166 9.884531e-14 0.000000e+00
 1167 9.254379e-14 0.000000e+00
 1168 1.018230e-13 0.000000e+00
 1169 1.014213e-13 0.000000e+00
 1170 9.999870e-14 0.000000e+00
 1171 9.879920e-14 0.000000e+00
 1172 9.915732e-14 0.000000e+00
 1173 1.200423e-13 0.000000e+00
 1174 1.121536e-13 0.000000e+00
 1175 2.056440e-13 0.000000e+00
 1176 1.018557e-13 0.000000e+00
 1177 9.494666e-14 0.000000e+00
 1178 1.058245e-13 0.000000e+00
 1179 1.045472e-13 0.000000e+00
 1180 1.034363e-13 0.000000e+00
 1181 1.022844e-13 0.000000e+00
 1182 1.025719e-13 0.000000e+00
 1183 1.244820e-13 0.000000e+00
 1184 1.166990e-13 0.000000e+00
 1185 2.053310e-13 0.000000e+00
 1186 1.035187e-13 0.000000e+00
 1187 9.777381e-14 0.000000e+00
 1188 1.081916e-13 0.000000e+00
 1189 1.082795e-13 0.000000e+00
 1190 1.060380e-13 0.000000e+00
 1191 1.047773e-13 0.000000e+00
 1192 1.047876e-13 0.000000e+00
 1193 1.278698e-13 0.000000e+00
 1194 1.196285e-13 0.000000e+00
 1195 2.031255e-13 0.000000e+00
 1196 1.056591e-13 0.000000e+00
 1197 9.806601e-14 0.000000e+00
 1198 1.110028e-13 0.000000e+00
 1199 1.101847e-13 0.000000e+00
 1200 1.079893e-13 0.000000e+00
 1201 1.066028e-13 0.000000e+00
 1202 1.067652e-13 0.000000e+00
 1203 1.297563e-13 0.000000e+00
 1204 1.217589e-13 0.000000e+00
 1205 1.983709e-13 0.000000e+00
 1206 1.057801e-13 0.000000e+00
 1207 9.903799e-14 0.000000e+00
 1208 1.118877e-13 0.000000e+00
 1209 1.115128e-13 0.000000e+00
 1210 1.096036e-13 0.000000e+00
 1211 1.079329e-13 0.000000e+00
 1212 1.069398e-13 0.000000e+00
 1213 1.318893e-13 0.000000e+00
 1214 1.215131e-13 0.000000e+00
 1215 1.918887e-13 0.000000e+00
 1216 1.065577e-13 0.000000e+00
 1217 9.829880e-14 0.000000e+00
 1218 1.125379e-13 0.000000e+00
 1219 1.118777e-13 0.000000e+00
 1220 1.094501e-13 0.000000e+00
 1221 1.076944e-13 0.000000e+00
 1222 1.068716e-13 0.000000e+00
 1223 1.327997e-13 0.000000e+00
 1224 1.213574e-13 0.000000e+00
 1225 1.845951e-13 0.000000e+00
 1226 1.049215e-13 0.000000e+00
 1227 9.689855e-14 0.000000e+00
 1228 1.123868e-13 0.000000e+00
 1229 1.101023e-13 0.000000e+00
 1230 1.095812e-13 0.000000e+00
 1231 1.063641e-13 0.000000e+00
 1232 1.058260e-13 0.000000e+00
 1233 1.314294e-13 0.000000e+00
 1234 1.211557e-13 0.000000e+00
 1235 1.742042e-13 0.000000e+00
 1236 1.024309e-13 0.000000e+00
 1237 9.428640e-14 0.000000e+00
 1238 1.111726e-13 0.000000e+00
 1239 1.092784e-13 0.000000e+00
 1240 1.079712e-13 0.000000e+00
 1241 1.051986e-13 0.000000e+00
 1242 1.033477e-13 0.000000e+00
 1243 1.298998e-13 0.000000e+00
 1244 1.186073e-13 0.000000e+00
 1245 1.627831e-13 0.000000e+00
 1246 9.919403e-14 0.000000e+00
 1247 9.183251e-14 0.000000e+00
 1248 1.091310e-13 0.000000e+00
 1249 1.069556e-13 0.000000e+00
 1250 1.058936e-13 0.000000e+00
 1251 1.025198e-13 0.000000e+00
 1252 1.014043e-13 0.000000e+00
 1253 1.261794e-13 0.000000e+00
 1254 1.160371e-13 0.000000e+00
 1255 1.486163e-13 0.000000e+00
 1256 9.594544e-14 0.000000e+00
 1257 8.848264e-14 0.000000e+00
 1258 1.060086e-13 0.000000e+00
 1259 1.044555e-13 0.000000e+00
 1260 1.025393e-13 0.000000e+00
 1261 1.002025e-13 0.000000e+00
 1262 9.808036e-14 0.000000e+00
 1263 1.231156e-13 0.000000e+00
 1264 1.116327e-13 0.000000e+00
 1265 1.340824e-13 0.000000e+00
 1266 9.253942e-14 0.000000e+00
 1267 8.462681e-14 0.000000e+00
 1268 1.028762e-13 0.000000e+00
 1269 1.025810e-13 0.000000e+00
 1270 9.814436e-14 0.000000e+00
 1271 9.774998e-14 0.000000e+00
 1272 9.449594e-14 0.000000e+00
 1273 1.193226e-13 0.000000e+00
 1274 1.073444e-13 0.000000e+00
 1275 1.195248e-13 0.000000e+00
 1276 8.874098e-14 0.000000e+00
 1277 8.037882e-14 0.000000e+00
 1278 1.002372e-13 0.000000e+00
 1279 9.922731e-14 0.000000e+00
 1280 9.577045e-14 0.000000e+00
 1281 9.493156e-14 0.000000e+00
 1282 9.178337e-14 0.000000e+00
 1283 1.155579e-13 0.000000e+00
 1284 1.039253e-13 0.000000e+00
 1285 1.052868e-13 0.000000e+00
 1286 8.584415e-14 0.000000e+00
 1287 7.805941e-14 0.000000e+00
 1288 9.766899e-14 0.000000e+00
 1289 9.680771e-14 0.000000e+00
 1290 9.388760e-14 0.000000e+00
 1291 9.281624e-14 0.000000e+00
 1292 9.022980e-14 0.000000e+00
 1293 1.123876e-13 0.000000e+00
 1294 1.008055e-13 0.000000e+00
 1295 9.307161e-14 0.000000e+00
 1296 8.496953e-14 0.000000e+00
 1297 7.714491e-14 0.000000e+00
 1298 9.544102e-14 0.000000e+00
 1299 9.559185e-14 0.000000e+00
 1300 9.255012e-14 0.000000e+00
 1301 9.235366e-14 0.000000e+00
 1302 9.003372e-14 0.000000e+00
 1303 1.093685e-13 0.000000e+00
 1304 9.969610e-14 0.000000e+00
 1305 8.323834e-14 0.000000e+00
 1306 8.511591e-14 0.000000e+00
 1307 7.791840e-14 0.000000e+00
 1308 9.585529e-14 0.000000e+00
 1309 9.516650e-14 0.000000e+00
 1310 9.324809e-14 0.000000e+00
 1311 9.338868e-14 0.000000e+00
 1312 9.134841e-14 0.000000e+00
 1313 1.085873e-13 0.000000e+00
 1314 1.001633e-13 0.000000e+00
 1315 8.043428e-14 0.000000e+00
 1316 8.603069e-14 0.000000e+00
 1317 8.013458e-14 0.000000e+00
 1318 9.788176e-14 0.000000e+00
 1319 9.735094e-14 0.000000e+00
 1320 9.589375e-14 0.000000e+00
 1321 9.601410e-14 0.000000e+00
 1322 9.399378e-14 0.000000e+00
 1323 1.105386e-13 0.000000e+00
 1324 1.025140e-13 0.000000e+00
 1325 8.208849e-14 0.000000e+00
 1326 8.928643e-14 0.000000e+00
 1327 8.538891e-14 0.000000e+00
 1328 1.016565e-13 0.000000e+00
 1329 1.009992e-13 0.000000e+00
 1330 1.002207e-13 0.000000e+00
 1331 1.004017e-13 0.000000e+00
 1332 9.843531e-14 0.000000e+00
 1333 1.146750e-13 0.000000e+00
 1334 1.071645e-13 0.000000e+00
 1335 8.884660e-14 0.000000e+00
 1336 9.484295e-14 0.000000e+00
 1337 9.194038e-14 0.000000e+00
 1338 1.074367e-13 0.000000e+00
 1339 1.067740e-13 0.000000e+00
 1340 1.057280e-13 0.000000e+00
 1341 1.068012e-13 0.000000e+00
 1342 1.045719e-13 0.000000e+00
 1343 1.205098e-13 0.000000e+00
 1344 1.129035e-13 0.000000e+00
 1345 1.005613e-13 0.000000e+00
 1346 1.016736e-13 0.000000e+00
 1347 1.005317e-13 0.000000e+00
 1348 1.144684e-13 0.000000e+00
 1349 1.135671e-13 0.000000e+00
 1350 1.129585e-13 0.000000e+00
 1351 1.142179e-13 0.000000e+00
 1352 1.122660e-13 0.000000e+00
 1353 1.275608e-13 0.000000e+00
 1354 1.212502e-13 0.000000e+00
 1355 1.145446e-13 0.000000e+00
 1356 1.110059e-13 0.000000e+00
 1357 1.088011e-13 0.000000e+00
 1358 1.224383e-13 0.000000e+00
 1359 1.217545e-13 0.000000e+00
 1360 1.215557e-13 0.000000e+00
 1361 1.214401e-13 0.000000e+00
 1362 1.210388e-13 0.000000e+00
 1363 1.359066e-13 0.000000e+00
 1364 1.299000e-13 0.000000e+00
 1365 1.310287e-13 0.000000e+00
 1366 1.213402e-13 0.000000e+00
 1367 1.175354e-13 0.000000e+00
 1368 1.303809e-13 0.000000e+00
 1369 1.301942e-13 0.000000e+00
 1370 1.299053e-13 0.000000e+00
 1371 1.304310e-13 0.000000e+00
 1372 1.293737e-13 0.000000e+00
 1373 1.445651e-13 0.000000e+00
 1374 1.390798e-13 0.000000e+00
 1375 1.488490e-13 0.000000e+00
 1376 1.309018e-13 0.000000e+00
 1377 1.274871e-13 0.000000e+00
 1378 1.383720e-13 0.000000e+00
 1379 1.383134e-13 0.000000e+00
 1380 1.393293e-13 0.000000e+00
 1381 1.385353e-13 0.000000e+00
 1382 1.377281e-13 0.000000e+00
 1383 1.543440e-13 0.000000e+00
 1384 1.480536e-13 0.000000e+00
 1385 1.661229e-13 0.000000e+00
 1386 1.404797e-13 0.000000e+00
 1387 1.362830e-13 0.000000e+00
 1388 1.464234e-13 0.000000e+00
 1389 1.474845e-13 0.000000e+00
 1390 1.464897e-13 0.000000e+00
 1391 1.469505e-13 0.000000e+00
 1392 1.466131e-13 0.000000e+00
 1393 1.622369e-13 0.000000e+00
 1394 1.563990e-13 0.000000e+00
 1395 1.837967e-13 0.000000e+00
 1396 1.483077e-13 0.000000e+00
 1397 1.447637e-13 0.000000e+00
 1398 1.538213e-13 0.000000e+00
 1399 1.552528e-13 0.000000e+00
 1400 1.541329e-13 0.000000e+00
 1401 1.545398e-13 0.000000e+00
 1402 1.536428e-13 0.000000e+00
 1403 1.702504e-13 0.000000e+00
 1404 1.645971e-13 0.000000e+00
 1405 1.985192e-13 0.000000e+00
 1406 1.553643e-13 0.000000e+00
 1407 1.513454e-13 0.000000e+00
 1408 1.613908e-13 0.000000e+00
 1409 1.621161e-13 0.000000e+00
 1410 1.608157e-13 0.000000e+00
 1411 1.606450e-13 0.000000e+00
 1412 1.609603e-13 0.000000e+00
 1413 1.775448e-13 0.000000e+00
 1414 1.718612e-13 0.000000e+00
 1415 2.108566e-13 0.000000e+00
 1416 1.617351e-13 0.000000e+00
 1417 1.571465e-13 0.000000e+00
 1418 1.675890e-13 0.000000e+00
 1419 1.679640e-13 0.000000e+00
 1420 1.671140e-13 0.000000e+00
 1421 1.659538e-13 0.000000e+00
 1422 1.665903e-13 0.000000e+00
 1423 1.835407e-13 0.000000e+00
 1424 1.783990e-13 0.000000e+00
 1425 2.216903e-13 0.000000e+00
 1426 1.664719e-13 0.000000e+00
 1427 1.615936e-13 0.000000e+00
 1428 1.732341e-13 0.000000e+00
 1429 1.730490e-13 0.000000e+00
 1430 1.714694e-13 0.000000e+00
 1431 1.709155e-13 0.000000e+00
 1432 1.708599e-13 0.000000e+00
 1433 1.892211e-13 0.000000e+00
 1434 1.832718e-13 0.000000e+00
 1435 2.292898e-13 0.000000e+00
 1436 1.705589e-13 0.000000e+00
 1437 1.652333e-13 0.000000e+00
 1438 1.772899e-13 0.000000e+00
 1439 1.772289e-13 0.000000e+00
 1440 1.745185e-13 0.000000e+00
 1441 1.745178e-13 0.000000e+00
 1442 1.743600e-13 0.000000e+00
 1443 1.945905e-13 0.000000e+00
 1444 1.863632e-13 0.000000e+00
 1445 2.348236e-13 0.000000e+00
 1446 1.733527e-13 0.000000e+00
 1447 1.674496e-13 0.000000e+00
 1448 1.796045e-13 0.000000e+00
 1449 1.800639e-13 0.000000e+00
 1450 1.771850e-13 0.000000e+00
 1451 1.770409e-13 0.000000e+00
 1452 1.764816e-13 1.702555e-02
 1453 1.981827e-13 0.000000e+00
 1454 1.891381e-13 0.000000e+00
 1455 2.373177e-13 0.000000e+00
 1456 1.757020e-13 0.000000e+00
 1457 1.673494e-13 0.000000e+00
 1458 1.817027e-13 0.000000e+00
 1459 1.818904e-13 0.000000e+00
 1460 1.788024e-13 0.000000e+00
 1461 1.785155e-13 0.000000e+00
 1462 1.769886e-13 0.000000e+00
 1463 1.993474e-13 0.000000e+00
 1464 1.917350e-13 0.000000e+00
 1465 2.381179e-13 0.000000e+00
 1466 1.761978e-13 0.000000e+00
 1467 1.664443e-13 0.000000e+00
 1468 1.830380e-13 0.000000e+00
 1469 1.822533e-13 0.000000e+00
 1470 1.783892e-13 0.000000e+00
 1471 1.789414e-13 0.000000e+00
 1472 1.766293e-13 0.000000e+00
 1473 1.995278e-13 0.000000e+00
 1474 1.921834e-13 0.000000e+00
 1475 2.380705e-13 0.000000e+00
 1476 1.745045e-13 0.000000e+00
 1477 1.639563e-13 0.000000e+00
 1478 1.831298e-13 0.000000e+00
 1479 1.804652e-13 0.000000e+00
 1480 1.775616e-13 0.000000e+00
 1481 1.781457e-13 0.000000e+00
 1482 1.745829e-13 0.000000e+00
 1483 1.991917e-13 0.000000e+00
 1484 1.911048e-13 0.000000e+00
 1485 2.363145e-13 0.000000e+00
 1486 1.726668e-13 0.000000e+00
 1487 1.604403e-13 0.000000e+00
 1488 1.816739e-13 0.000000e+00
 1489 1.776144e-13 0.000000e+00
 1490 1.745972e-13 0.000000e+00
 1491 1.752908e-13 0.000000e+00
 1492 1.711413e-13 0.000000e+00
 1493 1.977767e-13 0.000000e+00
 1494 1.883297e-13 0.000000e+00
 1495 2.328112e-13 0.000000e+00
 1496 1.692037e-13 0.000000e+00
 1497 1.559955e-13 0.000000e+00
 1498 1.786685e-13 0.000000e+00
 1499 1.727041e-13 0.000000e+00
 1500 1.709206e-13 0.000000e+00
 1501 1.707892e-13 0.000000e+00
 1502 1.670308e-13 0.000000e+00
 1503 1.929122e-13 0.000000e+00
 1504 1.846570e-13 0.000000e+00
 1505 2.260088e-13 0.000000e+00
 1506 1.631034e-13 0.000000e+00
 1507 1.492131e-13 0.000000e+00
 1508 1.727506e-13 0.000000e+00
 1509 1.679910e-13 0.000000e+00
 1510 1.650661e-13 0.000000e+00
 1511 1.651546e-13 0.000000e+00
 1512 1.599392e-13 0.000000e+00
 1513 1.889552e-13 0.000000e+00
 1514 1.794978e-13 0.000000e+00
 1515 2.174824e-13 0.000000e+00
 1516 1.540023e-13 0.000000e+00
 1517 1.433834e-13 0.000000e+00
 1518 1.644074e-13 0.000000e+00
 1519 1.597813e-13 0.000000e+00
 1520 1.576166e-13 0.000000e+00
 1521 1.566306e-13 0.000000e+00
 1522 1.515230e-13 0.000000e+00
 1523 1.832451e-13 0.000000e+00
 1524 1.714695e-13 0.000000e+00
 1525 2.082010e-13 0.000000e+00
 1526 1.441176e-13 0.000000e+00
 1527 1.336286e-13 0.000000e+00
 1528 1.549012e-13 0.000000e+00
 1529 1.507935e-13 0.000000e+00
 1530 1.480835e-13 0.000000e+00
 1531 1.457624e-13 0.000000e+00
 1532 1.420570e-13 0.000000e+00
 1533 1.727563e-13 0.000000e+00
 1534 1.605007e-13 0.000000e+00
 1535 1.939920e-13 0.000000e+00
 1536 1.334065e-13 0.000000e+00
 1537 1.210173e-13 0.000000e+00
 1538 1.433804e-13 0.000000e+00
 1539 1.396651e-13 0.000000e+00
 1540 1.367074e-13 0.000000e+00
 1541 1.340125e-13 0.000000e+00
 1542 1.292748e-13 0.000000e+00
 1543 1.620204e-13 0.000000e+00
 1544 1.471450e-13 0.000000e+00
 1545 1.769785e-13 0.000000e+00
 1546 1.188012e-13 0.000000e+00
 1547 1.065751e-13 0.000000e+00
 1548 1.289817e-13 0.000000e+00
 1549 1.255441e-13 0.000000e+00
 1550 1.223696e-13 0.000000e+00
 1551 1.192786e-13 0.000000e+00
 1552 1.159271e-13 0.000000e+00
 1553 1.484166e-13 0.000000e+00
 1554 1.321760e-13 0.000000e+00
 1555 1.543469e-13 0.000000e+00
 1556 1.041873e-13 0.000000e+00
 1557 8.927305e-14 0.000000e+00
 1558 1.135258e-13 0.000000e+00
 1559 1.097275e-13 0.000000e+00
 1560 1.063285e-13 0.000000e+00
 1561 1.030544e-13 0.000000e+00
 1562 9.785801e-14 0.000000e+00
 1563 1.321510e-13 0.000000e+00
 1564 1.139449e-13 0.000000e+00
 1565 1.268493e-13 0.000000e+00
 1566 8.635783e-14 0.000000e+00
 1567 6.986772e-14 0.000000e+00
 1568 9.741495e-14 0.000000e+00
 1569 9.201607e-14 0.000000e+00
 1570 8.859079e-14 0.000000e+00
 1571 8.520898e-14 0.000000e+00
 1572 7.991843e-14 0.000000e+00
 1573 1.135517e-13 0.000000e+00
 1574 9.498368e-14 0.000000e+00
 1575 9.267127e-14 0.000000e+00
 1576 6.551505e-14 0.000000e+00
 1577 4.998123e-14 0.000000e+00
 1578 7.909507e-14 0.000000e+00
 1579 7.331654e-14 0.000000e+00
 1580 7.072885e-14 0.000000e+00
 1581 6.639856e-14 0.000000e+00
 1582 6.188111e-14 0.000000e+00
 1583 9.424544e-14 0.000000e+00
 1584 7.586390e-14 0.000000e+00
 1585 5.319427e-14 0.000000e+00
 1586 4.573343e-14 0.000000e+00
 1587 2.983173e-14 0.000000e+00
 1588 5.973478e-14 0.000000e+00
 1589 5.469616e-14 0.000000e+00
 1590 5.112116e-14 0.000000e+00
 1591 4.724577e-14 0.000000e+00
 1592 4.254757e-14 0.000000e+00
 1593 7.453073e-14 0.000000e+00
 1594 5.441885e-14 0.000000e+00
 1595 1.313688e-14 0.000000e+00
 1596 2.577592e-14 0.000000e+00
 1597 1.153993e-14 0.000000e+00
 1598 4.156808e-14 0.000000e+00
 1599 3.624506e-14 0.000000e+00
 1600 3.270466e-14 0.000000e+00
 1601 2.883290e-14 0.000000e+00
 1602 2.522365e-14 0.000000e+00
 1603 5.288446e-14 0.000000e+00
 1604 3.570869e-14 0.000000e+00
 1605 -2.840493e-14 0.000000e+00
 1606 7.123484e-15 0.000000e+00
 1607 -5.510116e-15 0.000000e+00
 1608 2.439739e-14 0.000000e+00
 1609 2.077134e-14 0.000000e+00
 1610 1.602432e-14 0.000000e+00
 1611 1.330180e-14 0.000000e+00
 1612 9.601302e-15 0.000000e+00
 1613 3.418504e-14 0.000000e+00
 1614 1.889760e-14 0.000000e+00
 1615 -6.547057e-14 0.000000e+00
 1616 -9.064366e-15 0.000000e+00
 1617 -2.097601e-14 0.000000e+00
 1618 9.152746e-15 0.000000e+00
 1619 6.118074e-15 0.000000e+00
 1620 2.590090e-15 0.000000e+00
 1621 -1.915378e-16 0.000000e+00
 1622 -2.886171e-15 0.000000e+00
 1623 1.829538e-14 0.000000e+00
 1624 4.592217e-15 0.000000e+00
 1625 -9.694586e-14 0.000000e+00
 1626 -2.239508e-14 0.000000e+00
 1627 -3.308726e-14 0.000000e+00
 1628 -3.180169e-15 0.000000e+00
 1629 -6.688636e-15 0.000000e+00
 1630 -9.856222e-15 0.000000e+00
 1631 -1.292760e-14 0.000000e+00
 1632 -1.470791e-14 0.000000e+00
 1633 3.105010e-15 0.000000e+00
 1634 -9.249112e-15 0.000000e+00
 1635 -1.215310e-13 0.000000e+00
 1636 -3.422938e-14 0.000000e+00
 1637 -4.302033e-14 0.000000e+00
 1638 -1.477972e-14 0.000000e+00
 1639 -1.795191e-14 0.000000e+00
 1640 -2.083335e-14 0.000000e+00
 1641 -2.366960e-14 0.000000e+00
 1642 -2.488469e-14 0.000000e+00
 1643 -1.092482e-14 0.000000e+00
 1644 -2.222348e-14 0.000000e+00
 1645 -1.389349e-13 0.000000e+00
 1646 -4.387846e-14 0.000000e+00
 1647 -5.005812e-14 0.000000e+00
 1648 -2.526646e-14 0.000000e+00
 1649 -2.700627e-14 0.000000e+00
 1650 -3.022887e-14 0.000000e+00
 1651 -3.189586e-14 0.000000e+00
 1652 -3.364033e-14 0.000000e+00
 1653 -2.248665e-14 0.000000e+00
 1654 -3.289709e-14 0.000000e+00
 1655 -1.475980e-13 0.000000e+00
 1656 -4.963027e-14 0.000000e+00
 1657 -5.729146e-14 0.000000e+00
 1658 -3.364734e-14 0.000000e+00
 1659 -3.593090e-14 0.000000e+00
 1660 -3.673500e-14 0.000000e+00
 1661 -3.980121e-14 0.000000e+00
 1662 -4.013045e-14 0.000000e+00
 1663 -3.114148e-14 0.000000e+00
 1664 -4.057108e-14 0.000000e+00
 1665 -1.475550e-13 0.000000e+00
 1666 -5.502202e-14 0.000000e+00
 1667 -6.205040e-14 0.000000e+00
 1668 -4.043763e-14 0.000000e+00
 1669 -4.313766e-14 0.000000e+00
 1670 -4.264786e-14 0.000000e+00
 1671 -4.658806e-14 0.000000e+00
 1672 -4.571898e-14 0.000000e+00
 1673 -3.915427e-14 0.000000e+00
 1674 -4.711180e-14 0.000000e+00
 1675 -1.415536e-13 0.000000e+00
 1676 -6.004478e-14 0.000000e+00
 1677 -6.441349e-14 0.000000e+00
 1678 -4.720258e-14 0.000000e+00
 1679 -4.937018e-14 0.000000e+00
 1680 -4.933644e-14 0.000000e+00
 1681 -5.199601e-14 0.000000e+00
 1682 -5.251066e-14 0.000000e+00
 1683 -4.601394e-14 0.000000e+00
 1684 -5.386098e-14 0.000000e+00
 1685 -1.322219e-13 0.000000e+00
 1686 -6.445683e-14 0.000000e+00
 1687 -6.872754e-14 0.000000e+00
 1688 -5.457997e-14 0.000000e+00
 1689 -5.469155e-14 0.000000e+00
 1690 -5.601300e-14 0.000000e+00
 1691 -5.851533e-14 0.000000e+00
 1692 -5.925152e-14 0.000000e+00
 1693 -5.353890e-14 0.000000e+00
 1694 -6.041697e-14 0.000000e+00
 1695 -1.202550e-13 0.000000e+00
 1696 -6.992303e-14 0.000000e+00
 1697 -7.354758e-14 0.000000e+00
 1698 -6.184441e-14 0.000000e+00
 1699 -6.315098e-14 0.000000e+00
 1700 -6.361430e-14 0.000000e+00
 1701 -6.559038e-14 0.000000e+00
 1702 -6.747658e-14 0.000000e+00
 1703 -6.241076e-14 0.000000e+00
 1704 -6.813706e-14 0.000000e+00
 1705 -1.069664e-13 0.000000e+00
 1706 -7.615035e-14 0.000000e+00
 1707 -8.137961e-14 0.000000e+00
 1708 -7.067622e-14 0.000000e+00
 1709 -7.272366e-14 0.000000e+00
 1710 -7.453770e-14 0.000000e+00
 1711 -7.483827e-14 0.000000e+00
 1712 -7.660168e-14 0.000000e+00
 1713 -7.203672e-14 0.000000e+00
 1714 -7.591361e-14 0.000000e+00
 1715 -9.366433e-14 0.000000e+00
 1716 -8.310778e-14 0.000000e+00
 1717 -8.694879e-14 0.000000e+00
 1718 -7.749084e-14 0.000000e+00
 1719 -7.989953e-14 0.000000e+00
 1720 -7.985911e-14 0.000000e+00
 1721 -8.019363e-14 0.000000e+00
 1722 -8.107774e-14 0.000000e+00
 1723 -7.521691e-14 0.000000e+00
 1724 -7.941947e-14 0.000000e+00
 1725 -7.543028e-14 0.000000e+00
 1726 -8.598977e-14 0.000000e+00
 1727 -8.901303e-14 0.000000e+00
 1728 -8.130751e-14 0.000000e+00
 1729 -8.227293e-14 0.000000e+00
 1730 -8.379732e-14 0.000000e+00
 1731 -8.283729e-14 0.000000e+00
 1732 -8.421222e-14 0.000000e+00
 1733 -7.575146e-14 0.000000e+00
 1734 -8.037878e-14 0.000000e+00
 1735 -5.642565e-14 0.000000e+00
 1736 -8.711505e-14 0.000000e+00
 1737 -9.072199e-14 0.000000e+00
 1738 -8.339725e-14 0.000000e+00
 1739 -8.456523e-14 0.000000e+00
 1740 -8.653648e-14 0.000000e+00
 1741 -8.503695e-14 0.000000e+00
 1742 -8.684822e-14 0.000000e+00
 1743 -7.688617e-14 0.000000e+00
 1744 -8.032647e-14 0.000000e+00
 1745 -3.932702e-14 0.000000e+00
 1746 -8.823854e-14 0.000000e+00
 1747 -9.224775e-14 0.000000e+00
 1748 -8.512101e-14 0.000000e+00
 1749 -8.721096e-14 0.000000e+00
 1750 -8.917549e-14 0.000000e+00
 1751 -8.783028e-14 0.000000e+00
 1752 -8.821366e-14 1.087834e-02
 1753 -7.687877e-14 0.000000e+00
 1754 -8.044402e-14 0.000000e+00
 1755 -2.144988e-14 0.000000e+00
 1756 -8.929772e-14 0.000000e+00
 1757 -9.344778e-14 0.000000e+00
 1758 -8.733676e-14 0.000000e+00
 1759 -8.894936e-14 0.000000e+00
 1760 -9.119874e-14 0.000000e+00
 1761 -8.973752e-14 0.000000e+00
 1762 -9.092465e-14 0.000000e+00
 1763 -7.610445e-14 0.000000e+00
 1764 -8.041737e-14 0.000000e+00
 1765 -5.428007e-15 0.000000e+00
 1766 -9.016179e-14 0.000000e+00
 1767 -9.774424e-14 0.000000e+00
 1768 -8.894447e-14 0.000000e+00
 1769 -9.155415e-14 0.000000e+00
 1770 -9.308970e-14 0.000000e+00
 1771 -9.338083e-14 0.000000e+00
 1772 -9.455873e-14 0.000000e+00
 1773 -7.517851e-14 0.000000e+00
 1774 -8.134867e-14 0.000000e+00
 1775 3.626068e-15 0.000000e+00
 1776 -9.326076e-14 0.000000e+00
 1777 -1.006714e-13 0.000000e+00
 1778 -9.242640e-14 0.000000e+00
 1779 -9.481018e-14 0.000000e+00
 1780 -9.602287e-14 0.000000e+00
 1781 -9.813923e-14 0.000000e+00
 1782 -9.714819e-14 0.000000e+00
 1783 -7.569201e-14 0.000000e+00
 1784 -8.301433e-14 0.000000e+00
 1785 1.164425e-14 0.000000e+00
 1786 -9.595758e-14 0.000000e+00
 1787 -1.065879e-13 0.000000e+00
 1788 -9.513649e-14 0.000000e+00
 1789 -9.830890e-14 0.000000e+00
 1790 -9.884568e-14 0.000000e+00
 1791 -1.029485e-13 0.000000e+00
 1792 -1.016044e-13 0.000000e+00
 1793 -7.620023e-14 0.000000e+00
 1794 -8.578903e-14 0.000000e+00
 1795 1.577446e-14 0.000000e+00
 1796 -1.016343e-13 0.000000e+00
 1797 -1.120615e-13 0.000000e+00
 1798 -9.967433e-14 0.000000e+00
 1799 -1.038762e-13 0.000000e+00
 1800 -1.032749e-13 0.000000e+00
 1801 -1.084921e-13 0.000000e+00
 1802 -1.077752e-13 0.000000e+00
 1803 -7.880908e-14 0.000000e+00
 1804 -9.046917e-14 0.000000e+00
 1805 1.014222e-14 0.000000e+00
 1806 -1.084619e-13 0.000000e+00
 1807 -1.204744e-13 0.000000e+00
 1808 -1.064797e-13 0.000000e+00
 1809 -1.092205e-13 0.000000e+00
 1810 -1.103394e-13 0.000000e+00
 1811 -1.139644e-13 0.000000e+00
 1812 -1.154775e-13 0.000000e+00
 1813 -8.174874e-14 0.000000e+00
 1814 -9.738726e-14 0.000000e+00
 1815 2.510762e-15 0.000000e+00
 1816 -1.171817e-13 0.000000e+00
 1817 -1.300781e-13 0.000000e+00
 1818 -1.127249e-13 0.000000e+00
 1819 -1.166060e-13 0.000000e+00
 1820 -1.182058e-13 0.000000e+00
 1821 -1.206355e-13 0.000000e+00
 1822 -1.236333e-13 0.000000e+00
 1823 -8.726424e-14 0.000000e+00
 1824 -1.025682e-13 0.000000e+00
 1825 -1.361931e-14 0.000000e+00
 1826 -1.276976e-13 0.000000e+00
 1827 -1.405924e-13 0.000000e+00
 1828 -1.210029e-13 0.000000e+00
 1829 -1.243038e-13 0.000000e+00
 1830 -1.271184e-13 0.000000e+00
 1831 -1.303165e-13 0.000000e+00
 1832 -1.330608e-13 0.000000e+00
 1833 -9.574506e-14 0.000000e+00
 1834 -1.123360e-13 0.000000e+00
 1835 -4.133028e-14 0.000000e+00
 1836 -1.407906e-13 0.000000e+00
 1837 -1.520861e-13 0.000000e+00
 1838 -1.312988e-13 0.000000e+00
 1839 -1.334752e-13 0.000000e+00
 1840 -1.365826e-13 0.000000e+00
 1841 -1.396001e-13 0.000000e+00
 1842 -1.433775e-13 0.000000e+00
 1843 -1.050334e-13 0.000000e+00
 1844 -1.228748e-13 0.000000e+00
 1845 -7.338825e-14 0.000000e+00
 1846 -1.512108e-13 0.000000e+00
 1847 -1.666857e-13 0.000000e+00
 1848 -1.413266e-13 0.000000e+00
 1849 -1.436732e-13 0.000000e+00
 1850 -1.474326e-13 0.000000e+00
 1851 -1.493128e-13 0.000000e+00
 1852 -1.541080e-13 0.000000e+00
 1853 -1.146037e-13 0.000000e+00
 1854 -1.328152e-13 0.000000e+00
 1855 -1.107679e-13 0.000000e+00
 1856 -1.632838e-13 0.000000e+00
 1857 -1.813163e-13 0.000000e+00
 1858 -1.521243e-13 0.000000e+00
 1859 -1.555174e-13 0.000000e+00
 1860 -1.579896e-13 0.000000e+00
 1861 -1.608068e-13 0.000000e+00
 1862 -1.661293e-13 0.000000e+00
 1863 -1.274346e-13 0.000000e+00
 1864 -1.463830e-13 0.000000e+00
 1865 -1.548160e-13 0.000000e+00
 1866 -1.797268e-13 0.000000e+00
 1867 -1.949224e-13 0.000000e+00
 1868 -1.626769e-13 0.000000e+00
 1869 -1.663113e-13 0.000000e+00
 1870 -1.688518e-13 0.000000e+00
 1871 -1.722280e-13 0.000000e+00
 1872 -1.776121e-13 0.000000e+00
 1873 -1.397809e-13 0.000000e+00
 1874 -1.580251e-13 0.000000e+00
 1875 -1.986926e-13 0.000000e+00
 1876 -1.925577e-13 0.000000e+00
 1877 -2.082703e-13 0.000000e+00
 1878 -1.728815e-13 0.000000e+00
 1879 -1.766148e-13 0.000000e+00
 1880 -1.779622e-13 0.000000e+00
 1881 -1.832514e-13 0.000000e+00
 1882 -1.861565e-13 0.000000e+00
 1883 -1.519479e-13 0.000000e+00
 1884 -1.706872e-13 0.000000e+00
 1885 -2.398669e-13 0.000000e+00
 1886 -2.048164e-13 0.000000e+00
 1887 -2.184279e-13 0.000000e+00
 1888 -1.825247e-13 0.000000e+00
 1889 -1.869303e-13 0.000000e+00
 1890 -1.882443e-13 0.000000e+00
 1891 -1.914616e-13 0.000000e+00
 1892 -1.950874e-13 0.000000e+00
 1893 -1.650214e-13 0.000000e+00
 1894 -1.824080e-13 0.000000e+00
 1895 -2.847499e-13 0.000000e+00
 1896 -2.152534e-13 0.000000e+00
 1897 -2.276906e-13 0.000000e+00
 1898 -1.910237e-13 0.000000e+00
 1899 -1.946979e-13 0.000000e+00
 1900 -1.958300e-13 0.000000e+00
 1901 -1.990879e-13 0.000000e+00
 1902 -2.017921e-13 0.000000e+00
 1903 -1.750827e-13 0.000000e+00
 1904 -1.907898e-13 0.000000e+00
 1905 -3.200201e-13 0.000000e+00
 1906 -2.211898e-13 0.000000e+00
 1907 -2.337531e-13 0.000000e+00
 1908 -1.974319e-13 0.000000e+00
 1909 -1.994335e-13 0.000000e+00
 1910 -1.992721e-13 0.000000e+00
 1911 -2.041867e-13 0.000000e+00
 1912 -2.061259e-13 0.000000e+00
 1913 -1.815055e-13 0.000000e+00
 1914 -1.973253e-13 0.000000e+00
 1915 -3.470998e-13 0.000000e+00
 1916 -2.247984e-13 0.000000e+00
 1917 -2.377301e-13 0.000000e+00
 1918 -2.017254e-13 0.000000e+00
 1919 -2.025288e-13 0.000000e+00
 1920 -2.021840e-13 0.000000e+00
 1921 -2.062430e-13 0.000000e+00
 1922 -2.090248e-13 0.000000e+00
 1923 -1.887539e-13 0.000000e+00
 1924 -2.018886e-13 0.000000e+00
 1925 -3.703193e-13 0.000000e+00
 1926 -2.266126e-13 0.000000e+00
 1927 -2.379869e-13 0.000000e+00
 1928 -2.033957e-13 0.000000e+00
 1929 -2.022372e-13 0.000000e+00
 1930 -2.037231e-13 0.000000e+00
 1931 -2.058999e-13 0.000000e+00
 1932 -2.087047e-13 0.000000e+00
 1933 -1.906801e-13 0.000000e+00
 1934 -2.023812e-13 0.000000e+00
 1935 -3.794151e-13 0.000000e+00
 1936 -2.242178e-13 0.000000e+00
 1937 -2.348497e-13 0.000000e+00
 1938 -2.007617e-13 0.000000e+00
 1939 -2.000658e-13 0.000000e+00
 1940 -2.016933e-13 0.000000e+00
 1941 -2.034480e-13 0.000000e+00
 1942 -2.050596e-13 0.000000e+00
 1943 -1.901506e-13 0.000000e+00
 1944 -2.012075e-13 0.000000e+00
 1945 -3.788414e-13 0.000000e+00
 1946 -2.197746e-13 0.000000e+00
 1947 -2.288406e-13 0.000000e+00
 1948 -1.961177e-13 0.000000e+00
 1949 -1.970218e-13 0.000000e+00
 1950 -1.974909e-13 0.000000e+00
 1951 -1.986707e-13 0.000000e+00
 1952 -2.013370e-13 0.000000e+00
 1953 -1.887646e-13 0.000000e+00
 1954 -1.973052e-13 0.000000e+00
 1955 -3.738702e-13 0.000000e+00
 1956 -2.133730e-13 0.000000e+00
 1957 -2.212991e-13 0.000000e+00
 1958 -1.911939e-13 0.000000e+00
 1959 -1.918919e-13 0.000000e+00
 1960 -1.914487e-13 0.000000e+00
 1961 -1.927557e-13 0.000000e+00
 1962 -1.948577e-13 0.000000e+00
 1963 -1.841248e-13 0.000000e+00
 1964 -1.918031e-13 0.000000e+00
 1965 -3.618430e-13 0.000000e+00
 1966 -2.042282e-13 0.000000e+00
 1967 -2.127659e-13 0.000000e+00
 1968 -1.845470e-13 0.000000e+00
 1969 -1.847106e-13 0.000000e+00
 1970 -1.849328e-13 0.000000e+00
 1971 -1.859014e-13 0.000000e+00
 1972 -1.867671e-13 0.000000e+00
 1973 -1.787029e-13 0.000000e+00
 1974 -1.854697e-13 0.000000e+00
 1975 -3.446454e-13 0.000000e+00
 1976 -1.946407e-13 0.000000e+00
 1977 -2.030366e-13 0.000000e+00
 1978 -1.768024e-13 0.000000e+00
 1979 -1.776590e-13 0.000000e+00
 1980 -1.773581e-13 0.000000e+00
 1981 -1.782701e-13 0.000000e+00
 1982 -1.786345e-13 0.000000e+00
 1983 -1.728087e-13 0.000000e+00
 1984 -1.782623e-13 0.000000e+00
 1985 -3.247504e-13 0.000000e+00
 1986 -1.844323e-13 0.000000e+00
 1987 -1.931537e-13 0.000000e+00
 1988 -1.691658e-13 0.000000e+00
 1989 -1.708560e-13 0.000000e+00
 1990 -1.689286e-13 0.000000e+00
 1991 -1.707145e-13 0.000000e+00
 1992 -1.700481e-13 0.000000e+00
 1993 -1.665118e-13 0.000000e+00
 1994 -1.700645e-13 0.000000e+00
 1995 -3.036781e-13 0.000000e+00
 1996 -1.758641e-13 0.000000e+00
 1997 -1.832689e-13 0.000000e+00
 1998 -1.616974e-13 0.000000e+00
 1999 -1.618069e-13 0.000000e+00
 2000 -1.624235e-13 0.000000e+00
 2001 -1.629509e-13 0.000000e+00
 2002 -1.623762e-13 0.000000e+00
 2003 -1.596858e-13 0.000000e+00
 2004 -1.627297e-13 0.000000e+00
 2005 -2.832461e-13 0.000000e+00
 2006 -1.673090e-13 0.000000e+00
 2007 -1.735258e-13 0.000000e+00
 2008 -1.548930e-13 0.000000e+00
 2009 -1.550462e-13 0.000000e+00
 2010 -1.553963e-13 0.000000e+00
 2011 -1.554569e-13 0.000000e+00
 2012 -1.555780e-13 0.000000e+00
 2013 -1.540543e-13 0.000000e+00
 2014 -1.559787e-13 0.000000e+00
 2015 -2.633284e-13 0.000000e+00
 2016 -1.588099e-13 0.000000e+00
 2017 -1.650688e-13 0.000000e+00
 2018 -1.488766e-13 0.000000e+00
 2019 -1.496163e-13 0.000000e+00
 2020 -1.485426e-13 0.000000e+00
 2021 -1.494928e-13 0.000000e+00
 2022 -1.493528e-13 0.000000e+00
 2023 -1.481875e-13 0.000000e+00
 2024 -1.490660e-13 0.000000e+00
 2025 -2.463786e-13 0.000000e+00
 2026 -1.523641e-13 0.000000e+00
 2027 -1.571422e-13 0.000000e+00
 2028 -1.436456e-13 0.000000e+00
 2029 -1.437292e-13 0.000000e+00
 2030 -1.433833e-13 0.000000e+00
 2031 -1.442067e-13 0.000000e+00
 2032 -1.436524e-13 0.000000e+00
 2033 -1.431300e-13 0.000000e+00
 2034 -1.439028e-13 0.000000e+00
 2035 -2.306806e-13 0.000000e+00
 2036 -1.469762e-13 0.000000e+00
 2037 -1.509529e-13 0.000000e+00
 2038 -1.391282e-13 0.000000e+00
 2039 -1.390082e-13 0.000000e+00
 2040 -1.390287e-13 0.000000e+00
 2041 -1.394644e-13 0.000000e+00
 2042 -1.389955e-13 0.000000e+00
 2043 -1.392585e-13 0.000000e+00
 2044 -1.393993e-13 0.000000e+00
 2045 -2.171607e-13 0.000000e+00
 2046 -1.424374e-13 0.000000e+00
 2047 -1.455026e-13 0.000000e+00
 2048 -1.261410e-13 0.000000e+00
 2049 0.000000e+00 0.000000e+00
 2050 0.000000e+00 0.000000e+00
 2051 0.000000e+00 0.000000e+00
 2052 0.000000e+00 1.574862e-02
 2053 0.000000e+00 0.000000e+00
 2054 0.000000e+00 0.000000e+00
 2055 0.000000e+00 0.000000e+00
 2056 0.000000e+00 0.000000e+00
 2057 0.000000e+00 0.000000e+00
 2058 0.000000e+00 0.000000e+00
 2059 0.000000e+00 0.000000e+00
 2060 0.000000e+00 0.000000e+00
 2061 0.000000e+00 0.000000e+00
 2062 0.000000e+00 0.000000e+00
 2063 0.000000e+00 0.000000e+00
 2064 0.000000e+00 0.000000e+00
 2065 0.000000e+00 0.000000e+00
 2066 0.000000e+00 0.000000e+00
 2067 0.000000e+00 0.000000e+00
 2068 0.000000e+00 0.000000e+00
 2069 0.000000e+00 0.000000e+00
 2070 0.000000e+00 0.000000e+00
 2071 0.000000e+00 0.000000e+00
 2072 0.000000e+00 0.000000e+00
 2073 0.000000e+00 0.000000e+00
 2074 0.000000e+00 0.000000e+00
 2075 0.000000e+00 0.000000e+00
 2076 0.000000e+00 0.000000e+00
 2077 0.000000e+00 0.000000e+00
 2078 0.000000e+00 0.000000e+00
 2079 0.000000e+00 0.000000e+00
 2080 0.000000e+00 0.000000e+00
 2081 0.000000e+00 0.000000e+00
 2082 0.000000e+00 0.000000e+00
 2083 0.000000e+00 0.000000e+00
 2084 0.000000e+00 0.000000e+00
 2085 0.000000e+00 0.000000e+00
 2086 0.000000e+00 0.000000e+00
 2087 0.000000e+00 0.000000e+00
 2088 0.000000e+00 0.000000e+00
 2089 0.000000e+00 0.000000e+00
 2090 0.000000e+00 0.000000e+00
 2091 0.000000e+00 0.000000e+00
 2092 0.000000e+00 0.000000e+00
 2093 0.000000e+00 0.000000e+00
 2094 0.000000e+00 0.000000e+00
 2095 0.000000e+00 0.000000e+00
 2096 0.000000e+00 0.000000e+00
 2097 0.000000e+00 0.000000e+00
 2098 0.000000e+00 0.000000e+00
 2099 0.000000e+00 0.000000e+00
 2100 0.000000e+00 0.000000e+00
 2101 0.000000e+00 0.000000e+00
 2102 0.000000e+00 0.000000e+00
 2103 0.000000e+00 0.000000e+00
 2104 0.000000e+00 0.000000e+00
 2105 0.000000e+00 0.000000e+00
 2106 0.000000e+00 0.000000e+00
 2107 0.000000e+00 0.000000e+00
 2108 0.000000e+00 0.000000e+00
 2109 0.000000e+00 0.000000e+00
 2110 0.000000e+00 0.000000e+00
 2111 0.000000e+00 0.000000e+00
 2112 0.000000e+00 0.000000e+00
 2113 0.000000e+00 0.000000e+00
 2114 0.000000e+00 0.000000e+00
 2115 0.000000e+00 0.000000e+00
 2116 0.000000e+00 0.000000e+00
 2117 0.000000e+00 0.000000e+00
 2118 0.000000e+00 0.000000e+00
 2119 0.000000e+00 0.000000e+00
 2120 0.000000e+00 0.000000e+00
 2121 0.000000e+00 0.000000e+00
 2122 0.000000e+00 0.000000e+00
 2123 0.000000e+00 0.000000e+00
 2124 0.000000e+00 0.000000e+00
 2125 0.000000e+00 0.000000e+00
 2126 0.000000e+00 0.000000e+00
 2127 0.000000e+00 0.000000e+00
 2128 0.000000e+00 0.000000e+00
 2129 0.000000e+00 0.000000e+00
 2130 0.000000e+00 0.000000e+00
 2131 0.000000e+00 0.000000e+00
 2132 0.000000e+00 0.000000e+00
 2133 0.000000e+00 0.000000e+00
 2134 0.000000e+00 0.000000e+00
 2135 0.000000e+00 0.000000e+00
 2136 0.000000e+00 0.000000e+00
 2137 0.000000e+00 0.000000e+00
 2138 0.000000e+00 0.000000e+00
 2139 0.000000e+00 0.000000e+00
 2140 0.000000e+00 0.000000e+00
 2141 0.000000e+00 0.000000e+00
 2142 0.000000e+00 0.000000e+00
 2143 0.000000e+00 0.000000e+00
 2144 0.000000e+00 0.000000e+00
 2145 0.000000e+00 0.000000e+00
 2146 0.000000e+00 0.000000e+00
 2147 0.000000e+00 0.000000e+00
 2148 0.000000e+00 0.000000e+00
 2149 0.000000e+00 0.000000e+00
 2150 0.000000e+00 0.000000e+00
 2151 0.000000e+00 0.000000e+00
 2152 0.000000e+00 0.000000e+00
 2153 0.000000e+00 0.000000e+00
 2154 0.000000e+00 0.000000e+00
 2155 0.000000e+00 0.000000e+00
 2156 0.000000e+00 0.000000e+00
 2157 0.000000e+00 0.000000e+00
 2158 0.000000e+00 0.000000e+00
 2159 0.000000e+00 0.000000e+00
 2160 0.000000e+00 0.000000e+00
 2161 0.000000e+00 0.000000e+00
 2162 0.000000e+00 0.000000e+00
 2163 0.000000e+00 0.000000e+00
 2164 0.000000e+00 0.000000e+00
 2165 0.000000e+00 0.000000e+00
 2166 0.000000e+00 0.000000e+00
 2167 0.000000e+00 0.000000e+00
 2168 0.000000e+00 0.000000e+00
 2169 0.000000e+00 0.000000e+00
 2170 0.000000e+00 0.000000e+00
 2171 0.000000e+00 0.000000e+00
 2172 0.000000e+00 0.000000e+00
 2173 0.000000e+00 0.000000e+00
 2174 0.000000e+00 0.000000e+00
 2175 0.000000e+00 0.000000e+00
 2176 0.000000e+00 0.000000e+00
 2177 0.000000e+00 0.000000e+00
 2178 0.000000e+00 0.000000e+00
 2179 0.000000e+00 0.000000e+00
 2180 0.000000e+00 0.000000e+00
 2181 0.000000e+00 0.000000e+00
 2182 0.000000e+00 0.000000e+00
 2183 0.000000e+00 0.000000e+00
 2184 0.000000e+00 0.000000e+00
 2185 0.000000e+00 0.000000e+00
 2186 0.000000e+00 0.000000e+00
 2187 0.000000e+00 0.000000e+00
 2188 0.000000e+00 0.000000e+00
 2189 0.000000e+00 0.000000e+00
 2190 0.000000e+00 0.000000e+00
 2191 0.000000e+00 0.000000e+00
 2192 0.000000e+00 0.000000e+00
 2193 0.000000e+00 0.000000e+00
 2194 0.000000e+00 0.000000e+00
 2195 0.000000e+00 0.000000e+00
 2196 0.000000e+00 0.000000e+00
 2197 0.000000e+00 0.000000e+00
 2198 0.000000e+00 0.000000e+00
 2199 0.000000e+00 0.000000e+00
 2200 0.000000e+00 0.000000e+00
 2201 0.000000e+00 0.000000e+00
 2202 0.000000e+00 0.000000e+00
 2203 0.000000e+00 0.000000e+00
 2204 0.000000e+00 0.000000e+00
 2205 0.000000e+00 0.000000e+00
 2206 0.000000e+00 0.000000e+00
 2207 0.000000e+00 0.000000e+00
 2208 0.000000e+00 0.000000e+00
 2209 0.000000e+00 0.000000e+00
 2210 0.000000e+00 0.000000e+00
 2211 0.000000e+00 0.000000e+00
 2212 0.000000e+00 0.000000e+00
 2213 0.000000e+00 0.000000e+00
 2214 0.000000e+00 0.000000e+00
 2215 0.000000e+00 0.000000e+00
 2216 0.000000e+00 0.000000e+00
 2217 0.000000e+00 0.000000e+00
 2218 0.000000e+00 0.000000e+00
 2219 0.000000e+00 0.000000e+00
 2220 0.000000e+00 0.000000e+00
 2221 0.000000e+00 0.000000e+00
 2222 0.000000e+00 0.000000e+00
 2223 0.000000e+00 0.000000e+00
 2224 0.000000e+00 0.000000e+00
 2225 0.000000e+00 0.000000e+00
 2226 0.000000e+00 0.000000e+00
 2227 0.000000e+00 0.000000e+00
 2228 0.000000e+00 0.000000e+00
 2229 0.000000e+00 0.000000e+00
 2230 0.000000e+00 0.000000e+00
 2231 0.000000e+00 0.000000e+00
 2232 0.000000e+00 0.000000e+00
 2233 0.000000e+00 0.000000e+00
 2234 0.000000e+00 0.000000e+00
 2235 0.000000e+00 0.000000e+00
 2236 0.000000e+00 0.000000e+00
 2237 0.000000e+00 0.000000e+00
 2238 0.000000e+00 0.000000e+00
 2239 0.000000e+00 0.000000e+00
 2240 0.000000e+00 0.000000e+00
 2241 0.000000e+00 0.000000e+00
 2242 0.000000e+00 0.000000e+00
 2243 0.000000e+00 0.000000e+00
 2244 0.000000e+00 0.000000e+00
 2245 0.000000e+00 0.000000e+00
 2246 0.000000e+00 0.000000e+00
 2247 0.000000e+00 0.000000e+00
 2248 0.000000e+00 0.000000e+00
 2249 0.000000e+00 0.000000e+00
 2250 0.000000e+00 0.000000e+00
 2251 0.000000e+00 0.000000e+00
 2252 0.000000e+00 0.000000e+00
 2253 0.000000e+00 0.000000e+00
 2254 0.000000e+00 0.000000e+00
 2255 0.000000e+00 0.000000e+00
 2256 0.000000e+00 0.000000e+00
 2257 0.000000e+00 0.000000e+00
 2258 0.000000e+00 0.000000e+00
 2259 0.000000e+00 0.000000e+00
 2260 0.000000e+00 0.000000e+00
 2261 0.000000e+00 0.000000e+00
 2262 0.000000e+00 0.000000e+00
 2263 0.000000e+00 0.000000e+00
 2264 0.000000e+00 0.000000e+00
 2265 0.000000e+00 0.000000e+00
 2266 0.000000e+00 0.000000e+00
 2267 0.000000e+00 0.000000e+00
 2268 0.000000e+00 0.000000e+00
 2269 0.000000e+00 0.000000e+00
 2270 0.000000e+00 0.000000e+00
 2271 0.000000e+00 0.000000e+00
 2272 0.000000e+00 0.000000e+00
 2273 0.000000e+00 0.000000e+00
 2274 0.000000e+00 0.000000e+00
 2275 0.000000e+00 0.000000e+00
 2276 0.000000e+00 0.000000e+00
 2277 0.000000e+00 0.000000e+00
 2278 0.000000e+00 0.000000e+00
 2279 0.000000e+00 0.000000e+00
 2280 0.000000e+00 0.000000e+00
 2281 0.000000e+00 0.000000e+00
 2282 0.000000e+00 0.000000e+00
 2283 0.000000e+00 0.000000e+00
 2284 0.000000e+00 0.000000e+00
 2285 0.000000e+00 0.000000e+00
 2286 0.000000e+00 0.000000e+00
 2287 0.000000e+00 0.000000e+00
 2288 0.000000e+00 0.000000e+00
 2289 0.000000e+00 0.000000e+00
 2290 0.000000e+00 0.000000e+00
 2291 0.000000e+00 0.000000e+00
 2292 0.000000e+00 0.000000e+00
 2293 0.000000e+00 0.000000e+00
 2294 0.000000e+00 0.000000e+00
 2295 0.000000e+00 0.000000e+00
 2296 0.000000e+00 0.000000e+00
 2297 0.000000e+00 0.000000e+00
 2298 0.000000e+00 0.000000e+00
 2299 0.000000e+00 0.000000e+00
 2300 0.000000e+00 0.000000e+00
 2301 0.000000e+00 0.000000e+00
 2302 0.000000e+00 0.000000e+00
 2303 0.000000e+00 0.000000e+00
 2304 0.000000e+00 0.000000e+00
 2305 0.000000e+00 0.000000e+00
 2306 0.000000e+00 0.000000e+00
 2307 0.000000e+00 0.000000e+00
 2308 0.000000e+00 0.000000e+00
 2309 0.000000e+00 0.000000e+00
 2310 0.000000e+00 0.000000e+00
 2311 0.000000e+00 0.000000e+00
 2312 0.000000e+00 0.000000e+00
 2313 0.000000e+00 0.000000e+00
 2314 0.000000e+00 0.000000e+00
 2315 0.000000e+00 0.000000e+00
 2316 0.000000e+00 0.000000e+00
 2317 0.000000e+00 0.000000e+00
 2318 0.000000e+00 0.000000e+00
 2319 0.000000e+00 0.000000e+00
 2320 0.000000e+00 0.000000e+00
 2321 0.000000e+00 0.000000e+00
 2322 0.000000e+00 0.000000e+00
 2323 0.000000e+00 0.000000e+00
 2324 0.000000e+00 0.000000e+00
 2325 0.000000e+00 0.000000e+00
 2326 0.000000e+00 0.000000e+00
 2327 0.000000e+00 0.000000e+00
 2328 0.000000e+00 0.000000e+00
 2329 0.000000e+00 0.000000e+00
 2330 0.000000e+00 0.000000e+00
 2331 0.000000e+00 0.000000e+00
 2332 0.000000e+00 0.000000e+00
 2333 0.000000e+00 0.000000e+00
 2334 0.000000e+00 0.000000e+00
 2335 0.000000e+00 0.000000e+00
 2336 0.000000e+00 0.000000e+00
 2337 0.000000e+00 0.000000e+00
 2338 0.000000e+00 0.000000e+00
 2339 0.000000e+00 0.000000e+00
 2340 0.000000e+00 0.000000e+00
 2341 0.000000e+00 0.000000e+00
 2342 0.000000e+00 0.000000e+00
 2343 0.000000e+00 0.000000e+00
 2344 0.000000e+00 0.000000e+00
 2345 0.000000e+00 0.000000e+00
 2346 0.000000e+00 0.000000e+00
 2347 0.000000e+00 0.000000e+00
 2348 0.000000e+00 0.000000e+00
 2349 0.000000e+00 0.000000e+00
 2350 0.000000e+00 0.000000e+00
 2351 0.000000e+00 0.000000e+00
 2352 0.000000e+00 2.296498e-02
 2353 0.000000e+00 0.000000e+00
 2354 0.000000e+00 0.000000e+00
 2355 0.000000e+00 0.000000e+00
 2356 0.000000e+00 0.000000e+00
 2357 0.000000e+00 0.000000e+00
 2358 0.000000e+00 0.000000e+00
 2359 0.000000e+00 0.000000e+00
 2360 0.000000e+00 0.000000e+00
 2361 0.000000e+00 0.000000e+00
 2362 0.000000e+00 0.000000e+00
 2363 0.000000e+00 0.000000e+00
 2364 0.000000e+00 0.000000e+00
 2365 0.000000e+00 0.000000e+00
 2366 0.000000e+00 0.000000e+00
 2367 0.000000e+00 0.000000e+00
 2368 0.000000e+00 0.000000e+00
 2369 0.000000e+00 0.000000e+00
 2370 0.000000e+00 0.000000e+00
 2371 0.000000e+00 0.000000e+00
 2372 0.000000e+00 0.000000e+00
 2373 0.000000e+00 0.000000e+00
 2374 0.000000e+00 0.000000e+00
 2375 0.000000e+00 0.000000e+00
 2376 0.000000e+00 0.000000e+00
 2377 0.000000e+00 0.000000e+00
 2378 0.000000e+00 0.000000e+00
 2379 0.000000e+00 0.000000e+00
 2380 0.000000e+00 0.000000e+00
 2381 0.000000e+00 0.000000e+00
 2382 0.000000e+00 0.000000e+00
 2383 0.000000e+00 0.000000e+00
 2384 0.000000e+00 0.000000e+00
 2385 0.000000e+00 0.000000e+00
 2386 0.000000e+00 0.000000e+00
 2387 0.000000e+00 0.000000e+00
 2388 0.000000e+00 0.000000e+00
 2389 0.000000e+00 0.000000e+00
 2390 0.000000e+00 0.000000e+00
 2391 0.000000e+00 0.000000e+00
 2392 0.000000e+00 0.000000e+00
 2393 0.000000e+00 0.000000e+00
 2394 0.000000e+00 0.000000e+00
 2395 0.000000e+00 0.000000e+00
 2396 0.000000e+00 0.000000e+00
 2397 0.000000e+00 0.000000e+00
 2398 0.000000e+00 0.000000e+00
 2399 0.000000e+00 0.000000e+00
 2400 0.000000e+00 0.000000e+00
 2401 0.000000e+00 0.000000e+00
 2402 0.000000e+00 0.000000e+00
 2403 0.000000e+00 0.000000e+00
 2404 0.000000e+00 0.000000e+00
 2405 0.000000e+00 0.000000e+00
 2406 0.000000e+00 0.000000e+00
 2407 0.000000e+00 0.000000e+00
 2408 0.000000e+00 0.000000e+00
 2409 0.000000e+00 0.000000e+00
 2410 0.000000e+00 0.000000e+00
 2411 0.000000e+00 0.000000e+00
 2412 0.000000e+00 0.000000e+00
 2413 0.000000e+00 0.000000e+00
 2414 0.000000e+00 0.000000e+00
 2415 0.000000e+00 0.000000e+00
 2416 0.000000e+00 0.000000e+00
 2417 0.000000e+00 0.000000e+00
 2418 0.000000e+00 0.000000e+00
 2419 0.000000e+00 0.000000e+00
 2420 0.000000e+00 0.000000e+00
 2421 0.000000e+00 0.000000e+00
 2422 0.000000e+00 0.000000e+00
 2423 0.000000e+00 0.000000e+00
 2424 0.000000e+00 0.000000e+00
 2425 0.000000e+00 0.000000e+00
 2426 0.000000e+00 0.000000e+00
 2427 0.000000e+00 0.000000e+00
 2428 0.000000e+00 0.000000e+00
 2429 0.000000e+00 0.000000e+00
 2430 0.000000e+00 0.000000e+00
 2431 0.000000e+00 0.000000e+00
 2432 0.000000e+00 0.000000e+00
 2433 0.000000e+00 0.000000e+00
 2434 0.000000e+00 0.000000e+00
 2435 0.000000e+00 0.000000e+00
 2436 0.000000e+00 0.000000e+00
 2437 0.000000e+00 0.000000e+00
 2438 0.000000e+00 0.000000e+00
 2439 0.000000e+00 0.000000e+00
 2440 0.000000e+00 0.000000e+00
 2441 0.000000e+00 0.000000e+00
 2442 0.000000e+00 0.000000e+00
 2443 0.000000e+00 0.000000e+00
 2444 0.000000e+00 0.000000e+00
 2445 0.000000e+00 0.000000e+00
 2446 0.000000e+00 0.000000e+00
 2447 0.000000e+00 0.000000e+00
 2448 0.000000e+00 0.000000e+00
 2449 0.000000e+00 0.000000e+00
 2450 0.000000e+00 0.000000e+00
 2451 0.000000e+00 0.000000e+00
 2452 0.000000e+00 0.000000e+00
 2453 0.000000e+00 0.000000e+00
 2454 0.000000e+00 0.000000e+00
 2455 0.000000e+00 0.000000e+00
 2456 0.000000e+00 0.000000e+00
 2457 0.000000e+00 0.000000e+00
 2458 0.000000e+00 0.000000e+00
 2459 0.000000e+00 0.000000e+00
 2460 0.000000e+00 0.000000e+00
 2461 0.000000e+00 0.000000e+00
 2462 0.000000e+00 0.000000e+00
 2463 0.000000e+00 0.000000e+00
 2464 0.000000e+00 0.000000e+00
 2465 0.000000e+00 0.000000e+00
 2466 0.000000e+00 0.000000e+00
 2467 0.000000e+00 0.000000e+00
 2468 0.000000e+00 0.000000e+00
 2469 0.000000e+00 0.000000e+00
 2470 0.000000e+00 0.000000e+00
 2471 0.000000e+00 0.000000e+00
 2472 0.000000e+00 0.000000e+00
 2473 0.000000e+00 0.000000e+00
 2474 0.000000e+00 0.000000e+00
 2475 0.000000e+00 0.000000e+00
 2476 0.000000e+00 0.000000e+00
 2477 0.000000e+00 0.000000e+00
 2478 0.000000e+00 0.000000e+00
 2479 0.000000e+00 0.000000e+00
 2480 0.000000e+00 0.000000e+00
 2481 0.000000e+00 0.000000e+00
 2482 0.000000e+00 0.000000e+00
 2483 0.000000e+00 0.000000e+00
 2484 0.000000e+00 0.000000e+00
 2485 0.000000e+00 0.000000e+00
 2486 0.000000e+00 0.000000e+00
 2487 0.000000e+00 0.000000e+00
 2488 0.000000e+00 0.000000e+00
 2489 0.000000e+00 0.000000e+00
 2490 0.000000e+00 0.000000e+00
 2491 0.000000e+00 0.000000e+00
 2492 0.000000e+00 0.000000e+00
 2493 0.000000e+00 0.000000e+00
 2494 0.000000e+00 0.000000e+00
 2495 0.000000e+00 0.000000e+00
 2496 0.000000e+00 0.000000e+00
 2497 0.000000e+00 0.000000e+00
 2498 0.000000e+00 0.000000e+00
 2499 0.000000e+00 0.000000e+00
 2500 0.000000e+00 1.862487e-02
