    0 0.000000e+00 0.000000e+00
    1 0.000000e+00 0.000000e+00
    2 -2.444717e-21 3.084899e-06
    3 -2.581561e-21 0.000000e+00
    4 -2.728532e-21 0.000000e+00
    5 -2.851468e-21 0.000000e+00
    6 -2.943302e-21 0.000000e+00
    7 -3.005966e-21 0.000000e+00
    8 -3.046372e-21 0.000000e+00
    9 -3.064441e-21 0.000000e+00
   10 -3.069681e-21 0.000000e+00
   11 -3.064664e-21 0.000000e+00
   12 -3.047655e-21 5.956811e-05
   13 -3.024642e-21 0.000000e+00
   14 -2.998490e-21 0.000000e+00
   15 -2.968742e-21 0.000000e+00
   16 -2.935012e-21 0.000000e+00
   17 -2.898119e-21 0.000000e+00
   18 -2.861269e-21 0.000000e+00
   19 -2.820717e-21 0.000000e+00
   20 5.561137e-21 0.000000e+00
   21 5.481356e-21 0.000000e+00
   22 5.401123e-21 1.169063e-04
   23 -2.661080e-21 0.000000e+00
   24 -2.621455e-21 0.000000e+00
   25 -2.582018e-21 0.000000e+00
   26 -2.543188e-21 0.000000e+00
   27 -2.504516e-21 0.000000e+00
   28 -2.466451e-21 0.000000e+00
   29 -2.428826e-21 0.000000e+00
   30 -2.391653e-21 0.000000e+00
   31 -2.355326e-21 0.000000e+00
   32 -2.319714e-21 1.752199e-04
   33 4.568292e-21 0.000000e+00
   34 -2.249880e-21 0.000000e+00
   35 -2.216006e-21 0.000000e+00
   36 -2.182760e-21 0.000000e+00
   37 -2.150314e-21 0.000000e+00
   38 -2.118287e-21 0.000000e+00
   39 -2.086856e-21 0.000000e+00
   40 -2.056177e-21 0.000000e+00
   41 4.050733e-21 0.000000e+00
   42 -1.996140e-21 2.347496e-04
   43 -1.967134e-21 0.000000e+00
   44 -1.938959e-21 0.000000e+00
   45 -1.911146e-21 0.000000e+00
   46 3.766799e-21 0.000000e+00
   47 3.713196e-21 0.000000e+00
   48 3.660834e-21 0.000000e+00
   49 1.804711e-21 0.000000e+00
   50 1.779460e-21 0.000000e+00
   51 1.754542e-21 0.000000e+00
   52 1.729838e-21 2.954315e-04
   53 3.412132e-21 0.000000e+00
   54 -3.263192e-26 0.000000e+00
   55 -3.219107e-26 0.000000e+00
   56 -3.175374e-26 0.000000e+00
   57 -3.132215e-26 0.000000e+00
   58 1.593180e-21 0.000000e+00
   59 1.571711e-21 0.000000e+00
   60 1.550623e-21 0.000000e+00
   61 3.059701e-21 0.000000e+00
   62 1.509289e-21 3.578863e-04
   63 1.489481e-21 0.000000e+00
   64 1.469845e-21 0.000000e+00
   65 2.901473e-21 0.000000e+00
   66 -1.432089e-21 0.000000e+00
   67 1.413294e-21 0.000000e+00
   68 1.394988e-21 0.000000e+00
   69 -1.377273e-21 0.000000e+00
   70 1.359106e-21 0.000000e+00
   71 1.341670e-21 0.000000e+00
   72 1.324468e-21 4.220070e-04
   73 -2.536034e-26 0.000000e+00
   74 -1.291417e-21 0.000000e+00
   75 -1.275060e-21 0.000000e+00
   76 -1.259016e-21 0.000000e+00
   77 2.485980e-21 0.000000e+00
   78 -1.227604e-21 0.000000e+00
   79 2.424259e-21 0.000000e+00
   80 0.000000e+00 0.000000e+00
   81 1.181958e-21 0.000000e+00
   82 1.167294e-21 4.878833e-04
   83 1.152937e-21 0.000000e+00
   84 -1.139011e-21 0.000000e+00
   85 2.249936e-21 0.000000e+00
   86 1.111128e-21 0.000000e+00
   87 -2.128575e-26 0.000000e+00
   88 1.084280e-21 0.000000e+00
   89 2.142549e-21 0.000000e+00
   90 1.058301e-21 0.000000e+00
   91 -1.045928e-21 0.000000e+00
   92 1.033200e-21 5.558195e-04
   93 1.020905e-21 0.000000e+00
   94 2.017858e-21 0.000000e+00
   95 1.994320e-21 0.000000e+00
   96 9.854098e-22 0.000000e+00
   97 0.000000e+00 0.000000e+00
   98 -9.628286e-22 0.000000e+00
   99 9.515119e-22 0.000000e+00
  100 6.074871e-16 0.000000e+00
  101 5.958653e-16 0.000000e+00
  102 6.360283e-16 1.251446e-03
  103 6.657990e-16 0.000000e+00
  104 6.291717e-16 0.000000e+00
  105 1.119810e-15 0.000000e+00
  106 6.259341e-16 0.000000e+00
  107 6.351728e-16 0.000000e+00
  108 6.592663e-16 0.000000e+00
  109 6.401752e-16 0.000000e+00
  110 6.835942e-16 0.000000e+00
  111 6.862335e-16 0.000000e+00
  112 6.511560e-16 0.000000e+00
  113 7.244093e-16 0.000000e+00
  114 6.881497e-16 0.000000e+00
  115 1.280476e-15 0.000000e+00
  116 6.919244e-16 0.000000e+00
  117 7.098607e-16 0.000000e+00
  118 6.762874e-16 0.000000e+00
  119 7.393661e-16 0.000000e+00
  120 7.182623e-16 0.000000e+00
  121 7.034660e-16 0.000000e+00
  122 7.215467e-16 0.000000e+00
  123 7.750348e-16 0.000000e+00
  124 7.497280e-16 0.000000e+00
  125 1.414700e-15 0.000000e+00
  126 7.914008e-16 0.000000e+00
  127 7.962656e-16 0.000000e+00
  128 7.939344e-16 0.000000e+00
  129 7.790802e-16 0.000000e+00
  130 7.996326e-16 0.000000e+00
  131 7.798168e-16 0.000000e+00
  132 8.360198e-16 2.541466e-03
  133 8.623990e-16 0.000000e+00
  134 8.495213e-16 0.000000e+00
  135 1.511524e-15 0.000000e+00
  136 8.493848e-16 0.000000e+00
  137 8.931435e-16 0.000000e+00
  138 8.314834e-16 0.000000e+00
  139 8.655375e-16 0.000000e+00
  140 8.774471e-16 0.000000e+00
  141 8.623865e-16 0.000000e+00
  142 8.851720e-16 0.000000e+00
  143 9.640696e-16 0.000000e+00
  144 9.064493e-16 0.000000e+00
  145 1.655488e-15 0.000000e+00
  146 9.480811e-16 0.000000e+00
  147 9.563309e-16 0.000000e+00
  148 9.440191e-16 0.000000e+00
  149 9.356487e-16 0.000000e+00
  150 9.513482e-16 0.000000e+00
  151 9.712752e-16 0.000000e+00
  152 9.594950e-16 0.000000e+00
  153 1.027032e-15 0.000000e+00
  154 9.821038e-16 0.000000e+00
  155 1.837496e-15 0.000000e+00
  156 9.876708e-16 0.000000e+00
  157 1.011572e-15 0.000000e+00
  158 1.010620e-15 0.000000e+00
  159 1.051422e-15 0.000000e+00
  160 1.009811e-15 0.000000e+00
  161 1.070971e-15 0.000000e+00
  162 1.037207e-15 3.263040e-03
  163 1.096110e-15 0.000000e+00
  164 1.094355e-15 0.000000e+00
  165 1.916627e-15 0.000000e+00
  166 1.059178e-15 0.000000e+00
  167 1.147102e-15 0.000000e+00
  168 1.094205e-15 0.000000e+00
  169 1.118877e-15 0.000000e+00
  170 1.123312e-15 0.000000e+00
  171 1.112500e-15 0.000000e+00
  172 1.116345e-15 0.000000e+00
  173 1.211439e-15 0.000000e+00
  174 1.190972e-15 0.000000e+00
  175 2.077209e-15 0.000000e+00
  176 1.144906e-15 0.000000e+00
  177 1.202248e-15 0.000000e+00
  178 1.194109e-15 0.000000e+00
  179 1.215270e-15 0.000000e+00
  180 1.215471e-15 0.000000e+00
  181 1.194013e-15 0.000000e+00
  182 1.220510e-15 0.000000e+00
  183 1.296627e-15 0.000000e+00
  184 1.265209e-15 0.000000e+00
  185 2.186515e-15 0.000000e+00
  186 1.247014e-15 0.000000e+00
  187 1.330297e-15 0.000000e+00
  188 1.281321e-15 0.000000e+00
  189 1.329603e-15 0.000000e+00
  190 1.299559e-15 0.000000e+00
  191 1.286163e-15 0.000000e+00
  192 1.325176e-15 4.053594e-03
  193 1.403129e-15 0.000000e+00
  194 1.373797e-15 0.000000e+00
  195 2.354120e-15 0.000000e+00
  196 1.336128e-15 0.000000e+00
  197 1.435083e-15 0.000000e+00
  198 1.397337e-15 0.000000e+00
  199 1.394611e-15 0.000000e+00
  200 1.385115e-15 0.000000e+00
  201 1.388664e-15 0.000000e+00
  202 1.436012e-15 0.000000e+00
  203 1.482954e-15 0.000000e+00
  204 1.488069e-15 0.000000e+00
  205 2.506746e-15 0.000000e+00
  206 1.485564e-15 0.000000e+00
  207 1.495185e-15 0.000000e+00
  208 1.499188e-15 0.000000e+00
  209 1.468067e-15 0.000000e+00
  210 1.495441e-15 0.000000e+00
  211 1.520482e-15 0.000000e+00
  212 1.487459e-15 0.000000e+00
  213 1.571138e-15 0.000000e+00
  214 1.606458e-15 0.000000e+00
  215 2.686128e-15 0.000000e+00
  216 1.580111e-15 0.000000e+00
  217 1.610205e-15 0.000000e+00
  218 1.590121e-15 0.000000e+00
  219 1.573914e-15 0.000000e+00
  220 1.561512e-15 0.000000e+00
  221 1.608655e-15 0.000000e+00
  222 1.573941e-15 4.917522e-03
  223 1.674353e-15 0.000000e+00
  224 1.666138e-15 0.000000e+00
  225 2.872245e-15 0.000000e+00
  226 1.684358e-15 0.000000e+00
  227 1.704601e-15 0.000000e+00
  228 1.664423e-15 0.000000e+00
  229 1.660459e-15 0.000000e+00
  230 1.673332e-15 0.000000e+00
  231 1.695524e-15 0.000000e+00
  232 1.670662e-15 0.000000e+00
  233 1.746141e-15 0.000000e+00
  234 1.768595e-15 0.000000e+00
  235 3.059426e-15 0.000000e+00
  236 1.753745e-15 0.000000e+00
  237 1.774337e-15 0.000000e+00
  238 1.767246e-15 0.000000e+00
  239 1.720939e-15 0.000000e+00
  240 1.820327e-15 0.000000e+00
  241 1.751568e-15 0.000000e+00
  242 1.773786e-15 0.000000e+00
  243 1.870077e-15 0.000000e+00
  244 1.814527e-15 0.000000e+00
  245 3.252638e-15 0.000000e+00
  246 1.814712e-15 0.000000e+00
  247 1.848489e-15 0.000000e+00
  248 1.843744e-15 0.000000e+00
  249 1.884208e-15 0.000000e+00
  250 1.876824e-15 0.000000e+00
  251 1.858173e-15 0.000000e+00
  252 1.836250e-15 5.836380e-03
  253 1.920112e-15 0.000000e+00
  254 1.939775e-15 0.000000e+00
  255 3.422711e-15 0.000000e+00
  256 1.929590e-15 0.000000e+00
  257 1.947199e-15 0.000000e+00
  258 1.958667e-15 0.000000e+00
  259 1.923215e-15 0.000000e+00
  260 1.930554e-15 0.000000e+00
  261 1.913960e-15 0.000000e+00
  262 1.938427e-15 0.000000e+00
  263 2.044624e-15 0.000000e+00
  264 1.997474e-15 0.000000e+00
  265 3.622288e-15 0.000000e+00
  266 2.060654e-15 0.000000e+00
  267 2.052628e-15 0.000000e+00
  268 1.993906e-15 0.000000e+00
  269 2.056334e-15 0.000000e+00
  270 1.999241e-15 0.000000e+00
  271 1.950534e-15 0.000000e+00
  272 2.010529e-15 0.000000e+00
  273 2.107782e-15 0.000000e+00
  274 2.087296e-15 0.000000e+00
  275 3.822598e-15 0.000000e+00
  276 2.104702e-15 0.000000e+00
  277 2.098934e-15 0.000000e+00
  278 2.056896e-15 0.000000e+00
  279 2.156234e-15 0.000000e+00
  280 1.997524e-15 0.000000e+00
  281 2.073838e-15 0.000000e+00
  282 2.006896e-15 6.747712e-03
  283 2.217035e-15 0.000000e+00
  284 2.192007e-15 0.000000e+00
  285 4.038929e-15 0.000000e+00
  286 2.177564e-15 0.000000e+00
  287 2.156339e-15 0.000000e+00
  288 2.125257e-15 0.000000e+00
  289 2.138790e-15 0.000000e+00
  290 2.084126e-15 0.000000e+00
  291 2.111498e-15 0.000000e+00
  292 2.074628e-15 0.000000e+00
  293 2.264786e-15 0.000000e+00
  294 2.228064e-15 0.000000e+00
  295 4.264079e-15 0.000000e+00
  296 2.193432e-15 0.000000e+00
  297 2.167545e-15 0.000000e+00
  298 2.189487e-15 0.000000e+00
  299 2.176735e-15 0.000000e+00
  300 2.145054e-15 0.000000e+00
  301 2.147533e-15 0.000000e+00
  302 2.132893e-15 0.000000e+00
  303 2.297575e-15 0.000000e+00
  304 2.323537e-15 0.000000e+00
  305 4.373850e-15 0.000000e+00
  306 2.226165e-15 0.000000e+00
  307 2.279341e-15 0.000000e+00
  308 2.216288e-15 0.000000e+00
  309 2.158509e-15 0.000000e+00
  310 2.178496e-15 0.000000e+00
  311 2.159198e-15 0.000000e+00
  312 2.256523e-15 7.568255e-03
  313 2.302424e-15 0.000000e+00
  314 2.404634e-15 0.000000e+00
  315 4.560441e-15 0.000000e+00
  316 2.220828e-15 0.000000e+00
  317 2.277951e-15 0.000000e+00
  318 2.230821e-15 0.000000e+00
  319 2.186274e-15 0.000000e+00
  320 2.227104e-15 0.000000e+00
  321 2.219524e-15 0.000000e+00
  322 2.224526e-15 0.000000e+00
  323 2.485704e-15 0.000000e+00
  324 2.341105e-15 0.000000e+00
  325 4.637754e-15 0.000000e+00
  326 2.291218e-15 0.000000e+00
  327 2.218823e-15 0.000000e+00
  328 2.241103e-15 0.000000e+00
  329 2.272035e-15 0.000000e+00
  330 2.220057e-15 0.000000e+00
  331 2.230870e-15 0.000000e+00
  332 2.231495e-15 0.000000e+00
  333 2.409702e-15 0.000000e+00
  334 2.344003e-15 0.000000e+00
  335 4.686719e-15 0.000000e+00
  336 2.240018e-15 0.000000e+00
  337 2.259949e-15 0.000000e+00
  338 2.236657e-15 0.000000e+00
  339 2.195284e-15 0.000000e+00
  340 2.227451e-15 0.000000e+00
  341 2.172387e-15 0.000000e+00
  342 2.212107e-15 8.217165e-03
  343 2.315098e-15 0.000000e+00
  344 2.307306e-15 0.000000e+00
  345 4.705127e-15 0.000000e+00
  346 2.237150e-15 0.000000e+00
  347 2.244043e-15 0.000000e+00
  348 2.182611e-15 0.000000e+00
  349 2.202912e-15 0.000000e+00
  350 2.175024e-15 0.000000e+00
  351 2.147645e-15 0.000000e+00
  352 2.108593e-15 0.000000e+00
  353 2.274846e-15 0.000000e+00
  354 2.272115e-15 0.000000e+00
  355 4.692629e-15 0.000000e+00
  356 2.132994e-15 0.000000e+00
  357 2.206434e-15 0.000000e+00
  358 2.136227e-15 0.000000e+00
  359 2.124073e-15 0.000000e+00
  360 2.084798e-15 0.000000e+00
  361 2.055689e-15 0.000000e+00
  362 2.024526e-15 0.000000e+00
  363 2.239803e-15 0.000000e+00
  364 2.179264e-15 0.000000e+00
  365 4.576447e-15 0.000000e+00
  366 2.079959e-15 0.000000e+00
  367 2.167073e-15 0.000000e+00
  368 2.088220e-15 0.000000e+00
  369 2.016376e-15 0.000000e+00
  370 2.058333e-15 0.000000e+00
  371 2.001280e-15 0.000000e+00
  372 1.991172e-15 8.656943e-03
  373 2.172302e-15 0.000000e+00
  374 2.085972e-15 0.000000e+00
  375 4.430675e-15 0.000000e+00
  376 2.029756e-15 0.000000e+00
  377 2.053913e-15 0.000000e+00
  378 2.006209e-15 0.000000e+00
  379 1.933697e-15 0.000000e+00
  380 1.968714e-15 0.000000e+00
  381 1.957484e-15 0.000000e+00
  382 1.900225e-15 0.000000e+00
  383 2.111634e-15 0.000000e+00
  384 2.059149e-15 0.000000e+00
  385 4.186967e-15 0.000000e+00
  386 2.000349e-15 0.000000e+00
  387 1.918827e-15 0.000000e+00
  388 1.933891e-15 0.000000e+00
  389 1.968983e-15 0.000000e+00
  390 1.929000e-15 0.000000e+00
  391 1.911185e-15 0.000000e+00
  392 1.870518e-15 0.000000e+00
  393 2.039591e-15 0.000000e+00
  394 1.967568e-15 0.000000e+00
  395 4.117379e-15 0.000000e+00
  396 2.057728e-15 0.000000e+00
  397 1.934244e-15 0.000000e+00
  398 1.891134e-15 0.000000e+00
  399 1.936520e-15 0.000000e+00
  400 1.902819e-15 0.000000e+00
  401 1.926235e-15 0.000000e+00
  402 1.882244e-15 8.901697e-03
  403 2.113388e-15 0.000000e+00
  404 2.005867e-15 0.000000e+00
  405 4.196525e-15 0.000000e+00
  406 2.034534e-15 0.000000e+00
  407 2.011673e-15 0.000000e+00
  408 1.969626e-15 0.000000e+00
  409 1.995894e-15 0.000000e+00
  410 2.009432e-15 0.000000e+00
  411 1.974608e-15 0.000000e+00
  412 1.940809e-15 0.000000e+00
  413 2.242920e-15 0.000000e+00
  414 2.166176e-15 0.000000e+00
  415 4.344761e-15 0.000000e+00
  416 2.193429e-15 0.000000e+00
  417 2.133730e-15 0.000000e+00
  418 2.159937e-15 0.000000e+00
  419 2.077372e-15 0.000000e+00
  420 2.208639e-15 0.000000e+00
  421 2.159974e-15 0.000000e+00
  422 2.164631e-15 0.000000e+00
  423 2.477259e-15 0.000000e+00
  424 2.380697e-15 0.000000e+00
  425 4.709192e-15 0.000000e+00
  426 2.420605e-15 0.000000e+00
  427 2.424567e-15 0.000000e+00
  428 2.323482e-15 0.000000e+00
  429 2.386354e-15 0.000000e+00
  430 2.480859e-15 0.000000e+00
  431 2.373368e-15 0.000000e+00
  432 2.471098e-15 9.009173e-03
  433 2.807747e-15 0.000000e+00
  434 2.727456e-15 0.000000e+00
  435 5.249401e-15 0.000000e+00
  436 2.756812e-15 0.000000e+00
  437 2.729690e-15 0.000000e+00
  438 2.673476e-15 0.000000e+00
  439 2.773533e-15 0.000000e+00
  440 2.784615e-15 0.000000e+00
  441 2.719755e-15 0.000000e+00
  442 2.847807e-15 0.000000e+00
  443 3.210801e-15 0.000000e+00
  444 3.168159e-15 0.000000e+00
  445 5.930709e-15 0.000000e+00
  446 3.130602e-15 0.000000e+00
  447 3.113158e-15 0.000000e+00
  448 3.150927e-15 0.000000e+00
  449 3.166704e-15 0.000000e+00
  450 3.191489e-15 0.000000e+00
  451 3.179871e-15 0.000000e+00
  452 3.222715e-15 0.000000e+00
  453 3.729946e-15 0.000000e+00
  454 3.617941e-15 0.000000e+00
  455 6.744583e-15 0.000000e+00
  456 3.579301e-15 0.000000e+00
  457 3.548688e-15 0.000000e+00
  458 3.648525e-15 0.000000e+00
  459 3.664248e-15 0.000000e+00
  460 3.654511e-15 0.000000e+00
  461 3.724774e-15 0.000000e+00
  462 3.737524e-15 9.056208e-03
  463 4.229961e-15 0.000000e+00
  464 4.189984e-15 0.000000e+00
  465 7.403239e-15 0.000000e+00
  466 4.196325e-15 0.000000e+00
  467 4.046805e-15 0.000000e+00
  468 4.113375e-15 0.000000e+00
  469 4.176371e-15 0.000000e+00
  470 4.248888e-15 0.000000e+00
  471 4.179497e-15 0.000000e+00
  472 4.340828e-15 0.000000e+00
  473 4.846318e-15 0.000000e+00
  474 4.707188e-15 0.000000e+00
  475 8.180990e-15 0.000000e+00
  476 4.678181e-15 0.000000e+00
  477 4.590527e-15 0.000000e+00
  478 4.613366e-15 0.000000e+00
  479 4.785083e-15 0.000000e+00
  480 4.703250e-15 0.000000e+00
  481 4.803249e-15 0.000000e+00
  482 4.916688e-15 0.000000e+00
  483 5.416126e-15 0.000000e+00
  484 5.306773e-15 0.000000e+00
  485 8.959607e-15 0.000000e+00
  486 5.219534e-15 0.000000e+00
  487 5.130421e-15 0.000000e+00
  488 5.257235e-15 0.000000e+00
  489 5.347312e-15 0.000000e+00
  490 5.312058e-15 0.000000e+00
  491 5.407913e-15 0.000000e+00
  492 5.434115e-15 9.117618e-03
  493 6.062940e-15 0.000000e+00
  494 5.860561e-15 0.000000e+00
  495 9.625934e-15 0.000000e+00
  496 5.783194e-15 0.000000e+00
  497 5.646957e-15 0.000000e+00
  498 5.821779e-15 0.000000e+00
  499 5.926936e-15 0.000000e+00
  500 5.863753e-15 0.000000e+00
  501 6.004481e-15 0.000000e+00
  502 6.056351e-15 0.000000e+00
  503 6.611498e-15 0.000000e+00
  504 6.465128e-15 0.000000e+00
  505 1.013286e-14 0.000000e+00
  506 6.341888e-15 0.000000e+00
  507 6.172718e-15 0.000000e+00
  508 6.426065e-15 0.000000e+00
  509 6.481731e-15 0.000000e+00
  510 6.437109e-15 0.000000e+00
  511 6.499392e-15 0.000000e+00
  512 6.620966e-15 0.000000e+00
  513 7.228970e-15 0.000000e+00
  514 7.072988e-15 0.000000e+00
  515 1.065436e-14 0.000000e+00
  516 6.746027e-15 0.000000e+00
  517 6.914488e-15 0.000000e+00
  518 6.929086e-15 0.000000e+00
  519 6.952894e-15 0.000000e+00
  520 7.094339e-15 0.000000e+00
  521 7.029824e-15 0.000000e+00
  522 7.121042e-15 9.244233e-03
  523 7.756847e-15 0.000000e+00
  524 7.504839e-15 0.000000e+00
  525 1.118308e-14 0.000000e+00
  526 7.418834e-15 0.000000e+00
  527 7.358114e-15 0.000000e+00
  528 7.496798e-15 0.000000e+00
  529 7.476071e-15 0.000000e+00
  530 7.608074e-15 0.000000e+00
  531 7.622509e-15 0.000000e+00
  532 7.641481e-15 0.000000e+00
  533 8.310898e-15 0.000000e+00
  534 8.063082e-15 0.000000e+00
  535 1.173371e-14 0.000000e+00
  536 7.867899e-15 0.000000e+00
  537 7.842984e-15 0.000000e+00
  538 8.035180e-15 0.000000e+00
  539 7.989377e-15 0.000000e+00
  540 8.173159e-15 0.000000e+00
  541 8.131914e-15 0.000000e+00
  542 8.228198e-15 0.000000e+00
  543 8.784221e-15 0.000000e+00
  544 8.651580e-15 0.000000e+00
  545 1.206946e-14 0.000000e+00
  546 8.397121e-15 0.000000e+00
  547 8.365667e-15 0.000000e+00
  548 8.515410e-15 0.000000e+00
  549 8.519997e-15 0.000000e+00
  550 8.566441e-15 0.000000e+00
  551 8.669056e-15 0.000000e+00
  552 8.665590e-15 2.046234e-02
  553 9.241508e-15 0.000000e+00
  554 9.031412e-15 0.000000e+00
  555 1.269867e-14 0.000000e+00
  556 8.891650e-15 0.000000e+00
  557 8.800893e-15 0.000000e+00
  558 8.969301e-15 0.000000e+00
  559 9.045465e-15 0.000000e+00
  560 9.045345e-15 0.000000e+00
  561 9.016849e-15 0.000000e+00
  562 9.252938e-15 0.000000e+00
  563 9.614269e-15 0.000000e+00
  564 9.465363e-15 0.000000e+00
  565 1.334481e-14 0.000000e+00
  566 9.310418e-15 0.000000e+00
  567 9.291915e-15 0.000000e+00
  568 9.376027e-15 0.000000e+00
  569 9.445689e-15 0.000000e+00
  570 9.396218e-15 0.000000e+00
  571 9.437018e-15 0.000000e+00
  572 9.582858e-15 0.000000e+00
  573 1.007328e-14 0.000000e+00
  574 9.853417e-15 0.000000e+00
  575 1.418369e-14 0.000000e+00
  576 9.684351e-15 0.000000e+00
  577 9.637655e-15 0.000000e+00
  578 9.873541e-15 0.000000e+00
  579 9.832965e-15 0.000000e+00
  580 9.792338e-15 0.000000e+00
  581 9.732759e-15 0.000000e+00
  582 9.738530e-15 0.000000e+00
  583 1.059833e-14 0.000000e+00
  584 1.017901e-14 0.000000e+00
  585 1.506566e-14 0.000000e+00
  586 1.003996e-14 0.000000e+00
  587 9.959733e-15 0.000000e+00
  588 1.018311e-14 0.000000e+00
  589 1.020027e-14 0.000000e+00
  590 1.013735e-14 0.000000e+00
  591 1.004077e-14 0.000000e+00
  592 1.021389e-14 0.000000e+00
  593 1.084782e-14 0.000000e+00
  594 1.056717e-14 0.000000e+00
  595 1.617664e-14 0.000000e+00
  596 1.031575e-14 0.000000e+00
  597 1.032810e-14 0.000000e+00
  598 1.043971e-14 0.000000e+00
  599 1.050647e-14 0.000000e+00
  600 1.043576e-14 0.000000e+00
  601 1.028151e-14 0.000000e+00
  602 1.043445e-14 0.000000e+00
  603 1.108229e-14 0.000000e+00
  604 1.092545e-14 0.000000e+00
  605 1.706358e-14 0.000000e+00
  606 1.058525e-14 0.000000e+00
  607 1.061399e-14 0.000000e+00
  608 1.076041e-14 0.000000e+00
  609 1.070199e-14 0.000000e+00
  610 1.063048e-14 0.000000e+00
  611 1.064080e-14 0.000000e+00
  612 1.054858e-14 0.000000e+00
  613 1.143035e-14 0.000000e+00
  614 1.117548e-14 0.000000e+00
  615 1.815411e-14 0.000000e+00
  616 1.084230e-14 0.000000e+00
  617 1.098399e-14 0.000000e+00
  618 1.087230e-14 0.000000e+00
  619 1.079182e-14 0.000000e+00
  620 1.096153e-14 0.000000e+00
  621 1.081716e-14 0.000000e+00
  622 1.072600e-14 0.000000e+00
  623 1.159709e-14 0.000000e+00
  624 1.142987e-14 0.000000e+00
  625 1.949326e-14 0.000000e+00
  626 1.106551e-14 0.000000e+00
  627 1.119119e-14 0.000000e+00
  628 1.104243e-14 0.000000e+00
  629 1.102992e-14 0.000000e+00
  630 1.111262e-14 0.000000e+00
  631 1.100305e-14 0.000000e+00
  632 1.093185e-14 0.000000e+00
  633 1.189774e-14 0.000000e+00
  634 1.162870e-14 0.000000e+00
  635 2.080390e-14 0.000000e+00
  636 1.134153e-14 0.000000e+00
  637 1.138573e-14 0.000000e+00
  638 1.130697e-14 0.000000e+00
  639 1.125713e-14 0.000000e+00
  640 1.114967e-14 0.000000e+00
  641 1.123435e-14 0.000000e+00
  642 1.111313e-14 0.000000e+00
  643 1.224873e-14 0.000000e+00
  644 1.191715e-14 0.000000e+00
  645 2.210139e-14 0.000000e+00
  646 1.165794e-14 0.000000e+00
  647 1.160917e-14 0.000000e+00
  648 1.147868e-14 0.000000e+00
  649 1.141264e-14 0.000000e+00
  650 1.135019e-14 0.000000e+00
  651 1.141588e-14 0.000000e+00
  652 1.126791e-14 3.299335e-02
  653 1.278564e-14 0.000000e+00
  654 1.212462e-14 0.000000e+00
  655 2.354860e-14 0.000000e+00
  656 1.179489e-14 0.000000e+00
  657 1.191125e-14 0.000000e+00
  658 1.172741e-14 0.000000e+00
  659 1.168418e-14 0.000000e+00
  660 1.176572e-14 0.000000e+00
  661 1.163271e-14 0.000000e+00
  662 1.161033e-14 0.000000e+00
  663 1.330773e-14 0.000000e+00
  664 1.256195e-14 0.000000e+00
  665 2.491528e-14 0.000000e+00
  666 1.219103e-14 0.000000e+00
  667 1.230363e-14 0.000000e+00
  668 1.210974e-14 0.000000e+00
  669 1.214085e-14 0.000000e+00
  670 1.199320e-14 0.000000e+00
  671 1.221205e-14 0.000000e+00
  672 1.197719e-14 0.000000e+00
  673 1.390036e-14 0.000000e+00
  674 1.323767e-14 0.000000e+00
  675 2.646068e-14 0.000000e+00
  676 1.258018e-14 0.000000e+00
  677 1.290258e-14 0.000000e+00
  678 1.255283e-14 0.000000e+00
  679 1.261592e-14 0.000000e+00
  680 1.290109e-14 0.000000e+00
  681 1.264455e-14 0.000000e+00
  682 1.264408e-14 0.000000e+00
  683 1.446946e-14 0.000000e+00
  684 1.401819e-14 0.000000e+00
  685 2.805340e-14 0.000000e+00
  686 1.330327e-14 0.000000e+00
  687 1.339316e-14 0.000000e+00
  688 1.338248e-14 0.000000e+00
  689 1.316301e-14 0.000000e+00
  690 1.339254e-14 0.000000e+00
  691 1.312446e-14 0.000000e+00
  692 1.352371e-14 0.000000e+00
  693 1.527274e-14 0.000000e+00
  694 1.484397e-14 0.000000e+00
  695 2.981754e-14 0.000000e+00
  696 1.408981e-14 0.000000e+00
  697 1.389919e-14 0.000000e+00
  698 1.423657e-14 0.000000e+00
  699 1.409292e-14 0.000000e+00
  700 1.392465e-14 0.000000e+00
  701 1.422674e-14 0.000000e+00
  702 1.431236e-14 0.000000e+00
  703 1.620633e-14 0.000000e+00
  704 1.574456e-14 0.000000e+00
  705 3.188614e-14 0.000000e+00
  706 1.492384e-14 0.000000e+00
  707 1.478062e-14 0.000000e+00
  708 1.509683e-14 0.000000e+00
  709 1.527183e-14 0.000000e+00
  710 1.494209e-14 0.000000e+00
  711 1.514279e-14 0.000000e+00
  712 1.518684e-14 0.000000e+00
  713 1.750577e-14 0.000000e+00
  714 1.714790e-14 0.000000e+00
  715 3.359569e-14 0.000000e+00
  716 1.593560e-14 0.000000e+00
  717 1.583557e-14 0.000000e+00
  718 1.616872e-14 0.000000e+00
  719 1.631004e-14 0.000000e+00
  720 1.615114e-14 0.000000e+00
  721 1.625276e-14 0.000000e+00
  722 1.623505e-14 0.000000e+00
  723 1.890553e-14 0.000000e+00
  724 1.823250e-14 0.000000e+00
  725 3.526865e-14 0.000000e+00
  726 1.724304e-14 0.000000e+00
  727 1.683172e-14 0.000000e+00
  728 1.743782e-14 0.000000e+00
  729 1.734432e-14 0.000000e+00
  730 1.738814e-14 0.000000e+00
  731 1.737026e-14 0.000000e+00
  732 1.728653e-14 0.000000e+00
  733 2.036961e-14 0.000000e+00
  734 1.958821e-14 0.000000e+00
  735 3.707499e-14 0.000000e+00
  736 1.813390e-14 0.000000e+00
  737 1.795017e-14 0.000000e+00
  738 1.873771e-14 0.000000e+00
  739 1.859782e-14 0.000000e+00
  740 1.880531e-14 0.000000e+00
  741 1.838457e-14 0.000000e+00
  742 1.861310e-14 0.000000e+00
  743 2.183986e-14 0.000000e+00
  744 2.090983e-14 0.000000e+00
  745 3.846691e-14 0.000000e+00
  746 1.940472e-14 0.000000e+00
  747 1.916436e-14 0.000000e+00
  748 2.017700e-14 0.000000e+00
  749 1.996066e-14 0.000000e+00
  750 1.982209e-14 0.000000e+00
  751 1.983939e-14 0.000000e+00
  752 2.014295e-14 2.863811e-02
  753 2.309426e-14 0.000000e+00
  754 2.242708e-14 0.000000e+00
  755 3.978386e-14 0.000000e+00
  756 2.047785e-14 0.000000e+00
  757 2.034088e-14 0.000000e+00
  758 2.135188e-14 0.000000e+00
  759 2.148829e-14 0.000000e+00
  760 2.101652e-14 0.000000e+00
  761 2.142252e-14 0.000000e+00
  762 2.143536e-14 0.000000e+00
  763 2.435381e-14 0.000000e+00
  764 2.368561e-14 0.000000e+00
  765 4.084884e-14 0.000000e+00
  766 2.172057e-14 0.000000e+00
  767 2.120920e-14 0.000000e+00
  768 2.275758e-14 0.000000e+00
  769 2.291285e-14 0.000000e+00
  770 2.215882e-14 0.000000e+00
  771 2.249681e-14 0.000000e+00
  772 2.274050e-14 0.000000e+00
  773 2.562121e-14 0.000000e+00
  774 2.507278e-14 0.000000e+00
  775 4.124226e-14 0.000000e+00
  776 2.302686e-14 0.000000e+00
  777 2.228490e-14 0.000000e+00
  778 2.375970e-14 0.000000e+00
  779 2.412307e-14 0.000000e+00
  780 2.367649e-14 0.000000e+00
  781 2.382086e-14 0.000000e+00
  782 2.398272e-14 0.000000e+00
  783 2.715855e-14 0.000000e+00
  784 2.635703e-14 0.000000e+00
  785 4.115821e-14 0.000000e+00
  786 2.404683e-14 0.000000e+00
  787 2.332356e-14 0.000000e+00
  788 2.513486e-14 0.000000e+00
  789 2.546490e-14 0.000000e+00
  790 2.491607e-14 0.000000e+00
  791 2.523377e-14 0.000000e+00
  792 2.496095e-14 0.000000e+00
  793 2.852350e-14 0.000000e+00
  794 2.745261e-14 0.000000e+00
  795 4.108593e-14 0.000000e+00
  796 2.509871e-14 0.000000e+00
  797 2.445965e-14 0.000000e+00
  798 2.654708e-14 0.000000e+00
  799 2.647530e-14 0.000000e+00
  800 2.626404e-14 0.000000e+00
  801 2.649876e-14 0.000000e+00
  802 2.598674e-14 0.000000e+00
  803 2.970113e-14 0.000000e+00
  804 2.827918e-14 0.000000e+00
  805 4.070050e-14 0.000000e+00
  806 2.625961e-14 0.000000e+00
  807 2.578439e-14 0.000000e+00
  808 2.750911e-14 0.000000e+00
  809 2.751117e-14 0.000000e+00
  810 2.727011e-14 0.000000e+00
  811 2.777472e-14 0.000000e+00
  812 2.711696e-14 0.000000e+00
  813 3.045099e-14 0.000000e+00
  814 2.926411e-14 0.000000e+00
  815 4.036783e-14 0.000000e+00
  816 2.732533e-14 0.000000e+00
  817 2.670946e-14 0.000000e+00
  818 2.860006e-14 0.000000e+00
  819 2.877320e-14 0.000000e+00
  820 2.837548e-14 0.000000e+00
  821 2.855089e-14 0.000000e+00
  822 2.823894e-14 0.000000e+00
  823 3.165636e-14 0.000000e+00
  824 2.995723e-14 0.000000e+00
  825 4.003337e-14 0.000000e+00
  826 2.859392e-14 0.000000e+00
  827 2.753475e-14 0.000000e+00
  828 2.956627e-14 0.000000e+00
  829 2.966630e-14 0.000000e+00
  830 2.964876e-14 0.000000e+00
  831 2.947082e-14 0.000000e+00
  832 2.963130e-14 0.000000e+00
  833 3.236255e-14 0.000000e+00
  834 3.105268e-14 0.000000e+00
  835 4.003117e-14 0.000000e+00
  836 2.944307e-14 0.000000e+00
  837 2.870844e-14 0.000000e+00
  838 3.056636e-14 0.000000e+00
  839 3.059015e-14 0.000000e+00
  840 3.081910e-14 0.000000e+00
  841 3.049748e-14 0.000000e+00
  842 3.012840e-14 0.000000e+00
  843 3.324764e-14 0.000000e+00
  844 3.205854e-14 0.000000e+00
  845 4.026191e-14 0.000000e+00
  846 3.043851e-14 0.000000e+00
  847 2.949528e-14 0.000000e+00
  848 3.160967e-14 0.000000e+00
  849 3.155107e-14 0.000000e+00
  850 3.170299e-14 0.000000e+00
  851 3.109406e-14 0.000000e+00
  852 3.105556e-14 2.282144e-02
  853 3.404782e-14 0.000000e+00
  854 3.274871e-14 0.000000e+00
  855 4.108835e-14 0.000000e+00
  856 3.134779e-14 0.000000e+00
  857 3.053789e-14 0.000000e+00
  858 3.243779e-14 0.000000e+00
  859 3.213657e-14 0.000000e+00
  860 3.272785e-14 0.000000e+00
  861 3.183478e-14 0.000000e+00
  862 3.211263e-14 0.000000e+00
  863 3.460100e-14 0.000000e+00
  864 3.376074e-14 0.000000e+00
  865 4.244671e-14 0.000000e+00
  866 3.238758e-14 0.000000e+00
  867 3.152682e-14 0.000000e+00
  868 3.314707e-14 0.000000e+00
  869 3.285524e-14 0.000000e+00
  870 3.333943e-14 0.000000e+00
  871 3.266237e-14 0.000000e+00
  872 3.295698e-14 0.000000e+00
  873 3.537738e-14 0.000000e+00
  874 3.457159e-14 0.000000e+00
  875 4.449404e-14 0.000000e+00
  876 3.303094e-14 0.000000e+00
  877 3.228356e-14 0.000000e+00
  878 3.388355e-14 0.000000e+00
  879 3.369609e-14 0.000000e+00
  880 3.400271e-14 0.000000e+00
  881 3.324799e-14 0.000000e+00
  882 3.361072e-14 0.000000e+00
  883 3.593214e-14 0.000000e+00
  884 3.514699e-14 0.000000e+00
  885 4.681282e-14 0.000000e+00
  886 3.370036e-14 0.000000e+00
  887 3.302805e-14 0.000000e+00
  888 3.419516e-14 0.000000e+00
  889 3.418209e-14 0.000000e+00
  890 3.440606e-14 0.000000e+00
  891 3.390251e-14 0.000000e+00
  892 3.390103e-14 0.000000e+00
  893 3.661581e-14 0.000000e+00
  894 3.555821e-14 0.000000e+00
  895 4.979163e-14 0.000000e+00
  896 3.409572e-14 0.000000e+00
  897 3.364822e-14 0.000000e+00
  898 3.464787e-14 0.000000e+00
  899 3.472388e-14 0.000000e+00
  900 3.448331e-14 0.000000e+00
  901 3.455800e-14 0.000000e+00
  902 3.435516e-14 0.000000e+00
  903 3.682623e-14 0.000000e+00
  904 3.585780e-14 0.000000e+00
  905 5.294104e-14 0.000000e+00
  906 3.432791e-14 0.000000e+00
  907 3.431572e-14 0.000000e+00
  908 3.482478e-14 0.000000e+00
  909 3.499496e-14 0.000000e+00
  910 3.480620e-14 0.000000e+00
  911 3.474728e-14 0.000000e+00
  912 3.444323e-14 0.000000e+00
  913 3.687652e-14 0.000000e+00
  914 3.621580e-14 0.000000e+00
  915 5.625554e-14 0.000000e+00
  916 3.445484e-14 0.000000e+00
  917 3.438782e-14 0.000000e+00
  918 3.477202e-14 0.000000e+00
  919 3.498359e-14 0.000000e+00
  920 3.441611e-14 0.000000e+00
  921 3.439311e-14 0.000000e+00
  922 3.448398e-14 0.000000e+00
  923 3.724005e-14 0.000000e+00
  924 3.592716e-14 0.000000e+00
  925 5.950789e-14 0.000000e+00
  926 3.436844e-14 0.000000e+00
  927 3.420247e-14 0.000000e+00
  928 3.479012e-14 0.000000e+00
  929 3.442495e-14 0.000000e+00
  930 3.417911e-14 0.000000e+00
  931 3.447854e-14 0.000000e+00
  932 3.363848e-14 0.000000e+00
  933 3.713258e-14 0.000000e+00
  934 3.605379e-14 0.000000e+00
  935 6.257771e-14 0.000000e+00
  936 3.410048e-14 0.000000e+00
  937 3.374550e-14 0.000000e+00
  938 3.430732e-14 0.000000e+00
  939 3.427277e-14 0.000000e+00
  940 3.355295e-14 0.000000e+00
  941 3.393085e-14 0.000000e+00
  942 3.300330e-14 0.000000e+00
  943 3.684039e-14 0.000000e+00
  944 3.659354e-14 0.000000e+00
  945 6.520783e-14 0.000000e+00
  946 3.355745e-14 0.000000e+00
  947 3.319162e-14 0.000000e+00
  948 3.374624e-14 0.000000e+00
  949 3.345689e-14 0.000000e+00
  950 3.282624e-14 0.000000e+00
  951 3.315297e-14 0.000000e+00
  952 3.271828e-14 1.900420e-02
  953 3.644068e-14 0.000000e+00
  954 3.581050e-14 0.000000e+00
  955 6.778953e-14 0.000000e+00
  956 3.322771e-14 0.000000e+00
  957 3.209399e-14 0.000000e+00
  958 3.321487e-14 0.000000e+00
  959 3.241242e-14 0.000000e+00
  960 3.228715e-14 0.000000e+00
  961 3.239737e-14 0.000000e+00
  962 3.166801e-14 0.000000e+00
  963 3.615773e-14 0.000000e+00
  964 3.519487e-14 0.000000e+00
  965 7.040658e-14 0.000000e+00
  966 3.251048e-14 0.000000e+00
  967 3.126349e-14 0.000000e+00
  968 3.264249e-14 0.000000e+00
  969 3.157738e-14 0.000000e+00
  970 3.174859e-14 0.000000e+00
  971 3.149680e-14 0.000000e+00
  972 3.082483e-14 0.000000e+00
  973 3.607262e-14 0.000000e+00
  974 3.493477e-14 0.000000e+00
  975 7.250184e-14 0.000000e+00
  976 3.211479e-14 0.000000e+00
  977 3.092179e-14 0.000000e+00
  978 3.175285e-14 0.000000e+00
  979 3.107622e-14 0.000000e+00
  980 3.090854e-14 0.000000e+00
  981 3.116306e-14 0.000000e+00
  982 3.058931e-14 0.000000e+00
  983 3.613924e-14 0.000000e+00
  984 3.483653e-14 0.000000e+00
  985 7.467955e-14 0.000000e+00
  986 3.170506e-14 0.000000e+00
  987 3.001580e-14 0.000000e+00
  988 3.161996e-14 0.000000e+00
  989 3.123125e-14 0.000000e+00
  990 3.033255e-14 0.000000e+00
  991 3.099495e-14 0.000000e+00
  992 3.040631e-14 0.000000e+00
  993 3.653589e-14 0.000000e+00
  994 3.501356e-14 0.000000e+00
  995 7.678328e-14 0.000000e+00
  996 3.153353e-14 0.000000e+00
  997 2.996581e-14 0.000000e+00
  998 3.172522e-14 0.000000e+00
  999 3.141126e-14 0.000000e+00
 1000 3.098465e-14 0.000000e+00
 1001 3.111752e-14 0.000000e+00
 1002 3.039049e-14 0.000000e+00
 1003 3.794865e-14 0.000000e+00
 1004 3.570933e-14 0.000000e+00
 1005 7.910715e-14 0.000000e+00
 1006 3.141700e-14 0.000000e+00
 1007 3.030461e-14 0.000000e+00
 1008 3.240527e-14 0.000000e+00
 1009 3.267730e-14 0.000000e+00
 1010 3.182012e-14 0.000000e+00
 1011 3.167276e-14 0.000000e+00
 1012 3.126812e-14 0.000000e+00
 1013 3.953139e-14 0.000000e+00
 1014 3.702592e-14 0.000000e+00
 1015 8.132826e-14 0.000000e+00
 1016 3.300438e-14 0.000000e+00
 1017 3.154225e-14 0.000000e+00
 1018 3.389931e-14 0.000000e+00
 1019 3.368134e-14 0.000000e+00
 1020 3.312144e-14 0.000000e+00
 1021 3.307909e-14 0.000000e+00
 1022 3.264030e-14 0.000000e+00
 1023 4.204613e-14 0.000000e+00
 1024 3.885918e-14 0.000000e+00
 1025 8.434673e-14 0.000000e+00
 1026 3.495222e-14 0.000000e+00
 1027 3.298952e-14 0.000000e+00
 1028 3.568769e-14 0.000000e+00
 1029 3.562161e-14 0.000000e+00
 1030 3.479636e-14 0.000000e+00
 1031 3.494466e-14 0.000000e+00
 1032 3.474786e-14 0.000000e+00
 1033 4.518952e-14 0.000000e+00
 1034 4.147595e-14 0.000000e+00
 1035 8.781822e-14 0.000000e+00
 1036 3.725172e-14 0.000000e+00
 1037 3.433387e-14 0.000000e+00
 1038 3.837172e-14 0.000000e+00
 1039 3.845391e-14 0.000000e+00
 1040 3.679149e-14 0.000000e+00
 1041 3.747743e-14 0.000000e+00
 1042 3.781422e-14 0.000000e+00
 1043 4.853844e-14 0.000000e+00
 1044 4.479265e-14 0.000000e+00
 1045 9.074999e-14 0.000000e+00
 1046 3.969298e-14 0.000000e+00
 1047 3.667991e-14 0.000000e+00
 1048 4.161760e-14 0.000000e+00
 1049 4.128727e-14 0.000000e+00
 1050 4.000233e-14 0.000000e+00
 1051 4.018877e-14 0.000000e+00
 1052 4.099672e-14 1.436619e-02
 1053 5.253100e-14 0.000000e+00
 1054 4.757605e-14 0.000000e+00
 1055 9.372929e-14 0.000000e+00
 1056 4.198751e-14 0.000000e+00
 1057 3.979863e-14 0.000000e+00
 1058 4.502374e-14 0.000000e+00
 1059 4.433912e-14 0.000000e+00
 1060 4.359165e-14 0.000000e+00
 1061 4.349932e-14 0.000000e+00
 1062 4.439359e-14 0.000000e+00
 1063 5.587366e-14 0.000000e+00
 1064 5.086713e-14 0.000000e+00
 1065 9.645605e-14 0.000000e+00
 1066 4.447885e-14 0.000000e+00
 1067 4.284492e-14 0.000000e+00
 1068 4.853710e-14 0.000000e+00
 1069 4.791962e-14 0.000000e+00
 1070 4.712495e-14 0.000000e+00
 1071 4.631557e-14 0.000000e+00
 1072 4.798791e-14 0.000000e+00
 1073 5.944539e-14 0.000000e+00
 1074 5.476748e-14 0.000000e+00
 1075 9.780456e-14 0.000000e+00
 1076 4.740241e-14 0.000000e+00
 1077 4.531884e-14 0.000000e+00
 1078 5.258153e-14 0.000000e+00
 1079 5.130450e-14 0.000000e+00
 1080 5.043164e-14 0.000000e+00
 1081 4.967866e-14 0.000000e+00
 1082 5.069496e-14 0.000000e+00
 1083 6.340878e-14 0.000000e+00
 1084 5.843043e-14 0.000000e+00
 1085 9.730751e-14 0.000000e+00
 1086 5.119469e-14 0.000000e+00
 1087 4.803219e-14 0.000000e+00
 1088 5.563766e-14 0.000000e+00
 1089 5.433323e-14 0.000000e+00
 1090 5.373743e-14 0.000000e+00
 1091 5.324613e-14 0.000000e+00
 1092 5.369240e-14 0.000000e+00
 1093 6.650409e-14 0.000000e+00
 1094 6.158646e-14 0.000000e+00
 1095 9.675593e-14 0.000000e+00
 1096 5.361070e-14 0.000000e+00
 1097 5.031697e-14 0.000000e+00
 1098 5.907128e-14 0.000000e+00
 1099 5.720070e-14 0.000000e+00
 1100 5.681524e-14 0.000000e+00
 1101 5.664179e-14 0.000000e+00
 1102 5.659643e-14 0.000000e+00
 1103 6.965297e-14 0.000000e+00
 1104 6.373103e-14 0.000000e+00
 1105 9.477808e-14 0.000000e+00
 1106 5.556414e-14 0.000000e+00
 1107 5.234518e-14 0.000000e+00
 1108 6.225496e-14 0.000000e+00
 1109 6.012493e-14 0.000000e+00
 1110 5.943638e-14 0.000000e+00
 1111 5.940706e-14 0.000000e+00
 1112 5.919338e-14 0.000000e+00
 1113 7.194331e-14 0.000000e+00
 1114 6.680163e-14 0.000000e+00
 1115 9.054424e-14 0.000000e+00
 1116 5.840633e-14 0.000000e+00
 1117 5.450964e-14 0.000000e+00
 1118 6.412770e-14 0.000000e+00
 1119 6.319716e-14 0.000000e+00
 1120 6.220317e-14 0.000000e+00
 1121 6.236130e-14 0.000000e+00
 1122 6.117151e-14 0.000000e+00
 1123 7.449336e-14 0.000000e+00
 1124 6.847816e-14 0.000000e+00
 1125 8.641823e-14 0.000000e+00
 1126 6.024707e-14 0.000000e+00
 1127 5.688413e-14 0.000000e+00
 1128 6.581141e-14 0.000000e+00
 1129 6.573215e-14 0.000000e+00
 1130 6.471485e-14 0.000000e+00
 1131 6.428093e-14 0.000000e+00
 1132 6.358641e-14 0.000000e+00
 1133 7.639063e-14 0.000000e+00
 1134 7.015722e-14 0.000000e+00
 1135 8.177684e-14 0.000000e+00
 1136 6.272017e-14 0.000000e+00
 1137 5.880832e-14 0.000000e+00
 1138 6.784148e-14 0.000000e+00
 1139 6.765923e-14 0.000000e+00
 1140 6.661550e-14 0.000000e+00
 1141 6.662083e-14 0.000000e+00
 1142 6.574631e-14 0.000000e+00
 1143 7.737545e-14 0.000000e+00
 1144 7.171887e-14 0.000000e+00
 1145 7.855357e-14 0.000000e+00
 1146 6.497840e-14 0.000000e+00
 1147 5.983204e-14 0.000000e+00
 1148 7.002697e-14 0.000000e+00
 1149 6.962065e-14 0.000000e+00
 1150 6.852087e-14 0.000000e+00
 1151 6.828013e-14 0.000000e+00
 1152 6.796161e-14 2.180220e-02
 1153 7.883545e-14 0.000000e+00
 1154 7.289131e-14 0.000000e+00
 1155 7.665076e-14 0.000000e+00
 1156 6.614185e-14 0.000000e+00
 1157 6.178090e-14 0.000000e+00
 1158 7.159845e-14 0.000000e+00
 1159 7.182894e-14 0.000000e+00
 1160 7.014326e-14 0.000000e+00
 1161 7.010935e-14 0.000000e+00
 1162 6.987689e-14 0.000000e+00
 1163 8.019138e-14 0.000000e+00
 1164 7.415185e-14 0.000000e+00
 1165 7.630896e-14 0.000000e+00
 1166 6.816701e-14 0.000000e+00
 1167 6.329380e-14 0.000000e+00
 1168 7.360719e-14 0.000000e+00
 1169 7.320066e-14 0.000000e+00
 1170 7.248057e-14 0.000000e+00
 1171 7.163972e-14 0.000000e+00
 1172 7.150692e-14 0.000000e+00
 1173 8.131625e-14 0.000000e+00
 1174 7.579503e-14 0.000000e+00
 1175 7.870683e-14 0.000000e+00
 1176 6.951341e-14 0.000000e+00
 1177 6.520912e-14 0.000000e+00
 1178 7.555912e-14 0.000000e+00
 1179 7.460468e-14 0.000000e+00
 1180 7.451597e-14 0.000000e+00
 1181 7.323787e-14 0.000000e+00
 1182 7.344731e-14 0.000000e+00
 1183 8.238993e-14 0.000000e+00
 1184 7.828108e-14 0.000000e+00
 1185 8.275099e-14 0.000000e+00
 1186 7.118614e-14 0.000000e+00
 1187 6.827549e-14 0.000000e+00
 1188 7.707540e-14 0.000000e+00
 1189 7.666392e-14 0.000000e+00
 1190 7.601521e-14 0.000000e+00
 1191 7.477448e-14 0.000000e+00
 1192 7.539541e-14 0.000000e+00
 1193 8.378413e-14 0.000000e+00
 1194 8.045290e-14 0.000000e+00
 1195 8.973500e-14 0.000000e+00
 1196 7.365147e-14 0.000000e+00
 1197 7.043400e-14 0.000000e+00
 1198 7.867878e-14 0.000000e+00
 1199 7.840935e-14 0.000000e+00
 1200 7.757201e-14 0.000000e+00
 1201 7.641373e-14 0.000000e+00
 1202 7.733487e-14 0.000000e+00
 1203 8.552066e-14 0.000000e+00
 1204 8.293547e-14 0.000000e+00
 1205 9.920949e-14 0.000000e+00
 1206 7.582493e-14 0.000000e+00
 1207 7.272308e-14 0.000000e+00
 1208 8.026443e-14 0.000000e+00
 1209 8.081338e-14 0.000000e+00
 1210 7.905552e-14 0.000000e+00
 1211 7.839101e-14 0.000000e+00
 1212 7.872901e-14 0.000000e+00
 1213 8.799678e-14 0.000000e+00
 1214 8.484874e-14 0.000000e+00
 1215 1.120527e-13 0.000000e+00
 1216 7.800263e-14 0.000000e+00
 1217 7.520950e-14 0.000000e+00
 1218 8.224399e-14 0.000000e+00
 1219 8.218394e-14 0.000000e+00
 1220 8.078272e-14 0.000000e+00
 1221 8.039646e-14 0.000000e+00
 1222 8.010750e-14 0.000000e+00
 1223 9.102019e-14 0.000000e+00
 1224 8.691863e-14 0.000000e+00
 1225 1.270135e-13 0.000000e+00
 1226 8.091196e-14 0.000000e+00
 1227 7.707590e-14 0.000000e+00
 1228 8.425314e-14 0.000000e+00
 1229 8.343082e-14 0.000000e+00
 1230 8.277717e-14 0.000000e+00
 1231 8.196020e-14 0.000000e+00
 1232 8.170355e-14 0.000000e+00
 1233 9.425196e-14 0.000000e+00
 1234 9.003064e-14 0.000000e+00
 1235 1.428564e-13 0.000000e+00
 1236 8.309734e-14 0.000000e+00
 1237 7.915793e-14 0.000000e+00
 1238 8.593217e-14 0.000000e+00
 1239 8.488433e-14 0.000000e+00
 1240 8.478408e-14 0.000000e+00
 1241 8.321948e-14 0.000000e+00
 1242 8.288838e-14 0.000000e+00
 1243 9.727052e-14 0.000000e+00
 1244 9.227551e-14 0.000000e+00
 1245 1.603494e-13 0.000000e+00
 1246 8.503696e-14 0.000000e+00
 1247 8.085948e-14 0.000000e+00
 1248 8.771249e-14 0.000000e+00
 1249 8.579531e-14 0.000000e+00
 1250 8.589101e-14 0.000000e+00
 1251 8.473342e-14 0.000000e+00
 1252 8.468832e-14 0.000000e+00
 1253 1.000728e-13 0.000000e+00
 1254 9.543541e-14 0.000000e+00
 1255 1.758682e-13 0.000000e+00
 1256 8.612793e-14 0.000000e+00
 1257 8.259652e-14 0.000000e+00
 1258 8.941333e-14 0.000000e+00
 1259 8.666700e-14 0.000000e+00
 1260 8.688280e-14 0.000000e+00
 1261 8.599598e-14 0.000000e+00
 1262 8.571852e-14 0.000000e+00
 1263 1.034106e-13 0.000000e+00
 1264 9.741342e-14 0.000000e+00
 1265 1.903105e-13 0.000000e+00
 1266 8.711580e-14 0.000000e+00
 1267 8.346195e-14 0.000000e+00
 1268 9.021872e-14 0.000000e+00
 1269 8.916446e-14 0.000000e+00
 1270 8.665542e-14 0.000000e+00
 1271 8.721448e-14 0.000000e+00
 1272 8.613221e-14 0.000000e+00
 1273 1.058777e-13 0.000000e+00
 1274 9.898333e-14 0.000000e+00
 1275 2.023527e-13 0.000000e+00
 1276 8.761317e-14 0.000000e+00
 1277 8.311941e-14 0.000000e+00
 1278 9.178402e-14 0.000000e+00
 1279 8.986677e-14 0.000000e+00
 1280 8.736535e-14 0.000000e+00
 1281 8.787457e-14 0.000000e+00
 1282 8.634541e-14 0.000000e+00
 1283 1.085057e-13 0.000000e+00
 1284 1.010684e-13 0.000000e+00
 1285 2.097016e-13 0.000000e+00
 1286 8.824533e-14 0.000000e+00
 1287 8.228698e-14 0.000000e+00
 1288 9.286459e-14 0.000000e+00
 1289 8.984499e-14 0.000000e+00
 1290 8.800042e-14 0.000000e+00
 1291 8.828637e-14 0.000000e+00
 1292 8.625985e-14 0.000000e+00
 1293 1.111889e-13 0.000000e+00
 1294 1.018445e-13 0.000000e+00
 1295 2.126087e-13 0.000000e+00
 1296 8.806460e-14 0.000000e+00
 1297 8.139285e-14 0.000000e+00
 1298 9.222471e-14 0.000000e+00
 1299 9.007674e-14 0.000000e+00
 1300 8.832554e-14 0.000000e+00
 1301 8.840875e-14 0.000000e+00
 1302 8.724858e-14 0.000000e+00
 1303 1.124308e-13 0.000000e+00
 1304 1.020345e-13 0.000000e+00
 1305 2.096107e-13 0.000000e+00
 1306 8.720808e-14 0.000000e+00
 1307 8.028772e-14 0.000000e+00
 1308 9.224871e-14 0.000000e+00
 1309 8.918798e-14 0.000000e+00
 1310 8.921246e-14 0.000000e+00
 1311 8.894732e-14 0.000000e+00
 1312 8.664940e-14 0.000000e+00
 1313 1.130723e-13 0.000000e+00
 1314 1.020634e-13 0.000000e+00
 1315 2.053199e-13 0.000000e+00
 1316 8.538680e-14 0.000000e+00
 1317 7.859996e-14 0.000000e+00
 1318 9.252930e-14 0.000000e+00
 1319 8.926786e-14 0.000000e+00
 1320 8.845987e-14 0.000000e+00
 1321 8.889765e-14 0.000000e+00
 1322 8.610578e-14 0.000000e+00
 1323 1.148433e-13 0.000000e+00
 1324 1.017769e-13 0.000000e+00
 1325 1.969549e-13 0.000000e+00
 1326 8.418631e-14 0.000000e+00
 1327 7.703267e-14 0.000000e+00
 1328 9.289059e-14 0.000000e+00
 1329 8.956232e-14 0.000000e+00
 1330 8.859140e-14 0.000000e+00
 1331 8.895188e-14 0.000000e+00
 1332 8.607716e-14 0.000000e+00
 1333 1.155109e-13 0.000000e+00
 1334 1.027968e-13 0.000000e+00
 1335 1.850110e-13 0.000000e+00
 1336 8.382772e-14 0.000000e+00
 1337 7.633558e-14 0.000000e+00
 1338 9.266672e-14 0.000000e+00
 1339 8.992515e-14 0.000000e+00
 1340 8.920710e-14 0.000000e+00
 1341 8.828516e-14 0.000000e+00
 1342 8.693834e-14 0.000000e+00
 1343 1.157892e-13 0.000000e+00
 1344 1.027394e-13 0.000000e+00
 1345 1.727375e-13 0.000000e+00
 1346 8.290704e-14 0.000000e+00
 1347 7.571108e-14 0.000000e+00
 1348 9.339376e-14 0.000000e+00
 1349 9.059847e-14 0.000000e+00
 1350 9.006782e-14 0.000000e+00
 1351 8.823393e-14 0.000000e+00
 1352 8.780259e-14 0.000000e+00
 1353 1.152095e-13 0.000000e+00
 1354 1.039204e-13 0.000000e+00
 1355 1.584869e-13 0.000000e+00
 1356 8.301222e-14 0.000000e+00
 1357 7.565506e-14 0.000000e+00
 1358 9.408411e-14 0.000000e+00
 1359 9.178138e-14 0.000000e+00
 1360 9.103778e-14 0.000000e+00
 1361 8.883764e-14 0.000000e+00
 1362 8.855804e-14 0.000000e+00
 1363 1.154083e-13 0.000000e+00
 1364 1.037498e-13 0.000000e+00
 1365 1.437369e-13 0.000000e+00
 1366 8.441781e-14 0.000000e+00
 1367 7.541700e-14 0.000000e+00
 1368 9.456027e-14 0.000000e+00
 1369 9.316806e-14 0.000000e+00
 1370 9.235072e-14 0.000000e+00
 1371 8.977568e-14 0.000000e+00
 1372 8.916418e-14 0.000000e+00
 1373 1.157752e-13 0.000000e+00
 1374 1.040603e-13 0.000000e+00
 1375 1.283452e-13 0.000000e+00
 1376 8.518535e-14 0.000000e+00
 1377 7.663430e-14 0.000000e+00
 1378 9.567437e-14 0.000000e+00
 1379 9.376934e-14 0.000000e+00
 1380 9.411387e-14 0.000000e+00
 1381 9.135832e-14 0.000000e+00
 1382 8.993445e-14 0.000000e+00
 1383 1.161467e-13 0.000000e+00
 1384 1.035908e-13 0.000000e+00
 1385 1.136321e-13 0.000000e+00
 1386 8.628978e-14 0.000000e+00
 1387 7.752067e-14 0.000000e+00
 1388 9.671537e-14 0.000000e+00
 1389 9.603153e-14 0.000000e+00
 1390 9.416095e-14 0.000000e+00
 1391 9.367272e-14 0.000000e+00
 1392 9.087108e-14 0.000000e+00
 1393 1.151407e-13 0.000000e+00
 1394 1.037876e-13 0.000000e+00
 1395 1.005263e-13 0.000000e+00
 1396 8.616163e-14 0.000000e+00
 1397 7.830040e-14 0.000000e+00
 1398 9.767637e-14 0.000000e+00
 1399 9.735871e-14 0.000000e+00
 1400 9.499711e-14 0.000000e+00
 1401 9.492619e-14 0.000000e+00
 1402 9.208637e-14 0.000000e+00
 1403 1.146364e-13 0.000000e+00
 1404 1.036464e-13 0.000000e+00
 1405 8.664932e-14 0.000000e+00
 1406 8.623796e-14 0.000000e+00
 1407 7.848914e-14 0.000000e+00
 1408 9.871540e-14 0.000000e+00
 1409 9.845214e-14 0.000000e+00
 1410 9.555650e-14 0.000000e+00
 1411 9.561801e-14 0.000000e+00
 1412 9.374016e-14 0.000000e+00
 1413 1.130763e-13 0.000000e+00
 1414 1.041373e-13 0.000000e+00
 1415 7.306382e-14 0.000000e+00
 1416 8.678027e-14 0.000000e+00
 1417 7.901555e-14 0.000000e+00
 1418 1.000182e-13 0.000000e+00
 1419 9.834493e-14 0.000000e+00
 1420 9.706277e-14 0.000000e+00
 1421 9.591103e-14 0.000000e+00
 1422 9.434343e-14 0.000000e+00
 1423 1.122684e-13 0.000000e+00
 1424 1.028807e-13 0.000000e+00
 1425 6.209309e-14 0.000000e+00
 1426 8.666304e-14 0.000000e+00
 1427 7.958692e-14 0.000000e+00
 1428 1.004270e-13 0.000000e+00
 1429 9.896571e-14 0.000000e+00
 1430 9.633603e-14 0.000000e+00
 1431 9.694420e-14 0.000000e+00
 1432 9.470603e-14 0.000000e+00
 1433 1.108657e-13 0.000000e+00
 1434 1.013213e-13 0.000000e+00
 1435 5.240650e-14 0.000000e+00
 1436 8.678854e-14 0.000000e+00
 1437 7.951176e-14 0.000000e+00
 1438 1.004588e-13 0.000000e+00
 1439 9.906712e-14 0.000000e+00
 1440 9.578130e-14 0.000000e+00
 1441 9.666941e-14 0.000000e+00
 1442 9.464627e-14 0.000000e+00
 1443 1.098225e-13 0.000000e+00
 1444 9.976351e-14 0.000000e+00
 1445 4.308573e-14 0.000000e+00
 1446 8.705431e-14 0.000000e+00
 1447 7.960730e-14 0.000000e+00
 1448 9.904052e-14 0.000000e+00
 1449 9.906270e-14 0.000000e+00
 1450 9.537946e-14 0.000000e+00
 1451 9.601821e-14 0.000000e+00
 1452 9.449469e-14 1.610747e-02
 1453 1.076208e-13 0.000000e+00
 1454 9.816494e-14 0.000000e+00
 1455 3.595310e-14 0.000000e+00
 1456 8.663900e-14 0.000000e+00
 1457 7.912091e-14 0.000000e+00
 1458 9.773348e-14 0.000000e+00
 1459 9.847301e-14 0.000000e+00
 1460 9.454289e-14 0.000000e+00
 1461 9.503324e-14 0.000000e+00
 1462 9.338118e-14 0.000000e+00
 1463 1.044235e-13 0.000000e+00
 1464 9.737128e-14 0.000000e+00
 1465 3.056110e-14 0.000000e+00
 1466 8.635678e-14 0.000000e+00
 1467 7.848866e-14 0.000000e+00
 1468 9.651465e-14 0.000000e+00
 1469 9.647698e-14 0.000000e+00
 1470 9.331942e-14 0.000000e+00
 1471 9.383258e-14 0.000000e+00
 1472 9.193157e-14 0.000000e+00
 1473 1.013309e-13 0.000000e+00
 1474 9.554549e-14 0.000000e+00
 1475 2.894170e-14 0.000000e+00
 1476 8.450061e-14 0.000000e+00
 1477 7.765081e-14 0.000000e+00
 1478 9.497032e-14 0.000000e+00
 1479 9.400981e-14 0.000000e+00
 1480 9.206367e-14 0.000000e+00
 1481 9.226353e-14 0.000000e+00
 1482 8.984087e-14 0.000000e+00
 1483 9.842896e-14 0.000000e+00
 1484 9.381965e-14 0.000000e+00
 1485 2.928775e-14 0.000000e+00
 1486 8.334889e-14 0.000000e+00
 1487 7.617738e-14 0.000000e+00
 1488 9.293138e-14 0.000000e+00
 1489 9.176175e-14 0.000000e+00
 1490 8.963441e-14 0.000000e+00
 1491 9.004537e-14 0.000000e+00
 1492 8.823785e-14 0.000000e+00
 1493 9.645532e-14 0.000000e+00
 1494 9.105523e-14 0.000000e+00
 1495 3.247101e-14 0.000000e+00
 1496 8.112800e-14 0.000000e+00
 1497 7.502513e-14 0.000000e+00
 1498 9.122214e-14 0.000000e+00
 1499 8.870110e-14 0.000000e+00
 1500 8.733779e-14 0.000000e+00
 1501 8.732205e-14 0.000000e+00
 1502 8.626355e-14 0.000000e+00
 1503 9.289170e-14 0.000000e+00
 1504 8.950564e-14 0.000000e+00
 1505 3.784068e-14 0.000000e+00
 1506 7.939997e-14 0.000000e+00
 1507 7.324658e-14 0.000000e+00
 1508 8.809712e-14 0.000000e+00
 1509 8.637518e-14 0.000000e+00
 1510 8.459945e-14 0.000000e+00
 1511 8.430346e-14 0.000000e+00
 1512 8.298063e-14 0.000000e+00
 1513 9.068774e-14 0.000000e+00
 1514 8.797000e-14 0.000000e+00
 1515 4.715186e-14 0.000000e+00
 1516 7.724630e-14 0.000000e+00
 1517 7.212515e-14 0.000000e+00
 1518 8.476292e-14 0.000000e+00
 1519 8.294006e-14 0.000000e+00
 1520 8.147697e-14 0.000000e+00
 1521 8.156598e-14 0.000000e+00
 1522 8.013652e-14 0.000000e+00
 1523 8.918472e-14 0.000000e+00
 1524 8.540562e-14 0.000000e+00
 1525 5.993184e-14 0.000000e+00
 1526 7.431922e-14 0.000000e+00
 1527 6.989069e-14 0.000000e+00
 1528 8.098182e-14 0.000000e+00
 1529 7.921822e-14 0.000000e+00
 1530 7.769182e-14 0.000000e+00
 1531 7.725695e-14 0.000000e+00
 1532 7.576156e-14 0.000000e+00
 1533 8.564619e-14 0.000000e+00
 1534 8.116965e-14 0.000000e+00
 1535 7.457470e-14 0.000000e+00
 1536 7.083418e-14 0.000000e+00
 1537 6.531423e-14 0.000000e+00
 1538 7.600517e-14 0.000000e+00
 1539 7.410582e-14 0.000000e+00
 1540 7.225913e-14 0.000000e+00
 1541 7.120216e-14 0.000000e+00
 1542 6.995851e-14 0.000000e+00
 1543 8.174341e-14 0.000000e+00
 1544 7.595635e-14 0.000000e+00
 1545 9.107616e-14 0.000000e+00
 1546 6.655535e-14 0.000000e+00
 1547 5.984299e-14 0.000000e+00
 1548 6.915059e-14 0.000000e+00
 1549 6.810422e-14 0.000000e+00
 1550 6.592112e-14 0.000000e+00
 1551 6.459576e-14 0.000000e+00
 1552 6.365909e-14 0.000000e+00
 1553 7.694981e-14 0.000000e+00
 1554 7.167946e-14 0.000000e+00
 1555 1.065620e-13 0.000000e+00
 1556 6.101737e-14 0.000000e+00
 1557 5.323640e-14 0.000000e+00
 1558 6.268356e-14 0.000000e+00
 1559 6.077058e-14 0.000000e+00
 1560 5.900486e-14 0.000000e+00
 1561 5.811863e-14 0.000000e+00
 1562 5.503127e-14 0.000000e+00
 1563 7.331154e-14 0.000000e+00
 1564 6.509534e-14 0.000000e+00
 1565 1.225828e-13 0.000000e+00
 1566 5.335822e-14 0.000000e+00
 1567 4.498307e-14 0.000000e+00
 1568 5.579707e-14 0.000000e+00
 1569 5.241540e-14 0.000000e+00
 1570 5.053115e-14 0.000000e+00
 1571 5.030674e-14 0.000000e+00
 1572 4.694196e-14 0.000000e+00
 1573 6.798749e-14 0.000000e+00
 1574 5.907867e-14 0.000000e+00
 1575 1.355376e-13 0.000000e+00
 1576 4.457435e-14 0.000000e+00
 1577 3.659754e-14 0.000000e+00
 1578 4.730333e-14 0.000000e+00
 1579 4.337110e-14 0.000000e+00
 1580 4.244234e-14 0.000000e+00
 1581 4.131853e-14 0.000000e+00
 1582 3.742010e-14 0.000000e+00
 1583 6.176517e-14 0.000000e+00
 1584 5.262337e-14 0.000000e+00
 1585 1.424126e-13 0.000000e+00
 1586 3.536932e-14 0.000000e+00
 1587 2.638322e-14 0.000000e+00
 1588 3.813519e-14 0.000000e+00
 1589 3.500867e-14 0.000000e+00
 1590 3.148385e-14 0.000000e+00
 1591 3.093018e-14 0.000000e+00
 1592 2.652268e-14 0.000000e+00
 1593 5.489932e-14 0.000000e+00
 1594 4.286026e-14 0.000000e+00
 1595 1.432191e-13 0.000000e+00
 1596 2.493731e-14 0.000000e+00
 1597 1.444810e-14 0.000000e+00
 1598 2.774030e-14 0.000000e+00
 1599 2.354071e-14 0.000000e+00
 1600 2.047762e-14 0.000000e+00
 1601 2.000793e-14 0.000000e+00
 1602 1.594010e-14 0.000000e+00
 1603 4.611631e-14 0.000000e+00
 1604 3.391354e-14 0.000000e+00
 1605 1.348408e-13 0.000000e+00
 1606 1.166382e-14 0.000000e+00
 1607 1.929562e-15 0.000000e+00
 1608 1.561922e-14 0.000000e+00
 1609 1.246258e-14 0.000000e+00
 1610 8.396952e-15 0.000000e+00
 1611 8.350510e-15 0.000000e+00
 1612 4.136754e-15 0.000000e+00
 1613 3.488914e-14 0.000000e+00
 1614 2.399273e-14 0.000000e+00
 1615 1.180789e-13 0.000000e+00
 1616 -2.126704e-15 0.000000e+00
 1617 -1.361415e-14 0.000000e+00
 1618 3.407219e-15 0.000000e+00
 1619 -2.303496e-16 0.000000e+00
 1620 -4.214103e-15 0.000000e+00
 1621 -5.976920e-15 0.000000e+00
 1622 -9.666056e-15 0.000000e+00
 1623 2.253211e-14 0.000000e+00
 1624 1.029234e-14 0.000000e+00
 1625 9.310157e-14 0.000000e+00
 1626 -1.723950e-14 0.000000e+00
 1627 -2.950512e-14 0.000000e+00
 1628 -9.423556e-15 0.000000e+00
 1629 -1.340275e-14 0.000000e+00
 1630 -1.621784e-14 0.000000e+00
 1631 -1.884749e-14 0.000000e+00
 1632 -2.174559e-14 0.000000e+00
 1633 1.130412e-14 0.000000e+00
 1634 -1.242496e-15 0.000000e+00
 1635 6.501802e-14 0.000000e+00
 1636 -3.088557e-14 0.000000e+00
 1637 -4.293026e-14 0.000000e+00
 1638 -2.099248e-14 0.000000e+00
 1639 -2.364114e-14 0.000000e+00
 1640 -2.818770e-14 0.000000e+00
 1641 -2.860794e-14 0.000000e+00
 1642 -3.233270e-14 0.000000e+00
 1643 1.331704e-15 0.000000e+00
 1644 -1.380047e-14 0.000000e+00
 1645 3.207163e-14 0.000000e+00
 1646 -4.279642e-14 0.000000e+00
 1647 -5.393601e-14 0.000000e+00
 1648 -3.210822e-14 0.000000e+00
 1649 -3.294373e-14 0.000000e+00
 1650 -3.779766e-14 0.000000e+00
 1651 -3.862351e-14 0.000000e+00
 1652 -4.268292e-14 0.000000e+00
 1653 -9.630332e-15 0.000000e+00
 1654 -2.602032e-14 0.000000e+00
 1655 -2.897916e-15 0.000000e+00
 1656 -5.282634e-14 0.000000e+00
 1657 -6.628150e-14 0.000000e+00
 1658 -4.076450e-14 0.000000e+00
 1659 -4.316931e-14 0.000000e+00
 1660 -4.599468e-14 0.000000e+00
 1661 -4.812530e-14 0.000000e+00
 1662 -5.211694e-14 0.000000e+00
 1663 -1.891622e-14 0.000000e+00
 1664 -3.650644e-14 0.000000e+00
 1665 -3.706906e-14 0.000000e+00
 1666 -6.219169e-14 0.000000e+00
 1667 -7.579919e-14 0.000000e+00
 1668 -4.911485e-14 0.000000e+00
 1669 -5.248560e-14 0.000000e+00
 1670 -5.274142e-14 0.000000e+00
 1671 -5.649958e-14 0.000000e+00
 1672 -5.836793e-14 0.000000e+00
 1673 -2.934359e-14 0.000000e+00
 1674 -4.537157e-14 0.000000e+00
 1675 -6.928478e-14 0.000000e+00
 1676 -7.175367e-14 0.000000e+00
 1677 -8.205025e-14 0.000000e+00
 1678 -5.606944e-14 0.000000e+00
 1679 -5.931873e-14 0.000000e+00
 1680 -5.943210e-14 0.000000e+00
 1681 -6.320690e-14 0.000000e+00
 1682 -6.497387e-14 0.000000e+00
 1683 -3.899961e-14 0.000000e+00
 1684 -5.438791e-14 0.000000e+00
 1685 -9.744844e-14 0.000000e+00
 1686 -7.880387e-14 0.000000e+00
 1687 -8.887441e-14 0.000000e+00
 1688 -6.248123e-14 0.000000e+00
 1689 -6.388641e-14 0.000000e+00
 1690 -6.465003e-14 0.000000e+00
 1691 -6.854085e-14 0.000000e+00
 1692 -7.127776e-14 0.000000e+00
 1693 -4.750501e-14 0.000000e+00
 1694 -6.016484e-14 0.000000e+00
 1695 -1.221087e-13 0.000000e+00
 1696 -8.464176e-14 0.000000e+00
 1697 -9.254216e-14 0.000000e+00
 1698 -6.686984e-14 0.000000e+00
 1699 -6.832219e-14 0.000000e+00
 1700 -6.967904e-14 0.000000e+00
 1701 -7.202397e-14 0.000000e+00
 1702 -7.435139e-14 0.000000e+00
 1703 -5.503029e-14 0.000000e+00
 1704 -6.731940e-14 0.000000e+00
 1705 -1.398069e-13 0.000000e+00
 1706 -8.686694e-14 0.000000e+00
 1707 -9.671284e-14 0.000000e+00
 1708 -7.002648e-14 0.000000e+00
 1709 -7.225269e-14 0.000000e+00
 1710 -7.328420e-14 0.000000e+00
 1711 -7.542009e-14 0.000000e+00
 1712 -7.733361e-14 0.000000e+00
 1713 -6.100797e-14 0.000000e+00
 1714 -7.211007e-14 0.000000e+00
 1715 -1.539174e-13 0.000000e+00
 1716 -8.994557e-14 0.000000e+00
 1717 -9.854616e-14 0.000000e+00
 1718 -7.309465e-14 0.000000e+00
 1719 -7.514297e-14 0.000000e+00
 1720 -7.554568e-14 0.000000e+00
 1721 -7.849121e-14 0.000000e+00
 1722 -7.934836e-14 0.000000e+00
 1723 -6.535986e-14 0.000000e+00
 1724 -7.547146e-14 0.000000e+00
 1725 -1.628857e-13 0.000000e+00
 1726 -9.166446e-14 0.000000e+00
 1727 -9.875242e-14 0.000000e+00
 1728 -7.620395e-14 0.000000e+00
 1729 -7.745517e-14 0.000000e+00
 1730 -7.701361e-14 0.000000e+00
 1731 -8.046712e-14 0.000000e+00
 1732 -8.121657e-14 0.000000e+00
 1733 -6.834920e-14 0.000000e+00
 1734 -7.815290e-14 0.000000e+00
 1735 -1.671396e-13 0.000000e+00
 1736 -9.247849e-14 0.000000e+00
 1737 -9.856122e-14 0.000000e+00
 1738 -7.805431e-14 0.000000e+00
 1739 -7.824453e-14 0.000000e+00
 1740 -7.946128e-14 0.000000e+00
 1741 -8.125235e-14 0.000000e+00
 1742 -8.244546e-14 0.000000e+00
 1743 -7.139378e-14 0.000000e+00
 1744 -8.037807e-14 0.000000e+00
 1745 -1.698416e-13 0.000000e+00
 1746 -9.351906e-14 0.000000e+00
 1747 -9.713603e-14 0.000000e+00
 1748 -7.955758e-14 0.000000e+00
 1749 -7.915617e-14 0.000000e+00
 1750 -8.088252e-14 0.000000e+00
 1751 -8.198231e-14 0.000000e+00
 1752 -8.270892e-14 1.267889e-02
 1753 -7.395522e-14 0.000000e+00
 1754 -8.198000e-14 0.000000e+00
 1755 -1.681714e-13 0.000000e+00
 1756 -9.201824e-14 0.000000e+00
 1757 -9.634986e-14 0.000000e+00
 1758 -8.069230e-14 0.000000e+00
 1759 -8.016955e-14 0.000000e+00
 1760 -8.142232e-14 0.000000e+00
 1761 -8.201654e-14 0.000000e+00
 1762 -8.337917e-14 0.000000e+00
 1763 -7.533721e-14 0.000000e+00
 1764 -8.163001e-14 0.000000e+00
 1765 -1.638830e-13 0.000000e+00
 1766 -9.045036e-14 0.000000e+00
 1767 -9.624762e-14 0.000000e+00
 1768 -8.097876e-14 0.000000e+00
 1769 -8.062699e-14 0.000000e+00
 1770 -8.180479e-14 0.000000e+00
 1771 -8.254379e-14 0.000000e+00
 1772 -8.409525e-14 0.000000e+00
 1773 -7.582992e-14 0.000000e+00
 1774 -8.293783e-14 0.000000e+00
 1775 -1.572954e-13 0.000000e+00
 1776 -9.011951e-14 0.000000e+00
 1777 -9.450134e-14 0.000000e+00
 1778 -8.175946e-14 0.000000e+00
 1779 -8.092678e-14 0.000000e+00
 1780 -8.179711e-14 0.000000e+00
 1781 -8.380567e-14 0.000000e+00
 1782 -8.350894e-14 0.000000e+00
 1783 -7.666606e-14 0.000000e+00
 1784 -8.211429e-14 0.000000e+00
 1785 -1.467932e-13 0.000000e+00
 1786 -8.858905e-14 0.000000e+00
 1787 -9.325251e-14 0.000000e+00
 1788 -8.181005e-14 0.000000e+00
 1789 -8.100083e-14 0.000000e+00
 1790 -8.204949e-14 0.000000e+00
 1791 -8.361830e-14 0.000000e+00
 1792 -8.311489e-14 0.000000e+00
 1793 -7.622640e-14 0.000000e+00
 1794 -8.068332e-14 0.000000e+00
 1795 -1.333357e-13 0.000000e+00
 1796 -8.757982e-14 0.000000e+00
 1797 -9.161467e-14 0.000000e+00
 1798 -8.135862e-14 0.000000e+00
 1799 -8.144052e-14 0.000000e+00
 1800 -8.124828e-14 0.000000e+00
 1801 -8.305748e-14 0.000000e+00
 1802 -8.416102e-14 0.000000e+00
 1803 -7.503980e-14 0.000000e+00
 1804 -8.077752e-14 0.000000e+00
 1805 -1.196222e-13 0.000000e+00
 1806 -8.596200e-14 0.000000e+00
 1807 -8.984547e-14 0.000000e+00
 1808 -8.162242e-14 0.000000e+00
 1809 -8.147769e-14 0.000000e+00
 1810 -8.092327e-14 0.000000e+00
 1811 -8.270294e-14 0.000000e+00
 1812 -8.377653e-14 0.000000e+00
 1813 -7.338021e-14 0.000000e+00
 1814 -7.971217e-14 0.000000e+00
 1815 -1.015815e-13 0.000000e+00
 1816 -8.416064e-14 0.000000e+00
 1817 -8.873665e-14 0.000000e+00
 1818 -8.050077e-14 0.000000e+00
 1819 -8.095368e-14 0.000000e+00
 1820 -8.034995e-14 0.000000e+00
 1821 -8.207134e-14 0.000000e+00
 1822 -8.348827e-14 0.000000e+00
 1823 -7.130234e-14 0.000000e+00
 1824 -7.714996e-14 0.000000e+00
 1825 -8.205348e-14 0.000000e+00
 1826 -8.342316e-14 0.000000e+00
 1827 -8.626478e-14 0.000000e+00
 1828 -8.044184e-14 0.000000e+00
 1829 -8.044277e-14 0.000000e+00
 1830 -7.946746e-14 0.000000e+00
 1831 -8.231285e-14 0.000000e+00
 1832 -8.236994e-14 0.000000e+00
 1833 -7.035479e-14 0.000000e+00
 1834 -7.641528e-14 0.000000e+00
 1835 -6.541829e-14 0.000000e+00
 1836 -8.286883e-14 0.000000e+00
 1837 -8.578582e-14 0.000000e+00
 1838 -8.065645e-14 0.000000e+00
 1839 -7.930094e-14 0.000000e+00
 1840 -7.906437e-14 0.000000e+00
 1841 -8.172965e-14 0.000000e+00
 1842 -8.224397e-14 0.000000e+00
 1843 -6.836853e-14 0.000000e+00
 1844 -7.326201e-14 0.000000e+00
 1845 -4.791736e-14 0.000000e+00
 1846 -8.205369e-14 0.000000e+00
 1847 -8.624574e-14 0.000000e+00
 1848 -7.861336e-14 0.000000e+00
 1849 -7.947335e-14 0.000000e+00
 1850 -7.928233e-14 0.000000e+00
 1851 -8.094436e-14 0.000000e+00
 1852 -8.205018e-14 0.000000e+00
 1853 -6.529812e-14 0.000000e+00
 1854 -7.015510e-14 0.000000e+00
 1855 -3.314737e-14 0.000000e+00
 1856 -8.042099e-14 0.000000e+00
 1857 -8.748106e-14 0.000000e+00
 1858 -7.850540e-14 0.000000e+00
 1859 -7.961363e-14 0.000000e+00
 1860 -8.052967e-14 0.000000e+00
 1861 -8.075476e-14 0.000000e+00
 1862 -8.339464e-14 0.000000e+00
 1863 -6.462407e-14 0.000000e+00
 1864 -7.069158e-14 0.000000e+00
 1865 -2.577167e-14 0.000000e+00
 1866 -8.308228e-14 0.000000e+00
 1867 -9.057176e-14 0.000000e+00
 1868 -7.857264e-14 0.000000e+00
 1869 -8.020786e-14 0.000000e+00
 1870 -8.129582e-14 0.000000e+00
 1871 -8.246949e-14 0.000000e+00
 1872 -8.488237e-14 0.000000e+00
 1873 -6.340720e-14 0.000000e+00
 1874 -6.953316e-14 0.000000e+00
 1875 -2.079999e-14 0.000000e+00
 1876 -8.511696e-14 0.000000e+00
 1877 -9.422727e-14 0.000000e+00
 1878 -7.927496e-14 0.000000e+00
 1879 -8.188274e-14 0.000000e+00
 1880 -8.261559e-14 0.000000e+00
 1881 -8.472941e-14 0.000000e+00
 1882 -8.540390e-14 0.000000e+00
 1883 -6.269689e-14 0.000000e+00
 1884 -7.033253e-14 0.000000e+00
 1885 -1.989513e-14 0.000000e+00
 1886 -8.809346e-14 0.000000e+00
 1887 -9.842120e-14 0.000000e+00
 1888 -8.166620e-14 0.000000e+00
 1889 -8.561202e-14 0.000000e+00
 1890 -8.603930e-14 0.000000e+00
 1891 -8.712567e-14 0.000000e+00
 1892 -8.979336e-14 0.000000e+00
 1893 -6.547584e-14 0.000000e+00
 1894 -7.389758e-14 0.000000e+00
 1895 -3.516599e-14 0.000000e+00
 1896 -9.440159e-14 0.000000e+00
 1897 -1.050735e-13 0.000000e+00
 1898 -8.512858e-14 0.000000e+00
 1899 -8.995532e-14 0.000000e+00
 1900 -8.930697e-14 0.000000e+00
 1901 -9.222171e-14 0.000000e+00
 1902 -9.385966e-14 0.000000e+00
 1903 -6.720798e-14 0.000000e+00
 1904 -7.765109e-14 0.000000e+00
 1905 -5.182546e-14 0.000000e+00
 1906 -9.848434e-14 0.000000e+00
 1907 -1.116856e-13 0.000000e+00
 1908 -8.991709e-14 0.000000e+00
 1909 -9.381233e-14 0.000000e+00
 1910 -9.319940e-14 0.000000e+00
 1911 -9.548256e-14 0.000000e+00
 1912 -9.803022e-14 0.000000e+00
 1913 -7.028551e-14 0.000000e+00
 1914 -8.122161e-14 0.000000e+00
 1915 -7.161377e-14 0.000000e+00
 1916 -1.043210e-13 0.000000e+00
 1917 -1.197674e-13 0.000000e+00
 1918 -9.572693e-14 0.000000e+00
 1919 -9.806218e-14 0.000000e+00
 1920 -9.870695e-14 0.000000e+00
 1921 -1.008436e-13 0.000000e+00
 1922 -1.046098e-13 0.000000e+00
 1923 -7.762812e-14 0.000000e+00
 1924 -8.837124e-14 0.000000e+00
 1925 -1.084149e-13 0.000000e+00
 1926 -1.131608e-13 0.000000e+00
 1927 -1.286581e-13 0.000000e+00
 1928 -1.019783e-13 0.000000e+00
 1929 -1.024116e-13 0.000000e+00
 1930 -1.043952e-13 0.000000e+00
 1931 -1.063937e-13 0.000000e+00
 1932 -1.112891e-13 0.000000e+00
 1933 -8.209173e-14 0.000000e+00
 1934 -9.444158e-14 0.000000e+00
 1935 -1.371493e-13 0.000000e+00
 1936 -1.205651e-13 0.000000e+00
 1937 -1.351650e-13 0.000000e+00
 1938 -1.058005e-13 0.000000e+00
 1939 -1.065513e-13 0.000000e+00
 1940 -1.090582e-13 0.000000e+00
 1941 -1.116436e-13 0.000000e+00
 1942 -1.153728e-13 0.000000e+00
 1943 -8.587809e-14 0.000000e+00
 1944 -1.003068e-13 0.000000e+00
 1945 -1.642678e-13 0.000000e+00
 1946 -1.264782e-13 0.000000e+00
 1947 -1.411837e-13 0.000000e+00
 1948 -1.098033e-13 0.000000e+00
 1949 -1.116112e-13 0.000000e+00
 1950 -1.140894e-13 0.000000e+00
 1951 -1.154290e-13 0.000000e+00
 1952 -1.204007e-13 0.000000e+00
 1953 -9.383101e-14 0.000000e+00
 1954 -1.068826e-13 0.000000e+00
 1955 -1.995994e-13 0.000000e+00
 1956 -1.332103e-13 0.000000e+00
 1957 -1.476063e-13 0.000000e+00
 1958 -1.144131e-13 0.000000e+00
 1959 -1.164314e-13 0.000000e+00
 1960 -1.177712e-13 0.000000e+00
 1961 -1.198853e-13 0.000000e+00
 1962 -1.242112e-13 0.000000e+00
 1963 -9.939464e-14 0.000000e+00
 1964 -1.123374e-13 0.000000e+00
 1965 -2.294639e-13 0.000000e+00
 1966 -1.359803e-13 0.000000e+00
 1967 -1.527389e-13 0.000000e+00
 1968 -1.176638e-13 0.000000e+00
 1969 -1.187337e-13 0.000000e+00
 1970 -1.207093e-13 0.000000e+00
 1971 -1.232086e-13 0.000000e+00
 1972 -1.261591e-13 0.000000e+00
 1973 -1.048950e-13 0.000000e+00
 1974 -1.168350e-13 0.000000e+00
 1975 -2.524489e-13 0.000000e+00
 1976 -1.389985e-13 0.000000e+00
 1977 -1.544563e-13 0.000000e+00
 1978 -1.195671e-13 0.000000e+00
 1979 -1.203773e-13 0.000000e+00
 1980 -1.217555e-13 0.000000e+00
 1981 -1.250553e-13 0.000000e+00
 1982 -1.274572e-13 0.000000e+00
 1983 -1.085332e-13 0.000000e+00
 1984 -1.217297e-13 0.000000e+00
 1985 -2.694421e-13 0.000000e+00
 1986 -1.393386e-13 0.000000e+00
 1987 -1.555117e-13 0.000000e+00
 1988 -1.198592e-13 0.000000e+00
 1989 -1.216440e-13 0.000000e+00
 1990 -1.213788e-13 0.000000e+00
 1991 -1.259036e-13 0.000000e+00
 1992 -1.259051e-13 0.000000e+00
 1993 -1.124969e-13 0.000000e+00
 1994 -1.224918e-13 0.000000e+00
 1995 -2.815902e-13 0.000000e+00
 1996 -1.399652e-13 0.000000e+00
 1997 -1.526191e-13 0.000000e+00
 1998 -1.190689e-13 0.000000e+00
 1999 -1.203170e-13 0.000000e+00
 2000 -1.214628e-13 0.000000e+00
 2001 -1.249594e-13 0.000000e+00
 2002 -1.243104e-13 0.000000e+00
 2003 -1.133966e-13 0.000000e+00
 2004 -1.232543e-13 0.000000e+00
 2005 -2.873933e-13 0.000000e+00
 2006 -1.381272e-13 0.000000e+00
 2007 -1.487020e-13 0.000000e+00
 2008 -1.177495e-13 0.000000e+00
 2009 -1.184991e-13 0.000000e+00
 2010 -1.196297e-13 0.000000e+00
 2011 -1.217698e-13 0.000000e+00
 2012 -1.223840e-13 0.000000e+00
 2013 -1.143226e-13 0.000000e+00
 2014 -1.219213e-13 0.000000e+00
 2015 -2.882853e-13 0.000000e+00
 2016 -1.346803e-13 0.000000e+00
 2017 -1.449108e-13 0.000000e+00
 2018 -1.154726e-13 0.000000e+00
 2019 -1.158519e-13 0.000000e+00
 2020 -1.162674e-13 0.000000e+00
 2021 -1.188489e-13 0.000000e+00
 2022 -1.191625e-13 0.000000e+00
 2023 -1.136246e-13 0.000000e+00
 2024 -1.190488e-13 0.000000e+00
 2025 -2.856667e-13 0.000000e+00
 2026 -1.305484e-13 0.000000e+00
 2027 -1.388570e-13 0.000000e+00
 2028 -1.121003e-13 0.000000e+00
 2029 -1.122880e-13 0.000000e+00
 2030 -1.129334e-13 0.000000e+00
 2031 -1.151125e-13 0.000000e+00
 2032 -1.152261e-13 0.000000e+00
 2033 -1.133799e-13 0.000000e+00
 2034 -1.164610e-13 0.000000e+00
 2035 -2.765270e-13 0.000000e+00
 2036 -1.249014e-13 0.000000e+00
 2037 -1.331066e-13 0.000000e+00
 2038 -1.089048e-13 0.000000e+00
 2039 -1.078701e-13 0.000000e+00
 2040 -1.087791e-13 0.000000e+00
 2041 -1.108686e-13 0.000000e+00
 2042 -1.104550e-13 0.000000e+00
 2043 -1.109565e-13 0.000000e+00
 2044 -1.121977e-13 0.000000e+00
 2045 -2.643939e-13 0.000000e+00
 2046 -1.200673e-13 0.000000e+00
 2047 -1.261037e-13 0.000000e+00
 2048 -8.562054e-14 0.000000e+00
 2049 0.000000e+00 0.000000e+00
 2050 0.000000e+00 0.000000e+00
 2051 0.000000e+00 0.000000e+00
 2052 0.000000e+00 1.710202e-02
 2053 0.000000e+00 0.000000e+00
 2054 0.000000e+00 0.000000e+00
 2055 0.000000e+00 0.000000e+00
 2056 0.000000e+00 0.000000e+00
 2057 0.000000e+00 0.000000e+00
 2058 0.000000e+00 0.000000e+00
 2059 0.000000e+00 0.000000e+00
 2060 0.000000e+00 0.000000e+00
 2061 0.000000e+00 0.000000e+00
 2062 0.000000e+00 0.000000e+00
 2063 0.000000e+00 0.000000e+00
 2064 0.000000e+00 0.000000e+00
 2065 0.000000e+00 0.000000e+00
 2066 0.000000e+00 0.000000e+00
 2067 0.000000e+00 0.000000e+00
 2068 0.000000e+00 0.000000e+00
 2069 0.000000e+00 0.000000e+00
 2070 0.000000e+00 0.000000e+00
 2071 0.000000e+00 0.000000e+00
 2072 0.000000e+00 0.000000e+00
 2073 0.000000e+00 0.000000e+00
 2074 0.000000e+00 0.000000e+00
 2075 0.000000e+00 0.000000e+00
 2076 0.000000e+00 0.000000e+00
 2077 0.000000e+00 0.000000e+00
 2078 0.000000e+00 0.000000e+00
 2079 0.000000e+00 0.000000e+00
 2080 0.000000e+00 0.000000e+00
 2081 0.000000e+00 0.000000e+00
 2082 0.000000e+00 0.000000e+00
 2083 0.000000e+00 0.000000e+00
 2084 0.000000e+00 0.000000e+00
 2085 0.000000e+00 0.000000e+00
 2086 0.000000e+00 0.000000e+00
 2087 0.000000e+00 0.000000e+00
 2088 0.000000e+00 0.000000e+00
 2089 0.000000e+00 0.000000e+00
 2090 0.000000e+00 0.000000e+00
 2091 0.000000e+00 0.000000e+00
 2092 0.000000e+00 0.000000e+00
 2093 0.000000e+00 0.000000e+00
 2094 0.000000e+00 0.000000e+00
 2095 0.000000e+00 0.000000e+00
 2096 0.000000e+00 0.000000e+00
 2097 0.000000e+00 0.000000e+00
 2098 0.000000e+00 0.000000e+00
 2099 0.000000e+00 0.000000e+00
 2100 0.000000e+00 0.000000e+00
 2101 0.000000e+00 0.000000e+00
 2102 0.000000e+00 0.000000e+00
 2103 0.000000e+00 0.000000e+00
 2104 0.000000e+00 0.000000e+00
 2105 0.000000e+00 0.000000e+00
 2106 0.000000e+00 0.000000e+00
 2107 0.000000e+00 0.000000e+00
 2108 0.000000e+00 0.000000e+00
 2109 0.000000e+00 0.000000e+00
 2110 0.000000e+00 0.000000e+00
 2111 0.000000e+00 0.000000e+00
 2112 0.000000e+00 0.000000e+00
 2113 0.000000e+00 0.000000e+00
 2114 0.000000e+00 0.000000e+00
 2115 0.000000e+00 0.000000e+00
 2116 0.000000e+00 0.000000e+00
 2117 0.000000e+00 0.000000e+00
 2118 0.000000e+00 0.000000e+00
 2119 0.000000e+00 0.000000e+00
 2120 0.000000e+00 0.000000e+00
 2121 0.000000e+00 0.000000e+00
 2122 0.000000e+00 0.000000e+00
 2123 0.000000e+00 0.000000e+00
 2124 0.000000e+00 0.000000e+00
 2125 0.000000e+00 0.000000e+00
 2126 0.000000e+00 0.000000e+00
 2127 0.000000e+00 0.000000e+00
 2128 0.000000e+00 0.000000e+00
 2129 0.000000e+00 0.000000e+00
 2130 0.000000e+00 0.000000e+00
 2131 0.000000e+00 0.000000e+00
 2132 0.000000e+00 0.000000e+00
 2133 0.000000e+00 0.000000e+00
 2134 0.000000e+00 0.000000e+00
 2135 0.000000e+00 0.000000e+00
 2136 0.000000e+00 0.000000e+00
 2137 0.000000e+00 0.000000e+00
 2138 0.000000e+00 0.000000e+00
 2139 0.000000e+00 0.000000e+00
 2140 0.000000e+00 0.000000e+00
 2141 0.000000e+00 0.000000e+00
 2142 0.000000e+00 0.000000e+00
 2143 0.000000e+00 0.000000e+00
 2144 0.000000e+00 0.000000e+00
 2145 0.000000e+00 0.000000e+00
 2146 0.000000e+00 0.000000e+00
 2147 0.000000e+00 0.000000e+00
 2148 0.000000e+00 0.000000e+00
 2149 0.000000e+00 0.000000e+00
 2150 0.000000e+00 0.000000e+00
 2151 0.000000e+00 0.000000e+00
 2152 0.000000e+00 0.000000e+00
 2153 0.000000e+00 0.000000e+00
 2154 0.000000e+00 0.000000e+00
 2155 0.000000e+00 0.000000e+00
 2156 0.000000e+00 0.000000e+00
 2157 0.000000e+00 0.000000e+00
 2158 0.000000e+00 0.000000e+00
 2159 0.000000e+00 0.000000e+00
 2160 0.000000e+00 0.000000e+00
 2161 0.000000e+00 0.000000e+00
 2162 0.000000e+00 0.000000e+00
 2163 0.000000e+00 0.000000e+00
 2164 0.000000e+00 0.000000e+00
 2165 0.000000e+00 0.000000e+00
 2166 0.000000e+00 0.000000e+00
 2167 0.000000e+00 0.000000e+00
 2168 0.000000e+00 0.000000e+00
 2169 0.000000e+00 0.000000e+00
 2170 0.000000e+00 0.000000e+00
 2171 0.000000e+00 0.000000e+00
 2172 0.000000e+00 0.000000e+00
 2173 0.000000e+00 0.000000e+00
 2174 0.000000e+00 0.000000e+00
 2175 0.000000e+00 0.000000e+00
 2176 0.000000e+00 0.000000e+00
 2177 0.000000e+00 0.000000e+00
 2178 0.000000e+00 0.000000e+00
 2179 0.000000e+00 0.000000e+00
 2180 0.000000e+00 0.000000e+00
 2181 0.000000e+00 0.000000e+00
 2182 0.000000e+00 0.000000e+00
 2183 0.000000e+00 0.000000e+00
 2184 0.000000e+00 0.000000e+00
 2185 0.000000e+00 0.000000e+00
 2186 0.000000e+00 0.000000e+00
 2187 0.000000e+00 0.000000e+00
 2188 0.000000e+00 0.000000e+00
 2189 0.000000e+00 0.000000e+00
 2190 0.000000e+00 0.000000e+00
 2191 0.000000e+00 0.000000e+00
 2192 0.000000e+00 0.000000e+00
 2193 0.000000e+00 0.000000e+00
 2194 0.000000e+00 0.000000e+00
 2195 0.000000e+00 0.000000e+00
 2196 0.000000e+00 0.000000e+00
 2197 0.000000e+00 0.000000e+00
 2198 0.000000e+00 0.000000e+00
 2199 0.000000e+00 0.000000e+00
 2200 0.000000e+00 0.000000e+00
 2201 0.000000e+00 0.000000e+00
 2202 0.000000e+00 0.000000e+00
 2203 0.000000e+00 0.000000e+00
 2204 0.000000e+00 0.000000e+00
 2205 0.000000e+00 0.000000e+00
 2206 0.000000e+00 0.000000e+00
 2207 0.000000e+00 0.000000e+00
 2208 0.000000e+00 0.000000e+00
 2209 0.000000e+00 0.000000e+00
 2210 0.000000e+00 0.000000e+00
 2211 0.000000e+00 0.000000e+00
 2212 0.000000e+00 0.000000e+00
 2213 0.000000e+00 0.000000e+00
 2214 0.000000e+00 0.000000e+00
 2215 0.000000e+00 0.000000e+00
 2216 0.000000e+00 0.000000e+00
 2217 0.000000e+00 0.000000e+00
 2218 0.000000e+00 0.000000e+00
 2219 0.000000e+00 0.000000e+00
 2220 0.000000e+00 0.000000e+00
 2221 0.000000e+00 0.000000e+00
 2222 0.000000e+00 0.000000e+00
 2223 0.000000e+00 0.000000e+00
 2224 0.000000e+00 0.000000e+00
 2225 0.000000e+00 0.000000e+00
 2226 0.000000e+00 0.000000e+00
 2227 0.000000e+00 0.000000e+00
 2228 0.000000e+00 0.000000e+00
 2229 0.000000e+00 0.000000e+00
 2230 0.000000e+00 0.000000e+00
 2231 0.000000e+00 0.000000e+00
 2232 0.000000e+00 0.000000e+00
 2233 0.000000e+00 0.000000e+00
 2234 0.000000e+00 0.000000e+00
 2235 0.000000e+00 0.000000e+00
 2236 0.000000e+00 0.000000e+00
 2237 0.000000e+00 0.000000e+00
 2238 0.000000e+00 0.000000e+00
 2239 0.000000e+00 0.000000e+00
 2240 0.000000e+00 0.000000e+00
 2241 0.000000e+00 0.000000e+00
 2242 0.000000e+00 0.000000e+00
 2243 0.000000e+00 0.000000e+00
 2244 0.000000e+00 0.000000e+00
 2245 0.000000e+00 0.000000e+00
 2246 0.000000e+00 0.000000e+00
 2247 0.000000e+00 0.000000e+00
 2248 0.000000e+00 0.000000e+00
 2249 0.000000e+00 0.000000e+00
 2250 0.000000e+00 0.000000e+00
 2251 0.000000e+00 0.000000e+00
 2252 0.000000e+00 0.000000e+00
 2253 0.000000e+00 0.000000e+00
 2254 0.000000e+00 0.000000e+00
 2255 0.000000e+00 0.000000e+00
 2256 0.000000e+00 0.000000e+00
 2257 0.000000e+00 0.000000e+00
 2258 0.000000e+00 0.000000e+00
 2259 0.000000e+00 0.000000e+00
 2260 0.000000e+00 0.000000e+00
 2261 0.000000e+00 0.000000e+00
 2262 0.000000e+00 0.000000e+00
 2263 0.000000e+00 0.000000e+00
 2264 0.000000e+00 0.000000e+00
 2265 0.000000e+00 0.000000e+00
 2266 0.000000e+00 0.000000e+00
 2267 0.000000e+00 0.000000e+00
 2268 0.000000e+00 0.000000e+00
 2269 0.000000e+00 0.000000e+00
 2270 0.000000e+00 0.000000e+00
 2271 0.000000e+00 0.000000e+00
 2272 0.000000e+00 0.000000e+00
 2273 0.000000e+00 0.000000e+00
 2274 0.000000e+00 0.000000e+00
 2275 0.000000e+00 0.000000e+00
 2276 0.000000e+00 0.000000e+00
 2277 0.000000e+00 0.000000e+00
 2278 0.000000e+00 0.000000e+00
 2279 0.000000e+00 0.000000e+00
 2280 0.000000e+00 0.000000e+00
 2281 0.000000e+00 0.000000e+00
 2282 0.000000e+00 0.000000e+00
 2283 0.000000e+00 0.000000e+00
 2284 0.000000e+00 0.000000e+00
 2285 0.000000e+00 0.000000e+00
 2286 0.000000e+00 0.000000e+00
 2287 0.000000e+00 0.000000e+00
 2288 0.000000e+00 0.000000e+00
 2289 0.000000e+00 0.000000e+00
 2290 0.000000e+00 0.000000e+00
 2291 0.000000e+00 0.000000e+00
 2292 0.000000e+00 0.000000e+00
 2293 0.000000e+00 0.000000e+00
 2294 0.000000e+00 0.000000e+00
 2295 0.000000e+00 0.000000e+00
 2296 0.000000e+00 0.000000e+00
 2297 0.000000e+00 0.000000e+00
 2298 0.000000e+00 0.000000e+00
 2299 0.000000e+00 0.000000e+00
 2300 0.000000e+00 0.000000e+00
 2301 0.000000e+00 0.000000e+00
 2302 0.000000e+00 0.000000e+00
 2303 0.000000e+00 0.000000e+00
 2304 0.000000e+00 0.000000e+00
 2305 0.000000e+00 0.000000e+00
 2306 0.000000e+00 0.000000e+00
 2307 0.000000e+00 0.000000e+00
 2308 0.000000e+00 0.000000e+00
 2309 0.000000e+00 0.000000e+00
 2310 0.000000e+00 0.000000e+00
 2311 0.000000e+00 0.000000e+00
 2312 0.000000e+00 0.000000e+00
 2313 0.000000e+00 0.000000e+00
 2314 0.000000e+00 0.000000e+00
 2315 0.000000e+00 0.000000e+00
 2316 0.000000e+00 0.000000e+00
 2317 0.000000e+00 0.000000e+00
 2318 0.000000e+00 0.000000e+00
 2319 0.000000e+00 0.000000e+00
 2320 0.000000e+00 0.000000e+00
 2321 0.000000e+00 0.000000e+00
 2322 0.000000e+00 0.000000e+00
 2323 0.000000e+00 0.000000e+00
 2324 0.000000e+00 0.000000e+00
 2325 0.000000e+00 0.000000e+00
 2326 0.000000e+00 0.000000e+00
 2327 0.000000e+00 0.000000e+00
 2328 0.000000e+00 0.000000e+00
 2329 0.000000e+00 0.000000e+00
 2330 0.000000e+00 0.000000e+00
 2331 0.000000e+00 0.000000e+00
 2332 0.000000e+00 0.000000e+00
 2333 0.000000e+00 0.000000e+00
 2334 0.000000e+00 0.000000e+00
 2335 0.000000e+00 0.000000e+00
 2336 0.000000e+00 0.000000e+00
 2337 0.000000e+00 0.000000e+00
 2338 0.000000e+00 0.000000e+00
 2339 0.000000e+00 0.000000e+00
 2340 0.000000e+00 0.000000e+00
 2341 0.000000e+00 0.000000e+00
 2342 0.000000e+00 0.000000e+00
 2343 0.000000e+00 0.000000e+00
 2344 0.000000e+00 0.000000e+00
 2345 0.000000e+00 0.000000e+00
 2346 0.000000e+00 0.000000e+00
 2347 0.000000e+00 0.000000e+00
 2348 0.000000e+00 0.000000e+00
 2349 0.000000e+00 0.000000e+00
 2350 0.000000e+00 0.000000e+00
 2351 0.000000e+00 0.000000e+00
 2352 0.000000e+00 2.449897e-02
 2353 0.000000e+00 0.000000e+00
 2354 0.000000e+00 0.000000e+00
 2355 0.000000e+00 0.000000e+00
 2356 0.000000e+00 0.000000e+00
 2357 0.000000e+00 0.000000e+00
 2358 0.000000e+00 0.000000e+00
 2359 0.000000e+00 0.000000e+00
 2360 0.000000e+00 0.000000e+00
 2361 0.000000e+00 0.000000e+00
 2362 0.000000e+00 0.000000e+00
 2363 0.000000e+00 0.000000e+00
 2364 0.000000e+00 0.000000e+00
 2365 0.000000e+00 0.000000e+00
 2366 0.000000e+00 0.000000e+00
 2367 0.000000e+00 0.000000e+00
 2368 0.000000e+00 0.000000e+00
 2369 0.000000e+00 0.000000e+00
 2370 0.000000e+00 0.000000e+00
 2371 0.000000e+00 0.000000e+00
 2372 0.000000e+00 0.000000e+00
 2373 0.000000e+00 0.000000e+00
 2374 0.000000e+00 0.000000e+00
 2375 0.000000e+00 0.000000e+00
 2376 0.000000e+00 0.000000e+00
 2377 0.000000e+00 0.000000e+00
 2378 0.000000e+00 0.000000e+00
 2379 0.000000e+00 0.000000e+00
 2380 0.000000e+00 0.000000e+00
 2381 0.000000e+00 0.000000e+00
 2382 0.000000e+00 0.000000e+00
 2383 0.000000e+00 0.000000e+00
 2384 0.000000e+00 0.000000e+00
 2385 0.000000e+00 0.000000e+00
 2386 0.000000e+00 0.000000e+00
 2387 0.000000e+00 0.000000e+00
 2388 0.000000e+00 0.000000e+00
 2389 0.000000e+00 0.000000e+00
 2390 0.000000e+00 0.000000e+00
 2391 0.000000e+00 0.000000e+00
 2392 0.000000e+00 0.000000e+00
 2393 0.000000e+00 0.000000e+00
 2394 0.000000e+00 0.000000e+00
 2395 0.000000e+00 0.000000e+00
 2396 0.000000e+00 0.000000e+00
 2397 0.000000e+00 0.000000e+00
 2398 0.000000e+00 0.000000e+00
 2399 0.000000e+00 0.000000e+00
 2400 0.000000e+00 0.000000e+00
 2401 0.000000e+00 0.000000e+00
 2402 0.000000e+00 0.000000e+00
 2403 0.000000e+00 0.000000e+00
 2404 0.000000e+00 0.000000e+00
 2405 0.000000e+00 0.000000e+00
 2406 0.000000e+00 0.000000e+00
 2407 0.000000e+00 0.000000e+00
 2408 0.000000e+00 0.000000e+00
 2409 0.000000e+00 0.000000e+00
 2410 0.000000e+00 0.000000e+00
 2411 0.000000e+00 0.000000e+00
 2412 0.000000e+00 0.000000e+00
 2413 0.000000e+00 0.000000e+00
 2414 0.000000e+00 0.000000e+00
 2415 0.000000e+00 0.000000e+00
 2416 0.000000e+00 0.000000e+00
 2417 0.000000e+00 0.000000e+00
 2418 0.000000e+00 0.000000e+00
 2419 0.000000e+00 0.000000e+00
 2420 0.000000e+00 0.000000e+00
 2421 0.000000e+00 0.000000e+00
 2422 0.000000e+00 0.000000e+00
 2423 0.000000e+00 0.000000e+00
 2424 0.000000e+00 0.000000e+00
 2425 0.000000e+00 0.000000e+00
 2426 0.000000e+00 0.000000e+00
 2427 0.000000e+00 0.000000e+00
 2428 0.000000e+00 0.000000e+00
 2429 0.000000e+00 0.000000e+00
 2430 0.000000e+00 0.000000e+00
 2431 0.000000e+00 0.000000e+00
 2432 0.000000e+00 0.000000e+00
 2433 0.000000e+00 0.000000e+00
 2434 0.000000e+00 0.000000e+00
 2435 0.000000e+00 0.000000e+00
 2436 0.000000e+00 0.000000e+00
 2437 0.000000e+00 0.000000e+00
 2438 0.000000e+00 0.000000e+00
 2439 0.000000e+00 0.000000e+00
 2440 0.000000e+00 0.000000e+00
 2441 0.000000e+00 0.000000e+00
 2442 0.000000e+00 0.000000e+00
 2443 0.000000e+00 0.000000e+00
 2444 0.000000e+00 0.000000e+00
 2445 0.000000e+00 0.000000e+00
 2446 0.000000e+00 0.000000e+00
 2447 0.000000e+00 0.000000e+00
 2448 0.000000e+00 0.000000e+00
 2449 0.000000e+00 0.000000e+00
 2450 0.000000e+00 0.000000e+00
 2451 0.000000e+00 0.000000e+00
 2452 0.000000e+00 0.000000e+00
 2453 0.000000e+00 0.000000e+00
 2454 0.000000e+00 0.000000e+00
 2455 0.000000e+00 0.000000e+00
 2456 0.000000e+00 0.000000e+00
 2457 0.000000e+00 0.000000e+00
 2458 0.000000e+00 0.000000e+00
 2459 0.000000e+00 0.000000e+00
 2460 0.000000e+00 0.000000e+00
 2461 0.000000e+00 0.000000e+00
 2462 0.000000e+00 0.000000e+00
 2463 0.000000e+00 0.000000e+00
 2464 0.000000e+00 0.000000e+00
 2465 0.000000e+00 0.000000e+00
 2466 0.000000e+00 0.000000e+00
 2467 0.000000e+00 0.000000e+00
 2468 0.000000e+00 0.000000e+00
 2469 0.000000e+00 0.000000e+00
 2470 0.000000e+00 0.000000e+00
 2471 0.000000e+00 0.000000e+00
 2472 0.000000e+00 0.000000e+00
 2473 0.000000e+00 0.000000e+00
 2474 0.000000e+00 0.000000e+00
 2475 0.000000e+00 0.000000e+00
 2476 0.000000e+00 0.000000e+00
 2477 0.000000e+00 0.000000e+00
 2478 0.000000e+00 0.000000e+00
 2479 0.000000e+00 0.000000e+00
 2480 0.000000e+00 0.000000e+00
 2481 0.000000e+00 0.000000e+00
 2482 0.000000e+00 0.000000e+00
 2483 0.000000e+00 0.000000e+00
 2484 0.000000e+00 0.000000e+00
 2485 0.000000e+00 0.000000e+00
 2486 0.000000e+00 0.000000e+00
 2487 0.000000e+00 0.000000e+00
 2488 0.000000e+00 0.000000e+00
 2489 0.000000e+00 0.000000e+00
 2490 0.000000e+00 0.000000e+00
 2491 0.000000e+00 0.000000e+00
 2492 0.000000e+00 0.000000e+00
 2493 0.000000e+00 0.000000e+00
 2494 0.000000e+00 0.000000e+00
 2495 0.000000e+00 0.000000e+00
 2496 0.000000e+00 0.000000e+00
 2497 0.000000e+00 0.000000e+00
 2498 0.000000e+00 0.000000e+00
 2499 0.000000e+00 0.000000e+00
 2500 0.000000e+00 1.927024e-02
