    0 0.000000e+00 0.000000e+00
    1 0.000000e+00 0.000000e+00
    2 -1.459013e-22 3.590299e-06
    3 -1.540682e-22 0.000000e+00
    4 -1.628395e-22 0.000000e+00
    5 -1.701763e-22 0.000000e+00
    6 -1.756570e-22 0.000000e+00
    7 -1.793968e-22 0.000000e+00
    8 -1.818082e-22 0.000000e+00
    9 -1.828866e-22 0.000000e+00
   10 -1.831993e-22 0.000000e+00
   11 -1.828999e-22 0.000000e+00
   12 -1.818848e-22 6.917509e-05
   13 -1.805114e-22 0.000000e+00
   14 -1.789493e-22 0.000000e+00
   15 -1.771739e-22 0.000000e+00
   16 -1.751609e-22 0.000000e+00
   17 -1.729592e-22 0.000000e+00
   18 -1.707599e-22 0.000000e+00
   19 -1.683398e-22 0.000000e+00
   20 -7.713455e-22 0.000000e+00
   21 -7.602797e-22 0.000000e+00
   22 -7.491512e-22 1.357340e-04
   23 -1.588127e-22 0.000000e+00
   24 -1.564479e-22 0.000000e+00
   25 -1.540943e-22 0.000000e+00
   26 -1.517769e-22 0.000000e+00
   27 -1.494690e-22 0.000000e+00
   28 -1.471973e-22 0.000000e+00
   29 -1.449518e-22 0.000000e+00
   30 -1.427334e-22 0.000000e+00
   31 -1.405665e-22 0.000000e+00
   32 -1.384412e-22 2.039183e-04
   33 -6.336351e-22 0.000000e+00
   34 -1.342724e-22 0.000000e+00
   35 -1.322508e-22 0.000000e+00
   36 -1.302667e-22 0.000000e+00
   37 -1.283303e-22 0.000000e+00
   38 -1.264189e-22 0.000000e+00
   39 -1.245431e-22 0.000000e+00
   40 -1.227122e-22 0.000000e+00
   41 -5.618624e-22 0.000000e+00
   42 -1.191301e-22 2.743919e-04
   43 -1.173990e-22 0.000000e+00
   44 -1.157175e-22 0.000000e+00
   45 -1.140577e-22 0.000000e+00
   46 -5.224789e-22 0.000000e+00
   47 -5.150440e-22 0.000000e+00
   48 -5.077809e-22 0.000000e+00
   49 -6.084415e-22 0.000000e+00
   50 -5.999285e-22 0.000000e+00
   51 -5.915274e-22 0.000000e+00
   52 -5.831989e-22 3.465168e-04
   53 -4.732725e-22 0.000000e+00
   54 1.275322e-26 0.000000e+00
   55 1.258092e-26 0.000000e+00
   56 1.241001e-26 0.000000e+00
   57 1.224133e-26 0.000000e+00
   58 -5.371260e-22 0.000000e+00
   59 -5.298878e-22 0.000000e+00
   60 -5.227780e-22 0.000000e+00
   61 -4.243892e-22 0.000000e+00
   62 -5.088427e-22 4.219318e-04
   63 -5.021647e-22 0.000000e+00
   64 -4.955446e-22 0.000000e+00
   65 -4.024528e-22 0.000000e+00
   66 -8.546746e-23 0.000000e+00
   67 -4.764788e-22 0.000000e+00
   68 -4.703072e-22 0.000000e+00
   69 -8.219535e-23 0.000000e+00
   70 -4.582098e-22 0.000000e+00
   71 -4.523316e-22 0.000000e+00
   72 -4.465322e-22 5.009148e-04
   73 9.911334e-27 0.000000e+00
   74 -7.707151e-23 0.000000e+00
   75 -7.609592e-23 0.000000e+00
   76 -7.513842e-23 0.000000e+00
   77 -3.448212e-22 0.000000e+00
   78 -7.326316e-23 0.000000e+00
   79 -3.362517e-22 0.000000e+00
   80 0.000000e+00 0.000000e+00
   81 -3.984861e-22 0.000000e+00
   82 -3.935422e-22 5.834073e-04
   83 -3.887019e-22 0.000000e+00
   84 -6.797592e-23 0.000000e+00
   85 -3.120725e-22 0.000000e+00
   86 -3.746063e-22 0.000000e+00
   87 8.318902e-27 0.000000e+00
   88 -3.655549e-22 0.000000e+00
   89 -2.971852e-22 0.000000e+00
   90 -3.567963e-22 0.000000e+00
   91 -6.242079e-23 0.000000e+00
   92 -3.483337e-22 6.690727e-04
   93 -3.441887e-22 0.000000e+00
   94 -2.798898e-22 0.000000e+00
   95 -2.766178e-22 0.000000e+00
   96 -3.322217e-22 0.000000e+00
   97 0.000000e+00 0.000000e+00
   98 -5.746141e-23 0.000000e+00
   99 -3.207934e-22 0.000000e+00
  100 7.178385e-16 0.000000e+00
  101 6.697879e-16 0.000000e+00
  102 7.743069e-16 1.516905e-03
  103 8.277579e-16 0.000000e+00
  104 7.314097e-16 0.000000e+00
  105 1.881732e-15 0.000000e+00
  106 6.932224e-16 0.000000e+00
  107 7.619452e-16 0.000000e+00
  108 7.527951e-16 0.000000e+00
  109 7.280581e-16 0.000000e+00
  110 7.971291e-16 0.000000e+00
  111 8.188571e-16 0.000000e+00
  112 7.405316e-16 0.000000e+00
  113 9.234510e-16 0.000000e+00
  114 8.427442e-16 0.000000e+00
  115 2.104257e-15 0.000000e+00
  116 8.256381e-16 0.000000e+00
  117 8.592608e-16 0.000000e+00
  118 7.739053e-16 0.000000e+00
  119 8.118976e-16 0.000000e+00
  120 8.622946e-16 0.000000e+00
  121 8.040624e-16 0.000000e+00
  122 8.149056e-16 0.000000e+00
  123 9.930339e-16 0.000000e+00
  124 8.914768e-16 0.000000e+00
  125 2.392006e-15 0.000000e+00
  126 9.493639e-16 0.000000e+00
  127 9.443662e-16 0.000000e+00
  128 9.337876e-16 0.000000e+00
  129 9.157044e-16 0.000000e+00
  130 9.391444e-16 0.000000e+00
  131 9.293626e-16 0.000000e+00
  132 9.980647e-16 3.138507e-03
  133 1.097209e-15 0.000000e+00
  134 1.067557e-15 0.000000e+00
  135 2.527508e-15 0.000000e+00
  136 9.846006e-16 0.000000e+00
  137 1.076469e-15 0.000000e+00
  138 9.954990e-16 0.000000e+00
  139 1.054886e-15 0.000000e+00
  140 1.038360e-15 0.000000e+00
  141 9.992882e-16 0.000000e+00
  142 1.033274e-15 0.000000e+00
  143 1.279771e-15 0.000000e+00
  144 1.101237e-15 0.000000e+00
  145 2.756871e-15 0.000000e+00
  146 1.097849e-15 0.000000e+00
  147 1.164244e-15 0.000000e+00
  148 1.157662e-15 0.000000e+00
  149 1.128625e-15 0.000000e+00
  150 1.133729e-15 0.000000e+00
  151 1.145665e-15 0.000000e+00
  152 1.170483e-15 0.000000e+00
  153 1.313896e-15 0.000000e+00
  154 1.175029e-15 0.000000e+00
  155 2.989310e-15 0.000000e+00
  156 1.155261e-15 0.000000e+00
  157 1.221463e-15 0.000000e+00
  158 1.216474e-15 0.000000e+00
  159 1.252345e-15 0.000000e+00
  160 1.203366e-15 0.000000e+00
  161 1.256864e-15 0.000000e+00
  162 1.214215e-15 4.062003e-03
  163 1.403275e-15 0.000000e+00
  164 1.349349e-15 0.000000e+00
  165 3.102917e-15 0.000000e+00
  166 1.253483e-15 0.000000e+00
  167 1.376935e-15 0.000000e+00
  168 1.296988e-15 0.000000e+00
  169 1.294564e-15 0.000000e+00
  170 1.342734e-15 0.000000e+00
  171 1.303368e-15 0.000000e+00
  172 1.289218e-15 0.000000e+00
  173 1.526280e-15 0.000000e+00
  174 1.471852e-15 0.000000e+00
  175 3.295841e-15 0.000000e+00
  176 1.330846e-15 0.000000e+00
  177 1.448651e-15 0.000000e+00
  178 1.439949e-15 0.000000e+00
  179 1.389538e-15 0.000000e+00
  180 1.432500e-15 0.000000e+00
  181 1.371351e-15 0.000000e+00
  182 1.404673e-15 0.000000e+00
  183 1.610544e-15 0.000000e+00
  184 1.481766e-15 0.000000e+00
  185 3.449272e-15 0.000000e+00
  186 1.458586e-15 0.000000e+00
  187 1.555549e-15 0.000000e+00
  188 1.490228e-15 0.000000e+00
  189 1.612609e-15 0.000000e+00
  190 1.481751e-15 0.000000e+00
  191 1.468904e-15 0.000000e+00
  192 1.527536e-15 5.003946e-03
  193 1.682961e-15 0.000000e+00
  194 1.632337e-15 0.000000e+00
  195 3.691667e-15 0.000000e+00
  196 1.546987e-15 0.000000e+00
  197 1.696688e-15 0.000000e+00
  198 1.647746e-15 0.000000e+00
  199 1.591673e-15 0.000000e+00
  200 1.590351e-15 0.000000e+00
  201 1.598790e-15 0.000000e+00
  202 1.641832e-15 0.000000e+00
  203 1.768683e-15 0.000000e+00
  204 1.768820e-15 0.000000e+00
  205 3.879885e-15 0.000000e+00
  206 1.761128e-15 0.000000e+00
  207 1.709384e-15 0.000000e+00
  208 1.720316e-15 0.000000e+00
  209 1.701349e-15 0.000000e+00
  210 1.729921e-15 0.000000e+00
  211 1.746043e-15 0.000000e+00
  212 1.701302e-15 0.000000e+00
  213 1.870739e-15 0.000000e+00
  214 1.905906e-15 0.000000e+00
  215 4.122503e-15 0.000000e+00
  216 1.844110e-15 0.000000e+00
  217 1.889344e-15 0.000000e+00
  218 1.805500e-15 0.000000e+00
  219 1.776399e-15 0.000000e+00
  220 1.783541e-15 0.000000e+00
  221 1.846251e-15 0.000000e+00
  222 1.790533e-15 5.916825e-03
  223 1.991708e-15 0.000000e+00
  224 1.978025e-15 0.000000e+00
  225 4.419630e-15 0.000000e+00
  226 1.924188e-15 0.000000e+00
  227 1.936982e-15 0.000000e+00
  228 1.910545e-15 0.000000e+00
  229 1.879763e-15 0.000000e+00
  230 1.934944e-15 0.000000e+00
  231 1.895585e-15 0.000000e+00
  232 1.889968e-15 0.000000e+00
  233 2.098769e-15 0.000000e+00
  234 2.101665e-15 0.000000e+00
  235 4.724661e-15 0.000000e+00
  236 1.998000e-15 0.000000e+00
  237 2.074870e-15 0.000000e+00
  238 2.024059e-15 0.000000e+00
  239 1.978775e-15 0.000000e+00
  240 2.043340e-15 0.000000e+00
  241 2.021623e-15 0.000000e+00
  242 1.964336e-15 0.000000e+00
  243 2.234021e-15 0.000000e+00
  244 2.135741e-15 0.000000e+00
  245 5.138021e-15 0.000000e+00
  246 2.058753e-15 0.000000e+00
  247 2.156566e-15 0.000000e+00
  248 2.074985e-15 0.000000e+00
  249 2.118865e-15 0.000000e+00
  250 2.169141e-15 0.000000e+00
  251 2.141011e-15 0.000000e+00
  252 2.065449e-15 6.750360e-03
  253 2.331723e-15 0.000000e+00
  254 2.334791e-15 0.000000e+00
  255 5.405239e-15 0.000000e+00
  256 2.233942e-15 0.000000e+00
  257 2.308860e-15 0.000000e+00
  258 2.288684e-15 0.000000e+00
  259 2.270446e-15 0.000000e+00
  260 2.231746e-15 0.000000e+00
  261 2.205635e-15 0.000000e+00
  262 2.221967e-15 0.000000e+00
  263 2.474967e-15 0.000000e+00
  264 2.493685e-15 0.000000e+00
  265 5.795040e-15 0.000000e+00
  266 2.495974e-15 0.000000e+00
  267 2.462149e-15 0.000000e+00
  268 2.431467e-15 0.000000e+00
  269 2.418485e-15 0.000000e+00
  270 2.345592e-15 0.000000e+00
  271 2.300083e-15 0.000000e+00
  272 2.363419e-15 0.000000e+00
  273 2.636186e-15 0.000000e+00
  274 2.671775e-15 0.000000e+00
  275 6.180310e-15 0.000000e+00
  276 2.600893e-15 0.000000e+00
  277 2.597645e-15 0.000000e+00
  278 2.483726e-15 0.000000e+00
  279 2.543621e-15 0.000000e+00
  280 2.430069e-15 0.000000e+00
  281 2.477032e-15 0.000000e+00
  282 2.408705e-15 7.451591e-03
  283 2.871193e-15 0.000000e+00
  284 2.786243e-15 0.000000e+00
  285 6.729067e-15 0.000000e+00
  286 2.713431e-15 0.000000e+00
  287 2.711030e-15 0.000000e+00
  288 2.639129e-15 0.000000e+00
  289 2.626141e-15 0.000000e+00
  290 2.661440e-15 0.000000e+00
  291 2.568133e-15 0.000000e+00
  292 2.574384e-15 0.000000e+00
  293 3.061378e-15 0.000000e+00
  294 2.844204e-15 0.000000e+00
  295 7.196276e-15 0.000000e+00
  296 2.841298e-15 0.000000e+00
  297 2.793632e-15 0.000000e+00
  298 2.791087e-15 0.000000e+00
  299 2.755474e-15 0.000000e+00
  300 2.770240e-15 0.000000e+00
  301 2.746277e-15 0.000000e+00
  302 2.727625e-15 0.000000e+00
  303 3.123805e-15 0.000000e+00
  304 3.052061e-15 0.000000e+00
  305 7.721105e-15 0.000000e+00
  306 2.899751e-15 0.000000e+00
  307 2.961198e-15 0.000000e+00
  308 2.955914e-15 0.000000e+00
  309 2.838272e-15 0.000000e+00
  310 2.889001e-15 0.000000e+00
  311 2.870522e-15 0.000000e+00
  312 3.001062e-15 7.981325e-03
  313 3.340950e-15 0.000000e+00
  314 3.269928e-15 0.000000e+00
  315 8.152402e-15 0.000000e+00
  316 3.095911e-15 0.000000e+00
  317 3.111331e-15 0.000000e+00
  318 3.068304e-15 0.000000e+00
  319 3.024544e-15 0.000000e+00
  320 3.097578e-15 0.000000e+00
  321 3.044964e-15 0.000000e+00
  322 3.098661e-15 0.000000e+00
  323 3.717253e-15 0.000000e+00
  324 3.419314e-15 0.000000e+00
  325 8.554134e-15 0.000000e+00
  326 3.259690e-15 0.000000e+00
  327 3.139094e-15 0.000000e+00
  328 3.252643e-15 0.000000e+00
  329 3.325925e-15 0.000000e+00
  330 3.169853e-15 0.000000e+00
  331 3.277543e-15 0.000000e+00
  332 3.157512e-15 0.000000e+00
  333 3.827466e-15 0.000000e+00
  334 3.587868e-15 0.000000e+00
  335 8.882432e-15 0.000000e+00
  336 3.439157e-15 0.000000e+00
  337 3.322148e-15 0.000000e+00
  338 3.428504e-15 0.000000e+00
  339 3.382769e-15 0.000000e+00
  340 3.409493e-15 0.000000e+00
  341 3.400531e-15 0.000000e+00
  342 3.364702e-15 8.326220e-03
  343 3.829522e-15 0.000000e+00
  344 3.791057e-15 0.000000e+00
  345 9.308009e-15 0.000000e+00
  346 3.629353e-15 0.000000e+00
  347 3.460845e-15 0.000000e+00
  348 3.553472e-15 0.000000e+00
  349 3.659295e-15 0.000000e+00
  350 3.442200e-15 0.000000e+00
  351 3.532343e-15 0.000000e+00
  352 3.403170e-15 0.000000e+00
  353 4.054889e-15 0.000000e+00
  354 3.995708e-15 0.000000e+00
  355 9.708199e-15 0.000000e+00
  356 3.656907e-15 0.000000e+00
  357 3.647564e-15 0.000000e+00
  358 3.812172e-15 0.000000e+00
  359 3.665541e-15 0.000000e+00
  360 3.557613e-15 0.000000e+00
  361 3.584248e-15 0.000000e+00
  362 3.568851e-15 0.000000e+00
  363 4.241542e-15 0.000000e+00
  364 4.015719e-15 0.000000e+00
  365 1.015054e-14 0.000000e+00
  366 3.742366e-15 0.000000e+00
  367 3.850703e-15 0.000000e+00
  368 3.880637e-15 0.000000e+00
  369 3.719465e-15 0.000000e+00
  370 3.772238e-15 0.000000e+00
  371 3.775991e-15 0.000000e+00
  372 3.726882e-15 8.502584e-03
  373 4.462903e-15 0.000000e+00
  374 4.201770e-15 0.000000e+00
  375 1.057138e-14 0.000000e+00
  376 3.963028e-15 0.000000e+00
  377 3.979142e-15 0.000000e+00
  378 3.944391e-15 0.000000e+00
  379 3.821723e-15 0.000000e+00
  380 3.967346e-15 0.000000e+00
  381 3.894251e-15 0.000000e+00
  382 3.872621e-15 0.000000e+00
  383 4.687420e-15 0.000000e+00
  384 4.424223e-15 0.000000e+00
  385 1.060311e-14 0.000000e+00
  386 4.293713e-15 0.000000e+00
  387 4.048028e-15 0.000000e+00
  388 3.997508e-15 0.000000e+00
  389 4.078357e-15 0.000000e+00
  390 4.131962e-15 0.000000e+00
  391 4.089601e-15 0.000000e+00
  392 3.970658e-15 0.000000e+00
  393 4.850420e-15 0.000000e+00
  394 4.478190e-15 0.000000e+00
  395 1.100239e-14 0.000000e+00
  396 4.511447e-15 0.000000e+00
  397 4.051824e-15 0.000000e+00
  398 4.213407e-15 0.000000e+00
  399 4.135767e-15 0.000000e+00
  400 4.238828e-15 0.000000e+00
  401 4.225334e-15 0.000000e+00
  402 4.100087e-15 8.551050e-03
  403 5.057896e-15 0.000000e+00
  404 4.698872e-15 0.000000e+00
  405 1.136986e-14 0.000000e+00
  406 4.430435e-15 0.000000e+00
  407 4.248672e-15 0.000000e+00
  408 4.349552e-15 0.000000e+00
  409 4.384438e-15 0.000000e+00
  410 4.470065e-15 0.000000e+00
  411 4.293763e-15 0.000000e+00
  412 4.364026e-15 0.000000e+00
  413 5.315851e-15 0.000000e+00
  414 4.917198e-15 0.000000e+00
  415 1.141996e-14 0.000000e+00
  416 4.687231e-15 0.000000e+00
  417 4.441490e-15 0.000000e+00
  418 4.639892e-15 0.000000e+00
  419 4.402525e-15 0.000000e+00
  420 4.630389e-15 0.000000e+00
  421 4.447991e-15 0.000000e+00
  422 4.470894e-15 0.000000e+00
  423 5.520391e-15 0.000000e+00
  424 5.087159e-15 0.000000e+00
  425 1.160347e-14 0.000000e+00
  426 4.850204e-15 0.000000e+00
  427 4.736060e-15 0.000000e+00
  428 4.692169e-15 0.000000e+00
  429 4.685948e-15 0.000000e+00
  430 4.897317e-15 0.000000e+00
  431 4.623449e-15 0.000000e+00
  432 4.745631e-15 8.519001e-03
  433 5.747347e-15 0.000000e+00
  434 5.416466e-15 0.000000e+00
  435 1.186162e-14 0.000000e+00
  436 5.070935e-15 0.000000e+00
  437 4.875431e-15 0.000000e+00
  438 4.885148e-15 0.000000e+00
  439 4.992328e-15 0.000000e+00
  440 5.043696e-15 0.000000e+00
  441 4.835124e-15 0.000000e+00
  442 5.012759e-15 0.000000e+00
  443 5.954377e-15 0.000000e+00
  444 5.540581e-15 0.000000e+00
  445 1.220957e-14 0.000000e+00
  446 5.206329e-15 0.000000e+00
  447 5.025982e-15 0.000000e+00
  448 5.296428e-15 0.000000e+00
  449 5.165991e-15 0.000000e+00
  450 5.165241e-15 0.000000e+00
  451 5.116895e-15 0.000000e+00
  452 5.128073e-15 0.000000e+00
  453 6.234230e-15 0.000000e+00
  454 5.770292e-15 0.000000e+00
  455 1.261207e-14 0.000000e+00
  456 5.333558e-15 0.000000e+00
  457 5.181341e-15 0.000000e+00
  458 5.521914e-15 0.000000e+00
  459 5.389778e-15 0.000000e+00
  460 5.291682e-15 0.000000e+00
  461 5.401227e-15 0.000000e+00
  462 5.469785e-15 8.440671e-03
  463 6.328209e-15 0.000000e+00
  464 6.094614e-15 0.000000e+00
  465 1.271776e-14 0.000000e+00
  466 5.676831e-15 0.000000e+00
  467 5.474567e-15 0.000000e+00
  468 5.585296e-15 0.000000e+00
  469 5.544526e-15 0.000000e+00
  470 5.640705e-15 0.000000e+00
  471 5.536599e-15 0.000000e+00
  472 5.835667e-15 0.000000e+00
  473 6.587544e-15 0.000000e+00
  474 6.156841e-15 0.000000e+00
  475 1.310320e-14 0.000000e+00
  476 5.828191e-15 0.000000e+00
  477 5.579563e-15 0.000000e+00
  478 5.731894e-15 0.000000e+00
  479 5.901548e-15 0.000000e+00
  480 5.765269e-15 0.000000e+00
  481 5.922019e-15 0.000000e+00
  482 6.049309e-15 0.000000e+00
  483 6.728731e-15 0.000000e+00
  484 6.472991e-15 0.000000e+00
  485 1.370384e-14 0.000000e+00
  486 6.005426e-15 0.000000e+00
  487 5.769096e-15 0.000000e+00
  488 6.218451e-15 0.000000e+00
  489 6.105446e-15 0.000000e+00
  490 6.031280e-15 0.000000e+00
  491 6.293783e-15 0.000000e+00
  492 6.107194e-15 8.337694e-03
  493 7.081286e-15 0.000000e+00
  494 6.758551e-15 0.000000e+00
  495 1.402851e-14 0.000000e+00
  496 6.313239e-15 0.000000e+00
  497 6.077683e-15 0.000000e+00
  498 6.467630e-15 0.000000e+00
  499 6.457259e-15 0.000000e+00
  500 6.302484e-15 0.000000e+00
  501 6.574201e-15 0.000000e+00
  502 6.452164e-15 0.000000e+00
  503 7.374501e-15 0.000000e+00
  504 7.029575e-15 0.000000e+00
  505 1.468083e-14 0.000000e+00
  506 6.571545e-15 0.000000e+00
  507 6.292567e-15 0.000000e+00
  508 6.744918e-15 0.000000e+00
  509 6.764372e-15 0.000000e+00
  510 6.572511e-15 0.000000e+00
  511 6.707798e-15 0.000000e+00
  512 6.805591e-15 0.000000e+00
  513 7.691122e-15 0.000000e+00
  514 7.451793e-15 0.000000e+00
  515 1.540898e-14 0.000000e+00
  516 6.819888e-15 0.000000e+00
  517 6.780581e-15 0.000000e+00
  518 6.963223e-15 0.000000e+00
  519 6.853986e-15 0.000000e+00
  520 7.198053e-15 0.000000e+00
  521 7.086845e-15 0.000000e+00
  522 6.988727e-15 8.225816e-03
  523 8.095379e-15 0.000000e+00
  524 7.734226e-15 0.000000e+00
  525 1.624731e-14 0.000000e+00
  526 7.271791e-15 0.000000e+00
  527 7.026549e-15 0.000000e+00
  528 7.218718e-15 0.000000e+00
  529 7.279902e-15 0.000000e+00
  530 7.563343e-15 0.000000e+00
  531 7.247267e-15 0.000000e+00
  532 7.317600e-15 0.000000e+00
  533 8.488726e-15 0.000000e+00
  534 7.993921e-15 0.000000e+00
  535 1.737938e-14 0.000000e+00
  536 7.749898e-15 0.000000e+00
  537 7.489320e-15 0.000000e+00
  538 7.592967e-15 0.000000e+00
  539 7.547034e-15 0.000000e+00
  540 7.999149e-15 0.000000e+00
  541 7.700709e-15 0.000000e+00
  542 7.729404e-15 0.000000e+00
  543 8.972622e-15 0.000000e+00
  544 8.578999e-15 0.000000e+00
  545 1.865777e-14 0.000000e+00
  546 8.259453e-15 0.000000e+00
  547 8.041360e-15 0.000000e+00
  548 8.029991e-15 0.000000e+00
  549 8.114380e-15 0.000000e+00
  550 8.171442e-15 0.000000e+00
  551 8.130787e-15 0.000000e+00
  552 8.077737e-15 1.756800e-02
  553 9.459138e-15 0.000000e+00
  554 9.024662e-15 0.000000e+00
  555 2.031065e-14 0.000000e+00
  556 8.688757e-15 0.000000e+00
  557 8.404629e-15 0.000000e+00
  558 8.391895e-15 0.000000e+00
  559 8.821553e-15 0.000000e+00
  560 8.647357e-15 0.000000e+00
  561 8.516750e-15 0.000000e+00
  562 8.708077e-15 0.000000e+00
  563 9.980323e-15 0.000000e+00
  564 9.586727e-15 0.000000e+00
  565 2.201708e-14 0.000000e+00
  566 9.154157e-15 0.000000e+00
  567 8.816808e-15 0.000000e+00
  568 8.871708e-15 0.000000e+00
  569 9.305958e-15 0.000000e+00
  570 8.884315e-15 0.000000e+00
  571 9.051172e-15 0.000000e+00
  572 9.109427e-15 0.000000e+00
  573 1.052439e-14 0.000000e+00
  574 1.028559e-14 0.000000e+00
  575 2.380917e-14 0.000000e+00
  576 9.523730e-15 0.000000e+00
  577 9.209333e-15 0.000000e+00
  578 9.775804e-15 0.000000e+00
  579 9.651079e-15 0.000000e+00
  580 9.401576e-15 0.000000e+00
  581 9.556537e-15 0.000000e+00
  582 9.162928e-15 0.000000e+00
  583 1.136221e-14 0.000000e+00
  584 1.077848e-14 0.000000e+00
  585 2.571153e-14 0.000000e+00
  586 9.866121e-15 0.000000e+00
  587 9.859628e-15 0.000000e+00
  588 1.031011e-14 0.000000e+00
  589 1.012210e-14 0.000000e+00
  590 1.001766e-14 0.000000e+00
  591 9.835530e-15 0.000000e+00
  592 9.948894e-15 0.000000e+00
  593 1.206053e-14 0.000000e+00
  594 1.124963e-14 0.000000e+00
  595 2.783715e-14 0.000000e+00
  596 1.053720e-14 0.000000e+00
  597 1.050567e-14 0.000000e+00
  598 1.087897e-14 0.000000e+00
  599 1.065207e-14 0.000000e+00
  600 1.034002e-14 0.000000e+00
  601 1.030624e-14 0.000000e+00
  602 1.046396e-14 0.000000e+00
  603 1.248085e-14 0.000000e+00
  604 1.206437e-14 0.000000e+00
  605 2.985251e-14 0.000000e+00
  606 1.124244e-14 0.000000e+00
  607 1.093514e-14 0.000000e+00
  608 1.146075e-14 0.000000e+00
  609 1.109687e-14 0.000000e+00
  610 1.100849e-14 0.000000e+00
  611 1.101504e-14 0.000000e+00
  612 1.075862e-14 0.000000e+00
  613 1.318459e-14 0.000000e+00
  614 1.259797e-14 0.000000e+00
  615 3.193181e-14 0.000000e+00
  616 1.182030e-14 0.000000e+00
  617 1.177000e-14 0.000000e+00
  618 1.169938e-14 0.000000e+00
  619 1.135121e-14 0.000000e+00
  620 1.175635e-14 0.000000e+00
  621 1.127953e-14 0.000000e+00
  622 1.133138e-14 0.000000e+00
  623 1.382686e-14 0.000000e+00
  624 1.317082e-14 0.000000e+00
  625 3.407974e-14 0.000000e+00
  626 1.248310e-14 0.000000e+00
  627 1.204376e-14 0.000000e+00
  628 1.212293e-14 0.000000e+00
  629 1.185541e-14 0.000000e+00
  630 1.234549e-14 0.000000e+00
  631 1.178742e-14 0.000000e+00
  632 1.132796e-14 0.000000e+00
  633 1.482918e-14 0.000000e+00
  634 1.348444e-14 0.000000e+00
  635 3.596515e-14 0.000000e+00
  636 1.294005e-14 0.000000e+00
  637 1.256876e-14 0.000000e+00
  638 1.266847e-14 0.000000e+00
  639 1.223175e-14 0.000000e+00
  640 1.247258e-14 0.000000e+00
  641 1.234894e-14 0.000000e+00
  642 1.191689e-14 0.000000e+00
  643 1.540123e-14 0.000000e+00
  644 1.433247e-14 0.000000e+00
  645 3.806208e-14 0.000000e+00
  646 1.326549e-14 0.000000e+00
  647 1.283234e-14 0.000000e+00
  648 1.323441e-14 0.000000e+00
  649 1.292005e-14 0.000000e+00
  650 1.279387e-14 0.000000e+00
  651 1.302231e-14 0.000000e+00
  652 1.262331e-14 2.513633e-02
  653 1.651005e-14 0.000000e+00
  654 1.462332e-14 0.000000e+00
  655 4.002009e-14 0.000000e+00
  656 1.337819e-14 0.000000e+00
  657 1.336537e-14 0.000000e+00
  658 1.361934e-14 0.000000e+00
  659 1.347216e-14 0.000000e+00
  660 1.382206e-14 0.000000e+00
  661 1.319079e-14 0.000000e+00
  662 1.314609e-14 0.000000e+00
  663 1.763526e-14 0.000000e+00
  664 1.494505e-14 0.000000e+00
  665 4.128054e-14 0.000000e+00
  666 1.410143e-14 0.000000e+00
  667 1.400785e-14 0.000000e+00
  668 1.400170e-14 0.000000e+00
  669 1.375624e-14 0.000000e+00
  670 1.381514e-14 0.000000e+00
  671 1.423967e-14 0.000000e+00
  672 1.364334e-14 0.000000e+00
  673 1.814047e-14 0.000000e+00
  674 1.583358e-14 0.000000e+00
  675 4.253129e-14 0.000000e+00
  676 1.404680e-14 0.000000e+00
  677 1.445312e-14 0.000000e+00
  678 1.444497e-14 0.000000e+00
  679 1.422853e-14 0.000000e+00
  680 1.506037e-14 0.000000e+00
  681 1.403115e-14 0.000000e+00
  682 1.423179e-14 0.000000e+00
  683 1.842458e-14 0.000000e+00
  684 1.694238e-14 0.000000e+00
  685 4.310490e-14 0.000000e+00
  686 1.444622e-14 0.000000e+00
  687 1.463084e-14 0.000000e+00
  688 1.516537e-14 0.000000e+00
  689 1.427470e-14 0.000000e+00
  690 1.511848e-14 0.000000e+00
  691 1.434048e-14 0.000000e+00
  692 1.518071e-14 0.000000e+00
  693 1.894219e-14 0.000000e+00
  694 1.767881e-14 0.000000e+00
  695 4.340813e-14 0.000000e+00
  696 1.528434e-14 0.000000e+00
  697 1.449190e-14 0.000000e+00
  698 1.578672e-14 0.000000e+00
  699 1.542637e-14 0.000000e+00
  700 1.485242e-14 0.000000e+00
  701 1.517575e-14 0.000000e+00
  702 1.540181e-14 0.000000e+00
  703 1.964278e-14 0.000000e+00
  704 1.826958e-14 0.000000e+00
  705 4.387668e-14 0.000000e+00
  706 1.579935e-14 0.000000e+00
  707 1.431986e-14 0.000000e+00
  708 1.619904e-14 0.000000e+00
  709 1.636169e-14 0.000000e+00
  710 1.525579e-14 0.000000e+00
  711 1.523123e-14 0.000000e+00
  712 1.555743e-14 0.000000e+00
  713 2.037073e-14 0.000000e+00
  714 1.912612e-14 0.000000e+00
  715 4.359462e-14 0.000000e+00
  716 1.571284e-14 0.000000e+00
  717 1.464722e-14 0.000000e+00
  718 1.673906e-14 0.000000e+00
  719 1.639659e-14 0.000000e+00
  720 1.564671e-14 0.000000e+00
  721 1.588031e-14 0.000000e+00
  722 1.577760e-14 0.000000e+00
  723 2.113280e-14 0.000000e+00
  724 1.928437e-14 0.000000e+00
  725 4.266292e-14 0.000000e+00
  726 1.615891e-14 0.000000e+00
  727 1.442212e-14 0.000000e+00
  728 1.706418e-14 0.000000e+00
  729 1.650318e-14 0.000000e+00
  730 1.627050e-14 0.000000e+00
  731 1.575432e-14 0.000000e+00
  732 1.572703e-14 0.000000e+00
  733 2.173236e-14 0.000000e+00
  734 1.949146e-14 0.000000e+00
  735 4.194763e-14 0.000000e+00
  736 1.578965e-14 0.000000e+00
  737 1.450463e-14 0.000000e+00
  738 1.760113e-14 0.000000e+00
  739 1.648503e-14 0.000000e+00
  740 1.655888e-14 0.000000e+00
  741 1.577998e-14 0.000000e+00
  742 1.613187e-14 0.000000e+00
  743 2.219431e-14 0.000000e+00
  744 1.949147e-14 0.000000e+00
  745 4.040182e-14 0.000000e+00
  746 1.590844e-14 0.000000e+00
  747 1.443846e-14 0.000000e+00
  748 1.756272e-14 0.000000e+00
  749 1.676874e-14 0.000000e+00
  750 1.641545e-14 0.000000e+00
  751 1.652302e-14 0.000000e+00
  752 1.643481e-14 2.220304e-02
  753 2.175974e-14 0.000000e+00
  754 1.942170e-14 0.000000e+00
  755 3.926253e-14 0.000000e+00
  756 1.536992e-14 0.000000e+00
  757 1.426974e-14 0.000000e+00
  758 1.745597e-14 0.000000e+00
  759 1.727103e-14 0.000000e+00
  760 1.614089e-14 0.000000e+00
  761 1.694086e-14 0.000000e+00
  762 1.643396e-14 0.000000e+00
  763 2.171472e-14 0.000000e+00
  764 1.928000e-14 0.000000e+00
  765 3.729477e-14 0.000000e+00
  766 1.531153e-14 0.000000e+00
  767 1.381053e-14 0.000000e+00
  768 1.767104e-14 0.000000e+00
  769 1.760332e-14 0.000000e+00
  770 1.604613e-14 0.000000e+00
  771 1.709319e-14 0.000000e+00
  772 1.643874e-14 0.000000e+00
  773 2.162345e-14 0.000000e+00
  774 1.934106e-14 0.000000e+00
  775 3.480997e-14 0.000000e+00
  776 1.550054e-14 0.000000e+00
  777 1.346618e-14 0.000000e+00
  778 1.731503e-14 0.000000e+00
  779 1.768571e-14 0.000000e+00
  780 1.618836e-14 0.000000e+00
  781 1.686155e-14 0.000000e+00
  782 1.655094e-14 0.000000e+00
  783 2.121708e-14 0.000000e+00
  784 1.944382e-14 0.000000e+00
  785 3.216009e-14 0.000000e+00
  786 1.548858e-14 0.000000e+00
  787 1.305522e-14 0.000000e+00
  788 1.756788e-14 0.000000e+00
  789 1.774373e-14 0.000000e+00
  790 1.617754e-14 0.000000e+00
  791 1.694653e-14 0.000000e+00
  792 1.631545e-14 0.000000e+00
  793 2.168321e-14 0.000000e+00
  794 1.902187e-14 0.000000e+00
  795 2.999284e-14 0.000000e+00
  796 1.536833e-14 0.000000e+00
  797 1.314000e-14 0.000000e+00
  798 1.747733e-14 0.000000e+00
  799 1.711464e-14 0.000000e+00
  800 1.656204e-14 0.000000e+00
  801 1.706396e-14 0.000000e+00
  802 1.592060e-14 0.000000e+00
  803 2.132818e-14 0.000000e+00
  804 1.905432e-14 0.000000e+00
  805 2.817888e-14 0.000000e+00
  806 1.521385e-14 0.000000e+00
  807 1.343558e-14 0.000000e+00
  808 1.769501e-14 0.000000e+00
  809 1.720188e-14 0.000000e+00
  810 1.630102e-14 0.000000e+00
  811 1.715309e-14 0.000000e+00
  812 1.642315e-14 0.000000e+00
  813 2.085087e-14 0.000000e+00
  814 1.907381e-14 0.000000e+00
  815 2.638215e-14 0.000000e+00
  816 1.539905e-14 0.000000e+00
  817 1.354099e-14 0.000000e+00
  818 1.775472e-14 0.000000e+00
  819 1.734834e-14 0.000000e+00
  820 1.677367e-14 0.000000e+00
  821 1.699983e-14 0.000000e+00
  822 1.617412e-14 0.000000e+00
  823 2.150710e-14 0.000000e+00
  824 1.864639e-14 0.000000e+00
  825 2.476843e-14 0.000000e+00
  826 1.623286e-14 0.000000e+00
  827 1.345626e-14 0.000000e+00
  828 1.781784e-14 0.000000e+00
  829 1.712235e-14 0.000000e+00
  830 1.720920e-14 0.000000e+00
  831 1.725237e-14 0.000000e+00
  832 1.658272e-14 0.000000e+00
  833 2.172083e-14 0.000000e+00
  834 1.902471e-14 0.000000e+00
  835 2.371568e-14 0.000000e+00
  836 1.592948e-14 0.000000e+00
  837 1.474533e-14 0.000000e+00
  838 1.815644e-14 0.000000e+00
  839 1.714100e-14 0.000000e+00
  840 1.779593e-14 0.000000e+00
  841 1.749719e-14 0.000000e+00
  842 1.673926e-14 0.000000e+00
  843 2.193213e-14 0.000000e+00
  844 1.939625e-14 0.000000e+00
  845 2.375773e-14 0.000000e+00
  846 1.639007e-14 0.000000e+00
  847 1.489458e-14 0.000000e+00
  848 1.863514e-14 0.000000e+00
  849 1.766738e-14 0.000000e+00
  850 1.844750e-14 0.000000e+00
  851 1.749412e-14 0.000000e+00
  852 1.702556e-14 2.046174e-02
  853 2.214566e-14 0.000000e+00
  854 2.019726e-14 0.000000e+00
  855 2.421401e-14 0.000000e+00
  856 1.697401e-14 0.000000e+00
  857 1.524478e-14 0.000000e+00
  858 1.928482e-14 0.000000e+00
  859 1.820402e-14 0.000000e+00
  860 1.908303e-14 0.000000e+00
  861 1.780264e-14 0.000000e+00
  862 1.772892e-14 0.000000e+00
  863 2.235639e-14 0.000000e+00
  864 2.085308e-14 0.000000e+00
  865 2.586970e-14 0.000000e+00
  866 1.754427e-14 0.000000e+00
  867 1.584020e-14 0.000000e+00
  868 1.986026e-14 0.000000e+00
  869 1.891287e-14 0.000000e+00
  870 1.935179e-14 0.000000e+00
  871 1.832706e-14 0.000000e+00
  872 1.854061e-14 0.000000e+00
  873 2.302723e-14 0.000000e+00
  874 2.161431e-14 0.000000e+00
  875 2.798493e-14 0.000000e+00
  876 1.826788e-14 0.000000e+00
  877 1.652222e-14 0.000000e+00
  878 2.036103e-14 0.000000e+00
  879 1.974512e-14 0.000000e+00
  880 1.987871e-14 0.000000e+00
  881 1.943504e-14 0.000000e+00
  882 1.949951e-14 0.000000e+00
  883 2.387371e-14 0.000000e+00
  884 2.236107e-14 0.000000e+00
  885 2.993466e-14 0.000000e+00
  886 1.945831e-14 0.000000e+00
  887 1.756814e-14 0.000000e+00
  888 2.088701e-14 0.000000e+00
  889 2.047240e-14 0.000000e+00
  890 2.055206e-14 0.000000e+00
  891 2.058292e-14 0.000000e+00
  892 1.974623e-14 0.000000e+00
  893 2.463634e-14 0.000000e+00
  894 2.315051e-14 0.000000e+00
  895 3.320120e-14 0.000000e+00
  896 1.973378e-14 0.000000e+00
  897 1.815452e-14 0.000000e+00
  898 2.158532e-14 0.000000e+00
  899 2.136043e-14 0.000000e+00
  900 2.095883e-14 0.000000e+00
  901 2.150650e-14 0.000000e+00
  902 2.056086e-14 0.000000e+00
  903 2.528195e-14 0.000000e+00
  904 2.384266e-14 0.000000e+00
  905 3.656655e-14 0.000000e+00
  906 1.985851e-14 0.000000e+00
  907 1.940022e-14 0.000000e+00
  908 2.193027e-14 0.000000e+00
  909 2.239051e-14 0.000000e+00
  910 2.209762e-14 0.000000e+00
  911 2.230457e-14 0.000000e+00
  912 2.129628e-14 0.000000e+00
  913 2.601133e-14 0.000000e+00
  914 2.500114e-14 0.000000e+00
  915 3.940313e-14 0.000000e+00
  916 2.064347e-14 0.000000e+00
  917 2.022281e-14 0.000000e+00
  918 2.259905e-14 0.000000e+00
  919 2.314561e-14 0.000000e+00
  920 2.286782e-14 0.000000e+00
  921 2.263467e-14 0.000000e+00
  922 2.256299e-14 0.000000e+00
  923 2.742231e-14 0.000000e+00
  924 2.549465e-14 0.000000e+00
  925 4.257392e-14 0.000000e+00
  926 2.175857e-14 0.000000e+00
  927 2.059251e-14 0.000000e+00
  928 2.416917e-14 0.000000e+00
  929 2.350634e-14 0.000000e+00
  930 2.360816e-14 0.000000e+00
  931 2.375229e-14 0.000000e+00
  932 2.281213e-14 0.000000e+00
  933 2.817273e-14 0.000000e+00
  934 2.681007e-14 0.000000e+00
  935 4.524713e-14 0.000000e+00
  936 2.233019e-14 0.000000e+00
  937 2.107967e-14 0.000000e+00
  938 2.464005e-14 0.000000e+00
  939 2.438434e-14 0.000000e+00
  940 2.364853e-14 0.000000e+00
  941 2.419904e-14 0.000000e+00
  942 2.330534e-14 0.000000e+00
  943 2.883675e-14 0.000000e+00
  944 2.835338e-14 0.000000e+00
  945 4.714374e-14 0.000000e+00
  946 2.317001e-14 0.000000e+00
  947 2.103534e-14 0.000000e+00
  948 2.526818e-14 0.000000e+00
  949 2.454051e-14 0.000000e+00
  950 2.410119e-14 0.000000e+00
  951 2.466621e-14 0.000000e+00
  952 2.414766e-14 1.898158e-02
  953 2.987333e-14 0.000000e+00
  954 2.887909e-14 0.000000e+00
  955 4.989006e-14 0.000000e+00
  956 2.370788e-14 0.000000e+00
  957 2.128550e-14 0.000000e+00
  958 2.583601e-14 0.000000e+00
  959 2.482952e-14 0.000000e+00
  960 2.547349e-14 0.000000e+00
  961 2.538559e-14 0.000000e+00
  962 2.413304e-14 0.000000e+00
  963 3.139165e-14 0.000000e+00
  964 2.894129e-14 0.000000e+00
  965 5.261235e-14 0.000000e+00
  966 2.432503e-14 0.000000e+00
  967 2.172061e-14 0.000000e+00
  968 2.634847e-14 0.000000e+00
  969 2.541934e-14 0.000000e+00
  970 2.642364e-14 0.000000e+00
  971 2.563592e-14 0.000000e+00
  972 2.484240e-14 0.000000e+00
  973 3.237514e-14 0.000000e+00
  974 2.987235e-14 0.000000e+00
  975 5.365168e-14 0.000000e+00
  976 2.469232e-14 0.000000e+00
  977 2.233000e-14 0.000000e+00
  978 2.660814e-14 0.000000e+00
  979 2.617510e-14 0.000000e+00
  980 2.607573e-14 0.000000e+00
  981 2.609865e-14 0.000000e+00
  982 2.516846e-14 0.000000e+00
  983 3.319681e-14 0.000000e+00
  984 3.053103e-14 0.000000e+00
  985 5.456334e-14 0.000000e+00
  986 2.466188e-14 0.000000e+00
  987 2.216153e-14 0.000000e+00
  988 2.684137e-14 0.000000e+00
  989 2.676584e-14 0.000000e+00
  990 2.616053e-14 0.000000e+00
  991 2.628804e-14 0.000000e+00
  992 2.554987e-14 0.000000e+00
  993 3.368353e-14 0.000000e+00
  994 3.097681e-14 0.000000e+00
  995 5.493045e-14 0.000000e+00
  996 2.525073e-14 0.000000e+00
  997 2.209033e-14 0.000000e+00
  998 2.726328e-14 0.000000e+00
  999 2.746688e-14 0.000000e+00
 1000 2.637373e-14 0.000000e+00
 1001 2.656489e-14 0.000000e+00
 1002 2.583717e-14 0.000000e+00
 1003 3.513502e-14 0.000000e+00
 1004 3.177261e-14 0.000000e+00
 1005 5.506886e-14 0.000000e+00
 1006 2.494300e-14 0.000000e+00
 1007 2.223151e-14 0.000000e+00
 1008 2.768056e-14 0.000000e+00
 1009 2.784025e-14 0.000000e+00
 1010 2.725121e-14 0.000000e+00
 1011 2.651063e-14 0.000000e+00
 1012 2.641607e-14 0.000000e+00
 1013 3.554292e-14 0.000000e+00
 1014 3.191368e-14 0.000000e+00
 1015 5.383273e-14 0.000000e+00
 1016 2.555441e-14 0.000000e+00
 1017 2.219664e-14 0.000000e+00
 1018 2.801417e-14 0.000000e+00
 1019 2.761134e-14 0.000000e+00
 1020 2.708882e-14 0.000000e+00
 1021 2.694578e-14 0.000000e+00
 1022 2.621048e-14 0.000000e+00
 1023 3.610379e-14 0.000000e+00
 1024 3.176831e-14 0.000000e+00
 1025 5.249399e-14 0.000000e+00
 1026 2.560819e-14 0.000000e+00
 1027 2.201276e-14 0.000000e+00
 1028 2.773305e-14 0.000000e+00
 1029 2.782944e-14 0.000000e+00
 1030 2.687294e-14 0.000000e+00
 1031 2.678183e-14 0.000000e+00
 1032 2.620762e-14 0.000000e+00
 1033 3.630237e-14 0.000000e+00
 1034 3.176512e-14 0.000000e+00
 1035 5.006463e-14 0.000000e+00
 1036 2.583763e-14 0.000000e+00
 1037 2.105422e-14 0.000000e+00
 1038 2.819877e-14 0.000000e+00
 1039 2.797450e-14 0.000000e+00
 1040 2.631706e-14 0.000000e+00
 1041 2.672868e-14 0.000000e+00
 1042 2.660094e-14 0.000000e+00
 1043 3.687428e-14 0.000000e+00
 1044 3.196007e-14 0.000000e+00
 1045 4.719841e-14 0.000000e+00
 1046 2.540139e-14 0.000000e+00
 1047 2.095329e-14 0.000000e+00
 1048 2.877848e-14 0.000000e+00
 1049 2.782492e-14 0.000000e+00
 1050 2.667782e-14 0.000000e+00
 1051 2.642564e-14 0.000000e+00
 1052 2.663579e-14 1.623438e-02
 1053 3.683714e-14 0.000000e+00
 1054 3.126087e-14 0.000000e+00
 1055 4.421354e-14 0.000000e+00
 1056 2.414903e-14 0.000000e+00
 1057 2.124915e-14 0.000000e+00
 1058 2.832872e-14 0.000000e+00
 1059 2.724123e-14 0.000000e+00
 1060 2.654757e-14 0.000000e+00
 1061 2.631000e-14 0.000000e+00
 1062 2.587583e-14 0.000000e+00
 1063 3.646311e-14 0.000000e+00
 1064 3.083750e-14 0.000000e+00
 1065 4.033351e-14 0.000000e+00
 1066 2.299305e-14 0.000000e+00
 1067 2.067002e-14 0.000000e+00
 1068 2.769184e-14 0.000000e+00
 1069 2.687490e-14 0.000000e+00
 1070 2.676421e-14 0.000000e+00
 1071 2.474227e-14 0.000000e+00
 1072 2.599889e-14 0.000000e+00
 1073 3.579891e-14 0.000000e+00
 1074 2.964772e-14 0.000000e+00
 1075 3.687564e-14 0.000000e+00
 1076 2.235827e-14 0.000000e+00
 1077 1.959151e-14 0.000000e+00
 1078 2.787492e-14 0.000000e+00
 1079 2.667354e-14 0.000000e+00
 1080 2.618349e-14 0.000000e+00
 1081 2.449148e-14 0.000000e+00
 1082 2.545096e-14 0.000000e+00
 1083 3.536699e-14 0.000000e+00
 1084 2.947601e-14 0.000000e+00
 1085 3.244968e-14 0.000000e+00
 1086 2.259472e-14 0.000000e+00
 1087 1.905864e-14 0.000000e+00
 1088 2.737865e-14 0.000000e+00
 1089 2.672365e-14 0.000000e+00
 1090 2.552335e-14 0.000000e+00
 1091 2.509204e-14 0.000000e+00
 1092 2.443601e-14 0.000000e+00
 1093 3.458626e-14 0.000000e+00
 1094 2.910850e-14 0.000000e+00
 1095 2.807663e-14 0.000000e+00
 1096 2.121310e-14 0.000000e+00
 1097 1.866749e-14 0.000000e+00
 1098 2.698002e-14 0.000000e+00
 1099 2.592087e-14 0.000000e+00
 1100 2.494840e-14 0.000000e+00
 1101 2.485352e-14 0.000000e+00
 1102 2.374986e-14 0.000000e+00
 1103 3.305134e-14 0.000000e+00
 1104 2.801168e-14 0.000000e+00
 1105 2.374226e-14 0.000000e+00
 1106 2.016970e-14 0.000000e+00
 1107 1.772230e-14 0.000000e+00
 1108 2.643593e-14 0.000000e+00
 1109 2.532991e-14 0.000000e+00
 1110 2.450395e-14 0.000000e+00
 1111 2.411059e-14 0.000000e+00
 1112 2.293495e-14 0.000000e+00
 1113 3.247725e-14 0.000000e+00
 1114 2.726180e-14 0.000000e+00
 1115 1.894111e-14 0.000000e+00
 1116 2.006755e-14 0.000000e+00
 1117 1.752464e-14 0.000000e+00
 1118 2.542922e-14 0.000000e+00
 1119 2.516075e-14 0.000000e+00
 1120 2.466402e-14 0.000000e+00
 1121 2.369308e-14 0.000000e+00
 1122 2.265587e-14 0.000000e+00
 1123 3.236226e-14 0.000000e+00
 1124 2.619320e-14 0.000000e+00
 1125 1.517988e-14 0.000000e+00
 1126 1.996216e-14 0.000000e+00
 1127 1.776652e-14 0.000000e+00
 1128 2.520931e-14 0.000000e+00
 1129 2.442521e-14 0.000000e+00
 1130 2.419932e-14 0.000000e+00
 1131 2.329134e-14 0.000000e+00
 1132 2.255116e-14 0.000000e+00
 1133 3.153493e-14 0.000000e+00
 1134 2.576922e-14 0.000000e+00
 1135 1.101458e-14 0.000000e+00
 1136 1.992840e-14 0.000000e+00
 1137 1.740154e-14 0.000000e+00
 1138 2.476718e-14 0.000000e+00
 1139 2.389107e-14 0.000000e+00
 1140 2.318692e-14 0.000000e+00
 1141 2.319556e-14 0.000000e+00
 1142 2.219327e-14 0.000000e+00
 1143 3.014185e-14 0.000000e+00
 1144 2.464700e-14 0.000000e+00
 1145 8.555530e-15 0.000000e+00
 1146 1.934896e-14 0.000000e+00
 1147 1.655075e-14 0.000000e+00
 1148 2.425745e-14 0.000000e+00
 1149 2.356024e-14 0.000000e+00
 1150 2.284531e-14 0.000000e+00
 1151 2.272774e-14 0.000000e+00
 1152 2.201758e-14 2.877062e-02
 1153 2.909127e-14 0.000000e+00
 1154 2.363401e-14 0.000000e+00
 1155 6.392173e-15 0.000000e+00
 1156 1.830443e-14 0.000000e+00
 1157 1.670835e-14 0.000000e+00
 1158 2.404257e-14 0.000000e+00
 1159 2.343399e-14 0.000000e+00
 1160 2.265199e-14 0.000000e+00
 1161 2.200802e-14 0.000000e+00
 1162 2.147769e-14 0.000000e+00
 1163 2.851595e-14 0.000000e+00
 1164 2.321563e-14 0.000000e+00
 1165 5.405203e-15 0.000000e+00
 1166 1.818983e-14 0.000000e+00
 1167 1.637391e-14 0.000000e+00
 1168 2.380973e-14 0.000000e+00
 1169 2.261798e-14 0.000000e+00
 1170 2.242392e-14 0.000000e+00
 1171 2.161323e-14 0.000000e+00
 1172 2.076402e-14 0.000000e+00
 1173 2.756466e-14 0.000000e+00
 1174 2.269383e-14 0.000000e+00
 1175 3.868680e-15 0.000000e+00
 1176 1.777413e-14 0.000000e+00
 1177 1.522593e-14 0.000000e+00
 1178 2.259017e-14 0.000000e+00
 1179 2.186799e-14 0.000000e+00
 1180 2.171235e-14 0.000000e+00
 1181 2.051515e-14 0.000000e+00
 1182 2.019821e-14 0.000000e+00
 1183 2.592421e-14 0.000000e+00
 1184 2.188236e-14 0.000000e+00
 1185 2.726237e-15 0.000000e+00
 1186 1.661550e-14 0.000000e+00
 1187 1.516422e-14 0.000000e+00
 1188 2.166110e-14 0.000000e+00
 1189 2.116308e-14 0.000000e+00
 1190 2.071525e-14 0.000000e+00
 1191 1.953558e-14 0.000000e+00
 1192 1.939796e-14 0.000000e+00
 1193 2.445666e-14 0.000000e+00
 1194 2.089739e-14 0.000000e+00
 1195 2.536525e-15 0.000000e+00
 1196 1.628551e-14 0.000000e+00
 1197 1.481197e-14 0.000000e+00
 1198 2.079787e-14 0.000000e+00
 1199 2.071310e-14 0.000000e+00
 1200 2.010554e-14 0.000000e+00
 1201 1.897126e-14 0.000000e+00
 1202 1.895239e-14 0.000000e+00
 1203 2.331998e-14 0.000000e+00
 1204 2.047059e-14 0.000000e+00
 1205 2.303481e-15 0.000000e+00
 1206 1.599949e-14 0.000000e+00
 1207 1.461256e-14 0.000000e+00
 1208 2.018782e-14 0.000000e+00
 1209 2.021592e-14 0.000000e+00
 1210 1.932201e-14 0.000000e+00
 1211 1.824653e-14 0.000000e+00
 1212 1.782905e-14 0.000000e+00
 1213 2.219309e-14 0.000000e+00
 1214 1.959078e-14 0.000000e+00
 1215 2.729463e-15 0.000000e+00
 1216 1.495672e-14 0.000000e+00
 1217 1.416006e-14 0.000000e+00
 1218 1.908246e-14 0.000000e+00
 1219 1.881619e-14 0.000000e+00
 1220 1.810673e-14 0.000000e+00
 1221 1.719757e-14 0.000000e+00
 1222 1.684395e-14 0.000000e+00
 1223 2.082642e-14 0.000000e+00
 1224 1.820413e-14 0.000000e+00
 1225 3.971602e-15 0.000000e+00
 1226 1.445948e-14 0.000000e+00
 1227 1.328836e-14 0.000000e+00
 1228 1.821220e-14 0.000000e+00
 1229 1.732567e-14 0.000000e+00
 1230 1.705415e-14 0.000000e+00
 1231 1.661162e-14 0.000000e+00
 1232 1.601276e-14 0.000000e+00
 1233 1.965843e-14 0.000000e+00
 1234 1.749158e-14 0.000000e+00
 1235 5.766398e-15 0.000000e+00
 1236 1.401493e-14 0.000000e+00
 1237 1.261614e-14 0.000000e+00
 1238 1.765449e-14 0.000000e+00
 1239 1.686924e-14 0.000000e+00
 1240 1.646767e-14 0.000000e+00
 1241 1.636629e-14 0.000000e+00
 1242 1.505437e-14 0.000000e+00
 1243 1.919050e-14 0.000000e+00
 1244 1.725980e-14 0.000000e+00
 1245 8.680616e-15 0.000000e+00
 1246 1.333685e-14 0.000000e+00
 1247 1.275313e-14 0.000000e+00
 1248 1.713254e-14 0.000000e+00
 1249 1.613044e-14 0.000000e+00
 1250 1.585892e-14 0.000000e+00
 1251 1.542514e-14 0.000000e+00
 1252 1.473076e-14 0.000000e+00
 1253 1.785968e-14 0.000000e+00
 1254 1.667032e-14 0.000000e+00
 1255 1.134104e-14 0.000000e+00
 1256 1.265978e-14 0.000000e+00
 1257 1.213633e-14 0.000000e+00
 1258 1.605666e-14 0.000000e+00
 1259 1.512037e-14 0.000000e+00
 1260 1.495199e-14 0.000000e+00
 1261 1.432958e-14 0.000000e+00
 1262 1.397672e-14 0.000000e+00
 1263 1.703165e-14 0.000000e+00
 1264 1.590458e-14 0.000000e+00
 1265 1.534212e-14 0.000000e+00
 1266 1.237144e-14 0.000000e+00
 1267 1.183539e-14 0.000000e+00
 1268 1.536574e-14 0.000000e+00
 1269 1.485382e-14 0.000000e+00
 1270 1.423180e-14 0.000000e+00
 1271 1.374544e-14 0.000000e+00
 1272 1.354518e-14 0.000000e+00
 1273 1.692881e-14 0.000000e+00
 1274 1.580281e-14 0.000000e+00
 1275 2.011086e-14 0.000000e+00
 1276 1.181714e-14 0.000000e+00
 1277 1.165771e-14 0.000000e+00
 1278 1.504945e-14 0.000000e+00
 1279 1.461966e-14 0.000000e+00
 1280 1.366916e-14 0.000000e+00
 1281 1.344461e-14 0.000000e+00
 1282 1.322800e-14 0.000000e+00
 1283 1.681591e-14 0.000000e+00
 1284 1.623720e-14 0.000000e+00
 1285 2.504692e-14 0.000000e+00
 1286 1.189790e-14 0.000000e+00
 1287 1.112714e-14 0.000000e+00
 1288 1.488288e-14 0.000000e+00
 1289 1.388034e-14 0.000000e+00
 1290 1.327299e-14 0.000000e+00
 1291 1.335089e-14 0.000000e+00
 1292 1.262913e-14 0.000000e+00
 1293 1.712456e-14 0.000000e+00
 1294 1.635948e-14 0.000000e+00
 1295 2.964299e-14 0.000000e+00
 1296 1.231434e-14 0.000000e+00
 1297 1.068199e-14 0.000000e+00
 1298 1.420917e-14 0.000000e+00
 1299 1.366172e-14 0.000000e+00
 1300 1.307702e-14 0.000000e+00
 1301 1.309825e-14 0.000000e+00
 1302 1.252588e-14 0.000000e+00
 1303 1.725669e-14 0.000000e+00
 1304 1.614989e-14 0.000000e+00
 1305 3.305524e-14 0.000000e+00
 1306 1.205124e-14 0.000000e+00
 1307 1.075957e-14 0.000000e+00
 1308 1.437901e-14 0.000000e+00
 1309 1.301079e-14 0.000000e+00
 1310 1.345661e-14 0.000000e+00
 1311 1.303901e-14 0.000000e+00
 1312 1.289137e-14 0.000000e+00
 1313 1.824566e-14 0.000000e+00
 1314 1.652236e-14 0.000000e+00
 1315 3.749435e-14 0.000000e+00
 1316 1.183559e-14 0.000000e+00
 1317 1.079114e-14 0.000000e+00
 1318 1.428196e-14 0.000000e+00
 1319 1.306777e-14 0.000000e+00
 1320 1.365334e-14 0.000000e+00
 1321 1.299129e-14 0.000000e+00
 1322 1.302695e-14 0.000000e+00
 1323 1.890177e-14 0.000000e+00
 1324 1.671998e-14 0.000000e+00
 1325 4.080571e-14 0.000000e+00
 1326 1.156800e-14 0.000000e+00
 1327 1.128151e-14 0.000000e+00
 1328 1.381909e-14 0.000000e+00
 1329 1.332732e-14 0.000000e+00
 1330 1.330062e-14 0.000000e+00
 1331 1.329222e-14 0.000000e+00
 1332 1.255396e-14 0.000000e+00
 1333 2.026729e-14 0.000000e+00
 1334 1.662258e-14 0.000000e+00
 1335 4.206834e-14 0.000000e+00
 1336 1.160135e-14 0.000000e+00
 1337 1.099331e-14 0.000000e+00
 1338 1.380389e-14 0.000000e+00
 1339 1.294110e-14 0.000000e+00
 1340 1.300452e-14 0.000000e+00
 1341 1.256770e-14 0.000000e+00
 1342 1.228905e-14 0.000000e+00
 1343 2.053368e-14 0.000000e+00
 1344 1.680888e-14 0.000000e+00
 1345 4.328593e-14 0.000000e+00
 1346 1.183156e-14 0.000000e+00
 1347 1.011765e-14 0.000000e+00
 1348 1.349850e-14 0.000000e+00
 1349 1.240169e-14 0.000000e+00
 1350 1.271793e-14 0.000000e+00
 1351 1.219549e-14 0.000000e+00
 1352 1.273254e-14 0.000000e+00
 1353 2.040699e-14 0.000000e+00
 1354 1.722643e-14 0.000000e+00
 1355 4.305629e-14 0.000000e+00
 1356 1.116735e-14 0.000000e+00
 1357 9.626379e-15 0.000000e+00
 1358 1.304488e-14 0.000000e+00
 1359 1.240446e-14 0.000000e+00
 1360 1.250391e-14 0.000000e+00
 1361 1.155994e-14 0.000000e+00
 1362 1.227845e-14 0.000000e+00
 1363 2.031311e-14 0.000000e+00
 1364 1.668511e-14 0.000000e+00
 1365 4.248684e-14 0.000000e+00
 1366 1.080281e-14 0.000000e+00
 1367 9.312546e-15 0.000000e+00
 1368 1.200130e-14 0.000000e+00
 1369 1.193056e-14 0.000000e+00
 1370 1.208885e-14 0.000000e+00
 1371 1.092965e-14 0.000000e+00
 1372 1.101823e-14 0.000000e+00
 1373 2.037171e-14 0.000000e+00
 1374 1.582599e-14 0.000000e+00
 1375 4.062137e-14 0.000000e+00
 1376 9.998735e-15 0.000000e+00
 1377 8.395085e-15 0.000000e+00
 1378 1.159550e-14 0.000000e+00
 1379 1.098384e-14 0.000000e+00
 1380 1.128497e-14 0.000000e+00
 1381 1.000837e-14 0.000000e+00
 1382 1.008378e-14 0.000000e+00
 1383 1.996824e-14 0.000000e+00
 1384 1.448542e-14 0.000000e+00
 1385 3.887715e-14 0.000000e+00
 1386 9.491511e-15 0.000000e+00
 1387 7.364218e-15 0.000000e+00
 1388 1.070194e-14 0.000000e+00
 1389 1.049717e-14 0.000000e+00
 1390 1.025583e-14 0.000000e+00
 1391 9.822547e-15 0.000000e+00
 1392 9.794008e-15 0.000000e+00
 1393 1.942296e-14 0.000000e+00
 1394 1.349141e-14 0.000000e+00
 1395 3.624347e-14 0.000000e+00
 1396 8.517581e-15 0.000000e+00
 1397 6.622012e-15 0.000000e+00
 1398 1.019871e-14 0.000000e+00
 1399 9.802607e-15 0.000000e+00
 1400 9.266453e-15 0.000000e+00
 1401 8.951799e-15 0.000000e+00
 1402 8.353299e-15 0.000000e+00
 1403 1.849369e-14 0.000000e+00
 1404 1.247363e-14 0.000000e+00
 1405 3.237242e-14 0.000000e+00
 1406 7.584882e-15 0.000000e+00
 1407 5.459070e-15 0.000000e+00
 1408 9.399125e-15 0.000000e+00
 1409 8.397286e-15 0.000000e+00
 1410 8.717108e-15 0.000000e+00
 1411 8.074764e-15 0.000000e+00
 1412 7.695269e-15 0.000000e+00
 1413 1.693041e-14 0.000000e+00
 1414 1.154458e-14 0.000000e+00
 1415 2.952955e-14 0.000000e+00
 1416 6.398031e-15 0.000000e+00
 1417 4.727999e-15 0.000000e+00
 1418 8.287174e-15 0.000000e+00
 1419 7.717333e-15 0.000000e+00
 1420 7.837500e-15 0.000000e+00
 1421 7.184691e-15 0.000000e+00
 1422 6.590963e-15 0.000000e+00
 1423 1.579911e-14 0.000000e+00
 1424 1.015444e-14 0.000000e+00
 1425 2.683964e-14 0.000000e+00
 1426 5.500310e-15 0.000000e+00
 1427 3.100993e-15 0.000000e+00
 1428 7.906940e-15 0.000000e+00
 1429 7.002851e-15 0.000000e+00
 1430 6.949375e-15 0.000000e+00
 1431 7.012884e-15 0.000000e+00
 1432 5.803650e-15 0.000000e+00
 1433 1.454943e-14 0.000000e+00
 1434 9.350823e-15 0.000000e+00
 1435 2.499031e-14 0.000000e+00
 1436 4.997273e-15 0.000000e+00
 1437 2.947163e-15 0.000000e+00
 1438 7.660372e-15 0.000000e+00
 1439 6.654825e-15 0.000000e+00
 1440 6.203204e-15 0.000000e+00
 1441 6.207425e-15 0.000000e+00
 1442 5.376298e-15 0.000000e+00
 1443 1.438356e-14 0.000000e+00
 1444 8.452822e-15 0.000000e+00
 1445 2.333850e-14 0.000000e+00
 1446 4.354842e-15 0.000000e+00
 1447 2.896036e-15 0.000000e+00
 1448 6.339272e-15 0.000000e+00
 1449 6.292024e-15 0.000000e+00
 1450 5.623050e-15 0.000000e+00
 1451 5.343200e-15 0.000000e+00
 1452 5.091007e-15 3.402899e-02
 1453 1.330685e-14 0.000000e+00
 1454 6.665762e-15 0.000000e+00
 1455 2.221508e-14 0.000000e+00
 1456 4.478206e-15 0.000000e+00
 1457 2.652274e-15 0.000000e+00
 1458 6.072928e-15 0.000000e+00
 1459 6.029118e-15 0.000000e+00
 1460 5.616653e-15 0.000000e+00
 1461 4.654811e-15 0.000000e+00
 1462 4.857287e-15 0.000000e+00
 1463 1.231935e-14 0.000000e+00
 1464 7.013209e-15 0.000000e+00
 1465 2.319437e-14 0.000000e+00
 1466 4.608987e-15 0.000000e+00
 1467 2.913397e-15 0.000000e+00
 1468 6.274969e-15 0.000000e+00
 1469 5.789155e-15 0.000000e+00
 1470 5.536072e-15 0.000000e+00
 1471 5.204929e-15 0.000000e+00
 1472 5.003132e-15 0.000000e+00
 1473 1.178110e-14 0.000000e+00
 1474 7.556564e-15 0.000000e+00
 1475 2.525301e-14 0.000000e+00
 1476 4.733555e-15 0.000000e+00
 1477 3.018848e-15 0.000000e+00
 1478 6.921775e-15 0.000000e+00
 1479 5.888995e-15 0.000000e+00
 1480 6.123785e-15 0.000000e+00
 1481 5.727210e-15 0.000000e+00
 1482 5.369757e-15 0.000000e+00
 1483 1.166062e-14 0.000000e+00
 1484 8.325361e-15 0.000000e+00
 1485 2.839456e-14 0.000000e+00
 1486 5.784075e-15 0.000000e+00
 1487 3.399288e-15 0.000000e+00
 1488 8.280670e-15 0.000000e+00
 1489 6.471674e-15 0.000000e+00
 1490 7.005895e-15 0.000000e+00
 1491 5.657291e-15 0.000000e+00
 1492 6.054526e-15 0.000000e+00
 1493 1.169987e-14 0.000000e+00
 1494 9.539649e-15 0.000000e+00
 1495 3.501084e-14 0.000000e+00
 1496 6.830094e-15 0.000000e+00
 1497 5.247225e-15 0.000000e+00
 1498 9.017280e-15 0.000000e+00
 1499 7.764848e-15 0.000000e+00
 1500 7.558666e-15 0.000000e+00
 1501 7.012985e-15 0.000000e+00
 1502 7.555430e-15 0.000000e+00
 1503 1.248153e-14 0.000000e+00
 1504 1.065634e-14 0.000000e+00
 1505 4.312733e-14 0.000000e+00
 1506 9.065496e-15 0.000000e+00
 1507 6.157696e-15 0.000000e+00
 1508 9.656352e-15 0.000000e+00
 1509 1.065929e-14 0.000000e+00
 1510 9.300864e-15 0.000000e+00
 1511 9.602618e-15 0.000000e+00
 1512 8.169453e-15 0.000000e+00
 1513 1.545983e-14 0.000000e+00
 1514 1.290497e-14 0.000000e+00
 1515 5.482707e-14 0.000000e+00
 1516 1.071303e-14 0.000000e+00
 1517 1.001211e-14 0.000000e+00
 1518 1.221804e-14 0.000000e+00
 1519 1.183623e-14 0.000000e+00
 1520 1.188007e-14 0.000000e+00
 1521 1.133327e-14 0.000000e+00
 1522 1.014191e-14 0.000000e+00
 1523 1.871567e-14 0.000000e+00
 1524 1.606420e-14 0.000000e+00
 1525 7.110312e-14 0.000000e+00
 1526 1.368509e-14 0.000000e+00
 1527 1.240115e-14 0.000000e+00
 1528 1.553683e-14 0.000000e+00
 1529 1.510111e-14 0.000000e+00
 1530 1.395951e-14 0.000000e+00
 1531 1.412267e-14 0.000000e+00
 1532 1.423640e-14 0.000000e+00
 1533 2.156699e-14 0.000000e+00
 1534 2.112661e-14 0.000000e+00
 1535 8.919282e-14 0.000000e+00
 1536 1.792297e-14 0.000000e+00
 1537 1.681259e-14 0.000000e+00
 1538 1.879120e-14 0.000000e+00
 1539 1.923724e-14 0.000000e+00
 1540 1.798769e-14 0.000000e+00
 1541 1.794846e-14 0.000000e+00
 1542 1.704063e-14 0.000000e+00
 1543 2.618567e-14 0.000000e+00
 1544 2.720756e-14 0.000000e+00
 1545 1.128961e-13 0.000000e+00
 1546 2.326234e-14 0.000000e+00
 1547 2.128555e-14 0.000000e+00
 1548 2.286523e-14 0.000000e+00
 1549 2.417974e-14 0.000000e+00
 1550 2.069445e-14 0.000000e+00
 1551 2.308860e-14 0.000000e+00
 1552 2.301050e-14 0.000000e+00
 1553 3.285103e-14 0.000000e+00
 1554 3.340668e-14 0.000000e+00
 1555 1.393932e-13 0.000000e+00
 1556 2.913387e-14 0.000000e+00
 1557 2.468410e-14 0.000000e+00
 1558 2.774551e-14 0.000000e+00
 1559 2.927581e-14 0.000000e+00
 1560 2.590777e-14 0.000000e+00
 1561 2.843523e-14 0.000000e+00
 1562 2.662649e-14 0.000000e+00
 1563 4.126075e-14 0.000000e+00
 1564 3.994086e-14 0.000000e+00
 1565 1.689849e-13 0.000000e+00
 1566 3.353915e-14 0.000000e+00
 1567 2.931913e-14 0.000000e+00
 1568 3.360733e-14 0.000000e+00
 1569 3.413434e-14 0.000000e+00
 1570 3.008404e-14 0.000000e+00
 1571 3.410261e-14 0.000000e+00
 1572 2.952906e-14 0.000000e+00
 1573 5.011223e-14 0.000000e+00
 1574 4.866558e-14 0.000000e+00
 1575 1.991537e-13 0.000000e+00
 1576 3.929157e-14 0.000000e+00
 1577 3.451997e-14 0.000000e+00
 1578 4.112853e-14 0.000000e+00
 1579 3.937799e-14 0.000000e+00
 1580 3.724897e-14 0.000000e+00
 1581 3.887807e-14 0.000000e+00
 1582 3.621758e-14 0.000000e+00
 1583 5.925968e-14 0.000000e+00
 1584 5.728151e-14 0.000000e+00
 1585 2.262824e-13 0.000000e+00
 1586 4.474270e-14 0.000000e+00
 1587 3.737300e-14 0.000000e+00
 1588 4.758856e-14 0.000000e+00
 1589 4.615999e-14 0.000000e+00
 1590 4.090453e-14 0.000000e+00
 1591 4.417289e-14 0.000000e+00
 1592 3.968091e-14 0.000000e+00
 1593 6.665239e-14 0.000000e+00
 1594 6.308868e-14 0.000000e+00
 1595 2.521633e-13 0.000000e+00
 1596 4.917871e-14 0.000000e+00
 1597 4.028142e-14 0.000000e+00
 1598 5.020772e-14 0.000000e+00
 1599 4.952838e-14 0.000000e+00
 1600 4.547298e-14 0.000000e+00
 1601 4.901949e-14 0.000000e+00
 1602 4.481718e-14 0.000000e+00
 1603 7.591990e-14 0.000000e+00
 1604 7.234040e-14 0.000000e+00
 1605 2.713010e-13 0.000000e+00
 1606 5.048368e-14 0.000000e+00
 1607 4.380227e-14 0.000000e+00
 1608 5.310538e-14 0.000000e+00
 1609 5.425331e-14 0.000000e+00
 1610 4.798210e-14 0.000000e+00
 1611 5.210898e-14 0.000000e+00
 1612 4.765939e-14 0.000000e+00
 1613 8.282354e-14 0.000000e+00
 1614 7.889946e-14 0.000000e+00
 1615 2.845582e-13 0.000000e+00
 1616 5.198201e-14 0.000000e+00
 1617 4.200879e-14 0.000000e+00
 1618 5.557800e-14 0.000000e+00
 1619 5.473138e-14 0.000000e+00
 1620 5.079894e-14 0.000000e+00
 1621 5.206656e-14 0.000000e+00
 1622 4.901667e-14 0.000000e+00
 1623 8.878808e-14 0.000000e+00
 1624 8.310802e-14 0.000000e+00
 1625 2.871172e-13 0.000000e+00
 1626 4.969669e-14 0.000000e+00
 1627 3.964102e-14 0.000000e+00
 1628 5.746686e-14 0.000000e+00
 1629 5.443097e-14 0.000000e+00
 1630 5.003998e-14 0.000000e+00
 1631 5.082184e-14 0.000000e+00
 1632 4.820604e-14 0.000000e+00
 1633 9.150340e-14 0.000000e+00
 1634 8.353175e-14 0.000000e+00
 1635 2.829291e-13 0.000000e+00
 1636 4.649417e-14 0.000000e+00
 1637 3.385918e-14 0.000000e+00
 1638 5.499057e-14 0.000000e+00
 1639 5.322489e-14 0.000000e+00
 1640 4.673659e-14 0.000000e+00
 1641 5.085891e-14 0.000000e+00
 1642 4.555932e-14 0.000000e+00
 1643 9.555577e-14 0.000000e+00
 1644 7.925469e-14 0.000000e+00
 1645 2.702681e-13 0.000000e+00
 1646 4.126059e-14 0.000000e+00
 1647 2.923665e-14 0.000000e+00
 1648 5.048893e-14 0.000000e+00
 1649 5.040331e-14 0.000000e+00
 1650 4.291845e-14 0.000000e+00
 1651 4.663485e-14 0.000000e+00
 1652 3.956805e-14 0.000000e+00
 1653 9.496709e-14 0.000000e+00
 1654 7.357633e-14 0.000000e+00
 1655 2.465253e-13 0.000000e+00
 1656 3.544682e-14 0.000000e+00
 1657 1.972900e-14 0.000000e+00
 1658 4.615557e-14 0.000000e+00
 1659 4.263758e-14 0.000000e+00
 1660 3.948762e-14 0.000000e+00
 1661 4.047416e-14 0.000000e+00
 1662 3.140277e-14 0.000000e+00
 1663 9.393133e-14 0.000000e+00
 1664 6.710769e-14 0.000000e+00
 1665 2.172580e-13 0.000000e+00
 1666 2.693077e-14 0.000000e+00
 1667 9.352644e-15 0.000000e+00
 1668 4.006511e-14 0.000000e+00
 1669 3.462609e-14 0.000000e+00
 1670 3.533996e-14 0.000000e+00
 1671 3.225426e-14 0.000000e+00
 1672 2.650519e-14 0.000000e+00
 1673 8.833576e-14 0.000000e+00
 1674 6.020240e-14 0.000000e+00
 1675 1.823617e-13 0.000000e+00
 1676 1.569179e-14 0.000000e+00
 1677 1.498481e-15 0.000000e+00
 1678 3.330370e-14 0.000000e+00
 1679 2.788827e-14 0.000000e+00
 1680 2.760509e-14 0.000000e+00
 1681 2.369319e-14 0.000000e+00
 1682 1.886152e-14 0.000000e+00
 1683 7.958701e-14 0.000000e+00
 1684 4.929688e-14 0.000000e+00
 1685 1.431561e-13 0.000000e+00
 1686 4.592486e-15 0.000000e+00
 1687 -9.725274e-15 0.000000e+00
 1688 2.461952e-14 0.000000e+00
 1689 2.067743e-14 0.000000e+00
 1690 2.071570e-14 0.000000e+00
 1691 1.459307e-14 0.000000e+00
 1692 1.065549e-14 0.000000e+00
 1693 6.925230e-14 0.000000e+00
 1694 4.052053e-14 0.000000e+00
 1695 1.007534e-13 0.000000e+00
 1696 -6.570012e-15 0.000000e+00
 1697 -1.955143e-14 0.000000e+00
 1698 1.822807e-14 0.000000e+00
 1699 1.272446e-14 0.000000e+00
 1700 1.190899e-14 0.000000e+00
 1701 7.235471e-15 0.000000e+00
 1702 2.925195e-15 0.000000e+00
 1703 5.869932e-14 0.000000e+00
 1704 2.831332e-14 0.000000e+00
 1705 6.103780e-14 0.000000e+00
 1706 -1.503150e-14 0.000000e+00
 1707 -3.164698e-14 0.000000e+00
 1708 1.111514e-14 0.000000e+00
 1709 3.724676e-15 0.000000e+00
 1710 3.800525e-15 0.000000e+00
 1711 -7.462450e-16 0.000000e+00
 1712 -4.955419e-15 0.000000e+00
 1713 4.673134e-14 0.000000e+00
 1714 1.589937e-14 0.000000e+00
 1715 1.907619e-14 0.000000e+00
 1716 -2.477677e-14 0.000000e+00
 1717 -3.955719e-14 0.000000e+00
 1718 1.697561e-15 0.000000e+00
 1719 -3.990036e-15 0.000000e+00
 1720 -2.897110e-15 0.000000e+00
 1721 -9.787308e-15 0.000000e+00
 1722 -1.329425e-14 0.000000e+00
 1723 3.722848e-14 0.000000e+00
 1724 4.648567e-15 0.000000e+00
 1725 -1.816629e-14 0.000000e+00
 1726 -3.482959e-14 0.000000e+00
 1727 -4.737256e-14 0.000000e+00
 1728 -8.236402e-15 0.000000e+00
 1729 -1.035281e-14 0.000000e+00
 1730 -1.112056e-14 0.000000e+00
 1731 -1.888414e-14 0.000000e+00
 1732 -2.043090e-14 0.000000e+00
 1733 2.828988e-14 0.000000e+00
 1734 -4.970318e-15 0.000000e+00
 1735 -5.474802e-14 0.000000e+00
 1736 -4.155579e-14 0.000000e+00
 1737 -5.423382e-14 0.000000e+00
 1738 -1.607197e-14 0.000000e+00
 1739 -1.699814e-14 0.000000e+00
 1740 -1.992509e-14 0.000000e+00
 1741 -2.446457e-14 0.000000e+00
 1742 -2.731335e-14 0.000000e+00
 1743 1.833374e-14 0.000000e+00
 1744 -1.499827e-14 0.000000e+00
 1745 -9.018240e-14 0.000000e+00
 1746 -4.845448e-14 0.000000e+00
 1747 -5.966984e-14 0.000000e+00
 1748 -2.323461e-14 0.000000e+00
 1749 -2.421920e-14 0.000000e+00
 1750 -2.683150e-14 0.000000e+00
 1751 -3.059329e-14 0.000000e+00
 1752 -3.242945e-14 1.580752e-02
 1753 6.852928e-15 0.000000e+00
 1754 -2.477406e-14 0.000000e+00
 1755 -1.182249e-13 0.000000e+00
 1756 -5.400442e-14 0.000000e+00
 1757 -6.459240e-14 0.000000e+00
 1758 -3.027248e-14 0.000000e+00
 1759 -3.011997e-14 0.000000e+00
 1760 -3.194651e-14 0.000000e+00
 1761 -3.520816e-14 0.000000e+00
 1762 -4.040577e-14 0.000000e+00
 1763 6.653660e-16 0.000000e+00
 1764 -3.179200e-14 0.000000e+00
 1765 -1.453791e-13 0.000000e+00
 1766 -5.759249e-14 0.000000e+00
 1767 -6.956119e-14 0.000000e+00
 1768 -3.338888e-14 0.000000e+00
 1769 -3.497574e-14 0.000000e+00
 1770 -3.739165e-14 0.000000e+00
 1771 -4.137762e-14 0.000000e+00
 1772 -4.419108e-14 0.000000e+00
 1773 -8.794971e-15 0.000000e+00
 1774 -3.899126e-14 0.000000e+00
 1775 -1.682585e-13 0.000000e+00
 1776 -6.210931e-14 0.000000e+00
 1777 -7.167769e-14 0.000000e+00
 1778 -3.912725e-14 0.000000e+00
 1779 -4.012261e-14 0.000000e+00
 1780 -4.043294e-14 0.000000e+00
 1781 -4.660402e-14 0.000000e+00
 1782 -4.723181e-14 0.000000e+00
 1783 -1.652781e-14 0.000000e+00
 1784 -4.464230e-14 0.000000e+00
 1785 -1.839439e-13 0.000000e+00
 1786 -6.413370e-14 0.000000e+00
 1787 -7.365961e-14 0.000000e+00
 1788 -4.320090e-14 0.000000e+00
 1789 -4.201886e-14 0.000000e+00
 1790 -4.438306e-14 0.000000e+00
 1791 -4.928952e-14 0.000000e+00
 1792 -5.170506e-14 0.000000e+00
 1793 -2.304560e-14 0.000000e+00
 1794 -4.748055e-14 0.000000e+00
 1795 -1.947794e-13 0.000000e+00
 1796 -6.536408e-14 0.000000e+00
 1797 -7.433201e-14 0.000000e+00
 1798 -4.547352e-14 0.000000e+00
 1799 -4.594223e-14 0.000000e+00
 1800 -4.651154e-14 0.000000e+00
 1801 -5.104573e-14 0.000000e+00
 1802 -5.577139e-14 0.000000e+00
 1803 -2.800314e-14 0.000000e+00
 1804 -5.144576e-14 0.000000e+00
 1805 -2.026435e-13 0.000000e+00
 1806 -6.628656e-14 0.000000e+00
 1807 -7.348205e-14 0.000000e+00
 1808 -4.799019e-14 0.000000e+00
 1809 -4.793912e-14 0.000000e+00
 1810 -4.788172e-14 0.000000e+00
 1811 -5.156246e-14 0.000000e+00
 1812 -5.656913e-14 0.000000e+00
 1813 -3.216210e-14 0.000000e+00
 1814 -5.416188e-14 0.000000e+00
 1815 -2.028662e-13 0.000000e+00
 1816 -6.522629e-14 0.000000e+00
 1817 -7.242854e-14 0.000000e+00
 1818 -4.749838e-14 0.000000e+00
 1819 -4.838290e-14 0.000000e+00
 1820 -4.767827e-14 0.000000e+00
 1821 -5.213737e-14 0.000000e+00
 1822 -5.615104e-14 0.000000e+00
 1823 -3.560843e-14 0.000000e+00
 1824 -5.455363e-14 0.000000e+00
 1825 -1.968539e-13 0.000000e+00
 1826 -6.531670e-14 0.000000e+00
 1827 -6.723989e-14 0.000000e+00
 1828 -4.918812e-14 0.000000e+00
 1829 -4.771228e-14 0.000000e+00
 1830 -4.673817e-14 0.000000e+00
 1831 -5.233054e-14 0.000000e+00
 1832 -5.375143e-14 0.000000e+00
 1833 -3.918579e-14 0.000000e+00
 1834 -5.425734e-14 0.000000e+00
 1835 -1.909189e-13 0.000000e+00
 1836 -6.276694e-14 0.000000e+00
 1837 -6.386621e-14 0.000000e+00
 1838 -4.852224e-14 0.000000e+00
 1839 -4.487479e-14 0.000000e+00
 1840 -4.501150e-14 0.000000e+00
 1841 -5.054037e-14 0.000000e+00
 1842 -5.267566e-14 0.000000e+00
 1843 -4.057008e-14 0.000000e+00
 1844 -5.127780e-14 0.000000e+00
 1845 -1.751372e-13 0.000000e+00
 1846 -5.983735e-14 0.000000e+00
 1847 -5.949633e-14 0.000000e+00
 1848 -4.549784e-14 0.000000e+00
 1849 -4.262712e-14 0.000000e+00
 1850 -4.340598e-14 0.000000e+00
 1851 -4.858020e-14 0.000000e+00
 1852 -4.879475e-14 0.000000e+00
 1853 -3.901871e-14 0.000000e+00
 1854 -4.555211e-14 0.000000e+00
 1855 -1.569711e-13 0.000000e+00
 1856 -5.495222e-14 0.000000e+00
 1857 -5.664119e-14 0.000000e+00
 1858 -4.197822e-14 0.000000e+00
 1859 -4.044297e-14 0.000000e+00
 1860 -4.147961e-14 0.000000e+00
 1861 -4.492227e-14 0.000000e+00
 1862 -4.553964e-14 0.000000e+00
 1863 -3.859941e-14 0.000000e+00
 1864 -4.232804e-14 0.000000e+00
 1865 -1.407710e-13 0.000000e+00
 1866 -5.134032e-14 0.000000e+00
 1867 -5.350176e-14 0.000000e+00
 1868 -3.826692e-14 0.000000e+00
 1869 -3.718993e-14 0.000000e+00
 1870 -3.829206e-14 0.000000e+00
 1871 -4.073887e-14 0.000000e+00
 1872 -4.205222e-14 0.000000e+00
 1873 -3.538122e-14 0.000000e+00
 1874 -3.600370e-14 0.000000e+00
 1875 -1.189442e-13 0.000000e+00
 1876 -4.644426e-14 0.000000e+00
 1877 -5.048961e-14 0.000000e+00
 1878 -3.419280e-14 0.000000e+00
 1879 -3.393517e-14 0.000000e+00
 1880 -3.511389e-14 0.000000e+00
 1881 -3.605854e-14 0.000000e+00
 1882 -3.782297e-14 0.000000e+00
 1883 -2.931702e-14 0.000000e+00
 1884 -3.130782e-14 0.000000e+00
 1885 -9.643872e-14 0.000000e+00
 1886 -4.211127e-14 0.000000e+00
 1887 -4.643977e-14 0.000000e+00
 1888 -3.091372e-14 0.000000e+00
 1889 -3.197641e-14 0.000000e+00
 1890 -3.221365e-14 0.000000e+00
 1891 -3.256340e-14 0.000000e+00
 1892 -3.519744e-14 0.000000e+00
 1893 -2.660639e-14 0.000000e+00
 1894 -2.668347e-14 0.000000e+00
 1895 -8.402291e-14 0.000000e+00
 1896 -4.089230e-14 0.000000e+00
 1897 -4.515818e-14 0.000000e+00
 1898 -2.856690e-14 0.000000e+00
 1899 -3.058312e-14 0.000000e+00
 1900 -2.911165e-14 0.000000e+00
 1901 -3.130888e-14 0.000000e+00
 1902 -3.257680e-14 0.000000e+00
 1903 -2.125022e-14 0.000000e+00
 1904 -2.182541e-14 0.000000e+00
 1905 -6.961824e-14 0.000000e+00
 1906 -3.712822e-14 0.000000e+00
 1907 -4.412618e-14 0.000000e+00
 1908 -2.640101e-14 0.000000e+00
 1909 -2.851720e-14 0.000000e+00
 1910 -2.670000e-14 0.000000e+00
 1911 -2.772616e-14 0.000000e+00
 1912 -3.051783e-14 0.000000e+00
 1913 -1.651800e-14 0.000000e+00
 1914 -1.728861e-14 0.000000e+00
 1915 -5.815429e-14 0.000000e+00
 1916 -3.372225e-14 0.000000e+00
 1917 -4.505042e-14 0.000000e+00
 1918 -2.650442e-14 0.000000e+00
 1919 -2.717228e-14 0.000000e+00
 1920 -2.615709e-14 0.000000e+00
 1921 -2.711653e-14 0.000000e+00
 1922 -3.132086e-14 0.000000e+00
 1923 -1.632422e-14 0.000000e+00
 1924 -1.720581e-14 0.000000e+00
 1925 -6.443541e-14 0.000000e+00
 1926 -3.592165e-14 0.000000e+00
 1927 -4.823274e-14 0.000000e+00
 1928 -2.758485e-14 0.000000e+00
 1929 -2.631066e-14 0.000000e+00
 1930 -2.692452e-14 0.000000e+00
 1931 -2.867288e-14 0.000000e+00
 1932 -3.332429e-14 0.000000e+00
 1933 -1.281216e-14 0.000000e+00
 1934 -1.653788e-14 0.000000e+00
 1935 -6.531188e-14 0.000000e+00
 1936 -3.775317e-14 0.000000e+00
 1937 -5.017193e-14 0.000000e+00
 1938 -2.706585e-14 0.000000e+00
 1939 -2.743558e-14 0.000000e+00
 1940 -2.816764e-14 0.000000e+00
 1941 -2.997754e-14 0.000000e+00
 1942 -3.330886e-14 0.000000e+00
 1943 -1.096982e-14 0.000000e+00
 1944 -1.707384e-14 0.000000e+00
 1945 -6.878000e-14 0.000000e+00
 1946 -4.038185e-14 0.000000e+00
 1947 -5.327296e-14 0.000000e+00
 1948 -2.932894e-14 0.000000e+00
 1949 -2.949358e-14 0.000000e+00
 1950 -3.097178e-14 0.000000e+00
 1951 -3.208731e-14 0.000000e+00
 1952 -3.643143e-14 0.000000e+00
 1953 -1.362672e-14 0.000000e+00
 1954 -2.178959e-14 0.000000e+00
 1955 -8.965659e-14 0.000000e+00
 1956 -4.582929e-14 0.000000e+00
 1957 -5.925599e-14 0.000000e+00
 1958 -3.309636e-14 0.000000e+00
 1959 -3.386608e-14 0.000000e+00
 1960 -3.492340e-14 0.000000e+00
 1961 -3.631730e-14 0.000000e+00
 1962 -4.123161e-14 0.000000e+00
 1963 -1.654871e-14 0.000000e+00
 1964 -2.630968e-14 0.000000e+00
 1965 -1.121785e-13 0.000000e+00
 1966 -5.035822e-14 0.000000e+00
 1967 -6.622044e-14 0.000000e+00
 1968 -3.754347e-14 0.000000e+00
 1969 -3.780776e-14 0.000000e+00
 1970 -3.942372e-14 0.000000e+00
 1971 -4.111647e-14 0.000000e+00
 1972 -4.471743e-14 0.000000e+00
 1973 -2.219993e-14 0.000000e+00
 1974 -3.254555e-14 0.000000e+00
 1975 -1.355895e-13 0.000000e+00
 1976 -5.649114e-14 0.000000e+00
 1977 -7.239238e-14 0.000000e+00
 1978 -4.235112e-14 0.000000e+00
 1979 -4.219756e-14 0.000000e+00
 1980 -4.477596e-14 0.000000e+00
 1981 -4.636541e-14 0.000000e+00
 1982 -4.940166e-14 0.000000e+00
 1983 -2.764221e-14 0.000000e+00
 1984 -3.979188e-14 0.000000e+00
 1985 -1.606509e-13 0.000000e+00
 1986 -6.282214e-14 0.000000e+00
 1987 -8.003752e-14 0.000000e+00
 1988 -4.662566e-14 0.000000e+00
 1989 -4.786657e-14 0.000000e+00
 1990 -4.856257e-14 0.000000e+00
 1991 -5.198496e-14 0.000000e+00
 1992 -5.388670e-14 0.000000e+00
 1993 -3.418957e-14 0.000000e+00
 1994 -4.680957e-14 0.000000e+00
 1995 -1.869426e-13 0.000000e+00
 1996 -7.008327e-14 0.000000e+00
 1997 -8.484468e-14 0.000000e+00
 1998 -5.170470e-14 0.000000e+00
 1999 -5.197545e-14 0.000000e+00
 2000 -5.383074e-14 0.000000e+00
 2001 -5.709866e-14 0.000000e+00
 2002 -5.799290e-14 0.000000e+00
 2003 -4.113287e-14 0.000000e+00
 2004 -5.485873e-14 0.000000e+00
 2005 -2.115570e-13 0.000000e+00
 2006 -7.559002e-14 0.000000e+00
 2007 -8.979259e-14 0.000000e+00
 2008 -5.653473e-14 0.000000e+00
 2009 -5.658682e-14 0.000000e+00
 2010 -5.882804e-14 0.000000e+00
 2011 -6.141919e-14 0.000000e+00
 2012 -6.231092e-14 0.000000e+00
 2013 -4.845803e-14 0.000000e+00
 2014 -6.128072e-14 0.000000e+00
 2015 -2.340284e-13 0.000000e+00
 2016 -8.002055e-14 0.000000e+00
 2017 -9.403886e-14 0.000000e+00
 2018 -6.074228e-14 0.000000e+00
 2019 -6.084979e-14 0.000000e+00
 2020 -6.189756e-14 0.000000e+00
 2021 -6.589094e-14 0.000000e+00
 2022 -6.622093e-14 0.000000e+00
 2023 -5.645136e-14 0.000000e+00
 2024 -6.638135e-14 0.000000e+00
 2025 -2.536651e-13 0.000000e+00
 2026 -8.425623e-14 0.000000e+00
 2027 -9.591634e-14 0.000000e+00
 2028 -6.373600e-14 0.000000e+00
 2029 -6.328706e-14 0.000000e+00
 2030 -6.542192e-14 0.000000e+00
 2031 -6.965062e-14 0.000000e+00
 2032 -6.990532e-14 0.000000e+00
 2033 -6.572328e-14 0.000000e+00
 2034 -7.157851e-14 0.000000e+00
 2035 -2.657887e-13 0.000000e+00
 2036 -8.607631e-14 0.000000e+00
 2037 -9.778782e-14 0.000000e+00
 2038 -6.631452e-14 0.000000e+00
 2039 -6.441851e-14 0.000000e+00
 2040 -6.737479e-14 0.000000e+00
 2041 -7.055710e-14 0.000000e+00
 2042 -7.055319e-14 0.000000e+00
 2043 -7.154757e-14 0.000000e+00
 2044 -7.408115e-14 0.000000e+00
 2045 -2.719424e-13 0.000000e+00
 2046 -8.692057e-14 0.000000e+00
 2047 -9.633901e-14 0.000000e+00
 2048 -4.258372e-14 0.000000e+00
 2049 0.000000e+00 0.000000e+00
 2050 0.000000e+00 0.000000e+00
 2051 0.000000e+00 0.000000e+00
 2052 0.000000e+00 2.927764e-02
 2053 0.000000e+00 0.000000e+00
 2054 0.000000e+00 0.000000e+00
 2055 0.000000e+00 0.000000e+00
 2056 0.000000e+00 0.000000e+00
 2057 0.000000e+00 0.000000e+00
 2058 0.000000e+00 0.000000e+00
 2059 0.000000e+00 0.000000e+00
 2060 0.000000e+00 0.000000e+00
 2061 0.000000e+00 0.000000e+00
 2062 0.000000e+00 0.000000e+00
 2063 0.000000e+00 0.000000e+00
 2064 0.000000e+00 0.000000e+00
 2065 0.000000e+00 0.000000e+00
 2066 0.000000e+00 0.000000e+00
 2067 0.000000e+00 0.000000e+00
 2068 0.000000e+00 0.000000e+00
 2069 0.000000e+00 0.000000e+00
 2070 0.000000e+00 0.000000e+00
 2071 0.000000e+00 0.000000e+00
 2072 0.000000e+00 0.000000e+00
 2073 0.000000e+00 0.000000e+00
 2074 0.000000e+00 0.000000e+00
 2075 0.000000e+00 0.000000e+00
 2076 0.000000e+00 0.000000e+00
 2077 0.000000e+00 0.000000e+00
 2078 0.000000e+00 0.000000e+00
 2079 0.000000e+00 0.000000e+00
 2080 0.000000e+00 0.000000e+00
 2081 0.000000e+00 0.000000e+00
 2082 0.000000e+00 0.000000e+00
 2083 0.000000e+00 0.000000e+00
 2084 0.000000e+00 0.000000e+00
 2085 0.000000e+00 0.000000e+00
 2086 0.000000e+00 0.000000e+00
 2087 0.000000e+00 0.000000e+00
 2088 0.000000e+00 0.000000e+00
 2089 0.000000e+00 0.000000e+00
 2090 0.000000e+00 0.000000e+00
 2091 0.000000e+00 0.000000e+00
 2092 0.000000e+00 0.000000e+00
 2093 0.000000e+00 0.000000e+00
 2094 0.000000e+00 0.000000e+00
 2095 0.000000e+00 0.000000e+00
 2096 0.000000e+00 0.000000e+00
 2097 0.000000e+00 0.000000e+00
 2098 0.000000e+00 0.000000e+00
 2099 0.000000e+00 0.000000e+00
 2100 0.000000e+00 0.000000e+00
 2101 0.000000e+00 0.000000e+00
 2102 0.000000e+00 0.000000e+00
 2103 0.000000e+00 0.000000e+00
 2104 0.000000e+00 0.000000e+00
 2105 0.000000e+00 0.000000e+00
 2106 0.000000e+00 0.000000e+00
 2107 0.000000e+00 0.000000e+00
 2108 0.000000e+00 0.000000e+00
 2109 0.000000e+00 0.000000e+00
 2110 0.000000e+00 0.000000e+00
 2111 0.000000e+00 0.000000e+00
 2112 0.000000e+00 0.000000e+00
 2113 0.000000e+00 0.000000e+00
 2114 0.000000e+00 0.000000e+00
 2115 0.000000e+00 0.000000e+00
 2116 0.000000e+00 0.000000e+00
 2117 0.000000e+00 0.000000e+00
 2118 0.000000e+00 0.000000e+00
 2119 0.000000e+00 0.000000e+00
 2120 0.000000e+00 0.000000e+00
 2121 0.000000e+00 0.000000e+00
 2122 0.000000e+00 0.000000e+00
 2123 0.000000e+00 0.000000e+00
 2124 0.000000e+00 0.000000e+00
 2125 0.000000e+00 0.000000e+00
 2126 0.000000e+00 0.000000e+00
 2127 0.000000e+00 0.000000e+00
 2128 0.000000e+00 0.000000e+00
 2129 0.000000e+00 0.000000e+00
 2130 0.000000e+00 0.000000e+00
 2131 0.000000e+00 0.000000e+00
 2132 0.000000e+00 0.000000e+00
 2133 0.000000e+00 0.000000e+00
 2134 0.000000e+00 0.000000e+00
 2135 0.000000e+00 0.000000e+00
 2136 0.000000e+00 0.000000e+00
 2137 0.000000e+00 0.000000e+00
 2138 0.000000e+00 0.000000e+00
 2139 0.000000e+00 0.000000e+00
 2140 0.000000e+00 0.000000e+00
 2141 0.000000e+00 0.000000e+00
 2142 0.000000e+00 0.000000e+00
 2143 0.000000e+00 0.000000e+00
 2144 0.000000e+00 0.000000e+00
 2145 0.000000e+00 0.000000e+00
 2146 0.000000e+00 0.000000e+00
 2147 0.000000e+00 0.000000e+00
 2148 0.000000e+00 0.000000e+00
 2149 0.000000e+00 0.000000e+00
 2150 0.000000e+00 0.000000e+00
 2151 0.000000e+00 0.000000e+00
 2152 0.000000e+00 0.000000e+00
 2153 0.000000e+00 0.000000e+00
 2154 0.000000e+00 0.000000e+00
 2155 0.000000e+00 0.000000e+00
 2156 0.000000e+00 0.000000e+00
 2157 0.000000e+00 0.000000e+00
 2158 0.000000e+00 0.000000e+00
 2159 0.000000e+00 0.000000e+00
 2160 0.000000e+00 0.000000e+00
 2161 0.000000e+00 0.000000e+00
 2162 0.000000e+00 0.000000e+00
 2163 0.000000e+00 0.000000e+00
 2164 0.000000e+00 0.000000e+00
 2165 0.000000e+00 0.000000e+00
 2166 0.000000e+00 0.000000e+00
 2167 0.000000e+00 0.000000e+00
 2168 0.000000e+00 0.000000e+00
 2169 0.000000e+00 0.000000e+00
 2170 0.000000e+00 0.000000e+00
 2171 0.000000e+00 0.000000e+00
 2172 0.000000e+00 0.000000e+00
 2173 0.000000e+00 0.000000e+00
 2174 0.000000e+00 0.000000e+00
 2175 0.000000e+00 0.000000e+00
 2176 0.000000e+00 0.000000e+00
 2177 0.000000e+00 0.000000e+00
 2178 0.000000e+00 0.000000e+00
 2179 0.000000e+00 0.000000e+00
 2180 0.000000e+00 0.000000e+00
 2181 0.000000e+00 0.000000e+00
 2182 0.000000e+00 0.000000e+00
 2183 0.000000e+00 0.000000e+00
 2184 0.000000e+00 0.000000e+00
 2185 0.000000e+00 0.000000e+00
 2186 0.000000e+00 0.000000e+00
 2187 0.000000e+00 0.000000e+00
 2188 0.000000e+00 0.000000e+00
 2189 0.000000e+00 0.000000e+00
 2190 0.000000e+00 0.000000e+00
 2191 0.000000e+00 0.000000e+00
 2192 0.000000e+00 0.000000e+00
 2193 0.000000e+00 0.000000e+00
 2194 0.000000e+00 0.000000e+00
 2195 0.000000e+00 0.000000e+00
 2196 0.000000e+00 0.000000e+00
 2197 0.000000e+00 0.000000e+00
 2198 0.000000e+00 0.000000e+00
 2199 0.000000e+00 0.000000e+00
 2200 0.000000e+00 0.000000e+00
 2201 0.000000e+00 0.000000e+00
 2202 0.000000e+00 0.000000e+00
 2203 0.000000e+00 0.000000e+00
 2204 0.000000e+00 0.000000e+00
 2205 0.000000e+00 0.000000e+00
 2206 0.000000e+00 0.000000e+00
 2207 0.000000e+00 0.000000e+00
 2208 0.000000e+00 0.000000e+00
 2209 0.000000e+00 0.000000e+00
 2210 0.000000e+00 0.000000e+00
 2211 0.000000e+00 0.000000e+00
 2212 0.000000e+00 0.000000e+00
 2213 0.000000e+00 0.000000e+00
 2214 0.000000e+00 0.000000e+00
 2215 0.000000e+00 0.000000e+00
 2216 0.000000e+00 0.000000e+00
 2217 0.000000e+00 0.000000e+00
 2218 0.000000e+00 0.000000e+00
 2219 0.000000e+00 0.000000e+00
 2220 0.000000e+00 0.000000e+00
 2221 0.000000e+00 0.000000e+00
 2222 0.000000e+00 0.000000e+00
 2223 0.000000e+00 0.000000e+00
 2224 0.000000e+00 0.000000e+00
 2225 0.000000e+00 0.000000e+00
 2226 0.000000e+00 0.000000e+00
 2227 0.000000e+00 0.000000e+00
 2228 0.000000e+00 0.000000e+00
 2229 0.000000e+00 0.000000e+00
 2230 0.000000e+00 0.000000e+00
 2231 0.000000e+00 0.000000e+00
 2232 0.000000e+00 0.000000e+00
 2233 0.000000e+00 0.000000e+00
 2234 0.000000e+00 0.000000e+00
 2235 0.000000e+00 0.000000e+00
 2236 0.000000e+00 0.000000e+00
 2237 0.000000e+00 0.000000e+00
 2238 0.000000e+00 0.000000e+00
 2239 0.000000e+00 0.000000e+00
 2240 0.000000e+00 0.000000e+00
 2241 0.000000e+00 0.000000e+00
 2242 0.000000e+00 0.000000e+00
 2243 0.000000e+00 0.000000e+00
 2244 0.000000e+00 0.000000e+00
 2245 0.000000e+00 0.000000e+00
 2246 0.000000e+00 0.000000e+00
 2247 0.000000e+00 0.000000e+00
 2248 0.000000e+00 0.000000e+00
 2249 0.000000e+00 0.000000e+00
 2250 0.000000e+00 0.000000e+00
 2251 0.000000e+00 0.000000e+00
 2252 0.000000e+00 0.000000e+00
 2253 0.000000e+00 0.000000e+00
 2254 0.000000e+00 0.000000e+00
 2255 0.000000e+00 0.000000e+00
 2256 0.000000e+00 0.000000e+00
 2257 0.000000e+00 0.000000e+00
 2258 0.000000e+00 0.000000e+00
 2259 0.000000e+00 0.000000e+00
 2260 0.000000e+00 0.000000e+00
 2261 0.000000e+00 0.000000e+00
 2262 0.000000e+00 0.000000e+00
 2263 0.000000e+00 0.000000e+00
 2264 0.000000e+00 0.000000e+00
 2265 0.000000e+00 0.000000e+00
 2266 0.000000e+00 0.000000e+00
 2267 0.000000e+00 0.000000e+00
 2268 0.000000e+00 0.000000e+00
 2269 0.000000e+00 0.000000e+00
 2270 0.000000e+00 0.000000e+00
 2271 0.000000e+00 0.000000e+00
 2272 0.000000e+00 0.000000e+00
 2273 0.000000e+00 0.000000e+00
 2274 0.000000e+00 0.000000e+00
 2275 0.000000e+00 0.000000e+00
 2276 0.000000e+00 0.000000e+00
 2277 0.000000e+00 0.000000e+00
 2278 0.000000e+00 0.000000e+00
 2279 0.000000e+00 0.000000e+00
 2280 0.000000e+00 0.000000e+00
 2281 0.000000e+00 0.000000e+00
 2282 0.000000e+00 0.000000e+00
 2283 0.000000e+00 0.000000e+00
 2284 0.000000e+00 0.000000e+00
 2285 0.000000e+00 0.000000e+00
 2286 0.000000e+00 0.000000e+00
 2287 0.000000e+00 0.000000e+00
 2288 0.000000e+00 0.000000e+00
 2289 0.000000e+00 0.000000e+00
 2290 0.000000e+00 0.000000e+00
 2291 0.000000e+00 0.000000e+00
 2292 0.000000e+00 0.000000e+00
 2293 0.000000e+00 0.000000e+00
 2294 0.000000e+00 0.000000e+00
 2295 0.000000e+00 0.000000e+00
 2296 0.000000e+00 0.000000e+00
 2297 0.000000e+00 0.000000e+00
 2298 0.000000e+00 0.000000e+00
 2299 0.000000e+00 0.000000e+00
 2300 0.000000e+00 0.000000e+00
 2301 0.000000e+00 0.000000e+00
 2302 0.000000e+00 0.000000e+00
 2303 0.000000e+00 0.000000e+00
 2304 0.000000e+00 0.000000e+00
 2305 0.000000e+00 0.000000e+00
 2306 0.000000e+00 0.000000e+00
 2307 0.000000e+00 0.000000e+00
 2308 0.000000e+00 0.000000e+00
 2309 0.000000e+00 0.000000e+00
 2310 0.000000e+00 0.000000e+00
 2311 0.000000e+00 0.000000e+00
 2312 0.000000e+00 0.000000e+00
 2313 0.000000e+00 0.000000e+00
 2314 0.000000e+00 0.000000e+00
 2315 0.000000e+00 0.000000e+00
 2316 0.000000e+00 0.000000e+00
 2317 0.000000e+00 0.000000e+00
 2318 0.000000e+00 0.000000e+00
 2319 0.000000e+00 0.000000e+00
 2320 0.000000e+00 0.000000e+00
 2321 0.000000e+00 0.000000e+00
 2322 0.000000e+00 0.000000e+00
 2323 0.000000e+00 0.000000e+00
 2324 0.000000e+00 0.000000e+00
 2325 0.000000e+00 0.000000e+00
 2326 0.000000e+00 0.000000e+00
 2327 0.000000e+00 0.000000e+00
 2328 0.000000e+00 0.000000e+00
 2329 0.000000e+00 0.000000e+00
 2330 0.000000e+00 0.000000e+00
 2331 0.000000e+00 0.000000e+00
 2332 0.000000e+00 0.000000e+00
 2333 0.000000e+00 0.000000e+00
 2334 0.000000e+00 0.000000e+00
 2335 0.000000e+00 0.000000e+00
 2336 0.000000e+00 0.000000e+00
 2337 0.000000e+00 0.000000e+00
 2338 0.000000e+00 0.000000e+00
 2339 0.000000e+00 0.000000e+00
 2340 0.000000e+00 0.000000e+00
 2341 0.000000e+00 0.000000e+00
 2342 0.000000e+00 0.000000e+00
 2343 0.000000e+00 0.000000e+00
 2344 0.000000e+00 0.000000e+00
 2345 0.000000e+00 0.000000e+00
 2346 0.000000e+00 0.000000e+00
 2347 0.000000e+00 0.000000e+00
 2348 0.000000e+00 0.000000e+00
 2349 0.000000e+00 0.000000e+00
 2350 0.000000e+00 0.000000e+00
 2351 0.000000e+00 0.000000e+00
 2352 0.000000e+00 4.102394e-02
 2353 0.000000e+00 0.000000e+00
 2354 0.000000e+00 0.000000e+00
 2355 0.000000e+00 0.000000e+00
 2356 0.000000e+00 0.000000e+00
 2357 0.000000e+00 0.000000e+00
 2358 0.000000e+00 0.000000e+00
 2359 0.000000e+00 0.000000e+00
 2360 0.000000e+00 0.000000e+00
 2361 0.000000e+00 0.000000e+00
 2362 0.000000e+00 0.000000e+00
 2363 0.000000e+00 0.000000e+00
 2364 0.000000e+00 0.000000e+00
 2365 0.000000e+00 0.000000e+00
 2366 0.000000e+00 0.000000e+00
 2367 0.000000e+00 0.000000e+00
 2368 0.000000e+00 0.000000e+00
 2369 0.000000e+00 0.000000e+00
 2370 0.000000e+00 0.000000e+00
 2371 0.000000e+00 0.000000e+00
 2372 0.000000e+00 0.000000e+00
 2373 0.000000e+00 0.000000e+00
 2374 0.000000e+00 0.000000e+00
 2375 0.000000e+00 0.000000e+00
 2376 0.000000e+00 0.000000e+00
 2377 0.000000e+00 0.000000e+00
 2378 0.000000e+00 0.000000e+00
 2379 0.000000e+00 0.000000e+00
 2380 0.000000e+00 0.000000e+00
 2381 0.000000e+00 0.000000e+00
 2382 0.000000e+00 0.000000e+00
 2383 0.000000e+00 0.000000e+00
 2384 0.000000e+00 0.000000e+00
 2385 0.000000e+00 0.000000e+00
 2386 0.000000e+00 0.000000e+00
 2387 0.000000e+00 0.000000e+00
 2388 0.000000e+00 0.000000e+00
 2389 0.000000e+00 0.000000e+00
 2390 0.000000e+00 0.000000e+00
 2391 0.000000e+00 0.000000e+00
 2392 0.000000e+00 0.000000e+00
 2393 0.000000e+00 0.000000e+00
 2394 0.000000e+00 0.000000e+00
 2395 0.000000e+00 0.000000e+00
 2396 0.000000e+00 0.000000e+00
 2397 0.000000e+00 0.000000e+00
 2398 0.000000e+00 0.000000e+00
 2399 0.000000e+00 0.000000e+00
 2400 0.000000e+00 0.000000e+00
 2401 0.000000e+00 0.000000e+00
 2402 0.000000e+00 0.000000e+00
 2403 0.000000e+00 0.000000e+00
 2404 0.000000e+00 0.000000e+00
 2405 0.000000e+00 0.000000e+00
 2406 0.000000e+00 0.000000e+00
 2407 0.000000e+00 0.000000e+00
 2408 0.000000e+00 0.000000e+00
 2409 0.000000e+00 0.000000e+00
 2410 0.000000e+00 0.000000e+00
 2411 0.000000e+00 0.000000e+00
 2412 0.000000e+00 0.000000e+00
 2413 0.000000e+00 0.000000e+00
 2414 0.000000e+00 0.000000e+00
 2415 0.000000e+00 0.000000e+00
 2416 0.000000e+00 0.000000e+00
 2417 0.000000e+00 0.000000e+00
 2418 0.000000e+00 0.000000e+00
 2419 0.000000e+00 0.000000e+00
 2420 0.000000e+00 0.000000e+00
 2421 0.000000e+00 0.000000e+00
 2422 0.000000e+00 0.000000e+00
 2423 0.000000e+00 0.000000e+00
 2424 0.000000e+00 0.000000e+00
 2425 0.000000e+00 0.000000e+00
 2426 0.000000e+00 0.000000e+00
 2427 0.000000e+00 0.000000e+00
 2428 0.000000e+00 0.000000e+00
 2429 0.000000e+00 0.000000e+00
 2430 0.000000e+00 0.000000e+00
 2431 0.000000e+00 0.000000e+00
 2432 0.000000e+00 0.000000e+00
 2433 0.000000e+00 0.000000e+00
 2434 0.000000e+00 0.000000e+00
 2435 0.000000e+00 0.000000e+00
 2436 0.000000e+00 0.000000e+00
 2437 0.000000e+00 0.000000e+00
 2438 0.000000e+00 0.000000e+00
 2439 0.000000e+00 0.000000e+00
 2440 0.000000e+00 0.000000e+00
 2441 0.000000e+00 0.000000e+00
 2442 0.000000e+00 0.000000e+00
 2443 0.000000e+00 0.000000e+00
 2444 0.000000e+00 0.000000e+00
 2445 0.000000e+00 0.000000e+00
 2446 0.000000e+00 0.000000e+00
 2447 0.000000e+00 0.000000e+00
 2448 0.000000e+00 0.000000e+00
 2449 0.000000e+00 0.000000e+00
 2450 0.000000e+00 0.000000e+00
 2451 0.000000e+00 0.000000e+00
 2452 0.000000e+00 0.000000e+00
 2453 0.000000e+00 0.000000e+00
 2454 0.000000e+00 0.000000e+00
 2455 0.000000e+00 0.000000e+00
 2456 0.000000e+00 0.000000e+00
 2457 0.000000e+00 0.000000e+00
 2458 0.000000e+00 0.000000e+00
 2459 0.000000e+00 0.000000e+00
 2460 0.000000e+00 0.000000e+00
 2461 0.000000e+00 0.000000e+00
 2462 0.000000e+00 0.000000e+00
 2463 0.000000e+00 0.000000e+00
 2464 0.000000e+00 0.000000e+00
 2465 0.000000e+00 0.000000e+00
 2466 0.000000e+00 0.000000e+00
 2467 0.000000e+00 0.000000e+00
 2468 0.000000e+00 0.000000e+00
 2469 0.000000e+00 0.000000e+00
 2470 0.000000e+00 0.000000e+00
 2471 0.000000e+00 0.000000e+00
 2472 0.000000e+00 0.000000e+00
 2473 0.000000e+00 0.000000e+00
 2474 0.000000e+00 0.000000e+00
 2475 0.000000e+00 0.000000e+00
 2476 0.000000e+00 0.000000e+00
 2477 0.000000e+00 0.000000e+00
 2478 0.000000e+00 0.000000e+00
 2479 0.000000e+00 0.000000e+00
 2480 0.000000e+00 0.000000e+00
 2481 0.000000e+00 0.000000e+00
 2482 0.000000e+00 0.000000e+00
 2483 0.000000e+00 0.000000e+00
 2484 0.000000e+00 0.000000e+00
 2485 0.000000e+00 0.000000e+00
 2486 0.000000e+00 0.000000e+00
 2487 0.000000e+00 0.000000e+00
 2488 0.000000e+00 0.000000e+00
 2489 0.000000e+00 0.000000e+00
 2490 0.000000e+00 0.000000e+00
 2491 0.000000e+00 0.000000e+00
 2492 0.000000e+00 0.000000e+00
 2493 0.000000e+00 0.000000e+00
 2494 0.000000e+00 0.000000e+00
 2495 0.000000e+00 0.000000e+00
 2496 0.000000e+00 0.000000e+00
 2497 0.000000e+00 0.000000e+00
 2498 0.000000e+00 0.000000e+00
 2499 0.000000e+00 0.000000e+00
 2500 0.000000e+00 2.938887e-02
