 1.48380005
 7.993319741E-5
 5.391740054E-2
 2.121680009E-4
 0.156377003
 4.747310013E-4
 5.931590125E-2
 6.939159939E-4
 1.087999996E-2
 8.364419919E-4
 8.190560155E-3
 6.773039931E-4
 1.278000046E-2
 6.287610158E-4
 1.283949986E-2
 4.137909855E-4
 3.156370018E-3
 4.220739938E-4
 3.221889958E-3
 4.374489945E-4
 5.559550133E-3
 2.846299903E-4
 3.620669944E-3
 2.505460056E-3
 7.993319741E-5
 2.54911995
 9.629620035E-5
 0.135178998
 3.791929921E-4
 0.140806004
 5.751809804E-4
 2.790180035E-2
 6.331540062E-4
 8.848190308E-3
 7.390729734E-4
 8.678300306E-3
 5.828519934E-4
 1.741459966E-2
 6.252350286E-4
 6.471029948E-3
 3.085859935E-4
 3.499079961E-3
 4.497549962E-4
 4.550240003E-3
 3.885419865E-4
 4.437780008E-3
 2.919420076E-4
 5.03689982E-3
 5.391740054E-2
 9.629620035E-5
 3.75338006
 1.993960032E-4
 0.146211997
 2.902160049E-4
 6.206069887E-2
 3.12040007E-4
 1.323150005E-2
 4.352919932E-4
 6.665850058E-3
 4.112400056E-4
 7.584069856E-3
 4.126699932E-4
 8.876290172E-3
 3.100789909E-4
 2.752610017E-3
 2.673050039E-4
 2.684399951E-3
 2.883689885E-4
 3.425220028E-3
 1.852050045E-4
 2.592599951E-3
 2.079559956E-3
 2.121680009E-4
 0.135178998
 1.993960032E-4
 3.30209994
 7.670240011E-4
 0.423804998
 7.443000213E-4
 0.112952001
 7.648210158E-4
 3.717409819E-2
 9.899029974E-4
 1.507580001E-2
 9.613190196E-4
 2.372499928E-2
 1.006730017E-3
 1.252720039E-2
 5.960590206E-4
 9.451170452E-3
 6.870049983E-4
 8.950830437E-3
 6.507589715E-4
 6.062670145E-3
 4.655979865E-4
 9.079489857E-3
 0.156377003
 3.791929921E-4
 0.146211997
 7.670240011E-4
 2.66749001
 1.075659995E-3
 0.509783983
 9.808810428E-4
 0.163361996
 1.353219966E-3
 7.398489863E-2
 1.406510011E-3
 2.041340061E-2
 1.549349981E-3
 3.203770146E-2
 1.172009972E-3
 1.713339984E-2
 1.135790022E-3
 2.016540058E-2
 1.093560015E-3
 1.056160033E-2
 7.353540277E-4
 9.533380158E-3
 1.238050032E-2
 4.747310013E-4
 0.140806004
 2.902160049E-4
 0.423804998
 1.075659995E-3
 2.54764009
 1.124770031E-3
 0.496858001
 8.673850098E-4
 0.237239003
 1.311630011E-3
 7.025270164E-2
 1.297760056E-3
 2.321139909E-2
 1.576700015E-3
 1.945669949E-2
 9.932999965E-4
 2.786410041E-2
 1.216529985E-3
 2.566180006E-2
 1.001960016E-3
 7.265210152E-3
 7.393619744E-4
 1.361859962E-2
 5.931590125E-2
 5.751809804E-4
 6.206069887E-2
 7.443000213E-4
 0.509783983
 1.124770031E-3
 3.94464993
 1.158319996E-3
 0.414211005
 1.308399951E-3
 0.263918012
 1.39212003E-3
 4.449729994E-2
 1.61993003E-3
 2.651670016E-2
 1.501680003E-3
 1.997249946E-2
 1.463199966E-3
 3.322830051E-2
 1.420959947E-3
 1.611760072E-2
 8.3773199E-4
 8.959559724E-3
 1.435360033E-2
 6.939159939E-4
 2.790180035E-2
 3.12040007E-4
 0.112952001
 9.808810428E-4
 0.496858001
 1.158319996E-3
 5.25559998
 1.271959976E-3
 0.457051009
 1.315800007E-3
 0.186400995
 1.318090013E-3
 6.951969862E-2
 1.626339974E-3
 1.724310033E-2
 1.261629979E-3
 2.523059957E-2
 1.478760038E-3
 3.09177991E-2
 1.264519989E-3
 1.177630015E-2
 7.917489856E-4
 1.180209965E-2
 1.087999996E-2
 6.331540062E-4
 1.323150005E-2
 7.648210158E-4
 0.163361996
 8.673850098E-4
 0.414211005
 1.271959976E-3
 6.12104988
 1.714790007E-3
 0.622564018
 1.436859951E-3
 0.171840996
 1.569580054E-3
 4.660730064E-2
 1.509279944E-3
 1.848630048E-2
 1.706799958E-3
 3.188490123E-2
 1.630229992E-3
 2.565680072E-2
 1.189599978E-3
 1.05659999E-2
 1.126980036E-2
 8.364419919E-4
 8.848190308E-3
 4.352919932E-4
 3.717409819E-2
 1.353219966E-3
 0.237239003
 1.308399951E-3
 0.457051009
 1.714790007E-3
 5.93815994
 2.606149996E-3
 0.570545018
 1.984409988E-3
 0.318071008
 2.353650052E-3
 4.115759954E-2
 1.697500004E-3
 2.843590081E-2
 2.211390063E-3
 4.162869975E-2
 1.893540029E-3
 2.436009981E-2
 1.462009968E-3
 1.970759965E-2
 8.190560155E-3
 7.390729734E-4
 6.665850058E-3
 9.899029974E-4
 7.398489863E-2
 1.311630011E-3
 0.263918012
 1.315800007E-3
 0.622564018
 2.606149996E-3
 4.09284019
 3.076799912E-3
 0.949912012
 2.785440069E-3
 0.333505988
 2.109189983E-3
 3.821749985E-2
 2.359129954E-3
 3.703910112E-2
 2.619290026E-3
 4.665819928E-2
 1.914449967E-3
 2.880129963E-2
 1.575889997E-2
 6.773039931E-4
 8.678300306E-3
 4.112400056E-4
 1.507580001E-2
 1.406510011E-3
 7.025270164E-2
 1.39212003E-3
 0.186400995
 1.436859951E-3
 0.570545018
 3.076799912E-3
 6.4858098
 3.529679962E-3
 1.03682005
 3.42466007E-3
 0.190835997
 1.816960052E-3
 5.087729916E-2
 2.605909947E-3
 3.871399909E-2
 2.560270019E-3
 3.059910052E-2
 1.887439983E-3
 3.807289898E-2
 1.278000046E-2
 5.828519934E-4
 7.584069856E-3
 9.613190196E-4
 2.041340061E-2
 1.297760056E-3
 4.449729994E-2
 1.318090013E-3
 0.171840996
 1.984409988E-3
 0.949912012
 3.529679962E-3
 6.04216003
 4.513049964E-3
 1.15439999
 3.079369897E-3
 0.222558007
 2.681950107E-3
 8.69942978E-2
 3.277269891E-3
 4.41869013E-2
 2.606469905E-3
 4.10928987E-2
 3.774389997E-2
 6.287610158E-4
 1.741459966E-2
 4.126699932E-4
 2.372499928E-2
 1.549349981E-3
 2.321139909E-2
 1.61993003E-3
 6.951969862E-2
 1.569580054E-3
 0.318071008
 2.785440069E-3
 1.03682005
 4.513049964E-3
 4.52068996
 5.625190213E-3
 1.01275003
 2.782490104E-3
 0.391386986
 4.108360037E-3
 0.111681998
 3.77801992E-3
 3.274510056E-2
 3.078900045E-3
 7.085099816E-2
 1.283949986E-2
 6.252350286E-4
 8.876290172E-3
 1.006730017E-3
 3.203770146E-2
 1.576700015E-3
 2.651670016E-2
 1.626339974E-3
 4.660730064E-2
 2.353650052E-3
 0.333505988
 3.42466007E-3
 1.15439999
 5.625190213E-3
 6.20749998
 6.220799871E-3
 0.866630018
 3.898790106E-3
 0.518447995
 5.076610018E-3
 0.108741
 3.878320102E-3
 5.034229904E-2
 6.237129867E-2
 4.137909855E-4
 6.471029948E-3
 3.100789909E-4
 1.252720039E-2
 1.172009972E-3
 1.945669949E-2
 1.501680003E-3
 1.724310033E-2
 1.509279944E-3
 4.115759954E-2
 2.109189983E-3
 0.190835997
 3.079369897E-3
 1.01275003
 6.220799871E-3
 8.88471031
 6.364400033E-3
 0.862706006
 4.164250102E-3
 0.384294003
 3.876940114E-3
 6.463640183E-2
 3.355369903E-3
 5.476310104E-2
 3.156370018E-3
 3.085859935E-4
 2.752610017E-3
 5.960590206E-4
 1.713339984E-2
 9.932999965E-4
 1.997249946E-2
 1.261629979E-3
 1.848630048E-2
 1.697500004E-3
 3.821749985E-2
 1.816960052E-3
 0.222558007
 2.782490104E-3
 0.866630018
 6.364400033E-3
 10.4779396
 8.812700398E-3
 1.14207006
 6.171619985E-3
 0.386269987
 3.724680049E-3
 7.684700191E-2
 5.619020015E-2
 4.220739938E-4
 3.499079961E-3
 2.673050039E-4
 9.451170452E-3
 1.135790022E-3
 2.786410041E-2
 1.463199966E-3
 2.523059957E-2
 1.706799958E-3
 2.843590081E-2
 2.359129954E-3
 5.087729916E-2
 2.681950107E-3
 0.391386986
 3.898790106E-3
 0.862706006
 8.812700398E-3
 8.70707989
 1.37165999E-2
 1.40316999
 9.711089544E-3
 0.351401001
 4.656909965E-3
 0.101093002
 3.221889958E-3
 4.497549962E-4
 2.684399951E-3
 6.870049983E-4
 2.016540058E-2
 1.216529985E-3
 3.322830051E-2
 1.478760038E-3
 3.188490123E-2
 2.211390063E-3
 3.703910112E-2
 2.605909947E-3
 8.69942978E-2
 4.108360037E-3
 0.518447995
 4.164250102E-3
 1.14207006
 1.37165999E-2
 7.62377024
 1.924839988E-2
 2.22008991
 1.476749964E-2
 0.570459008
 0.106867999
 4.374489945E-4
 4.550240003E-3
 2.883689885E-4
 8.950830437E-3
 1.093560015E-3
 2.566180006E-2
 1.420959947E-3
 3.09177991E-2
 1.630229992E-3
 4.162869975E-2
 2.619290026E-3
 3.871399909E-2
 3.277269891E-3
 0.111681998
 5.076610018E-3
 0.384294003
 6.171619985E-3
 1.40316999
 1.924839988E-2
 7.31492996
 2.42928993E-2
 1.59337997
 1.60597004E-2
 0.686433017
 5.559550133E-3
 3.885419865E-4
 3.425220028E-3
 6.507589715E-4
 1.056160033E-2
 1.001960016E-3
 1.611760072E-2
 1.264519989E-3
 2.565680072E-2
 1.893540029E-3
 4.665819928E-2
 2.560270019E-3
 4.41869013E-2
 3.77801992E-3
 0.108741
 3.876940114E-3
 0.386269987
 9.711089544E-3
 2.22008991
 2.42928993E-2
 7.61570978
 3.150010109E-2
 2.19590998
 0.623206019
 2.846299903E-4
 4.437780008E-3
 1.852050045E-4
 6.062670145E-3
 7.353540277E-4
 7.265210152E-3
 8.3773199E-4
 1.177630015E-2
 1.189599978E-3
 2.436009981E-2
 1.914449967E-3
 3.059910052E-2
 2.606469905E-3
 3.274510056E-2
 3.878320102E-3
 6.463640183E-2
 3.724680049E-3
 0.351401001
 1.476749964E-2
 1.59337997
 3.150010109E-2
 10.3565197
 3.548299894E-2
 1.99410999
 3.620669944E-3
 2.919420076E-4
 2.592599951E-3
 4.655979865E-4
 9.533380158E-3
 7.393619744E-4
 8.959559724E-3
 7.917489856E-4
 1.05659999E-2
 1.462009968E-3
 2.880129963E-2
 1.887439983E-3
 4.10928987E-2
 3.078900045E-3
 5.034229904E-2
 3.355369903E-3
 7.684700191E-2
 4.656909965E-3
 0.570459008
 1.60597004E-2
 2.19590998
 3.548299894E-2
 9.96792984
 1.78111005
 2.505460056E-3
 5.03689982E-3
 2.079559956E-3
 9.079489857E-3
 1.238050032E-2
 1.361859962E-2
 1.435360033E-2
 1.180209965E-2
 1.126980036E-2
 1.970759965E-2
 1.575889997E-2
 3.807289898E-2
 3.774389997E-2
 7.085099816E-2
 6.237129867E-2
 5.476310104E-2
 5.619020015E-2
 0.101093002
 0.106867999
 0.686433017
 0.623206019
 1.99410999
 1.78111005
 18.6347008
