    0.13292E+03    0.00000E+00    0.72080E+00   -0.10000E+01
    0.99900E-04    0.35571E+03    0.35571E+03    0.10000E+01
    0.10294E-03    0.36610E+03    0.36610E+03    0.10000E+01
    0.10608E-03    0.37679E+03    0.37679E+03    0.10000E+01
    0.10931E-03    0.38779E+03    0.38779E+03    0.10000E+01
    0.11264E-03    0.39911E+03    0.39911E+03    0.10000E+01
    0.11607E-03    0.41077E+03    0.41077E+03    0.10000E+01
    0.11960E-03    0.42276E+03    0.42276E+03    0.10000E+01
    0.12324E-03    0.43510E+03    0.43510E+03    0.10000E+01
    0.12700E-03    0.44780E+03    0.44780E+03    0.10000E+01
    0.13087E-03    0.46087E+03    0.46087E+03    0.10000E+01
    0.13485E-03    0.47433E+03    0.47433E+03    0.10000E+01
    0.13896E-03    0.48817E+03    0.48817E+03    0.10000E+01
    0.14319E-03    0.50242E+03    0.50242E+03    0.10000E+01
    0.14755E-03    0.51708E+03    0.51708E+03    0.10000E+01
    0.15204E-03    0.53217E+03    0.53217E+03    0.10000E+01
    0.15667E-03    0.54770E+03    0.54770E+03    0.10000E+01
    0.16145E-03    0.56368E+03    0.56368E+03    0.10000E+01
    0.16636E-03    0.58012E+03    0.58012E+03    0.10000E+01
    0.17143E-03    0.59705E+03    0.59705E+03    0.10000E+01
    0.17665E-03    0.61446E+03    0.61446E+03    0.10000E+01
    0.18203E-03    0.63238E+03    0.63238E+03    0.10000E+01
    0.18757E-03    0.65082E+03    0.65082E+03    0.10000E+01
    0.19329E-03    0.66980E+03    0.66980E+03    0.10000E+01
    0.19917E-03    0.68933E+03    0.68933E+03    0.10000E+01
    0.20524E-03    0.70942E+03    0.70942E+03    0.10000E+01
    0.21149E-03    0.73010E+03    0.73010E+03    0.10000E+01
    0.21793E-03    0.75138E+03    0.75138E+03    0.10000E+01
    0.22457E-03    0.77327E+03    0.77327E+03    0.10000E+01
    0.23141E-03    0.79580E+03    0.79580E+03    0.10000E+01
    0.23845E-03    0.81898E+03    0.81898E+03    0.10000E+01
    0.24571E-03    0.84283E+03    0.84283E+03    0.10000E+01
    0.25320E-03    0.86737E+03    0.86737E+03    0.10000E+01
    0.26091E-03    0.89262E+03    0.89262E+03    0.10000E+01
    0.26885E-03    0.91860E+03    0.91860E+03    0.10000E+01
    0.27704E-03    0.94533E+03    0.94533E+03    0.10000E+01
    0.28548E-03    0.97283E+03    0.97283E+03    0.10000E+01
    0.29417E-03    0.10011E+04    0.10011E+04    0.10000E+01
    0.30313E-03    0.10302E+04    0.10302E+04    0.10000E+01
    0.31236E-03    0.10602E+04    0.10602E+04    0.10000E+01
    0.32188E-03    0.10910E+04    0.10910E+04    0.10000E+01
    0.33168E-03    0.11227E+04    0.11227E+04    0.10000E+01
    0.34178E-03    0.11553E+04    0.11553E+04    0.10000E+01
    0.35219E-03    0.11888E+04    0.11888E+04    0.10000E+01
    0.36292E-03    0.12233E+04    0.12233E+04    0.10000E+01
    0.37397E-03    0.12588E+04    0.12588E+04    0.10000E+01
    0.38536E-03    0.12953E+04    0.12953E+04    0.10000E+01
    0.39709E-03    0.13328E+04    0.13328E+04    0.10000E+01
    0.40919E-03    0.13714E+04    0.13714E+04    0.10000E+01
    0.42165E-03    0.14111E+04    0.14111E+04    0.10000E+01
    0.43449E-03    0.14520E+04    0.14520E+04    0.10000E+01
    0.44772E-03    0.14940E+04    0.14940E+04    0.10000E+01
    0.46136E-03    0.15371E+04    0.15371E+04    0.10000E+01
    0.47541E-03    0.15815E+04    0.15815E+04    0.10000E+01
    0.48988E-03    0.16272E+04    0.16272E+04    0.10000E+01
    0.50480E-03    0.16741E+04    0.16741E+04    0.10000E+01
    0.52018E-03    0.17224E+04    0.17224E+04    0.10000E+01
    0.53602E-03    0.17720E+04    0.17720E+04    0.10000E+01
    0.55234E-03    0.18230E+04    0.18230E+04    0.10000E+01
    0.56916E-03    0.18755E+04    0.18755E+04    0.10000E+01
    0.58650E-03    0.19294E+04    0.19294E+04    0.10000E+01
    0.60436E-03    0.19848E+04    0.19848E+04    0.10000E+01
    0.62277E-03    0.20417E+04    0.20417E+04    0.10000E+01
    0.64173E-03    0.21002E+04    0.21002E+04    0.10000E+01
    0.66127E-03    0.21603E+04    0.21603E+04    0.10000E+01
    0.68141E-03    0.22221E+04    0.22221E+04    0.10000E+01
    0.70217E-03    0.22856E+04    0.22856E+04    0.10000E+01
    0.72355E-03    0.23508E+04    0.23508E+04    0.10000E+01
    0.74559E-03    0.24178E+04    0.24178E+04    0.10000E+01
    0.76829E-03    0.24867E+04    0.24867E+04    0.10000E+01
    0.79169E-03    0.25573E+04    0.25573E+04    0.10000E+01
    0.81580E-03    0.26299E+04    0.26299E+04    0.10000E+01
    0.84065E-03    0.27045E+04    0.27045E+04    0.10000E+01
    0.86625E-03    0.27811E+04    0.27811E+04    0.10000E+01
    0.89263E-03    0.28597E+04    0.28597E+04    0.10000E+01
    0.91981E-03    0.29404E+04    0.29404E+04    0.10000E+01
    0.94782E-03    0.30232E+04    0.30232E+04    0.10000E+01
    0.97669E-03    0.31082E+04    0.31082E+04    0.10000E+01
    0.10064E-02    0.31955E+04    0.31955E+04    0.10000E+01
    0.10371E-02    0.32851E+04    0.32851E+04    0.10000E+01
    0.10687E-02    0.33769E+04    0.33769E+04    0.10000E+01
    0.11012E-02    0.34712E+04    0.34712E+04    0.10000E+01
    0.11348E-02    0.35679E+04    0.35679E+04    0.10000E+01
    0.11693E-02    0.36671E+04    0.36671E+04    0.10000E+01
    0.12049E-02    0.37688E+04    0.37688E+04    0.10000E+01
    0.12416E-02    0.38730E+04    0.38730E+04    0.10000E+01
    0.12794E-02    0.39799E+04    0.39799E+04    0.10000E+01
    0.13184E-02    0.40895E+04    0.40895E+04    0.10000E+01
    0.13585E-02    0.42018E+04    0.42018E+04    0.10000E+01
    0.13999E-02    0.43168E+04    0.43168E+04    0.10000E+01
    0.14426E-02    0.44347E+04    0.44347E+04    0.10000E+01
    0.14865E-02    0.45554E+04    0.45554E+04    0.10000E+01
    0.15318E-02    0.46790E+04    0.46790E+04    0.10000E+01
    0.15784E-02    0.48056E+04    0.48056E+04    0.10000E+01
    0.16265E-02    0.49352E+04    0.49352E+04    0.10000E+01
    0.16760E-02    0.50678E+04    0.50678E+04    0.10000E+01
    0.17270E-02    0.52034E+04    0.52034E+04    0.10000E+01
    0.17796E-02    0.53422E+04    0.53422E+04    0.99999E+00
    0.18338E-02    0.54842E+04    0.54842E+04    0.99999E+00
    0.18897E-02    0.56293E+04    0.56293E+04    0.99998E+00
    0.19472E-02    0.57776E+04    0.57776E+04    0.99997E+00
    0.20065E-02    0.59292E+04    0.59292E+04    0.99997E+00
    0.20677E-02    0.60840E+04    0.60840E+04    0.99997E+00
    0.21306E-02    0.62422E+04    0.62422E+04    0.99997E+00
    0.21955E-02    0.64037E+04    0.64037E+04    0.99998E+00
    0.22624E-02    0.65685E+04    0.65685E+04    0.99998E+00
    0.23313E-02    0.67366E+04    0.67366E+04    0.10000E+01
    0.24023E-02    0.69082E+04    0.69082E+04    0.10000E+01
    0.24754E-02    0.70831E+04    0.70831E+04    0.10000E+01
    0.25508E-02    0.72614E+04    0.72614E+04    0.10001E+01
    0.26285E-02    0.74431E+04    0.74431E+04    0.10001E+01
    0.27086E-02    0.76281E+04    0.76281E+04    0.10001E+01
    0.27910E-02    0.78166E+04    0.78166E+04    0.10001E+01
    0.28760E-02    0.80083E+04    0.80083E+04    0.10001E+01
    0.29636E-02    0.82034E+04    0.82034E+04    0.10001E+01
    0.30539E-02    0.84017E+04    0.84017E+04    0.10001E+01
    0.31469E-02    0.86033E+04    0.86033E+04    0.10000E+01
    0.32427E-02    0.88081E+04    0.88081E+04    0.99998E+00
    0.33415E-02    0.90161E+04    0.90161E+04    0.99991E+00
    0.34432E-02    0.92273E+04    0.92272E+04    0.99982E+00
    0.35481E-02    0.94414E+04    0.94414E+04    0.99973E+00
    0.36562E-02    0.96585E+04    0.96585E+04    0.99965E+00
    0.37675E-02    0.98785E+04    0.98785E+04    0.99960E+00
    0.38822E-02    0.10101E+05    0.10101E+05    0.99957E+00
    0.40005E-02    0.10327E+05    0.10327E+05    0.99957E+00
    0.41223E-02    0.10555E+05    0.10555E+05    0.99963E+00
    0.42479E-02    0.10785E+05    0.10785E+05    0.99974E+00
    0.43772E-02    0.11018E+05    0.11018E+05    0.99992E+00
    0.45105E-02    0.11253E+05    0.11253E+05    0.10002E+01
    0.46479E-02    0.11490E+05    0.11490E+05    0.10003E+01
    0.47894E-02    0.11728E+05    0.11728E+05    0.99999E+00
    0.49353E-02    0.11969E+05    0.11969E+05    0.99913E+00
    0.50856E-02    0.12211E+05    0.12211E+05    0.99810E+00
    0.52405E-02    0.12454E+05    0.12454E+05    0.99742E+00
    0.54001E-02    0.12698E+05    0.12698E+05    0.99729E+00
    0.55645E-02    0.12943E+05    0.12943E+05    0.99738E+00
    0.57340E-02    0.13188E+05    0.13188E+05    0.99741E+00
    0.59086E-02    0.13434E+05    0.13434E+05    0.99731E+00
    0.60886E-02    0.13680E+05    0.13680E+05    0.99719E+00
    0.62740E-02    0.13925E+05    0.13926E+05    0.99709E+00
    0.64651E-02    0.14170E+05    0.14170E+05    0.99701E+00
    0.66620E-02    0.14414E+05    0.14413E+05    0.99693E+00
    0.68649E-02    0.14656E+05    0.14655E+05    0.99684E+00
    0.70739E-02    0.14897E+05    0.14896E+05    0.99674E+00
    0.72894E-02    0.15136E+05    0.15138E+05    0.99664E+00
    0.75113E-02    0.15372E+05    0.15376E+05    0.99655E+00
    0.77401E-02    0.15605E+05    0.15603E+05    0.99644E+00
    0.79758E-02    0.15835E+05    0.15819E+05    0.99634E+00
    0.82187E-02    0.16061E+05    0.16046E+05    0.99623E+00
    0.84690E-02    0.16282E+05    0.16308E+05    0.99612E+00
    0.87269E-02    0.16499E+05    0.16570E+05    0.99600E+00
    0.89927E-02    0.16710E+05    0.16732E+05    0.99588E+00
    0.92666E-02    0.16916E+05    0.16740E+05    0.99576E+00
    0.95488E-02    0.17115E+05    0.16851E+05    0.99564E+00
    0.98396E-02    0.17307E+05    0.17454E+05    0.99550E+00
    0.10139E-01    0.17491E+05    0.18695E+05    0.99536E+00
    0.10448E-01    0.17667E+05    0.20039E+05    0.99521E+00
    0.10766E-01    0.17834E+05    0.20738E+05    0.99506E+00
    0.11094E-01    0.17992E+05    0.20653E+05    0.99492E+00
    0.11432E-01    0.18139E+05    0.20286E+05    0.99477E+00
    0.11780E-01    0.18275E+05    0.20073E+05    0.99463E+00
    0.12139E-01    0.18400E+05    0.20010E+05    0.99447E+00
    0.12509E-01    0.18513E+05    0.19960E+05    0.99432E+00
    0.12890E-01    0.18612E+05    0.19845E+05    0.99416E+00
    0.13282E-01    0.18698E+05    0.19693E+05    0.99399E+00
    0.13687E-01    0.18770E+05    0.19537E+05    0.99382E+00
    0.14103E-01    0.18826E+05    0.19387E+05    0.99365E+00
    0.14533E-01    0.18867E+05    0.19234E+05    0.99347E+00
    0.14975E-01    0.18891E+05    0.19070E+05    0.99330E+00
    0.15432E-01    0.18899E+05    0.18897E+05    0.99311E+00
    0.15902E-01    0.18888E+05    0.18718E+05    0.99292E+00
    0.16386E-01    0.18860E+05    0.18533E+05    0.99273E+00
    0.16885E-01    0.18813E+05    0.18343E+05    0.99253E+00
    0.17399E-01    0.18746E+05    0.18147E+05    0.99233E+00
    0.17929E-01    0.18660E+05    0.17945E+05    0.99213E+00
    0.18475E-01    0.18555E+05    0.17739E+05    0.99192E+00
    0.19038E-01    0.18429E+05    0.17527E+05    0.99171E+00
    0.19617E-01    0.18282E+05    0.17311E+05    0.99150E+00
    0.20215E-01    0.18116E+05    0.17090E+05    0.99128E+00
    0.20830E-01    0.17929E+05    0.16865E+05    0.99106E+00
    0.21465E-01    0.17721E+05    0.16635E+05    0.99083E+00
    0.22119E-01    0.17494E+05    0.16402E+05    0.99060E+00
    0.22792E-01    0.17248E+05    0.16164E+05    0.99037E+00
    0.23486E-01    0.16983E+05    0.15922E+05    0.99014E+00
    0.24201E-01    0.16700E+05    0.15676E+05    0.98990E+00
    0.24939E-01    0.16401E+05    0.15426E+05    0.98967E+00
    0.25698E-01    0.16085E+05    0.15172E+05    0.98943E+00
    0.26481E-01    0.15755E+05    0.14915E+05    0.98919E+00
    0.27287E-01    0.15412E+05    0.14654E+05    0.98895E+00
    0.28118E-01    0.15057E+05    0.14391E+05    0.98871E+00
    0.28974E-01    0.14693E+05    0.14125E+05    0.98847E+00
    0.29857E-01    0.14322E+05    0.13856E+05    0.98823E+00
    0.30766E-01    0.13944E+05    0.13586E+05    0.98799E+00
    0.31703E-01    0.13561E+05    0.13314E+05    0.98776E+00
    0.32669E-01    0.13174E+05    0.13041E+05    0.98753E+00
    0.33663E-01    0.12785E+05    0.12766E+05    0.98730E+00
    0.34689E-01    0.12398E+05    0.12491E+05    0.98708E+00
    0.35745E-01    0.12019E+05    0.12214E+05    0.98687E+00
    0.36834E-01    0.11649E+05    0.11938E+05    0.98666E+00
    0.37956E-01    0.11290E+05    0.11661E+05    0.98647E+00
    0.39111E-01    0.10944E+05    0.11384E+05    0.98628E+00
    0.40303E-01    0.10612E+05    0.11108E+05    0.98611E+00
    0.41530E-01    0.10296E+05    0.10832E+05    0.98595E+00
    0.42795E-01    0.99964E+04    0.10556E+05    0.98580E+00
    0.44098E-01    0.97142E+04    0.10282E+05    0.98568E+00
    0.45441E-01    0.94494E+04    0.10009E+05    0.98557E+00
    0.46825E-01    0.92019E+04    0.97366E+04    0.98549E+00
    0.48251E-01    0.89715E+04    0.94661E+04    0.98543E+00
    0.49720E-01    0.87575E+04    0.91974E+04    0.98540E+00
    0.51235E-01    0.85589E+04    0.89305E+04    0.98540E+00
    0.52795E-01    0.83745E+04    0.86658E+04    0.98543E+00
    0.54403E-01    0.82020E+04    0.84034E+04    0.98550E+00
    0.56060E-01    0.80383E+04    0.81435E+04    0.98561E+00
    0.57767E-01    0.78801E+04    0.78864E+04    0.98577E+00
    0.59526E-01    0.77226E+04    0.76322E+04    0.98598E+00
    0.61339E-01    0.75608E+04    0.73811E+04    0.98624E+00
    0.63207E-01    0.73905E+04    0.71335E+04    0.98656E+00
    0.65132E-01    0.72077E+04    0.68894E+04    0.98694E+00
    0.67115E-01    0.70097E+04    0.66492E+04    0.98739E+00
    0.69159E-01    0.67960E+04    0.64129E+04    0.98792E+00
    0.71266E-01    0.65666E+04    0.61810E+04    0.98853E+00
    0.73436E-01    0.63203E+04    0.59536E+04    0.98922E+00
    0.75672E-01    0.60561E+04    0.57310E+04    0.99000E+00
    0.77977E-01    0.57758E+04    0.55133E+04    0.99089E+00
    0.80352E-01    0.54836E+04    0.53005E+04    0.99188E+00
    0.82799E-01    0.51864E+04    0.50926E+04    0.99299E+00
    0.85320E-01    0.48926E+04    0.48897E+04    0.99422E+00
    0.87919E-01    0.46099E+04    0.46916E+04    0.99559E+00
    0.90596E-01    0.43450E+04    0.44986E+04    0.99710E+00
    0.93355E-01    0.41028E+04    0.43105E+04    0.99876E+00
    0.96199E-01    0.38867E+04    0.41274E+04    0.10006E+01
    0.99128E-01    0.36985E+04    0.39495E+04    0.10026E+01
    0.10215E+00    0.35388E+04    0.37766E+04    0.10048E+01
    0.10526E+00    0.34064E+04    0.36090E+04    0.10072E+01
    0.10846E+00    0.32984E+04    0.34466E+04    0.10098E+01
    0.11177E+00    0.32083E+04    0.32896E+04    0.10126E+01
    0.11517E+00    0.31277E+04    0.31381E+04    0.10157E+01
    0.11868E+00    0.30469E+04    0.29921E+04    0.10190E+01
    0.12229E+00    0.29580E+04    0.28518E+04    0.10226E+01
    0.12602E+00    0.28552E+04    0.27174E+04    0.10264E+01
    0.12985E+00    0.27349E+04    0.25888E+04    0.10304E+01
    0.13381E+00    0.25965E+04    0.24657E+04    0.10348E+01
    0.13788E+00    0.24434E+04    0.23479E+04    0.10394E+01
    0.14208E+00    0.22829E+04    0.22352E+04    0.10443E+01
    0.14641E+00    0.21247E+04    0.21273E+04    0.10495E+01
    0.15087E+00    0.19790E+04    0.20239E+04    0.10551E+01
    0.15546E+00    0.18536E+04    0.19249E+04    0.10610E+01
    0.16020E+00    0.17519E+04    0.18300E+04    0.10673E+01
    0.16508E+00    0.16730E+04    0.17391E+04    0.10740E+01
    0.17010E+00    0.16118E+04    0.16518E+04    0.10812E+01
    0.17529E+00    0.15605E+04    0.15681E+04    0.10888E+01
    0.18062E+00    0.15098E+04    0.14878E+04    0.10969E+01
    0.18612E+00    0.14513E+04    0.14108E+04    0.11056E+01
    0.19179E+00    0.13801E+04    0.13370E+04    0.11149E+01
    0.19763E+00    0.12974E+04    0.12663E+04    0.11248E+01
    0.20365E+00    0.12092E+04    0.11987E+04    0.11354E+01
    0.20985E+00    0.11233E+04    0.11341E+04    0.11466E+01
    0.21625E+00    0.10480E+04    0.10724E+04    0.11586E+01
    0.22283E+00    0.98770E+03    0.10138E+04    0.11714E+01
    0.22962E+00    0.94099E+03    0.95798E+03    0.11849E+01
    0.23661E+00    0.90240E+03    0.90499E+03    0.11992E+01
    0.24382E+00    0.86493E+03    0.85469E+03    0.12143E+01
    0.25124E+00    0.82261E+03    0.80699E+03    0.12303E+01
    0.25889E+00    0.77398E+03    0.76177E+03    0.12472E+01
    0.26678E+00    0.72234E+03    0.71895E+03    0.12650E+01
    0.27490E+00    0.67330E+03    0.67844E+03    0.12838E+01
    0.28327E+00    0.63142E+03    0.64013E+03    0.13035E+01
    0.29190E+00    0.59762E+03    0.60383E+03    0.13243E+01
    0.30079E+00    0.56847E+03    0.56932E+03    0.13464E+01
    0.30995E+00    0.53959E+03    0.53643E+03    0.13700E+01
    0.31939E+00    0.50846E+03    0.50492E+03    0.13954E+01
    0.32912E+00    0.47580E+03    0.47464E+03    0.14229E+01
    0.33914E+00    0.44476E+03    0.44576E+03    0.14524E+01
    0.34947E+00    0.41781E+03    0.41872E+03    0.14833E+01
    0.36011E+00    0.39453E+03    0.39457E+03    0.15133E+01
    0.37108E+00    0.37274E+03    0.37255E+03    0.15431E+01
    0.38238E+00    0.35064E+03    0.35065E+03    0.15768E+01
    0.39402E+00    0.32839E+03    0.32840E+03    0.16166E+01
    0.40602E+00    0.30769E+03    0.30769E+03    0.16580E+01
    0.41839E+00    0.28867E+03    0.28867E+03    0.17002E+01
    0.43113E+00    0.27094E+03    0.27095E+03    0.17440E+01
    0.44426E+00    0.25437E+03    0.25439E+03    0.17895E+01
    0.45779E+00    0.23885E+03    0.23886E+03    0.18370E+01
    0.47173E+00    0.22426E+03    0.22427E+03    0.18868E+01
    0.48610E+00    0.21052E+03    0.21052E+03    0.19392E+01
    0.50090E+00    0.19754E+03    0.19755E+03    0.19945E+01
    0.51616E+00    0.18527E+03    0.18527E+03    0.20530E+01
    0.53188E+00    0.17367E+03    0.17366E+03    0.21150E+01
    0.54808E+00    0.16270E+03    0.16270E+03    0.21806E+01
    0.56477E+00    0.15237E+03    0.15237E+03    0.22497E+01
    0.58197E+00    0.14264E+03    0.14263E+03    0.23225E+01
    0.59969E+00    0.13349E+03    0.13348E+03    0.23991E+01
    0.61795E+00    0.12489E+03    0.12489E+03    0.24795E+01
    0.63677E+00    0.11684E+03    0.11684E+03    0.25638E+01
    0.65617E+00    0.10929E+03    0.10929E+03    0.26520E+01
    0.67615E+00    0.10221E+03    0.10221E+03    0.27444E+01
    0.69674E+00    0.95571E+02    0.95572E+02    0.28411E+01
    0.71796E+00    0.89350E+02    0.89351E+02    0.29424E+01
    0.73983E+00    0.83518E+02    0.83518E+02    0.30483E+01
    0.76236E+00    0.78050E+02    0.78050E+02    0.31591E+01
    0.78557E+00    0.72922E+02    0.72922E+02    0.32750E+01
