 10.8805504
 1.66964555
 0.156259611
 5.172703043E-2
 1.947745495E-2
 8.278713562E-3
 4.971195012E-3
 2.600748092E-3
 1.950367237E-3
 1.404930605E-3
 1.66964555
 19.2907047
 2.82808208
 0.225162551
 7.654184103E-2
 2.75879018E-2
 1.619938761E-2
 7.625592873E-3
 5.355337635E-3
 3.896662733E-3
 0.156259611
 2.82808232
 36.4005203
 3.9697938
 0.297618002
 9.166542441E-2
 4.234877974E-2
 1.788058691E-2
 1.113427244E-2
 7.826249115E-3
 5.172703043E-2
 0.225162566
 3.9697938
 37.997448
 4.43161774
 0.262787819
 0.109143294
 3.502134606E-2
 1.970447041E-2
 1.315469854E-2
 1.947745495E-2
 7.654184103E-2
 0.297618002
 4.43161774
 41.4672203
 4.62932158
 0.296082705
 0.103148304
 4.19026427E-2
 2.515943348E-2
 8.27871263E-3
 2.75879018E-2
 9.166542441E-2
 0.262787849
 4.62932158
 39.0114021
 5.05093956
 0.241124421
 0.118357934
 4.62930873E-2
 4.971195012E-3
 1.619938761E-2
 4.234877974E-2
 0.109143302
 0.296082705
 5.05093956
 56.25383
 5.72866297
 0.316571325
 0.147562861
 2.600747859E-3
 7.625592873E-3
 1.788058691E-2
 3.502134606E-2
 0.103148296
 0.241124421
 5.72866297
 47.6333389
 5.93237972
 0.303618044
 1.950367121E-3
 5.355337635E-3
 1.113427244E-2
 1.970447041E-2
 4.19026427E-2
 0.118357934
 0.316571325
 5.93237972
 55.9053993
 6.45043898
 1.404930605E-3
 3.896662965E-3
 7.826249115E-3
 1.315469947E-2
 2.515943162E-2
 4.62930873E-2
 0.147562861
 0.303618044
 6.45043898
 55.4864273
