0.0945905 -2.66527 -0.228985 -30.4933
0.0945905 -2.64807 -0.228985 -29.0782
0.0945905 -2.63087 -0.228985 -27.8707
0.0945905 -2.61367 -0.228985 -26.8707
0.0945905 -2.59647 -0.228985 -26.0784
0.0945905 -2.57927 -0.228985 -25.4936
0.0945905 -2.56207 -0.228985 -25.1164
0.0945905 -2.54487 -0.228985 486.075
0.0945905 -2.52768 -0.228985 474.95
0.0945905 -2.51048 -0.228985 -25.2301
0.0945905 -2.49328 -0.228985 -25.6831
0.0945905 -2.47608 -0.228985 -26.3437
0.0945905 -2.45888 -0.228985 -27.2118
0.0945905 -2.44168 -0.228985 -28.2876
0.0945905 -2.42448 -0.228985 -29.5709
0.0945905 -2.40728 -0.228985 -31.0618
0.0945905 -2.39008 -0.228985 -32.7603
0.0945905 -2.37288 -0.228985 -34.6663
0.0945905 -2.35568 -0.228985 -36.78
0.0945905 -2.33848 -0.228985 -39.1012
0.0945905 -2.32128 -0.228985 -41.63
0.0945905 -2.30408 -0.228985 -44.3664
0.0945905 -2.28688 -0.228985 -47.3104
0.0945905 -2.26968 -0.228985 -50.4619
0.0945905 -2.25248 -0.228985 -53.821
0.0945905 -2.23528 -0.228985 -57.3878
0.0945905 -2.21808 -0.228985 -61.162
0.0945905 -2.20088 -0.228985 -65.1439
0.0945905 -2.18368 -0.228985 -69.3334
0.0945905 -2.16648 -0.228985 -73.7304
0.0945905 -2.14928 -0.228985 -78.335
0.0945905 -2.13208 -0.228985 -83.1472
0.0945905 -2.11488 -0.228985 -88.167
0.0945905 -2.09769 -0.228985 -666
0.0945905 -2.08049 -0.228985 -666
0.0945905 -2.06329 -0.228985 -666
0.0945905 -2.04609 -0.228985 -666
0.0945905 -2.02889 -0.228985 -666
0.0945905 -2.01169 -0.228985 -666
0.0945905 -1.99449 -0.228985 -666
0.0945905 -1.97729 -0.228985 -666
0.112486 -2.66527 -0.228985 -29.0664
0.112486 -2.64807 -0.228985 -27.5197
0.112486 -2.63087 -0.228985 -26.1805
0.112486 -2.61367 -0.228985 -25.049
0.112486 -2.59647 -0.228985 440.643
0.112486 -2.57927 -0.228985 429.797
0.112486 -2.56207 -0.228985 415.169
0.112486 -2.54487 -0.228985 407.007
0.112486 -2.52768 -0.228985 401.351
0.112486 -2.51048 -0.228985 396.125
0.112486 -2.49328 -0.228985 391.824
0.112486 -2.47608 -0.228985 388.184
0.112486 -2.45888 -0.228985 384.707
0.112486 -2.44168 -0.228985 -25.1497
0.112486 -2.42448 -0.228985 -26.3015
0.112486 -2.40728 -0.228985 -27.6607
0.112486 -2.39008 -0.228985 -29.2276
0.112486 -2.37288 -0.228985 -31.0021
0.112486 -2.35568 -0.228985 -32.9841
0.112486 -2.33848 -0.228985 -35.1737
0.112486 -2.32128 -0.228985 -37.5709
0.112486 -2.30408 -0.228985 -40.1757
0.112486 -2.28688 -0.228985 -42.988
0.112486 -2.26968 -0.228985 -46.008
0.112486 -2.25248 -0.228985 -49.2355
0.112486 -2.23528 -0.228985 -52.6706
0.112486 -2.21808 -0.228985 -56.3132
0.112486 -2.20088 -0.228985 -60.1635
0.112486 -2.18368 -0.228985 -64.2213
0.112486 -2.16648 -0.228985 -68.4867
0.112486 -2.14928 -0.228985 -72.9597
0.112486 -2.13208 -0.228985 -77.6403
0.112486 -2.11488 -0.228985 -82.5285
0.112486 -2.09769 -0.228985 -666
0.112486 -2.08049 -0.228985 -666
0.112486 -2.06329 -0.228985 -666
0.112486 -2.04609 -0.228985 -666
0.112486 -2.02889 -0.228985 -666
0.112486 -2.01169 -0.228985 -666
0.112486 -1.99449 -0.228985 -666
0.112486 -1.97729 -0.228985 -666
0.130381 -2.66527 -0.228985 -27.8477
0.130381 -2.64807 -0.228985 -26.1694
0.130381 -2.63087 -0.228985 406.044
0.130381 -2.61367 -0.228985 393.114
0.130381 -2.59647 -0.228985 378.728
0.130381 -2.57927 -0.228985 366.626
0.130381 -2.56207 -0.228985 357.24
0.130381 -2.54487 -0.228985 350.582
0.130381 -2.52768 -0.228985 347.262
0.130381 -2.51048 -0.228985 342.582
0.130381 -2.49328 -0.228985 340.841
0.130381 -2.47608 -0.228985 338.113
0.130381 -2.45888 -0.228985 337.266
0.130381 -2.44168 -0.228985 339.827
0.130381 -2.42448 -0.228985 340.206
0.130381 -2.40728 -0.228985 338.35
0.130381 -2.39008 -0.228985 -25.9032
0.130381 -2.37288 -0.228985 -27.5461
0.130381 -2.35568 -0.228985 -29.3965
0.130381 -2.33848 -0.228985 -31.4545
0.130381 -2.32128 -0.228985 -33.7201
0.130381 -2.30408 -0.228985 -36.1932
0.130381 -2.28688 -0.228985 -38.874
0.130381 -2.26968 -0.228985 -41.7623
0.130381 -2.25248 -0.228985 -44.8582
0.130381 -2.23528 -0.228985 -48.1617
0.130381 -2.21808 -0.228985 -51.6727
0.130381 -2.20088 -0.228985 -55.3914
0.130381 -2.18368 -0.228985 -59.3176
0.130381 -2.16648 -0.228985 -63.4514
0.130381 -2.14928 -0.228985 -67.7928
0.130381 -2.13208 -0.228985 -72.3418
0.130381 -2.11488 -0.228985 -77.0983
0.130381 -2.09769 -0.228985 -666
0.130381 -2.08049 -0.228985 -666
0.130381 -2.06329 -0.228985 -666
0.130381 -2.04609 -0.228985 -666
0.130381 -2.02889 -0.228985 -666
0.130381 -2.01169 -0.228985 -666
0.130381 -1.99449 -0.228985 -666
0.130381 -1.97729 -0.228985 -666
0.148276 -2.66527 -0.228985 -26.8372
0.148276 -2.64807 -0.228985 -25.0272
0.148276 -2.63087 -0.228985 350.78
0.148276 -2.61367 -0.228985 342.001
0.148276 -2.59647 -0.228985 333.77
0.148276 -2.57927 -0.228985 324.601
0.148276 -2.56207 -0.228985 316.471
0.148276 -2.54487 -0.228985 309.097
0.148276 -2.52768 -0.228985 304.059
0.148276 -2.51048 -0.228985 301.801
0.148276 -2.49328 -0.228985 299.547
0.148276 -2.47608 -0.228985 301.316
0.148276 -2.45888 -0.228985 299.886
0.148276 -2.44168 -0.228985 301.058
0.148276 -2.42448 -0.228985 305.901
0.148276 -2.40728 -0.228985 304.946
0.148276 -2.39008 -0.228985 311.032
0.148276 -2.37288 -0.228985 310.489
0.148276 -2.35568 -0.228985 -26.017
0.148276 -2.33848 -0.228985 -27.9434
0.148276 -2.32128 -0.228985 -30.0774
0.148276 -2.30408 -0.228985 -32.4189
0.148276 -2.28688 -0.228985 -34.9681
0.148276 -2.26968 -0.228985 -37.7248
0.148276 -2.25248 -0.228985 -40.6891
0.148276 -2.23528 -0.228985 -43.8609
0.148276 -2.21808 -0.228985 -47.2404
0.148276 -2.20088 -0.228985 -50.8274
0.148276 -2.18368 -0.228985 -54.622
0.148276 -2.16648 -0.228985 -58.6242
0.148276 -2.14928 -0.228985 -62.834
0.148276 -2.13208 -0.228985 -67.2514
0.148276 -2.11488 -0.228985 -71.8763
0.148276 -2.09769 -0.228985 -666
0.148276 -2.08049 -0.228985 -666
0.148276 -2.06329 -0.228985 -666
0.148276 -2.04609 -0.228985 -666
0.148276 -2.02889 -0.228985 -666
0.148276 -2.01169 -0.228985 -666
0.148276 -1.99449 -0.228985 -666
0.148276 -1.97729 -0.228985 -666
0.166171 -2.66527 -0.228985 -26.0348
0.166171 -2.64807 -0.228985 324.903
0.166171 -2.63087 -0.228985 314.134
0.166171 -2.61367 -0.228985 306.001
0.166171 -2.59647 -0.228985 299.486
0.166171 -2.57927 -0.228985 292.883
0.166171 -2.56207 -0.228985 286.848
0.166171 -2.54487 -0.228985 280.92
0.166171 -2.52768 -0.228985 275.745
0.166171 -2.51048 -0.228985 272.242
0.166171 -2.49328 -0.228985 271.097
0.166171 -2.47608 -0.228985 269.633
0.166171 -2.45888 -0.228985 272.083
0.166171 -2.44168 -0.228985 271.139
0.166171 -2.42448 -0.228985 276.166
0.166171 -2.40728 -0.228985 276.03
0.166171 -2.39008 -0.228985 278.901
0.166171 -2.37288 -0.228985 282.498
0.166171 -2.35568 -0.228985 286.275
0.166171 -2.33848 -0.228985 290.514
0.166171 -2.32128 -0.228985 -26.6429
0.166171 -2.30408 -0.228985 -28.8528
0.166171 -2.28688 -0.228985 -31.2703
0.166171 -2.26968 -0.228985 -33.8954
0.166171 -2.25248 -0.228985 -36.7281
0.166171 -2.23528 -0.228985 -39.7684
0.166171 -2.21808 -0.228985 -43.0162
0.166171 -2.20088 -0.228985 -46.4716
0.166171 -2.18368 -0.228985 -50.1346
0.166171 -2.16648 -0.228985 -54.0052
0.166171 -2.14928 -0.228985 -58.0834
0.166171 -2.13208 -0.228985 -62.3691
0.166171 -2.11488 -0.228985 -66.8624
0.166171 -2.09769 -0.228985 -666
0.166171 -2.08049 -0.228985 -666
0.166171 -2.06329 -0.228985 -666
0.166171 -2.04609 -0.228985 -666
0.166171 -2.02889 -0.228985 -666
0.166171 -2.01169 -0.228985 -666
0.166171 -1.99449 -0.228985 -666
0.166171 -1.97729 -0.228985 -666
0.184066 -2.66527 -0.228985 -25.4405
0.184066 -2.64807 -0.228985 300.29
0.184066 -2.63087 -0.228985 289.193
0.184066 -2.61367 -0.228985 280.585
0.184066 -2.59647 -0.228985 274.332
0.184066 -2.57927 -0.228985 269.03
0.184066 -2.56207 -0.228985 264.17
0.184066 -2.54487 -0.228985 259.783
0.184066 -2.52768 -0.228985 255.703
0.184066 -2.51048 -0.228985 251.096
0.184066 -2.49328 -0.228985 248.451
0.184066 -2.47608 -0.228985 247.687
0.184066 -2.45888 -0.228985 248.321
0.184066 -2.44168 -0.228985 249.229
0.184066 -2.42448 -0.228985 250.624
0.184066 -2.40728 -0.228985 253.202
0.184066 -2.39008 -0.228985 256.31
0.184066 -2.37288 -0.228985 259.635
0.184066 -2.35568 -0.228985 263.467
0.184066 -2.33848 -0.228985 267.635
0.184066 -2.32128 -0.228985 272.256
0.184066 -2.30408 -0.228985 -25.4948
0.184066 -2.28688 -0.228985 -27.7807
0.184066 -2.26968 -0.228985 -30.2742
0.184066 -2.25248 -0.228985 -32.9753
0.184066 -2.23528 -0.228985 -35.8839
0.184066 -2.21808 -0.228985 -39.0002
0.184066 -2.20088 -0.228985 -42.324
0.184066 -2.18368 -0.228985 -45.8554
0.184066 -2.16648 -0.228985 -49.5944
0.184066 -2.14928 -0.228985 -53.5409
0.184066 -2.13208 -0.228985 -57.695
0.184066 -2.11488 -0.228985 -62.0568
0.184066 -2.09769 -0.228985 -666
0.184066 -2.08049 -0.228985 -666
0.184066 -2.06329 -0.228985 -666
0.184066 -2.04609 -0.228985 -666
0.184066 -2.02889 -0.228985 -666
0.184066 -2.01169 -0.228985 -666
0.184066 -1.99449 -0.228985 -666
0.184066 -1.97729 -0.228985 -666
0.201961 -2.66527 -0.228985 -25.0545
0.201961 -2.64807 -0.228985 284.243
0.201961 -2.63087 -0.228985 272.707
0.201961 -2.61367 -0.228985 263.538
0.201961 -2.59647 -0.228985 256.547
0.201961 -2.57927 -0.228985 251.68
0.201961 -2.56207 -0.228985 247.225
0.201961 -2.54487 -0.228985 243.508
0.201961 -2.52768 -0.228985 239.991
0.201961 -2.51048 -0.228985 237.226
0.201961 -2.49328 -0.228985 233.608
0.201961 -2.47608 -0.228985 233.511
0.201961 -2.45888 -0.228985 232.098
0.201961 -2.44168 -0.228985 232.874
0.201961 -2.42448 -0.228985 233.701
0.201961 -2.40728 -0.228985 235.46
0.201961 -2.39008 -0.228985 238.19
0.201961 -2.37288 -0.228985 241.362
0.201961 -2.35568 -0.228985 244.889
0.201961 -2.33848 -0.228985 248.951
0.201961 -2.32128 -0.228985 253.202
0.201961 -2.30408 -0.228985 257.902
0.201961 -2.28688 -0.228985 262.862
0.201961 -2.26968 -0.228985 -26.8612
0.201961 -2.25248 -0.228985 -29.4306
0.201961 -2.23528 -0.228985 -32.2077
0.201961 -2.21808 -0.228985 -35.1923
0.201961 -2.20088 -0.228985 -38.3845
0.201961 -2.18368 -0.228985 -41.7843
0.201961 -2.16648 -0.228985 -45.3916
0.201961 -2.14928 -0.228985 -49.2066
0.201961 -2.13208 -0.228985 -53.2291
0.201961 -2.11488 -0.228985 -57.4592
0.201961 -2.09769 -0.228985 -666
0.201961 -2.08049 -0.228985 -666
0.201961 -2.06329 -0.228985 -666
0.201961 -2.04609 -0.228985 -666
0.201961 -2.02889 -0.228985 -666
0.201961 -2.01169 -0.228985 -666
0.201961 -1.99449 -0.228985 -666
0.201961 -1.97729 -0.228985 -666
0.219856 -2.66527 -0.228985 289.169
0.219856 -2.64807 -0.228985 274.605
0.219856 -2.63087 -0.228985 262.389
0.219856 -2.61367 -0.228985 252.514
0.219856 -2.59647 -0.228985 244.747
0.219856 -2.57927 -0.228985 238.982
0.219856 -2.56207 -0.228985 235.03
0.219856 -2.54487 -0.228985 231.532
0.219856 -2.52768 -0.228985 228.319
0.219856 -2.51048 -0.228985 224.357
0.219856 -2.49328 -0.228985 223.712
0.219856 -2.47608 -0.228985 220.926
0.219856 -2.45888 -0.228985 220.251
0.219856 -2.44168 -0.228985 220.626
0.219856 -2.42448 -0.228985 221.417
0.219856 -2.40728 -0.228985 222.474
0.219856 -2.39008 -0.228985 224.359
0.219856 -2.37288 -0.228985 227.132
0.219856 -2.35568 -0.228985 230.278
0.219856 -2.33848 -0.228985 233.847
0.219856 -2.32128 -0.228985 237.8
0.219856 -2.30408 -0.228985 242.118
0.219856 -2.28688 -0.228985 246.789
0.219856 -2.26968 -0.228985 251.733
0.219856 -2.25248 -0.228985 -26.0941
0.219856 -2.23528 -0.228985 -28.7396
0.219856 -2.21808 -0.228985 -31.5926
0.219856 -2.20088 -0.228985 -34.6532
0.219856 -2.18368 -0.228985 -37.9214
0.219856 -2.16648 -0.228985 -41.3971
0.219856 -2.14928 -0.228985 -45.0804
0.219856 -2.13208 -0.228985 -48.9713
0.219856 -2.11488 -0.228985 -53.0698
0.219856 -2.09769 -0.228985 -666
0.219856 -2.08049 -0.228985 -666
0.219856 -2.06329 -0.228985 -666
0.219856 -2.04609 -0.228985 -666
0.219856 -2.02889 -0.228985 -666
0.219856 -2.01169 -0.228985 -666
0.219856 -1.99449 -0.228985 -666
0.219856 -1.97729 -0.228985 -666
0.237751 -2.66527 -0.228985 285.133
0.237751 -2.64807 -0.228985 269.912
0.237751 -2.63087 -0.228985 256.915
0.237751 -2.61367 -0.228985 246.1
0.237751 -2.59647 -0.228985 237.431
0.237751 -2.57927 -0.228985 230.888
0.237751 -2.56207 -0.228985 226.157
0.237751 -2.54487 -0.228985 222.723
0.237751 -2.52768 -0.228985 217.894
0.237751 -2.51048 -0.228985 215.548
0.237751 -2.49328 -0.228985 215.285
0.237751 -2.47608 -0.228985 213.933
0.237751 -2.45888 -0.228985 211.702
0.237751 -2.44168 -0.228985 211.513
0.237751 -2.42448 -0.228985 212.037
0.237751 -2.40728 -0.228985 212.841
0.237751 -2.39008 -0.228985 213.899
0.237751 -2.37288 -0.228985 215.896
0.237751 -2.35568 -0.228985 218.643
0.237751 -2.33848 -0.228985 221.832
0.237751 -2.32128 -0.228985 225.382
0.237751 -2.30408 -0.228985 229.296
0.237751 -2.28688 -0.228985 233.561
0.237751 -2.26968 -0.228985 238.156
0.237751 -2.25248 -0.228985 243.074
0.237751 -2.23528 -0.228985 -25.4796
0.237751 -2.21808 -0.228985 -28.201
0.237751 -2.20088 -0.228985 -31.13
0.237751 -2.18368 -0.228985 -34.2666
0.237751 -2.16648 -0.228985 -37.6107
0.237751 -2.14928 -0.228985 -41.1624
0.237751 -2.13208 -0.228985 -44.9217
0.237751 -2.11488 -0.228985 -48.8886
0.237751 -2.09769 -0.228985 -666
0.237751 -2.08049 -0.228985 -666
0.237751 -2.06329 -0.228985 -666
0.237751 -2.04609 -0.228985 -666
0.237751 -2.02889 -0.228985 -666
0.237751 -2.01169 -0.228985 -666
0.237751 -1.99449 -0.228985 -666
0.237751 -1.97729 -0.228985 -666
0.255646 -2.66527 -0.228985 -25.1452
0.255646 -2.64807 -0.228985 269.106
0.255646 -2.63087 -0.228985 255.294
0.255646 -2.61367 -0.228985 243.483
0.255646 -2.59647 -0.228985 233.791
0.255646 -2.57927 -0.228985 226.143
0.255646 -2.56207 -0.228985 220.427
0.255646 -2.54487 -0.228985 214.591
0.255646 -2.52768 -0.228985 211.605
0.255646 -2.51048 -0.228985 209.219
0.255646 -2.49328 -0.228985 207.302
0.255646 -2.47608 -0.228985 205.947
0.255646 -2.45888 -0.228985 206.644
0.255646 -2.44168 -0.228985 204.661
0.255646 -2.42448 -0.228985 204.974
0.255646 -2.40728 -0.228985 205.639
0.255646 -2.39008 -0.228985 206.457
0.255646 -2.37288 -0.228985 207.531
0.255646 -2.35568 -0.228985 209.583
0.255646 -2.33848 -0.228985 212.286
0.255646 -2.32128 -0.228985 215.388
0.255646 -2.30408 -0.228985 218.896
0.255646 -2.28688 -0.228985 222.769
0.255646 -2.26968 -0.228985 226.991
0.255646 -2.25248 -0.228985 231.518
0.255646 -2.23528 -0.228985 236.418
0.255646 -2.21808 -0.228985 -25.0176
0.255646 -2.20088 -0.228985 -27.815
0.255646 -2.18368 -0.228985 -30.82
0.255646 -2.16648 -0.228985 -34.0325
0.255646 -2.14928 -0.228985 -37.4526
0.255646 -2.13208 -0.228985 -41.0803
0.255646 -2.11488 -0.228985 -44.9156
0.255646 -2.09769 -0.228985 -666
0.255646 -2.08049 -0.228985 -666
0.255646 -2.06329 -0.228985 -666
0.255646 -2.04609 -0.228985 -666
0.255646 -2.02889 -0.228985 -666
0.255646 -2.01169 -0.228985 -666
0.255646 -1.99449 -0.228985 -666
0.255646 -1.97729 -0.228985 -666
0.273541 -2.66527 -0.228985 -25.5918
0.273541 -2.64807 -0.228985 271.397
0.273541 -2.63087 -0.228985 256.615
0.273541 -2.61367 -0.228985 243.901
0.273541 -2.59647 -0.228985 233.141
0.273541 -2.57927 -0.228985 224.464
0.273541 -2.56207 -0.228985 217.656
0.273541 -2.54487 -0.228985 211.228
0.273541 -2.52768 -0.228985 207.442
0.273541 -2.51048 -0.228985 204.83
0.273541 -2.49328 -0.228985 202.817
0.273541 -2.47608 -0.228985 201.272
0.273541 -2.45888 -0.228985 200.089
0.273541 -2.44168 -0.228985 199.594
0.273541 -2.42448 -0.228985 199.693
0.273541 -2.40728 -0.228985 200.136
0.273541 -2.39008 -0.228985 200.686
0.273541 -2.37288 -0.228985 201.527
0.273541 -2.35568 -0.228985 202.731
0.273541 -2.33848 -0.228985 204.804
0.273541 -2.32128 -0.228985 207.462
0.273541 -2.30408 -0.228985 210.548
0.273541 -2.28688 -0.228985 213.988
0.273541 -2.26968 -0.228985 217.828
0.273541 -2.25248 -0.228985 221.983
0.273541 -2.23528 -0.228985 226.429
0.273541 -2.21808 -0.228985 231.24
0.273541 -2.20088 -0.228985 236.268
0.273541 -2.18368 -0.228985 -27.5815
0.273541 -2.16648 -0.228985 -30.6624
0.273541 -2.14928 -0.228985 -33.9509
0.273541 -2.13208 -0.228985 -37.447
0.273541 -2.11488 -0.228985 -41.1507
0.273541 -2.09769 -0.228985 -666
0.273541 -2.08049 -0.228985 -666
0.273541 -2.06329 -0.228985 -666
0.273541 -2.04609 -0.228985 -666
0.273541 -2.02889 -0.228985 -666
0.273541 -2.01169 -0.228985 -666
0.273541 -1.99449 -0.228985 -666
0.273541 -1.97729 -0.228985 -666
0.291436 -2.66527 -0.228985 -26.2465
0.291436 -2.64807 -0.228985 276.172
0.291436 -2.63087 -0.228985 260.49
0.291436 -2.61367 -0.228985 246.722
0.291436 -2.59647 -0.228985 234.933
0.291436 -2.57927 -0.228985 225.134
0.291436 -2.56207 -0.228985 217.24
0.291436 -2.54487 -0.228985 210.102
0.291436 -2.52768 -0.228985 205.343
0.291436 -2.51048 -0.228985 202.14
0.291436 -2.49328 -0.228985 199.812
0.291436 -2.47608 -0.228985 197.936
0.291436 -2.45888 -0.228985 196.504
0.291436 -2.44168 -0.228985 195.749
0.291436 -2.42448 -0.228985 195.527
0.291436 -2.40728 -0.228985 195.943
0.291436 -2.39008 -0.228985 196.447
0.291436 -2.37288 -0.228985 196.989
0.291436 -2.35568 -0.228985 197.893
0.291436 -2.33848 -0.228985 199.136
0.291436 -2.32128 -0.228985 201.265
0.291436 -2.30408 -0.228985 203.89
0.291436 -2.28688 -0.228985 206.93
0.291436 -2.26968 -0.228985 210.311
0.291436 -2.25248 -0.228985 214.078
0.291436 -2.23528 -0.228985 218.168
0.291436 -2.21808 -0.228985 222.616
0.291436 -2.20088 -0.228985 227.313
0.291436 -2.18368 -0.228985 232.35
0.291436 -2.16648 -0.228985 -27.5005
0.291436 -2.14928 -0.228985 -30.6574
0.291436 -2.13208 -0.228985 -34.0219
0.291436 -2.11488 -0.228985 -37.5939
0.291436 -2.09769 -0.228985 -666
0.291436 -2.08049 -0.228985 -666
0.291436 -2.06329 -0.228985 -666
0.291436 -2.04609 -0.228985 -666
0.291436 -2.02889 -0.228985 -666
0.291436 -2.01169 -0.228985 -666
0.291436 -1.99449 -0.228985 -666
0.291436 -1.97729 -0.228985 -666
0.309331 -2.66527 -0.228985 -27.1094
0.309331 -2.64807 -0.228985 283.199
0.309331 -2.63087 -0.228985 266.433
0.309331 -2.61367 -0.228985 251.564
0.309331 -2.59647 -0.228985 238.715
0.309331 -2.57927 -0.228985 227.737
0.309331 -2.56207 -0.228985 218.743
0.309331 -2.54487 -0.228985 211.662
0.309331 -2.52768 -0.228985 205.131
0.309331 -2.51048 -0.228985 200.929
0.309331 -2.49328 -0.228985 198.149
0.309331 -2.47608 -0.228985 196.013
0.309331 -2.45888 -0.228985 194.329
0.309331 -2.44168 -0.228985 193.206
0.309331 -2.42448 -0.228985 192.524
0.309331 -2.40728 -0.228985 192.623
0.309331 -2.39008 -0.228985 192.934
0.309331 -2.37288 -0.228985 193.669
0.309331 -2.35568 -0.228985 194.359
0.309331 -2.33848 -0.228985 195.162
0.309331 -2.32128 -0.228985 196.439
0.309331 -2.30408 -0.228985 198.558
0.309331 -2.28688 -0.228985 201.214
0.309331 -2.26968 -0.228985 204.238
0.309331 -2.25248 -0.228985 207.643
0.309331 -2.23528 -0.228985 211.424
0.309331 -2.21808 -0.228985 215.446
0.309331 -2.20088 -0.228985 219.784
0.309331 -2.18368 -0.228985 224.245
0.309331 -2.16648 -0.228985 228.877
0.309331 -2.14928 -0.228985 -27.572
0.309331 -2.13208 -0.228985 -30.8049
0.309331 -2.11488 -0.228985 -34.2453
0.309331 -2.09769 -0.228985 -666
0.309331 -2.08049 -0.228985 -666
0.309331 -2.06329 -0.228985 -666
0.309331 -2.04609 -0.228985 -666
0.309331 -2.02889 -0.228985 -666
0.309331 -2.01169 -0.228985 -666
0.309331 -1.99449 -0.228985 -666
0.309331 -1.97729 -0.228985 -666
0.327226 -2.66527 -0.228985 -28.1804
0.327226 -2.64807 -0.228985 -25.0544
0.327226 -2.63087 -0.228985 274.263
0.327226 -2.61367 -0.228985 258.242
0.327226 -2.59647 -0.228985 244.24
0.327226 -2.57927 -0.228985 232.078
0.327226 -2.56207 -0.228985 221.905
0.327226 -2.54487 -0.228985 213.666
0.327226 -2.52768 -0.228985 206.43
0.327226 -2.51048 -0.228985 201.223
0.327226 -2.49328 -0.228985 197.6
0.327226 -2.47608 -0.228985 195.126
0.327226 -2.45888 -0.228985 193.211
0.327226 -2.44168 -0.228985 191.796
0.327226 -2.42448 -0.228985 190.852
0.327226 -2.40728 -0.228985 190.416
0.327226 -2.39008 -0.228985 190.631
0.327226 -2.37288 -0.228985 191.044
0.327226 -2.35568 -0.228985 191.658
0.327226 -2.33848 -0.228985 192.306
0.327226 -2.32128 -0.228985 193.141
0.327226 -2.30408 -0.228985 194.488
0.327226 -2.28688 -0.228985 196.581
0.327226 -2.26968 -0.228985 199.185
0.327226 -2.25248 -0.228985 202.197
0.327226 -2.23528 -0.228985 205.561
0.327226 -2.21808 -0.228985 209.181
0.327226 -2.20088 -0.228985 213.002
0.327226 -2.18368 -0.228985 217.025
0.327226 -2.16648 -0.228985 221.363
0.327226 -2.14928 -0.228985 225.845
0.327226 -2.13208 -0.228985 -27.7961
0.327226 -2.11488 -0.228985 -31.1049
0.327226 -2.09769 -0.228985 -666
0.327226 -2.08049 -0.228985 -666
0.327226 -2.06329 -0.228985 -666
0.327226 -2.04609 -0.228985 -666
0.327226 -2.02889 -0.228985 -666
0.327226 -2.01169 -0.228985 -666
0.327226 -1.99449 -0.228985 -666
0.327226 -1.97729 -0.228985 -666
0.345121 -2.66527 -0.228985 -29.4596
0.345121 -2.64807 -0.228985 -26.202
0.345121 -2.63087 -0.228985 283.831
0.345121 -2.61367 -0.228985 266.604
0.345121 -2.59647 -0.228985 251.284
0.345121 -2.57927 -0.228985 237.952
0.345121 -2.56207 -0.228985 226.461
0.345121 -2.54487 -0.228985 216.939
0.345121 -2.52768 -0.228985 209.529
0.345121 -2.51048 -0.228985 202.864
0.345121 -2.49328 -0.228985 198.213
0.345121 -2.47608 -0.228985 195.082
0.345121 -2.45888 -0.228985 192.846
0.345121 -2.44168 -0.228985 191.144
0.345121 -2.42448 -0.228985 189.924
0.345121 -2.40728 -0.228985 189.186
0.345121 -2.39008 -0.228985 189.099
0.345121 -2.37288 -0.228985 189.309
0.345121 -2.35568 -0.228985 189.678
0.345121 -2.33848 -0.228985 190.25
0.345121 -2.32128 -0.228985 190.887
0.345121 -2.30408 -0.228985 191.726
0.345121 -2.28688 -0.228985 193.083
0.345121 -2.26968 -0.228985 195.092
0.345121 -2.25248 -0.228985 197.656
0.345121 -2.23528 -0.228985 200.548
0.345121 -2.21808 -0.228985 203.777
0.345121 -2.20088 -0.228985 207.226
0.345121 -2.18368 -0.228985 210.977
0.345121 -2.16648 -0.228985 214.959
0.345121 -2.14928 -0.228985 219.243
0.345121 -2.13208 -0.228985 223.532
0.345121 -2.11488 -0.228985 -28.1726
0.345121 -2.09769 -0.228985 -666
0.345121 -2.08049 -0.228985 -666
0.345121 -2.06329 -0.228985 -666
0.345121 -2.04609 -0.228985 -666
0.345121 -2.02889 -0.228985 -666
0.345121 -2.01169 -0.228985 -666
0.345121 -1.99449 -0.228985 -666
0.345121 -1.97729 -0.228985 -666
0.363016 -2.66527 -0.228985 -30.947
0.363016 -2.64807 -0.228985 -27.5577
0.363016 -2.63087 -0.228985 294.989
0.363016 -2.61367 -0.228985 276.484
0.363016 -2.59647 -0.228985 259.883
0.363016 -2.57927 -0.228985 245.258
0.363016 -2.56207 -0.228985 232.432
0.363016 -2.54487 -0.228985 221.681
0.363016 -2.52768 -0.228985 212.941
0.363016 -2.51048 -0.228985 206.163
0.363016 -2.49328 -0.228985 199.952
0.363016 -2.47608 -0.228985 195.889
0.363016 -2.45888 -0.228985 193.151
0.363016 -2.44168 -0.228985 191.109
0.363016 -2.42448 -0.228985 189.586
0.363016 -2.40728 -0.228985 188.552
0.363016 -2.39008 -0.228985 188.104
0.363016 -2.37288 -0.228985 187.956
0.363016 -2.35568 -0.228985 188.253
0.363016 -2.33848 -0.228985 188.686
0.363016 -2.32128 -0.228985 189.232
0.363016 -2.30408 -0.228985 189.874
0.363016 -2.28688 -0.228985 190.727
0.363016 -2.26968 -0.228985 192.091
0.363016 -2.25248 -0.228985 194.018
0.363016 -2.23528 -0.228985 196.474
0.363016 -2.21808 -0.228985 199.334
0.363016 -2.20088 -0.228985 202.464
0.363016 -2.18368 -0.228985 205.939
0.363016 -2.16648 -0.228985 209.572
0.363016 -2.14928 -0.228985 213.52
0.363016 -2.13208 -0.228985 217.651
0.363016 -2.11488 -0.228985 -25.4485
0.363016 -2.09769 -0.228985 -666
0.363016 -2.08049 -0.228985 -666
0.363016 -2.06329 -0.228985 -666
0.363016 -2.04609 -0.228985 -666
0.363016 -2.02889 -0.228985 -666
0.363016 -2.01169 -0.228985 -666
0.363016 -1.99449 -0.228985 -666
0.363016 -1.97729 -0.228985 -666
0.380911 -2.66527 -0.228985 -32.6425
0.380911 -2.64807 -0.228985 -29.1216
0.380911 -2.63087 -0.228985 -25.8083
0.380911 -2.61367 -0.228985 287.782
0.380911 -2.59647 -0.228985 269.863
0.380911 -2.57927 -0.228985 253.89
0.380911 -2.56207 -0.228985 239.739
0.380911 -2.54487 -0.228985 227.702
0.380911 -2.52768 -0.228985 217.647
0.380911 -2.51048 -0.228985 209.709
0.380911 -2.49328 -0.228985 202.797
0.380911 -2.47608 -0.228985 197.655
0.380911 -2.45888 -0.228985 194.155
0.380911 -2.44168 -0.228985 191.661
0.380911 -2.42448 -0.228985 189.768
0.380911 -2.40728 -0.228985 188.402
0.380911 -2.39008 -0.228985 187.524
0.380911 -2.37288 -0.228985 187.174
0.380911 -2.35568 -0.228985 187.136
0.380911 -2.33848 -0.228985 187.535
0.380911 -2.32128 -0.228985 187.929
0.380911 -2.30408 -0.228985 188.51
0.380911 -2.28688 -0.228985 189.196
0.380911 -2.26968 -0.228985 190.084
0.380911 -2.25248 -0.228985 191.429
0.380911 -2.23528 -0.228985 193.288
0.380911 -2.21808 -0.228985 195.76
0.380911 -2.20088 -0.228985 198.582
0.380911 -2.18368 -0.228985 201.703
0.380911 -2.16648 -0.228985 205.121
0.380911 -2.14928 -0.228985 208.771
0.380911 -2.13208 -0.228985 212.636
0.380911 -2.11488 -0.228985 216.756
0.380911 -2.09769 -0.228985 -666
0.380911 -2.08049 -0.228985 -666
0.380911 -2.06329 -0.228985 -666
0.380911 -2.04609 -0.228985 -666
0.380911 -2.02889 -0.228985 -666
0.380911 -2.01169 -0.228985 -666
0.380911 -1.99449 -0.228985 -666
0.380911 -1.97729 -0.228985 -666
0.398806 -2.66527 -0.228985 -34.5462
0.398806 -2.64807 -0.228985 -30.8937
0.398806 -2.63087 -0.228985 -27.4488
0.398806 -2.61367 -0.228985 300.546
0.398806 -2.59647 -0.228985 281.159
0.398806 -2.57927 -0.228985 263.764
0.398806 -2.56207 -0.228985 248.276
0.398806 -2.54487 -0.228985 234.925
0.398806 -2.52768 -0.228985 223.543
0.398806 -2.51048 -0.228985 214.213
0.398806 -2.49328 -0.228985 206.761
0.398806 -2.47608 -0.228985 200.461
0.398806 -2.45888 -0.228985 195.946
0.398806 -2.44168 -0.228985 192.854
0.398806 -2.42448 -0.228985 190.501
0.398806 -2.40728 -0.228985 188.736
0.398806 -2.39008 -0.228985 187.494
0.398806 -2.37288 -0.228985 186.738
0.398806 -2.35568 -0.228985 186.47
0.398806 -2.33848 -0.228985 186.574
0.398806 -2.32128 -0.228985 187.029
0.398806 -2.30408 -0.228985 187.48
0.398806 -2.28688 -0.228985 188.051
0.398806 -2.26968 -0.228985 188.792
0.398806 -2.25248 -0.228985 189.714
0.398806 -2.23528 -0.228985 191.046
0.398806 -2.21808 -0.228985 192.975
0.398806 -2.20088 -0.228985 195.47
0.398806 -2.18368 -0.228985 198.299
0.398806 -2.16648 -0.228985 201.418
0.398806 -2.14928 -0.228985 204.791
0.398806 -2.13208 -0.228985 208.401
0.398806 -2.11488 -0.228985 212.275
0.398806 -2.09769 -0.228985 -666
0.398806 -2.08049 -0.228985 -666
0.398806 -2.06329 -0.228985 -666
0.398806 -2.04609 -0.228985 -666
0.398806 -2.02889 -0.228985 -666
0.398806 -2.01169 -0.228985 -666
0.398806 -1.99449 -0.228985 -666
0.398806 -1.97729 -0.228985 -666
0.416701 -2.66527 -0.228985 -36.658
0.416701 -2.64807 -0.228985 -32.8739
0.416701 -2.63087 -0.228985 -29.2974
0.416701 -2.61367 -0.228985 -25.9284
0.416701 -2.59647 -0.228985 293.811
0.416701 -2.57927 -0.228985 274.951
0.416701 -2.56207 -0.228985 258.211
0.416701 -2.54487 -0.228985 243.273
0.416701 -2.52768 -0.228985 230.598
0.416701 -2.51048 -0.228985 219.891
0.416701 -2.49328 -0.228985 211.222
0.416701 -2.47608 -0.228985 204.513
0.416701 -2.45888 -0.228985 198.595
0.416701 -2.44168 -0.228985 194.63
0.416701 -2.42448 -0.228985 191.822
0.416701 -2.40728 -0.228985 189.609
0.416701 -2.39008 -0.228985 187.967
0.416701 -2.37288 -0.228985 186.808
0.416701 -2.35568 -0.228985 186.165
0.416701 -2.33848 -0.228985 185.972
0.416701 -2.32128 -0.228985 186.241
0.416701 -2.30408 -0.228985 186.683
0.416701 -2.28688 -0.228985 187.25
0.416701 -2.26968 -0.228985 187.93
0.416701 -2.25248 -0.228985 188.713
0.416701 -2.23528 -0.228985 189.577
0.416701 -2.21808 -0.228985 190.96
0.416701 -2.20088 -0.228985 193.007
0.416701 -2.18368 -0.228985 195.531
0.416701 -2.16648 -0.228985 198.363
0.416701 -2.14928 -0.228985 201.443
0.416701 -2.13208 -0.228985 204.821
0.416701 -2.11488 -0.228985 208.486
0.416701 -2.09769 -0.228985 -666
0.416701 -2.08049 -0.228985 -666
0.416701 -2.06329 -0.228985 -666
0.416701 -2.04609 -0.228985 -666
0.416701 -2.02889 -0.228985 -666
0.416701 -2.01169 -0.228985 -666
0.416701 -1.99449 -0.228985 -666
0.416701 -1.97729 -0.228985 -666
0.434596 -2.66527 -0.228985 -38.978
0.434596 -2.64807 -0.228985 -35.0623
0.434596 -2.63087 -0.228985 -31.3541
0.434596 -2.61367 -0.228985 -27.8536
0.434596 -2.59647 -0.228985 307.765
0.434596 -2.57927 -0.228985 287.44
0.434596 -2.56207 -0.228985 269.144
0.434596 -2.54487 -0.228985 253.005
0.434596 -2.52768 -0.228985 238.921
0.434596 -2.51048 -0.228985 226.879
0.434596 -2.49328 -0.228985 216.785
0.434596 -2.47608 -0.228985 208.762
0.434596 -2.45888 -0.228985 202.639
0.434596 -2.44168 -0.228985 197.11
0.434596 -2.42448 -0.228985 193.66
0.434596 -2.40728 -0.228985 190.987
0.434596 -2.39008 -0.228985 188.872
0.434596 -2.37288 -0.228985 187.327
0.434596 -2.35568 -0.228985 186.278
0.434596 -2.33848 -0.228985 185.756
0.434596 -2.32128 -0.228985 185.759
0.434596 -2.30408 -0.228985 186.125
0.434596 -2.28688 -0.228985 186.606
0.434596 -2.26968 -0.228985 187.209
0.434596 -2.25248 -0.228985 187.895
0.434596 -2.23528 -0.228985 188.724
0.434596 -2.21808 -0.228985 189.693
0.434596 -2.20088 -0.228985 191.195
0.434596 -2.18368 -0.228985 193.335
0.434596 -2.16648 -0.228985 195.904
0.434596 -2.14928 -0.228985 198.752
0.434596 -2.13208 -0.228985 201.853
0.434596 -2.11488 -0.228985 205.251
0.434596 -2.09769 -0.228985 -666
0.434596 -2.08049 -0.228985 -666
0.434596 -2.06329 -0.228985 -666
0.434596 -2.04609 -0.228985 -666
0.434596 -2.02889 -0.228985 -666
0.434596 -2.01169 -0.228985 -666
0.434596 -1.99449 -0.228985 -666
0.434596 -1.97729 -0.228985 -666
0.452491 -2.66527 -0.228985 -41.5061
0.452491 -2.64807 -0.228985 -37.4588
0.452491 -2.63087 -0.228985 -33.6191
0.452491 -2.61367 -0.228985 -29.9869
0.452491 -2.59647 -0.228985 -26.5623
0.452491 -2.57927 -0.228985 301.066
0.452491 -2.56207 -0.228985 281.303
0.452491 -2.54487 -0.228985 263.658
0.452491 -2.52768 -0.228985 248.144
0.452491 -2.51048 -0.228985 234.692
0.452491 -2.49328 -0.228985 223.321
0.452491 -2.47608 -0.228985 214.005
0.452491 -2.45888 -0.228985 206.616
0.452491 -2.44168 -0.228985 200.48
0.452491 -2.42448 -0.228985 196.127
0.452491 -2.40728 -0.228985 192.92
0.452491 -2.39008 -0.228985 190.303
0.452491 -2.37288 -0.228985 188.303
0.452491 -2.35568 -0.228985 186.798
0.452491 -2.33848 -0.228985 185.872
0.452491 -2.32128 -0.228985 185.595
0.452491 -2.30408 -0.228985 185.821
0.452491 -2.28688 -0.228985 186.22
0.452491 -2.26968 -0.228985 186.723
0.452491 -2.25248 -0.228985 187.383
0.452491 -2.23528 -0.228985 188.129
0.452491 -2.21808 -0.228985 189.101
0.452491 -2.20088 -0.228985 190.01
0.452491 -2.18368 -0.228985 191.706
0.452491 -2.16648 -0.228985 193.939
0.452491 -2.14928 -0.228985 196.546
0.452491 -2.13208 -0.228985 199.408
0.452491 -2.11488 -0.228985 202.541
0.452491 -2.09769 -0.228985 -666
0.452491 -2.08049 -0.228985 -666
0.452491 -2.06329 -0.228985 -666
0.452491 -2.04609 -0.228985 -666
0.452491 -2.02889 -0.228985 -666
0.452491 -2.01169 -0.228985 -666
0.452491 -1.99449 -0.228985 -666
0.452491 -1.97729 -0.228985 -666
0.470386 -2.66527 -0.228985 -44.2424
0.470386 -2.64807 -0.228985 -40.0635
0.470386 -2.63087 -0.228985 -36.0921
0.470386 -2.61367 -0.228985 -32.3284
0.470386 -2.59647 -0.228985 -28.7722
0.470386 -2.57927 -0.228985 -25.4236
0.470386 -2.56207 -0.228985 294.62
0.470386 -2.54487 -0.228985 275.458
0.470386 -2.52768 -0.228985 258.463
0.470386 -2.51048 -0.228985 243.63
0.470386 -2.49328 -0.228985 230.844
0.470386 -2.47608 -0.228985 220.21
0.470386 -2.45888 -0.228985 211.589
0.470386 -2.44168 -0.228985 204.945
0.470386 -2.42448 -0.228985 199.311
0.470386 -2.40728 -0.228985 195.375
0.470386 -2.39008 -0.228985 192.209
0.470386 -2.37288 -0.228985 189.665
0.470386 -2.35568 -0.228985 187.739
0.470386 -2.33848 -0.228985 186.355
0.470386 -2.32128 -0.228985 185.72
0.470386 -2.30408 -0.228985 185.707
0.470386 -2.28688 -0.228985 186.066
0.470386 -2.26968 -0.228985 186.502
0.470386 -2.25248 -0.228985 187.091
0.470386 -2.23528 -0.228985 187.786
0.470386 -2.21808 -0.228985 188.532
0.470386 -2.20088 -0.228985 189.404
0.470386 -2.18368 -0.228985 190.628
0.470386 -2.16648 -0.228985 192.474
0.470386 -2.14928 -0.228985 194.777
0.470386 -2.13208 -0.228985 197.401
0.470386 -2.11488 -0.228985 200.296
0.470386 -2.09769 -0.228985 -666
0.470386 -2.08049 -0.228985 -666
0.470386 -2.06329 -0.228985 -666
0.470386 -2.04609 -0.228985 -666
0.470386 -2.02889 -0.228985 -666
0.470386 -2.01169 -0.228985 -666
0.470386 -1.99449 -0.228985 -666
0.470386 -1.97729 -0.228985 -666
0.488281 -2.66527 -0.228985 -47.1869
0.488281 -2.64807 -0.228985 -42.8763
0.488281 -2.63087 -0.228985 -38.7734
0.488281 -2.61367 -0.228985 -34.878
0.488281 -2.59647 -0.228985 -31.1902
0.488281 -2.57927 -0.228985 -27.71
0.488281 -2.56207 -0.228985 309.171
0.488281 -2.54487 -0.228985 288.354
0.488281 -2.52768 -0.228985 269.845
0.488281 -2.51048 -0.228985 253.537
0.488281 -2.49328 -0.228985 239.428
0.488281 -2.47608 -0.228985 227.405
0.488281 -2.45888 -0.228985 217.448
0.488281 -2.44168 -0.228985 209.573
0.488281 -2.42448 -0.228985 203.65
0.488281 -2.40728 -0.228985 198.437
0.488281 -2.39008 -0.228985 194.67
0.488281 -2.37288 -0.228985 191.56
0.488281 -2.35568 -0.228985 189.061
0.488281 -2.33848 -0.228985 187.217
0.488281 -2.32128 -0.228985 186.128
0.488281 -2.30408 -0.228985 185.863
0.488281 -2.28688 -0.228985 186.052
0.488281 -2.26968 -0.228985 186.533
0.488281 -2.25248 -0.228985 187.04
0.488281 -2.23528 -0.228985 187.62
0.488281 -2.21808 -0.228985 188.38
0.488281 -2.20088 -0.228985 189.151
0.488281 -2.18368 -0.228985 190.095
0.488281 -2.16648 -0.228985 191.499
0.488281 -2.14928 -0.228985 193.486
0.488281 -2.13208 -0.228985 195.818
0.488281 -2.11488 -0.228985 198.497
0.488281 -2.09769 -0.228985 -666
0.488281 -2.08049 -0.228985 -666
0.488281 -2.06329 -0.228985 -666
0.488281 -2.04609 -0.228985 -666
0.488281 -2.02889 -0.228985 -666
0.488281 -2.01169 -0.228985 -666
0.488281 -1.99449 -0.228985 -666
0.488281 -1.97729 -0.228985 -666
0.506176 -2.66527 -0.228985 -50.3395
0.506176 -2.64807 -0.228985 -45.8974
0.506176 -2.63087 -0.228985 -41.6628
0.506176 -2.61367 -0.228985 -37.6358
0.506176 -2.59647 -0.228985 -33.8164
0.506176 -2.57927 -0.228985 -30.2045
0.506176 -2.56207 -0.228985 -26.8003
0.506176 -2.54487 -0.228985 302.384
0.506176 -2.52768 -0.228985 282.308
0.506176 -2.51048 -0.228985 264.498
0.506176 -2.49328 -0.228985 248.949
0.506176 -2.47608 -0.228985 235.539
0.506176 -2.45888 -0.228985 224.303
0.506176 -2.44168 -0.228985 215.136
0.506176 -2.42448 -0.228985 207.987
0.506176 -2.40728 -0.228985 202.67
0.506176 -2.39008 -0.228985 197.686
0.506176 -2.37288 -0.228985 193.92
0.506176 -2.35568 -0.228985 190.837
0.506176 -2.33848 -0.228985 188.462
0.506176 -2.32128 -0.228985 186.847
0.506176 -2.30408 -0.228985 186.26
0.506176 -2.28688 -0.228985 186.263
0.506176 -2.26968 -0.228985 186.581
0.506176 -2.25248 -0.228985 187.071
0.506176 -2.23528 -0.228985 187.523
0.506176 -2.21808 -0.228985 188.29
0.506176 -2.20088 -0.228985 189.042
0.506176 -2.18368 -0.228985 189.963
0.506176 -2.16648 -0.228985 191.048
0.506176 -2.14928 -0.228985 192.612
0.506176 -2.13208 -0.228985 194.679
0.506176 -2.11488 -0.228985 197.077
0.506176 -2.09769 -0.228985 -666
0.506176 -2.08049 -0.228985 -666
0.506176 -2.06329 -0.228985 -666
0.506176 -2.04609 -0.228985 -666
0.506176 -2.02889 -0.228985 -666
0.506176 -2.01169 -0.228985 -666
0.506176 -1.99449 -0.228985 -666
0.506176 -1.97729 -0.228985 -666
0.524071 -2.66527 -0.228985 -53.7003
0.524071 -2.64807 -0.228985 -49.1265
0.524071 -2.63087 -0.228985 -44.7603
0.524071 -2.61367 -0.228985 -40.6017
0.524071 -2.59647 -0.228985 -36.6507
0.524071 -2.57927 -0.228985 -32.9073
0.524071 -2.56207 -0.228985 -29.3714
0.524071 -2.54487 -0.228985 -26.0431
0.524071 -2.52768 -0.228985 295.913
0.524071 -2.51048 -0.228985 276.485
0.524071 -2.49328 -0.228985 259.437
0.524071 -2.47608 -0.228985 244.653
0.524071 -2.45888 -0.228985 232.007
0.524071 -2.44168 -0.228985 221.543
0.524071 -2.42448 -0.228985 213.212
0.524071 -2.40728 -0.228985 206.809
0.524071 -2.39008 -0.228985 201.647
0.524071 -2.37288 -0.228985 197.287
0.524071 -2.35568 -0.228985 193.059
0.524071 -2.33848 -0.228985 190.044
0.524071 -2.32128 -0.228985 187.911
0.524071 -2.30408 -0.228985 186.896
0.524071 -2.28688 -0.228985 186.676
0.524071 -2.26968 -0.228985 186.866
0.524071 -2.25248 -0.228985 187.314
0.524071 -2.23528 -0.228985 187.949
0.524071 -2.21808 -0.228985 188.32
0.524071 -2.20088 -0.228985 189.054
0.524071 -2.18368 -0.228985 189.983
0.524071 -2.16648 -0.228985 190.983
0.524071 -2.14928 -0.228985 192.266
0.524071 -2.13208 -0.228985 193.921
0.524071 -2.11488 -0.228985 196.087
0.524071 -2.09769 -0.228985 -666
0.524071 -2.08049 -0.228985 -666
0.524071 -2.06329 -0.228985 -666
0.524071 -2.04609 -0.228985 -666
0.524071 -2.02889 -0.228985 -666
0.524071 -2.01169 -0.228985 -666
0.524071 -1.99449 -0.228985 -666
0.524071 -1.97729 -0.228985 -666
0.541966 -2.66527 -0.228985 -57.2692
0.541966 -2.64807 -0.228985 -52.5638
0.541966 -2.63087 -0.228985 -48.0661
0.541966 -2.61367 -0.228985 -43.7758
0.541966 -2.59647 -0.228985 -39.6932
0.541966 -2.57927 -0.228985 -35.8182
0.541966 -2.56207 -0.228985 -32.1507
0.541966 -2.54487 -0.228985 -28.6908
0.541966 -2.52768 -0.228985 -25.4403
0.541966 -2.51048 -0.228985 289.503
0.541966 -2.49328 -0.228985 270.985
0.541966 -2.47608 -0.228985 254.724
0.541966 -2.45888 -0.228985 240.688
0.541966 -2.44168 -0.228985 228.908
0.541966 -2.42448 -0.228985 219.259
0.541966 -2.40728 -0.228985 211.694
0.541966 -2.39008 -0.228985 205.654
0.541966 -2.37288 -0.228985 200.473
0.541966 -2.35568 -0.228985 195.721
0.541966 -2.33848 -0.228985 192.051
0.541966 -2.32128 -0.228985 189.298
0.541966 -2.30408 -0.228985 187.793
0.541966 -2.28688 -0.228985 187.308
0.541966 -2.26968 -0.228985 187.342
0.541966 -2.25248 -0.228985 187.645
0.541966 -2.23528 -0.228985 188.257
0.541966 -2.21808 -0.228985 188.869
0.541966 -2.20088 -0.228985 189.324
0.541966 -2.18368 -0.228985 190.207
0.541966 -2.16648 -0.228985 191.161
0.541966 -2.14928 -0.228985 192.259
0.541966 -2.13208 -0.228985 193.622
0.541966 -2.11488 -0.228985 195.456
0.541966 -2.09769 -0.228985 -666
0.541966 -2.08049 -0.228985 -666
0.541966 -2.06329 -0.228985 -666
0.541966 -2.04609 -0.228985 -666
0.541966 -2.02889 -0.228985 -666
0.541966 -2.01169 -0.228985 -666
0.541966 -1.99449 -0.228985 -666
0.541966 -1.97729 -0.228985 -666
0.559861 -2.66527 -0.228985 -61.0463
0.559861 -2.64807 -0.228985 -56.2093
0.559861 -2.63087 -0.228985 -51.5799
0.559861 -2.61367 -0.228985 -47.1581
0.559861 -2.59647 -0.228985 -42.9439
0.559861 -2.57927 -0.228985 -38.9372
0.559861 -2.56207 -0.228985 -35.1381
0.559861 -2.54487 -0.228985 -31.5466
0.559861 -2.52768 -0.228985 -28.1646
0.559861 -2.51048 -0.228985 303.631
0.559861 -2.49328 -0.228985 283.431
0.559861 -2.47608 -0.228985 265.711
0.559861 -2.45888 -0.228985 250.346
0.559861 -2.44168 -0.228985 237.167
0.559861 -2.42448 -0.228985 226.251
0.559861 -2.40728 -0.228985 217.381
0.559861 -2.39008 -0.228985 210.305
0.559861 -2.37288 -0.228985 204.2
0.559861 -2.35568 -0.228985 199.059
0.559861 -2.33848 -0.228985 194.438
0.559861 -2.32128 -0.228985 191.029
0.559861 -2.30408 -0.228985 188.964
0.559861 -2.28688 -0.228985 188.146
0.559861 -2.26968 -0.228985 187.984
0.559861 -2.25248 -0.228985 188.194
0.559861 -2.23528 -0.228985 188.6
0.559861 -2.21808 -0.228985 189.293
0.559861 -2.20088 -0.228985 189.674
0.559861 -2.18368 -0.228985 190.476
0.559861 -2.16648 -0.228985 191.511
0.559861 -2.14928 -0.228985 192.52
0.559861 -2.13208 -0.228985 193.724
0.559861 -2.11488 -0.228985 195.205
0.559861 -2.09769 -0.228985 -666
0.559861 -2.08049 -0.228985 -666
0.559861 -2.06329 -0.228985 -666
0.559861 -2.04609 -0.228985 -666
0.559861 -2.02889 -0.228985 -666
0.559861 -2.01169 -0.228985 -666
0.559861 -1.99449 -0.228985 -666
0.559861 -1.97729 -0.228985 -666
0.577756 -2.66527 -0.228985 -65.0316
0.577756 -2.64807 -0.228985 -60.063
0.577756 -2.63087 -0.228985 -55.302
0.577756 -2.61367 -0.228985 -50.7485
0.577756 -2.59647 -0.228985 -46.4027
0.577756 -2.57927 -0.228985 -42.2644
0.577756 -2.56207 -0.228985 -38.3337
0.577756 -2.54487 -0.228985 -34.6106
0.577756 -2.52768 -0.228985 -31.097
0.577756 -2.51048 -0.228985 -27.789
0.577756 -2.49328 -0.228985 297.002
0.577756 -2.47608 -0.228985 277.68
0.577756 -2.45888 -0.228985 260.869
0.577756 -2.44168 -0.228985 246.324
0.577756 -2.42448 -0.228985 234.038
0.577756 -2.40728 -0.228985 223.967
0.577756 -2.39008 -0.228985 215.642
0.577756 -2.37288 -0.228985 208.47
0.577756 -2.35568 -0.228985 202.456
0.577756 -2.33848 -0.228985 197.192
0.577756 -2.32128 -0.228985 193.104
0.577756 -2.30408 -0.228985 190.446
0.577756 -2.28688 -0.228985 189.193
0.577756 -2.26968 -0.228985 188.803
0.577756 -2.25248 -0.228985 188.901
0.577756 -2.23528 -0.228985 189.211
0.577756 -2.21808 -0.228985 189.711
0.577756 -2.20088 -0.228985 190.31
0.577756 -2.18368 -0.228985 191.104
0.577756 -2.16648 -0.228985 191.911
0.577756 -2.14928 -0.228985 192.971
0.577756 -2.13208 -0.228985 194.088
0.577756 -2.11488 -0.228985 195.43
0.577756 -2.09769 -0.228985 -666
0.577756 -2.08049 -0.228985 -666
0.577756 -2.06329 -0.228985 -666
0.577756 -2.04609 -0.228985 -666
0.577756 -2.02889 -0.228985 -666
0.577756 -2.01169 -0.228985 -666
0.577756 -1.99449 -0.228985 -666
0.577756 -1.97729 -0.228985 -666
0.595651 -2.66527 -0.228985 -69.225
0.595651 -2.64807 -0.228985 -64.1248
0.595651 -2.63087 -0.228985 -59.2322
0.595651 -2.61367 -0.228985 -54.5471
0.595651 -2.59647 -0.228985 -50.0696
0.595651 -2.57927 -0.228985 -45.7998
0.595651 -2.56207 -0.228985 -41.7375
0.595651 -2.54487 -0.228985 -37.8827
0.595651 -2.52768 -0.228985 -34.2376
0.595651 -2.51048 -0.228985 -30.798
0.595651 -2.49328 -0.228985 -27.5659
0.595651 -2.47608 -0.228985 290.665
0.595651 -2.45888 -0.228985 272.319
0.595651 -2.44168 -0.228985 256.402
0.595651 -2.42448 -0.228985 242.751
0.595651 -2.40728 -0.228985 231.365
0.595651 -2.39008 -0.228985 221.739
0.595651 -2.37288 -0.228985 213.389
0.595651 -2.35568 -0.228985 206.255
0.595651 -2.33848 -0.228985 200.467
0.595651 -2.32128 -0.228985 195.506
0.595651 -2.30408 -0.228985 192.236
0.595651 -2.28688 -0.228985 190.468
0.595651 -2.26968 -0.228985 189.824
0.595651 -2.25248 -0.228985 189.736
0.595651 -2.23528 -0.228985 189.991
0.595651 -2.21808 -0.228985 190.409
0.595651 -2.20088 -0.228985 191.046
0.595651 -2.18368 -0.228985 191.634
0.595651 -2.16648 -0.228985 192.553
0.595651 -2.14928 -0.228985 193.457
0.595651 -2.13208 -0.228985 194.637
0.595651 -2.11488 -0.228985 195.874
0.595651 -2.09769 -0.228985 -666
0.595651 -2.08049 -0.228985 -666
0.595651 -2.06329 -0.228985 -666
0.595651 -2.04609 -0.228985 -666
0.595651 -2.02889 -0.228985 -666
0.595651 -2.01169 -0.228985 -666
0.595651 -1.99449 -0.228985 -666
0.595651 -1.97729 -0.228985 -666
0.613546 -2.66527 -0.228985 -73.6266
0.613546 -2.64807 -0.228985 -68.3947
0.613546 -2.63087 -0.228985 -63.3705
0.613546 -2.61367 -0.228985 -58.5538
0.613546 -2.59647 -0.228985 -53.9448
0.613546 -2.57927 -0.228985 -49.5433
0.613546 -2.56207 -0.228985 -45.3494
0.613546 -2.54487 -0.228985 -41.363
0.613546 -2.52768 -0.228985 -37.5864
0.613546 -2.51048 -0.228985 -34.0151
0.613546 -2.49328 -0.228985 -30.6514
0.613546 -2.47608 -0.228985 -27.4953
0.613546 -2.45888 -0.228985 284.692
0.613546 -2.44168 -0.228985 267.333
0.613546 -2.42448 -0.228985 252.367
0.613546 -2.40728 -0.228985 239.54
0.613546 -2.39008 -0.228985 228.446
0.613546 -2.37288 -0.228985 218.78
0.613546 -2.35568 -0.228985 210.556
0.613546 -2.33848 -0.228985 203.779
0.613546 -2.32128 -0.228985 198.241
0.613546 -2.30408 -0.228985 194.347
0.613546 -2.28688 -0.228985 192.008
0.613546 -2.26968 -0.228985 191.037
0.613546 -2.25248 -0.228985 190.755
0.613546 -2.23528 -0.228985 190.902
0.613546 -2.21808 -0.228985 191.239
0.613546 -2.20088 -0.228985 191.866
0.613546 -2.18368 -0.228985 192.504
0.613546 -2.16648 -0.228985 193.231
0.613546 -2.14928 -0.228985 194.2
0.613546 -2.13208 -0.228985 195.291
0.613546 -2.11488 -0.228985 196.47
0.613546 -2.09769 -0.228985 -666
0.613546 -2.08049 -0.228985 -666
0.613546 -2.06329 -0.228985 -666
0.613546 -2.04609 -0.228985 -666
0.613546 -2.02889 -0.228985 -666
0.613546 -2.01169 -0.228985 -666
0.613546 -1.99449 -0.228985 -666
0.613546 -1.97729 -0.228985 -666
0.631441 -2.66527 -0.228985 -78.2363
0.631441 -2.64807 -0.228985 -72.8729
0.631441 -2.63087 -0.228985 -67.717
0.631441 -2.61367 -0.228985 -62.7687
0.631441 -2.59647 -0.228985 -58.0281
0.631441 -2.57927 -0.228985 -53.4949
0.631441 -2.56207 -0.228985 -49.1694
0.631441 -2.54487 -0.228985 -45.0515
0.631441 -2.52768 -0.228985 -41.1433
0.631441 -2.51048 -0.228985 -37.4404
0.631441 -2.49328 -0.228985 -33.9451
0.631441 -2.47608 -0.228985 -30.6574
0.631441 -2.45888 -0.228985 -27.5772
0.631441 -2.44168 -0.228985 279.173
0.631441 -2.42448 -0.228985 262.782
0.631441 -2.40728 -0.228985 248.39
0.631441 -2.39008 -0.228985 235.631
0.631441 -2.37288 -0.228985 224.569
0.631441 -2.35568 -0.228985 215.204
0.631441 -2.33848 -0.228985 207.468
0.631441 -2.32128 -0.228985 201.303
0.631441 -2.30408 -0.228985 196.746
0.631441 -2.28688 -0.228985 193.835
0.631441 -2.26968 -0.228985 192.43
0.631441 -2.25248 -0.228985 191.926
0.631441 -2.23528 -0.228985 191.925
0.631441 -2.21808 -0.228985 192.233
0.631441 -2.20088 -0.228985 192.715
0.631441 -2.18368 -0.228985 193.407
0.631441 -2.16648 -0.228985 194.08
0.631441 -2.14928 -0.228985 195.17
0.631441 -2.13208 -0.228985 196.057
0.631441 -2.11488 -0.228985 197.219
0.631441 -2.09769 -0.228985 -666
0.631441 -2.08049 -0.228985 -666
0.631441 -2.06329 -0.228985 -666
0.631441 -2.04609 -0.228985 -666
0.631441 -2.02889 -0.228985 -666
0.631441 -2.01169 -0.228985 -666
0.631441 -1.99449 -0.228985 -666
0.631441 -1.97729 -0.228985 -666
0.649336 -2.66527 -0.228985 -83.0542
0.649336 -2.64807 -0.228985 -77.5591
0.649336 -2.63087 -0.228985 -72.2717
0.649336 -2.61367 -0.228985 -67.1918
0.649336 -2.59647 -0.228985 -62.3195
0.649336 -2.57927 -0.228985 -57.6548
0.649336 -2.56207 -0.228985 -53.1976
0.649336 -2.54487 -0.228985 -48.9481
0.649336 -2.52768 -0.228985 -44.9084
0.649336 -2.51048 -0.228985 -41.0739
0.649336 -2.49328 -0.228985 -37.447
0.649336 -2.47608 -0.228985 -34.0276
0.649336 -2.45888 -0.228985 -30.8158
0.649336 -2.44168 -0.228985 -27.8116
0.649336 -2.42448 -0.228985 -25.015
0.649336 -2.40728 -0.228985 257.619
0.649336 -2.39008 -0.228985 243.285
0.649336 -2.37288 -0.228985 230.778
0.649336 -2.35568 -0.228985 220.201
0.649336 -2.33848 -0.228985 211.478
0.649336 -2.32128 -0.228985 204.818
0.649336 -2.30408 -0.228985 199.471
0.649336 -2.28688 -0.228985 195.956
0.649336 -2.26968 -0.228985 194.041
0.649336 -2.25248 -0.228985 193.274
0.649336 -2.23528 -0.228985 193.103
0.649336 -2.21808 -0.228985 193.334
0.649336 -2.20088 -0.228985 193.739
0.649336 -2.18368 -0.228985 194.425
0.649336 -2.16648 -0.228985 195.185
0.649336 -2.14928 -0.228985 195.928
0.649336 -2.13208 -0.228985 197.051
0.649336 -2.11488 -0.228985 198.144
0.649336 -2.09769 -0.228985 -666
0.649336 -2.08049 -0.228985 -666
0.649336 -2.06329 -0.228985 -666
0.649336 -2.04609 -0.228985 -666
0.649336 -2.02889 -0.228985 -666
0.649336 -2.01169 -0.228985 -666
0.649336 -1.99449 -0.228985 -666
0.649336 -1.97729 -0.228985 -666
0.667231 -2.66527 -0.228985 -88.0802
0.667231 -2.64807 -0.228985 -82.4536
0.667231 -2.63087 -0.228985 -77.0345
0.667231 -2.61367 -0.228985 -71.823
0.667231 -2.59647 -0.228985 -66.8191
0.667231 -2.57927 -0.228985 -62.0228
0.667231 -2.56207 -0.228985 -57.434
0.667231 -2.54487 -0.228985 -53.0529
0.667231 -2.52768 -0.228985 -48.8816
0.667231 -2.51048 -0.228985 -44.9155
0.667231 -2.49328 -0.228985 -41.157
0.667231 -2.47608 -0.228985 -37.606
0.667231 -2.45888 -0.228985 -34.2626
0.667231 -2.44168 -0.228985 -31.1268
0.667231 -2.42448 -0.228985 -28.1986
0.667231 -2.40728 -0.228985 -25.478
0.667231 -2.39008 -0.228985 251.174
0.667231 -2.37288 -0.228985 237.262
0.667231 -2.35568 -0.228985 225.472
0.667231 -2.33848 -0.228985 215.861
0.667231 -2.32128 -0.228985 208.39
0.667231 -2.30408 -0.228985 202.472
0.667231 -2.28688 -0.228985 198.335
0.667231 -2.26968 -0.228985 195.88
0.667231 -2.25248 -0.228985 194.802
0.667231 -2.23528 -0.228985 194.428
0.667231 -2.21808 -0.228985 194.537
0.667231 -2.20088 -0.228985 194.923
0.667231 -2.18368 -0.228985 195.471
0.667231 -2.16648 -0.228985 196.247
0.667231 -2.14928 -0.228985 197.083
0.667231 -2.13208 -0.228985 198.011
0.667231 -2.11488 -0.228985 199.266
0.667231 -2.09769 -0.228985 -666
0.667231 -2.08049 -0.228985 -666
0.667231 -2.06329 -0.228985 -666
0.667231 -2.04609 -0.228985 -666
0.667231 -2.02889 -0.228985 -666
0.667231 -2.01169 -0.228985 -666
0.667231 -1.99449 -0.228985 -666
0.667231 -1.97729 -0.228985 -666
0.685126 -2.66527 -0.228985 -93.3144
0.685126 -2.64807 -0.228985 -87.5562
0.685126 -2.63087 -0.228985 -82.0055
0.685126 -2.61367 -0.228985 -76.6624
0.685126 -2.59647 -0.228985 -71.5269
0.685126 -2.57927 -0.228985 -66.5989
0.685126 -2.56207 -0.228985 -61.8786
0.685126 -2.54487 -0.228985 -57.3658
0.685126 -2.52768 -0.228985 -53.063
0.685126 -2.51048 -0.228985 -48.9653
0.685126 -2.49328 -0.228985 -45.0751
0.685126 -2.47608 -0.228985 -41.3926
0.685126 -2.45888 -0.228985 -37.9176
0.685126 -2.44168 -0.228985 -34.6502
0.685126 -2.42448 -0.228985 -31.5903
0.685126 -2.40728 -0.228985 -28.7381
0.685126 -2.39008 -0.228985 -26.0934
0.685126 -2.37288 -0.228985 243.859
0.685126 -2.35568 -0.228985 231.038
0.685126 -2.33848 -0.228985 220.562
0.685126 -2.32128 -0.228985 212.297
0.685126 -2.30408 -0.228985 205.77
0.685126 -2.28688 -0.228985 201.015
0.685126 -2.26968 -0.228985 197.989
0.685126 -2.25248 -0.228985 196.51
0.685126 -2.23528 -0.228985 195.915
0.685126 -2.21808 -0.228985 195.863
0.685126 -2.20088 -0.228985 196.204
0.685126 -2.18368 -0.228985 196.702
0.685126 -2.16648 -0.228985 197.424
0.685126 -2.14928 -0.228985 198.272
0.685126 -2.13208 -0.228985 199.185
0.685126 -2.11488 -0.228985 200.381
0.685126 -2.09769 -0.228985 -666
0.685126 -2.08049 -0.228985 -666
0.685126 -2.06329 -0.228985 -666
0.685126 -2.04609 -0.228985 -666
0.685126 -2.02889 -0.228985 -666
0.685126 -2.01169 -0.228985 -666
0.685126 -1.99449 -0.228985 -666
0.685126 -1.97729 -0.228985 -666
0.703021 -2.66527 -0.228985 -666
0.703021 -2.64807 -0.228985 -666
0.703021 -2.63087 -0.228985 -666
0.703021 -2.61367 -0.228985 -666
0.703021 -2.59647 -0.228985 -666
0.703021 -2.57927 -0.228985 -666
0.703021 -2.56207 -0.228985 -666
0.703021 -2.54487 -0.228985 -666
0.703021 -2.52768 -0.228985 -666
0.703021 -2.51048 -0.228985 -666
0.703021 -2.49328 -0.228985 -666
0.703021 -2.47608 -0.228985 -666
0.703021 -2.45888 -0.228985 -666
0.703021 -2.44168 -0.228985 -666
0.703021 -2.42448 -0.228985 -666
0.703021 -2.40728 -0.228985 -666
0.703021 -2.39008 -0.228985 -666
0.703021 -2.37288 -0.228985 -666
0.703021 -2.35568 -0.228985 -666
0.703021 -2.33848 -0.228985 -666
0.703021 -2.32128 -0.228985 -666
0.703021 -2.30408 -0.228985 -666
0.703021 -2.28688 -0.228985 -666
0.703021 -2.26968 -0.228985 -666
0.703021 -2.25248 -0.228985 -666
0.703021 -2.23528 -0.228985 -666
0.703021 -2.21808 -0.228985 -666
0.703021 -2.20088 -0.228985 -666
0.703021 -2.18368 -0.228985 -666
0.703021 -2.16648 -0.228985 -666
0.703021 -2.14928 -0.228985 -666
0.703021 -2.13208 -0.228985 -666
0.703021 -2.11488 -0.228985 -666
0.703021 -2.09769 -0.228985 -666
0.703021 -2.08049 -0.228985 -666
0.703021 -2.06329 -0.228985 -666
0.703021 -2.04609 -0.228985 -666
0.703021 -2.02889 -0.228985 -666
0.703021 -2.01169 -0.228985 -666
0.703021 -1.99449 -0.228985 -666
0.703021 -1.97729 -0.228985 -666
0.720916 -2.66527 -0.228985 -666
0.720916 -2.64807 -0.228985 -666
0.720916 -2.63087 -0.228985 -666
0.720916 -2.61367 -0.228985 -666
0.720916 -2.59647 -0.228985 -666
0.720916 -2.57927 -0.228985 -666
0.720916 -2.56207 -0.228985 -666
0.720916 -2.54487 -0.228985 -666
0.720916 -2.52768 -0.228985 -666
0.720916 -2.51048 -0.228985 -666
0.720916 -2.49328 -0.228985 -666
0.720916 -2.47608 -0.228985 -666
0.720916 -2.45888 -0.228985 -666
0.720916 -2.44168 -0.228985 -666
0.720916 -2.42448 -0.228985 -666
0.720916 -2.40728 -0.228985 -666
0.720916 -2.39008 -0.228985 -666
0.720916 -2.37288 -0.228985 -666
0.720916 -2.35568 -0.228985 -666
0.720916 -2.33848 -0.228985 -666
0.720916 -2.32128 -0.228985 -666
0.720916 -2.30408 -0.228985 -666
0.720916 -2.28688 -0.228985 -666
0.720916 -2.26968 -0.228985 -666
0.720916 -2.25248 -0.228985 -666
0.720916 -2.23528 -0.228985 -666
0.720916 -2.21808 -0.228985 -666
0.720916 -2.20088 -0.228985 -666
0.720916 -2.18368 -0.228985 -666
0.720916 -2.16648 -0.228985 -666
0.720916 -2.14928 -0.228985 -666
0.720916 -2.13208 -0.228985 -666
0.720916 -2.11488 -0.228985 -666
0.720916 -2.09769 -0.228985 -666
0.720916 -2.08049 -0.228985 -666
0.720916 -2.06329 -0.228985 -666
0.720916 -2.04609 -0.228985 -666
0.720916 -2.02889 -0.228985 -666
0.720916 -2.01169 -0.228985 -666
0.720916 -1.99449 -0.228985 -666
0.720916 -1.97729 -0.228985 -666
0.738811 -2.66527 -0.228985 -666
0.738811 -2.64807 -0.228985 -666
0.738811 -2.63087 -0.228985 -666
0.738811 -2.61367 -0.228985 -666
0.738811 -2.59647 -0.228985 -666
0.738811 -2.57927 -0.228985 -666
0.738811 -2.56207 -0.228985 -666
0.738811 -2.54487 -0.228985 -666
0.738811 -2.52768 -0.228985 -666
0.738811 -2.51048 -0.228985 -666
0.738811 -2.49328 -0.228985 -666
0.738811 -2.47608 -0.228985 -666
0.738811 -2.45888 -0.228985 -666
0.738811 -2.44168 -0.228985 -666
0.738811 -2.42448 -0.228985 -666
0.738811 -2.40728 -0.228985 -666
0.738811 -2.39008 -0.228985 -666
0.738811 -2.37288 -0.228985 -666
0.738811 -2.35568 -0.228985 -666
0.738811 -2.33848 -0.228985 -666
0.738811 -2.32128 -0.228985 -666
0.738811 -2.30408 -0.228985 -666
0.738811 -2.28688 -0.228985 -666
0.738811 -2.26968 -0.228985 -666
0.738811 -2.25248 -0.228985 -666
0.738811 -2.23528 -0.228985 -666
0.738811 -2.21808 -0.228985 -666
0.738811 -2.20088 -0.228985 -666
0.738811 -2.18368 -0.228985 -666
0.738811 -2.16648 -0.228985 -666
0.738811 -2.14928 -0.228985 -666
0.738811 -2.13208 -0.228985 -666
0.738811 -2.11488 -0.228985 -666
0.738811 -2.09769 -0.228985 -666
0.738811 -2.08049 -0.228985 -666
0.738811 -2.06329 -0.228985 -666
0.738811 -2.04609 -0.228985 -666
0.738811 -2.02889 -0.228985 -666
0.738811 -2.01169 -0.228985 -666
0.738811 -1.99449 -0.228985 -666
0.738811 -1.97729 -0.228985 -666
0.756706 -2.66527 -0.228985 -666
0.756706 -2.64807 -0.228985 -666
0.756706 -2.63087 -0.228985 -666
0.756706 -2.61367 -0.228985 -666
0.756706 -2.59647 -0.228985 -666
0.756706 -2.57927 -0.228985 -666
0.756706 -2.56207 -0.228985 -666
0.756706 -2.54487 -0.228985 -666
0.756706 -2.52768 -0.228985 -666
0.756706 -2.51048 -0.228985 -666
0.756706 -2.49328 -0.228985 -666
0.756706 -2.47608 -0.228985 -666
0.756706 -2.45888 -0.228985 -666
0.756706 -2.44168 -0.228985 -666
0.756706 -2.42448 -0.228985 -666
0.756706 -2.40728 -0.228985 -666
0.756706 -2.39008 -0.228985 -666
0.756706 -2.37288 -0.228985 -666
0.756706 -2.35568 -0.228985 -666
0.756706 -2.33848 -0.228985 -666
0.756706 -2.32128 -0.228985 -666
0.756706 -2.30408 -0.228985 -666
0.756706 -2.28688 -0.228985 -666
0.756706 -2.26968 -0.228985 -666
0.756706 -2.25248 -0.228985 -666
0.756706 -2.23528 -0.228985 -666
0.756706 -2.21808 -0.228985 -666
0.756706 -2.20088 -0.228985 -666
0.756706 -2.18368 -0.228985 -666
0.756706 -2.16648 -0.228985 -666
0.756706 -2.14928 -0.228985 -666
0.756706 -2.13208 -0.228985 -666
0.756706 -2.11488 -0.228985 -666
0.756706 -2.09769 -0.228985 -666
0.756706 -2.08049 -0.228985 -666
0.756706 -2.06329 -0.228985 -666
0.756706 -2.04609 -0.228985 -666
0.756706 -2.02889 -0.228985 -666
0.756706 -2.01169 -0.228985 -666
0.756706 -1.99449 -0.228985 -666
0.756706 -1.97729 -0.228985 -666
0.774601 -2.66527 -0.228985 -666
0.774601 -2.64807 -0.228985 -666
0.774601 -2.63087 -0.228985 -666
0.774601 -2.61367 -0.228985 -666
0.774601 -2.59647 -0.228985 -666
0.774601 -2.57927 -0.228985 -666
0.774601 -2.56207 -0.228985 -666
0.774601 -2.54487 -0.228985 -666
0.774601 -2.52768 -0.228985 -666
0.774601 -2.51048 -0.228985 -666
0.774601 -2.49328 -0.228985 -666
0.774601 -2.47608 -0.228985 -666
0.774601 -2.45888 -0.228985 -666
0.774601 -2.44168 -0.228985 -666
0.774601 -2.42448 -0.228985 -666
0.774601 -2.40728 -0.228985 -666
0.774601 -2.39008 -0.228985 -666
0.774601 -2.37288 -0.228985 -666
0.774601 -2.35568 -0.228985 -666
0.774601 -2.33848 -0.228985 -666
0.774601 -2.32128 -0.228985 -666
0.774601 -2.30408 -0.228985 -666
0.774601 -2.28688 -0.228985 -666
0.774601 -2.26968 -0.228985 -666
0.774601 -2.25248 -0.228985 -666
0.774601 -2.23528 -0.228985 -666
0.774601 -2.21808 -0.228985 -666
0.774601 -2.20088 -0.228985 -666
0.774601 -2.18368 -0.228985 -666
0.774601 -2.16648 -0.228985 -666
0.774601 -2.14928 -0.228985 -666
0.774601 -2.13208 -0.228985 -666
0.774601 -2.11488 -0.228985 -666
0.774601 -2.09769 -0.228985 -666
0.774601 -2.08049 -0.228985 -666
0.774601 -2.06329 -0.228985 -666
0.774601 -2.04609 -0.228985 -666
0.774601 -2.02889 -0.228985 -666
0.774601 -2.01169 -0.228985 -666
0.774601 -1.99449 -0.228985 -666
0.774601 -1.97729 -0.228985 -666
0.792496 -2.66527 -0.228985 -666
0.792496 -2.64807 -0.228985 -666
0.792496 -2.63087 -0.228985 -666
0.792496 -2.61367 -0.228985 -666
0.792496 -2.59647 -0.228985 -666
0.792496 -2.57927 -0.228985 -666
0.792496 -2.56207 -0.228985 -666
0.792496 -2.54487 -0.228985 -666
0.792496 -2.52768 -0.228985 -666
0.792496 -2.51048 -0.228985 -666
0.792496 -2.49328 -0.228985 -666
0.792496 -2.47608 -0.228985 -666
0.792496 -2.45888 -0.228985 -666
0.792496 -2.44168 -0.228985 -666
0.792496 -2.42448 -0.228985 -666
0.792496 -2.40728 -0.228985 -666
0.792496 -2.39008 -0.228985 -666
0.792496 -2.37288 -0.228985 -666
0.792496 -2.35568 -0.228985 -666
0.792496 -2.33848 -0.228985 -666
0.792496 -2.32128 -0.228985 -666
0.792496 -2.30408 -0.228985 -666
0.792496 -2.28688 -0.228985 -666
0.792496 -2.26968 -0.228985 -666
0.792496 -2.25248 -0.228985 -666
0.792496 -2.23528 -0.228985 -666
0.792496 -2.21808 -0.228985 -666
0.792496 -2.20088 -0.228985 -666
0.792496 -2.18368 -0.228985 -666
0.792496 -2.16648 -0.228985 -666
0.792496 -2.14928 -0.228985 -666
0.792496 -2.13208 -0.228985 -666
0.792496 -2.11488 -0.228985 -666
0.792496 -2.09769 -0.228985 -666
0.792496 -2.08049 -0.228985 -666
0.792496 -2.06329 -0.228985 -666
0.792496 -2.04609 -0.228985 -666
0.792496 -2.02889 -0.228985 -666
0.792496 -2.01169 -0.228985 -666
0.792496 -1.99449 -0.228985 -666
0.792496 -1.97729 -0.228985 -666
0.810391 -2.66527 -0.228985 -666
0.810391 -2.64807 -0.228985 -666
0.810391 -2.63087 -0.228985 -666
0.810391 -2.61367 -0.228985 -666
0.810391 -2.59647 -0.228985 -666
0.810391 -2.57927 -0.228985 -666
0.810391 -2.56207 -0.228985 -666
0.810391 -2.54487 -0.228985 -666
0.810391 -2.52768 -0.228985 -666
0.810391 -2.51048 -0.228985 -666
0.810391 -2.49328 -0.228985 -666
0.810391 -2.47608 -0.228985 -666
0.810391 -2.45888 -0.228985 -666
0.810391 -2.44168 -0.228985 -666
0.810391 -2.42448 -0.228985 -666
0.810391 -2.40728 -0.228985 -666
0.810391 -2.39008 -0.228985 -666
0.810391 -2.37288 -0.228985 -666
0.810391 -2.35568 -0.228985 -666
0.810391 -2.33848 -0.228985 -666
0.810391 -2.32128 -0.228985 -666
0.810391 -2.30408 -0.228985 -666
0.810391 -2.28688 -0.228985 -666
0.810391 -2.26968 -0.228985 -666
0.810391 -2.25248 -0.228985 -666
0.810391 -2.23528 -0.228985 -666
0.810391 -2.21808 -0.228985 -666
0.810391 -2.20088 -0.228985 -666
0.810391 -2.18368 -0.228985 -666
0.810391 -2.16648 -0.228985 -666
0.810391 -2.14928 -0.228985 -666
0.810391 -2.13208 -0.228985 -666
0.810391 -2.11488 -0.228985 -666
0.810391 -2.09769 -0.228985 -666
0.810391 -2.08049 -0.228985 -666
0.810391 -2.06329 -0.228985 -666
0.810391 -2.04609 -0.228985 -666
0.810391 -2.02889 -0.228985 -666
0.810391 -2.01169 -0.228985 -666
0.810391 -1.99449 -0.228985 -666
0.810391 -1.97729 -0.228985 -666
