  0.000357310
  0.000531514
  0.000935872
  0.000912984
  0.000883738
  0.000921885
  0.000948588
  0.000536601
   0.00160726
   0.00151443
   0.00156657
   0.00151825
   0.00142797
   0.00161997
  0.000949860
   0.00155004
   0.00158691
   0.00156530
   0.00157801
   0.00141652
  0.000979106
   0.00182597
   0.00176875
   0.00178528
   0.00179164
   0.00165049
   0.00173696
   0.00174840
   0.00179164
   0.00174967
   0.00172043
   0.00178019
   0.00162888
   0.00164032
   0.00176493
   0.00175095
   0.00174840
   0.00178274
   0.00178655
   0.00190862
   0.00190735
   0.00194041
   0.00189972
   0.00189590
   0.00182978
   0.00185267
   0.00189972
   0.00189718
   0.00189590
   0.00192897
   0.00181580
   0.00184886
   0.00185267
   0.00187429
   0.00188192
   0.00181452
   0.00184631
   0.00187810
   0.00114059
   0.00114695
   0.00182851
   0.00188065
   0.00186666
   0.00197093
   0.00188573
   0.00198237
   0.00198491
   0.00199890
   0.00192261
   0.00198873
   0.00199000
   0.00191498
   0.00191879
   0.00196584
   0.00189972
   0.00195567
   0.00196203
   0.00193151
   0.00194168
   0.00197983
   0.00192769
   0.00190735
   0.00195185
   0.00193532
   0.00194041
   0.00174967
   0.00153987
   0.00196330
   0.00195821
   0.00195185
   0.00188319
   0.00135040
   0.00203196
   0.00205358
   0.00201670
   0.00203705
   0.00194550
   0.00200272
   0.00195440
   0.00204976
   0.00193787
   0.00181452
   0.00172043
   0.00192134
   0.00198873
   0.00201416
   0.00203959
   0.00199509
   0.00198364
   0.00203323
   0.00202688
   0.00197728
   0.00203578
   0.00177765
   0.00195694
   0.00201416
   0.00189336
  0.000892639
  0.000363668
   0.00184886
   0.00200399
   0.00199382
   0.00195312
  0.000208537
   0.00146993
   0.00128555
   0.00203959
   0.00204849
   0.00203578
   0.00204341
   0.00204722
   0.00200653
   0.00190989
   0.00200653
   0.00188065
   0.00201289
   0.00199636
   0.00201035
   0.00206502
   0.00199000
   0.00202942
   0.00208791
   0.00203196
   0.00201543
   0.00199382
   0.00206757
   0.00202306
   0.00205867
   0.00198619
   0.00199382
   0.00114059
  0.000300090
   0.00175349
  0.000600179
   0.00205485
   0.00206502
  0.000170390
  0.000270844
  0.000722249
   0.00106176
   0.00153478
   0.00195821
   0.00203832
   0.00161107
  0.000960032
  0.000130971
  6.99361e-05
  0.000438690
  0.000424703
  0.000710805
   0.00107829
   0.00143178
   0.00207520
   0.00207265
   0.00204849
   0.00207011
   0.00209554
   0.00132116
   0.00143687
   0.00151698
   0.00193914
   0.00113932
  0.000981649
   0.00121943
   0.00160217
   0.00138982
  0.000558217
  7.62939e-05
   0.00208155
   0.00164159
  1.27157e-06
  6.10352e-05
  0.000390371
  0.000370026
  0.000123342
  0.000161489
  0.000928243
   0.00116475
   0.00136948
   0.00116730
  0.000883738
   0.00152334
  0.000645955
  6.35783e-05
  0.000111898
  2.54313e-06
  8.90096e-05
  2.54313e-06
  8.90096e-06
  0.000138601
  2.54313e-06
  0.000109355
  0.000104268
  8.77380e-05
  8.01086e-05
  5.21342e-05
  0.000157674
  0.000153859
  4.32332e-05
  0.000319163
  0.000111898
  1.14441e-05
  2.28882e-05
  0.000250498
  0.000371297
  0.000179291
  0.000715892
   0.00124486
  0.000231425
  0.000120799
  0.000864665
   0.00179545
   0.00164413
   0.00119273
   0.00131480
   0.00203196
   0.00128682
   0.00127665
   0.00127665
  0.000768026
  0.000845591
   0.00185903
   0.00177511
   0.00201416
   0.00143814
  4.32332e-05
  2.67029e-05
  0.000864665
  0.000133514
  0.000119527
   0.00141017
   0.00202942
   0.00159709
   0.00150172
  0.000822703
  0.000233968
  0.000316620
   0.00185267
   0.00106303
   0.00177892
   0.00121943
   0.00149663
   0.00201670
   0.00202179
   0.00203069
   0.00200017
   0.00188065
   0.00202433
   0.00177892
   0.00168482
   0.00207138
   0.00202052
   0.00202052
   0.00173442
  7.75655e-05
  0.000127157
  2.54313e-05
   0.00165176
   0.00113042
   0.00162506
   0.00204595
   0.00203705
   0.00206629
   0.00196457
   0.00194168
   0.00110499
  0.000714620
  0.000502268
  9.53674e-05
   0.00162633
   0.00202052
   0.00200526
   0.00132624
   0.00174077
   0.00196203
   0.00206502
   0.00200017
   0.00170517
   0.00183741
   0.00184504
   0.00189972
   0.00127920
   0.00186793
   0.00200653
   0.00205485
   0.00198110
   0.00127792
  0.000731150
  3.05176e-05
  0.000308990
  0.000943502
   0.00189463
   0.00179672
   0.00198873
   0.00201162
   0.00195058
   0.00203578
   0.00165176
   0.00150681
   0.00193659
   0.00141780
   0.00184504
   0.00201543
   0.00201289
   0.00170390
   0.00172679
   0.00190608
   0.00196966
   0.00191752
   0.00192388
   0.00192769
   0.00191879
   0.00176620
   0.00190862
   0.00193278
   0.00186284
   0.00191625
   0.00149409
   0.00115840
   0.00188573
   0.00195948
   0.00191498
   0.00193151
   0.00193278
   0.00189718
   0.00192261
   0.00199890
   0.00192769
   0.00173950
   0.00187302
   0.00197220
   0.00192388
   0.00181961
   0.00178782
   0.00187556
   0.00190226
   0.00193024
   0.00115204
   0.00185903
   0.00188446
   0.00187937
   0.00189718
   0.00183741
   0.00176366
   0.00189972
   0.00184886
   0.00191879
   0.00188446
   0.00187556
   0.00185267
   0.00181834
   0.00187174
   0.00189209
   0.00188319
   0.00190608
   0.00190862
   0.00188065
   0.00116094
   0.00178401
   0.00180308
   0.00170517
   0.00176620
   0.00181961
   0.00178909
   0.00182597
   0.00179799
   0.00166321
   0.00175730
   0.00181707
   0.00176620
   0.00176748
   0.00177383
   0.00178909
   0.00180435
   0.00177002
   0.00171407
   0.00159836
   0.00157038
   0.00159073
   0.00156403
   0.00156530
   0.00157420
   0.00156275
   0.00158819
  0.000976562
   0.00159963
   0.00162125
   0.00159073
  0.000974019
  0.000539144
  0.000909169
  0.000914256
  0.000910441
  0.000901540
  0.000947316
  0.000525157
  0.000363668
