# WiggleZ jan11 P(k):  9-hr region, 0.5 < z < 0.7
# k / hMpc^-1, klo, khi, P(k) / h^-3Mpc^3, -1.0, -1.0
0.0000  0.0000  0.0100     -1.0  -1.0  -1.0
0.0164  0.0100  0.0200   4730.3  -1.0  -1.0
0.0271  0.0200  0.0300   9943.9  -1.0  -1.0
0.0355  0.0300  0.0400  13185.4  -1.0  -1.0
0.0463  0.0400  0.0500   8294.7  -1.0  -1.0
0.0558  0.0500  0.0600   7839.3  -1.0  -1.0
0.0649  0.0600  0.0700  13447.2  -1.0  -1.0
0.0746  0.0700  0.0800   6747.6  -1.0  -1.0
0.0854  0.0800  0.0900   6321.2  -1.0  -1.0
0.0955  0.0900  0.1000   5894.8  -1.0  -1.0
0.1054  0.1000  0.1100   4676.4  -1.0  -1.0
0.1156  0.1100  0.1200   4342.4  -1.0  -1.0
0.1255  0.1200  0.1300   3872.2  -1.0  -1.0
0.1352  0.1300  0.1400   2859.0  -1.0  -1.0
0.1448  0.1400  0.1500   3863.3  -1.0  -1.0
0.1551  0.1500  0.1600   2771.6  -1.0  -1.0
0.1652  0.1600  0.1700   2429.8  -1.0  -1.0
0.1753  0.1700  0.1800   2655.4  -1.0  -1.0
0.1852  0.1800  0.1900   2075.6  -1.0  -1.0
0.1950  0.1900  0.2000   1950.4  -1.0  -1.0
0.2049  0.2000  0.2100   1444.0  -1.0  -1.0
0.2149  0.2100  0.2200   1570.5  -1.0  -1.0
0.2248  0.2200  0.2300   1526.2  -1.0  -1.0
0.2348  0.2300  0.2400   1443.9  -1.0  -1.0
0.2451  0.2400  0.2500   1223.1  -1.0  -1.0
0.2551  0.2500  0.2600   1540.3  -1.0  -1.0
0.2653  0.2600  0.2700   1037.2  -1.0  -1.0
0.2751  0.2700  0.2800    916.2  -1.0  -1.0
0.2850  0.2800  0.2900    717.5  -1.0  -1.0
0.2949  0.2900  0.3000   1086.9  -1.0  -1.0
0.3049  0.3000  0.3100   1117.1  -1.0  -1.0
0.3151  0.3100  0.3200    662.4  -1.0  -1.0
0.3252  0.3200  0.3300    802.5  -1.0  -1.0
0.3353  0.3300  0.3400    706.8  -1.0  -1.0
0.3451  0.3400  0.3500    801.0  -1.0  -1.0
0.3551  0.3500  0.3600    746.6  -1.0  -1.0
0.3649  0.3600  0.3700    619.0  -1.0  -1.0
0.3750  0.3700  0.3800    597.2  -1.0  -1.0
0.3851  0.3800  0.3900    384.9  -1.0  -1.0
0.3951  0.3900  0.4000    579.1  -1.0  -1.0
0.4051  0.4000  0.4100    509.3  -1.0  -1.0
0.4151  0.4100  0.4200    560.3  -1.0  -1.0
0.4250  0.4200  0.4300    533.0  -1.0  -1.0
0.4350  0.4300  0.4400    325.2  -1.0  -1.0
0.4450  0.4400  0.4500    566.2  -1.0  -1.0
0.4550  0.4500  0.4600    442.6  -1.0  -1.0
0.4650  0.4600  0.4700    428.4  -1.0  -1.0
0.4750  0.4700  0.4800    429.1  -1.0  -1.0
0.4851  0.4800  0.4900    484.2  -1.0  -1.0
0.4950  0.4900  0.5000    431.7  -1.0  -1.0
# WiggleZ jan11 P(k): 11-hr region, 0.5 < z < 0.7
# k / hMpc^-1, klo, khi, P(k) / h^-3Mpc^3, -1.0, -1.0
0.0000  0.0000  0.0100     -1.0  -1.0  -1.0
0.0164  0.0100  0.0200   8377.3  -1.0  -1.0
0.0269  0.0200  0.0300  24955.2  -1.0  -1.0
0.0354  0.0300  0.0400  25864.8  -1.0  -1.0
0.0462  0.0400  0.0500  11640.0  -1.0  -1.0
0.0556  0.0500  0.0600  11095.0  -1.0  -1.0
0.0647  0.0600  0.0700   8046.9  -1.0  -1.0
0.0743  0.0700  0.0800   8067.8  -1.0  -1.0
0.0854  0.0800  0.0900   7904.4  -1.0  -1.0
0.0956  0.0900  0.1000   5439.2  -1.0  -1.0
0.1052  0.1000  0.1100   4647.3  -1.0  -1.0
0.1152  0.1100  0.1200   3699.9  -1.0  -1.0
0.1254  0.1200  0.1300   4238.4  -1.0  -1.0
0.1353  0.1300  0.1400   3351.4  -1.0  -1.0
0.1448  0.1400  0.1500   3090.0  -1.0  -1.0
0.1550  0.1500  0.1600   2669.8  -1.0  -1.0
0.1651  0.1600  0.1700   2460.5  -1.0  -1.0
0.1753  0.1700  0.1800   2191.4  -1.0  -1.0
0.1851  0.1800  0.1900   2388.7  -1.0  -1.0
0.1953  0.1900  0.2000   1646.3  -1.0  -1.0
0.2051  0.2000  0.2100   1421.7  -1.0  -1.0
0.2149  0.2100  0.2200   1937.4  -1.0  -1.0
0.2249  0.2200  0.2300   1261.9  -1.0  -1.0
0.2351  0.2300  0.2400   1436.4  -1.0  -1.0
0.2452  0.2400  0.2500   1443.9  -1.0  -1.0
0.2551  0.2500  0.2600   1343.3  -1.0  -1.0
0.2652  0.2600  0.2700    971.9  -1.0  -1.0
0.2750  0.2700  0.2800   1053.6  -1.0  -1.0
0.2850  0.2800  0.2900    993.3  -1.0  -1.0
0.2949  0.2900  0.3000    902.4  -1.0  -1.0
0.3051  0.3000  0.3100    713.5  -1.0  -1.0
0.3150  0.3100  0.3200    868.3  -1.0  -1.0
0.3251  0.3200  0.3300    861.6  -1.0  -1.0
0.3350  0.3300  0.3400    718.2  -1.0  -1.0
0.3451  0.3400  0.3500    731.9  -1.0  -1.0
0.3551  0.3500  0.3600    710.5  -1.0  -1.0
0.3650  0.3600  0.3700    551.2  -1.0  -1.0
0.3751  0.3700  0.3800    594.5  -1.0  -1.0
0.3850  0.3800  0.3900    590.2  -1.0  -1.0
0.3951  0.3900  0.4000    420.4  -1.0  -1.0
0.4051  0.4000  0.4100    432.2  -1.0  -1.0
0.4152  0.4100  0.4200    572.1  -1.0  -1.0
0.4250  0.4200  0.4300    470.7  -1.0  -1.0
0.4350  0.4300  0.4400    406.5  -1.0  -1.0
0.4450  0.4400  0.4500    447.4  -1.0  -1.0
0.4551  0.4500  0.4600    480.2  -1.0  -1.0
0.4650  0.4600  0.4700    481.6  -1.0  -1.0
0.4750  0.4700  0.4800    479.8  -1.0  -1.0
0.4851  0.4800  0.4900    382.9  -1.0  -1.0
0.4950  0.4900  0.5000    441.3  -1.0  -1.0
# WiggleZ jan11 P(k): 15-hr region, 0.5 < z < 0.7
# k / hMpc^-1, klo, khi, P(k) / h^-3Mpc^3, -1.0, -1.0
0.0000  0.0000  0.0100     -1.0  -1.0  -1.0
0.0154  0.0100  0.0200   9454.0  -1.0  -1.0
0.0253  0.0200  0.0300  13131.4  -1.0  -1.0
0.0352  0.0300  0.0400  15874.8  -1.0  -1.0
0.0453  0.0400  0.0500  13198.6  -1.0  -1.0
0.0554  0.0500  0.0600  10594.7  -1.0  -1.0
0.0654  0.0600  0.0700   8990.8  -1.0  -1.0
0.0750  0.0700  0.0800   7398.2  -1.0  -1.0
0.0848  0.0800  0.0900   6365.2  -1.0  -1.0
0.0949  0.0900  0.1000   5549.7  -1.0  -1.0
0.1050  0.1000  0.1100   5298.2  -1.0  -1.0
0.1150  0.1100  0.1200   3446.8  -1.0  -1.0
0.1251  0.1200  0.1300   4259.1  -1.0  -1.0
0.1355  0.1300  0.1400   3447.8  -1.0  -1.0
0.1452  0.1400  0.1500   3482.0  -1.0  -1.0
0.1550  0.1500  0.1600   2772.5  -1.0  -1.0
0.1649  0.1600  0.1700   2830.5  -1.0  -1.0
0.1751  0.1700  0.1800   2552.7  -1.0  -1.0
0.1851  0.1800  0.1900   2265.7  -1.0  -1.0
0.1950  0.1900  0.2000   2129.9  -1.0  -1.0
0.2049  0.2000  0.2100   1804.1  -1.0  -1.0
0.2151  0.2100  0.2200   1652.8  -1.0  -1.0
0.2251  0.2200  0.2300   1392.1  -1.0  -1.0
0.2352  0.2300  0.2400   1506.8  -1.0  -1.0
0.2451  0.2400  0.2500   1221.6  -1.0  -1.0
0.2551  0.2500  0.2600   1228.7  -1.0  -1.0
0.2651  0.2600  0.2700   1046.8  -1.0  -1.0
0.2751  0.2700  0.2800   1096.0  -1.0  -1.0
0.2850  0.2800  0.2900    903.4  -1.0  -1.0
0.2951  0.2900  0.3000    882.0  -1.0  -1.0
0.3050  0.3000  0.3100    769.7  -1.0  -1.0
0.3151  0.3100  0.3200    824.3  -1.0  -1.0
0.3250  0.3200  0.3300    696.7  -1.0  -1.0
0.3351  0.3300  0.3400    670.0  -1.0  -1.0
0.3450  0.3400  0.3500    819.1  -1.0  -1.0
0.3551  0.3500  0.3600    601.2  -1.0  -1.0
0.3651  0.3600  0.3700    475.4  -1.0  -1.0
0.3751  0.3700  0.3800    579.0  -1.0  -1.0
0.3851  0.3800  0.3900    571.0  -1.0  -1.0
0.3951  0.3900  0.4000    496.9  -1.0  -1.0
0.4050  0.4000  0.4100    441.6  -1.0  -1.0
0.4151  0.4100  0.4200    568.9  -1.0  -1.0
0.4250  0.4200  0.4300    451.8  -1.0  -1.0
0.4350  0.4300  0.4400    531.7  -1.0  -1.0
0.4451  0.4400  0.4500    423.4  -1.0  -1.0
0.4552  0.4500  0.4600    384.2  -1.0  -1.0
0.4650  0.4600  0.4700    360.8  -1.0  -1.0
0.4751  0.4700  0.4800    349.4  -1.0  -1.0
0.4850  0.4800  0.4900    435.3  -1.0  -1.0
0.4950  0.4900  0.5000    440.1  -1.0  -1.0
# WiggleZ jan11 P(k): 22-hr region, 0.5 < z < 0.7
# k / hMpc^-1, klo, khi, P(k) / h^-3Mpc^3, -1.0, -1.0
0.0000  0.0000  0.0100     -1.0  -1.0  -1.0
0.0139  0.0100  0.0200    151.7  -1.0  -1.0
0.0253  0.0200  0.0300  17138.4  -1.0  -1.0
0.0336  0.0300  0.0400   9611.3  -1.0  -1.0
0.0456  0.0400  0.0500   8602.9  -1.0  -1.0
0.0553  0.0500  0.0600   8019.0  -1.0  -1.0
0.0650  0.0600  0.0700   8114.2  -1.0  -1.0
0.0747  0.0700  0.0800   6175.1  -1.0  -1.0
0.0853  0.0800  0.0900   7089.3  -1.0  -1.0
0.0946  0.0900  0.1000   4743.8  -1.0  -1.0
0.1052  0.1000  0.1100   4484.2  -1.0  -1.0
0.1151  0.1100  0.1200   4467.7  -1.0  -1.0
0.1253  0.1200  0.1300   3530.2  -1.0  -1.0
0.1351  0.1300  0.1400   3221.1  -1.0  -1.0
0.1451  0.1400  0.1500   2782.5  -1.0  -1.0
0.1546  0.1500  0.1600   2732.8  -1.0  -1.0
0.1653  0.1600  0.1700   2311.7  -1.0  -1.0
0.1752  0.1700  0.1800   2467.9  -1.0  -1.0
0.1854  0.1800  0.1900   1953.6  -1.0  -1.0
0.1951  0.1900  0.2000   2316.1  -1.0  -1.0
0.2054  0.2000  0.2100   1860.3  -1.0  -1.0
0.2149  0.2100  0.2200   1571.4  -1.0  -1.0
0.2249  0.2200  0.2300   1780.7  -1.0  -1.0
0.2351  0.2300  0.2400   1361.0  -1.0  -1.0
0.2448  0.2400  0.2500   1264.3  -1.0  -1.0
0.2548  0.2500  0.2600   1167.6  -1.0  -1.0
0.2652  0.2600  0.2700   1133.9  -1.0  -1.0
0.2752  0.2700  0.2800   1032.9  -1.0  -1.0
0.2850  0.2800  0.2900   1001.9  -1.0  -1.0
0.2950  0.2900  0.3000    946.7  -1.0  -1.0
0.3049  0.3000  0.3100    934.3  -1.0  -1.0
0.3150  0.3100  0.3200   1029.8  -1.0  -1.0
0.3251  0.3200  0.3300    852.2  -1.0  -1.0
0.3352  0.3300  0.3400    866.3  -1.0  -1.0
0.3450  0.3400  0.3500    632.1  -1.0  -1.0
0.3552  0.3500  0.3600    524.6  -1.0  -1.0
0.3651  0.3600  0.3700    603.5  -1.0  -1.0
0.3751  0.3700  0.3800    681.1  -1.0  -1.0
0.3851  0.3800  0.3900    564.8  -1.0  -1.0
0.3951  0.3900  0.4000    574.5  -1.0  -1.0
0.4050  0.4000  0.4100    496.0  -1.0  -1.0
0.4152  0.4100  0.4200    463.3  -1.0  -1.0
0.4251  0.4200  0.4300    343.5  -1.0  -1.0
0.4350  0.4300  0.4400    452.1  -1.0  -1.0
0.4450  0.4400  0.4500    383.6  -1.0  -1.0
0.4551  0.4500  0.4600    327.5  -1.0  -1.0
0.4650  0.4600  0.4700    516.4  -1.0  -1.0
0.4751  0.4700  0.4800    366.2  -1.0  -1.0
0.4851  0.4800  0.4900    345.0  -1.0  -1.0
0.4950  0.4900  0.5000    415.5  -1.0  -1.0
# WiggleZ jan11 P(k):  1-hr region, 0.5 < z < 0.7
# k / hMpc^-1, klo, khi, P(k) / h^-3Mpc^3, -1.0, -1.0
0.0000  0.0000  0.0100     -1.0  -1.0  -1.0
0.0140  0.0100  0.0200  -3337.6  -1.0  -1.0
0.0267  0.0200  0.0300    693.8  -1.0  -1.0
0.0368  0.0300  0.0400   6618.3  -1.0  -1.0
0.0465  0.0400  0.0500   9670.8  -1.0  -1.0
0.0550  0.0500  0.0600   5679.9  -1.0  -1.0
0.0645  0.0600  0.0700  14959.9  -1.0  -1.0
0.0755  0.0700  0.0800   6683.6  -1.0  -1.0
0.0855  0.0800  0.0900   5442.6  -1.0  -1.0
0.0950  0.0900  0.1000   6194.8  -1.0  -1.0
0.1047  0.1000  0.1100   4242.9  -1.0  -1.0
0.1146  0.1100  0.1200   4355.6  -1.0  -1.0
0.1249  0.1200  0.1300   3407.7  -1.0  -1.0
0.1351  0.1300  0.1400   2817.8  -1.0  -1.0
0.1453  0.1400  0.1500   3379.3  -1.0  -1.0
0.1551  0.1500  0.1600   2860.7  -1.0  -1.0
0.1653  0.1600  0.1700   2721.8  -1.0  -1.0
0.1746  0.1700  0.1800   1714.7  -1.0  -1.0
0.1847  0.1800  0.1900   1417.3  -1.0  -1.0
0.1952  0.1900  0.2000   1568.0  -1.0  -1.0
0.2050  0.2000  0.2100   1627.9  -1.0  -1.0
0.2152  0.2100  0.2200   1254.7  -1.0  -1.0
0.2251  0.2200  0.2300   1621.9  -1.0  -1.0
0.2352  0.2300  0.2400   1100.0  -1.0  -1.0
0.2449  0.2400  0.2500   1293.2  -1.0  -1.0
0.2552  0.2500  0.2600   1294.1  -1.0  -1.0
0.2653  0.2600  0.2700    801.9  -1.0  -1.0
0.2753  0.2700  0.2800   1014.7  -1.0  -1.0
0.2852  0.2800  0.2900    721.9  -1.0  -1.0
0.2948  0.2900  0.3000    865.5  -1.0  -1.0
0.3051  0.3000  0.3100   1003.4  -1.0  -1.0
0.3150  0.3100  0.3200    694.2  -1.0  -1.0
0.3252  0.3200  0.3300    749.3  -1.0  -1.0
0.3350  0.3300  0.3400    762.7  -1.0  -1.0
0.3448  0.3400  0.3500    328.4  -1.0  -1.0
0.3550  0.3500  0.3600    536.2  -1.0  -1.0
0.3650  0.3600  0.3700    522.7  -1.0  -1.0
0.3752  0.3700  0.3800    684.3  -1.0  -1.0
0.3850  0.3800  0.3900    396.7  -1.0  -1.0
0.3952  0.3900  0.4000    464.3  -1.0  -1.0
0.4050  0.4000  0.4100    581.8  -1.0  -1.0
0.4151  0.4100  0.4200    540.8  -1.0  -1.0
0.4250  0.4200  0.4300    461.2  -1.0  -1.0
0.4349  0.4300  0.4400    441.9  -1.0  -1.0
0.4451  0.4400  0.4500    460.3  -1.0  -1.0
0.4550  0.4500  0.4600    276.9  -1.0  -1.0
0.4653  0.4600  0.4700    480.6  -1.0  -1.0
0.4752  0.4700  0.4800    410.6  -1.0  -1.0
0.4851  0.4800  0.4900    328.8  -1.0  -1.0
0.4950  0.4900  0.5000    269.6  -1.0  -1.0
# WiggleZ jan11 P(k):  3-hr region, 0.5 < z < 0.7
# k / hMpc^-1, klo, khi, P(k) / h^-3Mpc^3, -1.0, -1.0
0.0000  0.0000  0.0100     -1.0  -1.0  -1.0
0.0139  0.0100  0.0200    284.7  -1.0  -1.0
0.0256  0.0200  0.0300  13936.5  -1.0  -1.0
0.0347  0.0300  0.0400  16803.3  -1.0  -1.0
0.0454  0.0400  0.0500  17234.2  -1.0  -1.0
0.0539  0.0500  0.0600   8330.4  -1.0  -1.0
0.0652  0.0600  0.0700   9999.6  -1.0  -1.0
0.0744  0.0700  0.0800   9543.0  -1.0  -1.0
0.0849  0.0800  0.0900   5302.4  -1.0  -1.0
0.0955  0.0900  0.1000   6505.4  -1.0  -1.0
0.1051  0.1000  0.1100   2977.1  -1.0  -1.0
0.1153  0.1100  0.1200   4697.2  -1.0  -1.0
0.1248  0.1200  0.1300   2611.1  -1.0  -1.0
0.1351  0.1300  0.1400   3370.7  -1.0  -1.0
0.1450  0.1400  0.1500   3384.6  -1.0  -1.0
0.1550  0.1500  0.1600   3169.7  -1.0  -1.0
0.1651  0.1600  0.1700   2826.4  -1.0  -1.0
0.1752  0.1700  0.1800   1814.6  -1.0  -1.0
0.1848  0.1800  0.1900   2074.2  -1.0  -1.0
0.1949  0.1900  0.2000   1576.3  -1.0  -1.0
0.2051  0.2000  0.2100   1883.1  -1.0  -1.0
0.2149  0.2100  0.2200   1664.3  -1.0  -1.0
0.2253  0.2200  0.2300   1340.4  -1.0  -1.0
0.2350  0.2300  0.2400   1378.0  -1.0  -1.0
0.2449  0.2400  0.2500   1637.4  -1.0  -1.0
0.2551  0.2500  0.2600   1479.1  -1.0  -1.0
0.2650  0.2600  0.2700   1148.8  -1.0  -1.0
0.2751  0.2700  0.2800   1288.9  -1.0  -1.0
0.2852  0.2800  0.2900   1114.2  -1.0  -1.0
0.2953  0.2900  0.3000    638.9  -1.0  -1.0
0.3053  0.3000  0.3100    739.2  -1.0  -1.0
0.3150  0.3100  0.3200    684.1  -1.0  -1.0
0.3250  0.3200  0.3300    741.5  -1.0  -1.0
0.3352  0.3300  0.3400    877.7  -1.0  -1.0
0.3451  0.3400  0.3500    783.8  -1.0  -1.0
0.3551  0.3500  0.3600    529.5  -1.0  -1.0
0.3652  0.3600  0.3700    553.1  -1.0  -1.0
0.3752  0.3700  0.3800    904.8  -1.0  -1.0
0.3851  0.3800  0.3900    622.6  -1.0  -1.0
0.3950  0.3900  0.4000    567.4  -1.0  -1.0
0.4051  0.4000  0.4100    654.7  -1.0  -1.0
0.4151  0.4100  0.4200    548.7  -1.0  -1.0
0.4249  0.4200  0.4300    453.7  -1.0  -1.0
0.4350  0.4300  0.4400    459.2  -1.0  -1.0
0.4450  0.4400  0.4500    492.1  -1.0  -1.0
0.4549  0.4500  0.4600    399.6  -1.0  -1.0
0.4651  0.4600  0.4700    483.3  -1.0  -1.0
0.4751  0.4700  0.4800    487.3  -1.0  -1.0
0.4851  0.4800  0.4900    324.9  -1.0  -1.0
0.4951  0.4900  0.5000    394.1  -1.0  -1.0
# WiggleZ jan11 P(k):  0-hr region, 0.5 < z < 0.7
# k / hMpc^-1, klo, khi, P(k) / h^-3Mpc^3, -1.0, -1.0
0.0000  0.0000  0.0100     -1.0  -1.0  -1.0
0.0140  0.0100  0.0200  -2814.5  -1.0  -1.0
0.0271  0.0200  0.0300  16795.1  -1.0  -1.0
0.0372  0.0300  0.0400  11379.4  -1.0  -1.0
0.0459  0.0400  0.0500   8442.3  -1.0  -1.0
0.0560  0.0500  0.0600   8636.8  -1.0  -1.0
0.0653  0.0600  0.0700   5061.3  -1.0  -1.0
0.0762  0.0700  0.0800   9670.2  -1.0  -1.0
0.0854  0.0800  0.0900   6645.5  -1.0  -1.0
0.0950  0.0900  0.1000   5541.5  -1.0  -1.0
0.1043  0.1000  0.1100   5325.2  -1.0  -1.0
0.1151  0.1100  0.1200   3661.6  -1.0  -1.0
0.1251  0.1200  0.1300   3301.1  -1.0  -1.0
0.1351  0.1300  0.1400   2480.3  -1.0  -1.0
0.1457  0.1400  0.1500   3770.7  -1.0  -1.0
0.1551  0.1500  0.1600   3166.8  -1.0  -1.0
0.1655  0.1600  0.1700   2673.6  -1.0  -1.0
0.1752  0.1700  0.1800   2669.1  -1.0  -1.0
0.1852  0.1800  0.1900   1590.9  -1.0  -1.0
0.1948  0.1900  0.2000   1796.4  -1.0  -1.0
0.2051  0.2000  0.2100   1249.0  -1.0  -1.0
0.2152  0.2100  0.2200   1207.0  -1.0  -1.0
0.2249  0.2200  0.2300   1484.1  -1.0  -1.0
0.2349  0.2300  0.2400   1432.3  -1.0  -1.0
0.2447  0.2400  0.2500    697.9  -1.0  -1.0
0.2549  0.2500  0.2600    996.5  -1.0  -1.0
0.2648  0.2600  0.2700    498.1  -1.0  -1.0
0.2752  0.2700  0.2800   1364.7  -1.0  -1.0
0.2850  0.2800  0.2900    897.9  -1.0  -1.0
0.2950  0.2900  0.3000    854.8  -1.0  -1.0
0.3050  0.3000  0.3100    855.0  -1.0  -1.0
0.3150  0.3100  0.3200   1130.3  -1.0  -1.0
0.3251  0.3200  0.3300    567.6  -1.0  -1.0
0.3349  0.3300  0.3400    567.8  -1.0  -1.0
0.3451  0.3400  0.3500    340.9  -1.0  -1.0
0.3550  0.3500  0.3600    501.2  -1.0  -1.0
0.3650  0.3600  0.3700    565.8  -1.0  -1.0
0.3749  0.3700  0.3800    604.9  -1.0  -1.0
0.3849  0.3800  0.3900    525.4  -1.0  -1.0
0.3949  0.3900  0.4000    644.7  -1.0  -1.0
0.4053  0.4000  0.4100    440.5  -1.0  -1.0
0.4150  0.4100  0.4200    790.9  -1.0  -1.0
0.4250  0.4200  0.4300    558.5  -1.0  -1.0
0.4352  0.4300  0.4400    464.4  -1.0  -1.0
0.4453  0.4400  0.4500    288.8  -1.0  -1.0
0.4553  0.4500  0.4600    365.3  -1.0  -1.0
0.4652  0.4600  0.4700    358.9  -1.0  -1.0
0.4751  0.4700  0.4800    303.4  -1.0  -1.0
0.4848  0.4800  0.4900    438.1  -1.0  -1.0
0.4951  0.4900  0.5000    393.4  -1.0  -1.0
