# WiggleZ jan11 P(k):  9-hr region, 0.1 < z < 0.3          
# k / hMpc^-1, klo, khi, P(k) / h^-3Mpc^3, -1.0, -1.0
0.0000  0.0000  0.0100     -1.0  -1.0  -1.0
0.0114  0.0100  0.0200  -2264.7  -1.0  -1.0
0.0256  0.0200  0.0300   3952.3  -1.0  -1.0
0.0336  0.0300  0.0400   8199.4  -1.0  -1.0
0.0463  0.0400  0.0500   3314.5  -1.0  -1.0
0.0564  0.0500  0.0600   6108.1  -1.0  -1.0
0.0646  0.0600  0.0700   3233.0  -1.0  -1.0
0.0751  0.0700  0.0800   6801.6  -1.0  -1.0
0.0852  0.0800  0.0900   3614.7  -1.0  -1.0
0.0965  0.0900  0.1000   3389.4  -1.0  -1.0
0.1053  0.1000  0.1100   4178.0  -1.0  -1.0
0.1155  0.1100  0.1200   2571.5  -1.0  -1.0
0.1260  0.1200  0.1300   2278.4  -1.0  -1.0
0.1350  0.1300  0.1400   2603.5  -1.0  -1.0
0.1454  0.1400  0.1500   1551.9  -1.0  -1.0
0.1546  0.1500  0.1600   1717.7  -1.0  -1.0
0.1653  0.1600  0.1700   2080.1  -1.0  -1.0
0.1751  0.1700  0.1800   2184.1  -1.0  -1.0
0.1853  0.1800  0.1900   1181.3  -1.0  -1.0
0.1954  0.1900  0.2000   1235.9  -1.0  -1.0
0.2047  0.2000  0.2100   1037.9  -1.0  -1.0
0.2148  0.2100  0.2200    682.7  -1.0  -1.0
0.2247  0.2200  0.2300   1573.6  -1.0  -1.0
0.2352  0.2300  0.2400   1180.1  -1.0  -1.0
0.2452  0.2400  0.2500   1154.7  -1.0  -1.0
0.2552  0.2500  0.2600   1154.2  -1.0  -1.0
0.2650  0.2600  0.2700    941.2  -1.0  -1.0
0.2753  0.2700  0.2800    983.7  -1.0  -1.0
0.2853  0.2800  0.2900    742.5  -1.0  -1.0
0.2948  0.2900  0.3000    985.0  -1.0  -1.0
0.3050  0.3000  0.3100    496.9  -1.0  -1.0
0.3152  0.3100  0.3200    382.9  -1.0  -1.0
0.3252  0.3200  0.3300    634.3  -1.0  -1.0
0.3348  0.3300  0.3400    609.7  -1.0  -1.0
0.3450  0.3400  0.3500    402.9  -1.0  -1.0
0.3549  0.3500  0.3600    695.3  -1.0  -1.0
0.3651  0.3600  0.3700    508.8  -1.0  -1.0
0.3751  0.3700  0.3800    665.8  -1.0  -1.0
0.3851  0.3800  0.3900    455.1  -1.0  -1.0
0.3950  0.3900  0.4000    388.2  -1.0  -1.0
0.4047  0.4000  0.4100    333.6  -1.0  -1.0
0.4149  0.4100  0.4200    402.3  -1.0  -1.0
0.4251  0.4200  0.4300    323.8  -1.0  -1.0
0.4352  0.4300  0.4400    303.3  -1.0  -1.0
0.4450  0.4400  0.4500    274.7  -1.0  -1.0
0.4552  0.4500  0.4600    240.3  -1.0  -1.0
0.4653  0.4600  0.4700    325.5  -1.0  -1.0
0.4750  0.4700  0.4800    254.9  -1.0  -1.0
0.4851  0.4800  0.4900    320.0  -1.0  -1.0
0.4949  0.4900  0.5000    176.2  -1.0  -1.0
# WiggleZ jan11 P(k): 11-hr region, 0.1 < z < 0.3          
# k / hMpc^-1, klo, khi, P(k) / h^-3Mpc^3, -1.0, -1.0
0.0000  0.0000  0.0100     -1.0  -1.0  -1.0
0.0114  0.0100  0.0200   8107.0  -1.0  -1.0
0.0238  0.0200  0.0300   3362.3  -1.0  -1.0
0.0326  0.0300  0.0400  10834.2  -1.0  -1.0
0.0451  0.0400  0.0500   3085.6  -1.0  -1.0
0.0537  0.0500  0.0600   4006.5  -1.0  -1.0
0.0656  0.0600  0.0700   6111.7  -1.0  -1.0
0.0748  0.0700  0.0800   5427.4  -1.0  -1.0
0.0846  0.0800  0.0900   4167.6  -1.0  -1.0
0.0948  0.0900  0.1000   4169.0  -1.0  -1.0
0.1040  0.1000  0.1100   1986.0  -1.0  -1.0
0.1145  0.1100  0.1200   2849.0  -1.0  -1.0
0.1246  0.1200  0.1300   2080.9  -1.0  -1.0
0.1351  0.1300  0.1400   1682.0  -1.0  -1.0
0.1452  0.1400  0.1500   1944.3  -1.0  -1.0
0.1548  0.1500  0.1600   1950.4  -1.0  -1.0
0.1650  0.1600  0.1700   1511.1  -1.0  -1.0
0.1756  0.1700  0.1800   1265.7  -1.0  -1.0
0.1855  0.1800  0.1900   1172.8  -1.0  -1.0
0.1954  0.1900  0.2000    705.0  -1.0  -1.0
0.2056  0.2000  0.2100    705.3  -1.0  -1.0
0.2148  0.2100  0.2200    831.0  -1.0  -1.0
0.2252  0.2200  0.2300    883.9  -1.0  -1.0
0.2351  0.2300  0.2400    374.2  -1.0  -1.0
0.2454  0.2400  0.2500    546.4  -1.0  -1.0
0.2551  0.2500  0.2600    545.9  -1.0  -1.0
0.2652  0.2600  0.2700    587.5  -1.0  -1.0
0.2753  0.2700  0.2800    434.6  -1.0  -1.0
0.2850  0.2800  0.2900    551.4  -1.0  -1.0
0.2950  0.2900  0.3000    532.2  -1.0  -1.0
0.3053  0.3000  0.3100    225.9  -1.0  -1.0
0.3149  0.3100  0.3200    492.1  -1.0  -1.0
0.3252  0.3200  0.3300    496.1  -1.0  -1.0
0.3352  0.3300  0.3400    457.0  -1.0  -1.0
0.3453  0.3400  0.3500    540.9  -1.0  -1.0
0.3552  0.3500  0.3600    456.4  -1.0  -1.0
0.3652  0.3600  0.3700    477.1  -1.0  -1.0
0.3750  0.3700  0.3800    437.0  -1.0  -1.0
0.3852  0.3800  0.3900    314.8  -1.0  -1.0
0.3949  0.3900  0.4000    321.0  -1.0  -1.0
0.4052  0.4000  0.4100    324.8  -1.0  -1.0
0.4152  0.4100  0.4200    241.4  -1.0  -1.0
0.4253  0.4200  0.4300    229.2  -1.0  -1.0
0.4351  0.4300  0.4400    224.5  -1.0  -1.0
0.4451  0.4400  0.4500    322.3  -1.0  -1.0
0.4551  0.4500  0.4600    252.6  -1.0  -1.0
0.4653  0.4600  0.4700    278.5  -1.0  -1.0
0.4750  0.4700  0.4800    259.6  -1.0  -1.0
0.4852  0.4800  0.4900    227.5  -1.0  -1.0
0.4951  0.4900  0.5000    199.7  -1.0  -1.0
# WiggleZ jan11 P(k): 15-hr region, 0.1 < z < 0.3          
# k / hMpc^-1, klo, khi, P(k) / h^-3Mpc^3, -1.0, -1.0
0.0000  0.0000  0.0100     -1.0  -1.0  -1.0
0.0113  0.0100  0.0200   1556.1  -1.0  -1.0
0.0231  0.0200  0.0300   9170.0  -1.0  -1.0
0.0321  0.0300  0.0400  11834.0  -1.0  -1.0
0.0455  0.0400  0.0500   5876.5  -1.0  -1.0
0.0549  0.0500  0.0600   7715.0  -1.0  -1.0
0.0643  0.0600  0.0700   4259.6  -1.0  -1.0
0.0755  0.0700  0.0800   6682.8  -1.0  -1.0
0.0855  0.0800  0.0900   3339.3  -1.0  -1.0
0.0951  0.0900  0.1000   3368.6  -1.0  -1.0
0.1053  0.1000  0.1100   4309.7  -1.0  -1.0
0.1153  0.1100  0.1200   4275.2  -1.0  -1.0
0.1254  0.1200  0.1300   4601.4  -1.0  -1.0
0.1354  0.1300  0.1400   3274.4  -1.0  -1.0
0.1449  0.1400  0.1500   2247.3  -1.0  -1.0
0.1547  0.1500  0.1600   1629.2  -1.0  -1.0
0.1653  0.1600  0.1700   2288.1  -1.0  -1.0
0.1749  0.1700  0.1800   1556.2  -1.0  -1.0
0.1847  0.1800  0.1900   2251.0  -1.0  -1.0
0.1951  0.1900  0.2000   1375.0  -1.0  -1.0
0.2051  0.2000  0.2100    695.5  -1.0  -1.0
0.2149  0.2100  0.2200   1520.9  -1.0  -1.0
0.2251  0.2200  0.2300   1373.7  -1.0  -1.0
0.2353  0.2300  0.2400   1100.0  -1.0  -1.0
0.2452  0.2400  0.2500    894.6  -1.0  -1.0
0.2551  0.2500  0.2600   1135.7  -1.0  -1.0
0.2649  0.2600  0.2700   1103.0  -1.0  -1.0
0.2746  0.2700  0.2800    733.7  -1.0  -1.0
0.2850  0.2800  0.2900    610.6  -1.0  -1.0
0.2952  0.2900  0.3000    736.1  -1.0  -1.0
0.3050  0.3000  0.3100    660.4  -1.0  -1.0
0.3150  0.3100  0.3200    628.2  -1.0  -1.0
0.3250  0.3200  0.3300    696.3  -1.0  -1.0
0.3349  0.3300  0.3400    511.3  -1.0  -1.0
0.3449  0.3400  0.3500    491.2  -1.0  -1.0
0.3548  0.3500  0.3600    212.1  -1.0  -1.0
0.3649  0.3600  0.3700    552.7  -1.0  -1.0
0.3751  0.3700  0.3800    396.9  -1.0  -1.0
0.3850  0.3800  0.3900    286.4  -1.0  -1.0
0.3950  0.3900  0.4000    364.3  -1.0  -1.0
0.4051  0.4000  0.4100    286.2  -1.0  -1.0
0.4152  0.4100  0.4200    212.6  -1.0  -1.0
0.4250  0.4200  0.4300    264.1  -1.0  -1.0
0.4350  0.4300  0.4400    202.6  -1.0  -1.0
0.4450  0.4400  0.4500    280.0  -1.0  -1.0
0.4549  0.4500  0.4600    432.2  -1.0  -1.0
0.4650  0.4600  0.4700    208.6  -1.0  -1.0
0.4750  0.4700  0.4800    197.4  -1.0  -1.0
0.4849  0.4800  0.4900    274.5  -1.0  -1.0
0.4951  0.4900  0.5000    179.1  -1.0  -1.0
# WiggleZ jan11 P(k): 22-hr region, 0.1 < z < 0.3          
# k / hMpc^-1, klo, khi, P(k) / h^-3Mpc^3, -1.0, -1.0
0.0000  0.0000  0.0100     -1.0  -1.0  -1.0
0.0114  0.0100  0.0200   2019.1  -1.0  -1.0
0.0228  0.0200  0.0300  18318.3  -1.0  -1.0
0.0343  0.0300  0.0400  26189.3  -1.0  -1.0
0.0466  0.0400  0.0500   9987.3  -1.0  -1.0
0.0560  0.0500  0.0600   6655.9  -1.0  -1.0
0.0642  0.0600  0.0700   8617.0  -1.0  -1.0
0.0739  0.0700  0.0800   6330.7  -1.0  -1.0
0.0852  0.0800  0.0900   6845.7  -1.0  -1.0
0.0953  0.0900  0.1000   5549.7  -1.0  -1.0
0.1037  0.1000  0.1100   5314.6  -1.0  -1.0
0.1142  0.1100  0.1200   4342.3  -1.0  -1.0
0.1247  0.1200  0.1300   3514.4  -1.0  -1.0
0.1351  0.1300  0.1400   2773.0  -1.0  -1.0
0.1440  0.1400  0.1500   2701.6  -1.0  -1.0
0.1557  0.1500  0.1600   2472.7  -1.0  -1.0
0.1648  0.1600  0.1700   2609.7  -1.0  -1.0
0.1755  0.1700  0.1800   2040.1  -1.0  -1.0
0.1852  0.1800  0.1900   1907.0  -1.0  -1.0
0.1957  0.1900  0.2000   1814.6  -1.0  -1.0
0.2049  0.2000  0.2100   1733.0  -1.0  -1.0
0.2154  0.2100  0.2200   1578.1  -1.0  -1.0
0.2248  0.2200  0.2300   1813.9  -1.0  -1.0
0.2354  0.2300  0.2400   1176.8  -1.0  -1.0
0.2451  0.2400  0.2500    943.6  -1.0  -1.0
0.2555  0.2500  0.2600    822.2  -1.0  -1.0
0.2658  0.2600  0.2700    907.3  -1.0  -1.0
0.2756  0.2700  0.2800    874.5  -1.0  -1.0
0.2847  0.2800  0.2900    795.1  -1.0  -1.0
0.2950  0.2900  0.3000    728.1  -1.0  -1.0
0.3052  0.3000  0.3100    692.7  -1.0  -1.0
0.3153  0.3100  0.3200    644.6  -1.0  -1.0
0.3250  0.3200  0.3300    515.4  -1.0  -1.0
0.3353  0.3300  0.3400    440.1  -1.0  -1.0
0.3449  0.3400  0.3500    648.4  -1.0  -1.0
0.3552  0.3500  0.3600    578.4  -1.0  -1.0
0.3650  0.3600  0.3700    472.0  -1.0  -1.0
0.3755  0.3700  0.3800    452.9  -1.0  -1.0
0.3850  0.3800  0.3900    449.4  -1.0  -1.0
0.3954  0.3900  0.4000    422.4  -1.0  -1.0
0.4052  0.4000  0.4100    433.3  -1.0  -1.0
0.4153  0.4100  0.4200    427.2  -1.0  -1.0
0.4250  0.4200  0.4300    411.2  -1.0  -1.0
0.4353  0.4300  0.4400    287.8  -1.0  -1.0
0.4449  0.4400  0.4500    305.7  -1.0  -1.0
0.4549  0.4500  0.4600    315.4  -1.0  -1.0
0.4649  0.4600  0.4700    295.1  -1.0  -1.0
0.4751  0.4700  0.4800    304.0  -1.0  -1.0
0.4853  0.4800  0.4900    318.4  -1.0  -1.0
0.4951  0.4900  0.5000    327.4  -1.0  -1.0
# WiggleZ jan11 P(k):  0-hr region, 0.1 < z < 0.3          
# k / hMpc^-1, klo, khi, P(k) / h^-3Mpc^3, -1.0, -1.0
0.0000  0.0000  0.0100     -1.0  -1.0  -1.0
0.0114  0.0100  0.0200   1641.9  -1.0  -1.0
0.0229  0.0200  0.0300   -105.2  -1.0  -1.0
0.0343  0.0300  0.0400  17765.6  -1.0  -1.0
0.0483  0.0400  0.0500   5434.0  -1.0  -1.0
0.0546  0.0500  0.0600   5012.8  -1.0  -1.0
0.0672  0.0600  0.0700   4411.0  -1.0  -1.0
0.0749  0.0700  0.0800   4367.3  -1.0  -1.0
0.0850  0.0800  0.0900   4027.0  -1.0  -1.0
0.0964  0.0900  0.1000   6318.8  -1.0  -1.0
0.1054  0.1000  0.1100   3967.4  -1.0  -1.0
0.1139  0.1100  0.1200   3110.1  -1.0  -1.0
0.1250  0.1200  0.1300   4306.8  -1.0  -1.0
0.1359  0.1300  0.1400   3695.2  -1.0  -1.0
0.1451  0.1400  0.1500   2381.4  -1.0  -1.0
0.1553  0.1500  0.1600   2525.6  -1.0  -1.0
0.1650  0.1600  0.1700   1660.6  -1.0  -1.0
0.1755  0.1700  0.1800   2011.6  -1.0  -1.0
0.1850  0.1800  0.1900   2332.5  -1.0  -1.0
0.1956  0.1900  0.2000   1725.7  -1.0  -1.0
0.2051  0.2000  0.2100   1336.2  -1.0  -1.0
0.2149  0.2100  0.2200   1413.4  -1.0  -1.0
0.2247  0.2200  0.2300   1410.3  -1.0  -1.0
0.2354  0.2300  0.2400    714.6  -1.0  -1.0
0.2455  0.2400  0.2500    708.3  -1.0  -1.0
0.2553  0.2500  0.2600    762.3  -1.0  -1.0
0.2652  0.2600  0.2700    729.5  -1.0  -1.0
0.2754  0.2700  0.2800    763.5  -1.0  -1.0
0.2852  0.2800  0.2900   1105.6  -1.0  -1.0
0.2950  0.2900  0.3000    804.3  -1.0  -1.0
0.3050  0.3000  0.3100    667.1  -1.0  -1.0
0.3149  0.3100  0.3200    736.7  -1.0  -1.0
0.3251  0.3200  0.3300    722.5  -1.0  -1.0
0.3352  0.3300  0.3400    477.1  -1.0  -1.0
0.3456  0.3400  0.3500    348.1  -1.0  -1.0
0.3547  0.3500  0.3600    343.6  -1.0  -1.0
0.3648  0.3600  0.3700    515.5  -1.0  -1.0
0.3751  0.3700  0.3800    795.5  -1.0  -1.0
0.3850  0.3800  0.3900    441.6  -1.0  -1.0
0.3952  0.3900  0.4000    296.7  -1.0  -1.0
0.4050  0.4000  0.4100    479.5  -1.0  -1.0
0.4149  0.4100  0.4200    357.6  -1.0  -1.0
0.4249  0.4200  0.4300    443.3  -1.0  -1.0
0.4352  0.4300  0.4400    251.9  -1.0  -1.0
0.4454  0.4400  0.4500    398.9  -1.0  -1.0
0.4554  0.4500  0.4600    194.9  -1.0  -1.0
0.4654  0.4600  0.4700    380.8  -1.0  -1.0
0.4751  0.4700  0.4800    434.5  -1.0  -1.0
0.4851  0.4800  0.4900    342.9  -1.0  -1.0
0.4951  0.4900  0.5000    257.7  -1.0  -1.0
# WiggleZ jan11 P(k):  1-hr region, 0.1 < z < 0.3          
# k / hMpc^-1, klo, khi, P(k) / h^-3Mpc^3, -1.0, -1.0
0.0000  0.0000  0.0100     -1.0  -1.0  -1.0
0.0114  0.0100  0.0200    158.6  -1.0  -1.0
0.0229  0.0200  0.0300   3221.2  -1.0  -1.0
0.0343  0.0300  0.0400   3848.0  -1.0  -1.0
0.0481  0.0400  0.0500   7780.0  -1.0  -1.0
0.0554  0.0500  0.0600  11083.0  -1.0  -1.0
0.0681  0.0600  0.0700   9856.5  -1.0  -1.0
0.0750  0.0700  0.0800   4850.1  -1.0  -1.0
0.0851  0.0800  0.0900   8453.9  -1.0  -1.0
0.0960  0.0900  0.1000   5896.7  -1.0  -1.0
0.1063  0.1000  0.1100   5469.6  -1.0  -1.0
0.1147  0.1100  0.1200   2624.4  -1.0  -1.0
0.1249  0.1200  0.1300   4971.7  -1.0  -1.0
0.1354  0.1300  0.1400   2558.1  -1.0  -1.0
0.1449  0.1400  0.1500   1924.1  -1.0  -1.0
0.1553  0.1500  0.1600   2846.5  -1.0  -1.0
0.1654  0.1600  0.1700   2666.2  -1.0  -1.0
0.1756  0.1700  0.1800   1686.0  -1.0  -1.0
0.1850  0.1800  0.1900   1740.3  -1.0  -1.0
0.1954  0.1900  0.2000   2431.4  -1.0  -1.0
0.2049  0.2000  0.2100   1431.3  -1.0  -1.0
0.2151  0.2100  0.2200   1319.4  -1.0  -1.0
0.2249  0.2200  0.2300   1179.6  -1.0  -1.0
0.2356  0.2300  0.2400   1953.4  -1.0  -1.0
0.2451  0.2400  0.2500   1043.2  -1.0  -1.0
0.2551  0.2500  0.2600   1152.8  -1.0  -1.0
0.2651  0.2600  0.2700   1121.8  -1.0  -1.0
0.2752  0.2700  0.2800   1126.1  -1.0  -1.0
0.2851  0.2800  0.2900   1011.7  -1.0  -1.0
0.2950  0.2900  0.3000    853.2  -1.0  -1.0
0.3050  0.3000  0.3100    953.5  -1.0  -1.0
0.3145  0.3100  0.3200    586.0  -1.0  -1.0
0.3250  0.3200  0.3300    573.5  -1.0  -1.0
0.3352  0.3300  0.3400    433.4  -1.0  -1.0
0.3457  0.3400  0.3500    674.4  -1.0  -1.0
0.3553  0.3500  0.3600    641.4  -1.0  -1.0
0.3652  0.3600  0.3700    580.7  -1.0  -1.0
0.3753  0.3700  0.3800    474.7  -1.0  -1.0
0.3849  0.3800  0.3900    514.1  -1.0  -1.0
0.3951  0.3900  0.4000    585.5  -1.0  -1.0
0.4051  0.4000  0.4100    560.9  -1.0  -1.0
0.4150  0.4100  0.4200    404.8  -1.0  -1.0
0.4251  0.4200  0.4300    223.0  -1.0  -1.0
0.4355  0.4300  0.4400    392.2  -1.0  -1.0
0.4456  0.4400  0.4500    421.7  -1.0  -1.0
0.4553  0.4500  0.4600    349.7  -1.0  -1.0
0.4650  0.4600  0.4700    214.0  -1.0  -1.0
0.4752  0.4700  0.4800    153.9  -1.0  -1.0
0.4851  0.4800  0.4900    230.5  -1.0  -1.0
0.4951  0.4900  0.5000    235.6  -1.0  -1.0
# WiggleZ jan11 P(k):  3-hr region, 0.1 < z < 0.3          
# k / hMpc^-1, klo, khi, P(k) / h^-3Mpc^3, -1.0, -1.0
0.0000  0.0000  0.0100     -1.0  -1.0  -1.0
0.0114  0.0100  0.0200   -313.0  -1.0  -1.0
0.0229  0.0200  0.0300   1889.7  -1.0  -1.0
0.0343  0.0300  0.0400   3732.1  -1.0  -1.0
0.0483  0.0400  0.0500   3036.7  -1.0  -1.0
0.0561  0.0500  0.0600   7796.6  -1.0  -1.0
0.0675  0.0600  0.0700   5498.3  -1.0  -1.0
0.0744  0.0700  0.0800   4780.7  -1.0  -1.0
0.0846  0.0800  0.0900   2133.8  -1.0  -1.0
0.0958  0.0900  0.1000   6359.4  -1.0  -1.0
0.1057  0.1000  0.1100   4293.6  -1.0  -1.0
0.1138  0.1100  0.1200   3960.5  -1.0  -1.0
0.1241  0.1200  0.1300   3995.6  -1.0  -1.0
0.1352  0.1300  0.1400   2584.0  -1.0  -1.0
0.1453  0.1400  0.1500   3138.5  -1.0  -1.0
0.1549  0.1500  0.1600   2444.5  -1.0  -1.0
0.1654  0.1600  0.1700   2372.4  -1.0  -1.0
0.1751  0.1700  0.1800   1699.0  -1.0  -1.0
0.1851  0.1800  0.1900   2131.4  -1.0  -1.0
0.1952  0.1900  0.2000   1795.8  -1.0  -1.0
0.2043  0.2000  0.2100   1507.9  -1.0  -1.0
0.2150  0.2100  0.2200   1723.7  -1.0  -1.0
0.2250  0.2200  0.2300   1543.1  -1.0  -1.0
0.2358  0.2300  0.2400    991.8  -1.0  -1.0
0.2448  0.2400  0.2500    981.1  -1.0  -1.0
0.2553  0.2500  0.2600   1193.6  -1.0  -1.0
0.2648  0.2600  0.2700    707.4  -1.0  -1.0
0.2750  0.2700  0.2800    866.5  -1.0  -1.0
0.2851  0.2800  0.2900    918.1  -1.0  -1.0
0.2951  0.2900  0.3000    799.1  -1.0  -1.0
0.3053  0.3000  0.3100    736.4  -1.0  -1.0
0.3148  0.3100  0.3200    787.0  -1.0  -1.0
0.3246  0.3200  0.3300    483.0  -1.0  -1.0
0.3354  0.3300  0.3400    850.7  -1.0  -1.0
0.3453  0.3400  0.3500    686.9  -1.0  -1.0
0.3547  0.3500  0.3600    759.1  -1.0  -1.0
0.3652  0.3600  0.3700    550.8  -1.0  -1.0
0.3753  0.3700  0.3800    493.7  -1.0  -1.0
0.3850  0.3800  0.3900    465.3  -1.0  -1.0
0.3946  0.3900  0.4000    409.0  -1.0  -1.0
0.4050  0.4000  0.4100    381.7  -1.0  -1.0
0.4149  0.4100  0.4200    428.3  -1.0  -1.0
0.4253  0.4200  0.4300    239.3  -1.0  -1.0
0.4353  0.4300  0.4400    392.1  -1.0  -1.0
0.4453  0.4400  0.4500    245.7  -1.0  -1.0
0.4551  0.4500  0.4600    337.9  -1.0  -1.0
0.4652  0.4600  0.4700    297.7  -1.0  -1.0
0.4754  0.4700  0.4800    251.8  -1.0  -1.0
0.4852  0.4800  0.4900    357.0  -1.0  -1.0
0.4952  0.4900  0.5000    221.9  -1.0  -1.0
