# WiggleZ jan11 P(k):  9-hr region, 0.3 < z < 0.5          
# k / hMpc^-1, klo, khi, P(k) / h^-3Mpc^3, -1.0, -1.0
0.0000  0.0000  0.0100     -1.0  -1.0  -1.0
0.0152  0.0100  0.0200   2935.2  -1.0  -1.0
0.0245  0.0200  0.0300  31246.0  -1.0  -1.0
0.0355  0.0300  0.0400   4058.8  -1.0  -1.0
0.0453  0.0400  0.0500   6968.9  -1.0  -1.0
0.0550  0.0500  0.0600   9883.5  -1.0  -1.0
0.0645  0.0600  0.0700   8008.7  -1.0  -1.0
0.0752  0.0700  0.0800   7944.7  -1.0  -1.0
0.0851  0.0800  0.0900   6518.3  -1.0  -1.0
0.0951  0.0900  0.1000   4281.0  -1.0  -1.0
0.1054  0.1000  0.1100   4394.7  -1.0  -1.0
0.1152  0.1100  0.1200   4291.4  -1.0  -1.0
0.1257  0.1200  0.1300   3230.2  -1.0  -1.0
0.1356  0.1300  0.1400   3129.6  -1.0  -1.0
0.1453  0.1400  0.1500   3201.1  -1.0  -1.0
0.1550  0.1500  0.1600   2311.2  -1.0  -1.0
0.1649  0.1600  0.1700   2659.4  -1.0  -1.0
0.1752  0.1700  0.1800   2259.4  -1.0  -1.0
0.1853  0.1800  0.1900   1968.7  -1.0  -1.0
0.1952  0.1900  0.2000   1649.9  -1.0  -1.0
0.2051  0.2000  0.2100   1420.8  -1.0  -1.0
0.2152  0.2100  0.2200   1470.3  -1.0  -1.0
0.2250  0.2200  0.2300   1275.4  -1.0  -1.0
0.2351  0.2300  0.2400   1620.5  -1.0  -1.0
0.2449  0.2400  0.2500   1292.8  -1.0  -1.0
0.2549  0.2500  0.2600   1328.5  -1.0  -1.0
0.2652  0.2600  0.2700   1019.9  -1.0  -1.0
0.2751  0.2700  0.2800    934.8  -1.0  -1.0
0.2851  0.2800  0.2900    630.2  -1.0  -1.0
0.2951  0.2900  0.3000    913.6  -1.0  -1.0
0.3050  0.3000  0.3100    813.6  -1.0  -1.0
0.3150  0.3100  0.3200    630.6  -1.0  -1.0
0.3253  0.3200  0.3300    639.9  -1.0  -1.0
0.3351  0.3300  0.3400    680.7  -1.0  -1.0
0.3450  0.3400  0.3500    640.5  -1.0  -1.0
0.3553  0.3500  0.3600    764.0  -1.0  -1.0
0.3651  0.3600  0.3700    492.6  -1.0  -1.0
0.3751  0.3700  0.3800    511.5  -1.0  -1.0
0.3851  0.3800  0.3900    472.1  -1.0  -1.0
0.3951  0.3900  0.4000    507.3  -1.0  -1.0
0.4049  0.4000  0.4100    296.9  -1.0  -1.0
0.4151  0.4100  0.4200    486.8  -1.0  -1.0
0.4250  0.4200  0.4300    634.3  -1.0  -1.0
0.4349  0.4300  0.4400    388.0  -1.0  -1.0
0.4451  0.4400  0.4500    396.6  -1.0  -1.0
0.4549  0.4500  0.4600    301.4  -1.0  -1.0
0.4650  0.4600  0.4700    318.7  -1.0  -1.0
0.4750  0.4700  0.4800    309.2  -1.0  -1.0
0.4850  0.4800  0.4900    401.5  -1.0  -1.0
0.4950  0.4900  0.5000    307.0  -1.0  -1.0
# WiggleZ jan11 P(k): 11-hr region, 0.3 < z < 0.5          
# k / hMpc^-1, klo, khi, P(k) / h^-3Mpc^3, -1.0, -1.0
0.0000  0.0000  0.0100     -1.0  -1.0  -1.0
0.0160  0.0100  0.0200  12109.9  -1.0  -1.0
0.0278  0.0200  0.0300  17641.9  -1.0  -1.0
0.0351  0.0300  0.0400  14256.5  -1.0  -1.0
0.0452  0.0400  0.0500   8578.3  -1.0  -1.0
0.0560  0.0500  0.0600  12040.2  -1.0  -1.0
0.0653  0.0600  0.0700   8836.2  -1.0  -1.0
0.0748  0.0700  0.0800   7438.8  -1.0  -1.0
0.0849  0.0800  0.0900   5790.5  -1.0  -1.0
0.0948  0.0900  0.1000   5881.8  -1.0  -1.0
0.1050  0.1000  0.1100   4990.1  -1.0  -1.0
0.1154  0.1100  0.1200   3288.0  -1.0  -1.0
0.1251  0.1200  0.1300   3403.0  -1.0  -1.0
0.1350  0.1300  0.1400   2683.7  -1.0  -1.0
0.1453  0.1400  0.1500   2712.4  -1.0  -1.0
0.1550  0.1500  0.1600   2719.2  -1.0  -1.0
0.1649  0.1600  0.1700   2854.2  -1.0  -1.0
0.1753  0.1700  0.1800   1452.3  -1.0  -1.0
0.1852  0.1800  0.1900   1776.2  -1.0  -1.0
0.1952  0.1900  0.2000   1538.6  -1.0  -1.0
0.2054  0.2000  0.2100   1580.7  -1.0  -1.0
0.2152  0.2100  0.2200   1614.0  -1.0  -1.0
0.2251  0.2200  0.2300   1122.6  -1.0  -1.0
0.2350  0.2300  0.2400    698.8  -1.0  -1.0
0.2449  0.2400  0.2500    704.1  -1.0  -1.0
0.2552  0.2500  0.2600    982.3  -1.0  -1.0
0.2652  0.2600  0.2700    755.2  -1.0  -1.0
0.2751  0.2700  0.2800    952.2  -1.0  -1.0
0.2851  0.2800  0.2900    668.4  -1.0  -1.0
0.2950  0.2900  0.3000    692.5  -1.0  -1.0
0.3051  0.3000  0.3100    771.0  -1.0  -1.0
0.3150  0.3100  0.3200    749.0  -1.0  -1.0
0.3251  0.3200  0.3300    635.8  -1.0  -1.0
0.3351  0.3300  0.3400    544.4  -1.0  -1.0
0.3450  0.3400  0.3500    428.1  -1.0  -1.0
0.3551  0.3500  0.3600    508.8  -1.0  -1.0
0.3651  0.3600  0.3700    610.9  -1.0  -1.0
0.3750  0.3700  0.3800    429.1  -1.0  -1.0
0.3850  0.3800  0.3900    586.8  -1.0  -1.0
0.3950  0.3900  0.4000    501.4  -1.0  -1.0
0.4051  0.4000  0.4100    376.1  -1.0  -1.0
0.4150  0.4100  0.4200    525.3  -1.0  -1.0
0.4250  0.4200  0.4300    497.9  -1.0  -1.0
0.4352  0.4300  0.4400    325.6  -1.0  -1.0
0.4451  0.4400  0.4500    422.7  -1.0  -1.0
0.4550  0.4500  0.4600    376.1  -1.0  -1.0
0.4650  0.4600  0.4700    393.6  -1.0  -1.0
0.4749  0.4700  0.4800    341.7  -1.0  -1.0
0.4850  0.4800  0.4900    282.2  -1.0  -1.0
0.4952  0.4900  0.5000    260.3  -1.0  -1.0
# WiggleZ jan11 P(k): 15-hr region, 0.3 < z < 0.5          
# k / hMpc^-1, klo, khi, P(k) / h^-3Mpc^3, -1.0, -1.0
0.0000  0.0000  0.0100     -1.0  -1.0  -1.0
0.0155  0.0100  0.0200   3179.6  -1.0  -1.0
0.0282  0.0200  0.0300  13365.3  -1.0  -1.0
0.0370  0.0300  0.0400  17167.2  -1.0  -1.0
0.0464  0.0400  0.0500   6957.2  -1.0  -1.0
0.0559  0.0500  0.0600   9227.1  -1.0  -1.0
0.0650  0.0600  0.0700   5605.9  -1.0  -1.0
0.0751  0.0700  0.0800   9059.7  -1.0  -1.0
0.0851  0.0800  0.0900   6420.8  -1.0  -1.0
0.0952  0.0900  0.1000   4875.1  -1.0  -1.0
0.1054  0.1000  0.1100   4489.0  -1.0  -1.0
0.1149  0.1100  0.1200   3542.3  -1.0  -1.0
0.1251  0.1200  0.1300   2590.7  -1.0  -1.0
0.1355  0.1300  0.1400   2914.2  -1.0  -1.0
0.1454  0.1400  0.1500   2447.8  -1.0  -1.0
0.1553  0.1500  0.1600   2104.6  -1.0  -1.0
0.1649  0.1600  0.1700   2113.1  -1.0  -1.0
0.1747  0.1700  0.1800   1735.8  -1.0  -1.0
0.1850  0.1800  0.1900   2093.3  -1.0  -1.0
0.1949  0.1900  0.2000   1680.2  -1.0  -1.0
0.2052  0.2000  0.2100   2023.0  -1.0  -1.0
0.2153  0.2100  0.2200   1253.8  -1.0  -1.0
0.2252  0.2200  0.2300   1162.4  -1.0  -1.0
0.2351  0.2300  0.2400   1411.8  -1.0  -1.0
0.2450  0.2400  0.2500   1142.0  -1.0  -1.0
0.2551  0.2500  0.2600   1087.6  -1.0  -1.0
0.2652  0.2600  0.2700   1164.0  -1.0  -1.0
0.2750  0.2700  0.2800    914.9  -1.0  -1.0
0.2850  0.2800  0.2900   1005.5  -1.0  -1.0
0.2949  0.2900  0.3000    609.8  -1.0  -1.0
0.3050  0.3000  0.3100    528.7  -1.0  -1.0
0.3151  0.3100  0.3200    775.1  -1.0  -1.0
0.3251  0.3200  0.3300    681.0  -1.0  -1.0
0.3352  0.3300  0.3400    649.8  -1.0  -1.0
0.3452  0.3400  0.3500    609.3  -1.0  -1.0
0.3549  0.3500  0.3600    544.1  -1.0  -1.0
0.3650  0.3600  0.3700    582.0  -1.0  -1.0
0.3751  0.3700  0.3800    550.7  -1.0  -1.0
0.3850  0.3800  0.3900    643.4  -1.0  -1.0
0.3951  0.3900  0.4000    540.9  -1.0  -1.0
0.4051  0.4000  0.4100    407.9  -1.0  -1.0
0.4150  0.4100  0.4200    507.9  -1.0  -1.0
0.4250  0.4200  0.4300    394.6  -1.0  -1.0
0.4350  0.4300  0.4400    347.3  -1.0  -1.0
0.4452  0.4400  0.4500    352.8  -1.0  -1.0
0.4551  0.4500  0.4600    373.1  -1.0  -1.0
0.4650  0.4600  0.4700    303.5  -1.0  -1.0
0.4749  0.4700  0.4800    229.0  -1.0  -1.0
0.4849  0.4800  0.4900    254.7  -1.0  -1.0
0.4950  0.4900  0.5000    322.1  -1.0  -1.0
# WiggleZ jan11 P(k): 22-hr region, 0.3 < z < 0.5          
# k / hMpc^-1, klo, khi, P(k) / h^-3Mpc^3, -1.0, -1.0
0.0000  0.0000  0.0100     -1.0  -1.0  -1.0
0.0126  0.0100  0.0200  -1425.9  -1.0  -1.0
0.0268  0.0200  0.0300  16302.1  -1.0  -1.0
0.0352  0.0300  0.0400  11099.0  -1.0  -1.0
0.0448  0.0400  0.0500  11038.0  -1.0  -1.0
0.0556  0.0500  0.0600  16041.7  -1.0  -1.0
0.0646  0.0600  0.0700   7234.6  -1.0  -1.0
0.0761  0.0700  0.0800   6133.1  -1.0  -1.0
0.0857  0.0800  0.0900   5750.4  -1.0  -1.0
0.0946  0.0900  0.1000   7007.7  -1.0  -1.0
0.1044  0.1000  0.1100   3886.5  -1.0  -1.0
0.1157  0.1100  0.1200   4904.6  -1.0  -1.0
0.1254  0.1200  0.1300   2922.5  -1.0  -1.0
0.1359  0.1300  0.1400   3206.4  -1.0  -1.0
0.1443  0.1400  0.1500   2611.2  -1.0  -1.0
0.1542  0.1500  0.1600   2399.1  -1.0  -1.0
0.1649  0.1600  0.1700   2314.2  -1.0  -1.0
0.1754  0.1700  0.1800   2197.6  -1.0  -1.0
0.1852  0.1800  0.1900   1848.0  -1.0  -1.0
0.1955  0.1900  0.2000   2032.8  -1.0  -1.0
0.2047  0.2000  0.2100   1463.4  -1.0  -1.0
0.2150  0.2100  0.2200   1516.1  -1.0  -1.0
0.2250  0.2200  0.2300   1495.9  -1.0  -1.0
0.2351  0.2300  0.2400   1620.6  -1.0  -1.0
0.2450  0.2400  0.2500   1239.8  -1.0  -1.0
0.2551  0.2500  0.2600   1259.7  -1.0  -1.0
0.2650  0.2600  0.2700   1074.8  -1.0  -1.0
0.2754  0.2700  0.2800   1112.2  -1.0  -1.0
0.2850  0.2800  0.2900    892.3  -1.0  -1.0
0.2950  0.2900  0.3000    769.2  -1.0  -1.0
0.3050  0.3000  0.3100    950.1  -1.0  -1.0
0.3150  0.3100  0.3200    920.5  -1.0  -1.0
0.3249  0.3200  0.3300    662.7  -1.0  -1.0
0.3352  0.3300  0.3400    852.2  -1.0  -1.0
0.3451  0.3400  0.3500    764.8  -1.0  -1.0
0.3551  0.3500  0.3600    639.4  -1.0  -1.0
0.3648  0.3600  0.3700    582.5  -1.0  -1.0
0.3749  0.3700  0.3800    474.2  -1.0  -1.0
0.3850  0.3800  0.3900    541.4  -1.0  -1.0
0.3949  0.3900  0.4000    473.4  -1.0  -1.0
0.4049  0.4000  0.4100    419.6  -1.0  -1.0
0.4151  0.4100  0.4200    438.3  -1.0  -1.0
0.4249  0.4200  0.4300    408.9  -1.0  -1.0
0.4350  0.4300  0.4400    484.9  -1.0  -1.0
0.4452  0.4400  0.4500    417.7  -1.0  -1.0
0.4551  0.4500  0.4600    359.8  -1.0  -1.0
0.4650  0.4600  0.4700    431.9  -1.0  -1.0
0.4750  0.4700  0.4800    343.8  -1.0  -1.0
0.4851  0.4800  0.4900    345.4  -1.0  -1.0
0.4952  0.4900  0.5000    387.2  -1.0  -1.0
# WiggleZ jan11 P(k):  0-hr region, 0.3 < z < 0.5          
# k / hMpc^-1, klo, khi, P(k) / h^-3Mpc^3, -1.0, -1.0
0.0000  0.0000  0.0100     -1.0  -1.0  -1.0
0.0126  0.0100  0.0200  -1778.5  -1.0  -1.0
0.0252  0.0200  0.0300  -1637.0  -1.0  -1.0
0.0345  0.0300  0.0400   8511.0  -1.0  -1.0
0.0452  0.0400  0.0500   9682.8  -1.0  -1.0
0.0551  0.0500  0.0600   6270.3  -1.0  -1.0
0.0663  0.0600  0.0700   6737.0  -1.0  -1.0
0.0745  0.0700  0.0800   6409.8  -1.0  -1.0
0.0855  0.0800  0.0900   5827.8  -1.0  -1.0
0.0953  0.0900  0.1000   6977.9  -1.0  -1.0
0.1049  0.1000  0.1100   5608.0  -1.0  -1.0
0.1141  0.1100  0.1200   4019.8  -1.0  -1.0
0.1252  0.1200  0.1300   4474.4  -1.0  -1.0
0.1350  0.1300  0.1400   3474.4  -1.0  -1.0
0.1444  0.1400  0.1500   2450.6  -1.0  -1.0
0.1553  0.1500  0.1600   3426.1  -1.0  -1.0
0.1654  0.1600  0.1700   2432.8  -1.0  -1.0
0.1756  0.1700  0.1800   1844.0  -1.0  -1.0
0.1855  0.1800  0.1900   2077.8  -1.0  -1.0
0.1954  0.1900  0.2000   1234.8  -1.0  -1.0
0.2050  0.2000  0.2100   1729.5  -1.0  -1.0
0.2153  0.2100  0.2200   2049.7  -1.0  -1.0
0.2248  0.2200  0.2300   1388.5  -1.0  -1.0
0.2350  0.2300  0.2400   1173.5  -1.0  -1.0
0.2450  0.2400  0.2500   1177.5  -1.0  -1.0
0.2551  0.2500  0.2600    825.5  -1.0  -1.0
0.2650  0.2600  0.2700   1287.3  -1.0  -1.0
0.2750  0.2700  0.2800   1148.7  -1.0  -1.0
0.2850  0.2800  0.2900   1466.2  -1.0  -1.0
0.2951  0.2900  0.3000    776.2  -1.0  -1.0
0.3055  0.3000  0.3100    799.5  -1.0  -1.0
0.3153  0.3100  0.3200    773.9  -1.0  -1.0
0.3254  0.3200  0.3300    776.0  -1.0  -1.0
0.3351  0.3300  0.3400    740.9  -1.0  -1.0
0.3451  0.3400  0.3500    913.8  -1.0  -1.0
0.3548  0.3500  0.3600    621.9  -1.0  -1.0
0.3650  0.3600  0.3700    500.8  -1.0  -1.0
0.3751  0.3700  0.3800    538.2  -1.0  -1.0
0.3850  0.3800  0.3900    571.1  -1.0  -1.0
0.3949  0.3900  0.4000    622.4  -1.0  -1.0
0.4050  0.4000  0.4100    486.4  -1.0  -1.0
0.4151  0.4100  0.4200    384.0  -1.0  -1.0
0.4250  0.4200  0.4300    456.8  -1.0  -1.0
0.4352  0.4300  0.4400    370.9  -1.0  -1.0
0.4451  0.4400  0.4500    397.2  -1.0  -1.0
0.4552  0.4500  0.4600    509.9  -1.0  -1.0
0.4650  0.4600  0.4700    455.6  -1.0  -1.0
0.4751  0.4700  0.4800    249.3  -1.0  -1.0
0.4850  0.4800  0.4900    149.8  -1.0  -1.0
0.4949  0.4900  0.5000    591.1  -1.0  -1.0
# WiggleZ jan11 P(k):  1-hr region, 0.3 < z < 0.5          
# k / hMpc^-1, klo, khi, P(k) / h^-3Mpc^3, -1.0, -1.0
0.0000  0.0000  0.0100     -1.0  -1.0  -1.0
0.0126  0.0100  0.0200   3411.4  -1.0  -1.0
0.0276  0.0200  0.0300   6075.8  -1.0  -1.0
0.0359  0.0300  0.0400   7411.0  -1.0  -1.0
0.0471  0.0400  0.0500  15069.4  -1.0  -1.0
0.0575  0.0500  0.0600   5218.3  -1.0  -1.0
0.0662  0.0600  0.0700   4095.9  -1.0  -1.0
0.0745  0.0700  0.0800   6250.6  -1.0  -1.0
0.0862  0.0800  0.0900   7381.3  -1.0  -1.0
0.0957  0.0900  0.1000   4333.2  -1.0  -1.0
0.1055  0.1000  0.1100   4791.3  -1.0  -1.0
0.1145  0.1100  0.1200   4917.5  -1.0  -1.0
0.1254  0.1200  0.1300   4263.8  -1.0  -1.0
0.1349  0.1300  0.1400   3058.6  -1.0  -1.0
0.1446  0.1400  0.1500   2953.6  -1.0  -1.0
0.1555  0.1500  0.1600   2224.2  -1.0  -1.0
0.1656  0.1600  0.1700   1992.0  -1.0  -1.0
0.1757  0.1700  0.1800   1813.0  -1.0  -1.0
0.1855  0.1800  0.1900   1610.5  -1.0  -1.0
0.1953  0.1900  0.2000   1485.3  -1.0  -1.0
0.2052  0.2000  0.2100   2016.2  -1.0  -1.0
0.2156  0.2100  0.2200   1628.1  -1.0  -1.0
0.2249  0.2200  0.2300   1494.5  -1.0  -1.0
0.2350  0.2300  0.2400   1977.1  -1.0  -1.0
0.2449  0.2400  0.2500   1247.6  -1.0  -1.0
0.2551  0.2500  0.2600   1031.4  -1.0  -1.0
0.2650  0.2600  0.2700   1003.9  -1.0  -1.0
0.2749  0.2700  0.2800    971.0  -1.0  -1.0
0.2849  0.2800  0.2900    941.4  -1.0  -1.0
0.2952  0.2900  0.3000    474.9  -1.0  -1.0
0.3054  0.3000  0.3100    183.2  -1.0  -1.0
0.3152  0.3100  0.3200    746.3  -1.0  -1.0
0.3254  0.3200  0.3300    632.0  -1.0  -1.0
0.3352  0.3300  0.3400    781.5  -1.0  -1.0
0.3452  0.3400  0.3500    778.5  -1.0  -1.0
0.3548  0.3500  0.3600    484.5  -1.0  -1.0
0.3649  0.3600  0.3700    502.1  -1.0  -1.0
0.3749  0.3700  0.3800    625.0  -1.0  -1.0
0.3850  0.3800  0.3900    721.5  -1.0  -1.0
0.3949  0.3900  0.4000    363.4  -1.0  -1.0
0.4049  0.4000  0.4100    193.8  -1.0  -1.0
0.4150  0.4100  0.4200    209.2  -1.0  -1.0
0.4249  0.4200  0.4300    416.6  -1.0  -1.0
0.4349  0.4300  0.4400    501.9  -1.0  -1.0
0.4449  0.4400  0.4500    394.1  -1.0  -1.0
0.4550  0.4500  0.4600    407.0  -1.0  -1.0
0.4650  0.4600  0.4700    481.4  -1.0  -1.0
0.4751  0.4700  0.4800    330.0  -1.0  -1.0
0.4850  0.4800  0.4900    333.1  -1.0  -1.0
0.4951  0.4900  0.5000    145.4  -1.0  -1.0
# WiggleZ jan11 P(k):  3-hr region, 0.3 < z < 0.5          
# k / hMpc^-1, klo, khi, P(k) / h^-3Mpc^3, -1.0, -1.0
0.0000  0.0000  0.0100     -1.0  -1.0  -1.0
0.0126  0.0100  0.0200    451.9  -1.0  -1.0
0.0275  0.0200  0.0300  -1949.8  -1.0  -1.0
0.0356  0.0300  0.0400  12187.8  -1.0  -1.0
0.0467  0.0400  0.0500   4112.3  -1.0  -1.0
0.0572  0.0500  0.0600  13333.9  -1.0  -1.0
0.0664  0.0600  0.0700   4126.8  -1.0  -1.0
0.0749  0.0700  0.0800   8189.9  -1.0  -1.0
0.0856  0.0800  0.0900   6538.7  -1.0  -1.0
0.0954  0.0900  0.1000   4749.1  -1.0  -1.0
0.1058  0.1000  0.1100   4762.9  -1.0  -1.0
0.1146  0.1100  0.1200   3547.3  -1.0  -1.0
0.1249  0.1200  0.1300   3265.8  -1.0  -1.0
0.1349  0.1300  0.1400   3195.5  -1.0  -1.0
0.1448  0.1400  0.1500   2893.4  -1.0  -1.0
0.1549  0.1500  0.1600   1240.6  -1.0  -1.0
0.1653  0.1600  0.1700   2033.0  -1.0  -1.0
0.1756  0.1700  0.1800   1459.5  -1.0  -1.0
0.1855  0.1800  0.1900   2089.4  -1.0  -1.0
0.1953  0.1900  0.2000   1427.8  -1.0  -1.0
0.2049  0.2000  0.2100   1412.4  -1.0  -1.0
0.2152  0.2100  0.2200   1285.4  -1.0  -1.0
0.2247  0.2200  0.2300    282.2  -1.0  -1.0
0.2349  0.2300  0.2400    704.5  -1.0  -1.0
0.2450  0.2400  0.2500   1401.8  -1.0  -1.0
0.2551  0.2500  0.2600    905.4  -1.0  -1.0
0.2649  0.2600  0.2700    590.9  -1.0  -1.0
0.2752  0.2700  0.2800    957.0  -1.0  -1.0
0.2850  0.2800  0.2900    571.8  -1.0  -1.0
0.2951  0.2900  0.3000    816.9  -1.0  -1.0
0.3051  0.3000  0.3100    929.9  -1.0  -1.0
0.3150  0.3100  0.3200    565.9  -1.0  -1.0
0.3252  0.3200  0.3300    532.2  -1.0  -1.0
0.3352  0.3300  0.3400    605.9  -1.0  -1.0
0.3448  0.3400  0.3500    414.6  -1.0  -1.0
0.3548  0.3500  0.3600    560.6  -1.0  -1.0
0.3650  0.3600  0.3700    518.3  -1.0  -1.0
0.3750  0.3700  0.3800    148.9  -1.0  -1.0
0.3853  0.3800  0.3900    399.9  -1.0  -1.0
0.3951  0.3900  0.4000    359.2  -1.0  -1.0
0.4052  0.4000  0.4100    453.6  -1.0  -1.0
0.4151  0.4100  0.4200    166.7  -1.0  -1.0
0.4251  0.4200  0.4300    227.9  -1.0  -1.0
0.4350  0.4300  0.4400    324.7  -1.0  -1.0
0.4452  0.4400  0.4500    296.0  -1.0  -1.0
0.4551  0.4500  0.4600     91.8  -1.0  -1.0
0.4651  0.4600  0.4700     98.8  -1.0  -1.0
0.4751  0.4700  0.4800    177.9  -1.0  -1.0
0.4849  0.4800  0.4900    193.9  -1.0  -1.0
0.4948  0.4900  0.5000    167.8  -1.0  -1.0
