# Recfast++ output. The columns are z, Xe=Ne/NH, Te
#
3000 1.079426259 8177.72308
2996.996997 1.079423307 8169.539895
2993.993994 1.07942025 8161.356709
2990.990991 1.079417083 8153.173524
2987.987988 1.079413802 8144.990338
2984.984985 1.079410403 8136.807152
2981.981982 1.079406882 8128.623967
2978.978979 1.079403233 8120.440781
2975.975976 1.079399453 8112.257595
2972.972973 1.079395536 8104.07441
2969.96997 1.079391477 8095.891224
2966.966967 1.079387272 8087.708038
2963.963964 1.079382913 8079.524853
2960.960961 1.079378397 8071.341667
2957.957958 1.079373716 8063.158481
2954.954955 1.079368864 8054.975296
2951.951952 1.079363836 8046.79211
2948.948949 1.079358625 8038.608924
2945.945946 1.079353223 8030.425738
2942.942943 1.079347625 8022.242553
2939.93994 1.079341821 8014.059367
2936.936937 1.079335806 8005.876181
2933.933934 1.079329571 7997.692995
2930.930931 1.079323108 7989.50981
2927.927928 1.079316408 7981.326624
2924.924925 1.079309463 7973.143438
2921.921922 1.079302264 7964.960252
2918.918919 1.079294802 7956.777067
2915.915916 1.079287067 7948.593881
2912.912913 1.07927905 7940.410695
2909.90991 1.079270739 7932.227509
2906.906907 1.079262126 7924.044323
2903.903904 1.079253198 7915.861138
2900.900901 1.079243945 7907.677952
2897.897898 1.079234355 7899.494766
2894.894895 1.079224417 7891.31158
2891.891892 1.079214119 7883.128394
2888.888889 1.079203448 7874.945208
2885.885886 1.079192392 7866.762022
2882.882883 1.079180937 7858.578837
2879.87988 1.07916907 7850.395651
2876.876877 1.079156778 7842.212465
2873.873874 1.079144047 7834.029279
2870.870871 1.079130863 7825.846093
2867.867868 1.079117211 7817.662907
2864.864865 1.079103077 7809.479721
2861.861862 1.079088445 7801.296535
2858.858859 1.079073302 7793.113349
2855.855856 1.07905763 7784.930163
2852.852853 1.079041415 7776.746978
2849.84985 1.079024642 7768.563792
2846.846847 1.079007294 7760.380606
2843.843844 1.078989356 7752.19742
2840.840841 1.078970811 7744.014234
2837.837838 1.078951645 7735.831048
2834.834835 1.07893184 7727.647862
2831.831832 1.078911382 7719.464676
2828.828829 1.078890253 7711.28149
2825.825826 1.078868439 7703.098304
2822.822823 1.078845924 7694.915118
2819.81982 1.078822693 7686.731932
2816.816817 1.078798731 7678.548746
2813.813814 1.078774022 7670.36556
2810.810811 1.078748553 7662.182374
2807.807808 1.078722308 7653.999188
2804.804805 1.078695276 7645.816001
2801.801802 1.078667441 7637.632815
2798.798799 1.078638792 7629.449629
2795.795796 1.078609317 7621.266443
2792.792793 1.078579003 7613.083257
2789.78979 1.078547839 7604.900071
2786.786787 1.078515816 7596.716885
2783.783784 1.078482924 7588.533699
2780.780781 1.078449152 7580.350513
2777.777778 1.078414495 7572.167327
2774.774775 1.078378942 7563.98414
2771.771772 1.078342489 7555.800954
2768.768769 1.078305129 7547.617768
2765.765766 1.078266857 7539.434582
2762.762763 1.078227668 7531.251396
2759.75976 1.078187559 7523.06821
2756.756757 1.078146527 7514.885023
2753.753754 1.078104571 7506.701837
2750.750751 1.078061689 7498.518651
2747.747748 1.078017881 7490.335465
2744.744745 1.077973148 7482.152278
2741.741742 1.077927492 7473.969092
2738.738739 1.077880913 7465.785906
2735.735736 1.077833416 7457.60272
2732.732733 1.077785004 7449.419533
2729.72973 1.077735681 7441.236347
2726.726727 1.077685453 7433.053161
2723.723724 1.077634325 7424.869975
2720.720721 1.077582303 7416.686788
2717.717718 1.077529396 7408.503602
2714.714715 1.07747561 7400.320416
2711.711712 1.077420953 7392.137229
2708.708709 1.077365436 7383.954043
2705.705706 1.077309065 7375.770857
2702.702703 1.077251853 7367.58767
2699.6997 1.077193808 7359.404484
2696.696697 1.077134941 7351.221298
2693.693694 1.077075263 7343.038111
2690.690691 1.077014785 7334.854925
2687.687688 1.076953519 7326.671738
2684.684685 1.076891477 7318.488552
2681.681682 1.076828671 7310.305366
2678.678679 1.076765113 7302.122179
2675.675676 1.076700816 7293.938993
2672.672673 1.076635792 7285.755806
2669.66967 1.076570054 7277.57262
2666.666667 1.076503615 7269.389433
2663.663664 1.076436488 7261.206247
2660.660661 1.076368686 7253.02306
2657.657658 1.076300222 7244.839874
2654.654655 1.076231109 7236.656687
2651.651652 1.07616136 7228.473501
2648.648649 1.076090988 7220.290314
2645.645646 1.076020006 7212.107128
2642.642643 1.075948426 7203.923941
2639.63964 1.075876262 7195.740755
2636.636637 1.075803526 7187.557568
2633.633634 1.075730231 7179.374381
2630.630631 1.075656389 7171.191195
2627.627628 1.075582012 7163.008008
2624.624625 1.075507113 7154.824822
2621.621622 1.075431703 7146.641635
2618.618619 1.075355794 7138.458448
2615.615616 1.075279397 7130.275262
2612.612613 1.075202524 7122.092075
2609.60961 1.075125186 7113.908888
2606.606607 1.075047393 7105.725702
2603.603604 1.074969157 7097.542515
2600.600601 1.074890488 7089.359328
2597.597598 1.074811395 7081.176142
2594.594595 1.074731889 7072.992955
2591.591592 1.074651979 7064.809768
2588.588589 1.074571675 7056.626582
2585.585586 1.074490986 7048.443395
2582.582583 1.074409921 7040.260208
2579.57958 1.074328488 7032.077021
2576.576577 1.074246696 7023.893834
2573.573574 1.074164553 7015.710648
2570.570571 1.074082067 7007.527461
2567.567568 1.073999245 6999.344274
2564.564565 1.073916094 6991.161087
2561.561562 1.073832622 6982.9779
2558.558559 1.073748836 6974.794714
2555.555556 1.073664741 6966.611527
2552.552553 1.073580345 6958.42834
2549.54955 1.073495652 6950.245153
2546.546547 1.07341067 6942.061966
2543.543544 1.073325403 6933.878779
2540.540541 1.073239857 6925.695592
2537.537538 1.073154036 6917.512406
2534.534535 1.073067946 6909.329219
2531.531532 1.07298159 6901.146032
2528.528529 1.072894974 6892.962845
2525.525526 1.0728081 6884.779658
2522.522523 1.072720974 6876.596471
2519.51952 1.072633598 6868.413284
2516.516517 1.072545976 6860.230097
2513.513514 1.072458111 6852.04691
2510.510511 1.072370005 6843.863723
2507.507508 1.072281662 6835.680536
2504.504505 1.072193084 6827.497349
2501.501502 1.072104273 6819.314162
2498.498499 1.072015231 6811.130975
2495.495495 1.07192596 6802.947788
2492.492492 1.071836462 6794.764601
2489.489489 1.071746737 6786.581413
2486.486486 1.071656788 6778.398226
2483.483483 1.071566615 6770.215039
2480.48048 1.071476219 6762.031852
2477.477477 1.071385601 6753.848665
2474.474474 1.071294762 6745.665478
2471.471471 1.071203701 6737.482291
2468.468468 1.071112419 6729.299104
2465.465465 1.071020916 6721.115916
2462.462462 1.070929192 6712.932729
2459.459459 1.070837246 6704.749542
2456.456456 1.070745078 6696.566355
2453.453453 1.070652687 6688.383167
2450.45045 1.070560073 6680.19998
2447.447447 1.070467234 6672.016793
2444.444444 1.07037417 6663.833606
2441.441441 1.07028088 6655.650418
2438.438438 1.070187361 6647.467231
2435.435435 1.070093613 6639.284044
2432.432432 1.069999634 6631.100857
2429.429429 1.069905422 6622.917669
2426.426426 1.069810976 6614.734482
2423.423423 1.069716293 6606.551295
2420.42042 1.069621371 6598.368107
2417.417417 1.069526208 6590.18492
2414.414414 1.069430803 6582.001732
2411.411411 1.069335152 6573.818545
2408.408408 1.069239252 6565.635358
2405.405405 1.069143102 6557.45217
2402.402402 1.069046699 6549.268983
2399.399399 1.068950039 6541.085795
2396.396396 1.06885312 6532.902608
2393.393393 1.068755939 6524.71942
2390.39039 1.068658493 6516.536233
2387.387387 1.068560778 6508.353045
2384.384384 1.068462792 6500.169858
2381.381381 1.06836453 6491.98667
2378.378378 1.06826599 6483.803483
2375.375375 1.068167167 6475.620295
2372.372372 1.068068059 6467.437107
2369.369369 1.067968661 6459.25392
2366.366366 1.06786897 6451.070732
2363.363363 1.067768982 6442.887545
2360.36036 1.067668693 6434.704357
2357.357357 1.067568099 6426.521169
2354.354354 1.067467195 6418.337982
2351.351351 1.067365979 6410.154794
2348.348348 1.067264445 6401.971606
2345.345345 1.067162589 6393.788419
2342.342342 1.067060408 6385.605231
2339.339339 1.066957896 6377.422043
2336.336336 1.066855049 6369.238855
2333.333333 1.066751862 6361.055668
2330.33033 1.066648332 6352.87248
2327.327327 1.066544453 6344.689292
2324.324324 1.066440221 6336.506104
2321.321321 1.06633563 6328.322917
2318.318318 1.066230677 6320.139729
2315.315315 1.066125356 6311.956541
2312.312312 1.066019662 6303.773353
2309.309309 1.065913591 6295.590165
2306.306306 1.065807137 6287.406977
2303.303303 1.065700295 6279.223789
2300.3003 1.06559306 6271.040601
2297.297297 1.065485427 6262.857413
2294.294294 1.065377391 6254.674225
2291.291291 1.065268946 6246.491037
2288.288288 1.065160087 6238.307849
2285.285285 1.065050809 6230.124661
2282.282282 1.064941106 6221.941473
2279.279279 1.064830972 6213.758285
2276.276276 1.064720403 6205.575097
2273.273273 1.064609393 6197.391909
2270.27027 1.064497935 6189.208721
2267.267267 1.064386025 6181.025533
2264.264264 1.064273656 6172.842345
2261.261261 1.064160824 6164.659157
2258.258258 1.064047521 6156.475969
2255.255255 1.063933742 6148.292781
2252.252252 1.063819482 6140.109592
2249.249249 1.063704734 6131.926404
2246.246246 1.063589493 6123.743216
2243.243243 1.063473751 6115.560028
2240.24024 1.063357504 6107.376839
2237.237237 1.063240745 6099.193651
2234.234234 1.063123468 6091.010463
2231.231231 1.063005666 6082.827275
2228.228228 1.062887334 6074.644086
2225.225225 1.062768466 6066.460898
2222.222222 1.062649053 6058.27771
2219.219219 1.062529092 6050.094521
2216.216216 1.062408574 6041.911333
2213.213213 1.062287493 6033.728144
2210.21021 1.062165844 6025.544956
2207.207207 1.062043618 6017.361768
2204.204204 1.061920811 6009.178579
2201.201201 1.061797414 6000.995391
2198.198198 1.061673422 5992.812202
2195.195195 1.061548827 5984.629014
2192.192192 1.061423623 5976.445825
2189.189189 1.061297803 5968.262637
2186.186186 1.061171359 5960.079448
2183.183183 1.061044286 5951.896259
2180.18018 1.060916576 5943.713071
2177.177177 1.060788222 5935.529882
2174.174174 1.060659216 5927.346693
2171.171171 1.060529553 5919.163505
2168.168168 1.060399224 5910.980316
2165.165165 1.060268222 5902.797127
2162.162162 1.06013654 5894.613939
2159.159159 1.060004171 5886.43075
2156.156156 1.059871107 5878.247561
2153.153153 1.059737341 5870.064372
2150.15015 1.059602866 5861.881184
2147.147147 1.059467673 5853.697995
2144.144144 1.059331756 5845.514806
2141.141141 1.059195107 5837.331617
2138.138138 1.059057717 5829.148428
2135.135135 1.05891958 5820.965239
2132.132132 1.058780688 5812.78205
2129.129129 1.058641032 5804.598861
2126.126126 1.058500605 5796.415672
2123.123123 1.058359398 5788.232483
2120.12012 1.058217405 5780.049294
2117.117117 1.058074617 5771.866105
2114.114114 1.057931025 5763.682916
2111.111111 1.057786622 5755.499727
2108.108108 1.0576414 5747.316538
2105.105105 1.05749535 5739.133349
2102.102102 1.057348464 5730.95016
2099.099099 1.057200733 5722.766971
2096.096096 1.05705215 5714.583782
2093.093093 1.056902706 5706.400592
2090.09009 1.056752392 5698.217403
2087.087087 1.056601199 5690.034214
2084.084084 1.05644912 5681.851025
2081.081081 1.056296145 5673.667835
2078.078078 1.056142267 5665.484646
2075.075075 1.055987475 5657.301457
2072.072072 1.055831761 5649.118267
2069.069069 1.055675117 5640.935078
2066.066066 1.055517533 5632.751889
2063.063063 1.055359001 5624.568699
2060.06006 1.055199511 5616.38551
2057.057057 1.055039054 5608.20232
2054.054054 1.054877622 5600.019131
2051.051051 1.054715205 5591.835941
2048.048048 1.054551794 5583.652752
2045.045045 1.054387379 5575.469562
2042.042042 1.054221951 5567.286372
2039.039039 1.054055501 5559.103183
2036.036036 1.05388802 5550.919993
2033.033033 1.053719497 5542.736803
2030.03003 1.053549924 5534.553614
2027.027027 1.053379291 5526.370424
2024.024024 1.053207587 5518.187234
2021.021021 1.053034804 5510.004045
2018.018018 1.052860932 5501.820855
2015.015015 1.05268596 5493.637665
2012.012012 1.05250988 5485.454475
2009.009009 1.05233268 5477.271285
2006.006006 1.052154352 5469.088095
2003.003003 1.051974885 5460.904905
2000 1.051794269 5452.721715
1996.996997 1.051612493 5444.538525
1993.993994 1.051429549 5436.355335
1990.990991 1.051245426 5428.172145
1987.987988 1.051060112 5419.988955
1984.984985 1.050873599 5411.805765
1981.981982 1.050685876 5403.622575
1978.978979 1.050496933 5395.439385
1975.975976 1.050306758 5387.256195
1972.972973 1.050115342 5379.073005
1969.96997 1.049922674 5370.889814
1966.966967 1.049728743 5362.706624
1963.963964 1.04953354 5354.523434
1960.960961 1.049337053 5346.340243
1957.957958 1.049139271 5338.157053
1954.954955 1.048940185 5329.973863
1951.951952 1.048739782 5321.790672
1948.948949 1.048538053 5313.607482
1945.945946 1.048334987 5305.424291
1942.942943 1.048130572 5297.241101
1939.93994 1.047924798 5289.05791
1936.936937 1.047717653 5280.87472
1933.933934 1.047509128 5272.691529
1930.930931 1.04729921 5264.508339
1927.927928 1.047087889 5256.325148
1924.924925 1.046875153 5248.141957
1921.921922 1.046660992 5239.958767
1918.918919 1.046445394 5231.775576
1915.915916 1.046228348 5223.592385
1912.912913 1.046009842 5215.409194
1909.90991 1.045789866 5207.226004
1906.906907 1.045568408 5199.042813
1903.903904 1.045345456 5190.859622
1900.900901 1.045121 5182.676431
1897.897898 1.044895027 5174.49324
1894.894895 1.044667526 5166.310049
1891.891892 1.044438486 5158.126858
1888.888889 1.044207894 5149.943667
1885.885886 1.043975739 5141.760476
1882.882883 1.04374201 5133.577285
1879.87988 1.043506693 5125.394094
1876.876877 1.043269779 5117.210902
1873.873874 1.043031254 5109.027711
1870.870871 1.042791106 5100.84452
1867.867868 1.042549323 5092.661329
1864.864865 1.042305893 5084.478137
1861.861862 1.042060804 5076.294946
1858.858859 1.041814043 5068.111754
1855.855856 1.041565597 5059.928563
1852.852853 1.041315454 5051.745372
1849.84985 1.041063601 5043.56218
1846.846847 1.040810025 5035.378989
1843.843844 1.040554712 5027.195797
1840.840841 1.04029765 5019.012605
1837.837838 1.040038824 5010.829414
1834.834835 1.039778222 5002.646222
1831.831832 1.039515829 4994.46303
1828.828829 1.03925163 4986.279839
1825.825826 1.038985611 4978.096647
1822.822823 1.038717758 4969.913455
1819.81982 1.038448055 4961.730263
1816.816817 1.038176487 4953.547071
1813.813814 1.037903037 4945.363879
1810.810811 1.03762769 4937.180687
1807.807808 1.037350429 4928.997495
1804.804805 1.037071236 4920.814303
1801.801802 1.036790093 4912.631111
1798.798799 1.036506982 4904.447919
1795.795796 1.036221885 4896.264727
1792.792793 1.03593478 4888.081534
1789.78979 1.035645648 4879.898342
1786.786787 1.035354466 4871.71515
1783.783784 1.035061214 4863.531957
1780.780781 1.034765867 4855.348765
1777.777778 1.034468401 4847.165573
1774.774775 1.034168791 4838.98238
1771.771772 1.033867009 4830.799188
1768.768769 1.033563028 4822.615995
1765.765766 1.033256818 4814.432802
1762.762763 1.032948347 4806.24961
1759.75976 1.032637583 4798.066417
1756.756757 1.03232449 4789.883224
1753.753754 1.032009032 4781.700031
1750.750751 1.03169117 4773.516839
1747.747748 1.031370861 4765.333646
1744.744745 1.031048062 4757.150453
1741.741742 1.030722726 4748.96726
1738.738739 1.030394802 4740.784067
1735.735736 1.030064237 4732.600874
1732.732733 1.029730974 4724.417681
1729.72973 1.029394953 4716.234487
1726.726727 1.029056108 4708.051294
1723.723724 1.028714369 4699.868101
1720.720721 1.028369663 4691.684908
1717.717718 1.02802191 4683.501714
1714.714715 1.027671024 4675.318521
1711.711712 1.027316913 4667.135327
1708.708709 1.02695948 4658.952134
1705.705706 1.026598619 4650.76894
1702.702703 1.026234217 4642.585747
1699.6997 1.025866152 4634.402553
1696.696697 1.025494294 4626.219359
1693.693694 1.025118503 4618.036165
1690.690691 1.024738627 4609.852972
1687.687688 1.024354505 4601.669778
1684.684685 1.023965962 4593.486584
1681.681682 1.02357281 4585.30339
1678.678679 1.023174847 4577.120196
1675.675676 1.022771857 4568.937002
1672.672673 1.022363606 4560.753807
1669.66967 1.021949842 4552.570613
1666.666667 1.021530295 4544.387419
1663.663664 1.021104674 4536.204224
1660.660661 1.020672664 4528.02103
1657.657658 1.020233929 4519.837836
1654.654655 1.019788107 4511.654641
1651.651652 1.019334806 4503.471446
1648.648649 1.018873607 4495.288252
1645.645646 1.018404057 4487.105057
1642.642643 1.017925672 4478.921862
1639.63964 1.017437928 4470.738667
1636.636637 1.016940265 4462.555472
1633.633634 1.016432078 4454.372277
1630.630631 1.01591272 4446.189082
1627.627628 1.015381495 4438.005887
1624.624625 1.014837655 4429.822691
1621.621622 1.0142804 4421.639496
1618.618619 1.013708869 4413.4563
1615.615616 1.013122142 4405.273105
1612.612613 1.012519233 4397.089909
1609.60961 1.011899087 4388.906713
1606.606607 1.011260575 4380.723517
1603.603604 1.010602492 4372.540321
1600.600601 1.009923554 4364.357125
1597.597598 1.009222388 4356.173929
1594.594595 1.008497537 4347.990733
1591.591592 1.00774745 4339.807536
1588.588589 1.006970479 4331.62434
1585.585586 1.00616488 4323.441143
1582.582583 1.005328807 4315.257946
1579.57958 1.004460312 4307.074749
1576.576577 1.00355734 4298.891552
1573.573574 1.002617732 4290.708355
1570.570571 1.001639225 4282.525157
1567.567568 1.000619449 4274.34196
1564.564565 0.9995559345 4266.158762
1561.561562 0.9984461119 4257.975564
1558.558559 0.9972873181 4249.792366
1555.555556 0.9960768019 4241.609167
1552.552553 0.9948117313 4233.425968
1549.54955 0.9934892023 4225.24277
1546.546547 0.992106249 4217.05957
1543.543544 0.9906598552 4208.876371
1540.540541 0.9891469669 4200.693171
1537.537538 0.9875645061 4192.509972
1534.534535 0.9859093857 4184.326771
1531.531532 0.9841785249 4176.143571
1528.528529 0.982368865 4167.96037
1525.525526 0.9804773857 4159.777169
1522.522523 0.9785011216 4151.593968
1519.51952 0.9764371775 4143.410766
1516.516517 0.9742827448 4135.227564
1513.513514 0.9720351152 4127.044361
1510.510511 0.9696916952 4118.861158
1507.507508 0.9672500186 4110.677955
1504.504505 0.9647077575 4102.494751
1501.501502 0.9620627327 4094.311547
1498.498499 0.9593129222 4086.128343
1495.495496 0.956456468 4077.945138
1492.492492 0.953491682 4069.761932
1489.489489 0.9504170505 4061.578726
1486.486486 0.9472312363 4053.39552
1483.483483 0.943933081 4045.212313
1480.48048 0.9405216052 4037.029105
1477.477477 0.9369960077 4028.845897
1474.474474 0.9333556643 4020.662688
1471.471471 0.9296001251 4012.479479
1468.468468 0.9257291114 4004.296269
1465.465465 0.9217425123 3996.113059
1462.462462 0.9176403802 3987.929848
1459.459459 0.9134229262 3979.746636
1456.456456 0.9090905154 3971.563424
1453.453453 0.9046436615 3963.380211
1450.45045 0.9000830215 3955.196997
1447.447447 0.8954093903 3947.013783
1444.444444 0.890623695 3938.830567
1441.441441 0.8857269894 3930.647352
1438.438438 0.8807204483 3922.464135
1435.435435 0.875605362 3914.280918
1432.432432 0.8703831309 3906.0977
1429.429429 0.8650552595 3897.914481
1426.426426 0.8596233517 3889.731261
1423.423423 0.8540891047 3881.54804
1420.42042 0.8484543045 3873.364819
1417.417417 0.8427208202 3865.181596
1414.414414 0.8368905992 3856.998373
1411.411411 0.8309656623 3848.815149
1408.408408 0.8249480988 3840.631923
1405.405405 0.8188400617 3832.448697
1402.402402 0.8126437632 3824.26547
1399.399399 0.8063614702 3816.082242
1396.396396 0.7999955001 3807.899012
1393.393393 0.793548216 3799.715782
1390.39039 0.7870220232 3791.53255
1387.387387 0.7804193651 3783.349318
1384.384384 0.7737427188 3775.166084
1381.381381 0.7669945918 3766.982849
1378.378378 0.7601775186 3758.799613
1375.375375 0.7532940564 3750.616375
1372.372372 0.7463467826 3742.433136
1369.369369 0.7393382909 3734.249896
1366.366366 0.7322711885 3726.066655
1363.363363 0.7251480933 3717.883412
1360.36036 0.7179716306 3709.700168
1357.357357 0.7107444306 3701.516922
1354.354354 0.703469126 3693.333674
1351.351351 0.6961483492 3685.150426
1348.348348 0.6887847303 3676.967175
1345.345345 0.6813808944 3668.783923
1342.342342 0.6739394602 3660.600669
1339.339339 0.6664630375 3652.417413
1336.336336 0.6589542254 3644.234156
1333.333333 0.651415611 3636.050897
1330.33033 0.6438497673 3627.867635
1327.327327 0.6362592518 3619.684372
1324.324324 0.6286466054 3611.501107
1321.321321 0.6210143505 3603.31784
1318.318318 0.6133649906 3595.13457
1315.315315 0.6057010084 3586.951299
1312.312312 0.5980248653 3578.768025
1309.309309 0.5903390004 3570.584748
1306.306306 0.5826458293 3562.40147
1303.303303 0.5749477436 3554.218188
1300.3003 0.5672471105 3546.034905
1297.297297 0.5595462713 3537.851618
1294.294294 0.5518475416 3529.668329
1291.291291 0.5441532107 3521.485037
1288.288288 0.5364655404 3513.301742
1285.285285 0.5287867655 3505.118444
1282.282282 0.5211190929 3496.935142
1279.279279 0.5134647014 3488.751838
1276.276276 0.5058257412 3480.56853
1273.273273 0.4982043337 3472.385219
1270.27027 0.4906025716 3464.201904
1267.267267 0.4830225178 3456.018585
1264.264264 0.4754662061 3447.835262
1261.261261 0.4679356404 3439.651936
1258.258258 0.4604327945 3431.468605
1255.255255 0.4529596121 3423.28527
1252.252252 0.4455180063 3415.101931
1249.249249 0.4381098598 3406.918587
1246.246246 0.4307370241 3398.735238
1243.243243 0.4234013197 3390.551885
1240.24024 0.4161045357 3382.368526
1237.237237 0.4088484294 3374.185162
1234.234234 0.4016347261 3366.001792
1231.231231 0.3944651188 3357.818417
1228.228228 0.3873412679 3349.635036
1225.225225 0.3802648008 3341.451648
1222.222222 0.3732373114 3333.268254
1219.219219 0.3662603601 3325.084854
1216.216216 0.3593354727 3316.901447
1213.213213 0.3524641409 3308.718032
1210.21021 0.3456478209 3300.53461
1207.207207 0.3388879335 3292.351181
1204.204204 0.3321858635 3284.167743
1201.201201 0.3255429591 3275.984297
1198.198198 0.3189605314 3267.800842
1195.195195 0.3124398541 3259.617379
1192.192192 0.3059821624 3251.433905
1189.189189 0.299588653 3243.250422
1186.186186 0.2932604834 3235.066929
1183.183183 0.2869987713 3226.883425
1180.18018 0.2808045938 3218.699911
1177.177177 0.2746789872 3210.516384
1174.174174 0.2686229466 3202.332846
1171.171171 0.2626374246 3194.149295
1168.168168 0.2567233317 3185.965731
1165.165165 0.2508815352 3177.782153
1162.162162 0.2451128588 3169.598562
1159.159159 0.2394180825 3161.414955
1156.156156 0.2337979415 3153.231334
1153.153153 0.2282531265 3145.047696
1150.15015 0.2227842828 3136.864041
1147.147147 0.2173920104 3128.680369
1144.144144 0.2120768632 3120.496678
1141.141141 0.2068393491 3112.312968
1138.138138 0.2016799297 3104.129239
1135.135135 0.1965990201 3095.945488
1132.132132 0.1915969888 3087.761716
1129.129129 0.1866741576 3079.577921
1126.126126 0.1818308014 3071.394102
1123.123123 0.1770671487 3063.210258
1120.12012 0.172383381 3055.026389
1117.117117 0.1677796337 3046.842492
1114.114114 0.1632559957 3038.658566
1111.111111 0.1588125098 3030.474611
1108.108108 0.1544491732 3022.290624
1105.105105 0.1501659376 3014.106605
1102.102102 0.1459627098 3005.922552
1099.099099 0.1418393521 2997.738463
1096.096096 0.1377956828 2989.554336
1093.093093 0.133831477 2981.37017
1090.09009 0.1299464668 2973.185963
1087.087087 0.1261403424 2965.001713
1084.084084 0.1224127529 2956.817417
1081.081081 0.1187633067 2948.633074
1078.078078 0.1151915727 2940.448682
1075.075075 0.1116970809 2932.264237
1072.072072 0.1082793238 2924.079737
1069.069069 0.1049377569 2915.89518
1066.066066 0.1016718001 2907.710562
1063.063063 0.09848083846 2899.525882
1060.06006 0.09536422359 2891.341135
1057.057057 0.09232127459 2883.156318
1054.054054 0.08935127932 2874.971428
1051.051051 0.08645349556 2866.786461
1048.048048 0.08362715226 2858.601413
1045.045045 0.08087145078 2850.41628
1042.042042 0.07818556614 2842.231058
1039.039039 0.07556864833 2834.045742
1036.036036 0.07301982362 2825.860328
1033.033033 0.07053819582 2817.67481
1030.03003 0.06812284765 2809.489183
1027.027027 0.06577284205 2801.303441
1024.024024 0.06348722348 2793.117579
1021.021021 0.06126501928 2784.931591
1018.018018 0.059105241 2776.745469
1015.015015 0.05700688566 2768.559206
1012.012012 0.05496893713 2760.372797
1009.009009 0.05299036739 2752.186232
1006.006006 0.0510701378 2743.999504
1003.003003 0.04920720041 2735.812604
1000 0.0474004992 2727.625524
996.996997 0.04564897127 2719.438253
993.993994 0.04395154811 2711.250782
990.990991 0.04230715675 2703.063101
987.987988 0.04071472092 2694.875198
984.984985 0.03917316219 2686.687062
981.981982 0.03768140109 2678.49868
978.978979 0.03623835813 2670.310041
975.975976 0.03484295492 2662.12113
972.972973 0.0334941151 2653.931933
969.96997 0.03219076537 2645.742436
966.966967 0.03093183642 2637.552623
963.963964 0.02971626381 2629.362478
960.960961 0.02854298888 2621.171984
957.957958 0.02741095953 2612.981123
954.954955 0.0263191311 2604.789876
951.951952 0.02526646703 2596.598224
948.948949 0.02425193966 2588.406147
945.945946 0.02327453089 2580.213624
942.9429429 0.02233323284 2572.020631
939.9399399 0.02142704842 2563.827147
936.9369369 0.02055499197 2555.633148
933.9339339 0.01971608977 2547.438608
930.9309309 0.01890938054 2539.243503
927.9279279 0.01813391593 2531.047804
924.9249249 0.01738876094 2522.851486
921.9219219 0.01667299434 2514.654519
918.9189189 0.01598570904 2506.456873
915.9159159 0.01532601244 2498.25852
912.9129129 0.01469302674 2490.059428
909.9099099 0.01408588921 2481.859566
906.9069069 0.01350375246 2473.6589
903.9039039 0.0129457847 2465.457399
900.9009009 0.01241116989 2457.255028
897.8978979 0.01189910796 2449.051753
894.8948949 0.01140881498 2440.847541
891.8918919 0.01093952328 2432.642356
888.8888889 0.01049048156 2424.436163
885.8858859 0.01006095503 2416.228927
882.8828829 0.009650225457 2408.020614
879.8798799 0.009257591258 2399.811189
876.8768769 0.008882367533 2391.600617
873.8738739 0.008523886111 2383.388864
870.8708709 0.008181495575 2375.175897
867.8678679 0.007854561263 2366.961683
864.8648649 0.00754246527 2358.746191
861.8618619 0.007244606428 2350.529391
858.8588589 0.006960400275 2342.311252
855.8558559 0.006689279011 2334.091746
852.8528529 0.006430691447 2325.870848
849.8498499 0.006184102926 2317.648532
846.8468469 0.005948995248 2309.424775
843.8438439 0.005724866566 2301.199556
840.8408408 0.005511231276 2292.972855
837.8378378 0.00530761989 2284.744654
834.8348348 0.005113578891 2276.514939
831.8318318 0.004928670574 2268.283696
828.8288288 0.004752472868 2260.050913
825.8258258 0.004584579145 2251.816581
822.8228228 0.004424598005 2243.580693
819.8198198 0.004272153052 2235.343245
816.8168168 0.004126882647 2227.104232
813.8138138 0.003988439643 2218.863653
810.8108108 0.00385649111 2210.62151
807.8078078 0.003730718035 2202.377804
804.8048048 0.003610815014 2194.132539
801.8018018 0.003496489929 2185.885721
798.7987988 0.003387463604 2177.637355
795.7957958 0.003283469463 2169.38745
792.7927928 0.003184253162 2161.136014
789.7897898 0.003089572226 2152.883057
786.7867868 0.002999195667 2144.62859
783.7837838 0.002912903608 2136.372624
780.7807808 0.00283048689 2128.11517
777.7777778 0.002751746686 2119.856239
774.7747748 0.002676494113 2111.595844
771.7717718 0.002604549837 2103.333997
768.7687688 0.002535743695 2095.07071
765.7657658 0.002469914302 2086.805994
762.7627628 0.00240690868 2078.539861
759.7597598 0.002346581882 2070.272322
756.7567568 0.002288796627 2062.003388
753.7537538 0.002233422945 2053.733068
750.7507508 0.002180337826 2045.461373
747.7477478 0.002129424884 2037.18831
744.7447448 0.002080574029 2028.913888
741.7417417 0.002033681148 2020.638114
738.7387387 0.001988647801 2012.360995
735.7357357 0.001945380922 2004.082535
732.7327327 0.001903792542 1995.80274
729.7297297 0.00186379951 1987.521614
726.7267267 0.001825323242 1979.239158
723.7237237 0.001788289461 1970.955376
720.7207207 0.00175262797 1962.670269
717.7177177 0.001718272421 1954.383835
714.7147147 0.001685160101 1946.096076
711.7117117 0.001653231728 1937.806988
708.7087087 0.001622431256 1929.516569
705.7057057 0.001592705693 1921.224816
702.7027027 0.001564004925 1912.931725
699.6996997 0.001536281555 1904.637289
696.6966967 0.001509490739 1896.341504
693.6936937 0.001483590051 1888.044361
690.6906907 0.001458539333 1879.745854
687.6876877 0.001434300569 1871.445974
684.6846847 0.001410837763 1863.144711
681.6816817 0.001388116818 1854.842055
678.6786787 0.00136610543 1846.537995
675.6756757 0.001344772984 1838.232519
672.6726727 0.001324090455 1829.925616
669.6696697 0.001304030318 1821.617272
666.6666667 0.001284566463 1813.307473
663.6636637 0.00126567411 1804.996205
660.6606607 0.001247329739 1796.683453
657.6576577 0.001229511012 1788.3692
654.6546547 0.001212196711 1780.05343
651.6516517 0.001195366671 1771.736127
648.6486487 0.001179001723 1763.417271
645.6456457 0.001163083637 1755.096846
642.6426427 0.001147595068 1746.774831
639.6396396 0.001132519511 1738.451207
636.6366366 0.001117841249 1730.125954
633.6336336 0.001103545314 1721.799051
630.6306306 0.001089617444 1713.470476
627.6276276 0.001076044044 1705.140208
624.6246246 0.001062812149 1696.808223
621.6216216 0.001049909393 1688.474498
618.6186186 0.001037323974 1680.139009
615.6156156 0.001025044625 1671.801732
612.6126126 0.001013060585 1663.462642
609.6096096 0.001001361573 1655.121713
606.6066066 0.0009899377612 1646.778918
603.6036036 0.0009787797534 1638.434231
600.6006006 0.0009678785614 1630.087623
597.5975976 0.000957225584 1621.739068
594.5945946 0.0009468125873 1613.388535
591.5915916 0.000936631686 1605.035995
588.5885886 0.0009266753259 1596.681419
585.5855856 0.000916936267 1588.324776
582.5825826 0.0009074075677 1579.966033
579.5795796 0.0008980825707 1571.605159
576.5765766 0.000888954888 1563.242121
573.5735736 0.0008800183886 1554.876886
570.5705706 0.0008712671856 1546.509419
567.5675676 0.0008626956242 1538.139686
564.5645646 0.0008542982712 1529.767651
561.5615616 0.0008460699041 1521.393277
558.5585586 0.0008380055008 1513.016528
555.5555556 0.0008301002311 1504.637365
552.5525526 0.0008223494468 1496.25575
549.5495496 0.0008147486741 1487.871644
546.5465466 0.000807293605 1479.485006
543.5435436 0.0007999800899 1471.095795
540.5405405 0.0007928041309 1462.70397
537.5375375 0.0007857618743 1454.309488
534.5345345 0.0007788496046 1445.912305
531.5315315 0.0007720637383 1437.512376
528.5285285 0.000765400818 1429.109658
525.5255255 0.0007588575072 1420.704102
522.5225225 0.0007524305847 1412.295662
519.5195195 0.0007461169398 1403.884291
516.5165165 0.0007399135678 1395.469938
513.5135135 0.0007338175652 1387.052554
510.5105105 0.0007278261255 1378.632088
507.5075075 0.0007219365354 1370.208488
504.5045045 0.0007161461707 1361.7817
501.5015015 0.0007104524928 1353.351671
498.4984985 0.0007048530451 1344.918346
495.4954955 0.0006993454496 1336.481668
492.4924925 0.0006939274039 1328.04158
489.4894895 0.0006885966783 1319.598023
486.4864865 0.0006833511126 1311.150937
483.4834835 0.0006781886135 1302.700263
480.4804805 0.000673107152 1294.245937
477.4774775 0.0006681047611 1285.787897
474.4744745 0.000663179533 1277.326079
471.4714715 0.0006583296171 1268.860416
468.4684685 0.0006535532178 1260.390842
465.4654655 0.0006488485924 1251.917288
462.4624625 0.0006442140492 1243.439685
459.4594595 0.0006396479453 1234.957963
456.4564565 0.0006351486853 1226.472048
453.4534535 0.0006307147188 1217.981869
450.4504505 0.0006263445398 1209.487349
447.4474475 0.0006220366839 1200.988412
444.4444445 0.0006177897279 1192.484981
441.4414415 0.0006136022874 1183.976977
438.4384384 0.000609473016 1175.464319
435.4354354 0.0006054006039 1166.946926
432.4324324 0.0006013837761 1158.424713
429.4294294 0.000597421292 1149.897596
426.4264264 0.0005935119434 1141.365489
423.4234234 0.0005896545539 1132.828303
420.4204204 0.0005858479775 1124.285949
417.4174174 0.0005820910978 1115.738337
414.4144144 0.0005783828267 1107.185373
411.4114114 0.0005747221038 1098.626964
408.4084084 0.000571107895 1090.063014
405.4054054 0.000567539192 1081.493427
402.4024024 0.0005640150112 1072.918103
399.3993994 0.0005605343931 1064.336942
396.3963964 0.0005570964011 1055.749844
393.3933934 0.0005537001211 1047.156704
390.3903904 0.0005503446606 1038.557418
387.3873874 0.0005470291482 1029.95188
384.3843844 0.0005437527322 1021.339982
381.3813814 0.000540514581 1012.721616
378.3783784 0.0005373138815 1004.096671
375.3753754 0.000534149839 995.4650349
372.3723724 0.0005310216764 986.8265948
369.3693694 0.0005279286338 978.1812363
366.3663664 0.0005248699677 969.5288437
363.3633634 0.0005218449504 960.8693002
360.3603604 0.0005188528699 952.2024878
357.3573574 0.0005158930291 943.5282875
354.3543544 0.0005129647449 934.8465794
351.3513514 0.0005100673487 926.1572425
348.3483484 0.000507200185 917.4601553
345.3453454 0.0005043626113 908.7551954
342.3423424 0.0005015539979 900.04224
339.3393393 0.0004987737269 891.3211657
336.3363363 0.0004960211923 882.5918489
333.3333333 0.0004932957995 873.854166
330.3303303 0.0004905969646 865.1079932
327.3273273 0.0004879241142 856.3532071
324.3243243 0.0004852766853 847.5896846
321.3213213 0.0004826541244 838.8173033
318.3183183 0.0004800558875 830.0359417
315.3153153 0.0004774814396 821.2454794
312.3123123 0.0004749302544 812.4457973
309.3093093 0.0004724018142 803.6367782
306.3063063 0.000469895609 794.8183068
303.3033033 0.0004674111366 785.9902703
300.3003003 0.0004649479023 777.1525584
297.2972973 0.0004625054183 768.3050642
294.2942943 0.0004600832035 759.4476843
291.2912913 0.0004576807835 750.5803195
288.2882883 0.0004552976898 741.702875
285.2852853 0.0004529334597 732.8152611
282.2822823 0.0004505876361 723.9173939
279.2792793 0.0004482597672 715.0091959
276.2762763 0.0004459494059 706.0905964
273.2732733 0.0004436561099 697.1615325
270.2702703 0.0004413794411 688.2219499
267.2672673 0.0004391189656 679.2718034
264.2642643 0.000436874253 670.3110581
261.2612613 0.0004346448764 661.3396903
258.2582583 0.0004324304122 652.3576883
255.2552553 0.0004302304393 643.3650537
252.2522523 0.0004280445394 634.3618024
249.2492493 0.0004258722963 625.3479661
246.2462463 0.0004237132956 616.3235931
243.2432433 0.0004215671245 607.2887503
240.2402402 0.0004194333716 598.2435242
237.2372372 0.0004173116262 589.1880227
234.2342342 0.0004152014782 580.1223768
231.2312312 0.0004131025178 571.0467424
228.2282282 0.0004110143351 561.9613021
225.2252252 0.0004089365196 552.8662672
222.2222222 0.0004068686598 543.7618801
219.2192192 0.0004048103432 534.6484163
216.2162162 0.0004027611554 525.5261871
213.2132132 0.0004007206799 516.3955419
210.2102102 0.0003986884978 507.256871
207.2072072 0.0003966641869 498.1106088
204.2042042 0.000394647322 488.9572363
201.2012012 0.0003926374734 479.7972848
198.1981982 0.0003906342072 470.6313391
195.1951952 0.0003886370844 461.4600412
192.1921922 0.0003866456603 452.2840939
189.1891892 0.0003846594839 443.1042654
186.1861862 0.0003826780976 433.9213927
183.1831832 0.0003807010359 424.7363869
180.1801802 0.0003787278252 415.5502371
177.1771772 0.0003767579827 406.3640162
174.1741742 0.0003747910158 397.1788855
171.1711712 0.0003728264211 387.9961001
168.1681682 0.0003708636837 378.8170152
165.1651652 0.0003689022756 369.6430917
162.1621622 0.0003669416553 360.4759023
159.1591592 0.0003649812664 351.3171385
156.1561562 0.0003630205362 342.1686172
153.1531532 0.0003610588745 333.0322878
150.1501502 0.0003590956722 323.91024
147.1471472 0.0003571302996 314.804711
144.1441442 0.0003551621046 305.7180939
141.1411412 0.0003531904112 296.6529459
138.1381381 0.000351214517 287.611997
135.1351351 0.0003492336913 278.5981588
132.1321321 0.0003472471726 269.6145339
129.1291291 0.0003452541656 260.6644248
126.1261261 0.0003432538388 251.7513441
123.1231231 0.0003412453207 242.8790242
120.1201201 0.0003392276965 234.0514273
117.1171171 0.000337200004 225.2727558
114.1141141 0.0003351612291 216.5474623
111.1111111 0.0003331103006 207.8802608
108.1081081 0.0003310460849 199.2761363
105.1051051 0.0003289673796 190.7403559
102.1021021 0.0003268729062 182.278479
99.09909911 0.0003247613023 173.8963675
96.09609611 0.0003226311123 165.6001957
93.0930931 0.0003204807768 157.3964603
90.0900901 0.000318308621 149.2919894
87.0870871 0.0003161128405 141.2939508
84.08408409 0.0003138914856 133.4098609
81.08108109 0.0003116424428 125.6475906
78.07807809 0.0003093634129 118.0153726
75.07507508 0.0003070518858 110.5218054
72.07207208 0.0003047051103 103.1758573
69.06906908 0.0003023200584 95.98686831
66.06606608 0.0002998933823 88.96454988
63.06306307 0.0002974213624 82.11898308
60.06006007 0.0002948998446 75.46061393
57.05705707 0.0002923241622 69.00024612
54.05405406 0.0002896890402 62.74903057
51.05105106 0.0002869884737 56.71845144
48.04804806 0.0002842155752 50.92030822
45.04504505 0.0002813623762 45.36669338
42.04204205 0.0002784195699 40.06996503
39.03903905 0.0002753761675 35.0427141
36.03603605 0.0002722190339 30.29772537
33.03303304 0.0002689322447 25.8479316
30.03003004 0.0002654961735 21.70636023
27.02702704 0.0002618861576 17.88607161
24.02402403 0.0002580704793 14.40008811
21.02102103 0.0002540071777 11.26131329
18.01801803 0.000249638756 8.482440639
15.01501502 0.0002448827886 6.075851786
12.01201202 0.0002396138103 4.053506545
9.009009019 0.0002336241774 2.426832283
6.006006016 0.0002265246274 1.206639001
3.003003013 0.0002174245733 0.4031599855
1.00303259e-08 0.0002043825242 0.02681659378
