10.110320    0.000000
10.615836    0.000000
11.121352    0.000000
11.626868    0.000000
12.132384    0.000000
12.637899    0.000000
13.143415    0.000000
13.648932    0.000000
14.154448    0.000000
14.659964    0.000000
15.165480    0.000000
15.670996    0.000000
16.176512    0.000000
16.682028    0.000000
17.187544    0.000000
17.693060    0.000000
18.198576    0.000000
18.704092    0.000000
19.209608    0.000000
19.715124    0.000000
20.220640    0.000000
20.726156    0.000000
21.231672    0.000000
21.737188    0.000000
22.242704    0.000000
22.748220    0.000000
23.253736    0.000000
23.759253    0.000000
24.264769    0.000000
24.770285    0.000000
25.275799    0.000000
25.781315    0.000000
26.286831    0.000000
26.792347    0.000000
27.297863    0.000000
27.803379    0.000000
28.308895    0.000000
28.814411    0.000000
29.319927    0.000000
29.825443    0.000000
30.330959    0.000000
30.836475    0.000000
31.341991    0.000000
31.847507    0.000000
32.353024    0.000000
32.858540    0.000000
33.364056    0.000000
33.869572    0.000000
34.375088    0.000000
34.880604    0.000000
35.386120    0.000000
35.891636    0.000000
36.397152    0.000000
36.902668    0.000000
37.408184    0.000000
37.913700    0.000000
38.419216    0.000000
38.924732    0.000000
39.430248    0.000000
39.935764    0.000000
40.441280    0.000000
40.946796    0.000000
41.452312    0.000000
41.957829    0.000000
42.463345    0.000000
42.968861    0.000000
43.474377    0.000000
43.979893    0.000000
44.485409    0.000000
44.990925    0.000000
45.496441    0.000000
46.001957    0.000000
46.507473    0.000000
47.012989    0.000000
47.518505    0.000000
48.024021    0.000000
48.529537    0.000000
49.035053    0.000000
49.540569    0.000000
50.046082    0.000000
50.551598    0.000000
51.057114    0.000000
51.562630    0.000000
52.068146    0.000000
52.573662    0.000000
53.079178    0.000000
53.584694    0.000000
54.090210    0.000000
54.595726    0.000000
55.101242    0.000000
55.606758    0.000000
56.112274    0.000000
56.617790    0.000000
57.123306    0.000000
57.628822    0.000000
58.134338    0.000000
58.639854    0.000000
59.145370    0.000000
59.650887    0.000000
60.156403    0.000000
60.661919    0.000000
61.167435    0.000000
61.672951    0.000000
62.178467    0.000000
62.683983    0.000000
63.189499    0.000000
63.695015    0.000000
64.200531    0.000000
64.706047    0.000000
65.211563    0.000000
65.717079    0.000000
66.222595    0.000000
66.728111    0.000000
67.233627    0.000000
67.739143    0.000000
68.244659    0.000000
68.750175    0.000000
69.255692    0.000000
69.761208    0.000000
70.266724    0.000000
70.772240    0.000000
71.277756    0.000000
71.783272    0.000000
72.288788    0.000000
72.794304    0.000000
73.299820    0.000000
73.805336    0.000000
74.310852    0.000000
74.816368    0.000000
75.321884    0.000000
75.827400    0.000000
76.332916    0.000000
76.838432    0.000000
77.343948    0.000000
77.849464    0.000000
78.354980    0.000000
78.860497    0.000000
79.366013    0.000000
79.871529    0.000000
80.377045    0.000000
80.882561    0.000000
81.388077    0.000000
81.893593    0.000000
82.399109    0.000000
82.904625    0.000000
83.410141    0.000000
83.915657    0.000000
84.421173    0.000000
84.926689    0.000000
85.432205    0.000000
85.937721    0.000000
86.443237    0.000000
86.948753    0.000000
87.454269    0.000000
87.959785    0.000000
88.465302    0.000000
88.970818    0.000000
89.476334    0.000000
89.981850    0.000000
90.487366    0.000000
90.992882    0.000000
91.498398    0.000000
92.003914    0.000000
92.509430    0.000000
93.014946    0.000000
93.520462    0.000000
94.025978    0.000000
94.531494    0.000000
95.037010    0.000000
95.542526    0.000000
96.048042    0.000000
96.553558    0.000000
97.059074    0.000000
97.564590    0.000000
98.070107    0.000000
98.575623    0.000000
99.081139    0.000000
99.586647    0.000000
100.092171    0.000000
100.597687    0.000000
101.103195    0.000000
101.608711    0.000000
102.114227    0.000000
102.619743    0.000000
103.125259    0.000000
103.630775    0.000000
104.136292    0.000000
104.641808    0.000000
105.147324    0.000000
105.652840    0.000000
106.158356    0.000000
106.663872    0.000000
107.169388    0.000000
107.674904    0.000000
108.180420    0.000000
108.685936    0.000000
109.191452    0.000000
109.696968    0.000000
110.202484    0.000000
110.708000    0.000000
111.213516    0.000000
111.719032    0.000000
112.224548    0.000000
112.730064    0.000000
113.235580    0.000000
113.741096    0.000000
114.246613    0.000000
114.752129    0.000000
115.257645    0.000000
115.763161    0.000000
116.268677    0.000000
116.774193    0.000000
117.279709    0.000000
117.785225    0.000000
118.290741    0.000000
118.796257    0.000000
119.301773    0.000000
119.807289    0.000000
120.312805    0.000000
120.818321    0.000000
121.323837    0.000000
121.829353    0.000000
122.334869    0.000000
122.840385    0.000000
123.345901    0.000000
123.851418    0.000000
124.356934    0.000000
124.862450    0.000000
125.367966    0.000000
125.873482    0.000000
126.378998    0.000000
126.884514    0.000000
127.390030    0.000000
127.895546    0.000000
128.401062    0.000000
128.906570    0.000000
129.412094    0.000000
129.917603    0.000000
130.423126    0.000000
130.928635    0.000000
131.434158    0.000000
131.939667    0.000000
132.445190    0.000000
132.950699    0.000000
133.456223    0.000000
133.961731    0.000000
134.467255    0.000000
134.972763    0.000000
135.478287    0.000000
135.983795    0.000000
136.489319    0.000000
136.994827    0.000000
137.500351    0.000000
138.005859    0.000000
138.511383    0.000000
139.016891    0.000000
139.522415    0.000000
140.027924    0.000000
140.533447    0.000000
141.038956    0.000000
141.544479    0.000000
142.049988    0.000000
142.555511    0.000000
143.061020    0.000000
143.566544    0.000000
144.072052    0.000000
144.577576    0.000000
145.083084    0.000000
145.588608    0.000000
146.094116    0.000000
146.599640    0.000000
147.105148    0.000000
147.610672    0.000000
148.116180    0.000000
148.621704    0.000000
149.127213    0.000000
149.632736    0.000000
150.138245    0.000000
150.643768    0.000000
151.149277    0.000000
151.654800    0.000000
152.160309    0.000000
152.665833    0.000000
153.171341    0.000000
153.676865    0.000000
154.182373    0.000000
154.687897    0.000000
155.193405    0.000000
155.698929    0.000000
156.204437    0.000000
156.709961    0.000000
157.215469    0.000000
157.720993    0.000000
158.226501    0.000000
158.732025    0.000000
159.237534    0.000000
159.743057    0.000000
160.248566    0.000000
160.754089    0.000000
161.259598    0.000001
161.765121    0.000001
162.270630    0.000001
162.776154    0.000001
163.281662    0.000001
163.787186    0.000001
164.292694    0.000001
164.798218    0.000002
165.303726    0.000002
165.809250    0.000002
166.314758    0.000003
166.820282    0.000004
167.325790    0.000004
167.831314    0.000005
168.336823    0.000006
168.842346    0.000008
169.347855    0.000009
169.853378    0.000012
170.358887    0.000014
170.864410    0.000018
171.369919    0.000022
171.875443    0.000028
172.380951    0.000036
172.886475    0.000046
173.391983    0.000059
173.897507    0.000076
174.403015    0.000100
174.908539    0.000132
175.414047    0.000176
175.919571    0.000238
176.425079    0.000326
176.930603    0.000454
177.436111    0.000644
177.941635    0.000934
178.447144    0.001391
178.952667    0.002140
179.458176    0.003434
179.963699    0.005837
180.469208    0.010817
180.974731    0.028859
181.480240    0.067743
181.985764    0.147043
182.491272    0.190258
182.996796    0.199775
183.502304    0.216591
184.007828    0.228853
184.513336    0.254066
185.018860    0.241017
185.524368    0.224442
186.029892    0.234264
186.535400    0.280576
187.040924    0.305852
187.546432    0.311085
188.051956    0.308144
188.557465    0.360269
189.062988    0.428863
189.568497    0.438418
190.074020    0.441096
190.579529    0.473776
191.085052    0.525796
191.590561    0.561177
192.096085    0.521244
192.601593    0.541121
193.107117    0.603227
193.612625    0.598140
194.118149    0.569010
194.623657    0.539991
195.129181    0.515628
195.634689    0.523318
196.140213    0.535962
196.645721    0.554667
197.151245    0.520225
197.656754    0.472165
198.162277    0.524601
198.667786    0.586083
199.173309    0.545872
199.678818    0.507091
200.184341    0.544727
200.689850    0.588856
201.195374    0.580505
201.700882    0.570270
202.206390    0.607280
202.711914    0.647249
203.217422    0.677407
203.722946    0.719077
204.228455    0.768602
204.733978    0.797767
205.239487    0.848830
205.745010    0.854269
206.250519    0.795122
206.756042    0.769299
207.261551    0.824157
207.767075    0.866228
208.272583    0.856906
208.778107    0.786818
209.283615    0.759171
209.789139    0.743595
210.294647    0.703102
210.800171    0.696873
211.305679    0.723816
211.811203    0.673451
212.316711    0.633477
212.822235    0.649169
213.327744    0.681409
213.833267    0.666338
214.338776    0.615348
214.844299    0.608532
215.349808    0.654545
215.855331    0.713410
216.360840    0.755441
216.866364    0.737351
217.371872    0.754714
217.877396    0.766025
218.382904    0.804270
218.888428    0.820362
219.393936    0.803497
219.899460    0.756226
220.404968    0.730782
220.910492    0.718851
221.416000    0.722490
221.921524    0.772962
222.427032    0.807058
222.932556    0.802980
223.438065    0.753832
223.943588    0.710826
224.449097    0.759500
224.954620    0.837510
225.460129    0.845119
225.965652    0.795204
226.471161    0.729665
226.976685    0.683735
227.482193    0.714697
227.987717    0.797740
228.493225    0.815799
228.998749    0.748162
229.504257    0.715403
230.009781    0.774584
230.515289    0.823162
231.020813    0.827623
231.526321    0.817551
232.031845    0.823967
232.537354    0.846929
233.042877    0.854997
233.548386    0.766739
234.053909    0.651666
234.559418    0.642239
235.064941    0.673946
235.570450    0.708301
236.075974    0.745175
236.581482    0.698970
237.087006    0.684129
237.592514    0.748604
238.098038    0.819348
238.603546    0.836434
239.109070    0.821252
239.614578    0.757001
240.120102    0.705472
240.625610    0.675719
241.131134    0.667449
241.636642    0.700986
242.142166    0.751444
242.647675    0.776661
243.153198    0.758485
243.658707    0.697956
244.164230    0.662231
244.669739    0.658253
245.175262    0.694080
245.680771    0.709836
246.186295    0.668239
246.691803    0.569972
247.197327    0.477334
247.702835    0.435890
248.208359    0.459599
248.713867    0.511119
249.219391    0.536338
249.724899    0.518159
250.230423    0.496728
250.735931    0.492764
251.241455    0.462833
251.746964    0.442390
252.252487    0.465153
252.757996    0.478611
253.263519    0.431845
253.769028    0.351935
254.274551    0.290749
254.780060    0.276518
255.285583    0.302010
255.791092    0.310175
256.296600    0.255507
256.802124    0.193119
257.307648    0.166387
257.813171    0.161768
258.318665    0.151331
258.824188    0.138069
259.329712    0.119112
259.835236    0.102794
260.340729    0.085801
260.846252    0.078791
261.351776    0.084771
262.318390    0.096852
263.817383    0.080263
265.316345    0.066799
266.815277    0.051225
268.314240    0.039864
269.813202    0.032093
271.312195    0.025868
272.811157    0.021459
274.310089    0.017774
275.809052    0.014868
277.308014    0.012826
278.807007    0.011531
280.305969    0.010525
281.804901    0.009412
283.303864    0.008674
284.802826    0.008155
286.301788    0.007540
287.800781    0.006576
289.299713    0.006077
290.798676    0.006190
292.297638    0.005973
293.796600    0.005225
295.295593    0.005083
296.794525    0.005226
298.293488    0.004881
299.792450    0.007605
301.291412    0.006395
302.790405    0.005644
304.289337    0.005440
305.788300    0.005338
307.287262    0.005322
308.786224    0.005200
310.285217    0.005066
311.784149    0.004922
313.283112    0.004510
314.782074    0.003853
316.281036    0.003945
317.780029    0.004085
319.278961    0.003780
320.777924    0.003355
322.276886    0.003093
323.775848    0.003068
325.274841    0.002922
326.773773    0.002659
328.272736    0.002595
329.771698    0.002735
331.270660    0.002650
332.769653    0.002405
334.268585    0.002103
335.767548    0.001859
337.266510    0.001835
338.765472    0.001563
340.264465    0.001304
341.763397    0.001269
343.262360    0.001213
344.761322    0.000935
346.260284    0.000822
347.759277    0.000878
349.258209    0.000798
350.757172    0.000555
352.256134    0.000544
353.755096    0.000701
355.254059    0.000697
356.753021    0.000446
358.251984    0.000168
359.750946    0.000039
361.249908    0.000019
362.748871    0.000065
364.247833    0.000099
365.746796    0.000091
367.245758    0.000062
368.744720    0.000025
370.243683    0.000001
371.742645    0.000007
373.241608    0.000000
374.740570    0.000010
376.239532    0.000016
377.738495    0.000014
379.237457    0.000007
380.736420    0.000001
382.235382    0.000002
383.734344    0.000002
385.233307    0.000001
386.732269    0.000003
388.231232    0.000004
389.730194    0.000003
391.229156    0.000005
392.728119    0.000005
394.227081    0.000002
395.726044    0.000000
397.225006    0.000005
398.723969    0.000008
400.222931    0.000009
401.721893    0.000010
403.220856    0.000011
404.719818    0.000012
406.218781    0.000009
407.717743    0.000008
409.216705    0.000009
410.715668    0.000011
412.214630    0.000009
413.713593    0.000007
415.212555    0.000008
416.711517    0.000008
418.210480    0.000008
419.709442    0.000007
421.208405    0.000008
422.707367    0.000007
424.206329    0.000005
425.705292    0.000005
427.204254    0.000004
428.703217    0.000003
430.202179    0.000003
431.701141    0.000004
433.200104    0.000004
434.699066    0.000004
436.198029    0.000005
437.696991    0.000005
439.195953    0.000004
440.694916    0.000004
442.193878    0.000003
443.692841    0.000003
445.191803    0.000003
446.690765    0.000003
448.189728    0.000003
449.688690    0.000003
451.187653    0.000002
452.686615    0.000002
454.185547    0.000003
455.684540    0.000003
457.183502    0.000003
458.682465    0.000003
460.181427    0.000003
461.680359    0.000003
463.179352    0.000003
464.678314    0.000003
466.177277    0.000003
467.676239    0.000004
469.175171    0.000004
470.674164    0.000004
472.173126    0.000003
473.672089    0.000003
475.171051    0.000003
476.669983    0.000003
478.168976    0.000003
479.667938    0.000003
481.166870    0.000002
482.665863    0.000002
484.164795    0.000001
485.663818    0.000000
487.162750    0.000001
488.661682    0.000002
490.160675    0.000006
491.659607    0.000011
493.158630    0.000017
494.657562    0.000023
496.156494    0.000025
497.655487    0.000020
499.154419    0.000016
500.653442    0.000017
502.152374    0.000016
503.651306    0.000014
505.150299    0.000013
506.649231    0.000014
508.148224    0.000021
509.647186    0.000033
511.146118    0.000043
512.645142    0.000054
514.144043    0.000058
515.643066    0.000049
517.141968    0.000046
518.640930    0.000050
520.139954    0.000046
521.638855    0.000034
523.137878    0.000026
524.636780    0.000027
526.135742    0.000027
527.634766    0.000023
529.133667    0.000019
530.632690    0.000017
532.131592    0.000013
533.630554    0.000012
535.129578    0.000011
536.628479    0.000009
538.127502    0.000008
539.626404    0.000006
541.125366    0.000005
542.624390    0.000003
544.123291    0.000002
545.622314    0.000002
547.121216    0.000001
548.620178    0.000001
550.119202    0.000001
551.618103    0.000001
553.117126    0.000001
554.616028    0.000000
556.114990    0.000000
557.613953    0.000000
559.112915    0.000000
560.611938    0.000000
562.110840    0.000000
563.609802    0.000000
565.108765    0.000000
566.607727    0.000000
568.106750    0.000000
569.605652    0.000000
571.104614    0.000000
572.603577    0.000000
574.102539    0.000000
575.601562    0.000000
577.100464    0.000000
578.599426    0.000000
580.098389    0.000000
581.597351    0.000000
583.096375    0.000000
584.595276    0.000000
586.094238    0.000000
587.593201    0.000000
589.092163    0.000000
590.591187    0.000000
592.090088    0.000000
593.589050    0.000000
595.088013    0.000000
596.586975    0.000000
598.085999    0.000000
599.584900    0.000000
601.083862    0.000000
602.582825    0.000000
604.081787    0.000000
605.580811    0.000000
607.079712    0.000000
608.578674    0.000000
610.077637    0.000000
611.576599    0.000000
613.075623    0.000000
614.574524    0.000000
616.073486    0.000000
617.572449    0.000000
619.071411    0.000000
620.570435    0.000000
622.069336    0.000000
623.568298    0.000000
625.067261    0.000000
626.566223    0.000000
628.065247    0.000000
629.564148    0.000000
631.063110    0.000000
632.562073    0.000000
634.061035    0.000000
635.560059    0.000000
637.058960    0.000000
638.557922    0.000000
640.056885    0.000000
641.555847    0.000000
643.054871    0.000000
644.553772    0.000000
646.052734    0.000000
647.551697    0.000000
649.050659    0.000000
650.549683    0.000000
652.048584    0.000000
653.547546    0.000000
655.046509    0.000000
656.545471    0.000000
658.044495    0.000000
659.543396    0.000000
661.042358    0.000000
662.541321    0.000000
664.040283    0.000000
665.539307    0.000000
667.038208    0.000000
668.537170    0.000000
670.036133    0.000000
671.535095    0.000000
673.034119    0.000000
674.533020    0.000000
676.031982    0.000000
677.530945    0.000000
679.029907    0.000000
680.528931    0.000000
682.027832    0.000000
683.526794    0.000000
685.025757    0.000000
686.524719    0.000000
688.023743    0.000000
689.522644    0.000000
691.021606    0.000000
692.520569    0.000000
694.019531    0.000000
695.518555    0.000000
697.017456    0.000000
698.516418    0.000000
700.015381    0.000000
701.514343    0.000000
703.013367    0.000000
704.512268    0.000000
706.011230    0.000000
707.510193    0.000000
709.009155    0.000000
710.508118    0.000000
712.007080    0.000000
713.506042    0.000000
715.005005    0.000000
716.503967    0.000000
718.002930    0.000000
719.501892    0.000000
721.000854    0.000000
722.499817    0.000000
723.998779    0.000000
725.497742    0.000000
726.996704    0.000000
728.495667    0.000000
729.994629    0.000000
731.493591    0.000000
732.992554    0.000000
734.491516    0.000000
735.990479    0.000000
737.489441    0.000000
738.988403    0.000000
740.487366    0.000000
741.986328    0.000000
743.485291    0.000000
744.984253    0.000000
746.483215    0.000000
747.982178    0.000000
749.481140    0.000000
750.980103    0.000000
752.479065    0.000000
753.978027    0.000000
755.476990    0.000000
756.975952    0.000000
758.474915    0.000000
759.973877    0.000000
761.472839    0.000000
762.971802    0.000000
764.470764    0.000000
765.969727    0.000000
767.468689    0.000000
768.967651    0.000000
770.466614    0.000000
771.965576    0.000000
773.464539    0.000000
774.963501    0.000000
776.462463    0.000000
777.961426    0.000000
779.460388    0.000000
780.959351    0.000000
782.458313    0.000000
783.957275    0.000000
785.456238    0.000000
786.955200    0.000000
788.454163    0.000000
789.953125    0.000000
791.452087    0.000000
792.951050    0.000000
794.450012    0.000000
795.948975    0.000000
797.447937    0.000000
798.946899    0.000000
800.445862    0.000000
801.944824    0.000000
803.443787    0.000000
804.942749    0.000000
806.441711    0.000000
807.940674    0.000000
809.439636    0.000000
810.938599    0.000000
812.437561    0.000000
813.936523    0.000000
815.435486    0.000000
816.934448    0.000000
818.433411    0.000000
819.932373    0.000000
821.431335    0.000000
822.930298    0.000000
824.429260    0.000000
825.928223    0.000000
827.427185    0.000000
828.926147    0.000000
830.425110    0.000000
831.924072    0.000000
833.423035    0.000000
834.921997    0.000000
836.420959    0.000000
837.919922    0.000000
839.418884    0.000000
840.917847    0.000000
842.416809    0.000000
843.915771    0.000000
845.414734    0.000000
846.913696    0.000000
848.412659    0.000000
849.911621    0.000000
851.410583    0.000000
852.909546    0.000000
854.408508    0.000000
855.907471    0.000000
857.406433    0.000000
858.905396    0.000000
860.404358    0.000000
861.903320    0.000000
863.402283    0.000000
864.901245    0.000000
866.400208    0.000000
867.899170    0.000000
869.398132    0.000000
870.897095    0.000000
872.396057    0.000000
873.895020    0.000000
875.393982    0.000000
876.892944    0.000000
878.391907    0.000000
879.890869    0.000000
881.389832    0.000000
882.888794    0.000000
884.387756    0.000000
885.886719    0.000000
887.385681    0.000000
888.884644    0.000000
890.383606    0.000000
891.882568    0.000000
893.381531    0.000000
894.880493    0.000000
896.379456    0.000000
897.878418    0.000000
899.377380    0.000000
900.876343    0.000000
902.375305    0.000000
903.874268    0.000000
905.373230    0.000000
906.872192    0.000000
908.371155    0.000000
909.870117    0.000000
911.369080    0.000000
912.868042    0.000000
914.367004    0.000000
915.865906    0.000000
917.364929    0.000000
918.863892    0.000000
920.362854    0.000000
921.861816    0.000000
923.360718    0.000000
924.859741    0.000000
926.358704    0.000000
927.857666    0.000000
929.356628    0.000000
930.855530    0.000000
932.354553    0.000000
933.853516    0.000000
935.352478    0.000000
936.851440    0.000000
938.350342    0.000000
939.849365    0.000000
941.348328    0.000000
942.847290    0.000000
944.346252    0.000000
945.845154    0.000000
947.344177    0.000000
948.843140    0.000000
950.342102    0.000000
951.841064    0.000000
953.339966    0.000000
954.838989    0.000000
956.337952    0.000000
957.836914    0.000000
959.335876    0.000000
960.834778    0.000000
962.333740    0.000000
963.832825    0.000000
965.331726    0.000000
966.830688    0.000000
968.329590    0.000000
969.828552    0.000000
971.327637    0.000000
972.826538    0.000000
974.325500    0.000000
975.824402    0.000000
977.323364    0.000000
978.822449    0.000000
980.321350    0.000000
981.820312    0.000000
983.319214    0.000000
984.818176    0.000000
986.317261    0.000000
987.816162    0.000000
989.315125    0.000000
990.814026    0.000000
992.312988    0.000000
993.812073    0.000000
995.310974    0.000000
996.809937    0.000000
998.308838    0.000000
999.807800    0.000000
