60.000000	0.000000
60.600000	-0.013110
61.200000	-0.011100
61.800000	-0.010460
62.400000	-0.009850
63.000000	-0.008970
63.600000	-0.008280
64.200000	-0.008190
64.800000	-0.007950
65.400000	-0.007200
66.000000	-0.006240
66.600000	-0.005320
67.200000	-0.004820
67.800000	-0.005270
68.400000	-0.006040
69.000000	-0.005770
69.600000	-0.004210
70.200000	-0.002630
70.800000	-0.001740
71.400000	-0.001100
72.000000	-0.000100
72.600000	0.001040
73.200000	0.001760
73.800000	0.002250
74.400000	0.002810
75.000000	0.003080
75.600000	0.003090
76.200000	0.003260
76.800000	0.003420
77.400000	0.003570
78.000000	0.004020
78.600000	0.004740
79.200000	0.005430
79.800000	0.006220
80.400000	0.006910
81.000000	0.007090
81.600000	0.006990
82.200000	0.006840
82.800000	0.006930
83.400000	0.007340
84.000000	0.007900
84.600000	0.008200
85.200000	0.008190
85.800000	0.008410
86.400000	0.008840
87.000000	0.008980
87.600000	0.009000
88.200000	0.008970
88.800000	0.008680
89.400000	0.008550
90.000000	0.008710
90.600000	0.008970
91.200000	0.009020
91.800000	0.008840
92.400000	0.008620
93.000000	0.008490
93.600000	0.008750
94.200000	0.009090
94.800000	0.008620
95.400000	0.007920
96.000000	0.007850
96.600000	0.008210
97.200000	0.008480
97.800000	0.008280
98.400000	0.007640
99.000000	0.007280
99.600000	0.007610
100.200000	0.008170
100.800000	0.008090
101.400000	0.007330
102.000000	0.006570
102.600000	0.006320
103.200000	0.006530
103.800000	0.006850
104.400000	0.006760
105.000000	0.006250
105.600000	0.005900
106.200000	0.005950
106.800000	0.005960
107.400000	0.005540
108.000000	0.004790
108.600000	0.004130
109.200000	0.004040
109.800000	0.004280
110.400000	0.004440
111.000000	0.004320
111.600000	0.004270
112.200000	0.005090
112.800000	0.007740
113.400000	0.012220
114.000000	0.016100
114.600000	0.016430
115.200000	0.014650
115.800000	0.015600
116.400000	0.021060
117.000000	0.027200
117.600000	0.030040
118.200000	0.029400
118.800000	0.029960
119.400000	0.037800
120.000000	0.050850
120.600000	0.060050
121.200000	0.062040
121.800000	0.065820
122.400000	0.083160
123.000000	0.113800
123.600000	0.145000
124.200000	0.163270
124.800000	0.177120
125.400000	0.213700
126.000000	0.276900
126.600000	0.336230
127.200000	0.362340
127.800000	0.366550
128.400000	0.389250
129.000000	0.442790
129.600000	0.495950
130.200000	0.523740
130.800000	0.542390
131.400000	0.584970
132.000000	0.660900
132.600000	0.738540
133.200000	0.781310
133.800000	0.798760
134.400000	0.824940
135.000000	0.864830
135.600000	0.896200
136.200000	0.902640
136.800000	0.887470
137.400000	0.870040
138.000000	0.866990
138.600000	0.879940
139.200000	0.904000
139.800000	0.928840
140.400000	0.941040
141.000000	0.944070
141.600000	0.954550
142.200000	0.974850
142.800000	0.993000
143.400000	1.000000
144.000000	0.994600
144.600000	0.983960
145.200000	0.978860
145.800000	0.981580
146.400000	0.986040
147.000000	0.987940
147.600000	0.983560
148.200000	0.971840
148.800000	0.961750
149.400000	0.956300
150.000000	0.949020
150.600000	0.943740
151.200000	0.946840
151.800000	0.951390
152.400000	0.948250
153.000000	0.938230
153.600000	0.926680
154.200000	0.916010
154.800000	0.905540
155.400000	0.894490
156.000000	0.883900
156.600000	0.874360
157.200000	0.862690
157.800000	0.845730
158.400000	0.825440
159.000000	0.804870
159.600000	0.782480
160.200000	0.755050
160.800000	0.723520
161.400000	0.691010
162.000000	0.656500
162.600000	0.617940
163.200000	0.578410
163.800000	0.541990
164.400000	0.509820
165.000000	0.481440
165.600000	0.453660
166.200000	0.421810
166.800000	0.384400
167.400000	0.343440
168.000000	0.303140
168.600000	0.266780
169.200000	0.233540
169.800000	0.201370
170.400000	0.169920
171.000000	0.140040
171.600000	0.114770
172.200000	0.096000
172.800000	0.081440
173.400000	0.068840
174.000000	0.058030
174.600000	0.049260
175.200000	0.042310
175.800000	0.036320
176.400000	0.030520
177.000000	0.025540
177.600000	0.021740
178.200000	0.018420
178.800000	0.015410
179.400000	0.012590
180.000000	0.009890
180.600000	0.007720
181.200000	0.006160
181.800000	0.004890
182.400000	0.003860
183.000000	0.003100
183.600000	0.002490
184.200000	0.002000
184.800000	0.001640
185.400000	0.001280
186.000000	0.000950
186.600000	0.000750
187.200000	0.000640
187.800000	0.000550
188.400000	0.000440
189.000000	0.000290
189.600000	0.000180
190.200000	0.000150
190.800000	0.000160
191.400000	0.000150
192.000000	0.000100
192.600000	0.000030
193.200000	-0.000010
193.800000	-0.000020
194.400000	-0.000050
195.000000	-0.000100
195.600000	-0.000120
196.200000	-0.000100
196.800000	-0.000030
197.400000	0.000060
198.000000	0.000110
198.600000	0.000110
199.200000	0.000070
199.800000	0.000000
200.400000	-0.000040
201.000000	-0.000090
201.600000	-0.000140
202.200000	-0.000180
202.800000	-0.000190
203.400000	-0.000180
204.000000	-0.000160
204.600000	-0.000150
205.200000	-0.000180
205.800000	-0.000240
206.400000	-0.000300
207.000000	-0.000330
207.600000	-0.000340
208.200000	-0.000350
208.800000	-0.000340
209.400000	-0.000330
210.000000	-0.000340
210.600000	-0.000350
211.200000	-0.000370
211.800000	-0.000390
212.400000	-0.000390
213.000000	-0.000380
213.600000	-0.000380
214.200000	-0.000360
214.800000	-0.000340
215.400000	-0.000320
216.000000	-0.000280
216.600000	-0.000240
217.200000	-0.000220
217.800000	-0.000230
218.400000	-0.000260
219.000000	-0.000290
219.600000	-0.000320
220.200000	-0.000300
220.800000	-0.000270
221.400000	-0.000250
222.000000	-0.000240
222.600000	-0.000210
223.200000	-0.000180
223.800000	-0.000150
224.400000	-0.000130
225.000000	-0.000120
225.600000	-0.000110
226.200000	-0.000100
226.800000	-0.000070
227.400000	-0.000030
228.000000	0.000010
228.600000	0.000050
229.200000	0.000100
229.800000	0.000140
230.400000	0.000160
231.000000	0.000140
231.600000	0.000130
232.200000	0.000130
232.800000	0.000130
233.400000	0.000130
234.000000	0.000130
234.600000	0.000130
235.200000	0.000130
235.800000	0.000120
236.400000	0.000120
237.000000	0.000120
237.600000	0.000120
238.200000	0.000120
238.800000	0.000120
239.400000	0.000130
240.000000	0.000150
240.600000	0.000160
241.200000	0.000170
241.800000	0.000180
242.400000	0.000200
243.000000	0.000220
243.600000	0.000240
244.200000	0.000270
244.800000	0.000290
245.400000	0.000300
246.000000	0.000310
246.600000	0.000330
247.200000	0.000340
247.800000	0.000340
248.400000	0.000330
249.000000	0.000320
249.600000	0.000000
