60.000000    0.000000
60.600000    -0.000790
61.200000    -0.000690
61.800000    -0.000670
62.400000    -0.000650
63.000000    -0.000610
63.600000    -0.000580
64.200000    -0.000590
64.800000    -0.000590
65.400000    -0.000550
66.000000    -0.000490
66.600000    -0.000430
67.200000    -0.000400
67.800000    -0.000450
68.400000    -0.000530
69.000000    -0.000520
69.600000    -0.000390
70.200000    -0.000250
70.800000    -0.000170
71.400000    -0.000110
72.000000    -0.000010
72.600000    0.000110
73.200000    0.000190
73.800000    0.000250
74.400000    0.000320
75.000000    0.000360
75.600000    0.000370
76.200000    0.000400
76.800000    0.000430
77.400000    0.000460
78.000000    0.000530
78.600000    0.000640
79.200000    0.000750
79.800000    0.000880
80.400000    0.001000
81.000000    0.001050
81.600000    0.001060
82.200000    0.001060
82.800000    0.001100
83.400000    0.001190
84.000000    0.001310
84.600000    0.001390
85.200000    0.001420
85.800000    0.001490
86.400000    0.001600
87.000000    0.001660
87.600000    0.001700
88.200000    0.001730
88.800000    0.001710
89.400000    0.001720
90.000000    0.001790
90.600000    0.001880
91.200000    0.001930
91.800000    0.001930
92.400000    0.001920
93.000000    0.001930
93.600000    0.002030
94.200000    0.002150
94.800000    0.002080
95.400000    0.001950
96.000000    0.001970
96.600000    0.002100
97.200000    0.002210
97.800000    0.002200
98.400000    0.002070
99.000000    0.002010
99.600000    0.002140
100.200000    0.002340
100.800000    0.002360
101.400000    0.002180
102.000000    0.001990
102.600000    0.001950
103.200000    0.002050
103.800000    0.002190
104.400000    0.002200
105.000000    0.002070
105.600000    0.001990
106.200000    0.002040
106.800000    0.002080
107.400000    0.001970
108.000000    0.001730
108.600000    0.001520
109.200000    0.001510
109.800000    0.001630
110.400000    0.001720
111.000000    0.001700
111.600000    0.001710
112.200000    0.002070
112.800000    0.003200
113.400000    0.005140
114.000000    0.006880
114.600000    0.007140
115.200000    0.006470
115.800000    0.007000
116.400000    0.009600
117.000000    0.012600
117.600000    0.014140
118.200000    0.014060
118.800000    0.014550
119.400000    0.018650
120.000000    0.025480
120.600000    0.030560
121.200000    0.032060
121.800000    0.034540
122.400000    0.044310
123.000000    0.061560
123.600000    0.079630
124.200000    0.091020
124.800000    0.100230
125.400000    0.122740
126.000000    0.161410
126.600000    0.198900
127.200000    0.217510
127.800000    0.223270
128.400000    0.240570
129.000000    0.277640
129.600000    0.315480
130.200000    0.337960
130.800000    0.355020
131.400000    0.388360
132.000000    0.445010
132.600000    0.504330
133.200000    0.541060
133.800000    0.560900
134.400000    0.587380
135.000000    0.624340
135.600000    0.655940
136.200000    0.669760
136.800000    0.667540
137.400000    0.663370
138.000000    0.670030
138.600000    0.689250
139.200000    0.717640
139.800000    0.747260
140.400000    0.767190
141.000000    0.779900
141.600000    0.799010
142.200000    0.826770
142.800000    0.853220
143.400000    0.870480
144.000000    0.877060
144.600000    0.878930
145.200000    0.885670
145.800000    0.899560
146.400000    0.915230
147.000000    0.928690
147.600000    0.936320
148.200000    0.936870
148.800000    0.938830
149.400000    0.945230
150.000000    0.949760
150.600000    0.956240
151.200000    0.971280
151.800000    0.988000
152.400000    0.996860
153.000000    0.998410
153.600000    0.998160
154.200000    0.998660
154.800000    0.999200
155.400000    0.998920
156.000000    0.998960
156.600000    1.000000
157.200000    0.998420
157.800000    0.990420
158.400000    0.978100
159.000000    0.964970
159.600000    0.949140
160.200000    0.926590
160.800000    0.898240
161.400000    0.867840
162.000000    0.834040
162.600000    0.794100
163.200000    0.751840
163.800000    0.712560
164.400000    0.677900
165.000000    0.647440
165.600000    0.616980
166.200000    0.580130
166.800000    0.534620
167.400000    0.483000
168.000000    0.431080
168.600000    0.383590
169.200000    0.339520
169.800000    0.295980
170.400000    0.252490
171.000000    0.210380
171.600000    0.174300
172.200000    0.147380
172.800000    0.126380
173.400000    0.107980
174.000000    0.092010
174.600000    0.078940
175.200000    0.068530
175.800000    0.059450
176.400000    0.050490
177.000000    0.042700
177.600000    0.036720
178.200000    0.031440
178.800000    0.026580
179.400000    0.021940
180.000000    0.017420
180.600000    0.013740
181.200000    0.011070
181.800000    0.008890
182.400000    0.007090
183.000000    0.005740
183.600000    0.004660
184.200000    0.003790
184.800000    0.003130
185.400000    0.002470
186.000000    0.001860
186.600000    0.001480
187.200000    0.001280
187.800000    0.001110
188.400000    0.000890
189.000000    0.000600
189.600000    0.000380
190.200000    0.000320
190.800000    0.000340
191.400000    0.000320
192.000000    0.000220
192.600000    0.000060
193.200000    -0.000030
193.800000    -0.000050
194.400000    -0.000120
195.000000    -0.000220
195.600000    -0.000270
196.200000    -0.000230
196.800000    -0.000070
197.400000    0.000130
198.000000    0.000260
198.600000    0.000270
199.200000    0.000160
199.800000    0.000010
200.400000    -0.000110
201.000000    -0.000220
201.600000    -0.000350
202.200000    -0.000450
202.800000    -0.000480
203.400000    -0.000460
204.000000    -0.000410
204.600000    -0.000380
205.200000    -0.000480
205.800000    -0.000640
206.400000    -0.000800
207.000000    -0.000890
207.600000    -0.000940
208.200000    -0.000970
208.800000    -0.000950
209.400000    -0.000940
210.000000    -0.000960
210.600000    -0.001010
211.200000    -0.001070
211.800000    -0.001130
212.400000    -0.001150
213.000000    -0.001140
213.600000    -0.001130
214.200000    -0.001080
214.800000    -0.001030
215.400000    -0.000970
216.000000    -0.000880
216.600000    -0.000760
217.200000    -0.000700
217.800000    -0.000740
218.400000    -0.000840
219.000000    -0.000950
219.600000    -0.001040
220.200000    -0.001000
220.800000    -0.000890
221.400000    -0.000830
222.000000    -0.000800
222.600000    -0.000720
223.200000    -0.000620
223.800000    -0.000530
224.400000    -0.000460
225.000000    -0.000410
225.600000    -0.000390
226.200000    -0.000340
226.800000    -0.000250
227.400000    -0.000110
228.000000    0.000040
228.600000    0.000180
229.200000    0.000360
229.800000    0.000540
230.400000    0.000590
231.000000    0.000540
231.600000    0.000500
232.200000    0.000500
232.800000    0.000520
233.400000    0.000510
234.000000    0.000500
234.600000    0.000510
235.200000    0.000520
235.800000    0.000500
236.400000    0.000480
237.000000    0.000480
237.600000    0.000510
238.200000    0.000520
238.800000    0.000520
239.400000    0.000570
240.000000    0.000640
240.600000    0.000690
241.200000    0.000740
241.800000    0.000810
242.400000    0.000880
243.000000    0.000980
243.600000    0.001090
244.200000    0.001220
244.800000    0.001330
245.400000    0.001390
246.000000    0.001440
246.600000    0.001520
247.200000    0.001600
247.800000    0.001630
248.400000    0.001590
249.000000    0.001520
249.600000    0.000000
