    45 -1.07469E-06
    46 -1.08191E-06
    47 -1.10288E-06
    48 -1.13655E-06
    49 -1.18189E-06
    50 -1.23785E-06
    51 -1.30339E-06
    52 -1.37748E-06
    53 -1.45906E-06
    54 -1.54710E-06
    55 -1.64055E-06
    56 -1.73838E-06
    57 -1.83954E-06
    58 -1.94300E-06
    59 -2.04771E-06
    60 -2.15262E-06
    61 -2.25688E-06
    62 -2.36033E-06
    63 -2.46300E-06
    64 -2.56490E-06
    65 -2.66607E-06
    66 -2.76652E-06
    67 -2.86628E-06
    68 -2.96538E-06
    69 -3.06383E-06
    70 -3.16166E-06
    71 -3.25889E-06
    72 -3.35556E-06
    73 -3.45167E-06
    74 -3.54725E-06
    75 -3.64234E-06
    76 -3.73799E-06
    77 -3.83948E-06
    78 -3.95311E-06
    79 -4.08520E-06
    80 -4.24205E-06
    81 -4.42999E-06
    82 -4.65532E-06
    83 -4.92435E-06
    84 -5.24340E-06
    85 -5.61877E-06
    86 -6.05678E-06
    87 -6.56375E-06
    88 -7.14597E-06
    89 -7.80978E-06
    90 -8.56146E-06
    91 -9.40372E-06
    92 -1.03247E-05
    93 -1.13089E-05
    94 -1.23410E-05
    95 -1.34054E-05
    96 -1.44866E-05
    97 -1.55692E-05
    98 -1.66377E-05
    99 -1.76767E-05
   100 -1.86707E-05
   101 -1.96042E-05
   102 -2.04618E-05
   103 -2.12279E-05
   104 -2.18872E-05
   105 -2.24241E-05
   106 -2.28281E-05
   107 -2.31084E-05
   108 -2.32791E-05
   109 -2.33543E-05
   110 -2.33482E-05
   111 -2.32748E-05
   112 -2.31482E-05
   113 -2.29827E-05
   114 -2.27922E-05
   115 -2.25909E-05
   116 -2.23929E-05
   117 -2.22123E-05
   118 -2.20632E-05
   119 -2.19598E-05
   120 -2.19161E-05
   121 -2.19428E-05
   122 -2.20368E-05
   123 -2.21912E-05
   124 -2.23995E-05
   125 -2.26549E-05
   126 -2.29508E-05
   127 -2.32805E-05
   128 -2.36374E-05
   129 -2.40147E-05
   130 -2.44059E-05
   131 -2.48041E-05
   132 -2.52027E-05
   133 -2.55952E-05
   134 -2.59747E-05
   135 -2.63346E-05
   136 -2.66699E-05
   137 -2.69820E-05
   138 -2.72740E-05
   139 -2.75491E-05
   140 -2.78102E-05
   141 -2.80606E-05
   142 -2.83032E-05
   143 -2.85413E-05
   144 -2.87778E-05
   145 -2.90159E-05
   146 -2.92587E-05
   147 -2.95093E-05
   148 -2.97707E-05
   149 -3.00460E-05
   150 -3.03384E-05
   151 -3.06497E-05
   152 -3.09764E-05
   153 -3.13139E-05
   154 -3.16575E-05
   155 -3.20024E-05
   156 -3.23441E-05
   157 -3.26778E-05
   158 -3.29988E-05
   159 -3.33025E-05
   160 -3.35841E-05
   161 -3.38390E-05
   162 -3.40625E-05
   163 -3.42498E-05
   164 -3.43964E-05
   165 -3.44975E-05
   166 -3.45506E-05
   167 -3.45612E-05
   168 -3.45374E-05
   169 -3.44868E-05
   170 -3.44173E-05
   171 -3.43367E-05
   172 -3.42529E-05
   173 -3.41736E-05
   174 -3.41067E-05
   175 -3.40600E-05
   176 -3.40413E-05
   177 -3.40584E-05
   178 -3.41191E-05
   179 -3.42313E-05
   180 -3.44027E-05
   181 -3.46388E-05
   182 -3.49355E-05
   183 -3.52862E-05
   184 -3.56843E-05
   185 -3.61233E-05
   186 -3.65968E-05
   187 -3.70980E-05
   188 -3.76206E-05
   189 -3.81579E-05
   190 -3.87035E-05
   191 -3.92507E-05
   192 -3.97931E-05
   193 -4.03240E-05
   194 -4.08370E-05
   195 -4.13256E-05
   196 -4.17855E-05
   197 -4.22224E-05
   198 -4.26441E-05
   199 -4.30588E-05
   200 -4.34743E-05
   201 -4.38986E-05
   202 -4.43397E-05
   203 -4.48055E-05
   204 -4.53040E-05
   205 -4.58433E-05
   206 -4.64312E-05
   207 -4.70757E-05
   208 -4.77848E-05
   209 -4.85664E-05
   210 -4.94286E-05
   211 -5.03752E-05
   212 -5.13943E-05
   213 -5.24697E-05
   214 -5.35854E-05
   215 -5.47253E-05
   216 -5.58733E-05
   217 -5.70133E-05
   218 -5.81294E-05
   219 -5.92053E-05
   220 -6.02251E-05
   221 -6.11726E-05
   222 -6.20319E-05
   223 -6.27867E-05
   224 -6.34211E-05
   225 -6.39190E-05
   226 -6.42708E-05
   227 -6.44936E-05
   228 -6.46108E-05
   229 -6.46460E-05
   230 -6.46226E-05
   231 -6.45643E-05
   232 -6.44945E-05
   233 -6.44367E-05
   234 -6.44145E-05
   235 -6.44514E-05
   236 -6.45709E-05
   237 -6.47965E-05
   238 -6.51518E-05
   239 -6.56602E-05
   240 -6.63453E-05
   241 -6.72227E-05
   242 -6.82760E-05
   243 -6.94810E-05
   244 -7.08135E-05
   245 -7.22492E-05
   246 -7.37638E-05
   247 -7.53331E-05
   248 -7.69329E-05
   249 -7.85388E-05
   250 -8.01267E-05
   251 -8.16723E-05
   252 -8.31513E-05
   253 -8.45394E-05
   254 -8.58125E-05
   255 -8.69463E-05
   256 -8.79226E-05
   257 -8.87480E-05
   258 -8.94349E-05
   259 -8.99962E-05
   260 -9.04442E-05
   261 -9.07918E-05
   262 -9.10513E-05
   263 -9.12356E-05
   264 -9.13571E-05
   265 -9.14285E-05
   266 -9.14624E-05
   267 -9.14715E-05
   268 -9.14682E-05
   269 -9.14652E-05
   270 -9.14751E-05
   271 -9.15079E-05
   272 -9.15626E-05
   273 -9.16357E-05
   274 -9.17234E-05
   275 -9.18223E-05
   276 -9.19287E-05
   277 -9.20391E-05
   278 -9.21497E-05
   279 -9.22571E-05
   280 -9.23575E-05
   281 -9.24475E-05
   282 -9.25235E-05
   283 -9.25817E-05
   284 -9.26186E-05
   285 -9.26307E-05
   286 -9.26118E-05
   287 -9.25460E-05
   288 -9.24152E-05
   289 -9.22008E-05
   290 -9.18845E-05
   291 -9.14481E-05
   292 -9.08731E-05
   293 -9.01413E-05
   294 -8.92344E-05
   295 -8.81338E-05
   296 -8.68214E-05
   297 -8.52788E-05
   298 -8.34877E-05
   299 -8.14296E-05
   300 -7.90863E-05
   301 -7.64467E-05
   302 -7.35283E-05
   303 -7.03560E-05
   304 -6.69545E-05
   305 -6.33486E-05
   306 -5.95632E-05
   307 -5.56231E-05
   308 -5.15530E-05
   309 -4.73778E-05
   310 -4.31223E-05
   311 -3.88113E-05
   312 -3.44695E-05
   313 -3.01218E-05
   314 -2.57930E-05
   315 -2.15079E-05
   316 -1.72487E-05
   317 -1.28272E-05
   318 -8.01255E-06
   319 -2.57408E-06
   320  3.71906E-06
   321  1.10977E-05
   322  1.97925E-05
   323  3.00344E-05
   324  4.20541E-05
   325  5.60824E-05
   326  7.23501E-05
   327  9.10880E-05
   328  1.12527E-04
   329  1.36898E-04
   330  1.64431E-04
   331  1.95292E-04
   332  2.29382E-04
   333  2.66537E-04
   334  3.06593E-04
   335  3.49386E-04
   336  3.94751E-04
   337  4.42525E-04
   338  4.92544E-04
   339  5.44642E-04
   340  5.98657E-04
   341  6.54424E-04
   342  7.11779E-04
   343  7.70557E-04
   344  8.30595E-04
   345  8.91729E-04
   346  9.53825E-04
   347  1.01688E-03
   348  1.08091E-03
   349  1.14594E-03
   350  1.21199E-03
   351  1.27910E-03
   352  1.34728E-03
   353  1.41655E-03
   354  1.48695E-03
   355  1.55849E-03
   356  1.63120E-03
   357  1.70509E-03
   358  1.78020E-03
   359  1.85655E-03
   360  1.93416E-03
   361  2.01301E-03
   362  2.09290E-03
   363  2.17357E-03
   364  2.25478E-03
   365  2.33627E-03
   366  2.41780E-03
   367  2.49912E-03
   368  2.57998E-03
   369  2.66013E-03
   370  2.73932E-03
   371  2.81730E-03
   372  2.89382E-03
   373  2.96863E-03
   374  3.04148E-03
   375  3.11212E-03
   376  3.18036E-03
   377  3.24617E-03
   378  3.30961E-03
   379  3.37072E-03
   380  3.42953E-03
   381  3.48608E-03
   382  3.54042E-03
   383  3.59259E-03
   384  3.64262E-03
   385  3.69056E-03
   386  3.73644E-03
   387  3.78031E-03
   388  3.82221E-03
   389  3.86218E-03
   390  3.90026E-03
   391  3.93649E-03
   392  3.97096E-03
   393  4.00375E-03
   394  4.03494E-03
   395  4.06463E-03
   396  4.09289E-03
   397  4.11982E-03
   398  4.14549E-03
   399  4.16999E-03
   400  4.19342E-03
   401  4.21585E-03
   402  4.23737E-03
   403  4.25807E-03
   404  4.27802E-03
   405  4.29733E-03
   406  4.31608E-03
   407  4.33448E-03
   408  4.35273E-03
   409  4.37105E-03
   410  4.38964E-03
   411  4.40870E-03
   412  4.42847E-03
   413  4.44913E-03
   414  4.47091E-03
   415  4.49401E-03
   416  4.51864E-03
   417  4.54501E-03
   418  4.57334E-03
   419  4.60383E-03
   420  4.63669E-03
   421  4.67203E-03
   422  4.70955E-03
   423  4.74886E-03
   424  4.78954E-03
   425  4.83120E-03
   426  4.87343E-03
   427  4.91584E-03
   428  4.95803E-03
   429  4.99958E-03
   430  5.04011E-03
   431  5.07920E-03
   432  5.11647E-03
   433  5.15150E-03
   434  5.18390E-03
   435  5.21326E-03
   436  5.23932E-03
   437  5.26241E-03
   438  5.28295E-03
   439  5.30142E-03
   440  5.31825E-03
   441  5.33391E-03
   442  5.34884E-03
   443  5.36349E-03
   444  5.37832E-03
   445  5.39378E-03
   446  5.41032E-03
   447  5.42839E-03
   448  5.44844E-03
   449  5.47093E-03
   450  5.49630E-03
   451  5.52484E-03
   452  5.55612E-03
   453  5.58958E-03
   454  5.62462E-03
   455  5.66066E-03
   456  5.69711E-03
   457  5.73339E-03
   458  5.76891E-03
   459  5.80308E-03
   460  5.83534E-03
   461  5.86507E-03
   462  5.89171E-03
   463  5.91467E-03
   464  5.93336E-03
   465  5.94720E-03
   466  5.95584E-03
   467  5.95993E-03
   468  5.96035E-03
   469  5.95797E-03
   470  5.95368E-03
   471  5.94836E-03
   472  5.94290E-03
   473  5.93817E-03
   474  5.93506E-03
   475  5.93444E-03
   476  5.93721E-03
   477  5.94424E-03
   478  5.95641E-03
   479  5.97461E-03
   480  5.99971E-03
   481  6.03229E-03
   482  6.07164E-03
   483  6.11675E-03
   484  6.16661E-03
   485  6.22019E-03
   486  6.27648E-03
   487  6.33447E-03
   488  6.39315E-03
   489  6.45149E-03
   490  6.50848E-03
   491  6.56311E-03
   492  6.61436E-03
   493  6.66122E-03
   494  6.70266E-03
   495  6.73769E-03
   496  6.76552E-03
   497  6.78639E-03
   498  6.80078E-03
   499  6.80918E-03
   500  6.81205E-03
   501  6.80988E-03
   502  6.80316E-03
   503  6.79235E-03
   504  6.77795E-03
   505  6.76043E-03
   506  6.74026E-03
   507  6.71794E-03
   508  6.69394E-03
   509  6.66874E-03
   510  6.64282E-03
   511  6.61658E-03
   512  6.59013E-03
   513  6.56348E-03
   514  6.53666E-03
   515  6.50969E-03
   516  6.48260E-03
   517  6.45539E-03
   518  6.42810E-03
   519  6.40076E-03
   520  6.37337E-03
   521  6.34596E-03
   522  6.31856E-03
   523  6.29119E-03
   524  6.26387E-03
   525  6.23662E-03
   526  6.20934E-03
   527  6.18143E-03
   528  6.15218E-03
   529  6.12088E-03
   530  6.08679E-03
   531  6.04920E-03
   532  6.00740E-03
   533  5.96066E-03
   534  5.90827E-03
   535  5.84951E-03
   536  5.78366E-03
   537  5.71000E-03
   538  5.62781E-03
   539  5.53638E-03
   540  5.43498E-03
   541  5.32314E-03
   542  5.20130E-03
   543  5.07016E-03
   544  4.93040E-03
   545  4.78270E-03
   546  4.62777E-03
   547  4.46627E-03
   548  4.29891E-03
   549  4.12637E-03
   550  3.94934E-03
   551  3.76850E-03
   552  3.58455E-03
   553  3.39817E-03
   554  3.21004E-03
   555  3.02086E-03
   556  2.83133E-03
   557  2.64221E-03
   558  2.45429E-03
   559  2.26835E-03
   560  2.08516E-03
   561  1.90550E-03
   562  1.73017E-03
   563  1.55993E-03
   564  1.39556E-03
   565  1.23786E-03
   566  1.08759E-03
   567  9.45543E-04
   568  8.12495E-04
   569  6.89226E-04
   570  5.76518E-04
   571  4.74894E-04
   572  3.83858E-04
   573  3.02654E-04
   574  2.30529E-04
   575  1.66728E-04
   576  1.10498E-04
   577  6.10853E-05
   578  1.77349E-05
   579 -2.03069E-05
   580 -5.37941E-05
   581 -8.34806E-05
   582 -1.10120E-04
   583 -1.34468E-04
   584 -1.57276E-04
   585 -1.79300E-04
   586 -2.01169E-04
   587 -2.23014E-04
   588 -2.44840E-04
   589 -2.66654E-04
   590 -2.88462E-04
   591 -3.10271E-04
   592 -3.32086E-04
   593 -3.53914E-04
   594 -3.75761E-04
   595 -3.97633E-04
   596 -4.19536E-04
   597 -4.41476E-04
   598 -4.63461E-04
   599 -4.85495E-04
   600 -5.07585E-04
   601 -5.29715E-04
   602 -5.51783E-04
   603 -5.73664E-04
   604 -5.95234E-04
   605 -6.16367E-04
   606 -6.36939E-04
   607 -6.56826E-04
   608 -6.75902E-04
   609 -6.94044E-04
   610 -7.11127E-04
   611 -7.27026E-04
   612 -7.41616E-04
   613 -7.54773E-04
   614 -7.66372E-04
   615 -7.76289E-04
   616 -7.84434E-04
   617 -7.90865E-04
   618 -7.95672E-04
   619 -7.98948E-04
   620 -8.00783E-04
   621 -8.01271E-04
   622 -8.00503E-04
   623 -7.98570E-04
   624 -7.95565E-04
   625 -7.91579E-04
   626 -7.86704E-04
   627 -7.81032E-04
   628 -7.74655E-04
   629 -7.67664E-04
   630 -7.60151E-04
   631 -7.52184E-04
   632 -7.43727E-04
   633 -7.34722E-04
   634 -7.25109E-04
   635 -7.14829E-04
   636 -7.03822E-04
   637 -6.92030E-04
   638 -6.79393E-04
   639 -6.65851E-04
   640 -6.51346E-04
   641 -6.35819E-04
   642 -6.19209E-04
   643 -6.01457E-04
   644 -5.82505E-04
   645 -5.62293E-04
   646 -5.40800E-04
   647 -5.18155E-04
   648 -4.94527E-04
   649 -4.70085E-04
   650 -4.44997E-04
   651 -4.19430E-04
   652 -3.93553E-04
   653 -3.67535E-04
   654 -3.41544E-04
   655 -3.15747E-04
   656 -2.90313E-04
   657 -2.65410E-04
   658 -2.41207E-04
   659 -2.17872E-04
   660 -1.95573E-04
   661 -1.74444E-04
   662 -1.54484E-04
   663 -1.35660E-04
   664 -1.17937E-04
   665 -1.01279E-04
   666 -8.56529E-05
   667 -7.10234E-05
   668 -5.73562E-05
   669 -4.46166E-05
   670 -3.27701E-05
   671 -2.17822E-05
   672 -1.16182E-05
   673 -2.24366E-06
   674  6.37610E-06
   675  1.42756E-05
   676  2.14907E-05
   677  2.80627E-05
   678  3.40339E-05
   679  3.94470E-05
   680  4.43443E-05
   681  4.87683E-05
   682  5.27616E-05
   683  5.63666E-05
   684  5.96258E-05
   685  6.25817E-05
   686  6.52768E-05
   687  6.77536E-05
   688  7.00545E-05
   689  7.22221E-05
   690  7.42988E-05
   691  7.63176E-05
   692  7.82739E-05
   693  8.01533E-05
   694  8.19416E-05
   695  8.36245E-05
   696  8.51879E-05
   697  8.66175E-05
   698  8.78990E-05
   699  8.90182E-05
   700  8.99609E-05
   701  9.07128E-05
   702  9.12597E-05
   703  9.15874E-05
   704  9.16816E-05
   705  9.15280E-05
   706  9.11175E-05
   707  9.04603E-05
   708  8.95718E-05
   709  8.84674E-05
   710  8.71624E-05
   711  8.56721E-05
   712  8.40119E-05
   713  8.21971E-05
   714  8.02431E-05
   715  7.81651E-05
   716  7.59786E-05
   717  7.36989E-05
   718  7.13412E-05
   719  6.89211E-05
   720  6.64537E-05
   721  6.39527E-05
   722  6.14250E-05
   723  5.88754E-05
   724  5.63091E-05
   725  5.37311E-05
   726  5.11465E-05
   727  4.85603E-05
   728  4.59775E-05
   729  4.34032E-05
   730  4.08425E-05
   731  3.83003E-05
   732  3.57817E-05
   733  3.32919E-05
   734  3.08357E-05
   735  2.84183E-05
   736  2.60447E-05
   737  2.37198E-05
   738  2.14485E-05
   739  1.92358E-05
   740  1.70865E-05
   741  1.50056E-05
   742  1.29979E-05
   743  1.10684E-05
   744  9.22192E-06
   745  7.46347E-06
   746  5.79791E-06
   747  4.23016E-06
   748  2.76513E-06
   749  1.40771E-06
   750  1.62826E-07
   751 -9.66642E-07
   752 -1.98591E-06
   753 -2.90224E-06
   754 -3.72285E-06
   755 -4.45501E-06
   756 -5.10595E-06
   757 -5.68292E-06
   758 -6.19316E-06
   759 -6.64392E-06
   760 -7.04244E-06
   761 -7.39597E-06
   762 -7.71176E-06
   763 -7.99705E-06
   764 -8.25908E-06
   765 -8.50509E-06
   766 -8.74071E-06
   767 -8.96499E-06
   768 -9.17539E-06
   769 -9.36935E-06
   770 -9.54429E-06
   771 -9.69767E-06
   772 -9.82692E-06
   773 -9.92948E-06
   774 -1.00028E-05
   775 -1.00443E-05
   776 -1.00514E-05
   777 -1.00216E-05
   778 -9.95233E-06
   779 -9.84099E-06
   780 -9.68504E-06
   781 -9.48297E-06
   782 -9.23747E-06
   783 -8.95231E-06
   784 -8.63122E-06
   785 -8.27795E-06
   786 -7.89626E-06
   787 -7.48989E-06
   788 -7.06259E-06
   789 -6.61811E-06
   790 -6.16020E-06
   791 -5.69261E-06
   792 -5.21909E-06
   793 -4.74338E-06
   794 -4.26924E-06
   795 -3.80041E-06
   796 -3.34032E-06
   797 -2.89108E-06
   798 -2.45448E-06
   799 -2.03231E-06
   800 -1.62636E-06
   801 -1.23842E-06
   802 -8.70279E-07
   803 -5.23720E-07
   804 -2.00537E-07
   805  9.74821E-08
   806  3.68548E-07
   807  6.10873E-07
   808  8.22666E-07
   809  1.00214E-06
   810  1.14750E-06
   811  1.25775E-06
   812  1.33502E-06
   813  1.38223E-06
   814  1.40229E-06
   815  1.39812E-06
   816  1.37264E-06
   817  1.32876E-06
   818  1.26940E-06
   819  1.19748E-06
   820  1.11592E-06
   821  1.02763E-06
   822  9.35528E-07
   823  8.42534E-07
   824  7.51564E-07
   825  6.65534E-07
   826  5.86816E-07
   827  5.15590E-07
   828  4.51492E-07
   829  3.94156E-07
   830  3.43217E-07
   831  2.98309E-07
   832  2.59068E-07
   833  2.25129E-07
   834  1.96125E-07
   835  1.71692E-07
   836  1.51465E-07
   837  1.35077E-07
   838  1.22165E-07
   839  1.12363E-07
   840  1.05305E-07
   841  1.00712E-07
   842  9.86430E-08
   843  9.92444E-08
   844  1.02661E-07
   845  1.09039E-07
   846  1.18523E-07
   847  1.31259E-07
   848  1.47392E-07
   849  1.67068E-07
   850  1.90431E-07
   851  2.17628E-07
   852  2.48803E-07
   853  2.84103E-07
   854  3.23672E-07
   855  3.67656E-07
   856  4.16009E-07
   857  4.67922E-07
   858  5.22392E-07
   859  5.78420E-07
   860  6.35003E-07
   861  6.91141E-07
   862  7.45833E-07
   863  7.98077E-07
   864  8.46872E-07
   865  8.91217E-07
   866  9.30112E-07
   867  9.62554E-07
   868  9.87543E-07
   869  1.00408E-06
   870  1.01116E-06
   871  1.00806E-06
   872  9.95195E-07
   873  9.73249E-07
   874  9.42911E-07
   875  9.04866E-07
   876  8.59805E-07
   877  8.08414E-07
   878  7.51381E-07
   879  6.89394E-07
   880  6.23141E-07
   881  5.53311E-07
   882  4.80590E-07
   883  4.05666E-07
   884  3.29228E-07
   885  2.51963E-07
   886  1.74546E-07
   887  9.75975E-08
   888  2.17238E-08
   889 -5.24678E-08
   890 -1.24370E-07
   891 -1.93377E-07
   892 -2.58880E-07
   893 -3.20273E-07
   894 -3.76948E-07
   895 -4.28300E-07
   896 -4.73720E-07
   897 -5.12602E-07
   898 -5.44339E-07
   899 -5.68324E-07
   900 -5.83949E-07
   901 -5.90782E-07
   902 -5.89081E-07
   903 -5.79280E-07
   904 -5.61810E-07
   905 -5.37106E-07
   906 -5.05599E-07
   907 -4.67723E-07
   908 -4.23910E-07
   909 -3.74593E-07
   910 -3.20205E-07
   911 -2.61178E-07
   912 -1.97946E-07
   913 -1.30941E-07
   914 -6.05955E-08
   915  1.26569E-08
   916  8.82421E-08
   917  1.65018E-07
   918  2.41701E-07
   919  3.17007E-07
   920  3.89653E-07
   921  4.58355E-07
   922  5.21830E-07
   923  5.78792E-07
   924  6.27960E-07
   925  6.68048E-07
   926  6.97775E-07
   927  7.15854E-07
   928  7.21004E-07
   929  7.11940E-07
   930  6.87379E-07
   931  6.46554E-07
   932  5.90773E-07
   933  5.21861E-07
   934  4.41642E-07
   935  3.51941E-07
   936  2.54584E-07
   937  1.51394E-07
   938  4.41963E-08
   939 -6.51833E-08
   940 -1.74921E-07
   941 -2.83191E-07
   942 -3.88169E-07
   943 -4.88030E-07
   944 -5.80950E-07
   945 -6.65103E-07
   946 -7.39008E-07
   947 -8.02559E-07
   948 -8.55991E-07
   949 -8.99543E-07
   950 -9.33451E-07
   951 -9.57951E-07
   952 -9.73281E-07
   953 -9.79676E-07
   954 -9.77375E-07
   955 -9.66613E-07
   956 -9.47628E-07
   957 -9.20655E-07
   958 -8.85933E-07
   959 -8.43698E-07
   960 -7.94187E-07
   961 -7.37749E-07
   962 -6.75187E-07
   963 -6.07418E-07
   964 -5.35358E-07
   965 -4.59922E-07
   966 -3.82027E-07
   967 -3.02588E-07
   968 -2.22523E-07
   969 -1.42746E-07
   970 -6.41744E-08
   971  1.22763E-08
   972  8.56900E-08
   973  1.55151E-07
   974  2.19742E-07
   975  2.78548E-07
   976  3.30820E-07
   977  3.76478E-07
   978  4.15608E-07
   979  4.48299E-07
   980  4.74636E-07
   981  4.94708E-07
   982  5.08600E-07
   983  5.16401E-07
   984  5.18197E-07
   985  5.14076E-07
   986  5.04123E-07
   987  4.88427E-07
   988  4.67075E-07
   989  4.40153E-07
   990  4.07749E-07
   991  3.70017E-07
   992  3.27376E-07
   993  2.80315E-07
   994  2.29322E-07
   995  1.74882E-07
   996  1.17485E-07
   997  5.76173E-08
   998 -4.23364E-09
   999 -6.75802E-08
  1000 -1.31935E-07
  1001 -1.96810E-07
  1002 -2.61719E-07
  1003 -3.26174E-07
  1004 -3.89687E-07
  1005 -4.51771E-07
  1006 -5.11911E-07
  1007 -5.69486E-07
  1008 -6.23844E-07
  1009 -6.74337E-07
  1010 -7.20315E-07
  1011 -7.61128E-07
  1012 -7.96126E-07
  1013 -8.24661E-07
  1014 -8.46082E-07
  1015 -8.59739E-07
  1016 -8.64983E-07
  1017 -8.61165E-07
  1018 -8.47634E-07
  1019 -8.23741E-07
  1020 -7.88836E-07
  1021 -7.42655E-07
  1022 -6.86469E-07
  1023 -6.21937E-07
  1024 -5.50715E-07
  1025 -4.74461E-07
  1026 -3.94831E-07
  1027 -3.13484E-07
  1028 -2.32077E-07
  1029 -1.52265E-07
  1030 -7.57085E-08
  1031 -4.06262E-09
  1032  6.10147E-08
  1033  1.17866E-07
  1034  1.64835E-07
  1035  2.00264E-07
  1036  2.22991E-07
  1037  2.33844E-07
  1038  2.34146E-07
  1039  2.25219E-07
  1040  2.08387E-07
  1041  1.84972E-07
  1042  1.56298E-07
  1043  1.23687E-07
  1044  8.84621E-08
  1045  5.19470E-08
  1046  1.54643E-08
  1047 -1.96629E-08
  1048 -5.21117E-08
  1049 -8.05591E-08
  1050 -1.03682E-07
  1051 -1.20480E-07
  1052 -1.31242E-07
  1053 -1.36579E-07
  1054 -1.37103E-07
  1055 -1.33424E-07
  1056 -1.26154E-07
  1057 -1.15905E-07
  1058 -1.03288E-07
  1059 -8.89131E-08
  1060 -7.33928E-08
  1061 -5.73380E-08
  1062 -4.13600E-08
  1063 -2.60701E-08
  1064 -1.20797E-08
  1065  0.00000E+00
  1066  9.69512E-09
  1067  1.70814E-08
  1068  2.23721E-08
  1069  2.57803E-08
  1070  2.75193E-08
  1071  2.78022E-08
  1072  2.68421E-08
  1073  2.48524E-08
  1074  2.20462E-08
  1075  1.86366E-08
  1076  1.48368E-08
  1077  1.08601E-08
  1078  6.91962E-09
  1079  3.22852E-09
  1080  0.00000E+00
  1081 -2.59780E-09
  1082 -4.57695E-09
  1083 -5.99459E-09
  1084 -6.90782E-09
  1085 -7.37377E-09
  1086 -7.44957E-09
  1087 -7.19233E-09
  1088 -6.65919E-09
  1089 -5.90725E-09
  1090 -4.99366E-09
  1091 -3.97552E-09
  1092 -2.90996E-09
  1093 -1.85411E-09
  1094 -8.65079E-10
  1095  0.00000E+00
  1096  6.96079E-10
  1097  1.22639E-09
  1098  1.60624E-09
  1099  1.85094E-09
  1100  1.97580E-09
  1101  1.99611E-09
  1102  1.92718E-09
  1103  1.78432E-09
  1104  1.58284E-09
  1105  1.33805E-09
  1106  1.06524E-09
  1107  7.79722E-10
  1108  4.96807E-10
  1109  2.31797E-10
  1110  0.00000E+00
  1111 -1.86514E-10
  1112 -3.28611E-10
  1113 -4.30392E-10
  1114 -4.95959E-10
  1115 -5.29413E-10
  1116 -5.34855E-10
  1117 -5.16386E-10
  1118 -4.78108E-10
  1119 -4.24122E-10
  1120 -3.58528E-10
  1121 -2.85429E-10
  1122 -2.08926E-10
  1123 -1.33119E-10
  1124 -6.21099E-11
  1125  0.00000E+00
  1126  4.99762E-11
  1127  8.80509E-11
  1128  1.15323E-10
  1129  1.32892E-10
  1130  1.41856E-10
  1131  1.43314E-10
  1132  1.38365E-10
  1133  1.28109E-10
  1134  1.13643E-10
  1135  9.60674E-11
  1136  7.64806E-11
  1137  5.59815E-11
  1138  3.56691E-11
  1139  1.66423E-11
  1140  0.00000E+00
  1141 -1.33911E-11
  1142 -2.35932E-11
  1143 -3.09008E-11
  1144 -3.56083E-11
  1145 -3.80101E-11
  1146 -3.84008E-11
  1147 -3.70749E-11
  1148 -3.43266E-11
  1149 -3.04506E-11
  1150 -2.57412E-11
  1151 -2.04929E-11
  1152 -1.50002E-11
  1153 -9.55751E-12
  1154 -4.45929E-12
  1155  0.00000E+00
  1156  3.58813E-12
  1157  6.32177E-12
  1158  8.27983E-12
  1159  9.54120E-12
  1160  1.01848E-11
  1161  1.02895E-11
  1162  9.93418E-12
  1163  9.19779E-12
  1164  8.15921E-12
  1165  6.89733E-12
  1166  5.49106E-12
  1167  4.01929E-12
  1168  2.56093E-12
  1169  1.19486E-12
  1170  0.00000E+00
  1171 -9.61436E-13
  1172 -1.69391E-12
  1173 -2.21857E-12
  1174 -2.55656E-12
  1175 -2.72900E-12
  1176 -2.75706E-12
  1177 -2.66185E-12
  1178 -2.46454E-12
  1179 -2.18625E-12
  1180 -1.84813E-12
  1181 -1.47132E-12
  1182 -1.07697E-12
  1183 -6.86198E-13
  1184 -3.20163E-13
  1185  0.00000E+00
  1186  2.57616E-13
  1187  4.53883E-13
  1188  5.94465E-13
  1189  6.85027E-13
  1190  7.31235E-13
  1191  7.38751E-13
  1192  7.13242E-13
  1193  6.60371E-13
  1194  5.85805E-13
  1195  4.95206E-13
  1196  3.94240E-13
  1197  2.88572E-13
  1198  1.83866E-13
  1199  8.57873E-14
  1200  0.00000E+00
  1201 -6.90280E-14
  1202 -1.21618E-13
  1203 -1.59286E-13
  1204 -1.83553E-13
  1205 -1.95934E-13
  1206 -1.97948E-13
  1207 -1.91113E-13
  1208 -1.76946E-13
  1209 -1.56966E-13
  1210 -1.32690E-13
  1211 -1.05636E-13
  1212 -7.73226E-14
  1213 -4.92668E-14
  1214 -2.29866E-14
  1215  0.00000E+00
  1216  1.84960E-14
  1217  3.25873E-14
  1218  4.26807E-14
  1219  4.91828E-14
  1220  5.25003E-14
  1221  5.30399E-14
  1222  5.12085E-14
  1223  4.74125E-14
  1224  4.20589E-14
  1225  3.55542E-14
  1226  2.83052E-14
  1227  2.07185E-14
  1228  1.32010E-14
  1229  6.15925E-15
  1230  0.00000E+00
  1231 -4.95599E-15
  1232 -8.73175E-15
  1233 -1.14363E-14
  1234 -1.31785E-14
  1235 -1.40674E-14
  1236 -1.42120E-14
  1237 -1.37213E-14
  1238 -1.27042E-14
  1239 -1.12696E-14
  1240 -9.52672E-15
  1241 -7.58435E-15
  1242 -5.55152E-15
  1243 -3.53720E-15
  1244 -1.65037E-15
  1245  0.00000E+00
  1246  1.32795E-15
  1247  2.33966E-15
  1248  3.06433E-15
  1249  3.53116E-15
  1250  3.76935E-15
  1251  3.80810E-15
  1252  3.67660E-15
  1253  3.40407E-15
  1254  3.01969E-15
  1255  2.55268E-15
  1256  2.03222E-15
  1257  1.48752E-15
  1258  9.47789E-16
  1259  4.42214E-16
  1260  0.00000E+00
  1261 -3.55824E-16
  1262 -6.26911E-16
  1263 -8.21086E-16
  1264 -9.46172E-16
  1265 -1.00999E-15
  1266 -1.02038E-15
  1267 -9.85143E-16
  1268 -9.12117E-16
  1269 -8.09124E-16
  1270 -6.83987E-16
  1271 -5.44532E-16
  1272 -3.98581E-16
  1273 -2.53959E-16
  1274 -1.18491E-16
  1275  0.00000E+00
  1276  9.53427E-17
  1277  1.67980E-16
  1278  2.20009E-16
  1279  2.53526E-16
  1280  2.70627E-16
  1281  2.73409E-16
  1282  2.63968E-16
  1283  2.44401E-16
  1284  2.16804E-16
  1285  1.83274E-16
  1286  1.45907E-16
  1287  1.06799E-16
  1288  6.80482E-17
  1289  3.17495E-17
  1290  0.00000E+00
  1291 -2.55470E-17
  1292 -4.50102E-17
  1293 -5.89513E-17
  1294 -6.79321E-17
  1295 -7.25143E-17
  1296 -7.32597E-17
  1297 -7.07301E-17
  1298 -6.54870E-17
  1299 -5.80925E-17
  1300 -4.91081E-17
  1301 -3.90956E-17
  1302 -2.86168E-17
  1303 -1.82335E-17
  1304 -8.50727E-18
  1305  0.00000E+00
  1306  6.84530E-18
  1307  1.20604E-17
  1308  1.57960E-17
  1309  1.82024E-17
  1310  1.94302E-17
  1311  1.96299E-17
  1312  1.89521E-17
  1313  1.75472E-17
  1314  1.55658E-17
  1315  1.31585E-17
  1316  1.04756E-17
  1317  7.66785E-18
  1318  4.88564E-18
  1319  2.27951E-18
  1320  0.00000E+00
  1321 -1.83419E-18
  1322 -3.23159E-18
  1323 -4.23251E-18
  1324 -4.87731E-18
  1325 -5.20629E-18
  1326 -5.25981E-18
  1327 -5.07819E-18
  1328 -4.70176E-18
  1329 -4.17085E-18
  1330 -3.52580E-18
  1331 -2.80694E-18
  1332 -2.05460E-18
  1333 -1.30910E-18
  1334 -6.10794E-19
  1335  0.00000E+00
  1336  4.91470E-19
  1337  8.65901E-19
  1338  1.13410E-18
  1339  1.30687E-18
  1340  1.39502E-18
  1341  1.40936E-18
  1342  1.36070E-18
  1343  1.25983E-18
  1344  1.11758E-18
  1345  9.44736E-19
  1346  7.52117E-19
  1347  5.50527E-19
  1348  3.50773E-19
  1349  1.63662E-19
  1350  0.00000E+00
  1351 -1.31689E-19
  1352 -2.32017E-19
  1353 -3.03881E-19
  1354 -3.50175E-19
  1355 -3.73795E-19
  1356 -3.77637E-19
  1357 -3.64598E-19
  1358 -3.37571E-19
  1359 -2.99454E-19
  1360 -2.53141E-19
  1361 -2.01529E-19
  1362 -1.47513E-19
  1363 -9.39894E-20
  1364 -4.38530E-20
  1365  0.00000E+00
  1366  3.52860E-20
  1367  6.21689E-20
  1368  8.14246E-20
  1369  9.38290E-20
  1370  1.00158E-19
  1371  1.01188E-19
  1372  9.76936E-20
  1373  9.04519E-20
  1374  8.02384E-20
  1375  6.78290E-20
  1376  5.39996E-20
  1377  3.95261E-20
  1378  2.51844E-20
  1379  1.17504E-20
  1380  0.00000E+00
  1381 -9.45485E-21
  1382 -1.66581E-20
  1383 -2.18177E-20
  1384 -2.51414E-20
  1385 -2.68373E-20
  1386 -2.71131E-20
  1387 -2.61769E-20
  1388 -2.42365E-20
  1389 -2.14998E-20
  1390 -1.81747E-20
  1391 -1.44691E-20
  1392 -1.05910E-20
  1393 -6.74813E-21
  1394 -3.14851E-21
  1395  0.00000E+00
  1396  2.53342E-21
  1397  4.46352E-21
  1398  5.84602E-21
  1399  6.73662E-21
  1400  7.19103E-21
  1401  7.26495E-21
  1402  7.01409E-21
  1403  6.49415E-21
  1404  5.76086E-21
  1405  4.86990E-21
  1406  3.87699E-21
  1407  2.83784E-21
  1408  1.80816E-21
  1409  8.43640E-22
  1410  0.00000E+00
  1411 -6.78828E-22
  1412 -1.19600E-21
  1413 -1.56644E-21
  1414 -1.80507E-21
  1415 -1.92683E-21
  1416 -1.94664E-21
  1417 -1.87942E-21
  1418 -1.74010E-21
  1419 -1.54362E-21
  1420 -1.30489E-21
  1421 -1.03884E-21
  1422 -7.60398E-22
  1423 -4.84494E-22
  1424 -2.26053E-22
  1425  0.00000E+00
  1426  1.81891E-22
  1427  3.20467E-22
  1428  4.19726E-22
  1429  4.83668E-22
  1430  5.16292E-22
  1431  5.21600E-22
  1432  5.03589E-22
  1433  4.66259E-22
  1434  4.13611E-22
  1435  3.49643E-22
  1436  2.78356E-22
  1437  2.03748E-22
  1438  1.29820E-22
  1439  6.05706E-23
  1440  0.00000E+00
  1441 -4.87376E-23
  1442 -8.58688E-23
  1443 -1.12465E-22
  1444 -1.29598E-22
  1445 -1.38340E-22
  1446 -1.39762E-22
  1447 -1.34936E-22
  1448 -1.24934E-22
  1449 -1.10827E-22
  1450 -9.36866E-23
  1451 -7.45852E-23
  1452 -5.45941E-23
  1453 -3.47851E-23
  1454 -1.62298E-23
  1455  0.00000E+00
  1456  1.30592E-23
  1457  2.30085E-23
  1458  3.01349E-23
  1459  3.47258E-23
  1460  3.70681E-23
  1461  3.74492E-23
  1462  3.61560E-23
  1463  3.34759E-23
  1464  2.96959E-23
  1465  2.51032E-23
  1466  1.99850E-23
  1467  1.46284E-23
  1468  9.32064E-24
  1469  4.34878E-24
  1470  0.00000E+00
  1471 -3.49921E-24
  1472 -6.16510E-24
  1473 -8.07463E-24
  1474 -9.30474E-24
  1475 -9.93238E-24
  1476 -1.00345E-23
  1477 -9.68798E-24
  1478 -8.96984E-24
  1479 -7.95700E-24
  1480 -6.72639E-24
  1481 -5.35497E-24
  1482 -3.91968E-24
  1483 -2.49746E-24
  1484 -1.16525E-24
  1485  0.00000E+00
  1486  9.37609E-25
  1487  1.65193E-24
  1488  2.16359E-24
  1489  2.49320E-24
  1490  2.66137E-24
  1491  2.68873E-24
  1492  2.59589E-24
  1493  2.40346E-24
  1494  2.13207E-24
  1495  1.80233E-24
  1496  1.43486E-24
  1497  1.05028E-24
  1498  6.69192E-25
  1499  3.12228E-25
  1500  0.00000E+00
  1501 -2.51232E-25
  1502 -4.42634E-25
  1503 -5.79732E-25
  1504 -6.68051E-25
  1505 -7.13112E-25
  1506 -7.20443E-25
  1507 -6.95566E-25
  1508 -6.44006E-25
  1509 -5.71287E-25
  1510 -4.82933E-25
  1511 -3.84470E-25
  1512 -2.81420E-25
  1513 -1.79309E-25
  1514 -8.36612E-26
  1515  0.00000E+00
  1516  6.73173E-26
  1517  1.18603E-25
  1518  1.55339E-25
  1519  1.79004E-25
  1520  1.91078E-25
  1521  1.93042E-25
  1522  1.86376E-25
  1523  1.72561E-25
  1524  1.53076E-25
  1525  1.29402E-25
  1526  1.03018E-25
  1527  7.54064E-26
  1528  4.80458E-26
  1529  2.24170E-26
  1530  0.00000E+00
  1531 -1.80376E-26
  1532 -3.17797E-26
  1533 -4.16229E-26
  1534 -4.79639E-26
  1535 -5.11992E-26
  1536 -5.17255E-26
  1537 -4.99394E-26
  1538 -4.62375E-26
  1539 -4.10165E-26
  1540 -3.46731E-26
  1541 -2.76037E-26
  1542 -2.02051E-26
  1543 -1.28738E-26
  1544 -6.00661E-27
  1545  0.00000E+00
  1546  4.83316E-27
  1547  8.51535E-27
  1548  1.11528E-26
  1549  1.28519E-26
  1550  1.37188E-26
  1551  1.38598E-26
  1552  1.33812E-26
  1553  1.23893E-26
  1554  1.09903E-26
  1555  9.29062E-27
  1556  7.39639E-27
  1557  5.41393E-27
  1558  3.44954E-27
  1559  1.60946E-27
  1560  0.00000E+00
  1561 -1.29504E-27
  1562 -2.28168E-27
  1563 -2.98839E-27
  1564 -3.44365E-27
  1565 -3.67593E-27
  1566 -3.71372E-27
  1567 -3.58549E-27
  1568 -3.31970E-27
  1569 -2.94485E-27
  1570 -2.48941E-27
  1571 -1.98186E-27
  1572 -1.45066E-27
  1573 -9.24300E-28
  1574 -4.31255E-28
  1575  0.00000E+00
  1576  3.47006E-28
  1577  6.11374E-28
  1578  8.00737E-28
  1579  9.22723E-28
  1580  9.84964E-28
  1581  9.95088E-28
  1582  9.60728E-28
  1583  8.89512E-28
  1584  7.89071E-28
  1585  6.67036E-28
  1586  5.31037E-28
  1587  3.88703E-28
  1588  2.47665E-28
  1589  1.15554E-28
  1590  0.00000E+00
  1591 -9.29799E-29
  1592 -1.63817E-28
  1593 -2.14557E-28
  1594 -2.47243E-28
  1595 -2.63920E-28
  1596 -2.66633E-28
  1597 -2.57426E-28
  1598 -2.38344E-28
  1599 -2.11431E-28
  1600 -1.78732E-28
  1601 -1.42291E-28
  1602 -1.04153E-28
  1603 -6.63618E-29
  1604 -3.09627E-29
  1605  0.00000E+00
  1606  2.49139E-29
  1607  4.38947E-29
  1608  5.74903E-29
  1609  6.62486E-29
  1610  7.07172E-29
  1611  7.14441E-29
  1612  6.89772E-29
  1613  6.38641E-29
  1614  5.66528E-29
  1615  4.78910E-29
  1616  3.81267E-29
  1617  2.79076E-29
  1618  1.77816E-29
  1619  8.29643E-30
  1620  0.00000E+00
  1621 -6.67565E-30
  1622 -1.17616E-29
  1623 -1.54045E-29
  1624 -1.77512E-29
  1625 -1.89486E-29
  1626 -1.91434E-29
  1627 -1.84824E-29
  1628 -1.71123E-29
  1629 -1.51801E-29
  1630 -1.28324E-29
  1631 -1.02160E-29
  1632 -7.47782E-30
  1633 -4.76456E-30
  1634 -2.22302E-30
  1635  0.00000E+00
  1636  1.78874E-30
  1637  3.15150E-30
  1638  4.12762E-30
  1639  4.75643E-30
  1640  5.07727E-30
  1641  5.12946E-30
  1642  4.95234E-30
  1643  4.58523E-30
  1644  4.06749E-30
  1645  3.43842E-30
  1646  2.73737E-30
  1647  2.00368E-30
  1648  1.27666E-30
  1649  5.95657E-31
  1650  0.00000E+00
  1651 -4.79290E-31
  1652 -8.44441E-31
  1653 -1.10599E-30
  1654 -1.27448E-30
  1655 -1.36045E-30
  1656 -1.37443E-30
  1657 -1.32697E-30
  1658 -1.22861E-30
  1659 -1.08988E-30
  1660 -9.21322E-31
  1661 -7.33477E-31
  1662 -5.36883E-31
  1663 -3.42080E-31
  1664 -1.59606E-31
  1665  0.00000E+00
  1666  1.28425E-31
  1667  2.26267E-31
  1668  2.96350E-31
  1669  3.41496E-31
  1670  3.64531E-31
  1671  3.68279E-31
  1672  3.55562E-31
  1673  3.29205E-31
  1674  2.92032E-31
  1675  2.46868E-31
  1676  1.96535E-31
  1677  1.43858E-31
  1678  9.16601E-32
  1679  4.27662E-32
  1680  0.00000E+00
  1681 -3.44115E-32
  1682 -6.06282E-32
  1683 -7.94067E-32
  1684 -9.15037E-32
  1685 -9.76759E-32
  1686 -9.86799E-32
  1687 -9.52725E-32
  1688 -8.82102E-32
  1689 -7.82498E-32
  1690 -6.61480E-32
  1691 -5.26613E-32
  1692 -3.85465E-32
  1693 -2.45602E-32
  1694 -1.14592E-32
  1695  0.00000E+00
  1696  9.22053E-33
  1697  1.62453E-32
  1698  2.12770E-32
  1699  2.45183E-32
  1700  2.61722E-32
  1701  2.64412E-32
  1702  2.55282E-32
  1703  2.36359E-32
  1704  2.09670E-32
  1705  1.77243E-32
  1706  1.41106E-32
  1707  1.03285E-32
  1708  6.58090E-33
  1709  3.07048E-33
  1710  0.00000E+00
  1711 -2.47063E-33
  1712 -4.35291E-33
  1713 -5.70114E-33
  1714 -6.56967E-33
  1715 -7.01281E-33
  1716 -7.08490E-33
  1717 -6.84026E-33
  1718 -6.33321E-33
  1719 -5.61809E-33
  1720 -4.74921E-33
  1721 -3.78091E-33
  1722 -2.76751E-33
  1723 -1.76335E-33
  1724 -8.22732E-34
  1725  0.00000E+00
  1726  6.62004E-34
  1727  1.16636E-33
  1728  1.52762E-33
  1729  1.76034E-33
  1730  1.87908E-33
  1731  1.89839E-33
  1732  1.83284E-33
  1733  1.69698E-33
  1734  1.50536E-33
  1735  1.27255E-33
  1736  1.01309E-33
  1737  7.41553E-34
  1738  4.72487E-34
  1739  2.20450E-34
  1740  0.00000E+00
  1741 -1.77384E-34
  1742 -3.12525E-34
  1743 -4.09324E-34
  1744 -4.71681E-34
  1745 -5.03497E-34
  1746 -5.08673E-34
  1747 -4.91108E-34
  1748 -4.54704E-34
  1749 -4.03360E-34
  1750 -3.40978E-34
  1751 -2.71457E-34
  1752 -1.98699E-34
  1753 -1.26603E-34
  1754 -5.90695E-35
  1755  0.00000E+00
  1756  4.75298E-35
  1757  8.37407E-35
  1758  1.09678E-34
  1759  1.26387E-34
  1760  1.34912E-34
  1761  1.36298E-34
  1762  1.31592E-34
  1763  1.21838E-34
  1764  1.08080E-34
  1765  9.13648E-35
  1766  7.27367E-35
  1767  5.32411E-35
  1768  3.39230E-35
  1769  1.58276E-35
  1770  0.00000E+00
  1771 -1.27356E-35
  1772 -2.24383E-35
  1773 -2.93881E-35
  1774 -3.38652E-35
  1775 -3.61495E-35
  1776 -3.65211E-35
  1777 -3.52600E-35
  1778 -3.26463E-35
  1779 -2.89600E-35
  1780 -2.44811E-35
  1781 -1.94898E-35
  1782 -1.42659E-35
  1783 -9.08966E-36
  1784 -4.24101E-36
  1785  0.00000E+00
  1786  3.41249E-36
  1787  6.01233E-36
  1788  7.87455E-36
  1789  9.07418E-36
  1790  9.68627E-36
  1791  9.78584E-36
  1792  9.44795E-36
  1793  8.74761E-36
  1794  7.75987E-36
  1795  6.55976E-36
  1796  5.22233E-36
  1797  3.82260E-36
  1798  2.43561E-36
  1799  1.13640E-36
  1800  0.00000E+00
  1801 -9.14403E-37
  1802 -1.61106E-36
  1803 -2.11007E-36
  1804 -2.43155E-36
  1805 -2.59559E-36
  1806 -2.62230E-36
  1807 -2.53179E-36
  1808 -2.34415E-36
  1809 -2.07949E-36
  1810 -1.75792E-36
  1811 -1.39954E-36
  1812 -1.02446E-36
  1813 -6.52767E-37
  1814 -3.04581E-37
  1815  0.00000E+00
  1816  2.45118E-37
  1817  4.31906E-37
  1818  5.65744E-37
  1819  6.52012E-37
  1820  6.96090E-37
  1821  7.03358E-37
  1822  6.79195E-37
  1823  6.28982E-37
  1824  5.58099E-37
  1825  4.71925E-37
  1826  3.75841E-37
  1827  2.75227E-37
  1828  1.75462E-37
  1829  8.19263E-38
  1830  0.00000E+00
  1831 -7.66407E-38
  1832 -1.37425E-37
  1833 -1.52904E-37
  1834 -1.76500E-37
  1835 -1.88770E-37
  1836 -1.91130E-37
  1837 -1.84995E-37
  1838 -1.71781E-37
  1839 -1.52904E-37
  1840 -1.29779E-37
  1841 -1.03824E-37
  1842 -7.64519E-38
  1843 -4.90802E-38
  1844 -4.22845E-38
  1845  0.00000E+00
  1846  0.00000E+00
  1847  3.43562E-38
  1848  4.58711E-38
  1849  5.39883E-38
  1850  5.89907E-38
  1851  6.11615E-38
  1852  6.07840E-38
  1853  5.81412E-38
  1854  5.35163E-38
  1855  4.71925E-38
  1856  3.94530E-38
  1857  3.05808E-38
  1858  0.00000E+00
  1859  0.00000E+00
  1860  0.00000E+00
  1861  0.00000E+00
  1862  0.00000E+00
  1863  0.00000E+00
  1864  0.00000E+00
  1865  0.00000E+00
  1866  0.00000E+00
  1867  0.00000E+00
  1868  0.00000E+00
  1869  0.00000E+00
  1870  0.00000E+00
  1871  0.00000E+00
  1872  0.00000E+00
  1873  0.00000E+00
  1874  0.00000E+00
  1875  0.00000E+00
  1876  0.00000E+00
  1877  0.00000E+00
  1878  0.00000E+00
  1879  0.00000E+00
  1880  0.00000E+00
  1881  0.00000E+00
  1882  0.00000E+00
  1883  0.00000E+00
  1884  0.00000E+00
  1885  0.00000E+00
  1886  0.00000E+00
  1887  0.00000E+00
  1888  0.00000E+00
  1889  0.00000E+00
  1890  0.00000E+00
  1891  0.00000E+00
  1892  0.00000E+00
  1893  0.00000E+00
  1894  0.00000E+00
  1895  0.00000E+00
  1896  0.00000E+00
  1897  0.00000E+00
  1898  0.00000E+00
  1899  0.00000E+00
  1900  0.00000E+00
  1901  0.00000E+00
  1902  0.00000E+00
  1903  0.00000E+00
  1904  0.00000E+00
  1905  0.00000E+00
  1906  0.00000E+00
  1907  0.00000E+00
  1908  0.00000E+00
  1909  0.00000E+00
  1910  0.00000E+00
  1911  0.00000E+00
  1912  0.00000E+00
  1913  0.00000E+00
  1914  0.00000E+00
  1915  0.00000E+00
  1916  0.00000E+00
  1917  0.00000E+00
  1918  0.00000E+00
  1919  0.00000E+00
  1920  0.00000E+00
  1921  0.00000E+00
  1922  0.00000E+00
  1923  0.00000E+00
  1924  0.00000E+00
  1925  0.00000E+00
  1926  0.00000E+00
  1927  0.00000E+00
  1928  0.00000E+00
  1929  0.00000E+00
  1930  0.00000E+00
  1931  0.00000E+00
  1932  0.00000E+00
  1933  0.00000E+00
  1934  0.00000E+00
  1935  0.00000E+00
  1936  0.00000E+00
  1937  0.00000E+00
  1938  0.00000E+00
  1939  0.00000E+00
  1940  0.00000E+00
  1941  0.00000E+00
  1942  0.00000E+00
  1943  0.00000E+00
  1944  0.00000E+00
  1945  0.00000E+00
  1946  0.00000E+00
  1947  0.00000E+00
  1948  0.00000E+00
  1949  0.00000E+00
  1950  0.00000E+00
  1951  0.00000E+00
  1952  0.00000E+00
  1953  0.00000E+00
  1954  0.00000E+00
  1955  0.00000E+00
  1956  0.00000E+00
  1957  0.00000E+00
  1958  0.00000E+00
  1959  0.00000E+00
  1960  0.00000E+00
  1961  0.00000E+00
  1962  0.00000E+00
  1963  0.00000E+00
  1964  0.00000E+00
  1965  0.00000E+00
  1966  0.00000E+00
  1967  0.00000E+00
  1968  0.00000E+00
  1969  0.00000E+00
  1970  0.00000E+00
  1971  0.00000E+00
  1972  0.00000E+00
  1973  0.00000E+00
  1974  0.00000E+00
  1975  0.00000E+00
  1976  0.00000E+00
  1977  0.00000E+00
  1978  0.00000E+00
  1979  0.00000E+00
  1980  0.00000E+00
  1981  0.00000E+00
  1982  0.00000E+00
  1983  0.00000E+00
  1984  0.00000E+00
  1985  0.00000E+00
  1986  0.00000E+00
  1987  0.00000E+00
  1988  0.00000E+00
  1989  0.00000E+00
  1990  0.00000E+00
  1991  0.00000E+00
  1992  0.00000E+00
  1993  0.00000E+00
  1994  0.00000E+00
  1995  0.00000E+00
  1996  0.00000E+00
  1997  0.00000E+00
  1998  0.00000E+00
  1999  0.00000E+00
  2000  0.00000E+00
  2001  0.00000E+00
  2002  0.00000E+00
  2003  0.00000E+00
  2004  0.00000E+00
  2005  0.00000E+00
  2006  0.00000E+00
  2007  0.00000E+00
  2008  0.00000E+00
  2009  0.00000E+00
  2010  0.00000E+00
  2011  0.00000E+00
  2012  0.00000E+00
  2013  0.00000E+00
  2014  0.00000E+00
  2015  0.00000E+00
  2016  0.00000E+00
  2017  0.00000E+00
  2018  0.00000E+00
  2019  0.00000E+00
  2020  0.00000E+00
  2021  0.00000E+00
  2022  0.00000E+00
  2023  0.00000E+00
  2024  0.00000E+00
  2025  0.00000E+00
  2026  0.00000E+00
  2027  0.00000E+00
  2028  0.00000E+00
  2029  0.00000E+00
  2030  0.00000E+00
  2031  0.00000E+00
  2032  0.00000E+00
  2033  0.00000E+00
  2034  0.00000E+00
  2035  0.00000E+00
  2036  0.00000E+00
  2037  0.00000E+00
  2038  0.00000E+00
  2039  0.00000E+00
  2040  0.00000E+00
  2041  0.00000E+00
  2042  0.00000E+00
  2043  0.00000E+00
  2044  0.00000E+00
  2045  0.00000E+00
  2046  0.00000E+00
  2047  0.00000E+00
  2048  0.00000E+00
  2049  0.00000E+00
  2050  0.00000E+00
  2051  0.00000E+00
  2052  0.00000E+00
  2053  0.00000E+00
  2054  0.00000E+00
  2055  0.00000E+00
  2056  0.00000E+00
  2057  0.00000E+00
  2058  0.00000E+00
  2059  0.00000E+00
  2060  0.00000E+00
  2061  0.00000E+00
  2062  0.00000E+00
  2063  0.00000E+00
  2064  0.00000E+00
  2065  0.00000E+00
  2066  0.00000E+00
  2067  0.00000E+00
  2068  0.00000E+00
  2069  0.00000E+00
  2070  0.00000E+00
  2071  0.00000E+00
  2072  0.00000E+00
  2073  0.00000E+00
  2074  0.00000E+00
  2075  0.00000E+00
  2076  0.00000E+00
  2077  0.00000E+00
  2078  0.00000E+00
  2079  0.00000E+00
  2080  0.00000E+00
  2081  0.00000E+00
  2082  0.00000E+00
  2083  0.00000E+00
  2084  0.00000E+00
  2085  0.00000E+00
  2086  0.00000E+00
  2087  0.00000E+00
  2088  0.00000E+00
  2089  0.00000E+00
  2090  0.00000E+00
  2091  0.00000E+00
  2092  0.00000E+00
  2093  0.00000E+00
  2094  0.00000E+00
  2095  0.00000E+00
  2096  0.00000E+00
  2097  0.00000E+00
  2098  0.00000E+00
  2099  0.00000E+00
  2100  0.00000E+00
  2101  0.00000E+00
  2102  0.00000E+00
  2103  0.00000E+00
  2104  0.00000E+00
  2105  0.00000E+00
  2106  0.00000E+00
  2107  0.00000E+00
  2108  0.00000E+00
  2109  0.00000E+00
  2110  0.00000E+00
  2111  0.00000E+00
  2112  0.00000E+00
  2113  0.00000E+00
  2114  0.00000E+00
  2115  0.00000E+00
  2116  0.00000E+00
  2117  0.00000E+00
  2118  0.00000E+00
  2119  0.00000E+00
  2120  0.00000E+00
  2121  0.00000E+00
  2122  0.00000E+00
  2123  0.00000E+00
  2124  0.00000E+00
  2125  0.00000E+00
  2126  0.00000E+00
  2127  0.00000E+00
  2128  0.00000E+00
  2129  0.00000E+00
  2130  0.00000E+00
  2131  0.00000E+00
  2132  0.00000E+00
  2133  0.00000E+00
  2134  0.00000E+00
  2135  0.00000E+00
  2136  0.00000E+00
  2137  0.00000E+00
  2138  0.00000E+00
  2139  0.00000E+00
  2140  0.00000E+00
  2141  0.00000E+00
  2142  0.00000E+00
  2143  0.00000E+00
  2144  0.00000E+00
  2145  0.00000E+00
  2146  0.00000E+00
  2147  0.00000E+00
  2148  0.00000E+00
  2149  0.00000E+00
  2150  0.00000E+00
  2151  0.00000E+00
  2152  0.00000E+00
  2153  0.00000E+00
  2154  0.00000E+00
  2155  0.00000E+00
  2156  0.00000E+00
  2157  0.00000E+00
  2158  0.00000E+00
  2159  0.00000E+00
  2160  0.00000E+00
  2161  0.00000E+00
  2162  0.00000E+00
  2163  0.00000E+00
  2164  0.00000E+00
  2165  0.00000E+00
  2166  0.00000E+00
  2167  0.00000E+00
  2168  0.00000E+00
  2169  0.00000E+00
  2170  0.00000E+00
  2171  0.00000E+00
  2172  0.00000E+00
  2173  0.00000E+00
  2174  0.00000E+00
  2175  0.00000E+00
  2176  0.00000E+00
  2177  0.00000E+00
  2178  0.00000E+00
  2179  0.00000E+00
  2180  0.00000E+00
  2181  0.00000E+00
  2182  0.00000E+00
  2183  0.00000E+00
  2184  0.00000E+00
  2185  0.00000E+00
  2186  0.00000E+00
  2187  0.00000E+00
  2188  0.00000E+00
  2189  0.00000E+00
  2190  0.00000E+00
  2191  0.00000E+00
  2192  0.00000E+00
  2193  0.00000E+00
  2194  0.00000E+00
  2195  0.00000E+00
  2196  0.00000E+00
  2197  0.00000E+00
  2198  0.00000E+00
  2199  0.00000E+00
  2200  0.00000E+00
  2201  0.00000E+00
  2202  0.00000E+00
  2203  0.00000E+00
  2204  0.00000E+00
  2205  0.00000E+00
  2206  0.00000E+00
  2207  0.00000E+00
  2208  0.00000E+00
  2209  0.00000E+00
  2210  0.00000E+00
  2211  0.00000E+00
  2212  0.00000E+00
  2213  0.00000E+00
  2214  0.00000E+00
  2215  0.00000E+00
  2216  0.00000E+00
  2217  0.00000E+00
  2218  0.00000E+00
  2219  0.00000E+00
  2220  0.00000E+00
  2221  0.00000E+00
  2222  0.00000E+00
  2223  0.00000E+00
  2224  0.00000E+00
  2225  0.00000E+00
  2226  0.00000E+00
  2227  0.00000E+00
  2228  0.00000E+00
  2229  0.00000E+00
  2230  0.00000E+00
  2231  0.00000E+00
  2232  0.00000E+00
  2233  0.00000E+00
  2234  0.00000E+00
  2235  0.00000E+00
  2236  0.00000E+00
  2237  0.00000E+00
  2238  0.00000E+00
  2239  0.00000E+00
  2240  0.00000E+00
  2241  0.00000E+00
  2242  0.00000E+00
  2243  0.00000E+00
  2244  0.00000E+00
  2245  0.00000E+00
  2246  0.00000E+00
  2247  0.00000E+00
  2248  0.00000E+00
  2249  0.00000E+00
  2250  0.00000E+00
  2251  0.00000E+00
  2252  0.00000E+00
  2253  0.00000E+00
  2254  0.00000E+00
  2255  0.00000E+00
  2256  0.00000E+00
  2257  0.00000E+00
  2258  0.00000E+00
  2259  0.00000E+00
  2260  0.00000E+00
  2261  0.00000E+00
  2262  0.00000E+00
  2263  0.00000E+00
  2264  0.00000E+00
  2265  0.00000E+00
  2266  0.00000E+00
  2267  0.00000E+00
  2268  0.00000E+00
  2269  0.00000E+00
  2270  0.00000E+00
  2271  0.00000E+00
  2272  0.00000E+00
  2273  0.00000E+00
  2274  0.00000E+00
  2275  0.00000E+00
  2276  0.00000E+00
  2277  0.00000E+00
  2278  0.00000E+00
  2279  0.00000E+00
  2280  0.00000E+00
  2281  0.00000E+00
  2282  0.00000E+00
  2283  0.00000E+00
  2284  0.00000E+00
  2285  0.00000E+00
  2286  0.00000E+00
  2287  0.00000E+00
  2288  0.00000E+00
  2289  0.00000E+00
  2290  0.00000E+00
  2291  0.00000E+00
  2292  0.00000E+00
  2293  0.00000E+00
  2294  0.00000E+00
  2295  0.00000E+00
  2296  0.00000E+00
  2297  0.00000E+00
  2298  0.00000E+00
  2299  0.00000E+00
  2300  0.00000E+00
  2301  0.00000E+00
  2302  0.00000E+00
  2303  0.00000E+00
  2304  0.00000E+00
  2305  0.00000E+00
  2306  0.00000E+00
  2307  0.00000E+00
  2308  0.00000E+00
  2309  0.00000E+00
  2310  0.00000E+00
  2311  0.00000E+00
  2312  0.00000E+00
  2313  0.00000E+00
  2314  0.00000E+00
  2315  0.00000E+00
  2316  0.00000E+00
  2317  0.00000E+00
  2318  0.00000E+00
  2319  0.00000E+00
  2320  0.00000E+00
  2321  0.00000E+00
  2322  0.00000E+00
  2323  0.00000E+00
  2324  0.00000E+00
  2325  0.00000E+00
  2326  0.00000E+00
  2327  0.00000E+00
  2328  0.00000E+00
  2329  0.00000E+00
  2330  0.00000E+00
  2331  0.00000E+00
  2332  0.00000E+00
  2333  0.00000E+00
  2334  0.00000E+00
  2335  0.00000E+00
  2336  0.00000E+00
  2337  0.00000E+00
  2338  0.00000E+00
  2339  0.00000E+00
  2340  0.00000E+00
  2341  0.00000E+00
  2342  0.00000E+00
  2343  0.00000E+00
  2344  0.00000E+00
  2345  0.00000E+00
  2346  0.00000E+00
  2347  0.00000E+00
  2348  0.00000E+00
  2349  0.00000E+00
  2350  0.00000E+00
  2351  0.00000E+00
  2352  0.00000E+00
  2353  0.00000E+00
  2354  0.00000E+00
  2355  0.00000E+00
  2356  0.00000E+00
  2357  0.00000E+00
  2358  0.00000E+00
  2359  0.00000E+00
  2360  0.00000E+00
  2361  0.00000E+00
  2362  0.00000E+00
  2363  0.00000E+00
  2364  0.00000E+00
  2365  0.00000E+00
  2366  0.00000E+00
  2367  0.00000E+00
  2368  0.00000E+00
  2369  0.00000E+00
  2370  0.00000E+00
  2371  0.00000E+00
  2372  0.00000E+00
  2373  0.00000E+00
  2374  0.00000E+00
  2375  0.00000E+00
  2376  0.00000E+00
  2377  0.00000E+00
  2378  0.00000E+00
  2379  0.00000E+00
  2380  0.00000E+00
  2381  0.00000E+00
  2382  0.00000E+00
  2383  0.00000E+00
  2384  0.00000E+00
  2385  0.00000E+00
  2386  0.00000E+00
  2387  0.00000E+00
  2388  0.00000E+00
  2389  0.00000E+00
  2390  0.00000E+00
  2391  0.00000E+00
  2392  0.00000E+00
  2393  0.00000E+00
  2394  0.00000E+00
  2395  0.00000E+00
  2396  0.00000E+00
  2397  0.00000E+00
  2398  0.00000E+00
  2399  0.00000E+00
  2400  0.00000E+00
  2401  0.00000E+00
  2402  0.00000E+00
  2403  0.00000E+00
  2404  0.00000E+00
  2405  0.00000E+00
  2406  0.00000E+00
  2407  0.00000E+00
  2408  0.00000E+00
  2409  0.00000E+00
  2410  0.00000E+00
  2411  0.00000E+00
  2412  0.00000E+00
  2413  0.00000E+00
  2414  0.00000E+00
  2415  0.00000E+00
  2416  0.00000E+00
  2417  0.00000E+00
  2418  0.00000E+00
  2419  0.00000E+00
  2420  0.00000E+00
  2421  0.00000E+00
  2422  0.00000E+00
  2423  0.00000E+00
  2424  0.00000E+00
  2425  0.00000E+00
  2426  0.00000E+00
  2427  0.00000E+00
  2428  0.00000E+00
  2429  0.00000E+00
  2430  0.00000E+00
  2431  0.00000E+00
  2432  0.00000E+00
  2433  0.00000E+00
  2434  0.00000E+00
  2435  0.00000E+00
  2436  0.00000E+00
  2437  0.00000E+00
  2438  0.00000E+00
  2439  0.00000E+00
  2440  0.00000E+00
  2441  0.00000E+00
  2442  0.00000E+00
  2443  0.00000E+00
  2444  0.00000E+00
  2445  0.00000E+00
  2446  0.00000E+00
  2447  0.00000E+00
  2448  0.00000E+00
  2449  0.00000E+00
  2450  0.00000E+00
  2451  0.00000E+00
  2452  0.00000E+00
  2453  0.00000E+00
  2454  0.00000E+00
  2455  0.00000E+00
  2456  0.00000E+00
  2457  0.00000E+00
  2458  0.00000E+00
  2459  0.00000E+00
  2460  0.00000E+00
  2461  0.00000E+00
  2462  0.00000E+00
  2463  0.00000E+00
  2464  0.00000E+00
  2465  0.00000E+00
  2466  0.00000E+00
  2467  0.00000E+00
  2468  0.00000E+00
  2469  0.00000E+00
  2470  0.00000E+00
  2471  0.00000E+00
  2472  0.00000E+00
  2473  0.00000E+00
  2474  0.00000E+00
  2475  0.00000E+00
  2476  0.00000E+00
  2477  0.00000E+00
  2478  0.00000E+00
  2479  0.00000E+00
  2480  0.00000E+00
  2481  0.00000E+00
  2482  0.00000E+00
  2483  0.00000E+00
  2484  0.00000E+00
  2485  0.00000E+00
  2486  0.00000E+00
  2487  0.00000E+00
  2488  0.00000E+00
  2489  0.00000E+00
  2490  0.00000E+00
  2491  0.00000E+00
  2492  0.00000E+00
  2493  0.00000E+00
  2494  0.00000E+00
  2495  0.00000E+00
  2496  0.00000E+00
  2497  0.00000E+00
  2498  0.00000E+00
  2499  0.00000E+00
  2500  0.00000E+00
  2501  0.00000E+00
  2502  0.00000E+00
  2503  0.00000E+00
  2504  0.00000E+00
  2505  0.00000E+00
  2506  0.00000E+00
  2507  0.00000E+00
  2508  0.00000E+00
  2509  0.00000E+00
  2510  0.00000E+00
  2511  0.00000E+00
  2512  0.00000E+00
  2513  0.00000E+00
  2514  0.00000E+00
  2515  0.00000E+00
  2516  0.00000E+00
  2517  0.00000E+00
  2518  0.00000E+00
  2519  0.00000E+00
  2520  0.00000E+00
  2521  0.00000E+00
  2522  0.00000E+00
  2523  0.00000E+00
  2524  0.00000E+00
  2525  0.00000E+00
  2526  0.00000E+00
  2527  0.00000E+00
  2528  0.00000E+00
  2529  0.00000E+00
  2530  0.00000E+00
  2531  0.00000E+00
  2532  0.00000E+00
  2533  0.00000E+00
  2534  0.00000E+00
  2535  0.00000E+00
  2536  0.00000E+00
  2537  0.00000E+00
  2538  0.00000E+00
  2539  0.00000E+00
  2540  0.00000E+00
  2541  0.00000E+00
  2542  0.00000E+00
  2543  0.00000E+00
  2544  0.00000E+00
  2545  0.00000E+00
  2546  0.00000E+00
  2547  0.00000E+00
  2548  0.00000E+00
  2549  0.00000E+00
  2550  0.00000E+00
  2551  0.00000E+00
  2552  0.00000E+00
  2553  0.00000E+00
  2554  0.00000E+00
  2555  0.00000E+00
  2556  0.00000E+00
  2557  0.00000E+00
  2558  0.00000E+00
  2559  0.00000E+00
  2560  0.00000E+00
  2561  0.00000E+00
  2562  0.00000E+00
  2563  0.00000E+00
  2564  0.00000E+00
  2565  0.00000E+00
  2566  0.00000E+00
  2567  0.00000E+00
  2568  0.00000E+00
  2569  0.00000E+00
  2570  0.00000E+00
  2571  0.00000E+00
  2572  0.00000E+00
  2573  0.00000E+00
  2574  0.00000E+00
  2575  0.00000E+00
  2576  0.00000E+00
  2577  0.00000E+00
  2578  0.00000E+00
  2579  0.00000E+00
  2580  0.00000E+00
  2581  0.00000E+00
  2582  0.00000E+00
  2583  0.00000E+00
  2584  0.00000E+00
  2585  0.00000E+00
  2586  0.00000E+00
  2587  0.00000E+00
  2588  0.00000E+00
  2589  0.00000E+00
  2590  0.00000E+00
  2591  0.00000E+00
  2592  0.00000E+00
  2593  0.00000E+00
  2594  0.00000E+00
  2595  0.00000E+00
  2596  0.00000E+00
  2597  0.00000E+00
  2598  0.00000E+00
  2599  0.00000E+00
  2600  0.00000E+00
  2601  0.00000E+00
  2602  0.00000E+00
  2603  0.00000E+00
  2604  0.00000E+00
  2605  0.00000E+00
  2606  0.00000E+00
  2607  0.00000E+00
  2608  0.00000E+00
  2609  0.00000E+00
  2610  0.00000E+00
  2611  0.00000E+00
  2612  0.00000E+00
  2613  0.00000E+00
  2614  0.00000E+00
  2615  0.00000E+00
  2616  0.00000E+00
  2617  0.00000E+00
  2618  0.00000E+00
  2619  0.00000E+00
  2620  0.00000E+00
  2621  0.00000E+00
  2622  0.00000E+00
  2623  0.00000E+00
  2624  0.00000E+00
  2625  0.00000E+00
  2626  0.00000E+00
  2627  0.00000E+00
  2628  0.00000E+00
  2629  0.00000E+00
  2630  0.00000E+00
  2631  0.00000E+00
  2632  0.00000E+00
  2633  0.00000E+00
  2634  0.00000E+00
  2635  0.00000E+00
  2636  0.00000E+00
  2637  0.00000E+00
  2638  0.00000E+00
  2639  0.00000E+00
  2640  0.00000E+00
  2641  0.00000E+00
  2642  0.00000E+00
  2643  0.00000E+00
  2644  0.00000E+00
  2645  0.00000E+00
  2646  0.00000E+00
  2647  0.00000E+00
  2648  0.00000E+00
  2649  0.00000E+00
  2650  0.00000E+00
  2651  0.00000E+00
  2652  0.00000E+00
  2653  0.00000E+00
  2654  0.00000E+00
  2655  0.00000E+00
  2656  0.00000E+00
  2657  0.00000E+00
  2658  0.00000E+00
  2659  0.00000E+00
  2660  0.00000E+00
  2661  0.00000E+00
  2662  0.00000E+00
  2663  0.00000E+00
  2664  0.00000E+00
  2665  0.00000E+00
  2666  0.00000E+00
  2667  0.00000E+00
  2668  0.00000E+00
  2669  0.00000E+00
  2670  0.00000E+00
  2671  0.00000E+00
  2672  0.00000E+00
  2673  0.00000E+00
  2674  0.00000E+00
  2675  0.00000E+00
  2676  0.00000E+00
  2677  0.00000E+00
  2678  0.00000E+00
  2679  0.00000E+00
  2680  0.00000E+00
  2681  0.00000E+00
  2682  0.00000E+00
  2683  0.00000E+00
  2684  0.00000E+00
  2685  0.00000E+00
  2686  0.00000E+00
  2687  0.00000E+00
  2688  0.00000E+00
  2689  0.00000E+00
  2690  0.00000E+00
  2691  0.00000E+00
  2692  0.00000E+00
  2693  0.00000E+00
  2694  0.00000E+00
  2695  0.00000E+00
  2696  0.00000E+00
  2697  0.00000E+00
  2698  0.00000E+00
  2699  0.00000E+00
  2700  0.00000E+00
  2701  0.00000E+00
  2702  0.00000E+00
  2703  0.00000E+00
  2704  0.00000E+00
  2705  0.00000E+00
  2706  0.00000E+00
  2707  0.00000E+00
  2708  0.00000E+00
  2709  0.00000E+00
  2710  0.00000E+00
  2711  0.00000E+00
  2712  0.00000E+00
  2713  0.00000E+00
  2714  0.00000E+00
  2715  0.00000E+00
  2716  0.00000E+00
  2717  0.00000E+00
  2718  0.00000E+00
  2719  0.00000E+00
  2720  0.00000E+00
  2721  0.00000E+00
  2722  0.00000E+00
  2723  0.00000E+00
  2724  0.00000E+00
  2725  0.00000E+00
  2726  0.00000E+00
  2727  0.00000E+00
  2728  0.00000E+00
  2729  0.00000E+00
  2730  0.00000E+00
  2731  0.00000E+00
  2732  0.00000E+00
  2733  0.00000E+00
  2734  0.00000E+00
  2735  0.00000E+00
  2736  0.00000E+00
  2737  0.00000E+00
  2738  0.00000E+00
  2739  0.00000E+00
  2740  0.00000E+00
  2741  0.00000E+00
  2742  0.00000E+00
  2743  0.00000E+00
  2744  0.00000E+00
  2745  0.00000E+00
  2746  0.00000E+00
  2747  0.00000E+00
  2748  0.00000E+00
  2749  0.00000E+00
  2750  0.00000E+00
  2751  0.00000E+00
  2752  0.00000E+00
  2753  0.00000E+00
  2754  0.00000E+00
  2755  0.00000E+00
  2756  0.00000E+00
  2757  0.00000E+00
  2758  0.00000E+00
  2759  0.00000E+00
  2760  0.00000E+00
  2761  0.00000E+00
  2762  0.00000E+00
  2763  0.00000E+00
  2764  0.00000E+00
  2765  0.00000E+00
  2766  0.00000E+00
  2767  0.00000E+00
  2768  0.00000E+00
  2769  0.00000E+00
  2770  0.00000E+00
  2771  0.00000E+00
  2772  0.00000E+00
  2773  0.00000E+00
  2774  0.00000E+00
  2775  0.00000E+00
  2776  0.00000E+00
  2777  0.00000E+00
  2778  0.00000E+00
  2779  0.00000E+00
  2780  0.00000E+00
  2781  0.00000E+00
  2782  0.00000E+00
  2783  0.00000E+00
  2784  0.00000E+00
  2785  0.00000E+00
  2786  0.00000E+00
  2787  0.00000E+00
  2788  0.00000E+00
  2789  0.00000E+00
  2790  0.00000E+00
  2791  0.00000E+00
  2792  0.00000E+00
  2793  0.00000E+00
  2794  0.00000E+00
  2795  0.00000E+00
  2796  0.00000E+00
  2797  0.00000E+00
  2798  0.00000E+00
  2799  0.00000E+00
  2800  0.00000E+00
  2801  0.00000E+00
  2802  0.00000E+00
  2803  0.00000E+00
  2804  0.00000E+00
  2805  0.00000E+00
  2806  0.00000E+00
  2807  0.00000E+00
  2808  0.00000E+00
  2809  0.00000E+00
  2810  0.00000E+00
  2811  0.00000E+00
  2812  0.00000E+00
  2813  0.00000E+00
  2814  0.00000E+00
  2815  0.00000E+00
  2816  0.00000E+00
  2817  0.00000E+00
  2818  0.00000E+00
  2819  0.00000E+00
  2820  0.00000E+00
  2821  0.00000E+00
  2822  0.00000E+00
  2823  0.00000E+00
  2824  0.00000E+00
  2825  0.00000E+00
  2826  0.00000E+00
  2827  0.00000E+00
  2828  0.00000E+00
  2829  0.00000E+00
  2830  0.00000E+00
  2831  0.00000E+00
  2832  0.00000E+00
  2833  0.00000E+00
  2834  0.00000E+00
  2835  0.00000E+00
  2836  0.00000E+00
  2837  0.00000E+00
  2838  0.00000E+00
  2839  0.00000E+00
  2840  0.00000E+00
  2841  0.00000E+00
  2842  0.00000E+00
  2843  0.00000E+00
  2844  0.00000E+00
  2845  0.00000E+00
  2846  0.00000E+00
  2847  0.00000E+00
  2848  0.00000E+00
  2849  0.00000E+00
  2850  0.00000E+00
  2851  0.00000E+00
  2852  0.00000E+00
  2853  0.00000E+00
  2854  0.00000E+00
  2855  0.00000E+00
  2856  0.00000E+00
  2857  0.00000E+00
  2858  0.00000E+00
  2859  0.00000E+00
  2860  0.00000E+00
  2861  0.00000E+00
  2862  0.00000E+00
  2863  0.00000E+00
  2864  0.00000E+00
  2865  0.00000E+00
  2866  0.00000E+00
  2867  0.00000E+00
  2868  0.00000E+00
  2869  0.00000E+00
  2870  0.00000E+00
  2871  0.00000E+00
  2872  0.00000E+00
  2873  0.00000E+00
  2874  0.00000E+00
  2875  0.00000E+00
  2876  0.00000E+00
  2877  0.00000E+00
  2878  0.00000E+00
  2879  0.00000E+00
  2880  0.00000E+00
  2881  0.00000E+00
  2882  0.00000E+00
  2883  0.00000E+00
  2884  0.00000E+00
  2885  0.00000E+00
  2886  0.00000E+00
  2887  0.00000E+00
  2888  0.00000E+00
  2889  0.00000E+00
  2890  0.00000E+00
  2891  0.00000E+00
  2892  0.00000E+00
  2893  0.00000E+00
  2894  0.00000E+00
  2895  0.00000E+00
  2896  0.00000E+00
  2897  0.00000E+00
  2898  0.00000E+00
  2899  0.00000E+00
  2900  0.00000E+00
  2901  0.00000E+00
  2902  0.00000E+00
  2903  0.00000E+00
  2904  0.00000E+00
  2905  0.00000E+00
  2906  0.00000E+00
  2907  0.00000E+00
  2908  0.00000E+00
  2909  0.00000E+00
  2910  0.00000E+00
  2911  0.00000E+00
  2912  0.00000E+00
  2913  0.00000E+00
  2914  0.00000E+00
  2915  0.00000E+00
  2916  0.00000E+00
  2917  0.00000E+00
  2918  0.00000E+00
  2919  0.00000E+00
  2920  0.00000E+00
  2921  0.00000E+00
  2922  0.00000E+00
  2923  0.00000E+00
  2924  0.00000E+00
  2925  0.00000E+00
  2926  0.00000E+00
  2927  0.00000E+00
  2928  0.00000E+00
  2929  0.00000E+00
  2930  0.00000E+00
  2931  2.96781E-38
  2932  3.22429E-38
  2933  3.37084E-38
  2934  3.39178E-38
  2935  3.27139E-38
  2936  2.99398E-38
  2937  0.00000E+00
  2938  0.00000E+00
  2939  0.00000E+00
  2940  0.00000E+00
  2941  0.00000E+00
  2942 -4.31711E-38
  2943 -6.32915E-38
  2944 -5.17141E-38
  2945 -6.49581E-38
  2946 -7.68423E-38
  2947 -8.66235E-38
  2948 -9.35588E-38
  2949 -9.69049E-38
  2950 -1.22090E-37
  2951 -1.11737E-37
  2952 -9.49372E-38
  2953 -7.11052E-38
  2954 -3.96549E-38
  2955  0.00000E+00
  2956  4.19970E-38
  2957  9.00113E-38
  2958  1.41270E-37
  2959  1.92999E-37
  2960  2.42427E-37
  2961  2.86779E-37
  2962  3.23283E-37
  2963  3.49166E-37
  2964  3.61654E-37
  2965  3.57974E-37
  2966  3.35354E-37
  2967  2.91019E-37
  2968  2.22197E-37
  2969  1.47994E-37
  2970  0.00000E+00
  2971 -1.56735E-37
  2972 -3.35927E-37
  2973 -5.27226E-37
  2974 -7.20284E-37
  2975 -9.04750E-37
  2976 -1.07028E-36
  2977 -1.20651E-36
  2978 -1.30311E-36
  2979 -1.34971E-36
  2980 -1.33598E-36
  2981 -1.25156E-36
  2982 -1.08610E-36
  2983 -8.29252E-37
  2984 -4.70669E-37
  2985  0.00000E+00
  2986  5.84943E-37
  2987  1.25370E-36
  2988  1.96764E-36
  2989  2.68814E-36
  2990  3.37657E-36
  2991  3.99432E-36
  2992  4.50276E-36
  2993  4.86326E-36
  2994  5.03719E-36
  2995  4.98594E-36
  2996  4.67088E-36
  2997  4.05337E-36
  2998  3.09481E-36
  2999  1.75656E-36
  3000  0.00000E+00
  3001 -2.18303E-36
  3002 -4.67886E-36
  3003 -7.34331E-36
  3004 -1.00323E-35
  3005 -1.26015E-35
  3006 -1.49070E-35
  3007 -1.68045E-35
  3008 -1.81499E-35
  3009 -1.87991E-35
  3010 -1.86078E-35
  3011 -1.74319E-35
  3012 -1.51274E-35
  3013 -1.15500E-35
  3014 -6.55558E-36
  3015  0.00000E+00
  3016  8.14720E-36
  3017  1.74617E-35
  3018  2.74056E-35
  3019  3.74409E-35
  3020  4.70296E-35
  3021  5.56337E-35
  3022  6.27153E-35
  3023  6.77364E-35
  3024  7.01590E-35
  3025  6.94452E-35
  3026  6.50569E-35
  3027  5.64562E-35
  3028  4.31051E-35
  3029  2.44657E-35
  3030  0.00000E+00
  3031 -3.08301E-35
  3032 -6.85624E-35
  3033 -1.13735E-34
  3034 -1.66886E-34
  3035 -2.28553E-34
  3036 -2.99274E-34
  3037 -3.79587E-34
  3038 -4.70030E-34
  3039 -5.71142E-34
  3040 -6.83460E-34
  3041 -8.07521E-34
  3042 -9.43865E-34
  3043 -1.09303E-33
  3044 -1.25555E-33
  3045 -1.43197E-33
