2 0.000000
3 0.000000
4 0.000000
5 0.000000
6 0.000000
7 0.000000
8 0.000000
9 0.000000
10 0.000000
11 0.000000
12 0.000000
13 0.000000
14 0.000000
15 0.000000
16 0.000000
17 0.000000
18 0.000000
19 0.000000
20 0.000000
21 0.000000
22 0.000000
23 0.000000
24 0.000000
25 0.000000
26 0.000000
27 0.000000
28 0.000000
29 0.000000
30 0.000000
31 0.000000
32 0.000000
33 0.000000
34 0.000000
35 0.000000
36 0.000000
37 0.000000
38 0.000000
39 0.000000
40 0.000000
41 0.000000
42 0.000000
43 0.000000
44 0.000000
45 0.000000
46 0.000000
47 0.000000
48 0.000000
49 0.000000
50 0.000000
51 0.000000
52 0.000000
53 0.000000
54 0.000000
55 0.000000
56 0.000000
57 0.000000
58 0.000000
59 0.000000
60 0.000000
61 0.000000
62 0.000000
63 0.000000
64 0.000000
65 0.000000
66 0.000000
67 0.000000
68 0.000000
69 0.000000
70 0.000000
71 0.000000
72 0.000000
73 0.000000
74 0.000000
75 0.000000
76 0.000000
77 0.000000
78 0.000000
79 0.000000
80 0.000000
81 0.000000
82 0.000000
83 0.000000
84 0.000000
85 0.000000
86 0.000000
87 0.000000
88 0.000000
89 0.000000
90 0.000000
91 0.000000
92 0.000000
93 0.000000
94 0.000000
95 0.000000
96 0.000000
97 0.000000
98 0.000000
99 0.000000
100 0.000000
101 0.000000
102 0.000000
103 0.000000
104 0.000000
105 0.000000
106 0.000000
107 0.000000
108 0.000000
109 0.000000
110 0.000000
111 0.000000
112 0.000000
113 0.000000
114 0.000000
115 0.000000
116 0.000000
117 0.000000
118 0.000000
119 0.000000
120 0.000000
121 0.000000
122 0.000000
123 0.000000
124 0.000000
125 0.000000
126 0.000000
127 0.000000
128 0.000000
129 0.000000
130 0.000000
131 0.000000
132 0.000000
133 0.000000
134 0.000000
135 0.000000
136 0.000000
137 0.000000
138 0.000000
139 0.000000
140 0.000000
141 0.000000
142 0.000000
143 0.000000
144 0.000000
145 0.000000
146 0.000000
147 0.000000
148 0.000000
149 0.000000
150 0.000000
151 0.000000
152 0.000000
153 0.000000
154 0.000000
155 0.000000
156 0.000000
157 0.000000
158 0.000000
159 0.000000
160 0.000000
161 0.000000
162 0.000000
163 0.000000
164 0.000000
165 0.000000
166 0.000000
167 0.000000
168 0.000000
169 0.000000
170 0.000000
171 0.000000
172 0.000000
173 0.000000
174 0.000000
175 0.000000
176 0.000000
177 0.000000
178 0.000000
179 0.000000
180 0.000000
181 0.000000
182 0.000000
183 0.000000
184 0.000000
185 0.000000
186 0.000000
187 0.000000
188 0.000000
189 0.000000
190 0.000000
191 0.000000
192 0.000000
193 0.000000
194 0.000000
195 0.000000
196 0.000000
197 0.000000
198 0.000000
199 0.000000
200 0.000000
201 0.000000
202 0.000000
203 0.000000
204 0.000000
205 0.000000
206 0.000000
207 0.000000
208 0.000000
209 0.000000
210 0.000000
211 0.000000
212 0.000000
213 0.000000
214 0.000000
215 0.000000
216 0.000000
217 0.000000
218 0.000000
219 0.000000
220 0.000000
221 0.000000
222 0.000000
223 0.000000
224 0.000000
225 0.000000
226 0.000000
227 0.000000
228 0.000000
229 0.000000
230 0.000000
231 0.000000
232 0.000000
233 0.000000
234 0.000000
235 0.000000
236 0.000000
237 0.000000
238 0.000000
239 0.000000
240 0.000000
241 0.000000
242 0.000000
243 0.000000
244 0.000000
245 0.000000
246 0.000000
247 0.000000
248 0.000000
249 0.000000
250 0.000000
251 0.000000
252 0.000000
253 0.000000
254 0.000000
255 0.000000
256 0.000000
257 0.000000
258 0.000000
259 0.000000
260 0.000000
261 0.000000
262 0.000000
263 0.000000
264 0.000000
265 0.000000
266 0.000000
267 0.000000
268 0.000000
269 0.000000
270 0.000000
271 0.000000
272 0.000000
273 0.000000
274 0.000000
275 0.000000
276 0.000000
277 0.000000
278 0.000000
279 0.000000
280 0.000000
281 0.000000
282 0.000000
283 0.000000
284 0.000000
285 0.000000
286 0.000000
287 0.000000
288 0.000000
289 0.000000
290 0.000000
291 0.000000
292 0.000000
293 0.000000
294 0.000000
295 0.000000
296 0.000000
297 0.000000
298 0.000000
299 0.000000
300 0.000000
301 0.000000
302 0.000000
303 0.000000
304 0.000000
305 0.000000
306 0.000000
307 0.000000
308 0.000000
309 0.000000
310 0.000000
311 0.000000
312 0.000000
313 0.000000
314 0.000000
315 0.000000
316 0.000000
317 0.000000
318 0.000000
319 0.000000
320 0.000000
321 0.000000
322 0.000000
323 0.000000
324 0.000000
325 0.000000
326 0.000000
327 0.000000
328 0.000000
329 0.000000
330 0.000000
331 0.000000
332 0.000000
333 0.000000
334 0.000000
335 0.000000
336 0.000000
337 0.000000
338 0.000000
339 0.000000
340 0.000000
341 0.000000
342 0.000000
343 0.000000
344 0.000000
345 0.000000
346 0.000000
347 0.000000
348 0.000000
349 0.000000
350 0.000000
351 0.000000
352 0.000000
353 0.000000
354 0.000000
355 0.000000
356 0.000000
357 0.000000
358 0.000000
359 0.000000
360 0.000000
361 0.000000
362 0.000000
363 0.000000
364 0.000000
365 0.000000
366 0.000000
367 0.000000
368 0.000000
369 0.000000
370 0.000000
371 0.000000
372 0.000000
373 0.000000
374 0.000000
375 0.000000
376 0.000000
377 0.000000
378 0.000000
379 0.000000
380 0.000000
381 0.000000
382 0.000000
383 0.000000
384 0.000000
385 0.000000
386 0.000000
387 0.000000
388 0.000000
389 0.000000
390 0.000000
391 0.000000
392 0.000000
393 0.000000
394 0.000000
395 0.000000
396 0.000000
397 0.000000
398 0.000000
399 0.000000
400 0.000000
401 0.000000
402 0.000000
403 0.000000
404 0.000000
405 0.000000
406 0.000000
407 0.000000
408 0.000000
409 0.000000
410 0.000000
411 0.000000
412 0.000000
413 0.000000
414 0.000000
415 0.000000
416 0.000000
417 0.000000
418 0.000000
419 0.000000
420 0.000000
421 0.000000
422 0.000000
423 0.000000
424 0.000000
425 0.000000
426 0.000000
427 0.000000
428 0.000000
429 0.000000
430 0.000000
431 0.000000
432 0.000000
433 0.000000
434 0.000000
435 0.000000
436 0.000000
437 0.000000
438 0.000000
439 0.000000
440 0.000000
441 0.000000
442 0.000000
443 0.000000
444 0.000000
445 0.000000
446 0.000000
447 0.000000
448 0.000000
449 0.000000
450 0.000000
451 0.000000
452 0.000000
453 0.000001
454 0.000001
455 0.000001
456 0.000001
457 0.000001
458 0.000001
459 0.000001
460 0.000001
461 0.000000
462 0.000000
463 0.000000
464 0.000000
465 0.000000
466 0.000000
467 0.000000
468 0.000000
469 0.000000
470 0.000000
471 0.000000
472 0.000000
473 0.000000
474 0.000000
475 0.000000
476 0.000000
477 0.000001
478 0.000001
479 0.000001
480 0.000001
481 0.000001
482 0.000001
483 0.000001
484 0.000001
485 0.000001
486 0.000001
487 0.000001
488 0.000001
489 0.000001
490 0.000001
491 0.000001
492 0.000001
493 0.000000
494 0.000000
495 0.000000
496 0.000000
497 0.000000
498 0.000000
499 0.000000
500 0.000000
501 0.000001
502 0.000001
503 0.000001
504 0.000001
505 0.000001
506 0.000001
507 0.000001
508 0.000001
509 0.000001
510 0.000001
511 0.000001
512 0.000001
513 0.000001
514 0.000001
515 0.000001
516 0.000001
517 0.000001
518 0.000001
519 0.000001
520 0.000001
521 0.000001
522 0.000001
523 0.000001
524 0.000001
525 0.000001
526 0.000001
527 0.000001
528 0.000001
529 0.000001
530 0.000001
531 0.000001
532 0.000001
533 0.000001
534 0.000001
535 0.000001
536 0.000001
537 0.000001
538 0.000001
539 0.000001
540 0.000001
541 0.000001
542 0.000001
543 0.000001
544 0.000001
545 0.000001
546 0.000001
547 0.000001
548 0.000001
549 0.000001
550 0.000001
551 0.000001
552 0.000001
553 0.000001
554 0.000001
555 0.000001
556 0.000001
557 0.000001
558 0.000001
559 0.000001
560 0.000001
561 0.000001
562 0.000001
563 0.000001
564 0.000001
565 0.000001
566 0.000001
567 0.000001
568 0.000001
569 0.000001
570 0.000001
571 0.000001
572 0.000001
573 0.000001
574 0.000001
575 0.000001
576 0.000001
577 0.000001
578 0.000001
579 0.000001
580 0.000001
581 0.000001
582 0.000001
583 0.000001
584 0.000001
585 0.000001
586 0.000001
587 0.000001
588 0.000001
589 0.000001
590 0.000001
591 0.000001
592 0.000001
593 0.000001
594 0.000001
595 0.000001
596 0.000001
597 0.000001
598 0.000001
599 0.000001
600 0.000001
601 0.000001
602 0.000001
603 0.000001
604 0.000001
605 0.000001
606 0.000001
607 0.000001
608 0.000001
609 0.000001
610 0.000001
611 0.000001
612 0.000001
613 0.000001
614 0.000001
615 0.000001
616 0.000001
617 0.000001
618 0.000001
619 0.000001
620 0.000001
621 0.000001
622 0.000001
623 0.000001
624 0.000001
625 0.000001
626 0.000001
627 0.000001
628 0.000001
629 0.000001
630 0.000001
631 0.000001
632 0.000001
633 0.000001
634 0.000001
635 0.000001
636 0.000001
637 0.000001
638 0.000001
639 0.000001
640 0.000001
641 0.000001
642 0.000001
643 0.000001
644 0.000001
645 0.000001
646 0.000001
647 0.000001
648 0.000001
649 0.000001
650 0.000001
651 0.000001
652 0.000001
653 0.000002
654 0.000002
655 0.000002
656 0.000002
657 0.000002
658 0.000002
659 0.000002
660 0.000002
661 0.000002
662 0.000002
663 0.000002
664 0.000002
665 0.000002
666 0.000002
667 0.000002
668 0.000002
669 0.000002
670 0.000002
671 0.000002
672 0.000002
673 0.000002
674 0.000002
675 0.000002
676 0.000002
677 0.000002
678 0.000002
679 0.000002
680 0.000002
681 0.000002
682 0.000002
683 0.000002
684 0.000002
685 0.000002
686 0.000002
687 0.000002
688 0.000002
689 0.000002
690 0.000002
691 0.000002
692 0.000002
693 0.000002
694 0.000002
695 0.000002
696 0.000002
697 0.000002
698 0.000002
699 0.000002
700 0.000002
701 0.000002
702 0.000002
703 0.000002
704 0.000002
705 0.000002
706 0.000002
707 0.000002
708 0.000002
709 0.000002
710 0.000002
711 0.000002
712 0.000002
713 0.000002
714 0.000002
715 0.000002
716 0.000002
717 0.000002
718 0.000002
719 0.000002
720 0.000002
721 0.000002
722 0.000002
723 0.000002
724 0.000002
725 0.000002
726 0.000002
727 0.000002
728 0.000002
729 0.000002
730 0.000002
731 0.000002
732 0.000002
733 0.000002
734 0.000002
735 0.000002
736 0.000002
737 0.000002
738 0.000002
739 0.000002
740 0.000002
741 0.000002
742 0.000002
743 0.000002
744 0.000002
745 0.000002
746 0.000002
747 0.000002
748 0.000002
749 0.000002
750 0.000002
751 0.000002
752 0.000002
753 0.000002
754 0.000002
755 0.000002
756 0.000002
757 0.000002
758 0.000002
759 0.000002
760 0.000002
761 0.000002
762 0.000002
763 0.000002
764 0.000002
765 0.000002
766 0.000002
767 0.000002
768 0.000002
769 0.000002
770 0.000002
771 0.000002
772 0.000002
773 0.000002
774 0.000002
775 0.000002
776 0.000002
777 0.000002
778 0.000002
779 0.000002
780 0.000002
781 0.000002
782 0.000002
783 0.000002
784 0.000002
785 0.000002
786 0.000002
787 0.000002
788 0.000002
789 0.000002
790 0.000002
791 0.000002
792 0.000002
793 0.000002
794 0.000002
795 0.000002
796 0.000002
797 0.000002
798 0.000002
799 0.000002
800 0.000002
801 0.000002
802 0.000002
803 0.000002
804 0.000002
805 0.000002
806 0.000002
807 0.000002
808 0.000002
809 0.000002
810 0.000002
811 0.000002
812 0.000002
813 0.000002
814 0.000002
815 0.000002
816 0.000002
817 0.000002
818 0.000002
819 0.000002
820 0.000002
821 0.000002
822 0.000002
823 0.000002
824 0.000002
825 0.000002
826 0.000002
827 0.000002
828 0.000002
829 0.000002
830 0.000002
831 0.000002
832 0.000002
833 0.000002
834 0.000002
835 0.000002
836 0.000002
837 0.000002
838 0.000002
839 0.000002
840 0.000002
841 0.000002
842 0.000002
843 0.000002
844 0.000002
845 0.000003
846 0.000003
847 0.000003
848 0.000003
849 0.000003
850 0.000003
851 0.000003
852 0.000003
853 0.000003
854 0.000003
855 0.000003
856 0.000003
857 0.000003
858 0.000003
859 0.000003
860 0.000003
861 0.000003
862 0.000003
863 0.000003
864 0.000003
865 0.000003
866 0.000003
867 0.000003
868 0.000003
869 0.000003
870 0.000003
871 0.000003
872 0.000003
873 0.000003
874 0.000003
875 0.000003
876 0.000003
877 0.000004
878 0.000004
879 0.000004
880 0.000004
881 0.000004
882 0.000004
883 0.000004
884 0.000004
885 0.000003
886 0.000003
887 0.000003
888 0.000003
889 0.000003
890 0.000003
891 0.000003
892 0.000003
893 0.000004
894 0.000004
895 0.000004
896 0.000004
897 0.000004
898 0.000004
899 0.000004
900 0.000004
901 0.000004
902 0.000004
903 0.000004
904 0.000004
905 0.000004
906 0.000004
907 0.000004
908 0.000004
909 0.000004
910 0.000004
911 0.000004
912 0.000004
913 0.000004
914 0.000004
915 0.000004
916 0.000004
917 0.000005
918 0.000005
919 0.000005
920 0.000005
921 0.000005
922 0.000005
923 0.000005
924 0.000005
925 0.000005
926 0.000005
927 0.000005
928 0.000005
929 0.000005
930 0.000005
931 0.000005
932 0.000005
933 0.000005
934 0.000005
935 0.000005
936 0.000005
937 0.000005
938 0.000005
939 0.000005
940 0.000005
941 0.000006
942 0.000006
943 0.000006
944 0.000006
945 0.000006
946 0.000006
947 0.000006
948 0.000006
949 0.000006
950 0.000006
951 0.000006
952 0.000006
953 0.000006
954 0.000006
955 0.000006
956 0.000006
957 0.000006
958 0.000006
959 0.000006
960 0.000006
961 0.000006
962 0.000006
963 0.000006
964 0.000006
965 0.000007
966 0.000007
967 0.000007
968 0.000007
969 0.000007
970 0.000007
971 0.000007
972 0.000007
973 0.000007
974 0.000007
975 0.000007
976 0.000007
977 0.000007
978 0.000007
979 0.000007
980 0.000007
981 0.000008
982 0.000008
983 0.000008
984 0.000008
985 0.000008
986 0.000008
987 0.000008
988 0.000008
989 0.000008
990 0.000008
991 0.000008
992 0.000008
993 0.000008
994 0.000008
995 0.000008
996 0.000008
997 0.000008
998 0.000008
999 0.000008
1000 0.000008
1001 0.000008
1002 0.000008
1003 0.000008
1004 0.000008
1005 0.000007
1006 0.000007
1007 0.000007
1008 0.000007
1009 0.000007
1010 0.000007
1011 0.000007
1012 0.000007
1013 0.000009
1014 0.000009
1015 0.000009
1016 0.000009
1017 0.000009
1018 0.000009
1019 0.000009
1020 0.000009
1021 0.000009
1022 0.000009
1023 0.000009
1024 0.000009
1025 0.000009
1026 0.000009
1027 0.000009
1028 0.000009
1029 0.000009
1030 0.000009
1031 0.000009
1032 0.000009
1033 0.000009
1034 0.000009
1035 0.000009
1036 0.000009
1037 0.000009
1038 0.000009
1039 0.000009
1040 0.000009
1041 0.000009
1042 0.000009
1043 0.000009
1044 0.000009
1045 0.000011
1046 0.000011
1047 0.000011
1048 0.000011
1049 0.000011
1050 0.000011
1051 0.000011
1052 0.000011
1053 0.000009
1054 0.000009
1055 0.000009
1056 0.000009
1057 0.000009
1058 0.000009
1059 0.000009
1060 0.000009
1061 0.000011
1062 0.000011
1063 0.000011
1064 0.000011
1065 0.000011
1066 0.000011
1067 0.000011
1068 0.000011
1069 0.000011
1070 0.000011
1071 0.000011
1072 0.000011
1073 0.000011
1074 0.000011
1075 0.000011
1076 0.000011
1077 0.000011
1078 0.000011
1079 0.000011
1080 0.000011
1081 0.000011
1082 0.000011
1083 0.000011
1084 0.000011
1085 0.000011
1086 0.000011
1087 0.000011
1088 0.000011
1089 0.000011
1090 0.000011
1091 0.000011
1092 0.000011
1093 0.000011
1094 0.000011
1095 0.000011
1096 0.000011
1097 0.000011
1098 0.000011
1099 0.000011
1100 0.000011
1101 0.000010
1102 0.000010
1103 0.000010
1104 0.000010
1105 0.000010
1106 0.000010
1107 0.000010
1108 0.000010
1109 0.000011
1110 0.000011
1111 0.000011
1112 0.000011
1113 0.000011
1114 0.000011
1115 0.000011
1116 0.000011
1117 0.000012
1118 0.000012
1119 0.000012
1120 0.000012
1121 0.000012
1122 0.000012
1123 0.000012
1124 0.000012
1125 0.000013
1126 0.000013
1127 0.000013
1128 0.000013
1129 0.000013
1130 0.000013
1131 0.000013
1132 0.000013
1133 0.000012
1134 0.000012
1135 0.000012
1136 0.000012
1137 0.000012
1138 0.000012
1139 0.000012
1140 0.000012
1141 0.000014
1142 0.000014
1143 0.000014
1144 0.000014
1145 0.000014
1146 0.000014
1147 0.000014
1148 0.000014
1149 0.000014
1150 0.000014
1151 0.000014
1152 0.000014
1153 0.000014
1154 0.000014
1155 0.000014
1156 0.000014
1157 0.000017
1158 0.000017
1159 0.000017
1160 0.000017
1161 0.000017
1162 0.000017
1163 0.000017
1164 0.000017
1165 0.000016
1166 0.000016
1167 0.000016
1168 0.000016
1169 0.000016
1170 0.000016
1171 0.000016
1172 0.000016
1173 0.000017
1174 0.000017
1175 0.000017
1176 0.000017
1177 0.000017
1178 0.000017
1179 0.000017
1180 0.000017
1181 0.000018
1182 0.000018
1183 0.000018
1184 0.000018
1185 0.000018
1186 0.000018
1187 0.000018
1188 0.000018
1189 0.000019
1190 0.000019
1191 0.000019
1192 0.000019
1193 0.000019
1194 0.000019
1195 0.000019
1196 0.000019
1197 0.000016
1198 0.000016
1199 0.000016
1200 0.000016
1201 0.000016
1202 0.000016
1203 0.000016
1204 0.000016
1205 0.000018
1206 0.000018
1207 0.000018
1208 0.000018
1209 0.000018
1210 0.000018
1211 0.000018
1212 0.000018
1213 0.000018
1214 0.000018
1215 0.000018
1216 0.000018
1217 0.000018
1218 0.000018
1219 0.000018
1220 0.000018
1221 0.000019
1222 0.000019
1223 0.000019
1224 0.000019
1225 0.000019
1226 0.000019
1227 0.000019
1228 0.000019
1229 0.000022
1230 0.000022
1231 0.000022
1232 0.000022
1233 0.000022
1234 0.000022
1235 0.000022
1236 0.000022
1237 0.000029
1238 0.000029
1239 0.000029
1240 0.000029
1241 0.000029
1242 0.000029
1243 0.000029
1244 0.000029
1245 0.000039
1246 0.000039
1247 0.000039
1248 0.000039
1249 0.000039
1250 0.000039
1251 0.000039
1252 0.000039
1253 0.000057
1254 0.000057
1255 0.000057
1256 0.000057
1257 0.000057
1258 0.000057
1259 0.000057
1260 0.000057
1261 0.000087
1262 0.000087
1263 0.000087
1264 0.000087
1265 0.000087
1266 0.000087
1267 0.000087
1268 0.000087
1269 0.000117
1270 0.000117
1271 0.000117
1272 0.000117
1273 0.000117
1274 0.000117
1275 0.000117
1276 0.000117
1277 0.000147
1278 0.000147
1279 0.000147
1280 0.000147
1281 0.000147
1282 0.000147
1283 0.000147
1284 0.000147
1285 0.000162
1286 0.000162
1287 0.000162
1288 0.000162
1289 0.000162
1290 0.000162
1291 0.000162
1292 0.000162
1293 0.000158
1294 0.000158
1295 0.000158
1296 0.000158
1297 0.000158
1298 0.000158
1299 0.000158
1300 0.000158
1301 0.000155
1302 0.000155
1303 0.000155
1304 0.000155
1305 0.000155
1306 0.000155
1307 0.000155
1308 0.000155
1309 0.000061
1310 0.000061
1311 0.000061
1312 0.000061
1313 0.000061
1314 0.000061
1315 0.000061
1316 0.000061
1317 -0.000152
1318 -0.000152
1319 -0.000152
1320 -0.000152
1321 -0.000152
1322 -0.000152
1323 -0.000152
1324 -0.000152
1325 -0.000302
1326 -0.000302
1327 -0.000302
1328 -0.000302
1329 -0.000302
1330 -0.000302
1331 -0.000302
1332 -0.000302
1333 -0.000495
1334 -0.000495
1335 -0.000495
1336 -0.000495
1337 -0.000495
1338 -0.000495
1339 -0.000495
1340 -0.000495
1341 -0.000519
1342 -0.000519
1343 -0.000519
1344 -0.000519
1345 -0.000519
1346 -0.000519
1347 -0.000519
1348 -0.000519
1349 -0.000327
1350 -0.000327
1351 -0.000327
1352 -0.000327
1353 -0.000327
1354 -0.000327
1355 -0.000327
1356 -0.000327
1357 0.000131
1358 0.000131
1359 0.000131
1360 0.000131
1361 0.000131
1362 0.000131
1363 0.000131
1364 0.000131
1365 0.001093
1366 0.001093
1367 0.001093
1368 0.001093
1369 0.001093
1370 0.001093
1371 0.001093
1372 0.001093
1373 0.003488
1374 0.003488
1375 0.003488
1376 0.003488
1377 0.003488
1378 0.003488
1379 0.003488
1380 0.003488
1381 0.006108
1382 0.006108
1383 0.006108
1384 0.006108
1385 0.006108
1386 0.006108
1387 0.006108
1388 0.006108
1389 0.009333
1390 0.009333
1391 0.009333
1392 0.009333
1393 0.009333
1394 0.009333
1395 0.009333
1396 0.009333
1397 0.013145
1398 0.013145
1399 0.013145
1400 0.013145
1401 0.013145
1402 0.013145
1403 0.013145
1404 0.013145
1405 0.014708
1406 0.014708
1407 0.014708
1408 0.014708
1409 0.014708
1410 0.014708
1411 0.014708
1412 0.014708
1413 0.015936
1414 0.015936
1415 0.015936
1416 0.015936
1417 0.015936
1418 0.015936
1419 0.015936
1420 0.015936
1421 0.015665
1422 0.015665
1423 0.015665
1424 0.015665
1425 0.015665
1426 0.015665
1427 0.015665
1428 0.015665
1429 0.014204
1430 0.014204
1431 0.014204
1432 0.014204
1433 0.014204
1434 0.014204
1435 0.014204
1436 0.014204
1437 0.013079
1438 0.013079
1439 0.013079
1440 0.013079
1441 0.013079
1442 0.013079
1443 0.013079
1444 0.013079
1445 0.008371
1446 0.008371
1447 0.008371
1448 0.008371
1449 0.008371
1450 0.008371
1451 0.008371
1452 0.008371
1453 0.005660
1454 0.005660
1455 0.005660
1456 0.005660
1457 0.005660
1458 0.005660
1459 0.005660
1460 0.005660
1461 0.003180
1462 0.003180
1463 0.003180
1464 0.003180
1465 0.003180
1466 0.003180
1467 0.003180
1468 0.003180
1469 0.000834
1470 0.000834
1471 0.000834
1472 0.000834
1473 0.000834
1474 0.000834
1475 0.000834
1476 0.000834
1477 0.000013
1478 0.000013
1479 0.000013
1480 0.000013
1481 0.000013
1482 0.000013
1483 0.000013
1484 0.000013
1485 -0.000459
1486 -0.000459
1487 -0.000459
1488 -0.000459
1489 -0.000459
1490 -0.000459
1491 -0.000459
1492 -0.000459
1493 -0.000560
1494 -0.000560
1495 -0.000560
1496 -0.000560
1497 -0.000560
1498 -0.000560
1499 -0.000560
1500 -0.000560
1501 -0.000553
1502 -0.000553
1503 -0.000553
1504 -0.000553
1505 -0.000553
1506 -0.000553
1507 -0.000553
1508 -0.000553
1509 -0.000237
1510 -0.000237
1511 -0.000237
1512 -0.000237
1513 -0.000237
1514 -0.000237
1515 -0.000237
1516 -0.000237
1517 -0.000111
1518 -0.000111
1519 -0.000111
1520 -0.000111
1521 -0.000111
1522 -0.000111
1523 -0.000111
1524 -0.000111
1525 0.000093
1526 0.000093
1527 0.000093
1528 0.000093
1529 0.000093
1530 0.000093
1531 0.000093
1532 0.000093
1533 0.000155
1534 0.000155
1535 0.000155
1536 0.000155
1537 0.000155
1538 0.000155
1539 0.000155
1540 0.000155
1541 0.000181
1542 0.000181
1543 0.000181
1544 0.000181
1545 0.000181
1546 0.000181
1547 0.000181
1548 0.000181
1549 0.000161
1550 0.000161
1551 0.000161
1552 0.000161
1553 0.000161
1554 0.000161
1555 0.000161
1556 0.000161
1557 0.000156
1558 0.000156
1559 0.000156
1560 0.000156
1561 0.000156
1562 0.000156
1563 0.000156
1564 0.000156
1565 0.000110
1566 0.000110
1567 0.000110
1568 0.000110
1569 0.000110
1570 0.000110
1571 0.000110
1572 0.000110
1573 0.000097
1574 0.000097
1575 0.000097
1576 0.000097
1577 0.000097
1578 0.000097
1579 0.000097
1580 0.000097
1581 0.000069
1582 0.000069
1583 0.000069
1584 0.000069
1585 0.000069
1586 0.000069
1587 0.000069
1588 0.000069
1589 0.000049
1590 0.000049
1591 0.000049
1592 0.000049
1593 0.000049
1594 0.000049
1595 0.000049
1596 0.000049
1597 0.000034
1598 0.000034
1599 0.000034
1600 0.000034
1601 0.000034
1602 0.000034
1603 0.000034
1604 0.000034
1605 0.000027
1606 0.000027
1607 0.000027
1608 0.000027
1609 0.000027
1610 0.000027
1611 0.000027
1612 0.000027
1613 0.000021
1614 0.000021
1615 0.000021
1616 0.000021
1617 0.000021
1618 0.000021
1619 0.000021
1620 0.000021
1621 0.000017
1622 0.000017
1623 0.000017
1624 0.000017
1625 0.000017
1626 0.000017
1627 0.000017
1628 0.000017
1629 0.000011
1630 0.000011
1631 0.000011
1632 0.000011
1633 0.000011
1634 0.000011
1635 0.000011
1636 0.000011
1637 0.000010
1638 0.000010
1639 0.000010
1640 0.000010
1641 0.000010
1642 0.000010
1643 0.000010
1644 0.000010
1645 0.000012
1646 0.000012
1647 0.000012
1648 0.000012
1649 0.000012
1650 0.000012
1651 0.000012
1652 0.000012
1653 0.000016
1654 0.000016
1655 0.000016
1656 0.000016
1657 0.000016
1658 0.000016
1659 0.000016
1660 0.000016
1661 0.000018
1662 0.000018
1663 0.000018
1664 0.000018
1665 0.000018
1666 0.000018
1667 0.000018
1668 0.000018
1669 0.000020
1670 0.000020
1671 0.000020
1672 0.000020
1673 0.000020
1674 0.000020
1675 0.000020
1676 0.000020
1677 0.000021
1678 0.000021
1679 0.000021
1680 0.000021
1681 0.000021
1682 0.000021
1683 0.000021
1684 0.000021
1685 0.000019
1686 0.000019
1687 0.000019
1688 0.000019
1689 0.000019
1690 0.000019
1691 0.000019
1692 0.000019
1693 0.000018
1694 0.000018
1695 0.000018
1696 0.000018
1697 0.000018
1698 0.000018
1699 0.000018
1700 0.000018
1701 0.000019
1702 0.000019
1703 0.000019
1704 0.000019
1705 0.000019
1706 0.000019
1707 0.000019
1708 0.000019
1709 0.000016
1710 0.000016
1711 0.000016
1712 0.000016
1713 0.000016
1714 0.000016
1715 0.000016
1716 0.000016
1717 0.000017
1718 0.000017
1719 0.000017
1720 0.000017
1721 0.000017
1722 0.000017
1723 0.000017
1724 0.000017
1725 0.000015
1726 0.000015
1727 0.000015
1728 0.000015
1729 0.000015
1730 0.000015
1731 0.000015
1732 0.000015
1733 0.000014
1734 0.000014
1735 0.000014
1736 0.000014
1737 0.000014
1738 0.000014
1739 0.000014
1740 0.000014
1741 0.000014
1742 0.000014
1743 0.000014
1744 0.000014
1745 0.000014
1746 0.000014
1747 0.000014
1748 0.000014
1749 0.000013
1750 0.000013
1751 0.000013
1752 0.000013
1753 0.000013
1754 0.000013
1755 0.000013
1756 0.000013
1757 0.000013
1758 0.000013
1759 0.000013
1760 0.000013
1761 0.000013
1762 0.000013
1763 0.000013
1764 0.000013
1765 0.000012
1766 0.000012
1767 0.000012
1768 0.000012
1769 0.000012
1770 0.000012
1771 0.000012
1772 0.000012
1773 0.000014
1774 0.000014
1775 0.000014
1776 0.000014
1777 0.000014
1778 0.000014
1779 0.000014
1780 0.000014
1781 0.000010
1782 0.000010
1783 0.000010
1784 0.000010
1785 0.000010
1786 0.000010
1787 0.000010
1788 0.000010
1789 0.000012
1790 0.000012
1791 0.000012
1792 0.000012
1793 0.000012
1794 0.000012
1795 0.000012
1796 0.000012
1797 0.000010
1798 0.000010
1799 0.000010
1800 0.000010
1801 0.000010
1802 0.000010
1803 0.000010
1804 0.000010
1805 0.000011
1806 0.000011
1807 0.000011
1808 0.000011
1809 0.000011
1810 0.000011
1811 0.000011
1812 0.000011
1813 0.000010
1814 0.000010
1815 0.000010
1816 0.000010
1817 0.000010
1818 0.000010
1819 0.000010
1820 0.000010
1821 0.000012
1822 0.000012
1823 0.000012
1824 0.000012
1825 0.000012
1826 0.000012
1827 0.000012
1828 0.000012
1829 0.000011
1830 0.000011
1831 0.000011
1832 0.000011
1833 0.000011
1834 0.000011
1835 0.000011
1836 0.000011
1837 0.000013
1838 0.000013
1839 0.000013
1840 0.000013
1841 0.000013
1842 0.000013
1843 0.000013
1844 0.000013
1845 0.000015
1846 0.000015
1847 0.000015
1848 0.000015
1849 0.000015
1850 0.000015
1851 0.000015
1852 0.000015
1853 0.000019
1854 0.000019
1855 0.000019
1856 0.000019
1857 0.000019
1858 0.000019
1859 0.000019
1860 0.000019
1861 0.000020
1862 0.000020
1863 0.000020
1864 0.000020
1865 0.000020
1866 0.000020
1867 0.000020
1868 0.000020
1869 0.000021
1870 0.000021
1871 0.000021
1872 0.000021
1873 0.000021
1874 0.000021
1875 0.000021
1876 0.000021
1877 0.000019
1878 0.000019
1879 0.000019
1880 0.000019
1881 0.000019
1882 0.000019
1883 0.000019
1884 0.000019
1885 0.000020
1886 0.000020
1887 0.000020
1888 0.000020
1889 0.000020
1890 0.000020
1891 0.000020
1892 0.000020
1893 0.000018
1894 0.000018
1895 0.000018
1896 0.000018
1897 0.000018
1898 0.000018
1899 0.000018
1900 0.000018
1901 0.000016
1902 0.000016
1903 0.000016
1904 0.000016
1905 0.000016
1906 0.000016
1907 0.000016
1908 0.000016
1909 0.000016
1910 0.000016
1911 0.000016
1912 0.000016
1913 0.000016
1914 0.000016
1915 0.000016
1916 0.000016
1917 0.000017
1918 0.000017
1919 0.000017
1920 0.000017
1921 0.000017
1922 0.000017
1923 0.000017
1924 0.000017
1925 0.000016
1926 0.000016
1927 0.000016
1928 0.000016
1929 0.000016
1930 0.000016
1931 0.000016
1932 0.000016
1933 0.000015
1934 0.000015
1935 0.000015
1936 0.000015
1937 0.000015
1938 0.000015
1939 0.000015
1940 0.000015
1941 0.000015
1942 0.000015
1943 0.000015
1944 0.000015
1945 0.000015
1946 0.000015
1947 0.000015
1948 0.000015
1949 0.000005
1950 0.000005
1951 0.000005
1952 0.000005
1953 0.000005
1954 0.000005
1955 0.000005
1956 0.000005
1957 0.000005
1958 0.000005
1959 0.000005
1960 0.000005
1961 0.000005
1962 0.000005
1963 0.000005
1964 0.000005
1965 0.000004
1966 0.000004
1967 0.000004
1968 0.000004
1969 0.000004
1970 0.000004
1971 0.000004
1972 0.000004
1973 0.000005
1974 0.000005
1975 0.000005
1976 0.000005
1977 0.000005
1978 0.000005
1979 0.000005
1980 0.000005
1981 0.000004
1982 0.000004
1983 0.000004
1984 0.000004
1985 0.000004
1986 0.000004
1987 0.000004
1988 0.000004
1989 0.000004
1990 0.000004
1991 0.000004
1992 0.000004
1993 0.000004
1994 0.000004
1995 0.000004
1996 0.000004
1997 0.000004
1998 0.000004
1999 0.000004
2000 0.000004
2001 0.000004
2002 0.000004
2003 0.000004
2004 0.000004
2005 0.000005
2006 0.000005
2007 0.000005
2008 0.000005
2009 0.000005
2010 0.000005
2011 0.000005
2012 0.000005
2013 0.000003
2014 0.000003
2015 0.000003
2016 0.000003
2017 0.000003
2018 0.000003
2019 0.000003
2020 0.000003
2021 0.000004
2022 0.000004
2023 0.000004
2024 0.000004
2025 0.000004
2026 0.000004
2027 0.000004
2028 0.000004
2029 0.000003
2030 0.000003
2031 0.000003
2032 0.000003
2033 0.000003
2034 0.000003
2035 0.000003
2036 0.000003
2037 0.000003
2038 0.000003
2039 0.000003
2040 0.000003
2041 0.000003
2042 0.000003
2043 0.000003
2044 0.000003
2045 0.000003
2046 0.000003
2047 0.000003
2048 0.000003
2049 0.000003
2050 0.000003
2051 0.000003
2052 0.000003
2053 0.000004
2054 0.000004
2055 0.000004
2056 0.000004
2057 0.000004
2058 0.000004
2059 0.000004
2060 0.000004
2061 0.000003
2062 0.000003
2063 0.000003
2064 0.000003
2065 0.000003
2066 0.000003
2067 0.000003
2068 0.000003
2069 0.000003
2070 0.000003
2071 0.000003
2072 0.000003
2073 0.000003
2074 0.000003
2075 0.000003
2076 0.000003
2077 0.000003
2078 0.000003
2079 0.000003
2080 0.000003
2081 0.000003
2082 0.000003
2083 0.000003
2084 0.000003
2085 0.000003
2086 0.000003
2087 0.000003
2088 0.000003
2089 0.000003
2090 0.000003
2091 0.000003
2092 0.000003
2093 0.000003
2094 0.000003
2095 0.000003
2096 0.000003
2097 0.000003
2098 0.000003
2099 0.000003
2100 0.000003
2101 0.000002
2102 0.000002
2103 0.000002
2104 0.000002
2105 0.000002
2106 0.000002
2107 0.000002
2108 0.000002
2109 0.000003
2110 0.000003
2111 0.000003
2112 0.000003
2113 0.000003
2114 0.000003
2115 0.000003
2116 0.000003
2117 0.000002
2118 0.000002
2119 0.000002
2120 0.000002
2121 0.000002
2122 0.000002
2123 0.000002
2124 0.000002
2125 0.000002
2126 0.000002
2127 0.000002
2128 0.000002
2129 0.000002
2130 0.000002
2131 0.000002
2132 0.000002
2133 0.000002
2134 0.000002
2135 0.000002
2136 0.000002
2137 0.000002
2138 0.000002
2139 0.000002
2140 0.000002
2141 0.000002
2142 0.000002
2143 0.000002
2144 0.000002
2145 0.000002
2146 0.000002
2147 0.000002
2148 0.000002
2149 0.000002
2150 0.000002
2151 0.000002
2152 0.000002
2153 0.000002
2154 0.000002
2155 0.000002
2156 0.000002
2157 0.000002
2158 0.000002
2159 0.000002
2160 0.000002
2161 0.000002
2162 0.000002
2163 0.000002
2164 0.000002
2165 0.000002
2166 0.000002
2167 0.000002
2168 0.000002
2169 0.000002
2170 0.000002
2171 0.000002
2172 0.000002
2173 0.000002
2174 0.000002
2175 0.000002
2176 0.000002
2177 0.000002
2178 0.000002
2179 0.000002
2180 0.000002
2181 0.000002
2182 0.000002
2183 0.000002
2184 0.000002
2185 0.000002
2186 0.000002
2187 0.000002
2188 0.000002
2189 0.000002
2190 0.000002
2191 0.000002
2192 0.000002
2193 0.000002
2194 0.000002
2195 0.000002
2196 0.000002
2197 0.000001
2198 0.000001
2199 0.000001
2200 0.000001
2201 0.000001
2202 0.000001
2203 0.000001
2204 0.000001
2205 0.000002
2206 0.000002
2207 0.000002
2208 0.000002
2209 0.000002
2210 0.000002
2211 0.000002
2212 0.000002
2213 0.000002
2214 0.000002
2215 0.000002
2216 0.000002
2217 0.000002
2218 0.000002
2219 0.000002
2220 0.000002
2221 0.000002
2222 0.000002
2223 0.000002
2224 0.000002
2225 0.000002
2226 0.000002
2227 0.000002
2228 0.000002
2229 0.000001
2230 0.000001
2231 0.000001
2232 0.000001
2233 0.000001
2234 0.000001
2235 0.000001
2236 0.000001
2237 0.000002
2238 0.000002
2239 0.000002
2240 0.000002
2241 0.000002
2242 0.000002
2243 0.000002
2244 0.000002
2245 0.000001
2246 0.000001
2247 0.000001
2248 0.000001
2249 0.000001
2250 0.000001
2251 0.000001
2252 0.000001
2253 0.000001
2254 0.000001
2255 0.000001
2256 0.000001
2257 0.000001
2258 0.000001
2259 0.000001
2260 0.000001
2261 0.000001
2262 0.000001
2263 0.000001
2264 0.000001
2265 0.000001
2266 0.000001
2267 0.000001
2268 0.000001
2269 0.000001
2270 0.000001
2271 0.000001
2272 0.000001
2273 0.000001
2274 0.000001
2275 0.000001
2276 0.000001
2277 0.000001
2278 0.000001
2279 0.000001
2280 0.000001
2281 0.000001
2282 0.000001
2283 0.000001
2284 0.000001
2285 0.000001
2286 0.000001
2287 0.000001
2288 0.000001
2289 0.000001
2290 0.000001
2291 0.000001
2292 0.000001
2293 0.000001
2294 0.000001
2295 0.000001
2296 0.000001
2297 0.000001
2298 0.000001
2299 0.000001
2300 0.000001
2301 0.000001
2302 0.000001
2303 0.000001
2304 0.000001
2305 0.000001
2306 0.000001
2307 0.000001
2308 0.000001
2309 0.000001
2310 0.000001
2311 0.000001
2312 0.000001
2313 0.000001
2314 0.000001
2315 0.000001
2316 0.000001
2317 0.000001
2318 0.000001
2319 0.000001
2320 0.000001
2321 0.000001
2322 0.000001
2323 0.000001
2324 0.000001
2325 0.000001
2326 0.000001
2327 0.000001
2328 0.000001
2329 0.000001
2330 0.000001
2331 0.000001
2332 0.000001
2333 0.000001
2334 0.000001
2335 0.000001
2336 0.000001
2337 0.000001
2338 0.000001
2339 0.000001
2340 0.000001
2341 0.000001
2342 0.000001
2343 0.000001
2344 0.000001
2345 0.000001
2346 0.000001
2347 0.000001
2348 0.000001
2349 0.000001
2350 0.000001
2351 0.000001
2352 0.000001
2353 0.000001
2354 0.000001
2355 0.000001
2356 0.000001
2357 0.000001
2358 0.000001
2359 0.000001
2360 0.000001
2361 0.000001
2362 0.000001
2363 0.000001
2364 0.000001
2365 0.000001
2366 0.000001
2367 0.000001
2368 0.000001
2369 0.000001
2370 0.000001
2371 0.000001
2372 0.000001
2373 0.000001
2374 0.000001
2375 0.000001
2376 0.000001
2377 0.000001
2378 0.000001
2379 0.000001
2380 0.000001
2381 0.000001
2382 0.000001
2383 0.000001
2384 0.000001
2385 0.000001
2386 0.000001
2387 0.000001
2388 0.000001
2389 0.000001
2390 0.000001
2391 0.000001
2392 0.000001
2393 0.000001
2394 0.000001
2395 0.000001
2396 0.000001
2397 0.000001
2398 0.000001
2399 0.000001
2400 0.000001
2401 0.000001
2402 0.000001
2403 0.000001
2404 0.000001
2405 0.000001
2406 0.000001
2407 0.000001
2408 0.000001
2409 0.000001
2410 0.000001
2411 0.000001
2412 0.000001
2413 0.000001
2414 0.000001
2415 0.000001
2416 0.000001
2417 0.000001
2418 0.000001
2419 0.000001
2420 0.000001
2421 0.000001
2422 0.000001
2423 0.000001
2424 0.000001
2425 0.000001
2426 0.000001
2427 0.000001
2428 0.000001
2429 0.000001
2430 0.000001
2431 0.000001
2432 0.000001
2433 0.000001
2434 0.000001
2435 0.000001
2436 0.000001
2437 0.000001
2438 0.000001
2439 0.000001
2440 0.000001
2441 0.000001
2442 0.000001
2443 0.000001
2444 0.000001
2445 0.000001
2446 0.000001
2447 0.000001
2448 0.000001
2449 0.000001
2450 0.000001
2451 0.000001
2452 0.000001
2453 0.000001
2454 0.000001
2455 0.000001
2456 0.000001
2457 0.000001
2458 0.000001
2459 0.000001
2460 0.000001
2461 0.000001
2462 0.000001
2463 0.000001
2464 0.000001
2465 0.000001
2466 0.000001
2467 0.000001
2468 0.000001
2469 0.000001
2470 0.000001
2471 0.000001
2472 0.000001
2473 0.000001
2474 0.000001
2475 0.000001
2476 0.000001
2477 0.000001
2478 0.000001
2479 0.000001
2480 0.000001
2481 0.000001
2482 0.000001
2483 0.000001
2484 0.000001
2485 0.000001
2486 0.000001
2487 0.000001
2488 0.000001
2489 0.000001
2490 0.000001
2491 0.000001
2492 0.000001
2493 0.000001
2494 0.000001
2495 0.000001
2496 0.000001
2497 0.000001
2498 0.000001
2499 0.000001
2500 0.000001
2501 0.000001
2502 0.000001
2503 0.000001
2504 0.000001
2505 0.000001
2506 0.000001
2507 0.000001
2508 0.000001
2509 0.000001
2510 0.000001
2511 0.000001
2512 0.000001
2513 0.000001
2514 0.000001
2515 0.000001
2516 0.000001
2517 0.000001
2518 0.000001
2519 0.000001
2520 0.000001
2521 0.000001
2522 0.000001
2523 0.000001
2524 0.000001
2525 0.000001
2526 0.000001
2527 0.000001
2528 0.000001
2529 0.000001
2530 0.000001
2531 0.000001
2532 0.000001
2533 0.000001
2534 0.000001
2535 0.000001
2536 0.000001
2537 0.000001
2538 0.000001
2539 0.000001
2540 0.000001
2541 0.000001
2542 0.000001
2543 0.000001
2544 0.000001
2545 0.000001
2546 0.000001
2547 0.000001
2548 0.000001
2549 0.000001
2550 0.000001
2551 0.000001
2552 0.000001
2553 0.000001
2554 0.000001
2555 0.000001
2556 0.000001
2557 0.000001
2558 0.000001
2559 0.000001
2560 0.000001
2561 0.000001
2562 0.000001
2563 0.000001
2564 0.000001
2565 0.000001
2566 0.000001
2567 0.000001
2568 0.000001
2569 0.000001
2570 0.000001
2571 0.000001
2572 0.000001
2573 0.000001
2574 0.000001
2575 0.000001
2576 0.000001
2577 0.000001
2578 0.000001
2579 0.000001
2580 0.000001
2581 0.000001
2582 0.000001
2583 0.000001
2584 0.000001
2585 0.000001
2586 0.000001
2587 0.000001
2588 0.000001
2589 0.000001
2590 0.000001
2591 0.000001
2592 0.000001
2593 0.000001
2594 0.000001
2595 0.000001
2596 0.000001
2597 0.000001
2598 0.000001
2599 0.000001
2600 0.000001
2601 0.000001
2602 0.000001
2603 0.000001
2604 0.000001
2605 0.000001
2606 0.000001
2607 0.000001
2608 0.000001
2609 0.000001
2610 0.000001
2611 0.000001
2612 0.000001
2613 0.000001
2614 0.000001
2615 0.000001
2616 0.000001
2617 0.000001
2618 0.000001
2619 0.000001
2620 0.000001
2621 0.000001
2622 0.000001
2623 0.000001
2624 0.000001
2625 0.000001
2626 0.000001
2627 0.000001
2628 0.000001
2629 0.000001
2630 0.000001
2631 0.000001
2632 0.000001
2633 0.000001
2634 0.000001
2635 0.000001
2636 0.000001
2637 0.000001
2638 0.000001
2639 0.000001
2640 0.000001
2641 0.000001
2642 0.000001
2643 0.000001
2644 0.000001
2645 0.000000
2646 0.000000
2647 0.000000
2648 0.000000
2649 0.000000
2650 0.000000
2651 0.000000
2652 0.000000
2653 0.000000
2654 0.000000
2655 0.000000
2656 0.000000
2657 0.000000
2658 0.000000
2659 0.000000
2660 0.000000
2661 0.000000
2662 0.000000
2663 0.000000
2664 0.000000
2665 0.000000
2666 0.000000
2667 0.000000
2668 0.000000
2669 0.000000
2670 0.000000
2671 0.000000
2672 0.000000
2673 0.000000
2674 0.000000
2675 0.000000
2676 0.000000
2677 0.000000
2678 0.000000
2679 0.000000
2680 0.000000
2681 0.000000
2682 0.000000
2683 0.000000
2684 0.000000
2685 0.000000
2686 0.000000
2687 0.000000
2688 0.000000
2689 0.000000
2690 0.000000
2691 0.000000
2692 0.000000
2693 0.000000
2694 0.000000
2695 0.000000
2696 0.000000
2697 0.000000
2698 0.000000
2699 0.000000
2700 0.000000
2701 0.000000
2702 0.000000
2703 0.000000
2704 0.000000
2705 0.000000
2706 0.000000
2707 0.000000
2708 0.000000
2709 0.000000
2710 0.000000
2711 0.000000
2712 0.000000
2713 0.000000
2714 0.000000
2715 0.000000
2716 0.000000
2717 0.000000
2718 0.000000
2719 0.000000
2720 0.000000
2721 0.000000
2722 0.000000
2723 0.000000
2724 0.000000
2725 0.000000
2726 0.000000
2727 0.000000
2728 0.000000
2729 0.000000
2730 0.000000
2731 0.000000
2732 0.000000
2733 0.000000
2734 0.000000
2735 0.000000
2736 0.000000
2737 0.000000
2738 0.000000
2739 0.000000
2740 0.000000
2741 0.000000
2742 0.000000
2743 0.000000
2744 0.000000
2745 0.000000
2746 0.000000
2747 0.000000
2748 0.000000
2749 0.000000
2750 0.000000
2751 0.000000
2752 0.000000
2753 0.000000
2754 0.000000
2755 0.000000
2756 0.000000
2757 0.000000
2758 0.000000
2759 0.000000
2760 0.000000
2761 0.000000
2762 0.000000
2763 0.000000
2764 0.000000
2765 0.000000
2766 0.000000
2767 0.000000
2768 0.000000
2769 0.000000
2770 0.000000
2771 0.000000
2772 0.000000
2773 0.000000
2774 0.000000
2775 0.000000
2776 0.000000
2777 0.000000
2778 0.000000
2779 0.000000
2780 0.000000
2781 0.000000
2782 0.000000
2783 0.000000
2784 0.000000
2785 0.000000
2786 0.000000
2787 0.000000
2788 0.000000
2789 0.000000
2790 0.000000
2791 0.000000
2792 0.000000
2793 0.000000
2794 0.000000
2795 0.000000
2796 0.000000
2797 0.000000
2798 0.000000
2799 0.000000
2800 0.000000
2801 0.000000
2802 0.000000
2803 0.000000
2804 0.000000
2805 0.000000
2806 0.000000
2807 0.000000
2808 0.000000
2809 0.000000
2810 0.000000
2811 0.000000
2812 0.000000
2813 0.000000
2814 0.000000
2815 0.000000
2816 0.000000
2817 0.000000
2818 0.000000
2819 0.000000
2820 0.000000
2821 0.000000
2822 0.000000
2823 0.000000
2824 0.000000
2825 0.000000
2826 0.000000
2827 0.000000
2828 0.000000
2829 0.000000
2830 0.000000
2831 0.000000
2832 0.000000
2833 0.000000
2834 0.000000
2835 0.000000
2836 0.000000
2837 0.000000
2838 0.000000
2839 0.000000
2840 0.000000
2841 0.000000
2842 0.000000
2843 0.000000
2844 0.000000
2845 0.000000
2846 0.000000
2847 0.000000
2848 0.000000
2849 0.000000
2850 0.000000
2851 0.000000
2852 0.000000
2853 0.000000
2854 0.000000
2855 0.000000
2856 0.000000
2857 0.000000
2858 0.000000
2859 0.000000
2860 0.000000
2861 0.000000
2862 0.000000
2863 0.000000
2864 0.000000
2865 0.000000
2866 0.000000
2867 0.000000
2868 0.000000
2869 0.000000
2870 0.000000
2871 0.000000
2872 0.000000
2873 0.000000
2874 0.000000
2875 0.000000
2876 0.000000
2877 0.000000
2878 0.000000
2879 0.000000
2880 0.000000
2881 0.000000
2882 0.000000
2883 0.000000
2884 0.000000
2885 0.000000
2886 0.000000
2887 0.000000
2888 0.000000
2889 0.000000
2890 0.000000
2891 0.000000
2892 0.000000
2893 0.000000
2894 0.000000
2895 0.000000
2896 0.000000
2897 0.000000
2898 0.000000
2899 0.000000
2900 0.000000
2901 0.000000
2902 0.000000
2903 0.000000
2904 0.000000
2905 0.000000
2906 0.000000
2907 0.000000
2908 0.000000
2909 0.000000
2910 0.000000
2911 0.000000
2912 0.000000
2913 0.000000
2914 0.000000
2915 0.000000
2916 0.000000
2917 0.000000
2918 0.000000
2919 0.000000
2920 0.000000
2921 0.000000
2922 0.000000
2923 0.000000
2924 0.000000
2925 0.000000
2926 0.000000
2927 0.000000
2928 0.000000
2929 0.000000
2930 0.000000
2931 0.000000
2932 0.000000
2933 0.000000
2934 0.000000
2935 0.000000
2936 0.000000
2937 0.000000
2938 0.000000
2939 0.000000
2940 0.000000
2941 0.000000
2942 0.000000
2943 0.000000
2944 0.000000
2945 0.000000
2946 0.000000
2947 0.000000
2948 0.000000
2949 0.000000
2950 0.000000
2951 0.000000
2952 0.000000
2953 0.000000
2954 0.000000
2955 0.000000
2956 0.000000
2957 0.000000
2958 0.000000
2959 0.000000
2960 0.000000
2961 0.000000
2962 0.000000
2963 0.000000
2964 0.000000
2965 0.000000
2966 0.000000
2967 0.000000
2968 0.000000
2969 0.000000
2970 0.000000
2971 0.000000
2972 0.000000
2973 0.000000
2974 0.000000
2975 0.000000
2976 0.000000
2977 0.000000
2978 0.000000
2979 0.000000
2980 0.000000
2981 0.000000
2982 0.000000
2983 0.000000
2984 0.000000
2985 0.000000
2986 0.000000
2987 0.000000
2988 0.000000
2989 0.000000
2990 0.000000
2991 0.000000
2992 0.000000
2993 0.000000
2994 0.000000
2995 0.000000
2996 0.000000
2997 0.000000
2998 0.000000
2999 0.000000
3000 0.000000
3001 0.000000
3002 0.000000
3003 0.000000
3004 0.000000
3005 0.000000
3006 0.000000
3007 0.000000
3008 0.000000
3009 0.000000
3010 0.000000
3011 0.000000
3012 0.000000
3013 0.000000
3014 0.000000
3015 0.000000
3016 0.000000
3017 0.000000
3018 0.000000
3019 0.000000
3020 0.000000
3021 0.000000
3022 0.000000
3023 0.000000
3024 0.000000
3025 0.000000
3026 0.000000
3027 0.000000
3028 0.000000
3029 0.000000
3030 0.000000
3031 0.000000
3032 0.000000
3033 0.000000
3034 0.000000
3035 0.000000
3036 0.000000
3037 0.000000
3038 0.000000
3039 0.000000
3040 0.000000
3041 0.000000
3042 0.000000
3043 0.000000
3044 0.000000
3045 0.000000
3046 0.000000
3047 0.000000
3048 0.000000
3049 0.000000
3050 0.000000
3051 0.000000
3052 0.000000
3053 0.000000
3054 0.000000
3055 0.000000
3056 0.000000
3057 0.000000
3058 0.000000
3059 0.000000
3060 0.000000
3061 0.000000
3062 0.000000
3063 0.000000
3064 0.000000
3065 0.000000
3066 0.000000
3067 0.000000
3068 0.000000
3069 0.000000
3070 0.000000
3071 0.000000
3072 0.000000
3073 0.000000
3074 0.000000
3075 0.000000
3076 0.000000
3077 0.000000
3078 0.000000
3079 0.000000
3080 0.000000
3081 0.000000
3082 0.000000
3083 0.000000
3084 0.000000
3085 0.000000
3086 0.000000
3087 0.000000
3088 0.000000
3089 0.000000
3090 0.000000
3091 0.000000
3092 0.000000
3093 0.000000
3094 0.000000
3095 0.000000
3096 0.000000
3097 0.000000
3098 0.000000
3099 0.000000
