    45  0.00000E+00
    46  3.48506E-33
    47  1.29920E-32
    48  2.70161E-32
    49  4.40530E-32
    50  6.25982E-32
    51  8.11469E-32
    52  9.81948E-32
    53  1.12237E-31
    54  1.21770E-31
    55  1.25288E-31
    56  1.21286E-31
    57  1.08262E-31
    58  8.47086E-32
    59  4.91230E-32
    60  0.00000E+00
    61 -6.31620E-32
    62 -1.36854E-31
    63 -2.16563E-31
    64 -2.97777E-31
    65 -3.75984E-31
    66 -4.46673E-31
    67 -5.05330E-31
    68 -5.47444E-31
    69 -5.68502E-31
    70 -5.63992E-31
    71 -5.29402E-31
    72 -4.60220E-31
    73 -3.51934E-31
    74 -2.00031E-31
    75  0.00000E+00
    76  2.49163E-31
    77  5.34423E-31
    78  8.39235E-31
    79  1.14706E-30
    80  1.44134E-30
    81  1.70554E-30
    82  1.92312E-30
    83  2.07754E-30
    84  2.15224E-30
    85  2.13068E-30
    86  1.99632E-30
    87  1.73262E-30
    88  1.32303E-30
    89  7.51003E-31
    90  0.00000E+00
    91 -9.33489E-31
    92 -2.00084E-30
    93 -3.14038E-30
    94 -4.29044E-30
    95 -5.38937E-30
    96 -6.37550E-30
    97 -7.18717E-30
    98 -7.76271E-30
    99 -8.04045E-30
   100 -7.95873E-30
   101 -7.45589E-30
   102 -6.47026E-30
   103 -4.94018E-30
   104 -2.80398E-30
   105  0.00000E+00
   106  3.48480E-30
   107  7.46892E-30
   108  1.17223E-29
   109  1.60147E-29
   110  2.01162E-29
   111  2.37965E-29
   112  2.68256E-29
   113  2.89733E-29
   114  3.00095E-29
   115  2.97042E-29
   116  2.78272E-29
   117  2.41484E-29
   118  1.84377E-29
   119  1.04649E-29
   120  0.00000E+00
   121 -1.30057E-29
   122 -2.78749E-29
   123 -4.37487E-29
   124 -5.97684E-29
   125 -7.50753E-29
   126 -8.88104E-29
   127 -1.00115E-28
   128 -1.08130E-28
   129 -1.11998E-28
   130 -1.10858E-28
   131 -1.03853E-28
   132 -9.01234E-29
   133 -6.88105E-29
   134 -3.90557E-29
   135  0.00000E+00
   136  4.85380E-29
   137  1.04031E-28
   138  1.63273E-28
   139  2.23059E-28
   140  2.80185E-28
   141  3.31445E-28
   142  3.73635E-28
   143  4.03549E-28
   144  4.17981E-28
   145  4.13729E-28
   146  3.87585E-28
   147  3.36345E-28
   148  2.56804E-28
   149  1.45758E-28
   150  0.00000E+00
   151 -1.81146E-28
   152 -3.88247E-28
   153 -6.09342E-28
   154 -8.32468E-28
   155 -1.04566E-27
   156 -1.23697E-27
   157 -1.39442E-27
   158 -1.50606E-27
   159 -1.55993E-27
   160 -1.54406E-27
   161 -1.44649E-27
   162 -1.25526E-27
   163 -9.58407E-28
   164 -5.43976E-28
   165  0.00000E+00
   166  6.76047E-28
   167  1.44896E-27
   168  2.27409E-27
   169  3.10681E-27
   170  3.90247E-27
   171  4.61644E-27
   172  5.20406E-27
   173  5.62071E-27
   174  5.82173E-27
   175  5.76250E-27
   176  5.39836E-27
   177  4.68468E-27
   178  3.57683E-27
   179  2.03014E-27
   180  0.00000E+00
   181 -2.52304E-27
   182 -5.40759E-27
   183 -8.48703E-27
   184 -1.15948E-26
   185 -1.45642E-26
   186 -1.72288E-26
   187 -1.94218E-26
   188 -2.09768E-26
   189 -2.17270E-26
   190 -2.15059E-26
   191 -2.01470E-26
   192 -1.74835E-26
   193 -1.33489E-26
   194 -7.57660E-27
   195  0.00000E+00
   196  9.41612E-27
   197  2.01814E-26
   198  3.16740E-26
   199  4.32723E-26
   200  5.43544E-26
   201  6.42986E-26
   202  7.24832E-26
   203  7.82863E-26
   204  8.10862E-26
   205  8.02612E-26
   206  7.51895E-26
   207  6.52492E-26
   208  4.98187E-26
   209  2.82763E-26
   210  0.00000E+00
   211 -3.51414E-26
   212 -7.53179E-26
   213 -1.18209E-25
   214 -1.61494E-25
   215 -2.02853E-25
   216 -2.39966E-25
   217 -2.70511E-25
   218 -2.92169E-25
   219 -3.02618E-25
   220 -2.99539E-25
   221 -2.80611E-25
   222 -2.43513E-25
   223 -1.85926E-25
   224 -1.05528E-25
   225  0.00000E+00
   226  1.31150E-25
   227  2.81090E-25
   228  4.41162E-25
   229  6.02705E-25
   230  7.57060E-25
   231  8.95564E-25
   232  1.00956E-24
   233  1.09039E-24
   234  1.12939E-24
   235  1.11789E-24
   236  1.04725E-24
   237  9.08805E-25
   238  6.93886E-25
   239  3.93838E-25
   240  0.00000E+00
   241 -4.89457E-25
   242 -1.04904E-24
   243 -1.64644E-24
   244 -2.24933E-24
   245 -2.82538E-24
   246 -3.34229E-24
   247 -3.76773E-24
   248 -4.06938E-24
   249 -4.21492E-24
   250 -4.17204E-24
   251 -3.90841E-24
   252 -3.39170E-24
   253 -2.58962E-24
   254 -1.46982E-24
   255  0.00000E+00
   256  1.82668E-24
   257  3.91508E-24
   258  6.14460E-24
   259  8.39460E-24
   260  1.05445E-23
   261  1.24736E-23
   262  1.40614E-23
   263  1.51871E-23
   264  1.57303E-23
   265  1.55703E-23
   266  1.45864E-23
   267  1.26580E-23
   268  9.66458E-24
   269  5.48545E-24
   270  0.00000E+00
   271 -6.81726E-24
   272 -1.46113E-23
   273 -2.29320E-23
   274 -3.13291E-23
   275 -3.93525E-23
   276 -4.65521E-23
   277 -5.24777E-23
   278 -5.66792E-23
   279 -5.87063E-23
   280 -5.81090E-23
   281 -5.44371E-23
   282 -4.72404E-23
   283 -3.60687E-23
   284 -2.04720E-23
   285  0.00000E+00
   286  2.54423E-23
   287  5.45301E-23
   288  8.55832E-23
   289  1.16922E-22
   290  1.46866E-22
   291  1.73735E-22
   292  1.95850E-22
   293  2.11530E-22
   294  2.19095E-22
   295  2.16866E-22
   296  2.03162E-22
   297  1.76303E-22
   298  1.34610E-22
   299  7.64025E-23
   300  0.00000E+00
   301 -9.49521E-23
   302 -2.03509E-22
   303 -3.19401E-22
   304 -4.36358E-22
   305 -5.48110E-22
   306 -6.48388E-22
   307 -7.30921E-22
   308 -7.89439E-22
   309 -8.17674E-22
   310 -8.09354E-22
   311 -7.58211E-22
   312 -6.57973E-22
   313 -5.02372E-22
   314 -2.85138E-22
   315  0.00000E+00
   316  3.54366E-22
   317  7.59506E-22
   318  1.19202E-21
   319  1.62851E-21
   320  2.04557E-21
   321  2.41981E-21
   322  2.72783E-21
   323  2.94623E-21
   324  3.05160E-21
   325  3.02055E-21
   326  2.82968E-21
   327  2.45559E-21
   328  1.87488E-21
   329  1.06415E-21
   330  0.00000E+00
   331 -1.32251E-21
   332 -2.83452E-21
   333 -4.44868E-21
   334 -6.07768E-21
   335 -7.63419E-21
   336 -9.03087E-21
   337 -1.01804E-20
   338 -1.09955E-20
   339 -1.13887E-20
   340 -1.12728E-20
   341 -1.05605E-20
   342 -9.16438E-21
   343 -6.99714E-21
   344 -3.97146E-21
   345  0.00000E+00
   346  4.93568E-21
   347  1.05786E-20
   348  1.66027E-20
   349  2.26822E-20
   350  2.84912E-20
   351  3.37037E-20
   352  3.79938E-20
   353  4.10357E-20
   354  4.25033E-20
   355  4.20708E-20
   356  3.94124E-20
   357  3.42019E-20
   358  2.61137E-20
   359  1.48217E-20
   360  0.00000E+00
   361 -1.84202E-20
   362 -3.94797E-20
   363 -6.19621E-20
   364 -8.46512E-20
   365 -1.06331E-19
   366 -1.25784E-19
   367 -1.41795E-19
   368 -1.53147E-19
   369 -1.58624E-19
   370 -1.57010E-19
   371 -1.47089E-19
   372 -1.27643E-19
   373 -9.74576E-20
   374 -5.53153E-20
   375  0.00000E+00
   376  6.87452E-20
   377  1.47340E-19
   378  2.31246E-19
   379  3.15922E-19
   380  3.96831E-19
   381  4.69432E-19
   382  5.29185E-19
   383  5.71553E-19
   384  5.91995E-19
   385  5.85971E-19
   386  5.48943E-19
   387  4.76372E-19
   388  3.63717E-19
   389  2.06439E-19
   390  0.00000E+00
   391 -2.56561E-19
   392 -5.49881E-19
   393 -8.63021E-19
   394 -1.17904E-18
   395 -1.48099E-18
   396 -1.75194E-18
   397 -1.97495E-18
   398 -2.13306E-18
   399 -2.20935E-18
   400 -2.18687E-18
   401 -2.04868E-18
   402 -1.77784E-18
   403 -1.35741E-18
   404 -7.70442E-19
   405  0.00000E+00
   406  9.57497E-19
   407  2.05219E-18
   408  3.22084E-18
   409  4.40023E-18
   410  5.52714E-18
   411  6.53834E-18
   412  7.37060E-18
   413  7.96071E-18
   414  8.24542E-18
   415  8.16153E-18
   416  7.64580E-18
   417  6.63500E-18
   418  5.06592E-18
   419  2.87533E-18
   420  0.00000E+00
   421 -3.57343E-18
   422 -7.65886E-18
   423 -1.20203E-17
   424 -1.64219E-17
   425 -2.06276E-17
   426 -2.44014E-17
   427 -2.75075E-17
   428 -2.97098E-17
   429 -3.07723E-17
   430 -3.04592E-17
   431 -2.85345E-17
   432 -2.47622E-17
   433 -1.89063E-17
   434 -1.07309E-17
   435  0.00000E+00
   436  1.33362E-17
   437  2.85833E-17
   438  4.48605E-17
   439  6.12873E-17
   440  7.69832E-17
   441  9.10673E-17
   442  1.02659E-16
   443  1.10878E-16
   444  1.14844E-16
   445  1.13675E-16
   446  1.06492E-16
   447  9.24136E-17
   448  7.05592E-17
   449  4.00482E-17
   450  0.00000E+00
   451 -4.97714E-17
   452 -1.06674E-16
   453 -1.67422E-16
   454 -2.28727E-16
   455 -2.87305E-16
   456 -3.39868E-16
   457 -3.83129E-16
   458 -4.13804E-16
   459 -4.28603E-16
   460 -4.24242E-16
   461 -3.97434E-16
   462 -3.44892E-16
   463 -2.63330E-16
   464 -1.49462E-16
   465  0.00000E+00
   466  1.85750E-16
   467  3.98113E-16
   468  6.24826E-16
   469  8.53622E-16
   470  1.07224E-15
   471  1.26840E-15
   472  1.42986E-15
   473  1.54434E-15
   474  1.59957E-15
   475  1.58329E-15
   476  1.48325E-15
   477  1.28716E-15
   478  9.82762E-16
   479  5.57799E-16
   480  0.00000E+00
   481 -6.93227E-16
   482 -1.48578E-15
   483 -2.33188E-15
   484 -3.18576E-15
   485 -4.00164E-15
   486 -4.73375E-15
   487 -5.33631E-15
   488 -5.76354E-15
   489 -5.96967E-15
   490 -5.90893E-15
   491 -5.53555E-15
   492 -4.80373E-15
   493 -3.66772E-15
   494 -2.08173E-15
   495  0.00000E+00
   496  2.58716E-15
   497  5.54500E-15
   498  8.70270E-15
   499  1.18894E-14
   500  1.49343E-14
   501  1.76666E-14
   502  1.99154E-14
   503  2.15098E-14
   504  2.22791E-14
   505  2.20524E-14
   506  2.06589E-14
   507  1.79278E-14
   508  1.36881E-14
   509  7.76914E-15
   510  0.00000E+00
   511 -9.65540E-15
   512 -2.06942E-14
   513 -3.24789E-14
   514 -4.43719E-14
   515 -5.57357E-14
   516 -6.59326E-14
   517 -7.43251E-14
   518 -8.02757E-14
   519 -8.31468E-14
   520 -8.23008E-14
   521 -7.71002E-14
   522 -6.69073E-14
   523 -5.10847E-14
   524 -2.89948E-14
   525  0.00000E+00
   526  3.60345E-14
   527  7.72319E-14
   528  1.21213E-13
   529  1.65598E-13
   530  2.08008E-13
   531  2.46064E-13
   532  2.77385E-13
   533  2.99593E-13
   534  3.10308E-13
   535  3.07151E-13
   536  2.87742E-13
   537  2.49702E-13
   538  1.90651E-13
   539  1.08210E-13
   540  0.00000E+00
   541 -1.34482E-13
   542 -2.88234E-13
   543 -4.52373E-13
   544 -6.18021E-13
   545 -7.76298E-13
   546 -9.18323E-13
   547 -1.03522E-12
   548 -1.11810E-12
   549 -1.15809E-12
   550 -1.14630E-12
   551 -1.07387E-12
   552 -9.31899E-13
   553 -7.11519E-13
   554 -4.03846E-13
   555  0.00000E+00
   556  5.01895E-13
   557  1.07570E-12
   558  1.68828E-12
   559  2.30649E-12
   560  2.89718E-12
   561  3.42723E-12
   562  3.86348E-12
   563  4.17279E-12
   564  4.32204E-12
   565  4.27806E-12
   566  4.00773E-12
   567  3.47790E-12
   568  2.65542E-12
   569  1.50717E-12
   570  0.00000E+00
   571 -1.87310E-12
   572 -4.01458E-12
   573 -6.30075E-12
   574 -8.60793E-12
   575 -1.08124E-11
   576 -1.27906E-11
   577 -1.44187E-11
   578 -1.55731E-11
   579 -1.61301E-11
   580 -1.59659E-11
   581 -1.49570E-11
   582 -1.29797E-11
   583 -9.91018E-12
   584 -5.62485E-12
   585  0.00000E+00
   586  6.99050E-12
   587  1.49826E-11
   588  2.35147E-11
   589  3.21252E-11
   590  4.03526E-11
   591  4.77351E-11
   592  5.38113E-11
   593  5.81195E-11
   594  6.01982E-11
   595  5.95857E-11
   596  5.58204E-11
   597  4.84408E-11
   598  3.69853E-11
   599  2.09922E-11
   600  0.00000E+00
   601 -2.60889E-11
   602 -5.59158E-11
   603 -8.77581E-11
   604 -1.19893E-10
   605 -1.50598E-10
   606 -1.78150E-10
   607 -2.00827E-10
   608 -2.16905E-10
   609 -2.24663E-10
   610 -2.22377E-10
   611 -2.08325E-10
   612 -1.80784E-10
   613 -1.38031E-10
   614 -7.83440E-11
   615  0.00000E+00
   616  9.73651E-11
   617  2.08681E-10
   618  3.27518E-10
   619  4.47447E-10
   620  5.62039E-10
   621  6.64864E-10
   622  7.49495E-10
   623  8.09501E-10
   624  8.38453E-10
   625  8.29921E-10
   626  7.77478E-10
   627  6.74694E-10
   628  5.15139E-10
   629  2.92384E-10
   630  0.00000E+00
   631 -3.63371E-10
   632 -7.78807E-10
   633 -1.22231E-09
   634 -1.66989E-09
   635 -2.09756E-09
   636 -2.48131E-09
   637 -2.79715E-09
   638 -3.02110E-09
   639 -3.12915E-09
   640 -3.09731E-09
   641 -2.90159E-09
   642 -2.51799E-09
   643 -1.92252E-09
   644 -1.09119E-09
   645  0.00000E+00
   646  1.34748E-09
   647  2.83743E-09
   648  4.32846E-09
   649  5.67920E-09
   650  6.74824E-09
   651  7.39422E-09
   652  7.47575E-09
   653  6.85144E-09
   654  5.37990E-09
   655  2.91976E-09
   656 -6.70367E-10
   657 -5.53188E-09
   658 -1.18061E-08
   659 -1.96345E-08
   660 -2.91585E-08
   661 -4.04419E-08
   662 -5.32387E-08
   663 -6.72255E-08
   664 -8.20788E-08
   665 -9.74751E-08
   666 -1.13091E-07
   667 -1.28603E-07
   668 -1.43688E-07
   669 -1.58021E-07
   670 -1.71281E-07
   671 -1.83143E-07
   672 -1.93283E-07
   673 -2.01379E-07
   674 -2.07106E-07
   675 -2.10142E-07
   676 -2.10267E-07
   677 -2.07678E-07
   678 -2.02675E-07
   679 -1.95561E-07
   680 -1.86635E-07
   681 -1.76198E-07
   682 -1.64553E-07
   683 -1.51998E-07
   684 -1.38837E-07
   685 -1.25369E-07
   686 -1.11895E-07
   687 -9.87166E-08
   688 -8.61347E-08
   689 -7.44501E-08
   690 -6.39638E-08
   691 -5.48857E-08
   692 -4.70619E-08
   693 -4.02473E-08
   694 -3.41970E-08
   695 -2.86659E-08
   696 -2.34091E-08
   697 -1.81815E-08
   698 -1.27382E-08
   699 -6.83421E-09
   700 -2.24481E-10
   701  7.33597E-09
   702  1.60921E-08
   703  2.62890E-08
   704  3.81716E-08
   705  5.19848E-08
   706  6.78576E-08
   707  8.54540E-08
   708  1.04322E-07
   709  1.24009E-07
   710  1.44064E-07
   711  1.64034E-07
   712  1.83468E-07
   713  2.01913E-07
   714  2.18916E-07
   715  2.34027E-07
   716  2.46793E-07
   717  2.56762E-07
   718  2.63482E-07
   719  2.66500E-07
   720  2.65365E-07
   721  2.59788E-07
   722  2.50130E-07
   723  2.36915E-07
   724  2.20669E-07
   725  2.01916E-07
   726  1.81180E-07
   727  1.58986E-07
   728  1.35859E-07
   729  1.12322E-07
   730  8.89017E-08
   731  6.61211E-08
   732  4.45052E-08
   733  2.45786E-08
   734  6.86574E-09
   735 -8.10873E-09
   736 -1.99506E-08
   737 -2.87869E-08
   738 -3.48748E-08
   739 -3.84717E-08
   740 -3.98350E-08
   741 -3.92218E-08
   742 -3.68895E-08
   743 -3.30954E-08
   744 -2.80968E-08
   745 -2.21510E-08
   746 -1.55153E-08
   747 -8.44693E-09
   748 -1.20329E-09
   749  5.95836E-09
   750  1.27807E-08
   751  1.90572E-08
   752  2.47843E-08
   753  3.00092E-08
   754  3.47790E-08
   755  3.91410E-08
   756  4.31422E-08
   757  4.68300E-08
   758  5.02514E-08
   759  5.34536E-08
   760  5.64839E-08
   761  5.93894E-08
   762  6.22173E-08
   763  6.50147E-08
   764  6.78289E-08
   765  7.07070E-08
   766  7.36685E-08
   767  7.66218E-08
   768  7.94477E-08
   769  8.20269E-08
   770  8.42402E-08
   771  8.59683E-08
   772  8.70920E-08
   773  8.74920E-08
   774  8.70491E-08
   775  8.56439E-08
   776  8.31573E-08
   777  7.94699E-08
   778  7.44626E-08
   779  6.80160E-08
   780  6.00110E-08
   781  5.03928E-08
   782  3.93649E-08
   783  2.71954E-08
   784  1.41525E-08
   785  5.04273E-10
   786 -1.34812E-08
   787 -2.75359E-08
   788 -4.13916E-08
   789 -5.47803E-08
   790 -6.74339E-08
   791 -7.90842E-08
   792 -8.94632E-08
   793 -9.83028E-08
   794 -1.05335E-07
   795 -1.10291E-07
   796 -1.12969E-07
   797 -1.13427E-07
   798 -1.11789E-07
   799 -1.08178E-07
   800 -1.02718E-07
   801 -9.55322E-08
   802 -8.67451E-08
   803 -7.64800E-08
   804 -6.48607E-08
   805 -5.20107E-08
   806 -3.80538E-08
   807 -2.31136E-08
   808 -7.31384E-09
   809  9.22182E-09
   810  2.63697E-08
   811  4.39945E-08
   812  6.19141E-08
   813  7.99350E-08
   814  9.78633E-08
   815  1.15505E-07
   816  1.32668E-07
   817  1.49156E-07
   818  1.64778E-07
   819  1.79338E-07
   820  1.92644E-07
   821  2.04502E-07
   822  2.14718E-07
   823  2.23098E-07
   824  2.29448E-07
   825  2.33576E-07
   826  2.35306E-07
   827  2.34543E-07
   828  2.31210E-07
   829  2.25231E-07
   830  2.16528E-07
   831  2.05025E-07
   832  1.90645E-07
   833  1.73312E-07
   834  1.52949E-07
   835  1.29479E-07
   836  1.02826E-07
   837  7.29131E-08
   838  3.96634E-08
   839  3.00041E-09
   840 -3.71525E-08
   841 -8.07668E-08
   842 -1.27393E-07
   843 -1.76475E-07
   844 -2.27460E-07
   845 -2.79790E-07
   846 -3.32913E-07
   847 -3.86272E-07
   848 -4.39312E-07
   849 -4.91480E-07
   850 -5.42219E-07
   851 -5.90974E-07
   852 -6.37192E-07
   853 -6.80315E-07
   854 -7.19791E-07
   855 -7.55063E-07
   856 -7.85682E-07
   857 -8.11620E-07
   858 -8.32953E-07
   859 -8.49759E-07
   860 -8.62114E-07
   861 -8.70096E-07
   862 -8.73781E-07
   863 -8.73247E-07
   864 -8.68570E-07
   865 -8.59828E-07
   866 -8.47097E-07
   867 -8.30455E-07
   868 -8.09978E-07
   869 -7.85743E-07
   870 -7.57828E-07
   871 -7.26311E-07
   872 -6.91281E-07
   873 -6.52827E-07
   874 -6.11038E-07
   875 -5.66005E-07
   876 -5.17818E-07
   877 -4.66567E-07
   878 -4.12341E-07
   879 -3.55231E-07
   880 -2.95325E-07
   881 -2.32715E-07
   882 -1.67490E-07
   883 -9.97396E-08
   884 -2.95539E-08
   885  4.29772E-08
   886  1.17793E-07
   887  1.94953E-07
   888  2.74545E-07
   889  3.56656E-07
   890  4.41376E-07
   891  5.28791E-07
   892  6.18991E-07
   893  7.12062E-07
   894  8.08094E-07
   895  9.07175E-07
   896  1.00939E-06
   897  1.11483E-06
   898  1.22359E-06
   899  1.33574E-06
   900  1.45139E-06
   901  1.57052E-06
   902  1.69277E-06
   903  1.81768E-06
   904  1.94481E-06
   905  2.07368E-06
   906  2.20385E-06
   907  2.33486E-06
   908  2.46625E-06
   909  2.59757E-06
   910  2.72836E-06
   911  2.85816E-06
   912  2.98652E-06
   913  3.11299E-06
   914  3.23709E-06
   915  3.35839E-06
   916  3.47650E-06
   917  3.59137E-06
   918  3.70304E-06
   919  3.81155E-06
   920  3.91693E-06
   921  4.01921E-06
   922  4.11842E-06
   923  4.21460E-06
   924  4.30779E-06
   925  4.39802E-06
   926  4.48531E-06
   927  4.56971E-06
   928  4.65125E-06
   929  4.72996E-06
   930  4.80588E-06
   931  4.87834E-06
   932  4.94387E-06
   933  4.99831E-06
   934  5.03749E-06
   935  5.05725E-06
   936  5.05341E-06
   937  5.02182E-06
   938  4.95830E-06
   939  4.85868E-06
   940  4.71881E-06
   941  4.53452E-06
   942  4.30163E-06
   943  4.01599E-06
   944  3.67342E-06
   945  3.26976E-06
   946  2.80198E-06
   947  2.27159E-06
   948  1.68124E-06
   949  1.03357E-06
   950  3.31223E-07
   951 -4.23145E-07
   952 -1.22689E-06
   953 -2.07737E-06
   954 -2.97193E-06
   955 -3.90793E-06
   956 -4.88273E-06
   957 -5.89366E-06
   958 -6.93810E-06
   959 -8.01339E-06
   960 -9.11689E-06
   961 -1.02461E-05
   962 -1.13988E-05
   963 -1.25732E-05
   964 -1.37673E-05
   965 -1.49791E-05
   966 -1.62066E-05
   967 -1.74480E-05
   968 -1.87011E-05
   969 -1.99641E-05
   970 -2.12350E-05
   971 -2.25119E-05
   972 -2.37928E-05
   973 -2.50756E-05
   974 -2.63585E-05
   975 -2.76396E-05
   976 -2.89155E-05
   977 -3.01782E-05
   978 -3.14183E-05
   979 -3.26264E-05
   980 -3.37933E-05
   981 -3.49095E-05
   982 -3.59657E-05
   983 -3.69525E-05
   984 -3.78605E-05
   985 -3.86805E-05
   986 -3.94030E-05
   987 -4.00187E-05
   988 -4.05182E-05
   989 -4.08922E-05
   990 -4.11313E-05
   991 -4.12260E-05
   992 -4.11667E-05
   993 -4.09435E-05
   994 -4.05466E-05
   995 -3.99660E-05
   996 -3.91921E-05
   997 -3.82150E-05
   998 -3.70248E-05
   999 -3.56118E-05
  1000 -3.39661E-05
  1001 -3.20778E-05
  1002 -2.99372E-05
  1003 -2.75344E-05
  1004 -2.48595E-05
  1005 -2.19029E-05
  1006 -1.86533E-05
  1007 -1.50949E-05
  1008 -1.12105E-05
  1009 -6.98290E-06
  1010 -2.39491E-06
  1011  2.57063E-06
  1012  7.93090E-06
  1013  1.37031E-05
  1014  1.99044E-05
  1015  2.65519E-05
  1016  3.36629E-05
  1017  4.12544E-05
  1018  4.93438E-05
  1019  5.79482E-05
  1020  6.70847E-05
  1021  7.67548E-05
  1022  8.68974E-05
  1023  9.74357E-05
  1024  1.08293E-04
  1025  1.19392E-04
  1026  1.30656E-04
  1027  1.42008E-04
  1028  1.53371E-04
  1029  1.64669E-04
  1030  1.75825E-04
  1031  1.86761E-04
  1032  1.97401E-04
  1033  2.07669E-04
  1034  2.17486E-04
  1035  2.26777E-04
  1036  2.35479E-04
  1037  2.43591E-04
  1038  2.51123E-04
  1039  2.58089E-04
  1040  2.64502E-04
  1041  2.70373E-04
  1042  2.75715E-04
  1043  2.80540E-04
  1044  2.84861E-04
  1045  2.88691E-04
  1046  2.92041E-04
  1047  2.94924E-04
  1048  2.97352E-04
  1049  2.99339E-04
  1050  3.00895E-04
  1051  3.02003E-04
  1052  3.02514E-04
  1053  3.02249E-04
  1054  3.01029E-04
  1055  2.98674E-04
  1056  2.95006E-04
  1057  2.89844E-04
  1058  2.83011E-04
  1059  2.74325E-04
  1060  2.63609E-04
  1061  2.50682E-04
  1062  2.35366E-04
  1063  2.17481E-04
  1064  1.96847E-04
  1065  1.73287E-04
  1066  1.46651E-04
  1067  1.16923E-04
  1068  8.41147E-05
  1069  4.82408E-05
  1070  9.31472E-06
  1071 -3.26500E-05
  1072 -7.76398E-05
  1073 -1.25641E-04
  1074 -1.76640E-04
  1075 -2.30623E-04
  1076 -2.87576E-04
  1077 -3.47486E-04
  1078 -4.10340E-04
  1079 -4.76123E-04
  1080 -5.44822E-04
  1081 -6.16347E-04
  1082 -6.90305E-04
  1083 -7.66225E-04
  1084 -8.43637E-04
  1085 -9.22072E-04
  1086 -1.00106E-03
  1087 -1.08013E-03
  1088 -1.15881E-03
  1089 -1.23663E-03
  1090 -1.31313E-03
  1091 -1.38782E-03
  1092 -1.46025E-03
  1093 -1.52995E-03
  1094 -1.59643E-03
  1095 -1.65923E-03
  1096 -1.71796E-03
  1097 -1.77249E-03
  1098 -1.82278E-03
  1099 -1.86876E-03
  1100 -1.91040E-03
  1101 -1.94765E-03
  1102 -1.98045E-03
  1103 -2.00875E-03
  1104 -2.03251E-03
  1105 -2.05167E-03
  1106 -2.06620E-03
  1107 -2.07603E-03
  1108 -2.08111E-03
  1109 -2.08141E-03
  1110 -2.07686E-03
  1111 -2.06732E-03
  1112 -2.05227E-03
  1113 -2.03107E-03
  1114 -2.00311E-03
  1115 -1.96774E-03
  1116 -1.92435E-03
  1117 -1.87231E-03
  1118 -1.81099E-03
  1119 -1.73976E-03
  1120 -1.65801E-03
  1121 -1.56510E-03
  1122 -1.46040E-03
  1123 -1.34329E-03
  1124 -1.21315E-03
  1125 -1.06934E-03
  1126 -9.11146E-04
  1127 -7.37450E-04
  1128 -5.47044E-04
  1129 -3.38718E-04
  1130 -1.11262E-04
  1131  1.36533E-04
  1132  4.05878E-04
  1133  6.97982E-04
  1134  1.01405E-03
  1135  1.35531E-03
  1136  1.72295E-03
  1137  2.11818E-03
  1138  2.54223E-03
  1139  2.99629E-03
  1140  3.48159E-03
  1141  3.99837E-03
  1142  4.54314E-03
  1143  5.11143E-03
  1144  5.69880E-03
  1145  6.30078E-03
  1146  6.91291E-03
  1147  7.53076E-03
  1148  8.14985E-03
  1149  8.76573E-03
  1150  9.37395E-03
  1151  9.97006E-03
  1152  1.05496E-02
  1153  1.11081E-02
  1154  1.16411E-02
  1155  1.21442E-02
  1156  1.26140E-02
  1157  1.30519E-02
  1158  1.34604E-02
  1159  1.38420E-02
  1160  1.41992E-02
  1161  1.45344E-02
  1162  1.48501E-02
  1163  1.51489E-02
  1164  1.54332E-02
  1165  1.57055E-02
  1166  1.59683E-02
  1167  1.62240E-02
  1168  1.64753E-02
  1169  1.67246E-02
  1170  1.69742E-02
  1171  1.72261E-02
  1172  1.74785E-02
  1173  1.77293E-02
  1174  1.79760E-02
  1175  1.82163E-02
  1176  1.84479E-02
  1177  1.86684E-02
  1178  1.88756E-02
  1179  1.90670E-02
  1180  1.92404E-02
  1181  1.93935E-02
  1182  1.95238E-02
  1183  1.96291E-02
  1184  1.97070E-02
  1185  1.97551E-02
  1186  1.97717E-02
  1187  1.97560E-02
  1188  1.97080E-02
  1189  1.96276E-02
  1190  1.95146E-02
  1191  1.93688E-02
  1192  1.91902E-02
  1193  1.89786E-02
  1194  1.87338E-02
  1195  1.84557E-02
  1196  1.81443E-02
  1197  1.77992E-02
  1198  1.74205E-02
  1199  1.70079E-02
  1200  1.65614E-02
  1201  1.60813E-02
  1202  1.55704E-02
  1203  1.50317E-02
  1204  1.44687E-02
  1205  1.38844E-02
  1206  1.32822E-02
  1207  1.26653E-02
  1208  1.20368E-02
  1209  1.14000E-02
  1210  1.07582E-02
  1211  1.01146E-02
  1212  9.47233E-03
  1213  8.83470E-03
  1214  8.20493E-03
  1215  7.58624E-03
  1216  6.98142E-03
  1217  6.39148E-03
  1218  5.81702E-03
  1219  5.25860E-03
  1220  4.71681E-03
  1221  4.19223E-03
  1222  3.68544E-03
  1223  3.19702E-03
  1224  2.72755E-03
  1225  2.27761E-03
  1226  1.84778E-03
  1227  1.43864E-03
  1228  1.05076E-03
  1229  6.84739E-04
  1230  3.41145E-04
  1231  2.03282E-05
  1232 -2.78288E-04
  1233 -5.55513E-04
  1234 -8.12156E-04
  1235 -1.04903E-03
  1236 -1.26693E-03
  1237 -1.46669E-03
  1238 -1.64910E-03
  1239 -1.81497E-03
  1240 -1.96512E-03
  1241 -2.10035E-03
  1242 -2.22147E-03
  1243 -2.32929E-03
  1244 -2.42462E-03
  1245 -2.50828E-03
  1246 -2.58096E-03
  1247 -2.64300E-03
  1248 -2.69460E-03
  1249 -2.73600E-03
  1250 -2.76740E-03
  1251 -2.78904E-03
  1252 -2.80112E-03
  1253 -2.80388E-03
  1254 -2.79753E-03
  1255 -2.78229E-03
  1256 -2.75838E-03
  1257 -2.72602E-03
  1258 -2.68544E-03
  1259 -2.63685E-03
  1260 -2.58048E-03
  1261 -2.51660E-03
  1262 -2.44582E-03
  1263 -2.36876E-03
  1264 -2.28609E-03
  1265 -2.19846E-03
  1266 -2.10651E-03
  1267 -2.01089E-03
  1268 -1.91226E-03
  1269 -1.81126E-03
  1270 -1.70855E-03
  1271 -1.60477E-03
  1272 -1.50058E-03
  1273 -1.39663E-03
  1274 -1.29355E-03
  1275 -1.19202E-03
  1276 -1.09259E-03
  1277 -9.95478E-04
  1278 -9.00830E-04
  1279 -8.08781E-04
  1280 -7.19469E-04
  1281 -6.33032E-04
  1282 -5.49608E-04
  1283 -4.69334E-04
  1284 -3.92348E-04
  1285 -3.18787E-04
  1286 -2.48790E-04
  1287 -1.82494E-04
  1288 -1.20037E-04
  1289 -6.15569E-05
  1290 -7.19096E-06
  1291  4.29749E-05
  1292  8.90635E-05
  1293  1.31250E-04
  1294  1.69708E-04
  1295  2.04614E-04
  1296  2.36142E-04
  1297  2.64466E-04
  1298  2.89762E-04
  1299  3.12205E-04
  1300  3.31969E-04
  1301  3.49230E-04
  1302  3.64161E-04
  1303  3.76938E-04
  1304  3.87736E-04
  1305  3.96729E-04
  1306  4.04071E-04
  1307  4.09829E-04
  1308  4.14049E-04
  1309  4.16776E-04
  1310  4.18057E-04
  1311  4.17936E-04
  1312  4.16460E-04
  1313  4.13674E-04
  1314  4.09624E-04
  1315  4.04355E-04
  1316  3.97914E-04
  1317  3.90346E-04
  1318  3.81697E-04
  1319  3.72012E-04
  1320  3.61338E-04
  1321  3.49729E-04
  1322  3.37278E-04
  1323  3.24087E-04
  1324  3.10259E-04
  1325  2.95895E-04
  1326  2.81099E-04
  1327  2.65972E-04
  1328  2.50617E-04
  1329  2.35135E-04
  1330  2.19630E-04
  1331  2.04202E-04
  1332  1.88956E-04
  1333  1.73991E-04
  1334  1.59412E-04
  1335  1.45321E-04
  1336  1.31800E-04
  1337  1.18859E-04
  1338  1.06490E-04
  1339  9.46831E-05
  1340  8.34296E-05
  1341  7.27204E-05
  1342  6.25465E-05
  1343  5.28987E-05
  1344  4.37681E-05
  1345  3.51456E-05
  1346  2.70222E-05
  1347  1.93889E-05
  1348  1.22366E-05
  1349  5.55629E-06
  1350 -6.61087E-07
  1351 -6.42586E-06
  1352 -1.17535E-05
  1353 -1.66609E-05
  1354 -2.11648E-05
  1355 -2.52821E-05
  1356 -2.90295E-05
  1357 -3.24239E-05
  1358 -3.54820E-05
  1359 -3.82207E-05
  1360 -4.06568E-05
  1361 -4.28072E-05
  1362 -4.46885E-05
  1363 -4.63177E-05
  1364 -4.77115E-05
  1365 -4.88868E-05
  1366 -4.98586E-05
  1367 -5.06355E-05
  1368 -5.12240E-05
  1369 -5.16309E-05
  1370 -5.18629E-05
  1371 -5.19267E-05
  1372 -5.18290E-05
  1373 -5.15765E-05
  1374 -5.11760E-05
  1375 -5.06341E-05
  1376 -4.99575E-05
  1377 -4.91530E-05
  1378 -4.82272E-05
  1379 -4.71869E-05
  1380 -4.60388E-05
  1381 -4.47897E-05
  1382 -4.34476E-05
  1383 -4.20205E-05
  1384 -4.05164E-05
  1385 -3.89434E-05
  1386 -3.73094E-05
  1387 -3.56227E-05
  1388 -3.38911E-05
  1389 -3.21229E-05
  1390 -3.03259E-05
  1391 -2.85083E-05
  1392 -2.66780E-05
  1393 -2.48432E-05
  1394 -2.30120E-05
  1395 -2.11922E-05
  1396 -1.93916E-05
  1397 -1.76155E-05
  1398 -1.58690E-05
  1399 -1.41571E-05
  1400 -1.24848E-05
  1401 -1.08571E-05
  1402 -9.27898E-06
  1403 -7.75542E-06
  1404 -6.29144E-06
  1405 -4.89204E-06
  1406 -3.56221E-06
  1407 -2.30695E-06
  1408 -1.13126E-06
  1409 -4.01494E-08
  1410  9.61397E-07
  1411  1.87000E-06
  1412  2.68878E-06
  1413  3.42250E-06
  1414  4.07589E-06
  1415  4.65370E-06
  1416  5.16069E-06
  1417  5.60160E-06
  1418  5.98118E-06
  1419  6.30417E-06
  1420  6.57533E-06
  1421  6.79940E-06
  1422  6.98113E-06
  1423  7.12528E-06
  1424  7.23657E-06
  1425  7.31978E-06
  1426  7.37903E-06
  1427  7.41611E-06
  1428  7.43218E-06
  1429  7.42841E-06
  1430  7.40596E-06
  1431  7.36601E-06
  1432  7.30972E-06
  1433  7.23826E-06
  1434  7.15280E-06
  1435  7.05450E-06
  1436  6.94455E-06
  1437  6.82409E-06
  1438  6.69431E-06
  1439  6.55637E-06
  1440  6.41144E-06
  1441  6.26053E-06
  1442  6.10405E-06
  1443  5.94222E-06
  1444  5.77530E-06
  1445  5.60353E-06
  1446  5.42716E-06
  1447  5.24642E-06
  1448  5.06155E-06
  1449  4.87281E-06
  1450  4.68043E-06
  1451  4.48466E-06
  1452  4.28574E-06
  1453  4.08391E-06
  1454  3.87941E-06
  1455  3.67250E-06
  1456  3.46348E-06
  1457  3.25297E-06
  1458  3.04166E-06
  1459  2.83025E-06
  1460  2.61941E-06
  1461  2.40985E-06
  1462  2.20225E-06
  1463  1.99731E-06
  1464  1.79571E-06
  1465  1.59814E-06
  1466  1.40529E-06
  1467  1.21786E-06
  1468  1.03653E-06
  1469  8.61990E-07
  1470  6.94938E-07
  1471  5.35884E-07
  1472  3.84647E-07
  1473  2.40867E-07
  1474  1.04186E-07
  1475 -2.57528E-08
  1476 -1.49309E-07
  1477 -2.66839E-07
  1478 -3.78702E-07
  1479 -4.85257E-07
  1480 -5.86860E-07
  1481 -6.83871E-07
  1482 -7.76647E-07
  1483 -8.65547E-07
  1484 -9.50928E-07
  1485 -1.03315E-06
  1486 -1.11240E-06
  1487 -1.18823E-06
  1488 -1.26000E-06
  1489 -1.32709E-06
  1490 -1.38887E-06
  1491 -1.44471E-06
  1492 -1.49399E-06
  1493 -1.53608E-06
  1494 -1.57035E-06
  1495 -1.59618E-06
  1496 -1.61294E-06
  1497 -1.62001E-06
  1498 -1.61675E-06
  1499 -1.60254E-06
  1500 -1.57675E-06
  1501 -1.53908E-06
  1502 -1.49047E-06
  1503 -1.43219E-06
  1504 -1.36552E-06
  1505 -1.29172E-06
  1506 -1.21206E-06
  1507 -1.12781E-06
  1508 -1.04025E-06
  1509 -9.50626E-07
  1510 -8.60224E-07
  1511 -7.70309E-07
  1512 -6.82149E-07
  1513 -5.97014E-07
  1514 -5.16172E-07
  1515 -4.40894E-07
  1516 -3.72130E-07
  1517 -3.09564E-07
  1518 -2.52565E-07
  1519 -2.00498E-07
  1520 -1.52732E-07
  1521 -1.08631E-07
  1522 -6.75650E-08
  1523 -2.88992E-08
  1524  7.99879E-09
  1525  4.37621E-08
  1526  7.90238E-08
  1527  1.14417E-07
  1528  1.50574E-07
  1529  1.88129E-07
  1530  2.27714E-07
  1531  2.69697E-07
  1532  3.13382E-07
  1533  3.57808E-07
  1534  4.02013E-07
  1535  4.45038E-07
  1536  4.85919E-07
  1537  5.23697E-07
  1538  5.57410E-07
  1539  5.86097E-07
  1540  6.08796E-07
  1541  6.24547E-07
  1542  6.32388E-07
  1543  6.31358E-07
  1544  6.20496E-07
  1545  5.98840E-07
  1546  5.65880E-07
  1547  5.22898E-07
  1548  4.71630E-07
  1549  4.13810E-07
  1550  3.51171E-07
  1551  2.85449E-07
  1552  2.18375E-07
  1553  1.51686E-07
  1554  8.71146E-08
  1555  2.63951E-08
  1556 -2.87386E-08
  1557 -7.65521E-08
  1558 -1.15312E-07
  1559 -1.43283E-07
  1560 -1.58732E-07
  1561 -1.60483E-07
  1562 -1.49590E-07
  1563 -1.27664E-07
  1564 -9.63196E-08
  1565 -5.71674E-08
  1566 -1.18201E-08
  1567  3.81103E-08
  1568  9.10116E-08
  1569  1.45271E-07
  1570  1.99278E-07
  1571  2.51418E-07
  1572  3.00080E-07
  1573  3.43652E-07
  1574  3.80522E-07
  1575  4.09077E-07
  1576  4.28151E-07
  1577  4.38361E-07
  1578  4.40769E-07
  1579  4.36439E-07
  1580  4.26431E-07
  1581  4.11810E-07
  1582  3.93639E-07
  1583  3.72978E-07
  1584  3.50892E-07
  1585  3.28442E-07
  1586  3.06692E-07
  1587  2.86704E-07
  1588  2.69540E-07
  1589  2.56264E-07
  1590  2.47937E-07
  1591  2.45303E-07
  1592  2.47824E-07
  1593  2.54642E-07
  1594  2.64900E-07
  1595  2.77739E-07
  1596  2.92303E-07
  1597  3.07734E-07
  1598  3.23174E-07
  1599  3.37766E-07
  1600  3.50651E-07
  1601  3.60973E-07
  1602  3.67873E-07
  1603  3.70495E-07
  1604  3.67979E-07
  1605  3.59470E-07
  1606  3.44377E-07
  1607  3.23184E-07
  1608  2.96642E-07
  1609  2.65503E-07
  1610  2.30518E-07
  1611  1.92439E-07
  1612  1.52017E-07
  1613  1.10004E-07
  1614  6.71513E-08
  1615  2.42106E-08
  1616 -1.80666E-08
  1617 -5.89289E-08
  1618 -9.76247E-08
  1619 -1.33403E-07
  1620 -1.65511E-07
  1621 -1.93378E-07
  1622 -2.17150E-07
  1623 -2.37154E-07
  1624 -2.53716E-07
  1625 -2.67162E-07
  1626 -2.77818E-07
  1627 -2.86012E-07
  1628 -2.92068E-07
  1629 -2.96314E-07
  1630 -2.99076E-07
  1631 -3.00680E-07
  1632 -3.01453E-07
  1633 -3.01720E-07
  1634 -3.01809E-07
  1635 -3.02044E-07
  1636 -3.02594E-07
  1637 -3.02986E-07
  1638 -3.02587E-07
  1639 -3.00767E-07
  1640 -2.96892E-07
  1641 -2.90331E-07
  1642 -2.80452E-07
  1643 -2.66622E-07
  1644 -2.48211E-07
  1645 -2.24586E-07
  1646 -1.95115E-07
  1647 -1.59166E-07
  1648 -1.16107E-07
  1649 -6.53059E-08
  1650 -6.13116E-09
  1651  6.17031E-08
  1652  1.37097E-07
  1653  2.18604E-07
  1654  3.04778E-07
  1655  3.94173E-07
  1656  4.85342E-07
  1657  5.76839E-07
  1658  6.67219E-07
  1659  7.55034E-07
  1660  8.38838E-07
  1661  9.17185E-07
  1662  9.88629E-07
  1663  1.05172E-06
  1664  1.10502E-06
  1665  1.14708E-06
  1666  1.17678E-06
  1667  1.19437E-06
  1668  1.20041E-06
  1669  1.19547E-06
  1670  1.18012E-06
  1671  1.15493E-06
  1672  1.12048E-06
  1673  1.07733E-06
  1674  1.02605E-06
  1675  9.67208E-07
  1676  9.01381E-07
  1677  8.29137E-07
  1678  7.51044E-07
  1679  6.67673E-07
  1680  5.79595E-07
  1681  4.87753E-07
  1682  3.94594E-07
  1683  3.02936E-07
  1684  2.15601E-07
  1685  1.35407E-07
  1686  6.51748E-08
  1687  7.72415E-09
  1688 -3.41250E-08
  1689 -5.75527E-08
  1690 -5.97391E-08
  1691 -3.78644E-08
  1692  1.08916E-08
  1693  8.93485E-08
  1694  2.00326E-07
  1695  3.46645E-07
  1696  5.29541E-07
  1697  7.43913E-07
  1698  9.83078E-07
  1699  1.24035E-06
  1700  1.50905E-06
  1701  1.78249E-06
  1702  2.05399E-06
  1703  2.31685E-06
  1704  2.56441E-06
  1705  2.78997E-06
  1706  2.98686E-06
  1707  3.14838E-06
  1708  3.26785E-06
  1709  3.33859E-06
  1710  3.35392E-06
  1711  3.30940E-06
  1712  3.20963E-06
  1713  3.06146E-06
  1714  2.87172E-06
  1715  2.64728E-06
  1716  2.39497E-06
  1717  2.12164E-06
  1718  1.83414E-06
  1719  1.53932E-06
  1720  1.24402E-06
  1721  9.55086E-07
  1722  6.79372E-07
  1723  4.23722E-07
  1724  1.94982E-07
  1725  0.00000E+00
  1726 -1.56091E-07
  1727 -2.75011E-07
  1728 -3.60191E-07
  1729 -4.15063E-07
  1730 -4.43060E-07
  1731 -4.47614E-07
  1732 -4.32158E-07
  1733 -4.00124E-07
  1734 -3.54943E-07
  1735 -3.00049E-07
  1736 -2.38873E-07
  1737 -1.74848E-07
  1738 -1.11406E-07
  1739 -5.19791E-08
  1740  0.00000E+00
  1741  4.18246E-08
  1742  7.36889E-08
  1743  9.65128E-08
  1744  1.11216E-07
  1745  1.18718E-07
  1746  1.19938E-07
  1747  1.15796E-07
  1748  1.07213E-07
  1749  9.51067E-08
  1750  8.03978E-08
  1751  6.40058E-08
  1752  4.68503E-08
  1753  2.98511E-08
  1754  1.39278E-08
  1755  0.00000E+00
  1756 -1.12069E-08
  1757 -1.97449E-08
  1758 -2.58605E-08
  1759 -2.98002E-08
  1760 -3.18103E-08
  1761 -3.21373E-08
  1762 -3.10276E-08
  1763 -2.87276E-08
  1764 -2.54838E-08
  1765 -2.15425E-08
  1766 -1.71503E-08
  1767 -1.25535E-08
  1768 -7.99858E-09
  1769 -3.73193E-09
  1770  0.00000E+00
  1771  3.00287E-09
  1772  5.29063E-09
  1773  6.92931E-09
  1774  7.98493E-09
  1775  8.52354E-09
  1776  8.61116E-09
  1777  8.31381E-09
  1778  7.69753E-09
  1779  6.82835E-09
  1780  5.77230E-09
  1781  4.59541E-09
  1782  3.36370E-09
  1783  2.14321E-09
  1784  9.99968E-10
  1785  0.00000E+00
  1786 -8.04616E-10
  1787 -1.41762E-09
  1788 -1.85670E-09
  1789 -2.13956E-09
  1790 -2.28388E-09
  1791 -2.30735E-09
  1792 -2.22768E-09
  1793 -2.06255E-09
  1794 -1.82965E-09
  1795 -1.54668E-09
  1796 -1.23134E-09
  1797 -9.01301E-10
  1798 -5.74272E-10
  1799 -2.67941E-10
  1800  0.00000E+00
  1801  2.15596E-10
  1802  3.79850E-10
  1803  4.97502E-10
  1804  5.73292E-10
  1805  6.11963E-10
  1806  6.18253E-10
  1807  5.96905E-10
  1808  5.52658E-10
  1809  4.90254E-10
  1810  4.14433E-10
  1811  3.29936E-10
  1812  2.41503E-10
  1813  1.53876E-10
  1814  7.17945E-11
  1815  0.00000E+00
  1816 -5.77688E-11
  1817 -1.01780E-10
  1818 -1.33305E-10
  1819 -1.53613E-10
  1820 -1.63975E-10
  1821 -1.65660E-10
  1822 -1.59940E-10
  1823 -1.48084E-10
  1824 -1.31363E-10
  1825 -1.11047E-10
  1826 -8.84060E-11
  1827 -6.47105E-11
  1828 -4.12309E-11
  1829 -1.92373E-11
  1830  0.00000E+00
  1831  1.54791E-11
  1832  2.72720E-11
  1833  3.57190E-11
  1834  4.11605E-11
  1835  4.39369E-11
  1836  4.43886E-11
  1837  4.28558E-11
  1838  3.96791E-11
  1839  3.51986E-11
  1840  2.97549E-11
  1841  2.36883E-11
  1842  1.73391E-11
  1843  1.10478E-11
  1844  5.15461E-12
  1845  0.00000E+00
  1846 -4.14761E-12
  1847 -7.30751E-12
  1848 -9.57088E-12
  1849 -1.10289E-11
  1850 -1.17729E-11
  1851 -1.18939E-11
  1852 -1.14832E-11
  1853 -1.06320E-11
  1854 -9.43145E-12
  1855 -7.97281E-12
  1856 -6.34726E-12
  1857 -4.64601E-12
  1858 -2.96024E-12
  1859 -1.38117E-12
  1860  0.00000E+00
  1861  1.11135E-12
  1862  1.95804E-12
  1863  2.56451E-12
  1864  2.95519E-12
  1865  3.15453E-12
  1866  3.18696E-12
  1867  3.07691E-12
  1868  2.84883E-12
  1869  2.52715E-12
  1870  2.13631E-12
  1871  1.70074E-12
  1872  1.24489E-12
  1873  7.93195E-13
  1874  3.70084E-13
  1875  0.00000E+00
  1876 -2.97785E-13
  1877 -5.24655E-13
  1878 -6.87158E-13
  1879 -7.91842E-13
  1880 -8.45254E-13
  1881 -8.53942E-13
  1882 -8.24456E-13
  1883 -7.63341E-13
  1884 -6.77147E-13
  1885 -5.72422E-13
  1886 -4.55713E-13
  1887 -3.33568E-13
  1888 -2.12536E-13
  1889 -9.91638E-14
  1890  0.00000E+00
  1891  7.97914E-14
  1892  1.40581E-13
  1893  1.84123E-13
  1894  2.12173E-13
  1895  2.26485E-13
  1896  2.28813E-13
  1897  2.20912E-13
  1898  2.04537E-13
  1899  1.81441E-13
  1900  1.53380E-13
  1901  1.22108E-13
  1902  8.93793E-14
  1903  5.69488E-14
  1904  2.65709E-14
  1905  0.00000E+00
  1906 -2.13800E-14
  1907 -3.76686E-14
  1908 -4.93357E-14
  1909 -5.68517E-14
  1910 -6.06865E-14
  1911 -6.13103E-14
  1912 -5.91932E-14
  1913 -5.48054E-14
  1914 -4.86170E-14
  1915 -4.10980E-14
  1916 -3.27187E-14
  1917 -2.39491E-14
  1918 -1.52594E-14
  1919 -7.11964E-15
  1920  0.00000E+00
  1921  5.72876E-15
  1922  1.00933E-14
  1923  1.32195E-14
  1924  1.52334E-14
  1925  1.62609E-14
  1926  1.64280E-14
  1927  1.58608E-14
  1928  1.46851E-14
  1929  1.30269E-14
  1930  1.10122E-14
  1931  8.76695E-15
  1932  6.41715E-15
  1933  4.08874E-15
  1934  1.90770E-15
  1935  0.00000E+00
  1936 -1.53502E-15
  1937 -2.70448E-15
  1938 -3.54215E-15
  1939 -4.08177E-15
  1940 -4.35709E-15
  1941 -4.40188E-15
  1942 -4.24988E-15
  1943 -3.93485E-15
  1944 -3.49054E-15
  1945 -2.95071E-15
  1946 -2.34910E-15
  1947 -1.71947E-15
  1948 -1.09557E-15
  1949 -5.11167E-16
  1950  0.00000E+00
  1951  4.11307E-16
  1952  7.24663E-16
  1953  9.49115E-16
  1954  1.09371E-15
  1955  1.16748E-15
  1956  1.17948E-15
  1957  1.13875E-15
  1958  1.05434E-15
  1959  9.35288E-16
  1960  7.90639E-16
  1961  6.29439E-16
  1962  4.60730E-16
  1963  2.93558E-16
  1964  1.36967E-16
  1965  0.00000E+00
  1966 -1.10209E-16
  1967 -1.94173E-16
  1968 -2.54315E-16
  1969 -2.93058E-16
  1970 -3.12825E-16
  1971 -3.16041E-16
  1972 -3.05128E-16
  1973 -2.82510E-16
  1974 -2.50610E-16
  1975 -2.11851E-16
  1976 -1.68658E-16
  1977 -1.23452E-16
  1978 -7.86587E-17
  1979 -3.67002E-17
  1980  0.00000E+00
  1981  2.95305E-17
  1982  5.20285E-17
  1983  6.81434E-17
  1984  7.85246E-17
  1985  8.38213E-17
  1986  8.46829E-17
  1987  8.17588E-17
  1988  7.56982E-17
  1989  6.71507E-17
  1990  5.67654E-17
  1991  4.51917E-17
  1992  3.30790E-17
  1993  2.10765E-17
  1994  9.83378E-18
  1995  0.00000E+00
  1996 -7.91267E-18
  1997 -1.39410E-17
  1998 -1.82590E-17
  1999 -2.10406E-17
  2000 -2.24598E-17
  2001 -2.26907E-17
  2002 -2.19072E-17
  2003 -2.02833E-17
  2004 -1.79930E-17
  2005 -1.52102E-17
  2006 -1.21091E-17
  2007 -8.86348E-18
  2008 -5.64744E-18
  2009 -2.63495E-18
  2010  0.00000E+00
  2011  2.12019E-18
  2012  3.73548E-18
  2013  4.89248E-18
  2014  5.63781E-18
  2015  6.01810E-18
  2016  6.07996E-18
  2017  5.87002E-18
  2018  5.43489E-18
  2019  4.82120E-18
  2020  4.07557E-18
  2021  3.24462E-18
  2022  2.37496E-18
  2023  1.51323E-18
  2024  7.06034E-19
  2025  0.00000E+00
  2026 -5.68104E-19
  2027 -1.00092E-18
  2028 -1.31094E-18
  2029 -1.51065E-18
  2030 -1.61254E-18
  2031 -1.62912E-18
  2032 -1.57287E-18
  2033 -1.45627E-18
  2034 -1.29184E-18
  2035 -1.09205E-18
  2036 -8.69392E-19
  2037 -6.36369E-19
  2038 -4.05468E-19
  2039 -1.89181E-19
  2040  0.00000E+00
  2041  1.52223E-19
  2042  2.68195E-19
  2043  3.51264E-19
  2044  4.04777E-19
  2045  4.32080E-19
  2046  4.36521E-19
  2047  4.21448E-19
  2048  3.90208E-19
  2049  3.46147E-19
  2050  2.92613E-19
  2051  2.32953E-19
  2052  1.70515E-19
  2053  1.08645E-19
  2054  5.06909E-20
  2055  0.00000E+00
  2056 -4.07880E-20
  2057 -7.18627E-20
  2058 -9.41209E-20
  2059 -1.08460E-19
  2060 -1.15775E-19
  2061 -1.16966E-19
  2062 -1.12927E-19
  2063 -1.04556E-19
  2064 -9.27497E-20
  2065 -7.84053E-20
  2066 -6.24196E-20
  2067 -4.56893E-20
  2068 -2.91113E-20
  2069 -1.35826E-20
  2070  0.00000E+00
  2071  1.09291E-20
  2072  1.92556E-20
  2073  2.52196E-20
  2074  2.90616E-20
  2075  3.10219E-20
  2076  3.13408E-20
  2077  3.02586E-20
  2078  2.80156E-20
  2079  2.48522E-20
  2080  2.10086E-20
  2081  1.67253E-20
  2082  1.22424E-20
  2083  7.80035E-21
  2084  3.63945E-21
  2085  0.00000E+00
  2086 -2.92845E-21
  2087 -5.15951E-21
  2088 -6.75758E-21
  2089 -7.78705E-21
  2090 -8.31230E-21
  2091 -8.39775E-21
  2092 -8.10777E-21
  2093 -7.50677E-21
  2094 -6.65913E-21
  2095 -5.62925E-21
  2096 -4.48152E-21
  2097 -3.28034E-21
  2098 -2.09010E-21
  2099 -9.75186E-22
  2100  0.00000E+00
  2101  7.84676E-22
  2102  1.38249E-21
  2103  1.81069E-21
  2104  2.08653E-21
  2105  2.22727E-21
  2106  2.25017E-21
  2107  2.17247E-21
  2108  2.01143E-21
  2109  1.78431E-21
  2110  1.50835E-21
  2111  1.20082E-21
  2112  8.78965E-22
  2113  5.60040E-22
  2114  2.61300E-22
  2115  0.00000E+00
  2116 -2.10253E-22
  2117 -3.70436E-22
  2118 -4.85172E-22
  2119 -5.59085E-22
  2120 -5.96797E-22
  2121 -6.02931E-22
  2122 -5.82112E-22
  2123 -5.38962E-22
  2124 -4.78104E-22
  2125 -4.04162E-22
  2126 -3.21759E-22
  2127 -2.35518E-22
  2128 -1.50062E-22
  2129 -7.00152E-23
  2130  0.00000E+00
  2131  5.63372E-23
  2132  9.92580E-23
  2133  1.30001E-22
  2134  1.49806E-22
  2135  1.59911E-22
  2136  1.61555E-22
  2137  1.55976E-22
  2138  1.44414E-22
  2139  1.28108E-22
  2140  1.08295E-22
  2141  8.62150E-23
  2142  6.31068E-23
  2143  4.02091E-23
  2144  1.87605E-23
  2145  0.00000E+00
  2146 -1.50955E-23
  2147 -2.65961E-23
  2148 -3.48338E-23
  2149 -4.01405E-23
  2150 -4.28481E-23
  2151 -4.32885E-23
  2152 -4.17937E-23
  2153 -3.86957E-23
  2154 -3.43263E-23
  2155 -2.90175E-23
  2156 -2.31012E-23
  2157 -1.69094E-23
  2158 -1.07740E-23
  2159 -5.02687E-24
  2160  0.00000E+00
  2161  4.04483E-24
  2162  7.12641E-24
  2163  9.33369E-24
  2164  1.07556E-23
  2165  1.14811E-23
  2166  1.15991E-23
  2167  1.11986E-23
  2168  1.03685E-23
  2169  9.19771E-24
  2170  7.77522E-24
  2171  6.18996E-24
  2172  4.53087E-24
  2173  2.88688E-24
  2174  1.34694E-24
  2175  0.00000E+00
  2176 -1.08381E-24
  2177 -1.90951E-24
  2178 -2.50095E-24
  2179 -2.88196E-24
  2180 -3.07635E-24
  2181 -3.10797E-24
  2182 -3.00066E-24
  2183 -2.77823E-24
  2184 -2.46452E-24
  2185 -2.08336E-24
  2186 -1.65859E-24
  2187 -1.21404E-24
  2188 -7.73537E-25
  2189 -3.60913E-25
  2190  0.00000E+00
  2191  2.90405E-25
  2192  5.11653E-25
  2193  6.70129E-25
  2194  7.72218E-25
  2195  8.24306E-25
  2196  8.32779E-25
  2197  8.04023E-25
  2198  7.44423E-25
  2199  6.60366E-25
  2200  5.58236E-25
  2201  4.44419E-25
  2202  3.25302E-25
  2203  2.07269E-25
  2204  9.67063E-26
  2205  0.00000E+00
  2206 -7.78139E-26
  2207 -1.37097E-25
  2208 -1.79560E-25
  2209 -2.06915E-25
  2210 -2.20872E-25
  2211 -2.23143E-25
  2212 -2.15437E-25
  2213 -1.99468E-25
  2214 -1.76944E-25
  2215 -1.49579E-25
  2216 -1.19082E-25
  2217 -8.71643E-26
  2218 -5.55375E-26
  2219 -2.59124E-26
  2220  0.00000E+00
  2221  2.08502E-26
  2222  3.67350E-26
  2223  4.81131E-26
  2224  5.54427E-26
  2225  5.91825E-26
  2226  5.97909E-26
  2227  5.77263E-26
  2228  5.34472E-26
  2229  4.74121E-26
  2230  4.00795E-26
  2231  3.19079E-26
  2232  2.33556E-26
  2233  1.48812E-26
  2234  6.94320E-27
  2235  0.00000E+00
  2236 -5.58679E-27
  2237 -9.84312E-27
  2238 -1.28919E-26
  2239 -1.48558E-26
  2240 -1.58579E-26
  2241 -1.60209E-26
  2242 -1.54677E-26
  2243 -1.43211E-26
  2244 -1.27040E-26
  2245 -1.07393E-26
  2246 -8.54968E-27
  2247 -6.25811E-27
  2248 -3.98741E-27
  2249 -1.86042E-27
  2250  0.00000E+00
  2251  1.49697E-27
  2252  2.63746E-27
  2253  3.45436E-27
  2254  3.98061E-27
  2255  4.24911E-27
  2256  4.29279E-27
  2257  4.14456E-27
  2258  3.83734E-27
  2259  3.40404E-27
  2260  2.87758E-27
  2261  2.29088E-27
  2262  1.67686E-27
  2263  1.06842E-27
  2264  4.98499E-28
  2265  0.00000E+00
  2266 -4.01113E-28
  2267 -7.06704E-28
  2268 -9.25593E-28
  2269 -1.06660E-27
  2270 -1.13855E-27
  2271 -1.15025E-27
  2272 -1.11053E-27
  2273 -1.02821E-27
  2274 -9.12109E-28
  2275 -7.71045E-28
  2276 -6.13840E-28
  2277 -4.49312E-28
  2278 -2.86283E-28
  2279 -1.33572E-28
  2280  0.00000E+00
  2281  1.07478E-28
  2282  1.89361E-28
  2283  2.48012E-28
  2284  2.85795E-28
  2285  3.05073E-28
  2286  3.08208E-28
  2287  2.97566E-28
  2288  2.75508E-28
  2289  2.44399E-28
  2290  2.06601E-28
  2291  1.64478E-28
  2292  1.20393E-28
  2293  7.67094E-29
  2294  3.57906E-29
  2295  0.00000E+00
  2296 -2.87986E-29
  2297 -5.07391E-29
  2298 -6.64546E-29
  2299 -7.65785E-29
  2300 -8.17439E-29
  2301 -8.25842E-29
  2302 -7.97326E-29
  2303 -7.38222E-29
  2304 -6.54865E-29
  2305 -5.53586E-29
  2306 -4.40717E-29
  2307 -3.22592E-29
  2308 -2.05542E-29
  2309 -9.59007E-30
  2310  0.00000E+00
  2311  7.71657E-30
  2312  1.35955E-29
  2313  1.78065E-29
  2314  2.05191E-29
  2315  2.19032E-29
  2316  2.21284E-29
  2317  2.13643E-29
  2318  1.97806E-29
  2319  1.75470E-29
  2320  1.48333E-29
  2321  1.18090E-29
  2322  8.64382E-30
  2323  5.50748E-30
  2324  2.56965E-30
  2325  0.00000E+00
  2326 -2.06765E-30
  2327 -3.64290E-30
  2328 -4.77123E-30
  2329 -5.49809E-30
  2330 -5.86895E-30
  2331 -5.92928E-30
  2332 -5.72454E-30
  2333 -5.30020E-30
  2334 -4.70172E-30
  2335 -3.97456E-30
  2336 -3.16421E-30
  2337 -2.31610E-30
  2338 -1.47573E-30
  2339 -6.88536E-31
  2340  0.00000E+00
  2341  5.54025E-31
  2342  9.76113E-31
  2343  1.27845E-30
  2344  1.47321E-30
  2345  1.57258E-30
  2346  1.58875E-30
  2347  1.53389E-30
  2348  1.42018E-30
  2349  1.25982E-30
  2350  1.06498E-30
  2351  8.47846E-31
  2352  6.20598E-31
  2353  3.95420E-31
  2354  1.84493E-31
  2355  0.00000E+00
  2356 -1.48450E-31
  2357 -2.61549E-31
  2358 -3.42559E-31
  2359 -3.94745E-31
  2360 -4.21372E-31
  2361 -4.25703E-31
  2362 -4.11004E-31
  2363 -3.80537E-31
  2364 -3.37568E-31
  2365 -2.85361E-31
  2366 -2.27180E-31
  2367 -1.66289E-31
  2368 -1.05952E-31
  2369 -4.94347E-32
  2370  0.00000E+00
  2371  3.97772E-32
  2372  7.00817E-32
  2373  9.17883E-32
  2374  1.05772E-31
  2375  1.12906E-31
  2376  1.14067E-31
  2377  1.10128E-31
  2378  1.01965E-31
  2379  9.04511E-32
  2380  7.64622E-32
  2381  6.08726E-32
  2382  4.45569E-32
  2383  2.83898E-32
  2384  1.32460E-32
  2385  0.00000E+00
  2386 -1.06583E-32
  2387 -1.87783E-32
  2388 -2.45946E-32
  2389 -2.83414E-32
  2390 -3.02531E-32
  2391 -3.05641E-32
  2392 -2.95087E-32
  2393 -2.73213E-32
  2394 -2.42363E-32
  2395 -2.04880E-32
  2396 -1.63108E-32
  2397 -1.19390E-32
  2398 -7.60704E-33
  2399 -3.54925E-33
  2400  0.00000E+00
  2401  2.85587E-33
  2402  5.03164E-33
  2403  6.59010E-33
  2404  7.59406E-33
  2405  8.10630E-33
  2406  8.18963E-33
  2407  7.90684E-33
  2408  7.32073E-33
  2409  6.49410E-33
  2410  5.48974E-33
  2411  4.37046E-33
  2412  3.19905E-33
  2413  2.03830E-33
  2414  9.51018E-34
  2415  0.00000E+00
  2416 -7.65229E-34
  2417 -1.34822E-33
  2418 -1.76581E-33
  2419 -2.03482E-33
  2420 -2.17208E-33
  2421 -2.19440E-33
  2422 -2.11863E-33
  2423 -1.96158E-33
  2424 -1.74009E-33
  2425 -1.47097E-33
  2426 -1.17106E-33
  2427 -8.57181E-34
  2428 -5.46161E-34
  2429 -2.54825E-34
  2430  0.00000E+00
  2431  2.05042E-34
  2432  3.61256E-34
  2433  4.73148E-34
  2434  5.45229E-34
  2435  5.82006E-34
  2436  5.87989E-34
  2437  5.67685E-34
  2438  5.25605E-34
  2439  4.66255E-34
  2440  3.94146E-34
  2441  3.13785E-34
  2442  2.29681E-34
  2443  1.46343E-34
  2444  6.82800E-35
  2445  0.00000E+00
  2446 -5.49410E-35
  2447 -9.67981E-35
  2448 -1.26780E-34
  2449 -1.46094E-34
  2450 -1.55948E-34
  2451 -1.57551E-34
  2452 -1.52111E-34
  2453 -1.40835E-34
  2454 -1.24933E-34
  2455 -1.05611E-34
  2456 -8.40784E-35
  2457 -6.15429E-35
  2458 -3.92126E-35
  2459 -1.82956E-35
  2460  0.00000E+00
  2461  1.47214E-35
  2462  2.59370E-35
  2463  3.39705E-35
  2464  3.91457E-35
  2465  4.17862E-35
  2466  4.22157E-35
  2467  4.07580E-35
  2468  3.77367E-35
  2469  3.34756E-35
  2470  2.82984E-35
  2471  2.25287E-35
  2472  1.64904E-35
  2473  1.05070E-35
  2474  4.90229E-36
  2475  0.00000E+00
  2476 -3.94459E-36
  2477 -6.94981E-36
  2478 -9.10240E-36
  2479 -1.04891E-35
  2480 -1.11966E-35
  2481 -1.13117E-35
  2482 -1.09211E-35
  2483 -1.01116E-35
  2484 -8.96984E-36
  2485 -7.58261E-36
  2486 -6.03663E-36
  2487 -4.41864E-36
  2488 -2.81539E-36
  2489 -1.31359E-36
  2490  0.00000E+00
  2491  1.05698E-36
  2492  1.86227E-36
  2493  2.43909E-36
  2494  2.81069E-36
  2495  3.00031E-36
  2496  3.03119E-36
  2497  2.92656E-36
  2498  2.70966E-36
  2499  2.40374E-36
  2500  2.03203E-36
  2501  1.61777E-36
  2502  1.18420E-36
  2503  7.54552E-37
  2504  3.52073E-37
  2505  0.00000E+00
  2506 -2.83339E-37
  2507 -4.99252E-37
  2508 -6.53959E-37
  2509 -7.53679E-37
  2510 -8.04629E-37
  2511 -8.13030E-37
  2512 -7.85100E-37
  2513 -7.27058E-37
  2514 -6.45122E-37
  2515 -5.45511E-37
  2516 -4.34445E-37
  2517 -3.18142E-37
  2518 -2.02821E-37
  2519 -9.47008E-38
  2520  0.00000E+00
  2521  8.85910E-38
  2522  1.58853E-37
  2523  1.76746E-37
  2524  2.04021E-37
  2525  2.18205E-37
  2526  2.20932E-37
  2527  2.13840E-37
  2528  1.98566E-37
  2529  1.76746E-37
  2530  1.50016E-37
  2531  1.20013E-37
  2532  8.83728E-38
  2533  5.67332E-38
  2534  4.88778E-38
  2535  0.00000E+00
  2536  0.00000E+00
  2537 -3.97132E-38
  2538 -5.30237E-38
  2539 -6.24065E-38
  2540 -6.81889E-38
  2541 -7.06983E-38
  2542 -7.02619E-38
  2543 -6.72070E-38
  2544 -6.18610E-38
  2545 -5.45511E-38
  2546 -4.56047E-38
  2547 -3.53491E-38
  2548  0.00000E+00
  2549  0.00000E+00
  2550  0.00000E+00
  2551  0.00000E+00
  2552  0.00000E+00
  2553  0.00000E+00
  2554  0.00000E+00
  2555  0.00000E+00
  2556  0.00000E+00
  2557  0.00000E+00
  2558  0.00000E+00
  2559  0.00000E+00
  2560  0.00000E+00
  2561  0.00000E+00
  2562  0.00000E+00
  2563  0.00000E+00
  2564  0.00000E+00
  2565  0.00000E+00
  2566  0.00000E+00
  2567  0.00000E+00
  2568  0.00000E+00
  2569  0.00000E+00
  2570  0.00000E+00
  2571  0.00000E+00
  2572  0.00000E+00
  2573  0.00000E+00
  2574  0.00000E+00
  2575  0.00000E+00
  2576  0.00000E+00
  2577  0.00000E+00
  2578  0.00000E+00
  2579  0.00000E+00
  2580  0.00000E+00
  2581  0.00000E+00
  2582  0.00000E+00
  2583  0.00000E+00
  2584  0.00000E+00
  2585  0.00000E+00
  2586  0.00000E+00
  2587  0.00000E+00
  2588  0.00000E+00
  2589  0.00000E+00
  2590  0.00000E+00
  2591  0.00000E+00
  2592  0.00000E+00
  2593  0.00000E+00
  2594  0.00000E+00
  2595  0.00000E+00
  2596  0.00000E+00
  2597  0.00000E+00
  2598  0.00000E+00
  2599  0.00000E+00
  2600  0.00000E+00
  2601  0.00000E+00
  2602  0.00000E+00
  2603  0.00000E+00
  2604  0.00000E+00
  2605  0.00000E+00
  2606  0.00000E+00
  2607  0.00000E+00
  2608  0.00000E+00
  2609  0.00000E+00
  2610  0.00000E+00
  2611  0.00000E+00
  2612  0.00000E+00
  2613  0.00000E+00
  2614  0.00000E+00
  2615  0.00000E+00
  2616  0.00000E+00
  2617  0.00000E+00
  2618  0.00000E+00
  2619  0.00000E+00
  2620  0.00000E+00
  2621  0.00000E+00
  2622  0.00000E+00
  2623  0.00000E+00
  2624  0.00000E+00
  2625  0.00000E+00
  2626  0.00000E+00
  2627  0.00000E+00
  2628  0.00000E+00
  2629  0.00000E+00
  2630  0.00000E+00
  2631  0.00000E+00
  2632  0.00000E+00
  2633  0.00000E+00
  2634  0.00000E+00
  2635  0.00000E+00
  2636  0.00000E+00
  2637  0.00000E+00
  2638  0.00000E+00
  2639  0.00000E+00
  2640  0.00000E+00
  2641  0.00000E+00
  2642  0.00000E+00
  2643  0.00000E+00
  2644  0.00000E+00
  2645  0.00000E+00
  2646  0.00000E+00
  2647  0.00000E+00
  2648  0.00000E+00
  2649  0.00000E+00
  2650  0.00000E+00
  2651  0.00000E+00
  2652  0.00000E+00
  2653  0.00000E+00
  2654  0.00000E+00
  2655  0.00000E+00
  2656  0.00000E+00
  2657  0.00000E+00
  2658  0.00000E+00
  2659  0.00000E+00
  2660  0.00000E+00
  2661  0.00000E+00
  2662  0.00000E+00
  2663  0.00000E+00
  2664  0.00000E+00
  2665  0.00000E+00
  2666  0.00000E+00
  2667  0.00000E+00
  2668  0.00000E+00
  2669  0.00000E+00
  2670  0.00000E+00
  2671  0.00000E+00
  2672  0.00000E+00
  2673  0.00000E+00
  2674  0.00000E+00
  2675  0.00000E+00
  2676  0.00000E+00
  2677  0.00000E+00
  2678  0.00000E+00
  2679  0.00000E+00
  2680  0.00000E+00
  2681  0.00000E+00
  2682  0.00000E+00
  2683  0.00000E+00
  2684  0.00000E+00
  2685  0.00000E+00
  2686  0.00000E+00
  2687  0.00000E+00
  2688  0.00000E+00
  2689  0.00000E+00
  2690  0.00000E+00
  2691  0.00000E+00
  2692  0.00000E+00
  2693  0.00000E+00
  2694  0.00000E+00
  2695  0.00000E+00
  2696  0.00000E+00
  2697  0.00000E+00
  2698  0.00000E+00
  2699  0.00000E+00
  2700  0.00000E+00
  2701  0.00000E+00
  2702  0.00000E+00
  2703  0.00000E+00
  2704  0.00000E+00
  2705  0.00000E+00
  2706  0.00000E+00
  2707  0.00000E+00
  2708  0.00000E+00
  2709  0.00000E+00
  2710  0.00000E+00
  2711  0.00000E+00
  2712  0.00000E+00
  2713  0.00000E+00
  2714  0.00000E+00
  2715  0.00000E+00
  2716  0.00000E+00
  2717  0.00000E+00
  2718  0.00000E+00
  2719  0.00000E+00
  2720  0.00000E+00
  2721  0.00000E+00
  2722  0.00000E+00
  2723  0.00000E+00
  2724  0.00000E+00
  2725  0.00000E+00
  2726  0.00000E+00
  2727  0.00000E+00
  2728  0.00000E+00
  2729  0.00000E+00
  2730  0.00000E+00
  2731  0.00000E+00
  2732  0.00000E+00
  2733  0.00000E+00
  2734  0.00000E+00
  2735  0.00000E+00
  2736  0.00000E+00
  2737  0.00000E+00
  2738  0.00000E+00
  2739  0.00000E+00
  2740  0.00000E+00
  2741  0.00000E+00
  2742  0.00000E+00
  2743  0.00000E+00
  2744  0.00000E+00
  2745  0.00000E+00
  2746  0.00000E+00
  2747  0.00000E+00
  2748  0.00000E+00
  2749  0.00000E+00
  2750  0.00000E+00
  2751  0.00000E+00
  2752  0.00000E+00
  2753  0.00000E+00
  2754  0.00000E+00
  2755  0.00000E+00
  2756  0.00000E+00
  2757  0.00000E+00
  2758  0.00000E+00
  2759  0.00000E+00
  2760  0.00000E+00
  2761  0.00000E+00
  2762  0.00000E+00
  2763  0.00000E+00
  2764  0.00000E+00
  2765  0.00000E+00
  2766  0.00000E+00
  2767  0.00000E+00
  2768  0.00000E+00
  2769  0.00000E+00
  2770  0.00000E+00
  2771  0.00000E+00
  2772  0.00000E+00
  2773  0.00000E+00
  2774  0.00000E+00
  2775  0.00000E+00
  2776  0.00000E+00
  2777  0.00000E+00
  2778  0.00000E+00
  2779  0.00000E+00
  2780  0.00000E+00
  2781  0.00000E+00
  2782  0.00000E+00
  2783  0.00000E+00
  2784  0.00000E+00
  2785  0.00000E+00
  2786  0.00000E+00
  2787  0.00000E+00
  2788  0.00000E+00
  2789  0.00000E+00
  2790  0.00000E+00
  2791  0.00000E+00
  2792  0.00000E+00
  2793  0.00000E+00
  2794  0.00000E+00
  2795  0.00000E+00
  2796  0.00000E+00
  2797  0.00000E+00
  2798  0.00000E+00
  2799  0.00000E+00
  2800  0.00000E+00
  2801  0.00000E+00
  2802  0.00000E+00
  2803  0.00000E+00
  2804  0.00000E+00
  2805  0.00000E+00
  2806  0.00000E+00
  2807  0.00000E+00
  2808  0.00000E+00
  2809  0.00000E+00
  2810  0.00000E+00
  2811  0.00000E+00
  2812  0.00000E+00
  2813  0.00000E+00
  2814  0.00000E+00
  2815  0.00000E+00
  2816  0.00000E+00
  2817  0.00000E+00
  2818  0.00000E+00
  2819  0.00000E+00
  2820  0.00000E+00
  2821  0.00000E+00
  2822  0.00000E+00
  2823  0.00000E+00
  2824  0.00000E+00
  2825  0.00000E+00
  2826  0.00000E+00
  2827  0.00000E+00
  2828  0.00000E+00
  2829  0.00000E+00
  2830  0.00000E+00
  2831  0.00000E+00
  2832  0.00000E+00
  2833  0.00000E+00
  2834  0.00000E+00
  2835  0.00000E+00
  2836  0.00000E+00
  2837  0.00000E+00
  2838  0.00000E+00
  2839  0.00000E+00
  2840  0.00000E+00
  2841  0.00000E+00
  2842  0.00000E+00
  2843  0.00000E+00
  2844  0.00000E+00
  2845  0.00000E+00
  2846  0.00000E+00
  2847  0.00000E+00
  2848  0.00000E+00
  2849  0.00000E+00
  2850  0.00000E+00
  2851  0.00000E+00
  2852  0.00000E+00
  2853  0.00000E+00
  2854  0.00000E+00
  2855  0.00000E+00
  2856  0.00000E+00
  2857  0.00000E+00
  2858  0.00000E+00
  2859  0.00000E+00
  2860  0.00000E+00
  2861  0.00000E+00
  2862  0.00000E+00
  2863  0.00000E+00
  2864  0.00000E+00
  2865  0.00000E+00
  2866  0.00000E+00
  2867  0.00000E+00
  2868  0.00000E+00
  2869  0.00000E+00
  2870  0.00000E+00
  2871  0.00000E+00
  2872  0.00000E+00
  2873  0.00000E+00
  2874  0.00000E+00
  2875  0.00000E+00
  2876  0.00000E+00
  2877  0.00000E+00
  2878  0.00000E+00
  2879  0.00000E+00
  2880  0.00000E+00
  2881  0.00000E+00
  2882  0.00000E+00
  2883  0.00000E+00
  2884  0.00000E+00
  2885  0.00000E+00
  2886  0.00000E+00
  2887  0.00000E+00
  2888  0.00000E+00
  2889  0.00000E+00
  2890  0.00000E+00
  2891  0.00000E+00
  2892  0.00000E+00
  2893  0.00000E+00
  2894  0.00000E+00
  2895  0.00000E+00
  2896  0.00000E+00
  2897  0.00000E+00
  2898  0.00000E+00
  2899  0.00000E+00
  2900  0.00000E+00
  2901  0.00000E+00
  2902  0.00000E+00
  2903  0.00000E+00
  2904  0.00000E+00
  2905  0.00000E+00
  2906  0.00000E+00
  2907  0.00000E+00
  2908  0.00000E+00
  2909  0.00000E+00
  2910  0.00000E+00
  2911  0.00000E+00
  2912  0.00000E+00
  2913  0.00000E+00
  2914  0.00000E+00
  2915  0.00000E+00
  2916  0.00000E+00
  2917  0.00000E+00
  2918  0.00000E+00
  2919  0.00000E+00
  2920  0.00000E+00
  2921  0.00000E+00
  2922  0.00000E+00
  2923  0.00000E+00
  2924  0.00000E+00
  2925  0.00000E+00
  2926  0.00000E+00
  2927  0.00000E+00
  2928  0.00000E+00
  2929  0.00000E+00
  2930  0.00000E+00
  2931  2.94890E-38
  2932  3.20375E-38
  2933  3.34937E-38
  2934  3.37018E-38
  2935  3.25056E-38
  2936  2.97491E-38
  2937  0.00000E+00
  2938  0.00000E+00
  2939  0.00000E+00
  2940  0.00000E+00
  2941  0.00000E+00
  2942 -4.28961E-38
  2943 -6.28883E-38
  2944 -5.13846E-38
  2945 -6.45444E-38
  2946 -7.63528E-38
  2947 -8.60718E-38
  2948 -9.29628E-38
  2949 -9.62876E-38
  2950 -1.21312E-37
  2951 -1.11025E-37
  2952 -9.43325E-38
  2953 -7.06523E-38
  2954 -3.94023E-38
  2955  0.00000E+00
  2956  4.17295E-38
  2957  8.94380E-38
  2958  1.40370E-37
  2959  1.91770E-37
  2960  2.40883E-37
  2961  2.84953E-37
  2962  3.21224E-37
  2963  3.46942E-37
  2964  3.59350E-37
  2965  3.55694E-37
  2966  3.33218E-37
  2967  2.89165E-37
  2968  2.20782E-37
  2969  1.47051E-37
  2970  0.00000E+00
  2971 -1.55737E-37
  2972 -3.33787E-37
  2973 -5.23868E-37
  2974 -7.15696E-37
  2975 -8.98987E-37
  2976 -1.06346E-36
  2977 -1.19883E-36
  2978 -1.29480E-36
  2979 -1.34111E-36
  2980 -1.32747E-36
  2981 -1.24358E-36
  2982 -1.07918E-36
  2983 -8.23970E-37
  2984 -4.67671E-37
  2985  0.00000E+00
  2986  5.81216E-37
  2987  1.24571E-36
  2988  1.95510E-36
  2989  2.67101E-36
  2990  3.35506E-36
  2991  3.96888E-36
  2992  4.47408E-36
  2993  4.83228E-36
  2994  5.00511E-36
  2995  4.95418E-36
  2996  4.64112E-36
  2997  4.02755E-36
  2998  3.07510E-36
  2999  1.74537E-36
  3000  0.00000E+00
  3001 -2.16913E-36
  3002 -4.64905E-36
  3003 -7.29654E-36
  3004 -9.96836E-36
  3005 -1.25213E-35
  3006 -1.48121E-35
  3007 -1.66975E-35
  3008 -1.80343E-35
  3009 -1.86793E-35
  3010 -1.84892E-35
  3011 -1.73209E-35
  3012 -1.50310E-35
  3013 -1.14764E-35
  3014 -6.51382E-36
  3015  0.00000E+00
  3016  8.09530E-36
  3017  1.73505E-35
  3018  2.72311E-35
  3019  3.72024E-35
  3020  4.67300E-35
  3021  5.52793E-35
  3022  6.23158E-35
  3023  6.73050E-35
  3024  6.97121E-35
  3025  6.90028E-35
  3026  6.46425E-35
  3027  5.60966E-35
  3028  4.28306E-35
  3029  2.43099E-35
  3030  0.00000E+00
  3031 -3.06337E-35
  3032 -6.81256E-35
  3033 -1.13010E-34
  3034 -1.65823E-34
  3035 -2.27097E-34
  3036 -2.97368E-34
  3037 -3.77169E-34
  3038 -4.67036E-34
  3039 -5.67504E-34
  3040 -6.79106E-34
  3041 -8.02377E-34
  3042 -9.37852E-34
  3043 -1.08607E-33
  3044 -1.24755E-33
  3045 -1.42285E-33
