    45  0.00000E+00
    46 -8.20953E-31
    47 -3.04921E-30
    48 -6.33293E-30
    49 -1.03203E-29
    50 -1.46595E-29
    51 -1.89987E-29
    52 -2.29861E-29
    53 -2.62698E-29
    54 -2.84980E-29
    55 -2.93189E-29
    56 -2.83807E-29
    57 -2.53315E-29
    58 -1.98196E-29
    59 -1.14930E-29
    60  0.00000E+00
    61  1.47767E-29
    62  3.20162E-29
    63  5.06630E-29
    64  6.96616E-29
    65  8.79566E-29
    66  1.04492E-28
    67  1.18214E-28
    68  1.28065E-28
    69  1.32990E-28
    70  1.31935E-28
    71  1.23843E-28
    72  1.07659E-28
    73  8.23273E-29
    74  4.67929E-29
    75  0.00000E+00
    76 -5.82859E-29
    77 -1.25016E-28
    78 -1.96319E-28
    79 -2.68326E-28
    80 -3.37167E-28
    81 -3.98971E-28
    82 -4.49869E-28
    83 -4.85989E-28
    84 -5.03464E-28
    85 -4.98421E-28
    86 -4.66991E-28
    87 -4.05304E-28
    88 -3.09490E-28
    89 -1.75679E-28
    90  0.00000E+00
    91  2.18367E-28
    92  4.68046E-28
    93  7.34613E-28
    94  1.00364E-27
    95  1.26071E-27
    96  1.49139E-27
    97  1.68126E-27
    98  1.81589E-27
    99  1.88086E-27
   100  1.86175E-27
   101  1.74412E-27
   102  1.51356E-27
   103  1.15563E-27
   104  6.55922E-28
   105  0.00000E+00
   106 -8.15182E-28
   107 -1.74717E-27
   108 -2.74214E-27
   109 -3.74625E-27
   110 -4.70568E-27
   111 -5.56660E-27
   112 -6.27517E-27
   113 -6.77758E-27
   114 -7.01999E-27
   115 -6.94857E-27
   116 -6.50949E-27
   117 -5.64892E-27
   118 -4.31304E-27
   119 -2.44801E-27
   120  0.00000E+00
   121  3.04236E-27
   122  6.52063E-27
   123  1.02339E-26
   124  1.39813E-26
   125  1.75620E-26
   126  2.07750E-26
   127  2.34194E-26
   128  2.52944E-26
   129  2.61991E-26
   130  2.59325E-26
   131  2.42938E-26
   132  2.10821E-26
   133  1.60965E-26
   134  9.13611E-27
   135  0.00000E+00
   136 -1.13543E-26
   137 -2.43354E-26
   138 -3.81936E-26
   139 -5.21791E-26
   140 -6.55423E-26
   141 -7.75334E-26
   142 -8.74026E-26
   143 -9.44002E-26
   144 -9.77764E-26
   145 -9.67816E-26
   146 -9.06659E-26
   147 -7.86796E-26
   148 -6.00730E-26
   149 -3.40964E-26
   150  0.00000E+00
   151  4.23747E-26
   152  9.08208E-26
   153  1.42540E-25
   154  1.94735E-25
   155  2.44607E-25
   156  2.89359E-25
   157  3.26191E-25
   158  3.52306E-25
   159  3.64907E-25
   160  3.61194E-25
   161  3.38370E-25
   162  2.93636E-25
   163  2.24196E-25
   164  1.27250E-25
   165  0.00000E+00
   166 -1.58144E-25
   167 -3.38948E-25
   168 -5.31968E-25
   169 -7.26762E-25
   170 -9.12887E-25
   171 -1.07990E-24
   172 -1.21736E-24
   173 -1.31482E-24
   174 -1.36185E-24
   175 -1.34799E-24
   176 -1.26281E-24
   177 -1.09587E-24
   178 -8.36710E-25
   179 -4.74902E-25
   180  0.00000E+00
   181  5.90203E-25
   182  1.26497E-24
   183  1.98533E-24
   184  2.71231E-24
   185  3.40694E-24
   186  4.03024E-24
   187  4.54325E-24
   188  4.90699E-24
   189  5.08249E-24
   190  5.03078E-24
   191  4.71288E-24
   192  4.08983E-24
   193  3.12264E-24
   194  1.77236E-24
   195  0.00000E+00
   196 -2.20267E-24
   197 -4.72094E-24
   198 -7.40936E-24
   199 -1.01225E-23
   200 -1.27149E-23
   201 -1.50411E-23
   202 -1.69556E-23
   203 -1.83131E-23
   204 -1.89681E-23
   205 -1.87751E-23
   206 -1.75887E-23
   207 -1.52634E-23
   208 -1.16539E-23
   209 -6.61453E-24
   210  0.00000E+00
   211  8.22047E-24
   212  1.76188E-23
   213  2.76521E-23
   214  3.77776E-23
   215  4.74526E-23
   216  5.61341E-23
   217  6.32793E-23
   218  6.83456E-23
   219  7.07900E-23
   220  7.00697E-23
   221  6.56420E-23
   222  5.69639E-23
   223  4.34928E-23
   224  2.46858E-23
   225  0.00000E+00
   226 -3.06792E-23
   227 -6.57541E-23
   228 -1.03199E-22
   229 -1.40988E-22
   230 -1.77095E-22
   231 -2.09495E-22
   232 -2.36162E-22
   233 -2.55069E-22
   234 -2.64192E-22
   235 -2.61504E-22
   236 -2.44979E-22
   237 -2.12592E-22
   238 -1.62317E-22
   239 -9.21285E-23
   240  0.00000E+00
   241  1.14496E-22
   242  2.45398E-22
   243  3.85144E-22
   244  5.26174E-22
   245  6.60929E-22
   246  7.81847E-22
   247  8.81368E-22
   248  9.51932E-22
   249  9.85977E-22
   250  9.75945E-22
   251  9.14275E-22
   252  7.93405E-22
   253  6.05777E-22
   254  3.43828E-22
   255  0.00000E+00
   256 -4.27306E-22
   257 -9.15837E-22
   258 -1.43738E-21
   259 -1.96371E-21
   260 -2.46662E-21
   261 -2.91789E-21
   262 -3.28931E-21
   263 -3.55266E-21
   264 -3.67972E-21
   265 -3.64228E-21
   266 -3.41212E-21
   267 -2.96103E-21
   268 -2.26079E-21
   269 -1.28319E-21
   270  0.00000E+00
   271  1.59473E-21
   272  3.41795E-21
   273  5.36436E-21
   274  7.32866E-21
   275  9.20555E-21
   276  1.08897E-20
   277  1.22759E-20
   278  1.32587E-20
   279  1.37329E-20
   280  1.35932E-20
   281  1.27342E-20
   282  1.10507E-20
   283  8.43738E-21
   284  4.78891E-21
   285  0.00000E+00
   286 -5.95161E-21
   287 -1.27560E-20
   288 -2.00201E-20
   289 -2.73509E-20
   290 -3.43556E-20
   291 -4.06410E-20
   292 -4.58142E-20
   293 -4.94821E-20
   294 -5.12519E-20
   295 -5.07304E-20
   296 -4.75247E-20
   297 -4.12418E-20
   298 -3.14887E-20
   299 -1.78725E-20
   300  0.00000E+00
   301  2.22117E-20
   302  4.76059E-20
   303  7.47159E-20
   304  1.02075E-19
   305  1.28217E-19
   306  1.51674E-19
   307  1.70981E-19
   308  1.84670E-19
   309  1.91275E-19
   310  1.89328E-19
   311  1.77365E-19
   312  1.53917E-19
   313  1.17518E-19
   314  6.67009E-20
   315  0.00000E+00
   316 -8.28952E-20
   317 -1.77668E-19
   318 -2.78844E-19
   319 -3.80950E-19
   320 -4.78512E-19
   321 -5.66056E-19
   322 -6.38109E-19
   323 -6.89197E-19
   324 -7.13846E-19
   325 -7.06583E-19
   326 -6.61934E-19
   327 -5.74425E-19
   328 -4.38581E-19
   329 -2.48931E-19
   330  0.00000E+00
   331  3.09369E-19
   332  6.63065E-19
   333  1.04066E-18
   334  1.42172E-18
   335  1.78583E-18
   336  2.11255E-18
   337  2.38145E-18
   338  2.57212E-18
   339  2.66411E-18
   340  2.63700E-18
   341  2.47037E-18
   342  2.14378E-18
   343  1.63681E-18
   344  9.29024E-19
   345  0.00000E+00
   346 -1.15458E-18
   347 -2.47459E-18
   348 -3.88379E-18
   349 -5.30594E-18
   350 -6.66481E-18
   351 -7.88414E-18
   352 -8.88771E-18
   353 -9.59928E-18
   354 -9.94260E-18
   355 -9.84143E-18
   356 -9.21955E-18
   357 -8.00070E-18
   358 -6.10865E-18
   359 -3.46717E-18
   360  0.00000E+00
   361  4.30896E-18
   362  9.23530E-18
   363  1.44945E-17
   364  1.98021E-17
   365  2.48734E-17
   366  2.94240E-17
   367  3.31694E-17
   368  3.58250E-17
   369  3.71063E-17
   370  3.67287E-17
   371  3.44078E-17
   372  2.98590E-17
   373  2.27978E-17
   374  1.29396E-17
   375  0.00000E+00
   376 -1.60812E-17
   377 -3.44666E-17
   378 -5.40942E-17
   379 -7.39022E-17
   380 -9.28288E-17
   381 -1.09812E-16
   382 -1.23790E-16
   383 -1.33701E-16
   384 -1.38483E-16
   385 -1.37073E-16
   386 -1.28412E-16
   387 -1.11435E-16
   388 -8.50825E-17
   389 -4.82914E-17
   390  0.00000E+00
   391  6.00160E-17
   392  1.28631E-16
   393  2.01882E-16
   394  2.75807E-16
   395  3.46442E-16
   396  4.09824E-16
   397  4.61990E-16
   398  4.98978E-16
   399  5.16824E-16
   400  5.11565E-16
   401  4.79239E-16
   402  4.15882E-16
   403  3.17532E-16
   404  1.80226E-16
   405  0.00000E+00
   406 -2.23983E-16
   407 -4.80058E-16
   408 -7.53436E-16
   409 -1.02933E-15
   410 -1.29294E-15
   411 -1.52948E-15
   412 -1.72417E-15
   413 -1.86221E-15
   414 -1.92881E-15
   415 -1.90919E-15
   416 -1.78854E-15
   417 -1.55209E-15
   418 -1.18505E-15
   419 -6.72612E-16
   420  0.00000E+00
   421  8.35915E-16
   422  1.79160E-15
   423  2.81186E-15
   424  3.84150E-15
   425  4.82531E-15
   426  5.70811E-15
   427  6.43469E-15
   428  6.94986E-15
   429  7.19843E-15
   430  7.12518E-15
   431  6.67494E-15
   432  5.79249E-15
   433  4.42266E-15
   434  2.51022E-15
   435  0.00000E+00
   436 -3.11968E-15
   437 -6.68635E-15
   438 -1.04940E-14
   439 -1.43367E-14
   440 -1.80083E-14
   441 -2.13029E-14
   442 -2.40146E-14
   443 -2.59372E-14
   444 -2.68649E-14
   445 -2.65915E-14
   446 -2.49112E-14
   447 -2.16179E-14
   448 -1.65056E-14
   449 -9.36828E-15
   450  0.00000E+00
   451  1.16428E-14
   452  2.49538E-14
   453  3.91641E-14
   454  5.35051E-14
   455  6.72079E-14
   456  7.95037E-14
   457  8.96237E-14
   458  9.67991E-14
   459  1.00261E-13
   460  9.92410E-14
   461  9.29699E-14
   462  8.06791E-14
   463  6.15996E-14
   464  3.49629E-14
   465  0.00000E+00
   466 -4.34515E-14
   467 -9.31288E-14
   468 -1.46163E-13
   469 -1.99684E-13
   470 -2.50823E-13
   471 -2.96712E-13
   472 -3.34480E-13
   473 -3.61259E-13
   474 -3.74180E-13
   475 -3.70372E-13
   476 -3.46968E-13
   477 -3.01098E-13
   478 -2.29893E-13
   479 -1.30483E-13
   480  0.00000E+00
   481  1.62163E-13
   482  3.47561E-13
   483  5.45486E-13
   484  7.45230E-13
   485  9.36085E-13
   486  1.10734E-12
   487  1.24830E-12
   488  1.34824E-12
   489  1.39646E-12
   490  1.38225E-12
   491  1.29490E-12
   492  1.12371E-12
   493  8.57972E-13
   494  4.86970E-13
   495  0.00000E+00
   496 -6.05201E-13
   497 -1.29712E-12
   498 -2.03578E-12
   499 -2.78124E-12
   500 -3.49352E-12
   501 -4.13266E-12
   502 -4.65871E-12
   503 -5.03169E-12
   504 -5.21165E-12
   505 -5.15862E-12
   506 -4.83265E-12
   507 -4.19376E-12
   508 -3.20200E-12
   509 -1.81740E-12
   510  0.00000E+00
   511  2.25864E-12
   512  4.84091E-12
   513  7.59764E-12
   514  1.03797E-11
   515  1.30380E-11
   516  1.54233E-11
   517  1.73865E-11
   518  1.87785E-11
   519  1.94501E-11
   520  1.92522E-11
   521  1.80357E-11
   522  1.56513E-11
   523  1.19500E-11
   524  6.78262E-12
   525  0.00000E+00
   526 -8.42937E-12
   527 -1.80665E-11
   528 -2.83548E-11
   529 -3.87376E-11
   530 -4.86584E-11
   531 -5.75606E-11
   532 -6.48874E-11
   533 -7.00824E-11
   534 -7.25889E-11
   535 -7.18503E-11
   536 -6.73101E-11
   537 -5.84115E-11
   538 -4.45981E-11
   539 -2.53131E-11
   540  0.00000E+00
   541  3.14588E-11
   542  6.74251E-11
   543  1.05822E-10
   544  1.44571E-10
   545  1.81596E-10
   546  2.14819E-10
   547  2.42163E-10
   548  2.61551E-10
   549  2.70906E-10
   550  2.68149E-10
   551  2.51205E-10
   552  2.17995E-10
   553  1.66442E-10
   554  9.44697E-11
   555  0.00000E+00
   556 -1.17406E-10
   557 -2.51634E-10
   558 -3.94931E-10
   559 -5.39546E-10
   560 -6.77724E-10
   561 -8.01715E-10
   562 -9.03765E-10
   563 -9.76122E-10
   564 -1.01103E-09
   565 -1.00075E-09
   566 -9.37509E-10
   567 -8.13568E-10
   568 -6.21171E-10
   569 -3.52566E-10
   570  0.00000E+00
   571  4.38165E-10
   572  9.39111E-10
   573  1.47390E-09
   574  2.01361E-09
   575  2.52930E-09
   576  2.99204E-09
   577  3.37290E-09
   578  3.64294E-09
   579  3.77323E-09
   580  3.73484E-09
   581  3.49883E-09
   582  3.03628E-09
   583  2.31824E-09
   584  1.31579E-09
   585  0.00000E+00
   586 -1.64939E-09
   587 -3.61792E-09
   588 -5.88244E-09
   589 -8.41980E-09
   590 -1.12069E-08
   591 -1.42205E-08
   592 -1.74375E-08
   593 -2.08348E-08
   594 -2.43892E-08
   595 -2.80776E-08
   596 -3.18768E-08
   597 -3.57637E-08
   598 -3.97152E-08
   599 -4.37080E-08
   600 -4.77192E-08
   601 -5.17139E-08
   602 -5.56120E-08
   603 -5.93214E-08
   604 -6.27505E-08
   605 -6.58074E-08
   606 -6.84002E-08
   607 -7.04371E-08
   608 -7.18262E-08
   609 -7.24758E-08
   610 -7.22940E-08
   611 -7.11890E-08
   612 -6.90688E-08
   613 -6.58418E-08
   614 -6.14161E-08
   615 -5.56997E-08
   616 -4.86517E-08
   617 -4.04340E-08
   618 -3.12593E-08
   619 -2.13403E-08
   620 -1.08897E-08
   621 -1.20184E-10
   622  1.07556E-08
   623  2.15248E-08
   624  3.19748E-08
   625  4.18930E-08
   626  5.10666E-08
   627  5.92829E-08
   628  6.63291E-08
   629  7.19927E-08
   630  7.60609E-08
   631  7.83876E-08
   632  7.90928E-08
   633  7.83633E-08
   634  7.63857E-08
   635  7.33466E-08
   636  6.94328E-08
   637  6.48310E-08
   638  5.97276E-08
   639  5.43096E-08
   640  4.87634E-08
   641  4.32758E-08
   642  3.80335E-08
   643  3.32230E-08
   644  2.90311E-08
   645  2.56445E-08
   646  2.31844E-08
   647  2.15107E-08
   648  2.04178E-08
   649  1.97003E-08
   650  1.91524E-08
   651  1.85688E-08
   652  1.77439E-08
   653  1.64721E-08
   654  1.45479E-08
   655  1.17658E-08
   656  7.92024E-09
   657  2.80565E-09
   658 -3.78349E-09
   659 -1.20527E-08
   660 -2.22075E-08
   661 -3.43582E-08
   662 -4.82336E-08
   663 -6.34673E-08
   664 -7.96929E-08
   665 -9.65439E-08
   666 -1.13654E-07
   667 -1.30656E-07
   668 -1.47185E-07
   669 -1.62873E-07
   670 -1.77355E-07
   671 -1.90264E-07
   672 -2.01232E-07
   673 -2.09895E-07
   674 -2.15886E-07
   675 -2.18837E-07
   676 -2.18511E-07
   677 -2.15179E-07
   678 -2.09242E-07
   679 -2.01099E-07
   680 -1.91150E-07
   681 -1.79796E-07
   682 -1.67435E-07
   683 -1.54467E-07
   684 -1.41294E-07
   685 -1.28313E-07
   686 -1.15926E-07
   687 -1.04532E-07
   688 -9.45317E-08
   689 -8.63238E-08
   690 -8.03086E-08
   691 -7.67488E-08
   692 -7.53580E-08
   693 -7.57126E-08
   694 -7.73889E-08
   695 -7.99635E-08
   696 -8.30126E-08
   697 -8.61126E-08
   698 -8.88400E-08
   699 -9.07710E-08
   700 -9.14822E-08
   701 -9.05499E-08
   702 -8.75505E-08
   703 -8.20603E-08
   704 -7.36558E-08
   705 -6.19134E-08
   706 -4.65854E-08
   707 -2.81286E-08
   708 -7.17568E-09
   709  1.56407E-08
   710  3.96879E-08
   711  6.43331E-08
   712  8.89437E-08
   713  1.12887E-07
   714  1.35530E-07
   715  1.56240E-07
   716  1.74385E-07
   717  1.89332E-07
   718  2.00448E-07
   719  2.07100E-07
   720  2.08656E-07
   721  2.04700E-07
   722  1.95682E-07
   723  1.82268E-07
   724  1.65126E-07
   725  1.44922E-07
   726  1.22324E-07
   727  9.79983E-08
   728  7.26113E-08
   729  4.68303E-08
   730  2.13221E-08
   731 -3.24641E-09
   732 -2.62084E-08
   733 -4.68970E-08
   734 -6.46454E-08
   735 -7.87866E-08
   736 -8.88118E-08
   737 -9.48434E-08
   738 -9.71619E-08
   739 -9.60477E-08
   740 -9.17814E-08
   741 -8.46433E-08
   742 -7.49139E-08
   743 -6.28735E-08
   744 -4.88028E-08
   745 -3.29820E-08
   746 -1.56917E-08
   747  2.78768E-09
   748  2.21758E-08
   749  4.21920E-08
   750  6.25561E-08
   751  8.30001E-08
   752  1.03306E-07
   753  1.23269E-07
   754  1.42683E-07
   755  1.61343E-07
   756  1.79044E-07
   757  1.95581E-07
   758  2.10748E-07
   759  2.24340E-07
   760  2.36151E-07
   761  2.45977E-07
   762  2.53612E-07
   763  2.58850E-07
   764  2.61487E-07
   765  2.61317E-07
   766  2.58161E-07
   767  2.51938E-07
   768  2.42597E-07
   769  2.30084E-07
   770  2.14345E-07
   771  1.95327E-07
   772  1.72976E-07
   773  1.47240E-07
   774  1.18065E-07
   775  8.53976E-08
   776  4.91842E-08
   777  9.37172E-09
   778 -3.40933E-08
   779 -8.12642E-08
   780 -1.32194E-07
   781 -1.86803E-07
   782 -2.44470E-07
   783 -3.04441E-07
   784 -3.65963E-07
   785 -4.28283E-07
   786 -4.90645E-07
   787 -5.52295E-07
   788 -6.12481E-07
   789 -6.70448E-07
   790 -7.25442E-07
   791 -7.76709E-07
   792 -8.23495E-07
   793 -8.65046E-07
   794 -9.00608E-07
   795 -9.29428E-07
   796 -9.50944E-07
   797 -9.65370E-07
   798 -9.73110E-07
   799 -9.74572E-07
   800 -9.70161E-07
   801 -9.60283E-07
   802 -9.45344E-07
   803 -9.25749E-07
   804 -9.01906E-07
   805 -8.74219E-07
   806 -8.43095E-07
   807 -8.08940E-07
   808 -7.72159E-07
   809 -7.33159E-07
   810 -6.92346E-07
   811 -6.50060E-07
   812 -6.06390E-07
   813 -5.61358E-07
   814 -5.14986E-07
   815 -4.67298E-07
   816 -4.18315E-07
   817 -3.68061E-07
   818 -3.16558E-07
   819 -2.63829E-07
   820 -2.09897E-07
   821 -1.54784E-07
   822 -9.85135E-08
   823 -4.11074E-08
   824  1.74112E-08
   825  7.70197E-08
   826  1.37706E-07
   827  1.99497E-07
   828  2.62433E-07
   829  3.26551E-07
   830  3.91890E-07
   831  4.58488E-07
   832  5.26385E-07
   833  5.95618E-07
   834  6.66226E-07
   835  7.38247E-07
   836  8.11720E-07
   837  8.86683E-07
   838  9.63175E-07
   839  1.04123E-06
   840  1.12090E-06
   841  1.20221E-06
   842  1.28522E-06
   843  1.36998E-06
   844  1.45655E-06
   845  1.54499E-06
   846  1.63534E-06
   847  1.72766E-06
   848  1.82200E-06
   849  1.91843E-06
   850  2.01699E-06
   851  2.11774E-06
   852  2.22074E-06
   853  2.32603E-06
   854  2.43368E-06
   855  2.54373E-06
   856  2.65609E-06
   857  2.77001E-06
   858  2.88460E-06
   859  2.99897E-06
   860  3.11222E-06
   861  3.22346E-06
   862  3.33178E-06
   863  3.43629E-06
   864  3.53611E-06
   865  3.63032E-06
   866  3.71804E-06
   867  3.79838E-06
   868  3.87043E-06
   869  3.93330E-06
   870  3.98609E-06
   871  4.02782E-06
   872  4.05712E-06
   873  4.07252E-06
   874  4.07258E-06
   875  4.05582E-06
   876  4.02079E-06
   877  3.96603E-06
   878  3.89008E-06
   879  3.79147E-06
   880  3.66876E-06
   881  3.52047E-06
   882  3.34514E-06
   883  3.14133E-06
   884  2.90756E-06
   885  2.64238E-06
   886  2.34421E-06
   887  2.01102E-06
   888  1.64065E-06
   889  1.23095E-06
   890  7.79768E-07
   891  2.84957E-07
   892 -2.55640E-07
   893 -8.44172E-07
   894 -1.48279E-06
   895 -2.17365E-06
   896 -2.91890E-06
   897 -3.72069E-06
   898 -4.58118E-06
   899 -5.50252E-06
   900 -6.48685E-06
   901 -7.53451E-06
   902 -8.63852E-06
   903 -9.79007E-06
   904 -1.09804E-05
   905 -1.22006E-05
   906 -1.34420E-05
   907 -1.46958E-05
   908 -1.59531E-05
   909 -1.72051E-05
   910 -1.84431E-05
   911 -1.96582E-05
   912 -2.08417E-05
   913 -2.19847E-05
   914 -2.30784E-05
   915 -2.41141E-05
   916 -2.50848E-05
   917 -2.59911E-05
   918 -2.68353E-05
   919 -2.76200E-05
   920 -2.83476E-05
   921 -2.90204E-05
   922 -2.96409E-05
   923 -3.02116E-05
   924 -3.07349E-05
   925 -3.12131E-05
   926 -3.16488E-05
   927 -3.20443E-05
   928 -3.24021E-05
   929 -3.27246E-05
   930 -3.30142E-05
   931 -3.32692E-05
   932 -3.34711E-05
   933 -3.35970E-05
   934 -3.36244E-05
   935 -3.35304E-05
   936 -3.32924E-05
   937 -3.28876E-05
   938 -3.22932E-05
   939 -3.14867E-05
   940 -3.04452E-05
   941 -2.91460E-05
   942 -2.75664E-05
   943 -2.56837E-05
   944 -2.34751E-05
   945 -2.09180E-05
   946 -1.79934E-05
   947 -1.46984E-05
   948 -1.10337E-05
   949 -7.00003E-06
   950 -2.59830E-06
   951  2.17071E-06
   952  7.30622E-06
   953  1.28074E-05
   954  1.86735E-05
   955  2.49037E-05
   956  3.14971E-05
   957  3.84530E-05
   958  4.57706E-05
   959  5.34491E-05
   960  6.14876E-05
   961  6.98791E-05
   962  7.85911E-05
   963  8.75849E-05
   964  9.68217E-05
   965  1.06263E-04
   966  1.15869E-04
   967  1.25603E-04
   968  1.35424E-04
   969  1.45295E-04
   970  1.55176E-04
   971  1.65029E-04
   972  1.74816E-04
   973  1.84496E-04
   974  1.94032E-04
   975  2.03385E-04
   976  2.12517E-04
   977  2.21400E-04
   978  2.30004E-04
   979  2.38302E-04
   980  2.46265E-04
   981  2.53865E-04
   982  2.61074E-04
   983  2.67863E-04
   984  2.74206E-04
   985  2.80072E-04
   986  2.85435E-04
   987  2.90265E-04
   988  2.94536E-04
   989  2.98218E-04
   990  3.01283E-04
   991  3.03685E-04
   992  3.05309E-04
   993  3.06017E-04
   994  3.05677E-04
   995  3.04153E-04
   996  3.01311E-04
   997  2.97016E-04
   998  2.91132E-04
   999  2.83527E-04
  1000  2.74063E-04
  1001  2.62608E-04
  1002  2.49026E-04
  1003  2.33183E-04
  1004  2.14944E-04
  1005  1.94173E-04
  1006  1.70738E-04
  1007  1.44510E-04
  1008  1.15359E-04
  1009  8.31585E-05
  1010  4.77797E-05
  1011  9.09463E-06
  1012 -3.30249E-05
  1013 -7.87071E-05
  1014 -1.28080E-04
  1015 -1.81272E-04
  1016 -2.38411E-04
  1017 -2.99625E-04
  1018 -3.65042E-04
  1019 -4.34791E-04
  1020 -5.08999E-04
  1021 -5.87668E-04
  1022 -6.70292E-04
  1023 -7.56236E-04
  1024 -8.44867E-04
  1025 -9.35552E-04
  1026 -1.02766E-03
  1027 -1.12055E-03
  1028 -1.21359E-03
  1029 -1.30616E-03
  1030 -1.39761E-03
  1031 -1.48731E-03
  1032 -1.57464E-03
  1033 -1.65894E-03
  1034 -1.73960E-03
  1035 -1.81598E-03
  1036 -1.88755E-03
  1037 -1.95419E-03
  1038 -2.01588E-03
  1039 -2.07261E-03
  1040 -2.12436E-03
  1041 -2.17112E-03
  1042 -2.21287E-03
  1043 -2.24960E-03
  1044 -2.28129E-03
  1045 -2.30792E-03
  1046 -2.32949E-03
  1047 -2.34597E-03
  1048 -2.35735E-03
  1049 -2.36361E-03
  1050 -2.36474E-03
  1051 -2.36055E-03
  1052 -2.35017E-03
  1053 -2.33254E-03
  1054 -2.30661E-03
  1055 -2.27135E-03
  1056 -2.22569E-03
  1057 -2.16859E-03
  1058 -2.09899E-03
  1059 -2.01586E-03
  1060 -1.91814E-03
  1061 -1.80479E-03
  1062 -1.67475E-03
  1063 -1.52697E-03
  1064 -1.36041E-03
  1065 -1.17401E-03
  1066 -9.66916E-04
  1067 -7.38949E-04
  1068 -4.90129E-04
  1069 -2.20469E-04
  1070  7.00165E-05
  1071  3.81313E-04
  1072  7.13406E-04
  1073  1.06628E-03
  1074  1.43993E-03
  1075  1.83433E-03
  1076  2.24946E-03
  1077  2.68533E-03
  1078  3.14191E-03
  1079  3.61918E-03
  1080  4.11714E-03
  1081  4.63537E-03
  1082  5.17186E-03
  1083  5.72421E-03
  1084  6.29002E-03
  1085  6.86687E-03
  1086  7.45237E-03
  1087  8.04410E-03
  1088  8.63967E-03
  1089  9.23666E-03
  1090  9.83268E-03
  1091  1.04253E-02
  1092  1.10122E-02
  1093  1.15908E-02
  1094  1.21589E-02
  1095  1.27139E-02
  1096  1.32537E-02
  1097  1.37770E-02
  1098  1.42824E-02
  1099  1.47689E-02
  1100  1.52351E-02
  1101  1.56799E-02
  1102  1.61022E-02
  1103  1.65007E-02
  1104  1.68742E-02
  1105  1.72215E-02
  1106  1.75415E-02
  1107  1.78328E-02
  1108  1.80945E-02
  1109  1.83251E-02
  1110  1.85236E-02
  1111  1.86893E-02
  1112  1.88237E-02
  1113  1.89288E-02
  1114  1.90067E-02
  1115  1.90594E-02
  1116  1.90889E-02
  1117  1.90974E-02
  1118  1.90868E-02
  1119  1.90592E-02
  1120  1.90167E-02
  1121  1.89612E-02
  1122  1.88949E-02
  1123  1.88197E-02
  1124  1.87378E-02
  1125  1.86511E-02
  1126  1.85609E-02
  1127  1.84655E-02
  1128  1.83623E-02
  1129  1.82488E-02
  1130  1.81224E-02
  1131  1.79806E-02
  1132  1.78208E-02
  1133  1.76405E-02
  1134  1.74372E-02
  1135  1.72082E-02
  1136  1.69512E-02
  1137  1.66634E-02
  1138  1.63425E-02
  1139  1.59858E-02
  1140  1.55907E-02
  1141  1.51559E-02
  1142  1.46841E-02
  1143  1.41792E-02
  1144  1.36450E-02
  1145  1.30855E-02
  1146  1.25044E-02
  1147  1.19058E-02
  1148  1.12933E-02
  1149  1.06709E-02
  1150  1.00425E-02
  1151  9.41200E-03
  1152  8.78315E-03
  1153  8.15988E-03
  1154  7.54605E-03
  1155  6.94553E-03
  1156  6.36161E-03
  1157  5.79523E-03
  1158  5.24673E-03
  1159  4.71649E-03
  1160  4.20484E-03
  1161  3.71215E-03
  1162  3.23878E-03
  1163  2.78507E-03
  1164  2.35138E-03
  1165  1.93806E-03
  1166  1.54548E-03
  1167  1.17399E-03
  1168  8.23936E-04
  1169  4.95679E-04
  1170  1.89574E-04
  1171 -9.42389E-05
  1172 -3.56476E-04
  1173 -5.98069E-04
  1174 -8.19948E-04
  1175 -1.02304E-03
  1176 -1.20829E-03
  1177 -1.37661E-03
  1178 -1.52894E-03
  1179 -1.66622E-03
  1180 -1.78936E-03
  1181 -1.89931E-03
  1182 -1.99699E-03
  1183 -2.08333E-03
  1184 -2.15927E-03
  1185 -2.22574E-03
  1186 -2.28353E-03
  1187 -2.33292E-03
  1188 -2.37404E-03
  1189 -2.40705E-03
  1190 -2.43207E-03
  1191 -2.44926E-03
  1192 -2.45874E-03
  1193 -2.46067E-03
  1194 -2.45518E-03
  1195 -2.44241E-03
  1196 -2.42250E-03
  1197 -2.39560E-03
  1198 -2.36184E-03
  1199 -2.32137E-03
  1200 -2.27432E-03
  1201 -2.22090E-03
  1202 -2.16157E-03
  1203 -2.09686E-03
  1204 -2.02730E-03
  1205 -1.95340E-03
  1206 -1.87569E-03
  1207 -1.79471E-03
  1208 -1.71096E-03
  1209 -1.62499E-03
  1210 -1.53731E-03
  1211 -1.44846E-03
  1212 -1.35894E-03
  1213 -1.26931E-03
  1214 -1.18006E-03
  1215 -1.09174E-03
  1216 -1.00481E-03
  1217 -9.19476E-04
  1218 -8.35904E-04
  1219 -7.54246E-04
  1220 -6.74658E-04
  1221 -5.97296E-04
  1222 -5.22316E-04
  1223 -4.49872E-04
  1224 -3.80120E-04
  1225 -3.13217E-04
  1226 -2.49317E-04
  1227 -1.88576E-04
  1228 -1.31151E-04
  1229 -7.71952E-05
  1230 -2.68658E-05
  1231  1.97334E-05
  1232  6.27031E-05
  1233  1.02195E-04
  1234  1.38362E-04
  1235  1.71356E-04
  1236  2.01328E-04
  1237  2.28431E-04
  1238  2.52817E-04
  1239  2.74638E-04
  1240  2.94045E-04
  1241  3.11192E-04
  1242  3.26230E-04
  1243  3.39311E-04
  1244  3.50587E-04
  1245  3.60210E-04
  1246  3.68315E-04
  1247  3.74963E-04
  1248  3.80199E-04
  1249  3.84067E-04
  1250  3.86611E-04
  1251  3.87876E-04
  1252  3.87906E-04
  1253  3.86744E-04
  1254  3.84436E-04
  1255  3.81025E-04
  1256  3.76555E-04
  1257  3.71072E-04
  1258  3.64619E-04
  1259  3.57240E-04
  1260  3.48980E-04
  1261  3.39887E-04
  1262  3.30030E-04
  1263  3.19480E-04
  1264  3.08309E-04
  1265  2.96591E-04
  1266  2.84397E-04
  1267  2.71800E-04
  1268  2.58871E-04
  1269  2.45684E-04
  1270  2.32310E-04
  1271  2.18822E-04
  1272  2.05293E-04
  1273  1.91793E-04
  1274  1.78396E-04
  1275  1.65174E-04
  1276  1.52191E-04
  1277  1.39472E-04
  1278  1.27036E-04
  1279  1.14900E-04
  1280  1.03083E-04
  1281  9.16009E-05
  1282  8.04725E-05
  1283  6.97153E-05
  1284  5.93469E-05
  1285  4.93852E-05
  1286  3.98477E-05
  1287  3.07522E-05
  1288  2.21164E-05
  1289  1.39579E-05
  1290  6.29461E-06
  1291 -8.61815E-07
  1292 -7.52305E-06
  1293 -1.37067E-05
  1294 -1.94303E-05
  1295 -2.47116E-05
  1296 -2.95680E-05
  1297 -3.40172E-05
  1298 -3.80769E-05
  1299 -4.17645E-05
  1300 -4.50977E-05
  1301 -4.80941E-05
  1302 -5.07713E-05
  1303 -5.31469E-05
  1304 -5.52385E-05
  1305 -5.70637E-05
  1306 -5.86376E-05
  1307 -5.99661E-05
  1308 -6.10523E-05
  1309 -6.18995E-05
  1310 -6.25110E-05
  1311 -6.28902E-05
  1312 -6.30402E-05
  1313 -6.29644E-05
  1314 -6.26661E-05
  1315 -6.21485E-05
  1316 -6.14149E-05
  1317 -6.04686E-05
  1318 -5.93130E-05
  1319 -5.79512E-05
  1320 -5.63865E-05
  1321 -5.46254E-05
  1322 -5.26864E-05
  1323 -5.05913E-05
  1324 -4.83617E-05
  1325 -4.60194E-05
  1326 -4.35861E-05
  1327 -4.10834E-05
  1328 -3.85331E-05
  1329 -3.59568E-05
  1330 -3.33764E-05
  1331 -3.08134E-05
  1332 -2.82897E-05
  1333 -2.58268E-05
  1334 -2.34465E-05
  1335 -2.11705E-05
  1336 -1.90162E-05
  1337 -1.69833E-05
  1338 -1.50673E-05
  1339 -1.32637E-05
  1340 -1.15679E-05
  1341 -9.97527E-06
  1342 -8.48138E-06
  1343 -7.08163E-06
  1344 -5.77148E-06
  1345 -4.54636E-06
  1346 -3.40173E-06
  1347 -2.33304E-06
  1348 -1.33573E-06
  1349 -4.05256E-07
  1350  4.62940E-07
  1351  1.27286E-06
  1352  2.02634E-06
  1353  2.72465E-06
  1354  3.36908E-06
  1355  3.96091E-06
  1356  4.50143E-06
  1357  4.99190E-06
  1358  5.43362E-06
  1359  5.82787E-06
  1360  6.17593E-06
  1361  6.47908E-06
  1362  6.73860E-06
  1363  6.95578E-06
  1364  7.13189E-06
  1365  7.26822E-06
  1366  7.36626E-06
  1367  7.42831E-06
  1368  7.45689E-06
  1369  7.45450E-06
  1370  7.42367E-06
  1371  7.36689E-06
  1372  7.28669E-06
  1373  7.18557E-06
  1374  7.06605E-06
  1375  6.93064E-06
  1376  6.78185E-06
  1377  6.62220E-06
  1378  6.45419E-06
  1379  6.28034E-06
  1380  6.10316E-06
  1381  5.92470E-06
  1382  5.74521E-06
  1383  5.56444E-06
  1384  5.38218E-06
  1385  5.19819E-06
  1386  5.01226E-06
  1387  4.82416E-06
  1388  4.63366E-06
  1389  4.44053E-06
  1390  4.24456E-06
  1391  4.04551E-06
  1392  3.84316E-06
  1393  3.63728E-06
  1394  3.42765E-06
  1395  3.21405E-06
  1396  2.99648E-06
  1397  2.77591E-06
  1398  2.55357E-06
  1399  2.33067E-06
  1400  2.10840E-06
  1401  1.88800E-06
  1402  1.67066E-06
  1403  1.45761E-06
  1404  1.25005E-06
  1405  1.04920E-06
  1406  8.56269E-07
  1407  6.72469E-07
  1408  4.99013E-07
  1409  3.37112E-07
  1410  1.87980E-07
  1411  5.24219E-08
  1412 -7.03830E-08
  1413 -1.81662E-07
  1414 -2.82644E-07
  1415 -3.74555E-07
  1416 -4.58623E-07
  1417 -5.36076E-07
  1418 -6.08142E-07
  1419 -6.76047E-07
  1420 -7.41020E-07
  1421 -8.04288E-07
  1422 -8.67078E-07
  1423 -9.30619E-07
  1424 -9.96137E-07
  1425 -1.06486E-06
  1426 -1.13755E-06
  1427 -1.21310E-06
  1428 -1.28992E-06
  1429 -1.36645E-06
  1430 -1.44111E-06
  1431 -1.51233E-06
  1432 -1.57851E-06
  1433 -1.63810E-06
  1434 -1.68951E-06
  1435 -1.73117E-06
  1436 -1.76151E-06
  1437 -1.77893E-06
  1438 -1.78188E-06
  1439 -1.76877E-06
  1440 -1.73803E-06
  1441 -1.68871E-06
  1442 -1.62241E-06
  1443 -1.54136E-06
  1444 -1.44778E-06
  1445 -1.34390E-06
  1446 -1.23194E-06
  1447 -1.11414E-06
  1448 -9.92726E-07
  1449 -8.69919E-07
  1450 -7.47947E-07
  1451 -6.29039E-07
  1452 -5.15422E-07
  1453 -4.09323E-07
  1454 -3.12970E-07
  1455 -2.28588E-07
  1456 -1.57837E-07
  1457 -1.00093E-07
  1458 -5.41641E-08
  1459 -1.88576E-08
  1460  7.01862E-09
  1461  2.46572E-08
  1462  3.52504E-08
  1463  3.99907E-08
  1464  4.00705E-08
  1465  3.66822E-08
  1466  3.10182E-08
  1467  2.42709E-08
  1468  1.76327E-08
  1469  1.22961E-08
  1470  9.45337E-09
  1471  1.00054E-08
  1472  1.36860E-08
  1473  1.99377E-08
  1474  2.82026E-08
  1475  3.79232E-08
  1476  4.85416E-08
  1477  5.95003E-08
  1478  7.02416E-08
  1479  8.02078E-08
  1480  8.88411E-08
  1481  9.55840E-08
  1482  9.98787E-08
  1483  1.01167E-07
  1484  9.88927E-08
  1485  9.24967E-08
  1486  8.16300E-08
  1487  6.67757E-08
  1488  4.86252E-08
  1489  2.78700E-08
  1490  5.20122E-09
  1491 -1.86896E-08
  1492 -4.31111E-08
  1493 -6.73720E-08
  1494 -9.07809E-08
  1495 -1.12646E-07
  1496 -1.32277E-07
  1497 -1.48982E-07
  1498 -1.62069E-07
  1499 -1.70847E-07
  1500 -1.74625E-07
  1501 -1.72970E-07
  1502 -1.66480E-07
  1503 -1.56015E-07
  1504 -1.42430E-07
  1505 -1.26585E-07
  1506 -1.09337E-07
  1507 -9.15434E-08
  1508 -7.40618E-08
  1509 -5.77500E-08
  1510 -4.34657E-08
  1511 -3.20666E-08
  1512 -2.44103E-08
  1513 -2.13546E-08
  1514 -2.37571E-08
  1515 -3.24755E-08
  1516 -4.80356E-08
  1517 -6.96357E-08
  1518 -9.61424E-08
  1519 -1.26422E-07
  1520 -1.59341E-07
  1521 -1.93766E-07
  1522 -2.28564E-07
  1523 -2.62601E-07
  1524 -2.94743E-07
  1525 -3.23857E-07
  1526 -3.48809E-07
  1527 -3.68466E-07
  1528 -3.81695E-07
  1529 -3.87361E-07
  1530 -3.84332E-07
  1531 -3.71868E-07
  1532 -3.50808E-07
  1533 -3.22387E-07
  1534 -2.87838E-07
  1535 -2.48395E-07
  1536 -2.05291E-07
  1537 -1.59761E-07
  1538 -1.13038E-07
  1539 -6.63558E-08
  1540 -2.09481E-08
  1541  2.19512E-08
  1542  6.11084E-08
  1543  9.52897E-08
  1544  1.23261E-07
  1545  1.43790E-07
  1546  1.56029E-07
  1547  1.60686E-07
  1548  1.58856E-07
  1549  1.51633E-07
  1550  1.40112E-07
  1551  1.25389E-07
  1552  1.08559E-07
  1553  9.07148E-08
  1554  7.29531E-08
  1555  5.63683E-08
  1556  4.20553E-08
  1557  3.11090E-08
  1558  2.46243E-08
  1559  2.36960E-08
  1560  2.94192E-08
  1561  4.25514E-08
  1562  6.25023E-08
  1563  8.83439E-08
  1564  1.19149E-07
  1565  1.53989E-07
  1566  1.91936E-07
  1567  2.32064E-07
  1568  2.73444E-07
  1569  3.15148E-07
  1570  3.56249E-07
  1571  3.95818E-07
  1572  4.32929E-07
  1573  4.66654E-07
  1574  4.96064E-07
  1575  5.20233E-07
  1576  5.38467E-07
  1577  5.51019E-07
  1578  5.58375E-07
  1579  5.61023E-07
  1580  5.59449E-07
  1581  5.54142E-07
  1582  5.45586E-07
  1583  5.34271E-07
  1584  5.20683E-07
  1585  5.05308E-07
  1586  4.88635E-07
  1587  4.71150E-07
  1588  4.53340E-07
  1589  4.35692E-07
  1590  4.18694E-07
  1591  4.02718E-07
  1592  3.87678E-07
  1593  3.73376E-07
  1594  3.59612E-07
  1595  3.46186E-07
  1596  3.32899E-07
  1597  3.19552E-07
  1598  3.05945E-07
  1599  2.91878E-07
  1600  2.77151E-07
  1601  2.61567E-07
  1602  2.44924E-07
  1603  2.27023E-07
  1604  2.07666E-07
  1605  1.86652E-07
  1606  1.63758E-07
  1607  1.38672E-07
  1608  1.11056E-07
  1609  8.05738E-08
  1610  4.68877E-08
  1611  9.66131E-09
  1612 -3.14423E-08
  1613 -7.67599E-08
  1614 -1.26628E-07
  1615 -1.81385E-07
  1616 -2.41365E-07
  1617 -3.06908E-07
  1618 -3.78348E-07
  1619 -4.56024E-07
  1620 -5.40271E-07
  1621 -6.30803E-07
  1622 -7.24833E-07
  1623 -8.18951E-07
  1624 -9.09746E-07
  1625 -9.93808E-07
  1626 -1.06773E-06
  1627 -1.12809E-06
  1628 -1.17149E-06
  1629 -1.19452E-06
  1630 -1.19375E-06
  1631 -1.16580E-06
  1632 -1.10723E-06
  1633 -1.01465E-06
  1634 -8.84647E-07
  1635 -7.13801E-07
  1636 -5.00499E-07
  1637 -2.50292E-07
  1638  2.94787E-08
  1639  3.31469E-07
  1640  6.48337E-07
  1641  9.72739E-07
  1642  1.29733E-06
  1643  1.61477E-06
  1644  1.91772E-06
  1645  2.19883E-06
  1646  2.45077E-06
  1647  2.66617E-06
  1648  2.83772E-06
  1649  2.95805E-06
  1650  3.01984E-06
  1651  3.01812E-06
  1652  2.95752E-06
  1653  2.84504E-06
  1654  2.68769E-06
  1655  2.49248E-06
  1656  2.26643E-06
  1657  2.01653E-06
  1658  1.74979E-06
  1659  1.47323E-06
  1660  1.19385E-06
  1661  9.18664E-07
  1662  6.54677E-07
  1663  4.08898E-07
  1664  1.88336E-07
  1665  0.00000E+00
  1666 -1.50823E-07
  1667 -2.65729E-07
  1668 -3.48034E-07
  1669 -4.01055E-07
  1670 -4.28107E-07
  1671 -4.32508E-07
  1672 -4.17573E-07
  1673 -3.86620E-07
  1674 -3.42964E-07
  1675 -2.89922E-07
  1676 -2.30811E-07
  1677 -1.68947E-07
  1678 -1.07646E-07
  1679 -5.02249E-08
  1680  0.00000E+00
  1681  4.04130E-08
  1682  7.12020E-08
  1683  9.32555E-08
  1684  1.07462E-07
  1685  1.14711E-07
  1686  1.15890E-07
  1687  1.11888E-07
  1688  1.03594E-07
  1689  9.18969E-08
  1690  7.76845E-08
  1691  6.18457E-08
  1692  4.52692E-08
  1693  2.88437E-08
  1694  1.34577E-08
  1695  0.00000E+00
  1696 -1.08286E-08
  1697 -1.90785E-08
  1698 -2.49877E-08
  1699 -2.87944E-08
  1700 -3.07367E-08
  1701 -3.10527E-08
  1702 -2.99804E-08
  1703 -2.77581E-08
  1704 -2.46237E-08
  1705 -2.08155E-08
  1706 -1.65715E-08
  1707 -1.21298E-08
  1708 -7.72863E-09
  1709 -3.60598E-09
  1710  0.00000E+00
  1711  2.90152E-09
  1712  5.11207E-09
  1713  6.69545E-09
  1714  7.71545E-09
  1715  8.23588E-09
  1716  8.32054E-09
  1717  8.03323E-09
  1718  7.43775E-09
  1719  6.59790E-09
  1720  5.57749E-09
  1721  4.44032E-09
  1722  3.25018E-09
  1723  2.07088E-09
  1724  9.66220E-10
  1725  0.00000E+00
  1726 -7.77461E-10
  1727 -1.36978E-09
  1728 -1.79404E-09
  1729 -2.06735E-09
  1730 -2.20680E-09
  1731 -2.22948E-09
  1732 -2.15250E-09
  1733 -1.99294E-09
  1734 -1.76790E-09
  1735 -1.49448E-09
  1736 -1.18978E-09
  1737 -8.70883E-10
  1738 -5.54891E-10
  1739 -2.58898E-10
  1740  0.00000E+00
  1741  2.08320E-10
  1742  3.67030E-10
  1743  4.80711E-10
  1744  5.53944E-10
  1745  5.91309E-10
  1746  5.97388E-10
  1747  5.76760E-10
  1748  5.34006E-10
  1749  4.73708E-10
  1750  4.00446E-10
  1751  3.18801E-10
  1752  2.33352E-10
  1753  1.48683E-10
  1754  6.93715E-11
  1755  0.00000E+00
  1756 -5.58192E-11
  1757 -9.83454E-11
  1758 -1.28806E-10
  1759 -1.48429E-10
  1760 -1.58441E-10
  1761 -1.60070E-10
  1762 -1.54542E-10
  1763 -1.43087E-10
  1764 -1.26930E-10
  1765 -1.07299E-10
  1766 -8.54223E-11
  1767 -6.25266E-11
  1768 -3.98394E-11
  1769 -1.85880E-11
  1770  0.00000E+00
  1771  1.49567E-11
  1772  2.63516E-11
  1773  3.45135E-11
  1774  3.97714E-11
  1775  4.24541E-11
  1776  4.28905E-11
  1777  4.14095E-11
  1778  3.83399E-11
  1779  3.40107E-11
  1780  2.87507E-11
  1781  2.28888E-11
  1782  1.67539E-11
  1783  1.06749E-11
  1784  4.98065E-12
  1785  0.00000E+00
  1786 -4.00764E-12
  1787 -7.06088E-12
  1788 -9.24787E-12
  1789 -1.06567E-11
  1790 -1.13755E-11
  1791 -1.14925E-11
  1792 -1.10956E-11
  1793 -1.02731E-11
  1794 -9.11314E-12
  1795 -7.70373E-12
  1796 -6.13305E-12
  1797 -4.48921E-12
  1798 -2.86034E-12
  1799 -1.33456E-12
  1800  0.00000E+00
  1801  1.07384E-12
  1802  1.89196E-12
  1803  2.47796E-12
  1804  2.85546E-12
  1805  3.04807E-12
  1806  3.07940E-12
  1807  2.97307E-12
  1808  2.75268E-12
  1809  2.44186E-12
  1810  2.06421E-12
  1811  1.64335E-12
  1812  1.20288E-12
  1813  7.66425E-13
  1814  3.57594E-13
  1815  0.00000E+00
  1816 -2.87735E-13
  1817 -5.06949E-13
  1818 -6.63967E-13
  1819 -7.65118E-13
  1820 -8.16727E-13
  1821 -8.25122E-13
  1822 -7.96631E-13
  1823 -7.37579E-13
  1824 -6.54294E-13
  1825 -5.53103E-13
  1826 -4.40333E-13
  1827 -3.22311E-13
  1828 -2.05363E-13
  1829 -9.58171E-14
  1830  0.00000E+00
  1831  7.70984E-14
  1832  1.35836E-13
  1833  1.77909E-13
  1834  2.05013E-13
  1835  2.18841E-13
  1836  2.21091E-13
  1837  2.13457E-13
  1838  1.97634E-13
  1839  1.75318E-13
  1840  1.48204E-13
  1841  1.17987E-13
  1842  8.63628E-14
  1843  5.50268E-14
  1844  2.56741E-14
  1845  0.00000E+00
  1846 -2.06585E-14
  1847 -3.63973E-14
  1848 -4.76707E-14
  1849 -5.49330E-14
  1850 -5.86384E-14
  1851 -5.92411E-14
  1852 -5.71955E-14
  1853 -5.29558E-14
  1854 -4.69762E-14
  1855 -3.97110E-14
  1856 -3.16145E-14
  1857 -2.31409E-14
  1858 -1.47444E-14
  1859 -6.87936E-15
  1860  0.00000E+00
  1861  5.53542E-15
  1862  9.75262E-15
  1863  1.27733E-14
  1864  1.47192E-14
  1865  1.57121E-14
  1866  1.58736E-14
  1867  1.53255E-14
  1868  1.41895E-14
  1869  1.25872E-14
  1870  1.06405E-14
  1871  8.47107E-15
  1872  6.20057E-15
  1873  3.95075E-15
  1874  1.84332E-15
  1875  0.00000E+00
  1876 -1.48321E-15
  1877 -2.61321E-15
  1878 -3.42260E-15
  1879 -3.94401E-15
  1880 -4.21004E-15
  1881 -4.25332E-15
  1882 -4.10645E-15
  1883 -3.80205E-15
  1884 -3.37274E-15
  1885 -2.85112E-15
  1886 -2.26982E-15
  1887 -1.66144E-15
  1888 -1.05860E-15
  1889 -4.93916E-16
  1890  0.00000E+00
  1891  3.97425E-16
  1892  7.00207E-16
  1893  9.17083E-16
  1894  1.05679E-15
  1895  1.12808E-15
  1896  1.13967E-15
  1897  1.10032E-15
  1898  1.01876E-15
  1899  9.03723E-16
  1900  7.63956E-16
  1901  6.08196E-16
  1902  4.45181E-16
  1903  2.83651E-16
  1904  1.32344E-16
  1905  0.00000E+00
  1906 -1.06490E-16
  1907 -1.87620E-16
  1908 -2.45732E-16
  1909 -2.83167E-16
  1910 -3.02268E-16
  1911 -3.05375E-16
  1912 -2.94830E-16
  1913 -2.72975E-16
  1914 -2.42152E-16
  1915 -2.04701E-16
  1916 -1.62966E-16
  1917 -1.19286E-16
  1918 -7.60041E-17
  1919 -3.54616E-17
  1920  0.00000E+00
  1921  2.85338E-17
  1922  5.02726E-17
  1923  6.58436E-17
  1924  7.58744E-17
  1925  8.09923E-17
  1926  8.18249E-17
  1927  7.89995E-17
  1928  7.31435E-17
  1929  6.48844E-17
  1930  5.48496E-17
  1931  4.36665E-17
  1932  3.19626E-17
  1933  2.03652E-17
  1934  9.50190E-18
  1935  0.00000E+00
  1936 -7.64562E-18
  1937 -1.34705E-17
  1938 -1.76427E-17
  1939 -2.03305E-17
  1940 -2.17018E-17
  1941 -2.19249E-17
  1942 -2.11678E-17
  1943 -1.95987E-17
  1944 -1.73857E-17
  1945 -1.46969E-17
  1946 -1.17004E-17
  1947 -8.56434E-18
  1948 -5.45685E-18
  1949 -2.54603E-18
  1950  0.00000E+00
  1951  2.04864E-18
  1952  3.60941E-18
  1953  4.72736E-18
  1954  5.44754E-18
  1955  5.81499E-18
  1956  5.87476E-18
  1957  5.67191E-18
  1958  5.25147E-18
  1959  4.65849E-18
  1960  3.93802E-18
  1961  3.13511E-18
  1962  2.29481E-18
  1963  1.46216E-18
  1964  6.82205E-19
  1965  0.00000E+00
  1966 -5.48931E-19
  1967 -9.67138E-19
  1968 -1.26669E-18
  1969 -1.45966E-18
  1970 -1.55812E-18
  1971 -1.57414E-18
  1972 -1.51978E-18
  1973 -1.40713E-18
  1974 -1.24824E-18
  1975 -1.05519E-18
  1976 -8.40051E-19
  1977 -6.14892E-19
  1978 -3.91784E-19
  1979 -1.82796E-19
  1980  0.00000E+00
  1981  1.47086E-19
  1982  2.59144E-19
  1983  3.39409E-19
  1984  3.91115E-19
  1985  4.17497E-19
  1986  4.21789E-19
  1987  4.07225E-19
  1988  3.77038E-19
  1989  3.34464E-19
  1990  2.82737E-19
  1991  2.25091E-19
  1992  1.64760E-19
  1993  1.04978E-19
  1994  4.89801E-20
  1995  0.00000E+00
  1996 -3.94115E-20
  1997 -6.94374E-20
  1998 -9.09444E-20
  1999 -1.04799E-19
  2000 -1.11868E-19
  2001 -1.13018E-19
  2002 -1.09115E-19
  2003 -1.01027E-19
  2004 -8.96195E-20
  2005 -7.57592E-20
  2006 -6.03129E-20
  2007 -4.41473E-20
  2008 -2.81288E-20
  2009 -1.31242E-20
  2010  0.00000E+00
  2011  1.05603E-20
  2012  1.86057E-20
  2013  2.43685E-20
  2014  2.80808E-20
  2015  2.99750E-20
  2016  3.02831E-20
  2017  2.92374E-20
  2018  2.70701E-20
  2019  2.40135E-20
  2020  2.02996E-20
  2021  1.61608E-20
  2022  1.18292E-20
  2023  7.53709E-21
  2024  3.51661E-21
  2025  0.00000E+00
  2026 -2.82962E-21
  2027 -4.98538E-21
  2028 -6.52951E-21
  2029 -7.52424E-21
  2030 -8.03177E-21
  2031 -8.11433E-21
  2032 -7.83414E-21
  2033 -7.25342E-21
  2034 -6.43439E-21
  2035 -5.43927E-21
  2036 -4.33027E-21
  2037 -3.16963E-21
  2038 -2.01956E-21
  2039 -9.42274E-22
  2040  0.00000E+00
  2041  7.58193E-22
  2042  1.33583E-21
  2043  1.74958E-21
  2044  2.01611E-21
  2045  2.15211E-21
  2046  2.17423E-21
  2047  2.09915E-21
  2048  1.94355E-21
  2049  1.72409E-21
  2050  1.45745E-21
  2051  1.16029E-21
  2052  8.49300E-22
  2053  5.41139E-22
  2054  2.52482E-22
  2055  0.00000E+00
  2056 -2.03157E-22
  2057 -3.57934E-22
  2058 -4.68798E-22
  2059 -5.40216E-22
  2060 -5.76655E-22
  2061 -5.82582E-22
  2062 -5.62466E-22
  2063 -5.20772E-22
  2064 -4.61968E-22
  2065 -3.90522E-22
  2066 -3.10900E-22
  2067 -2.27569E-22
  2068 -1.44998E-22
  2069 -6.76522E-23
  2070  0.00000E+00
  2071  5.44358E-23
  2072  9.59081E-23
  2073  1.25614E-22
  2074  1.44750E-22
  2075  1.54514E-22
  2076  1.56102E-22
  2077  1.50712E-22
  2078  1.39540E-22
  2079  1.23784E-22
  2080  1.04640E-22
  2081  8.33053E-23
  2082  6.09770E-23
  2083  3.88520E-23
  2084  1.81274E-23
  2085  0.00000E+00
  2086 -1.45860E-23
  2087 -2.56985E-23
  2088 -3.36582E-23
  2089 -3.87857E-23
  2090 -4.14020E-23
  2091 -4.18275E-23
  2092 -4.03832E-23
  2093 -3.73897E-23
  2094 -3.31678E-23
  2095 -2.80382E-23
  2096 -2.23216E-23
  2097 -1.63387E-23
  2098 -1.04104E-23
  2099 -4.85721E-24
  2100  0.00000E+00
  2101  3.90832E-24
  2102  6.88589E-24
  2103  9.01868E-24
  2104  1.03926E-23
  2105  1.10936E-23
  2106  1.12077E-23
  2107  1.08207E-23
  2108  1.00186E-23
  2109  8.88729E-24
  2110  7.51281E-24
  2111  5.98105E-24
  2112  4.37795E-24
  2113  2.78945E-24
  2114  1.30149E-24
  2115  0.00000E+00
  2116 -1.04723E-24
  2117 -1.84507E-24
  2118 -2.41655E-24
  2119 -2.78469E-24
  2120 -2.97253E-24
  2121 -3.00308E-24
  2122 -2.89938E-24
  2123 -2.68446E-24
  2124 -2.38134E-24
  2125 -2.01305E-24
  2126 -1.60262E-24
  2127 -1.17307E-24
  2128 -7.47431E-25
  2129 -3.48732E-25
  2130  0.00000E+00
  2131  2.80604E-25
  2132  4.94385E-25
  2133  6.47512E-25
  2134  7.46156E-25
  2135  7.96486E-25
  2136  8.04673E-25
  2137  7.76888E-25
  2138  7.19299E-25
  2139  6.38079E-25
  2140  5.39395E-25
  2141  4.29420E-25
  2142  3.14323E-25
  2143  2.00273E-25
  2144  9.34425E-26
  2145  0.00000E+00
  2146 -7.51877E-26
  2147 -1.32470E-25
  2148 -1.73500E-25
  2149 -1.99932E-25
  2150 -2.13418E-25
  2151 -2.15612E-25
  2152 -2.08166E-25
  2153 -1.92736E-25
  2154 -1.70973E-25
  2155 -1.44531E-25
  2156 -1.15063E-25
  2157 -8.42225E-26
  2158 -5.36631E-26
  2159 -2.50378E-26
  2160  0.00000E+00
  2161  2.01465E-26
  2162  3.54952E-26
  2163  4.64893E-26
  2164  5.35716E-26
  2165  5.71851E-26
  2166  5.77729E-26
  2167  5.57780E-26
  2168  5.16434E-26
  2169  4.58120E-26
  2170  3.87269E-26
  2171  3.08310E-26
  2172  2.25674E-26
  2173  1.43790E-26
  2174  6.70887E-27
  2175  0.00000E+00
  2176 -5.39823E-27
  2177 -9.51092E-27
  2178 -1.24568E-26
  2179 -1.43545E-26
  2180 -1.53227E-26
  2181 -1.54802E-26
  2182 -1.49457E-26
  2183 -1.38378E-26
  2184 -1.22753E-26
  2185 -1.03768E-26
  2186 -8.26113E-27
  2187 -6.04690E-27
  2188 -3.85284E-27
  2189 -1.79764E-27
  2190  0.00000E+00
  2191  1.44645E-27
  2192  2.54844E-27
  2193  3.33778E-27
  2194  3.84626E-27
  2195  4.10571E-27
  2196  4.14791E-27
  2197  4.00468E-27
  2198  3.70783E-27
  2199  3.28915E-27
  2200  2.78046E-27
  2201  2.21356E-27
  2202  1.62026E-27
  2203  1.03236E-27
  2204  4.81675E-28
  2205  0.00000E+00
  2206 -3.87576E-28
  2207 -6.82853E-28
  2208 -8.94355E-28
  2209 -1.03060E-27
  2210 -1.10012E-27
  2211 -1.11143E-27
  2212 -1.07305E-27
  2213 -9.93509E-28
  2214 -8.81326E-28
  2215 -7.45023E-28
  2216 -5.93123E-28
  2217 -4.34148E-28
  2218 -2.76621E-28
  2219 -1.29064E-28
  2220  0.00000E+00
  2221  1.03851E-28
  2222  1.82970E-28
  2223  2.39642E-28
  2224  2.76149E-28
  2225  2.94776E-28
  2226  2.97807E-28
  2227  2.87523E-28
  2228  2.66210E-28
  2229  2.36150E-28
  2230  1.99628E-28
  2231  1.58927E-28
  2232  1.16330E-28
  2233  7.41204E-29
  2234  3.45827E-29
  2235  0.00000E+00
  2236 -2.78267E-29
  2237 -4.90267E-29
  2238 -6.42118E-29
  2239 -7.39940E-29
  2240 -7.89851E-29
  2241 -7.97970E-29
  2242 -7.70416E-29
  2243 -7.13308E-29
  2244 -6.32763E-29
  2245 -5.34902E-29
  2246 -4.25843E-29
  2247 -3.11704E-29
  2248 -1.98605E-29
  2249 -9.26641E-30
  2250  0.00000E+00
  2251  7.45614E-30
  2252  1.31367E-29
  2253  1.72055E-29
  2254  1.98266E-29
  2255  2.11640E-29
  2256  2.13815E-29
  2257  2.06432E-29
  2258  1.91130E-29
  2259  1.69548E-29
  2260  1.43327E-29
  2261  1.14104E-29
  2262  8.35209E-30
  2263  5.32161E-30
  2264  2.48293E-30
  2265  0.00000E+00
  2266 -1.99787E-30
  2267 -3.51995E-30
  2268 -4.61020E-30
  2269 -5.31253E-30
  2270 -5.67087E-30
  2271 -5.72917E-30
  2272 -5.53134E-30
  2273 -5.12132E-30
  2274 -4.54304E-30
  2275 -3.84042E-30
  2276 -3.05741E-30
  2277 -2.23794E-30
  2278 -1.42592E-30
  2279 -6.65298E-31
  2280  0.00000E+00
  2281  5.35327E-31
  2282  9.43169E-31
  2283  1.23530E-30
  2284  1.42349E-30
  2285  1.51951E-30
  2286  1.53513E-30
  2287  1.48212E-30
  2288  1.37225E-30
  2289  1.21730E-30
  2290  1.02904E-30
  2291  8.19232E-31
  2292  5.99653E-31
  2293  3.82074E-31
  2294  1.78266E-31
  2295  0.00000E+00
  2296 -1.43440E-31
  2297 -2.52721E-31
  2298 -3.30997E-31
  2299 -3.81422E-31
  2300 -4.07151E-31
  2301 -4.11336E-31
  2302 -3.97132E-31
  2303 -3.67694E-31
  2304 -3.26175E-31
  2305 -2.75730E-31
  2306 -2.19513E-31
  2307 -1.60677E-31
  2308 -1.02376E-31
  2309 -4.77663E-32
  2310  0.00000E+00
  2311  3.84347E-32
  2312  6.77165E-32
  2313  8.86905E-32
  2314  1.02202E-31
  2315  1.09096E-31
  2316  1.10217E-31
  2317  1.06411E-31
  2318  9.85233E-32
  2319  8.73984E-32
  2320  7.38817E-32
  2321  5.88182E-32
  2322  4.30532E-32
  2323  2.74317E-32
  2324  1.27989E-32
  2325  0.00000E+00
  2326 -1.02986E-32
  2327 -1.81446E-32
  2328 -2.37645E-32
  2329 -2.73849E-32
  2330 -2.92321E-32
  2331 -2.95326E-32
  2332 -2.85128E-32
  2333 -2.63992E-32
  2334 -2.34183E-32
  2335 -1.97965E-32
  2336 -1.57603E-32
  2337 -1.15361E-32
  2338 -7.35030E-33
  2339 -3.42946E-33
  2340  0.00000E+00
  2341  2.75949E-33
  2342  4.86182E-33
  2343  6.36769E-33
  2344  7.33776E-33
  2345  7.83271E-33
  2346  7.91323E-33
  2347  7.63999E-33
  2348  7.07366E-33
  2349  6.27492E-33
  2350  5.30446E-33
  2351  4.22296E-33
  2352  3.09108E-33
  2353  1.96951E-33
  2354  9.18922E-34
  2355  0.00000E+00
  2356 -7.39403E-34
  2357 -1.30272E-33
  2358 -1.70622E-33
  2359 -1.96615E-33
  2360 -2.09877E-33
  2361 -2.12034E-33
  2362 -2.04713E-33
  2363 -1.89538E-33
  2364 -1.68136E-33
  2365 -1.42133E-33
  2366 -1.13154E-33
  2367 -8.28252E-34
  2368 -5.27728E-34
  2369 -2.46224E-34
  2370  0.00000E+00
  2371  1.98122E-34
  2372  3.49063E-34
  2373  4.57180E-34
  2374  5.26828E-34
  2375  5.62364E-34
  2376  5.68144E-34
  2377  5.48526E-34
  2378  5.07866E-34
  2379  4.50519E-34
  2380  3.80843E-34
  2381  3.03195E-34
  2382  2.21929E-34
  2383  1.41404E-34
  2384  6.59756E-35
  2385  0.00000E+00
  2386 -5.30867E-35
  2387 -9.35312E-35
  2388 -1.22501E-34
  2389 -1.41163E-34
  2390 -1.50685E-34
  2391 -1.52234E-34
  2392 -1.46977E-34
  2393 -1.36082E-34
  2394 -1.20716E-34
  2395 -1.02047E-34
  2396 -8.12407E-35
  2397 -5.94658E-35
  2398 -3.78892E-35
  2399 -1.76781E-35
  2400  0.00000E+00
  2401  1.42245E-35
  2402  2.50616E-35
  2403  3.28240E-35
  2404  3.78245E-35
  2405  4.03759E-35
  2406  4.07909E-35
  2407  3.93824E-35
  2408  3.64631E-35
  2409  3.23458E-35
  2410  2.73433E-35
  2411  2.17684E-35
  2412  1.59338E-35
  2413  1.01524E-35
  2414  4.73684E-36
  2415  0.00000E+00
  2416 -3.81146E-36
  2417 -6.71526E-36
  2418 -8.79520E-36
  2419 -1.01351E-35
  2420 -1.08187E-35
  2421 -1.09300E-35
  2422 -1.05526E-35
  2423 -9.77033E-36
  2424 -8.66711E-36
  2425 -7.32670E-36
  2426 -5.83289E-36
  2427 -4.26951E-36
  2428 -2.72037E-36
  2429 -1.26926E-36
  2430  0.00000E+00
  2431  1.02131E-36
  2432  1.79942E-36
  2433  2.35677E-36
  2434  2.71583E-36
  2435  2.89905E-36
  2436  2.92889E-36
  2437  2.82779E-36
  2438  2.61821E-36
  2439  2.32262E-36
  2440  1.96345E-36
  2441  1.56317E-36
  2442  1.14423E-36
  2443  7.29086E-37
  2444  3.40191E-37
  2445  0.00000E+00
  2446 -2.73776E-37
  2447 -4.82402E-37
  2448 -6.31888E-37
  2449 -7.28242E-37
  2450 -7.77473E-37
  2451 -7.85591E-37
  2452 -7.58603E-37
  2453 -7.02519E-37
  2454 -6.23349E-37
  2455 -5.27100E-37
  2456 -4.19783E-37
  2457 -3.07405E-37
  2458 -1.95976E-37
  2459 -9.15046E-38
  2460  0.00000E+00
  2461  8.56011E-38
  2462  1.53492E-37
  2463  1.70781E-37
  2464  1.97136E-37
  2465  2.10840E-37
  2466  2.13476E-37
  2467  2.06623E-37
  2468  1.91865E-37
  2469  1.70781E-37
  2470  1.44953E-37
  2471  1.15962E-37
  2472  8.53903E-38
  2473  5.48185E-38
  2474  4.72282E-38
  2475  0.00000E+00
  2476  0.00000E+00
  2477 -3.83729E-38
  2478 -5.12342E-38
  2479 -6.03003E-38
  2480 -6.58876E-38
  2481 -6.83122E-38
  2482 -6.78905E-38
  2483 -6.49388E-38
  2484 -5.97732E-38
  2485 -5.27100E-38
  2486 -4.40656E-38
  2487 -3.41561E-38
  2488  0.00000E+00
  2489  0.00000E+00
  2490  0.00000E+00
  2491  0.00000E+00
  2492  0.00000E+00
  2493  0.00000E+00
  2494  0.00000E+00
  2495  0.00000E+00
  2496  0.00000E+00
  2497  0.00000E+00
  2498  0.00000E+00
  2499  0.00000E+00
  2500  0.00000E+00
  2501  0.00000E+00
  2502  0.00000E+00
  2503  0.00000E+00
  2504  0.00000E+00
  2505  0.00000E+00
  2506  0.00000E+00
  2507  0.00000E+00
  2508  0.00000E+00
  2509  0.00000E+00
  2510  0.00000E+00
  2511  0.00000E+00
  2512  0.00000E+00
  2513  0.00000E+00
  2514  0.00000E+00
  2515  0.00000E+00
  2516  0.00000E+00
  2517  0.00000E+00
  2518  0.00000E+00
  2519  0.00000E+00
  2520  0.00000E+00
  2521  0.00000E+00
  2522  0.00000E+00
  2523  0.00000E+00
  2524  0.00000E+00
  2525  0.00000E+00
  2526  0.00000E+00
  2527  0.00000E+00
  2528  0.00000E+00
  2529  0.00000E+00
  2530  0.00000E+00
  2531  0.00000E+00
  2532  0.00000E+00
  2533  0.00000E+00
  2534  0.00000E+00
  2535  0.00000E+00
  2536  0.00000E+00
  2537  0.00000E+00
  2538  0.00000E+00
  2539  0.00000E+00
  2540  0.00000E+00
  2541  0.00000E+00
  2542  0.00000E+00
  2543  0.00000E+00
  2544  0.00000E+00
  2545  0.00000E+00
  2546  0.00000E+00
  2547  0.00000E+00
  2548  0.00000E+00
  2549  0.00000E+00
  2550  0.00000E+00
  2551  0.00000E+00
  2552  0.00000E+00
  2553  0.00000E+00
  2554  0.00000E+00
  2555  0.00000E+00
  2556  0.00000E+00
  2557  0.00000E+00
  2558  0.00000E+00
  2559  0.00000E+00
  2560  0.00000E+00
  2561  0.00000E+00
  2562  0.00000E+00
  2563  0.00000E+00
  2564  0.00000E+00
  2565  0.00000E+00
  2566  0.00000E+00
  2567  0.00000E+00
  2568  0.00000E+00
  2569  0.00000E+00
  2570  0.00000E+00
  2571  0.00000E+00
  2572  0.00000E+00
  2573  0.00000E+00
  2574  0.00000E+00
  2575  0.00000E+00
  2576  0.00000E+00
  2577  0.00000E+00
  2578  0.00000E+00
  2579  0.00000E+00
  2580  0.00000E+00
  2581  0.00000E+00
  2582  0.00000E+00
  2583  0.00000E+00
  2584  0.00000E+00
  2585  0.00000E+00
  2586  0.00000E+00
  2587  0.00000E+00
  2588  0.00000E+00
  2589  0.00000E+00
  2590  0.00000E+00
  2591  0.00000E+00
  2592  0.00000E+00
  2593  0.00000E+00
  2594  0.00000E+00
  2595  0.00000E+00
  2596  0.00000E+00
  2597  0.00000E+00
  2598  0.00000E+00
  2599  0.00000E+00
  2600  0.00000E+00
  2601  0.00000E+00
  2602  0.00000E+00
  2603  0.00000E+00
  2604  0.00000E+00
  2605  0.00000E+00
  2606  0.00000E+00
  2607  0.00000E+00
  2608  0.00000E+00
  2609  0.00000E+00
  2610  0.00000E+00
  2611  0.00000E+00
  2612  0.00000E+00
  2613  0.00000E+00
  2614  0.00000E+00
  2615  0.00000E+00
  2616  0.00000E+00
  2617  0.00000E+00
  2618  0.00000E+00
  2619  0.00000E+00
  2620  0.00000E+00
  2621  0.00000E+00
  2622  0.00000E+00
  2623  0.00000E+00
  2624  0.00000E+00
  2625  0.00000E+00
  2626  0.00000E+00
  2627  0.00000E+00
  2628  0.00000E+00
  2629  0.00000E+00
  2630  0.00000E+00
  2631  0.00000E+00
  2632  0.00000E+00
  2633  0.00000E+00
  2634  0.00000E+00
  2635  0.00000E+00
  2636  0.00000E+00
  2637  0.00000E+00
  2638  0.00000E+00
  2639  0.00000E+00
  2640  0.00000E+00
  2641  0.00000E+00
  2642  0.00000E+00
  2643  0.00000E+00
  2644  0.00000E+00
  2645  0.00000E+00
  2646  0.00000E+00
  2647  0.00000E+00
  2648  0.00000E+00
  2649  0.00000E+00
  2650  0.00000E+00
  2651  0.00000E+00
  2652  0.00000E+00
  2653  0.00000E+00
  2654  0.00000E+00
  2655  0.00000E+00
  2656  0.00000E+00
  2657  0.00000E+00
  2658  0.00000E+00
  2659  0.00000E+00
  2660  0.00000E+00
  2661  0.00000E+00
  2662  0.00000E+00
  2663  0.00000E+00
  2664  0.00000E+00
  2665  0.00000E+00
  2666  0.00000E+00
  2667  0.00000E+00
  2668  0.00000E+00
  2669  0.00000E+00
  2670  0.00000E+00
  2671  0.00000E+00
  2672  0.00000E+00
  2673  0.00000E+00
  2674  0.00000E+00
  2675  0.00000E+00
  2676  0.00000E+00
  2677  0.00000E+00
  2678  0.00000E+00
  2679  0.00000E+00
  2680  0.00000E+00
  2681  0.00000E+00
  2682  0.00000E+00
  2683  0.00000E+00
  2684  0.00000E+00
  2685  0.00000E+00
  2686  0.00000E+00
  2687  0.00000E+00
  2688  0.00000E+00
  2689  0.00000E+00
  2690  0.00000E+00
  2691  0.00000E+00
  2692  0.00000E+00
  2693  0.00000E+00
  2694  0.00000E+00
  2695  0.00000E+00
  2696  0.00000E+00
  2697  0.00000E+00
  2698  0.00000E+00
  2699  0.00000E+00
  2700  0.00000E+00
  2701  0.00000E+00
  2702  0.00000E+00
  2703  0.00000E+00
  2704  0.00000E+00
  2705  0.00000E+00
  2706  0.00000E+00
  2707  0.00000E+00
  2708  0.00000E+00
  2709  0.00000E+00
  2710  0.00000E+00
  2711  0.00000E+00
  2712  0.00000E+00
  2713  0.00000E+00
  2714  0.00000E+00
  2715  0.00000E+00
  2716  0.00000E+00
  2717  0.00000E+00
  2718  0.00000E+00
  2719  0.00000E+00
  2720  0.00000E+00
  2721  0.00000E+00
  2722  0.00000E+00
  2723  0.00000E+00
  2724  0.00000E+00
  2725  0.00000E+00
  2726  0.00000E+00
  2727  0.00000E+00
  2728  0.00000E+00
  2729  0.00000E+00
  2730  0.00000E+00
  2731  0.00000E+00
  2732  0.00000E+00
  2733  0.00000E+00
  2734  0.00000E+00
  2735  0.00000E+00
  2736  0.00000E+00
  2737  0.00000E+00
  2738  0.00000E+00
  2739  0.00000E+00
  2740  0.00000E+00
  2741  0.00000E+00
  2742  0.00000E+00
  2743  0.00000E+00
  2744  0.00000E+00
  2745  0.00000E+00
  2746  0.00000E+00
  2747  0.00000E+00
  2748  0.00000E+00
  2749  0.00000E+00
  2750  0.00000E+00
  2751  0.00000E+00
  2752  0.00000E+00
  2753  0.00000E+00
  2754  0.00000E+00
  2755  0.00000E+00
  2756  0.00000E+00
  2757  0.00000E+00
  2758  0.00000E+00
  2759  0.00000E+00
  2760  0.00000E+00
  2761  0.00000E+00
  2762  0.00000E+00
  2763  0.00000E+00
  2764  0.00000E+00
  2765  0.00000E+00
  2766  0.00000E+00
  2767  0.00000E+00
  2768  0.00000E+00
  2769  0.00000E+00
  2770  0.00000E+00
  2771  0.00000E+00
  2772  0.00000E+00
  2773  0.00000E+00
  2774  0.00000E+00
  2775  0.00000E+00
  2776  0.00000E+00
  2777  0.00000E+00
  2778  0.00000E+00
  2779  0.00000E+00
  2780  0.00000E+00
  2781  0.00000E+00
  2782  0.00000E+00
  2783  0.00000E+00
  2784  0.00000E+00
  2785  0.00000E+00
  2786  0.00000E+00
  2787  0.00000E+00
  2788  0.00000E+00
  2789  0.00000E+00
  2790  0.00000E+00
  2791  0.00000E+00
  2792  0.00000E+00
  2793  0.00000E+00
  2794  0.00000E+00
  2795  0.00000E+00
  2796  0.00000E+00
  2797  0.00000E+00
  2798  0.00000E+00
  2799  0.00000E+00
  2800  0.00000E+00
  2801  0.00000E+00
  2802  0.00000E+00
  2803  0.00000E+00
  2804  0.00000E+00
  2805  0.00000E+00
  2806  0.00000E+00
  2807  0.00000E+00
  2808  0.00000E+00
  2809  0.00000E+00
  2810  0.00000E+00
  2811  0.00000E+00
  2812  0.00000E+00
  2813  0.00000E+00
  2814  0.00000E+00
  2815  0.00000E+00
  2816  0.00000E+00
  2817  0.00000E+00
  2818  0.00000E+00
  2819  0.00000E+00
  2820  0.00000E+00
  2821  0.00000E+00
  2822  0.00000E+00
  2823  0.00000E+00
  2824  0.00000E+00
  2825  0.00000E+00
  2826  0.00000E+00
  2827  0.00000E+00
  2828  0.00000E+00
  2829  0.00000E+00
  2830  0.00000E+00
  2831  0.00000E+00
  2832  0.00000E+00
  2833  0.00000E+00
  2834  0.00000E+00
  2835  0.00000E+00
  2836  0.00000E+00
  2837  0.00000E+00
  2838  0.00000E+00
  2839  0.00000E+00
  2840  0.00000E+00
  2841  0.00000E+00
  2842  0.00000E+00
  2843  0.00000E+00
  2844  0.00000E+00
  2845  0.00000E+00
  2846  0.00000E+00
  2847  0.00000E+00
  2848  0.00000E+00
  2849  0.00000E+00
  2850  0.00000E+00
  2851  0.00000E+00
  2852  0.00000E+00
  2853  0.00000E+00
  2854  0.00000E+00
  2855  0.00000E+00
  2856  0.00000E+00
  2857  0.00000E+00
  2858  0.00000E+00
  2859  0.00000E+00
  2860  0.00000E+00
  2861  0.00000E+00
  2862  0.00000E+00
  2863  0.00000E+00
  2864  0.00000E+00
  2865  0.00000E+00
  2866  0.00000E+00
  2867  0.00000E+00
  2868  0.00000E+00
  2869  0.00000E+00
  2870  0.00000E+00
  2871  0.00000E+00
  2872  0.00000E+00
  2873  0.00000E+00
  2874  0.00000E+00
  2875  0.00000E+00
  2876  0.00000E+00
  2877  0.00000E+00
  2878  0.00000E+00
  2879  0.00000E+00
  2880  0.00000E+00
  2881  0.00000E+00
  2882  0.00000E+00
  2883  0.00000E+00
  2884  0.00000E+00
  2885  0.00000E+00
  2886  0.00000E+00
  2887  0.00000E+00
  2888  0.00000E+00
  2889  0.00000E+00
  2890  0.00000E+00
  2891  0.00000E+00
  2892  0.00000E+00
  2893  0.00000E+00
  2894  0.00000E+00
  2895  0.00000E+00
  2896  0.00000E+00
  2897  0.00000E+00
  2898  0.00000E+00
  2899  0.00000E+00
  2900  0.00000E+00
  2901  0.00000E+00
  2902  0.00000E+00
  2903  0.00000E+00
  2904  0.00000E+00
  2905  0.00000E+00
  2906  0.00000E+00
  2907  0.00000E+00
  2908  0.00000E+00
  2909  0.00000E+00
  2910  0.00000E+00
  2911  0.00000E+00
  2912  0.00000E+00
  2913  0.00000E+00
  2914  0.00000E+00
  2915  0.00000E+00
  2916  0.00000E+00
  2917  0.00000E+00
  2918  0.00000E+00
  2919  0.00000E+00
  2920  0.00000E+00
  2921  0.00000E+00
  2922  0.00000E+00
  2923  0.00000E+00
  2924  0.00000E+00
  2925  0.00000E+00
  2926  0.00000E+00
  2927  0.00000E+00
  2928  0.00000E+00
  2929  0.00000E+00
  2930  0.00000E+00
  2931  2.96731E-38
  2932  3.22374E-38
  2933  3.37028E-38
  2934  3.39121E-38
  2935  3.27084E-38
  2936  2.99348E-38
  2937  0.00000E+00
  2938  0.00000E+00
  2939  0.00000E+00
  2940  0.00000E+00
  2941  0.00000E+00
  2942 -4.31638E-38
  2943 -6.32808E-38
  2944 -5.17054E-38
  2945 -6.49472E-38
  2946 -7.68294E-38
  2947 -8.66089E-38
  2948 -9.35430E-38
  2949 -9.68886E-38
  2950 -1.22070E-37
  2951 -1.11718E-37
  2952 -9.49213E-38
  2953 -7.10933E-38
  2954 -3.96482E-38
  2955  0.00000E+00
  2956  4.19899E-38
  2957  8.99962E-38
  2958  1.41246E-37
  2959  1.92967E-37
  2960  2.42386E-37
  2961  2.86731E-37
  2962  3.23229E-37
  2963  3.49107E-37
  2964  3.61593E-37
  2965  3.57914E-37
  2966  3.35297E-37
  2967  2.90970E-37
  2968  2.22160E-37
  2969  1.47969E-37
  2970  0.00000E+00
  2971 -1.56708E-37
  2972 -3.35870E-37
  2973 -5.27138E-37
  2974 -7.20163E-37
  2975 -9.04598E-37
  2976 -1.07010E-36
  2977 -1.20631E-36
  2978 -1.30289E-36
  2979 -1.34948E-36
  2980 -1.33575E-36
  2981 -1.25135E-36
  2982 -1.08592E-36
  2983 -8.29112E-37
  2984 -4.70590E-37
  2985  0.00000E+00
  2986  5.84844E-37
  2987  1.25349E-36
  2988  1.96730E-36
  2989  2.68768E-36
  2990  3.37600E-36
  2991  3.99365E-36
  2992  4.50200E-36
  2993  4.86244E-36
  2994  5.03634E-36
  2995  4.98510E-36
  2996  4.67009E-36
  2997  4.05269E-36
  2998  3.09429E-36
  2999  1.75627E-36
  3000  0.00000E+00
  3001 -2.18267E-36
  3002 -4.67807E-36
  3003 -7.34208E-36
  3004 -1.00306E-35
  3005 -1.25994E-35
  3006 -1.49045E-35
  3007 -1.68017E-35
  3008 -1.81469E-35
  3009 -1.87959E-35
  3010 -1.86046E-35
  3011 -1.74290E-35
  3012 -1.51248E-35
  3013 -1.15480E-35
  3014 -6.55447E-36
  3015  0.00000E+00
  3016  8.14583E-36
  3017  1.74588E-35
  3018  2.74010E-35
  3019  3.74346E-35
  3020  4.70217E-35
  3021  5.56244E-35
  3022  6.27048E-35
  3023  6.77250E-35
  3024  7.01472E-35
  3025  6.94335E-35
  3026  6.50460E-35
  3027  5.64467E-35
  3028  4.30979E-35
  3029  2.44616E-35
  3030  0.00000E+00
  3031 -3.08249E-35
  3032 -6.85508E-35
  3033 -1.13716E-34
  3034 -1.66858E-34
  3035 -2.28514E-34
  3036 -2.99223E-34
  3037 -3.79523E-34
  3038 -4.69951E-34
  3039 -5.71046E-34
  3040 -6.83344E-34
  3041 -8.07385E-34
  3042 -9.43706E-34
  3043 -1.09284E-33
  3044 -1.25534E-33
  3045 -1.43173E-33
