    45  0.00000E+00
    46  7.17994E-35
    47  3.14579E-34
    48  6.86515E-34
    49  1.14578E-33
    50  1.65056E-33
    51  2.15902E-33
    52  2.62934E-33
    53  3.01970E-33
    54  3.28827E-33
    55  3.39322E-33
    56  3.29275E-33
    57  2.94501E-33
    58  2.30819E-33
    59  1.34046E-33
    60  0.00000E+00
    61 -1.72738E-33
    62 -3.74531E-33
    63 -5.92981E-33
    64 -8.15686E-33
    65 -1.03025E-32
    66 -1.22427E-32
    67 -1.38534E-32
    68 -1.50107E-32
    69 -1.55906E-32
    70 -1.54691E-32
    71 -1.45221E-32
    72 -1.26257E-32
    73 -9.65589E-33
    74 -5.48866E-33
    75  0.00000E+00
    76  6.83771E-33
    77  1.46667E-32
    78  2.30327E-32
    79  3.14817E-32
    80  3.95594E-32
    81  4.68116E-32
    82  5.27843E-32
    83  5.70232E-32
    84  5.90742E-32
    85  5.84831E-32
    86  5.47957E-32
    87  4.75578E-32
    88  3.63154E-32
    89  2.06142E-32
    90  0.00000E+00
    91 -2.56235E-32
    92 -5.49214E-32
    93 -8.62011E-32
    94 -1.17770E-31
    95 -1.47935E-31
    96 -1.75004E-31
    97 -1.97284E-31
    98 -2.13082E-31
    99 -2.20706E-31
   100 -2.18463E-31
   101 -2.04661E-31
   102 -1.77606E-31
   103 -1.35606E-31
   104 -7.69680E-32
   105  0.00000E+00
   106  9.56562E-32
   107  2.05019E-31
   108  3.21772E-31
   109  4.39598E-31
   110  5.52181E-31
   111  6.53204E-31
   112  7.36351E-31
   113  7.95305E-31
   114  8.23751E-31
   115  8.15370E-31
   116  7.63847E-31
   117  6.62865E-31
   118  5.06107E-31
   119  2.87258E-31
   120  0.00000E+00
   121 -3.57001E-31
   122 -7.65154E-31
   123 -1.20089E-30
   124 -1.64062E-30
   125 -2.06079E-30
   126 -2.43781E-30
   127 -2.74812E-30
   128 -2.96814E-30
   129 -3.07430E-30
   130 -3.04302E-30
   131 -2.85073E-30
   132 -2.47385E-30
   133 -1.88882E-30
   134 -1.07206E-30
   135  0.00000E+00
   136  1.33235E-30
   137  2.85560E-30
   138  4.48177E-30
   139  6.12289E-30
   140  7.69097E-30
   141  9.09804E-30
   142  1.02561E-29
   143  1.10773E-29
   144  1.14734E-29
   145  1.13567E-29
   146  1.06391E-29
   147  9.23255E-30
   148  7.04919E-30
   149  4.00100E-30
   150  0.00000E+00
   151 -4.97240E-30
   152 -1.06572E-29
   153 -1.67262E-29
   154 -2.28509E-29
   155 -2.87031E-29
   156 -3.39544E-29
   157 -3.82764E-29
   158 -4.13409E-29
   159 -4.28194E-29
   160 -4.23838E-29
   161 -3.97055E-29
   162 -3.44563E-29
   163 -2.63079E-29
   164 -1.49319E-29
   165  0.00000E+00
   166  1.85572E-29
   167  3.97734E-29
   168  6.24230E-29
   169  8.52808E-29
   170  1.07121E-28
   171  1.26719E-28
   172  1.42849E-28
   173  1.54286E-28
   174  1.59804E-28
   175  1.58178E-28
   176  1.48183E-28
   177  1.28593E-28
   178  9.81825E-29
   179  5.57267E-29
   180  0.00000E+00
   181 -6.92565E-29
   182 -1.48436E-28
   183 -2.32966E-28
   184 -3.18272E-28
   185 -3.99782E-28
   186 -4.72923E-28
   187 -5.33121E-28
   188 -5.75804E-28
   189 -5.96398E-28
   190 -5.90330E-28
   191 -5.53026E-28
   192 -4.79915E-28
   193 -3.66422E-28
   194 -2.07975E-28
   195  0.00000E+00
   196  2.58469E-28
   197  5.53971E-28
   198  8.69440E-28
   199  1.18781E-27
   200  1.49201E-27
   201  1.76497E-27
   202  1.98964E-27
   203  2.14893E-27
   204  2.22579E-27
   205  2.20314E-27
   206  2.06392E-27
   207  1.79107E-27
   208  1.36751E-27
   209  7.76173E-28
   210  0.00000E+00
   211 -9.64619E-28
   212 -2.06745E-27
   213 -3.24479E-27
   214 -4.43296E-27
   215 -5.56825E-27
   216 -6.58697E-27
   217 -7.42542E-27
   218 -8.01992E-27
   219 -8.30675E-27
   220 -8.22223E-27
   221 -7.70266E-27
   222 -6.68435E-27
   223 -5.10360E-27
   224 -2.89672E-27
   225  0.00000E+00
   226  3.60001E-27
   227  7.71583E-27
   228  1.21097E-26
   229  1.65440E-26
   230  2.07810E-26
   231  2.45829E-26
   232  2.77121E-26
   233  2.99307E-26
   234  3.10012E-26
   235  3.06858E-26
   236  2.87467E-26
   237  2.49463E-26
   238  1.90469E-26
   239  1.08107E-26
   240  0.00000E+00
   241 -1.34354E-26
   242 -2.87959E-26
   243 -4.51942E-26
   244 -6.17432E-26
   245 -7.75557E-26
   246 -9.17447E-26
   247 -1.03423E-25
   248 -1.11703E-25
   249 -1.15698E-25
   250 -1.14521E-25
   251 -1.07284E-25
   252 -9.31010E-26
   253 -7.10840E-26
   254 -4.03460E-26
   255  0.00000E+00
   256  5.01416E-26
   257  1.07468E-25
   258  1.68667E-25
   259  2.30429E-25
   260  2.89442E-25
   261  3.42396E-25
   262  3.85979E-25
   263  4.16881E-25
   264  4.31791E-25
   265  4.27398E-25
   266  4.00390E-25
   267  3.47458E-25
   268  2.65289E-25
   269  1.50574E-25
   270  0.00000E+00
   271 -1.87131E-25
   272 -4.01075E-25
   273 -6.29473E-25
   274 -8.59972E-25
   275 -1.08021E-24
   276 -1.27784E-24
   277 -1.44049E-24
   278 -1.55582E-24
   279 -1.61147E-24
   280 -1.59507E-24
   281 -1.49428E-24
   282 -1.29673E-24
   283 -9.90072E-25
   284 -5.61948E-25
   285  0.00000E+00
   286  6.98383E-25
   287  1.49683E-24
   288  2.34923E-24
   289  3.20946E-24
   290  4.03141E-24
   291  4.76896E-24
   292  5.37600E-24
   293  5.80641E-24
   294  6.01408E-24
   295  5.95288E-24
   296  5.57672E-24
   297  4.83946E-24
   298  3.69500E-24
   299  2.09722E-24
   300  0.00000E+00
   301 -2.60640E-24
   302 -5.58625E-24
   303 -8.76744E-24
   304 -1.19779E-23
   305 -1.50454E-23
   306 -1.77980E-23
   307 -2.00635E-23
   308 -2.16698E-23
   309 -2.24448E-23
   310 -2.22165E-23
   311 -2.08126E-23
   312 -1.80611E-23
   313 -1.37899E-23
   314 -7.82693E-24
   315  0.00000E+00
   316  9.72722E-24
   317  2.08482E-23
   318  3.27205E-23
   319  4.47020E-23
   320  5.61502E-23
   321  6.64230E-23
   322  7.48780E-23
   323  8.08728E-23
   324  8.37653E-23
   325  8.29130E-23
   326  7.76737E-23
   327  6.74050E-23
   328  5.14647E-23
   329  2.92105E-23
   330  0.00000E+00
   331 -3.63025E-23
   332 -7.78064E-23
   333 -1.22115E-22
   334 -1.66830E-22
   335 -2.09556E-22
   336 -2.47894E-22
   337 -2.79448E-22
   338 -3.01822E-22
   339 -3.12616E-22
   340 -3.09435E-22
   341 -2.89882E-22
   342 -2.51559E-22
   343 -1.92069E-22
   344 -1.09015E-22
   345  0.00000E+00
   346  1.35483E-22
   347  2.90377E-22
   348  4.55738E-22
   349  6.22618E-22
   350  7.82072E-22
   351  9.25153E-22
   352  1.04292E-21
   353  1.12641E-21
   354  1.16670E-21
   355  1.15483E-21
   356  1.08185E-21
   357  9.38831E-22
   358  7.16811E-22
   359  4.06850E-22
   360  0.00000E+00
   361 -5.05628E-22
   362 -1.08370E-21
   363 -1.70084E-21
   364 -2.32364E-21
   365 -2.91873E-21
   366 -3.45272E-21
   367 -3.89221E-21
   368 -4.20383E-21
   369 -4.35418E-21
   370 -4.30988E-21
   371 -4.03754E-21
   372 -3.50376E-21
   373 -2.67517E-21
   374 -1.51838E-21
   375  0.00000E+00
   376  1.88703E-21
   377  4.04443E-21
   378  6.34761E-21
   379  8.67195E-21
   380  1.08929E-20
   381  1.28857E-20
   382  1.45259E-20
   383  1.56889E-20
   384  1.62500E-20
   385  1.60847E-20
   386  1.50683E-20
   387  1.30762E-20
   388  9.98389E-21
   389  5.66668E-21
   390  0.00000E+00
   391 -7.04249E-21
   392 -1.50940E-20
   393 -2.36896E-20
   394 -3.23642E-20
   395 -4.06527E-20
   396 -4.80902E-20
   397 -5.42115E-20
   398 -5.85518E-20
   399 -6.06459E-20
   400 -6.00289E-20
   401 -5.62356E-20
   402 -4.88011E-20
   403 -3.72604E-20
   404 -2.11483E-20
   405  0.00000E+00
   406  2.62829E-20
   407  5.63317E-20
   408  8.84108E-20
   409  1.20785E-19
   410  1.51718E-19
   411  1.79475E-19
   412  2.02320E-19
   413  2.18518E-19
   414  2.26334E-19
   415  2.24031E-19
   416  2.09874E-19
   417  1.82128E-19
   418  1.39058E-19
   419  7.89267E-20
   420  0.00000E+00
   421 -9.80893E-20
   422 -2.10233E-19
   423 -3.29954E-19
   424 -4.50775E-19
   425 -5.66219E-19
   426 -6.69810E-19
   427 -7.55069E-19
   428 -8.15522E-19
   429 -8.44689E-19
   430 -8.36094E-19
   431 -7.83261E-19
   432 -6.79712E-19
   433 -5.18970E-19
   434 -2.94558E-19
   435  0.00000E+00
   436  3.66074E-19
   437  7.84600E-19
   438  1.23140E-18
   439  1.68231E-18
   440  2.11316E-18
   441  2.49976E-18
   442  2.81796E-18
   443  3.04357E-18
   444  3.15242E-18
   445  3.12035E-18
   446  2.92317E-18
   447  2.53672E-18
   448  1.93682E-18
   449  1.09931E-18
   450  0.00000E+00
   451 -1.36621E-18
   452 -2.92817E-18
   453 -4.59566E-18
   454 -6.27848E-18
   455 -7.88641E-18
   456 -9.32924E-18
   457 -1.05168E-17
   458 -1.13588E-17
   459 -1.17650E-17
   460 -1.16453E-17
   461 -1.09094E-17
   462 -9.46717E-18
   463 -7.22832E-18
   464 -4.10267E-18
   465  0.00000E+00
   466  5.09875E-18
   467  1.09281E-17
   468  1.71512E-17
   469  2.34316E-17
   470  2.94325E-17
   471  3.48172E-17
   472  3.92491E-17
   473  4.23914E-17
   474  4.39076E-17
   475  4.34608E-17
   476  4.07145E-17
   477  3.53319E-17
   478  2.69765E-17
   479  1.53114E-17
   480  0.00000E+00
   481 -1.90288E-17
   482 -4.07841E-17
   483 -6.40093E-17
   484 -8.74480E-17
   485 -1.09844E-16
   486 -1.29940E-16
   487 -1.46480E-16
   488 -1.58207E-16
   489 -1.63865E-16
   490 -1.62198E-16
   491 -1.51949E-16
   492 -1.31861E-16
   493 -1.00678E-16
   494 -5.71428E-17
   495  0.00000E+00
   496  7.10165E-17
   497  1.52208E-16
   498  2.38886E-16
   499  3.26360E-16
   500  4.09942E-16
   501  4.84941E-16
   502  5.46669E-16
   503  5.90436E-16
   504  6.11553E-16
   505  6.05331E-16
   506  5.67080E-16
   507  4.92111E-16
   508  3.75734E-16
   509  2.13260E-16
   510  0.00000E+00
   511 -2.65037E-16
   512 -5.68049E-16
   513 -8.91534E-16
   514 -1.21799E-15
   515 -1.52992E-15
   516 -1.80983E-15
   517 -2.04020E-15
   518 -2.20354E-15
   519 -2.28235E-15
   520 -2.25913E-15
   521 -2.11637E-15
   522 -1.83658E-15
   523 -1.40226E-15
   524 -7.95897E-16
   525  0.00000E+00
   526  9.89132E-16
   527  2.11999E-15
   528  3.32725E-15
   529  4.54561E-15
   530  5.70975E-15
   531  6.75436E-15
   532  7.61412E-15
   533  8.22372E-15
   534  8.51784E-15
   535  8.43117E-15
   536  7.89841E-15
   537  6.85422E-15
   538  5.23329E-15
   539  2.97033E-15
   540  0.00000E+00
   541 -3.69149E-15
   542 -7.91190E-15
   543 -1.24175E-14
   544 -1.69645E-14
   545 -2.13091E-14
   546 -2.52076E-14
   547 -2.84163E-14
   548 -3.06913E-14
   549 -3.17890E-14
   550 -3.14656E-14
   551 -2.94772E-14
   552 -2.55803E-14
   553 -1.95309E-14
   554 -1.10854E-14
   555  0.00000E+00
   556  1.37768E-14
   557  2.95276E-14
   558  4.63426E-14
   559  6.33122E-14
   560  7.95266E-14
   561  9.40761E-14
   562  1.06051E-13
   563  1.14542E-13
   564  1.18638E-13
   565  1.17431E-13
   566  1.10011E-13
   567  9.54669E-14
   568  7.28904E-14
   569  4.13713E-14
   570  0.00000E+00
   571 -5.14158E-14
   572 -1.10199E-13
   573 -1.72953E-13
   574 -2.36284E-13
   575 -2.96797E-13
   576 -3.51097E-13
   577 -3.95788E-13
   578 -4.27475E-13
   579 -4.42764E-13
   580 -4.38259E-13
   581 -4.10565E-13
   582 -3.56287E-13
   583 -2.72031E-13
   584 -1.54400E-13
   585  0.00000E+00
   586  1.91886E-13
   587  4.11267E-13
   588  6.45470E-13
   589  8.81825E-13
   590  1.10766E-12
   591  1.31031E-12
   592  1.47710E-12
   593  1.59536E-12
   594  1.65242E-12
   595  1.63560E-12
   596  1.53225E-12
   597  1.32968E-12
   598  1.01523E-12
   599  5.76228E-13
   600  0.00000E+00
   601 -7.16130E-13
   602 -1.53487E-12
   603 -2.40893E-12
   604 -3.29102E-12
   605 -4.13385E-12
   606 -4.89015E-12
   607 -5.51261E-12
   608 -5.95396E-12
   609 -6.16690E-12
   610 -6.10416E-12
   611 -5.71843E-12
   612 -4.96244E-12
   613 -3.78890E-12
   614 -2.15051E-12
   615  0.00000E+00
   616  2.67263E-12
   617  5.72821E-12
   618  8.99023E-12
   619  1.22822E-11
   620  1.54277E-11
   621  1.82503E-11
   622  2.05733E-11
   623  2.22205E-11
   624  2.30152E-11
   625  2.27810E-11
   626  2.13415E-11
   627  1.85201E-11
   628  1.41404E-11
   629  8.02582E-12
   630  0.00000E+00
   631 -9.97441E-12
   632 -2.13780E-11
   633 -3.35520E-11
   634 -4.58379E-11
   635 -5.75771E-11
   636 -6.81110E-11
   637 -7.67808E-11
   638 -8.29280E-11
   639 -8.58939E-11
   640 -8.50200E-11
   641 -7.96475E-11
   642 -6.91179E-11
   643 -5.27725E-11
   644 -2.99528E-11
   645  0.00000E+00
   646  3.72250E-11
   647  7.97836E-11
   648  1.25218E-10
   649  1.71070E-10
   650  2.14881E-10
   651  2.54194E-10
   652  2.86550E-10
   653  3.09491E-10
   654  3.20560E-10
   655  3.17299E-10
   656  2.97249E-10
   657  2.57952E-10
   658  1.96950E-10
   659  1.11785E-10
   660  0.00000E+00
   661 -1.38926E-10
   662 -2.97756E-10
   663 -4.67319E-10
   664 -6.38440E-10
   665 -8.01946E-10
   666 -9.48663E-10
   667 -1.06942E-09
   668 -1.15504E-09
   669 -1.19635E-09
   670 -1.18418E-09
   671 -1.10935E-09
   672 -9.62688E-10
   673 -7.35026E-10
   674 -4.17188E-10
   675  0.00000E+00
   676  5.18477E-10
   677  1.11124E-09
   678  1.74406E-09
   679  2.38269E-09
   680  2.99290E-09
   681  3.54046E-09
   682  3.99112E-09
   683  4.31066E-09
   684  4.46483E-09
   685  4.41940E-09
   686  4.14014E-09
   687  3.59280E-09
   688  2.74316E-09
   689  1.55697E-09
   690  0.00000E+00
   691 -1.93498E-09
   692 -4.14721E-09
   693 -6.50892E-09
   694 -8.89233E-09
   695 -1.11697E-08
   696 -1.32132E-08
   697 -1.48951E-08
   698 -1.60876E-08
   699 -1.66630E-08
   700 -1.64934E-08
   701 -1.54512E-08
   702 -1.34085E-08
   703 -1.02376E-08
   704 -5.81068E-09
   705  0.00000E+00
   706  7.24895E-09
   707  1.56975E-08
   708  2.50338E-08
   709  3.49458E-08
   710  4.51218E-08
   711  5.52496E-08
   712  6.50175E-08
   713  7.41135E-08
   714  8.22257E-08
   715  8.90422E-08
   716  9.42510E-08
   717  9.75403E-08
   718  9.85981E-08
   719  9.71125E-08
   720  9.27716E-08
   721  8.53800E-08
   722  7.52089E-08
   723  6.26460E-08
   724  4.80790E-08
   725  3.18955E-08
   726  1.44833E-08
   727 -3.76994E-09
   728 -2.24765E-08
   729 -4.12487E-08
   730 -5.96988E-08
   731 -7.74391E-08
   732 -9.40819E-08
   733 -1.09240E-07
   734 -1.22524E-07
   735 -1.33548E-07
   736 -1.42014E-07
   737 -1.47979E-07
   738 -1.51593E-07
   739 -1.53003E-07
   740 -1.52359E-07
   741 -1.49808E-07
   742 -1.45499E-07
   743 -1.39580E-07
   744 -1.32200E-07
   745 -1.23507E-07
   746 -1.13649E-07
   747 -1.02775E-07
   748 -9.10325E-08
   749 -7.85707E-08
   750 -6.55376E-08
   751 -5.20785E-08
   752 -3.83267E-08
   753 -2.44124E-08
   754 -1.04656E-08
   755  3.38334E-09
   756  1.70043E-08
   757  3.02672E-08
   758  4.30419E-08
   759  5.51980E-08
   760  6.66055E-08
   761  7.71342E-08
   762  8.66540E-08
   763  9.50346E-08
   764  1.02146E-07
   765  1.07858E-07
   766  1.12078E-07
   767  1.14863E-07
   768  1.16311E-07
   769  1.16515E-07
   770  1.15573E-07
   771  1.13579E-07
   772  1.10630E-07
   773  1.06820E-07
   774  1.02246E-07
   775  9.70030E-08
   776  9.11868E-08
   777  8.48931E-08
   778  7.82174E-08
   779  7.12555E-08
   780  6.41030E-08
   781  5.68477E-08
   782  4.95460E-08
   783  4.22465E-08
   784  3.49979E-08
   785  2.78487E-08
   786  2.08475E-08
   787  1.40430E-08
   788  7.48368E-09
   789  1.21823E-09
   790 -4.70478E-09
   791 -1.02368E-08
   792 -1.53291E-08
   793 -1.99332E-08
   794 -2.40004E-08
   795 -2.74822E-08
   796 -3.03412E-08
   797 -3.25846E-08
   798 -3.42309E-08
   799 -3.52987E-08
   800 -3.58064E-08
   801 -3.57724E-08
   802 -3.52154E-08
   803 -3.41538E-08
   804 -3.26060E-08
   805 -3.05907E-08
   806 -2.81261E-08
   807 -2.52310E-08
   808 -2.19236E-08
   809 -1.82226E-08
   810 -1.41464E-08
   811 -9.72571E-09
   812 -5.03990E-09
   813 -1.80579E-10
   814  4.76067E-09
   815  9.69226E-09
   816  1.45226E-08
   817  1.91601E-08
   818  2.35132E-08
   819  2.74903E-08
   820  3.09997E-08
   821  3.39500E-08
   822  3.62495E-08
   823  3.78067E-08
   824  3.85299E-08
   825  3.83275E-08
   826  3.71305E-08
   827  3.49591E-08
   828  3.18562E-08
   829  2.78647E-08
   830  2.30273E-08
   831  1.73869E-08
   832  1.09863E-08
   833  3.86825E-09
   834 -3.92432E-09
   835 -1.23487E-08
   836 -2.13619E-08
   837 -3.09213E-08
   838 -4.09839E-08
   839 -5.15071E-08
   840 -6.24478E-08
   841 -7.37432E-08
   842 -8.52494E-08
   843 -9.68022E-08
   844 -1.08238E-07
   845 -1.19392E-07
   846 -1.30100E-07
   847 -1.40199E-07
   848 -1.49524E-07
   849 -1.57912E-07
   850 -1.65197E-07
   851 -1.71217E-07
   852 -1.75807E-07
   853 -1.78803E-07
   854 -1.80041E-07
   855 -1.79356E-07
   856 -1.76637E-07
   857 -1.71978E-07
   858 -1.65525E-07
   859 -1.57423E-07
   860 -1.47820E-07
   861 -1.36860E-07
   862 -1.24690E-07
   863 -1.11456E-07
   864 -9.73041E-08
   865 -8.23801E-08
   866 -6.68301E-08
   867 -5.08002E-08
   868 -3.44364E-08
   869 -1.78846E-08
   870 -1.29092E-09
   871  1.52111E-08
   872  3.15379E-08
   873  4.76183E-08
   874  6.33813E-08
   875  7.87558E-08
   876  9.36706E-08
   877  1.08055E-07
   878  1.21837E-07
   879  1.34946E-07
   880  1.47311E-07
   881  1.58862E-07
   882  1.69525E-07
   883  1.79232E-07
   884  1.87910E-07
   885  1.95488E-07
   886  2.01867E-07
   887  2.06825E-07
   888  2.10115E-07
   889  2.11488E-07
   890  2.10694E-07
   891  2.07485E-07
   892  2.01612E-07
   893  1.92826E-07
   894  1.80877E-07
   895  1.65517E-07
   896  1.46498E-07
   897  1.23569E-07
   898  9.64832E-08
   899  6.49902E-08
   900  2.88415E-08
   901 -1.20654E-08
   902 -5.72473E-08
   903 -1.06075E-07
   904 -1.57918E-07
   905 -2.12147E-07
   906 -2.68134E-07
   907 -3.25247E-07
   908 -3.82858E-07
   909 -4.40337E-07
   910 -4.97054E-07
   911 -5.52380E-07
   912 -6.05685E-07
   913 -6.56339E-07
   914 -7.03714E-07
   915 -7.47179E-07
   916 -7.86233E-07
   917 -8.20885E-07
   918 -8.51272E-07
   919 -8.77531E-07
   920 -8.99799E-07
   921 -9.18214E-07
   922 -9.32912E-07
   923 -9.44030E-07
   924 -9.51706E-07
   925 -9.56077E-07
   926 -9.57280E-07
   927 -9.55452E-07
   928 -9.50729E-07
   929 -9.43250E-07
   930 -9.33151E-07
   931 -9.20511E-07
   932 -9.05179E-07
   933 -8.86943E-07
   934 -8.65594E-07
   935 -8.40922E-07
   936 -8.12715E-07
   937 -7.80765E-07
   938 -7.44860E-07
   939 -7.04790E-07
   940 -6.60346E-07
   941 -6.11317E-07
   942 -5.57493E-07
   943 -4.98664E-07
   944 -4.34618E-07
   945 -3.65147E-07
   946 -2.90097E-07
   947 -2.09544E-07
   948 -1.23621E-07
   949 -3.24597E-08
   950  6.38058E-08
   951  1.65043E-07
   952  2.71119E-07
   953  3.81901E-07
   954  4.97256E-07
   955  6.17051E-07
   956  7.41153E-07
   957  8.69429E-07
   958  1.00175E-06
   959  1.13797E-06
   960  1.27798E-06
   961  1.42153E-06
   962  1.56801E-06
   963  1.71673E-06
   964  1.86698E-06
   965  2.01804E-06
   966  2.16922E-06
   967  2.31981E-06
   968  2.46910E-06
   969  2.61639E-06
   970  2.76097E-06
   971  2.90213E-06
   972  3.03918E-06
   973  3.17140E-06
   974  3.29810E-06
   975  3.41855E-06
   976  3.53227E-06
   977  3.63957E-06
   978  3.74098E-06
   979  3.83703E-06
   980  3.92823E-06
   981  4.01512E-06
   982  4.09822E-06
   983  4.17805E-06
   984  4.25515E-06
   985  4.33003E-06
   986  4.40322E-06
   987  4.47524E-06
   988  4.54663E-06
   989  4.61791E-06
   990  4.68959E-06
   991  4.76141E-06
   992  4.82988E-06
   993  4.89068E-06
   994  4.93953E-06
   995  4.97213E-06
   996  4.98419E-06
   997  4.97139E-06
   998  4.92946E-06
   999  4.85409E-06
  1000  4.74098E-06
  1001  4.58584E-06
  1002  4.38437E-06
  1003  4.13227E-06
  1004  3.82525E-06
  1005  3.45900E-06
  1006  3.03004E-06
  1007  2.53801E-06
  1008  1.98337E-06
  1009  1.36658E-06
  1010  6.88105E-07
  1011 -5.16121E-08
  1012 -8.52111E-07
  1013 -1.71294E-06
  1014 -2.63363E-06
  1015 -3.61374E-06
  1016 -4.65280E-06
  1017 -5.75037E-06
  1018 -6.90598E-06
  1019 -8.11918E-06
  1020 -9.38952E-06
  1021 -1.07150E-05
  1022 -1.20879E-05
  1023 -1.34987E-05
  1024 -1.49381E-05
  1025 -1.63967E-05
  1026 -1.78652E-05
  1027 -1.93342E-05
  1028 -2.07944E-05
  1029 -2.22363E-05
  1030 -2.36507E-05
  1031 -2.50282E-05
  1032 -2.63593E-05
  1033 -2.76348E-05
  1034 -2.88453E-05
  1035 -2.99814E-05
  1036 -3.10354E-05
  1037 -3.20056E-05
  1038 -3.28921E-05
  1039 -3.36948E-05
  1040 -3.44138E-05
  1041 -3.50491E-05
  1042 -3.56007E-05
  1043 -3.60686E-05
  1044 -3.64528E-05
  1045 -3.67532E-05
  1046 -3.69700E-05
  1047 -3.71030E-05
  1048 -3.71524E-05
  1049 -3.71180E-05
  1050 -3.70000E-05
  1051 -3.67958E-05
  1052 -3.64928E-05
  1053 -3.60762E-05
  1054 -3.55309E-05
  1055 -3.48420E-05
  1056 -3.39943E-05
  1057 -3.29729E-05
  1058 -3.17629E-05
  1059 -3.03492E-05
  1060 -2.87168E-05
  1061 -2.68507E-05
  1062 -2.47359E-05
  1063 -2.23574E-05
  1064 -1.97002E-05
  1065 -1.67494E-05
  1066 -1.34922E-05
  1067 -9.92562E-06
  1068 -6.04880E-06
  1069 -1.86100E-06
  1070  2.63855E-06
  1071  7.45060E-06
  1072  1.25759E-05
  1073  1.80153E-05
  1074  2.37695E-05
  1075  2.98392E-05
  1076  3.62253E-05
  1077  4.29284E-05
  1078  4.99494E-05
  1079  5.72891E-05
  1080  6.49481E-05
  1081  7.29183E-05
  1082  8.11556E-05
  1083  8.96069E-05
  1084  9.82192E-05
  1085  1.06939E-04
  1086  1.15714E-04
  1087  1.24491E-04
  1088  1.33216E-04
  1089  1.41837E-04
  1090  1.50300E-04
  1091  1.58553E-04
  1092  1.66542E-04
  1093  1.74214E-04
  1094  1.81516E-04
  1095  1.88396E-04
  1096  1.94810E-04
  1097  2.00755E-04
  1098  2.06239E-04
  1099  2.11270E-04
  1100  2.15854E-04
  1101  2.20000E-04
  1102  2.23715E-04
  1103  2.27006E-04
  1104  2.29881E-04
  1105  2.32347E-04
  1106  2.34411E-04
  1107  2.36082E-04
  1108  2.37366E-04
  1109  2.38271E-04
  1110  2.38805E-04
  1111  2.38956E-04
  1112  2.38635E-04
  1113  2.37734E-04
  1114  2.36145E-04
  1115  2.33762E-04
  1116  2.30475E-04
  1117  2.26177E-04
  1118  2.20760E-04
  1119  2.14117E-04
  1120  2.06140E-04
  1121  1.96720E-04
  1122  1.85751E-04
  1123  1.73123E-04
  1124  1.58730E-04
  1125  1.42463E-04
  1126  1.24209E-04
  1127  1.03824E-04
  1128  8.11595E-05
  1129  5.60673E-05
  1130  2.83981E-05
  1131 -1.99715E-06
  1132 -3.52673E-05
  1133 -7.15612E-05
  1134 -1.11028E-04
  1135 -1.53816E-04
  1136 -2.00075E-04
  1137 -2.49954E-04
  1138 -3.03601E-04
  1139 -3.61166E-04
  1140 -4.22797E-04
  1141 -4.88502E-04
  1142 -5.57726E-04
  1143 -6.29770E-04
  1144 -7.03937E-04
  1145 -7.79531E-04
  1146 -8.55854E-04
  1147 -9.32208E-04
  1148 -1.00790E-03
  1149 -1.08222E-03
  1150 -1.15449E-03
  1151 -1.22400E-03
  1152 -1.29005E-03
  1153 -1.35195E-03
  1154 -1.40900E-03
  1155 -1.46050E-03
  1156 -1.50596E-03
  1157 -1.54567E-03
  1158 -1.58011E-03
  1159 -1.60978E-03
  1160 -1.63516E-03
  1161 -1.65676E-03
  1162 -1.67505E-03
  1163 -1.69053E-03
  1164 -1.70369E-03
  1165 -1.71502E-03
  1166 -1.72501E-03
  1167 -1.73415E-03
  1168 -1.74293E-03
  1169 -1.75184E-03
  1170 -1.76138E-03
  1171 -1.77170E-03
  1172 -1.78168E-03
  1173 -1.78988E-03
  1174 -1.79485E-03
  1175 -1.79512E-03
  1176 -1.78927E-03
  1177 -1.77583E-03
  1178 -1.75336E-03
  1179 -1.72041E-03
  1180 -1.67554E-03
  1181 -1.61728E-03
  1182 -1.54419E-03
  1183 -1.45483E-03
  1184 -1.34774E-03
  1185 -1.22148E-03
  1186 -1.07482E-03
  1187 -9.07439E-04
  1188 -7.19250E-04
  1189 -5.10156E-04
  1190 -2.80065E-04
  1191 -2.88821E-05
  1192  2.43485E-04
  1193  5.37131E-04
  1194  8.52148E-04
  1195  1.18863E-03
  1196  1.54667E-03
  1197  1.92636E-03
  1198  2.32780E-03
  1199  2.75108E-03
  1200  3.19629E-03
  1201  3.66315E-03
  1202  4.14987E-03
  1203  4.65429E-03
  1204  5.17425E-03
  1205  5.70759E-03
  1206  6.25214E-03
  1207  6.80574E-03
  1208  7.36623E-03
  1209  7.93144E-03
  1210  8.49922E-03
  1211  9.06740E-03
  1212  9.63381E-03
  1213  1.01963E-02
  1214  1.07527E-02
  1215  1.13009E-02
  1216  1.18389E-02
  1217  1.23659E-02
  1218  1.28812E-02
  1219  1.33844E-02
  1220  1.38747E-02
  1221  1.43516E-02
  1222  1.48144E-02
  1223  1.52627E-02
  1224  1.56956E-02
  1225  1.61128E-02
  1226  1.65135E-02
  1227  1.68971E-02
  1228  1.72631E-02
  1229  1.76108E-02
  1230  1.79397E-02
  1231  1.82491E-02
  1232  1.85384E-02
  1233  1.88069E-02
  1234  1.90540E-02
  1235  1.92789E-02
  1236  1.94812E-02
  1237  1.96600E-02
  1238  1.98147E-02
  1239  1.99447E-02
  1240  2.00494E-02
  1241  2.01280E-02
  1242  2.01799E-02
  1243  2.02044E-02
  1244  2.02010E-02
  1245  2.01689E-02
  1246  2.01075E-02
  1247  2.00168E-02
  1248  1.98967E-02
  1249  1.97473E-02
  1250  1.95683E-02
  1251  1.93600E-02
  1252  1.91221E-02
  1253  1.88548E-02
  1254  1.85579E-02
  1255  1.82315E-02
  1256  1.78754E-02
  1257  1.74898E-02
  1258  1.70745E-02
  1259  1.66296E-02
  1260  1.61550E-02
  1261  1.56511E-02
  1262  1.51206E-02
  1263  1.45664E-02
  1264  1.39915E-02
  1265  1.33989E-02
  1266  1.27916E-02
  1267  1.21726E-02
  1268  1.15450E-02
  1269  1.09117E-02
  1270  1.02758E-02
  1271  9.64027E-03
  1272  9.00809E-03
  1273  8.38228E-03
  1274  7.76585E-03
  1275  7.16181E-03
  1276  6.57275E-03
  1277  5.99955E-03
  1278  5.44266E-03
  1279  4.90254E-03
  1280  4.37967E-03
  1281  3.87449E-03
  1282  3.38746E-03
  1283  2.91906E-03
  1284  2.46973E-03
  1285  2.03993E-03
  1286  1.63013E-03
  1287  1.24078E-03
  1288  8.72352E-04
  1289  5.25296E-04
  1290  2.00073E-04
  1291 -1.03062E-04
  1292 -3.84690E-04
  1293 -6.45597E-04
  1294 -8.86569E-04
  1295 -1.10839E-03
  1296 -1.31185E-03
  1297 -1.49774E-03
  1298 -1.66684E-03
  1299 -1.81993E-03
  1300 -1.95781E-03
  1301 -2.08126E-03
  1302 -2.19106E-03
  1303 -2.28801E-03
  1304 -2.37289E-03
  1305 -2.44649E-03
  1306 -2.50948E-03
  1307 -2.56216E-03
  1308 -2.60469E-03
  1309 -2.63727E-03
  1310 -2.66005E-03
  1311 -2.67324E-03
  1312 -2.67699E-03
  1313 -2.67150E-03
  1314 -2.65693E-03
  1315 -2.63347E-03
  1316 -2.60130E-03
  1317 -2.56059E-03
  1318 -2.51152E-03
  1319 -2.45427E-03
  1320 -2.38902E-03
  1321 -2.31606E-03
  1322 -2.23609E-03
  1323 -2.14994E-03
  1324 -2.05843E-03
  1325 -1.96237E-03
  1326 -1.86260E-03
  1327 -1.75992E-03
  1328 -1.65516E-03
  1329 -1.54914E-03
  1330 -1.44269E-03
  1331 -1.33661E-03
  1332 -1.23173E-03
  1333 -1.12888E-03
  1334 -1.02887E-03
  1335 -9.32516E-04
  1336 -8.40496E-04
  1337 -7.52869E-04
  1338 -6.69545E-04
  1339 -5.90433E-04
  1340 -5.15443E-04
  1341 -4.44486E-04
  1342 -3.77472E-04
  1343 -3.14311E-04
  1344 -2.54912E-04
  1345 -1.99185E-04
  1346 -1.47041E-04
  1347 -9.83904E-05
  1348 -5.31420E-05
  1349 -1.12062E-05
  1350  2.75068E-05
  1351  6.30947E-05
  1352  9.56851E-05
  1353  1.25413E-04
  1354  1.52414E-04
  1355  1.76824E-04
  1356  1.98777E-04
  1357  2.18408E-04
  1358  2.35853E-04
  1359  2.51248E-04
  1360  2.64726E-04
  1361  2.76425E-04
  1362  2.86478E-04
  1363  2.95021E-04
  1364  3.02189E-04
  1365  3.08118E-04
  1366  3.12925E-04
  1367  3.16660E-04
  1368  3.19353E-04
  1369  3.21036E-04
  1370  3.21741E-04
  1371  3.21499E-04
  1372  3.20341E-04
  1373  3.18300E-04
  1374  3.15406E-04
  1375  3.11691E-04
  1376  3.07187E-04
  1377  3.01924E-04
  1378  2.95936E-04
  1379  2.89252E-04
  1380  2.81904E-04
  1381  2.73929E-04
  1382  2.65378E-04
  1383  2.56308E-04
  1384  2.46776E-04
  1385  2.36838E-04
  1386  2.26551E-04
  1387  2.15970E-04
  1388  2.05153E-04
  1389  1.94157E-04
  1390  1.83037E-04
  1391  1.71851E-04
  1392  1.60654E-04
  1393  1.49504E-04
  1394  1.38457E-04
  1395  1.27569E-04
  1396  1.16890E-04
  1397  1.06445E-04
  1398  9.62514E-05
  1399  8.63259E-05
  1400  7.66864E-05
  1401  6.73503E-05
  1402  5.83353E-05
  1403  4.96588E-05
  1404  4.13383E-05
  1405  3.33913E-05
  1406  2.58352E-05
  1407  1.86878E-05
  1408  1.19663E-05
  1409  5.68836E-06
  1410 -1.28547E-07
  1411 -5.47370E-06
  1412 -1.03635E-05
  1413 -1.48210E-05
  1414 -1.88694E-05
  1415 -2.25318E-05
  1416 -2.58315E-05
  1417 -2.87914E-05
  1418 -3.14349E-05
  1419 -3.37850E-05
  1420 -3.58648E-05
  1421 -3.76975E-05
  1422 -3.93063E-05
  1423 -4.07143E-05
  1424 -4.19446E-05
  1425 -4.30204E-05
  1426 -4.39609E-05
  1427 -4.47691E-05
  1428 -4.54443E-05
  1429 -4.59856E-05
  1430 -4.63921E-05
  1431 -4.66630E-05
  1432 -4.67976E-05
  1433 -4.67948E-05
  1434 -4.66539E-05
  1435 -4.63741E-05
  1436 -4.59545E-05
  1437 -4.53942E-05
  1438 -4.46924E-05
  1439 -4.38483E-05
  1440 -4.28610E-05
  1441 -4.17323E-05
  1442 -4.04736E-05
  1443 -3.90991E-05
  1444 -3.76229E-05
  1445 -3.60591E-05
  1446 -3.44219E-05
  1447 -3.27253E-05
  1448 -3.09835E-05
  1449 -2.92105E-05
  1450 -2.74205E-05
  1451 -2.56276E-05
  1452 -2.38459E-05
  1453 -2.20895E-05
  1454 -2.03725E-05
  1455 -1.87090E-05
  1456 -1.71105E-05
  1457 -1.55779E-05
  1458 -1.41096E-05
  1459 -1.27037E-05
  1460 -1.13587E-05
  1461 -1.00728E-05
  1462 -8.84420E-06
  1463 -7.67132E-06
  1464 -6.55240E-06
  1465 -5.48575E-06
  1466 -4.46965E-06
  1467 -3.50239E-06
  1468 -2.58227E-06
  1469 -1.70758E-06
  1470 -8.76605E-07
  1471 -8.78987E-08
  1472  6.58990E-07
  1473  1.36426E-06
  1474  2.02809E-06
  1475  2.65070E-06
  1476  3.23227E-06
  1477  3.77300E-06
  1478  4.27308E-06
  1479  4.73271E-06
  1480  5.15209E-06
  1481  5.53140E-06
  1482  5.87085E-06
  1483  6.17063E-06
  1484  6.43094E-06
  1485  6.65196E-06
  1486  6.83417E-06
  1487  6.97913E-06
  1488  7.08865E-06
  1489  7.16458E-06
  1490  7.20874E-06
  1491  7.22295E-06
  1492  7.20905E-06
  1493  7.16886E-06
  1494  7.10422E-06
  1495  7.01694E-06
  1496  6.90887E-06
  1497  6.78182E-06
  1498  6.63763E-06
  1499  6.47812E-06
  1500  6.30512E-06
  1501  6.12035E-06
  1502  5.92506E-06
  1503  5.72039E-06
  1504  5.50748E-06
  1505  5.28747E-06
  1506  5.06149E-06
  1507  4.83070E-06
  1508  4.59622E-06
  1509  4.35920E-06
  1510  4.12078E-06
  1511  3.88209E-06
  1512  3.64428E-06
  1513  3.40849E-06
  1514  3.17585E-06
  1515  2.94750E-06
  1516  2.72440E-06
  1517  2.50673E-06
  1518  2.29446E-06
  1519  2.08760E-06
  1520  1.88612E-06
  1521  1.69002E-06
  1522  1.49929E-06
  1523  1.31391E-06
  1524  1.13388E-06
  1525  9.59177E-07
  1526  7.89796E-07
  1527  6.25724E-07
  1528  4.66949E-07
  1529  3.13461E-07
  1530  1.65248E-07
  1531  2.22908E-08
  1532 -1.15456E-07
  1533 -2.48047E-07
  1534 -3.75537E-07
  1535 -4.97977E-07
  1536 -6.15423E-07
  1537 -7.27928E-07
  1538 -8.35547E-07
  1539 -9.38332E-07
  1540 -1.03634E-06
  1541 -1.12962E-06
  1542 -1.21822E-06
  1543 -1.30221E-06
  1544 -1.38164E-06
  1545 -1.45655E-06
  1546 -1.52691E-06
  1547 -1.59225E-06
  1548 -1.65201E-06
  1549 -1.70564E-06
  1550 -1.75257E-06
  1551 -1.79225E-06
  1552 -1.82411E-06
  1553 -1.84760E-06
  1554 -1.86216E-06
  1555 -1.86723E-06
  1556 -1.86224E-06
  1557 -1.84664E-06
  1558 -1.81987E-06
  1559 -1.78137E-06
  1560 -1.73058E-06
  1561 -1.66727E-06
  1562 -1.59246E-06
  1563 -1.50755E-06
  1564 -1.41388E-06
  1565 -1.31282E-06
  1566 -1.20575E-06
  1567 -1.09403E-06
  1568 -9.79029E-07
  1569 -8.62106E-07
  1570 -7.44631E-07
  1571 -6.27971E-07
  1572 -5.13493E-07
  1573 -4.02563E-07
  1574 -2.96547E-07
  1575 -1.96812E-07
  1576 -1.04429E-07
  1577 -1.92896E-08
  1578  5.90084E-08
  1579  1.30869E-07
  1580  1.96694E-07
  1581  2.56888E-07
  1582  3.11853E-07
  1583  3.61993E-07
  1584  4.07711E-07
  1585  4.49410E-07
  1586  4.87493E-07
  1587  5.22363E-07
  1588  5.54424E-07
  1589  5.84078E-07
  1590  6.11728E-07
  1591  6.37628E-07
  1592  6.61427E-07
  1593  6.82625E-07
  1594  7.00722E-07
  1595  7.15218E-07
  1596  7.25612E-07
  1597  7.31405E-07
  1598  7.32095E-07
  1599  7.27182E-07
  1600  7.16167E-07
  1601  6.98549E-07
  1602  6.73828E-07
  1603  6.41503E-07
  1604  6.01075E-07
  1605  5.52042E-07
  1606  4.94182E-07
  1607  4.28376E-07
  1608  3.55785E-07
  1609  2.77567E-07
  1610  1.94881E-07
  1611  1.08887E-07
  1612  2.07436E-08
  1613 -6.83899E-08
  1614 -1.57354E-07
  1615 -2.44990E-07
  1616 -3.30138E-07
  1617 -4.11640E-07
  1618 -4.88336E-07
  1619 -5.59067E-07
  1620 -6.22673E-07
  1621 -6.78286E-07
  1622 -7.26196E-07
  1623 -7.66982E-07
  1624 -8.01226E-07
  1625 -8.29507E-07
  1626 -8.52405E-07
  1627 -8.70502E-07
  1628 -8.84376E-07
  1629 -8.94607E-07
  1630 -9.01778E-07
  1631 -9.06466E-07
  1632 -9.09253E-07
  1633 -9.10719E-07
  1634 -9.11443E-07
  1635 -9.12007E-07
  1636 -9.12798E-07
  1637 -9.13435E-07
  1638 -9.13345E-07
  1639 -9.11957E-07
  1640 -9.08696E-07
  1641 -9.02990E-07
  1642 -8.94267E-07
  1643 -8.81952E-07
  1644 -8.65475E-07
  1645 -8.44260E-07
  1646 -8.17737E-07
  1647 -7.85331E-07
  1648 -7.46471E-07
  1649 -7.00582E-07
  1650 -6.47093E-07
  1651 -5.85741E-07
  1652 -5.17498E-07
  1653 -4.43650E-07
  1654 -3.65481E-07
  1655 -2.84274E-07
  1656 -2.01314E-07
  1657 -1.17885E-07
  1658 -3.52702E-08
  1659  4.52458E-08
  1660  1.22379E-07
  1661  1.94845E-07
  1662  2.61361E-07
  1663  3.20642E-07
  1664  3.71404E-07
  1665  4.12363E-07
  1666  4.42638E-07
  1667  4.62958E-07
  1668  4.74457E-07
  1669  4.78267E-07
  1670  4.75520E-07
  1671  4.67349E-07
  1672  4.54887E-07
  1673  4.39265E-07
  1674  4.21618E-07
  1675  4.03077E-07
  1676  3.84775E-07
  1677  3.67844E-07
  1678  3.53418E-07
  1679  3.42628E-07
  1680  3.36608E-07
  1681  3.36121E-07
  1682  3.40463E-07
  1683  3.48558E-07
  1684  3.59332E-07
  1685  3.71712E-07
  1686  3.84623E-07
  1687  3.96991E-07
  1688  4.07742E-07
  1689  4.15801E-07
  1690  4.20096E-07
  1691  4.19551E-07
  1692  4.13092E-07
  1693  3.99646E-07
  1694  3.78137E-07
  1695  3.47493E-07
  1696  3.07043E-07
  1697  2.57736E-07
  1698  2.00924E-07
  1699  1.37959E-07
  1700  7.01935E-08
  1701 -1.01909E-09
  1702 -7.43266E-08
  1703 -1.48377E-07
  1704 -2.21817E-07
  1705 -2.93294E-07
  1706 -3.61456E-07
  1707 -4.24951E-07
  1708 -4.82425E-07
  1709 -5.32527E-07
  1710 -5.73904E-07
  1711 -6.05536E-07
  1712 -6.27738E-07
  1713 -6.41158E-07
  1714 -6.46442E-07
  1715 -6.44239E-07
  1716 -6.35196E-07
  1717 -6.19961E-07
  1718 -5.99180E-07
  1719 -5.73503E-07
  1720 -5.43575E-07
  1721 -5.10045E-07
  1722 -4.73561E-07
  1723 -4.34769E-07
  1724 -3.94318E-07
  1725 -3.52854E-07
  1726 -3.11129E-07
  1727 -2.70305E-07
  1728 -2.31646E-07
  1729 -1.96419E-07
  1730 -1.65887E-07
  1731 -1.41316E-07
  1732 -1.23972E-07
  1733 -1.15119E-07
  1734 -1.16022E-07
  1735 -1.27947E-07
  1736 -1.52159E-07
  1737 -1.89923E-07
  1738 -2.42504E-07
  1739 -3.11167E-07
  1740 -3.97177E-07
  1741 -5.00768E-07
  1742 -6.18046E-07
  1743 -7.44085E-07
  1744 -8.73958E-07
  1745 -1.00274E-06
  1746 -1.12551E-06
  1747 -1.23733E-06
  1748 -1.33329E-06
  1749 -1.40845E-06
  1750 -1.45790E-06
  1751 -1.47670E-06
  1752 -1.45992E-06
  1753 -1.40266E-06
  1754 -1.29997E-06
  1755 -1.14693E-06
  1756 -9.40846E-07
  1757 -6.87958E-07
  1758 -3.96730E-07
  1759 -7.56293E-08
  1760  2.66878E-07
  1761  6.22326E-07
  1762  9.82246E-07
  1763  1.33817E-06
  1764  1.68164E-06
  1765  2.00418E-06
  1766  2.29732E-06
  1767  2.55260E-06
  1768  2.76156E-06
  1769  2.91572E-06
  1770  3.00661E-06
  1771  3.02844E-06
  1772  2.98604E-06
  1773  2.88690E-06
  1774  2.73852E-06
  1775  2.54839E-06
  1776  2.32400E-06
  1777  2.07287E-06
  1778  1.80247E-06
  1779  1.52030E-06
  1780  1.23387E-06
  1781  9.50664E-07
  1782  6.78178E-07
  1783  4.23908E-07
  1784  1.95350E-07
  1785  0.00000E+00
  1786 -1.56470E-07
  1787 -2.75678E-07
  1788 -3.61065E-07
  1789 -4.16070E-07
  1790 -4.44136E-07
  1791 -4.48701E-07
  1792 -4.33207E-07
  1793 -4.01095E-07
  1794 -3.55805E-07
  1795 -3.00777E-07
  1796 -2.39453E-07
  1797 -1.75272E-07
  1798 -1.11676E-07
  1799 -5.21053E-08
  1800  0.00000E+00
  1801  4.19261E-08
  1802  7.38678E-08
  1803  9.67470E-08
  1804  1.11486E-07
  1805  1.19006E-07
  1806  1.20229E-07
  1807  1.16078E-07
  1808  1.07473E-07
  1809  9.53376E-08
  1810  8.05930E-08
  1811  6.41612E-08
  1812  4.69641E-08
  1813  2.99236E-08
  1814  1.39616E-08
  1815  0.00000E+00
  1816 -1.12341E-08
  1817 -1.97928E-08
  1818 -2.59233E-08
  1819 -2.98725E-08
  1820 -3.18875E-08
  1821 -3.22153E-08
  1822 -3.11029E-08
  1823 -2.87973E-08
  1824 -2.55456E-08
  1825 -2.15948E-08
  1826 -1.71919E-08
  1827 -1.25840E-08
  1828 -8.01799E-09
  1829 -3.74099E-09
  1830  0.00000E+00
  1831  3.01016E-09
  1832  5.30347E-09
  1833  6.94612E-09
  1834  8.00431E-09
  1835  8.54423E-09
  1836  8.63206E-09
  1837  8.33399E-09
  1838  7.71622E-09
  1839  6.84493E-09
  1840  5.78632E-09
  1841  4.60656E-09
  1842  3.37187E-09
  1843  2.14841E-09
  1844  1.00240E-09
  1845  0.00000E+00
  1846 -8.06569E-10
  1847 -1.42106E-09
  1848 -1.86121E-09
  1849 -2.14475E-09
  1850 -2.28942E-09
  1851 -2.31295E-09
  1852 -2.23309E-09
  1853 -2.06755E-09
  1854 -1.83409E-09
  1855 -1.55044E-09
  1856 -1.23433E-09
  1857 -9.03489E-10
  1858 -5.75666E-10
  1859 -2.68591E-10
  1860  0.00000E+00
  1861  2.16120E-10
  1862  3.80772E-10
  1863  4.98709E-10
  1864  5.74684E-10
  1865  6.13448E-10
  1866  6.19754E-10
  1867  5.98354E-10
  1868  5.54000E-10
  1869  4.91444E-10
  1870  4.15439E-10
  1871  3.30736E-10
  1872  2.42089E-10
  1873  1.54249E-10
  1874  7.19688E-11
  1875  0.00000E+00
  1876 -5.79091E-11
  1877 -1.02028E-10
  1878 -1.33629E-10
  1879 -1.53986E-10
  1880 -1.64373E-10
  1881 -1.66063E-10
  1882 -1.60328E-10
  1883 -1.48444E-10
  1884 -1.31682E-10
  1885 -1.11316E-10
  1886 -8.86206E-11
  1887 -6.48676E-11
  1888 -4.13310E-11
  1889 -1.92840E-11
  1890  0.00000E+00
  1891  1.55167E-11
  1892  2.73382E-11
  1893  3.58057E-11
  1894  4.12604E-11
  1895  4.40436E-11
  1896  4.44963E-11
  1897  4.29599E-11
  1898  3.97754E-11
  1899  3.52841E-11
  1900  2.98272E-11
  1901  2.37458E-11
  1902  1.73812E-11
  1903  1.10746E-11
  1904  5.16712E-12
  1905  0.00000E+00
  1906 -4.15768E-12
  1907 -7.32524E-12
  1908 -9.59411E-12
  1909 -1.10557E-11
  1910 -1.18014E-11
  1911 -1.19228E-11
  1912 -1.15111E-11
  1913 -1.06578E-11
  1914 -9.45434E-12
  1915 -7.99216E-12
  1916 -6.36267E-12
  1917 -4.65728E-12
  1918 -2.96743E-12
  1919 -1.38453E-12
  1920  0.00000E+00
  1921  1.11405E-12
  1922  1.96279E-12
  1923  2.57073E-12
  1924  2.96237E-12
  1925  3.16219E-12
  1926  3.19469E-12
  1927  3.08438E-12
  1928  2.85574E-12
  1929  2.53328E-12
  1930  2.14149E-12
  1931  1.70487E-12
  1932  1.24792E-12
  1933  7.95120E-13
  1934  3.70983E-13
  1935  0.00000E+00
  1936 -2.98508E-13
  1937 -5.25929E-13
  1938 -6.88826E-13
  1939 -7.93764E-13
  1940 -8.47306E-13
  1941 -8.56015E-13
  1942 -8.26457E-13
  1943 -7.65194E-13
  1944 -6.78791E-13
  1945 -5.73811E-13
  1946 -4.56819E-13
  1947 -3.34378E-13
  1948 -2.13052E-13
  1949 -9.94045E-14
  1950  0.00000E+00
  1951  7.99850E-14
  1952  1.40922E-13
  1953  1.84570E-13
  1954  2.12688E-13
  1955  2.27035E-13
  1956  2.29369E-13
  1957  2.21448E-13
  1958  2.05033E-13
  1959  1.81882E-13
  1960  1.53752E-13
  1961  1.22404E-13
  1962  8.95963E-14
  1963  5.70871E-14
  1964  2.66354E-14
  1965  0.00000E+00
  1966 -2.14319E-14
  1967 -3.77600E-14
  1968 -4.94555E-14
  1969 -5.69897E-14
  1970 -6.08338E-14
  1971 -6.14591E-14
  1972 -5.93369E-14
  1973 -5.49385E-14
  1974 -4.87350E-14
  1975 -4.11978E-14
  1976 -3.27981E-14
  1977 -2.40073E-14
  1978 -1.52964E-14
  1979 -7.13693E-15
  1980  0.00000E+00
  1981  5.74267E-15
  1982  1.01178E-14
  1983  1.32516E-14
  1984  1.52703E-14
  1985  1.63004E-14
  1986  1.64679E-14
  1987  1.58993E-14
  1988  1.47207E-14
  1989  1.30585E-14
  1990  1.10389E-14
  1991  8.78823E-15
  1992  6.43272E-15
  1993  4.09867E-15
  1994  1.91233E-15
  1995  0.00000E+00
  1996 -1.53874E-15
  1997 -2.71105E-15
  1998 -3.55074E-15
  1999 -4.09167E-15
  2000 -4.36767E-15
  2001 -4.41257E-15
  2002 -4.26020E-15
  2003 -3.94440E-15
  2004 -3.49902E-15
  2005 -2.95787E-15
  2006 -2.35480E-15
  2007 -1.72364E-15
  2008 -1.09823E-15
  2009 -5.12408E-16
  2010  0.00000E+00
  2011  4.12305E-16
  2012  7.26422E-16
  2013  9.51419E-16
  2014  1.09636E-15
  2015  1.17031E-15
  2016  1.18234E-15
  2017  1.14152E-15
  2018  1.05690E-15
  2019  9.37559E-16
  2020  7.92559E-16
  2021  6.30967E-16
  2022  4.61849E-16
  2023  2.94271E-16
  2024  1.37299E-16
  2025  0.00000E+00
  2026 -1.10477E-16
  2027 -1.94644E-16
  2028 -2.54932E-16
  2029 -2.93769E-16
  2030 -3.13585E-16
  2031 -3.16808E-16
  2032 -3.05869E-16
  2033 -2.83195E-16
  2034 -2.51218E-16
  2035 -2.12365E-16
  2036 -1.69067E-16
  2037 -1.23752E-16
  2038 -7.88497E-17
  2039 -3.67892E-17
  2040  0.00000E+00
  2041  2.96022E-17
  2042  5.21548E-17
  2043  6.83088E-17
  2044  7.87152E-17
  2045  8.40247E-17
  2046  8.48885E-17
  2047  8.19572E-17
  2048  7.58820E-17
  2049  6.73137E-17
  2050  5.69032E-17
  2051  4.53014E-17
  2052  3.31593E-17
  2053  2.11277E-17
  2054  9.85765E-18
  2055  0.00000E+00
  2056 -7.93188E-18
  2057 -1.39748E-17
  2058 -1.83033E-17
  2059 -2.10917E-17
  2060 -2.25144E-17
  2061 -2.27458E-17
  2062 -2.19604E-17
  2063 -2.03325E-17
  2064 -1.80366E-17
  2065 -1.52472E-17
  2066 -1.21385E-17
  2067 -8.88500E-18
  2068 -5.66115E-18
  2069 -2.64135E-18
  2070  0.00000E+00
  2071  2.12534E-18
  2072  3.74455E-18
  2073  4.90435E-18
  2074  5.65150E-18
  2075  6.03271E-18
  2076  6.09472E-18
  2077  5.88427E-18
  2078  5.44808E-18
  2079  4.83290E-18
  2080  4.08546E-18
  2081  3.25249E-18
  2082  2.38073E-18
  2083  1.51690E-18
  2084  7.07747E-19
  2085  0.00000E+00
  2086 -5.69483E-19
  2087 -1.00335E-18
  2088 -1.31412E-18
  2089 -1.51431E-18
  2090 -1.61646E-18
  2091 -1.63307E-18
  2092 -1.57668E-18
  2093 -1.45981E-18
  2094 -1.29497E-18
  2095 -1.09470E-18
  2096 -8.71503E-19
  2097 -6.37914E-19
  2098 -4.06452E-19
  2099 -1.89640E-19
  2100  0.00000E+00
  2101  1.52593E-19
  2102  2.68846E-19
  2103  3.52117E-19
  2104  4.05759E-19
  2105  4.33129E-19
  2106  4.37581E-19
  2107  4.22471E-19
  2108  3.91155E-19
  2109  3.46987E-19
  2110  2.93323E-19
  2111  2.33518E-19
  2112  1.70929E-19
  2113  1.08909E-19
  2114  5.08140E-20
  2115  0.00000E+00
  2116 -4.08870E-20
  2117 -7.20371E-20
  2118 -9.43494E-20
  2119 -1.08723E-19
  2120 -1.16056E-19
  2121 -1.17249E-19
  2122 -1.13201E-19
  2123 -1.04810E-19
  2124 -9.29749E-20
  2125 -7.85957E-20
  2126 -6.25711E-20
  2127 -4.58002E-20
  2128 -2.91820E-20
  2129 -1.36156E-20
  2130  0.00000E+00
  2131  1.09557E-20
  2132  1.93023E-20
  2133  2.52808E-20
  2134  2.91322E-20
  2135  3.10972E-20
  2136  3.14169E-20
  2137  3.03321E-20
  2138  2.80836E-20
  2139  2.49125E-20
  2140  2.10596E-20
  2141  1.67659E-20
  2142  1.22721E-20
  2143  7.81929E-21
  2144  3.64828E-21
  2145  0.00000E+00
  2146 -2.93556E-21
  2147 -5.17203E-21
  2148 -6.77398E-21
  2149 -7.80595E-21
  2150 -8.33248E-21
  2151 -8.41813E-21
  2152 -8.12745E-21
  2153 -7.52499E-21
  2154 -6.67529E-21
  2155 -5.64291E-21
  2156 -4.49240E-21
  2157 -3.28830E-21
  2158 -2.09517E-21
  2159 -9.77553E-22
  2160  0.00000E+00
  2161  7.86580E-22
  2162  1.38584E-21
  2163  1.81508E-21
  2164  2.09160E-21
  2165  2.23268E-21
  2166  2.25563E-21
  2167  2.17774E-21
  2168  2.01631E-21
  2169  1.78864E-21
  2170  1.51201E-21
  2171  1.20374E-21
  2172  8.81098E-22
  2173  5.61399E-22
  2174  2.61935E-22
  2175  0.00000E+00
  2176 -2.10764E-22
  2177 -3.71335E-22
  2178 -4.86350E-22
  2179 -5.60442E-22
  2180 -5.98245E-22
  2181 -6.04395E-22
  2182 -5.83525E-22
  2183 -5.40270E-22
  2184 -4.79264E-22
  2185 -4.05143E-22
  2186 -3.22540E-22
  2187 -2.36090E-22
  2188 -1.50427E-22
  2189 -7.01852E-23
  2190  0.00000E+00
  2191  5.64739E-23
  2192  9.94990E-23
  2193  1.30317E-22
  2194  1.50170E-22
  2195  1.60299E-22
  2196  1.61947E-22
  2197  1.56355E-22
  2198  1.44765E-22
  2199  1.28419E-22
  2200  1.08558E-22
  2201  8.64243E-23
  2202  6.32600E-23
  2203  4.03067E-23
  2204  1.88061E-23
  2205  0.00000E+00
  2206 -1.51321E-23
  2207 -2.66607E-23
  2208 -3.49184E-23
  2209 -4.02379E-23
  2210 -4.29521E-23
  2211 -4.33936E-23
  2212 -4.18952E-23
  2213 -3.87896E-23
  2214 -3.44096E-23
  2215 -2.90880E-23
  2216 -2.31573E-23
  2217 -1.69505E-23
  2218 -1.08001E-23
  2219 -5.03907E-24
  2220  0.00000E+00
  2221  4.05464E-24
  2222  7.14371E-24
  2223  9.35634E-24
  2224  1.07817E-23
  2225  1.15090E-23
  2226  1.16273E-23
  2227  1.12258E-23
  2228  1.03937E-23
  2229  9.22004E-24
  2230  7.79410E-24
  2231  6.20499E-24
  2232  4.54186E-24
  2233  2.89389E-24
  2234  1.35021E-24
  2235  0.00000E+00
  2236 -1.08644E-24
  2237 -1.91415E-24
  2238 -2.50702E-24
  2239 -2.88895E-24
  2240 -3.08382E-24
  2241 -3.11552E-24
  2242 -3.00794E-24
  2243 -2.78497E-24
  2244 -2.47050E-24
  2245 -2.08842E-24
  2246 -1.66262E-24
  2247 -1.21699E-24
  2248 -7.75415E-25
  2249 -3.61789E-25
  2250  0.00000E+00
  2251  2.91110E-25
  2252  5.12895E-25
  2253  6.71755E-25
  2254  7.74092E-25
  2255  8.26307E-25
  2256  8.34801E-25
  2257  8.05975E-25
  2258  7.46230E-25
  2259  6.61969E-25
  2260  5.59591E-25
  2261  4.45498E-25
  2262  3.26091E-25
  2263  2.07772E-25
  2264  9.69410E-26
  2265  0.00000E+00
  2266 -7.80028E-26
  2267 -1.37430E-25
  2268 -1.79996E-25
  2269 -2.07417E-25
  2270 -2.21408E-25
  2271 -2.23684E-25
  2272 -2.15960E-25
  2273 -1.99952E-25
  2274 -1.77374E-25
  2275 -1.49942E-25
  2276 -1.19371E-25
  2277 -8.73758E-26
  2278 -5.56723E-26
  2279 -2.59753E-26
  2280  0.00000E+00
  2281  2.09008E-26
  2282  3.68242E-26
  2283  4.82298E-26
  2284  5.55773E-26
  2285  5.93262E-26
  2286  5.99360E-26
  2287  5.78664E-26
  2288  5.35769E-26
  2289  4.75272E-26
  2290  4.01768E-26
  2291  3.19853E-26
  2292  2.34123E-26
  2293  1.49173E-26
  2294  6.96005E-27
  2295  0.00000E+00
  2296 -5.60035E-27
  2297 -9.86701E-27
  2298 -1.29231E-26
  2299 -1.48919E-26
  2300 -1.58964E-26
  2301 -1.60598E-26
  2302 -1.55053E-26
  2303 -1.43559E-26
  2304 -1.27349E-26
  2305 -1.07653E-26
  2306 -8.57044E-27
  2307 -6.27330E-27
  2308 -3.99709E-27
  2309 -1.86494E-27
  2310  0.00000E+00
  2311  1.50061E-27
  2312  2.64386E-27
  2313  3.46275E-27
  2314  3.99027E-27
  2315  4.25943E-27
  2316  4.30321E-27
  2317  4.15462E-27
  2318  3.84665E-27
  2319  3.41230E-27
  2320  2.88457E-27
  2321  2.29644E-27
  2322  1.68093E-27
  2323  1.07102E-27
  2324  4.99709E-28
  2325  0.00000E+00
  2326 -4.02087E-28
  2327 -7.08420E-28
  2328 -9.27840E-28
  2329 -1.06919E-27
  2330 -1.14131E-27
  2331 -1.15304E-27
  2332 -1.11323E-27
  2333 -1.03071E-27
  2334 -9.14323E-28
  2335 -7.72917E-28
  2336 -6.15330E-28
  2337 -4.50403E-28
  2338 -2.86978E-28
  2339 -1.33897E-28
  2340  0.00000E+00
  2341  1.07739E-28
  2342  1.89820E-28
  2343  2.48614E-28
  2344  2.86489E-28
  2345  3.05813E-28
  2346  3.08957E-28
  2347  2.98288E-28
  2348  2.76177E-28
  2349  2.44992E-28
  2350  2.07102E-28
  2351  1.64877E-28
  2352  1.20685E-28
  2353  7.68956E-29
  2354  3.58775E-29
  2355  0.00000E+00
  2356 -2.88685E-29
  2357 -5.08622E-29
  2358 -6.66159E-29
  2359 -7.67644E-29
  2360 -8.19424E-29
  2361 -8.27847E-29
  2362 -7.99261E-29
  2363 -7.40014E-29
  2364 -6.56454E-29
  2365 -5.54929E-29
  2366 -4.41787E-29
  2367 -3.23375E-29
  2368 -2.06041E-29
  2369 -9.61335E-30
  2370  0.00000E+00
  2371  7.73530E-30
  2372  1.36285E-29
  2373  1.78497E-29
  2374  2.05690E-29
  2375  2.19564E-29
  2376  2.21821E-29
  2377  2.14161E-29
  2378  1.98286E-29
  2379  1.75896E-29
  2380  1.48693E-29
  2381  1.18376E-29
  2382  8.66480E-30
  2383  5.52085E-30
  2384  2.57589E-30
  2385  0.00000E+00
  2386 -2.07267E-30
  2387 -3.65174E-30
  2388 -4.78281E-30
  2389 -5.51143E-30
  2390 -5.88320E-30
  2391 -5.94367E-30
  2392 -5.73844E-30
  2393 -5.31306E-30
  2394 -4.71313E-30
  2395 -3.98421E-30
  2396 -3.17189E-30
  2397 -2.32173E-30
  2398 -1.47931E-30
  2399 -6.90207E-31
  2400  0.00000E+00
  2401  5.55370E-31
  2402  9.78482E-31
  2403  1.28155E-30
  2404  1.47678E-30
  2405  1.57640E-30
  2406  1.59260E-30
  2407  1.53761E-30
  2408  1.42363E-30
  2409  1.26288E-30
  2410  1.06757E-30
  2411  8.49905E-31
  2412  6.22105E-31
  2413  3.96379E-31
  2414  1.84941E-31
  2415  0.00000E+00
  2416 -1.48811E-31
  2417 -2.62183E-31
  2418 -3.43390E-31
  2419 -3.95703E-31
  2420 -4.22395E-31
  2421 -4.26736E-31
  2422 -4.12001E-31
  2423 -3.81461E-31
  2424 -3.38388E-31
  2425 -2.86054E-31
  2426 -2.27731E-31
  2427 -1.66692E-31
  2428 -1.06210E-31
  2429 -4.95547E-32
  2430  0.00000E+00
  2431  3.98737E-32
  2432  7.02518E-32
  2433  9.20111E-32
  2434  1.06028E-31
  2435  1.13180E-31
  2436  1.14344E-31
  2437  1.10395E-31
  2438  1.02212E-31
  2439  9.06707E-32
  2440  7.66478E-32
  2441  6.10204E-32
  2442  4.46651E-32
  2443  2.84588E-32
  2444  1.32781E-32
  2445  0.00000E+00
  2446 -1.06841E-32
  2447 -1.88239E-32
  2448 -2.46543E-32
  2449 -2.84102E-32
  2450 -3.03266E-32
  2451 -3.06383E-32
  2452 -2.95803E-32
  2453 -2.73876E-32
  2454 -2.42951E-32
  2455 -2.05377E-32
  2456 -1.63504E-32
  2457 -1.19680E-32
  2458 -7.62550E-33
  2459 -3.55786E-33
  2460  0.00000E+00
  2461  2.86281E-33
  2462  5.04385E-33
  2463  6.60610E-33
  2464  7.61249E-33
  2465  8.12598E-33
  2466  8.20951E-33
  2467  7.92603E-33
  2468  7.33850E-33
  2469  6.50986E-33
  2470  5.50307E-33
  2471  4.38107E-33
  2472  3.20681E-33
  2473  2.04325E-33
  2474  9.53327E-34
  2475  0.00000E+00
  2476 -7.67086E-34
  2477 -1.35150E-33
  2478 -1.77010E-33
  2479 -2.03976E-33
  2480 -2.17735E-33
  2481 -2.19973E-33
  2482 -2.12377E-33
  2483 -1.96634E-33
  2484 -1.74431E-33
  2485 -1.47454E-33
  2486 -1.17390E-33
  2487 -8.59262E-34
  2488 -5.47486E-34
  2489 -2.55443E-34
  2490  0.00000E+00
  2491  2.05540E-34
  2492  3.62132E-34
  2493  4.74297E-34
  2494  5.46552E-34
  2495  5.83419E-34
  2496  5.89416E-34
  2497  5.69063E-34
  2498  5.26880E-34
  2499  4.67387E-34
  2500  3.95102E-34
  2501  3.14546E-34
  2502  2.30239E-34
  2503  1.46699E-34
  2504  6.84458E-35
  2505  0.00000E+00
  2506 -5.50743E-35
  2507 -9.70331E-35
  2508 -1.27087E-34
  2509 -1.46448E-34
  2510 -1.56327E-34
  2511 -1.57934E-34
  2512 -1.52480E-34
  2513 -1.41177E-34
  2514 -1.25236E-34
  2515 -1.05867E-34
  2516 -8.42825E-35
  2517 -6.16922E-35
  2518 -3.93077E-35
  2519 -1.83400E-35
  2520  0.00000E+00
  2521  1.47571E-35
  2522  2.59999E-35
  2523  3.40530E-35
  2524  3.92407E-35
  2525  4.18876E-35
  2526  4.23182E-35
  2527  4.08569E-35
  2528  3.78283E-35
  2529  3.35569E-35
  2530  2.83671E-35
  2531  2.25834E-35
  2532  1.65304E-35
  2533  1.05325E-35
  2534  4.91419E-36
  2535  0.00000E+00
  2536 -3.95417E-36
  2537 -6.96668E-36
  2538 -9.12450E-36
  2539 -1.05146E-35
  2540 -1.12238E-35
  2541 -1.13392E-35
  2542 -1.09476E-35
  2543 -1.01361E-35
  2544 -8.99162E-36
  2545 -7.60101E-36
  2546 -6.05128E-36
  2547 -4.42937E-36
  2548 -2.82222E-36
  2549 -1.31678E-36
  2550  0.00000E+00
  2551  1.05955E-36
  2552  1.86679E-36
  2553  2.44501E-36
  2554  2.81751E-36
  2555  3.00760E-36
  2556  3.03855E-36
  2557  2.93366E-36
  2558  2.71624E-36
  2559  2.40958E-36
  2560  2.03696E-36
  2561  1.62170E-36
  2562  1.18707E-36
  2563  7.56383E-37
  2564  3.52928E-37
  2565  0.00000E+00
  2566 -2.84026E-37
  2567 -5.00464E-37
  2568 -6.55546E-37
  2569 -7.55508E-37
  2570 -8.06582E-37
  2571 -8.15003E-37
  2572 -7.87006E-37
  2573 -7.28822E-37
  2574 -6.46687E-37
  2575 -5.46835E-37
  2576 -4.35500E-37
  2577 -3.18914E-37
  2578 -2.03313E-37
  2579 -9.49307E-38
  2580  0.00000E+00
  2581  8.88061E-38
  2582  1.59238E-37
  2583  1.77175E-37
  2584  2.04516E-37
  2585  2.18734E-37
  2586  2.21468E-37
  2587  2.14359E-37
  2588  1.99048E-37
  2589  1.77175E-37
  2590  1.50380E-37
  2591  1.20304E-37
  2592  8.85873E-38
  2593  5.68709E-38
  2594  4.89965E-38
  2595  0.00000E+00
  2596  0.00000E+00
  2597 -3.98096E-38
  2598 -5.31524E-38
  2599 -6.25580E-38
  2600 -6.83544E-38
  2601 -7.08699E-38
  2602 -7.04324E-38
  2603 -6.73701E-38
  2604 -6.20111E-38
  2605 -5.46835E-38
  2606 -4.57154E-38
  2607 -3.54349E-38
  2608  0.00000E+00
  2609  0.00000E+00
  2610  0.00000E+00
  2611  0.00000E+00
  2612  0.00000E+00
  2613  0.00000E+00
  2614  0.00000E+00
  2615  0.00000E+00
  2616  0.00000E+00
  2617  0.00000E+00
  2618  0.00000E+00
  2619  0.00000E+00
  2620  0.00000E+00
  2621  0.00000E+00
  2622  0.00000E+00
  2623  0.00000E+00
  2624  0.00000E+00
  2625  0.00000E+00
  2626  0.00000E+00
  2627  0.00000E+00
  2628  0.00000E+00
  2629  0.00000E+00
  2630  0.00000E+00
  2631  0.00000E+00
  2632  0.00000E+00
  2633  0.00000E+00
  2634  0.00000E+00
  2635  0.00000E+00
  2636  0.00000E+00
  2637  0.00000E+00
  2638  0.00000E+00
  2639  0.00000E+00
  2640  0.00000E+00
  2641  0.00000E+00
  2642  0.00000E+00
  2643  0.00000E+00
  2644  0.00000E+00
  2645  0.00000E+00
  2646  0.00000E+00
  2647  0.00000E+00
  2648  0.00000E+00
  2649  0.00000E+00
  2650  0.00000E+00
  2651  0.00000E+00
  2652  0.00000E+00
  2653  0.00000E+00
  2654  0.00000E+00
  2655  0.00000E+00
  2656  0.00000E+00
  2657  0.00000E+00
  2658  0.00000E+00
  2659  0.00000E+00
  2660  0.00000E+00
  2661  0.00000E+00
  2662  0.00000E+00
  2663  0.00000E+00
  2664  0.00000E+00
  2665  0.00000E+00
  2666  0.00000E+00
  2667  0.00000E+00
  2668  0.00000E+00
  2669  0.00000E+00
  2670  0.00000E+00
  2671  0.00000E+00
  2672  0.00000E+00
  2673  0.00000E+00
  2674  0.00000E+00
  2675  0.00000E+00
  2676  0.00000E+00
  2677  0.00000E+00
  2678  0.00000E+00
  2679  0.00000E+00
  2680  0.00000E+00
  2681  0.00000E+00
  2682  0.00000E+00
  2683  0.00000E+00
  2684  0.00000E+00
  2685  0.00000E+00
  2686  0.00000E+00
  2687  0.00000E+00
  2688  0.00000E+00
  2689  0.00000E+00
  2690  0.00000E+00
  2691  0.00000E+00
  2692  0.00000E+00
  2693  0.00000E+00
  2694  0.00000E+00
  2695  0.00000E+00
  2696  0.00000E+00
  2697  0.00000E+00
  2698  0.00000E+00
  2699  0.00000E+00
  2700  0.00000E+00
  2701  0.00000E+00
  2702  0.00000E+00
  2703  0.00000E+00
  2704  0.00000E+00
  2705  0.00000E+00
  2706  0.00000E+00
  2707  0.00000E+00
  2708  0.00000E+00
  2709  0.00000E+00
  2710  0.00000E+00
  2711  0.00000E+00
  2712  0.00000E+00
  2713  0.00000E+00
  2714  0.00000E+00
  2715  0.00000E+00
  2716  0.00000E+00
  2717  0.00000E+00
  2718  0.00000E+00
  2719  0.00000E+00
  2720  0.00000E+00
  2721  0.00000E+00
  2722  0.00000E+00
  2723  0.00000E+00
  2724  0.00000E+00
  2725  0.00000E+00
  2726  0.00000E+00
  2727  0.00000E+00
  2728  0.00000E+00
  2729  0.00000E+00
  2730  0.00000E+00
  2731  0.00000E+00
  2732  0.00000E+00
  2733  0.00000E+00
  2734  0.00000E+00
  2735  0.00000E+00
  2736  0.00000E+00
  2737  0.00000E+00
  2738  0.00000E+00
  2739  0.00000E+00
  2740  0.00000E+00
  2741  0.00000E+00
  2742  0.00000E+00
  2743  0.00000E+00
  2744  0.00000E+00
  2745  0.00000E+00
  2746  0.00000E+00
  2747  0.00000E+00
  2748  0.00000E+00
  2749  0.00000E+00
  2750  0.00000E+00
  2751  0.00000E+00
  2752  0.00000E+00
  2753  0.00000E+00
  2754  0.00000E+00
  2755  0.00000E+00
  2756  0.00000E+00
  2757  0.00000E+00
  2758  0.00000E+00
  2759  0.00000E+00
  2760  0.00000E+00
  2761  0.00000E+00
  2762  0.00000E+00
  2763  0.00000E+00
  2764  0.00000E+00
  2765  0.00000E+00
  2766  0.00000E+00
  2767  0.00000E+00
  2768  0.00000E+00
  2769  0.00000E+00
  2770  0.00000E+00
  2771  0.00000E+00
  2772  0.00000E+00
  2773  0.00000E+00
  2774  0.00000E+00
  2775  0.00000E+00
  2776  0.00000E+00
  2777  0.00000E+00
  2778  0.00000E+00
  2779  0.00000E+00
  2780  0.00000E+00
  2781  0.00000E+00
  2782  0.00000E+00
  2783  0.00000E+00
  2784  0.00000E+00
  2785  0.00000E+00
  2786  0.00000E+00
  2787  0.00000E+00
  2788  0.00000E+00
  2789  0.00000E+00
  2790  0.00000E+00
  2791  0.00000E+00
  2792  0.00000E+00
  2793  0.00000E+00
  2794  0.00000E+00
  2795  0.00000E+00
  2796  0.00000E+00
  2797  0.00000E+00
  2798  0.00000E+00
  2799  0.00000E+00
  2800  0.00000E+00
  2801  0.00000E+00
  2802  0.00000E+00
  2803  0.00000E+00
  2804  0.00000E+00
  2805  0.00000E+00
  2806  0.00000E+00
  2807  0.00000E+00
  2808  0.00000E+00
  2809  0.00000E+00
  2810  0.00000E+00
  2811  0.00000E+00
  2812  0.00000E+00
  2813  0.00000E+00
  2814  0.00000E+00
  2815  0.00000E+00
  2816  0.00000E+00
  2817  0.00000E+00
  2818  0.00000E+00
  2819  0.00000E+00
  2820  0.00000E+00
  2821  0.00000E+00
  2822  0.00000E+00
  2823  0.00000E+00
  2824  0.00000E+00
  2825  0.00000E+00
  2826  0.00000E+00
  2827  0.00000E+00
  2828  0.00000E+00
  2829  0.00000E+00
  2830  0.00000E+00
  2831  0.00000E+00
  2832  0.00000E+00
  2833  0.00000E+00
  2834  0.00000E+00
  2835  0.00000E+00
  2836  0.00000E+00
  2837  0.00000E+00
  2838  0.00000E+00
  2839  0.00000E+00
  2840  0.00000E+00
  2841  0.00000E+00
  2842  0.00000E+00
  2843  0.00000E+00
  2844  0.00000E+00
  2845  0.00000E+00
  2846  0.00000E+00
  2847  0.00000E+00
  2848  0.00000E+00
  2849  0.00000E+00
  2850  0.00000E+00
  2851  0.00000E+00
  2852  0.00000E+00
  2853  0.00000E+00
  2854  0.00000E+00
  2855  0.00000E+00
  2856  0.00000E+00
  2857  0.00000E+00
  2858  0.00000E+00
  2859  0.00000E+00
  2860  0.00000E+00
  2861  0.00000E+00
  2862  0.00000E+00
  2863  0.00000E+00
  2864  0.00000E+00
  2865  0.00000E+00
  2866  0.00000E+00
  2867  0.00000E+00
  2868  0.00000E+00
  2869  0.00000E+00
  2870  0.00000E+00
  2871  0.00000E+00
  2872  0.00000E+00
  2873  0.00000E+00
  2874  0.00000E+00
  2875  0.00000E+00
  2876  0.00000E+00
  2877  0.00000E+00
  2878  0.00000E+00
  2879  0.00000E+00
  2880  0.00000E+00
  2881  0.00000E+00
  2882  0.00000E+00
  2883  0.00000E+00
  2884  0.00000E+00
  2885  0.00000E+00
  2886  0.00000E+00
  2887  0.00000E+00
  2888  0.00000E+00
  2889  0.00000E+00
  2890  0.00000E+00
  2891  0.00000E+00
  2892  0.00000E+00
  2893  0.00000E+00
  2894  0.00000E+00
  2895  0.00000E+00
  2896  0.00000E+00
  2897  0.00000E+00
  2898  0.00000E+00
  2899  0.00000E+00
  2900  0.00000E+00
  2901  0.00000E+00
  2902  0.00000E+00
  2903  0.00000E+00
  2904  0.00000E+00
  2905  0.00000E+00
  2906  0.00000E+00
  2907  0.00000E+00
  2908  0.00000E+00
  2909  0.00000E+00
  2910  0.00000E+00
  2911  0.00000E+00
  2912  0.00000E+00
  2913  0.00000E+00
  2914  0.00000E+00
  2915  0.00000E+00
  2916  0.00000E+00
  2917  0.00000E+00
  2918  0.00000E+00
  2919  0.00000E+00
  2920  0.00000E+00
  2921  0.00000E+00
  2922  0.00000E+00
  2923  0.00000E+00
  2924  0.00000E+00
  2925  0.00000E+00
  2926  0.00000E+00
  2927  0.00000E+00
  2928  0.00000E+00
  2929  0.00000E+00
  2930  0.00000E+00
  2931  2.97576E-38
  2932  3.23292E-38
  2933  3.37987E-38
  2934  3.40086E-38
  2935  3.28015E-38
  2936  3.00200E-38
  2937  0.00000E+00
  2938  0.00000E+00
  2939  0.00000E+00
  2940  0.00000E+00
  2941  0.00000E+00
  2942 -4.32867E-38
  2943 -6.34610E-38
  2944 -5.18525E-38
  2945 -6.51321E-38
  2946 -7.70481E-38
  2947 -8.68555E-38
  2948 -9.38093E-38
  2949 -9.71644E-38
  2950 -1.22417E-37
  2951 -1.12036E-37
  2952 -9.51915E-38
  2953 -7.12957E-38
  2954 -3.97611E-38
  2955  0.00000E+00
  2956  4.21095E-38
  2957  9.02524E-38
  2958  1.41648E-37
  2959  1.93516E-37
  2960  2.43076E-37
  2961  2.87547E-37
  2962  3.24149E-37
  2963  3.50101E-37
  2964  3.62623E-37
  2965  3.58933E-37
  2966  3.36252E-37
  2967  2.91799E-37
  2968  2.22792E-37
  2969  1.48390E-37
  2970  0.00000E+00
  2971 -1.57155E-37
  2972 -3.36826E-37
  2973 -5.28638E-37
  2974 -7.22213E-37
  2975 -9.07173E-37
  2976 -1.07314E-36
  2977 -1.20974E-36
  2978 -1.30660E-36
  2979 -1.35333E-36
  2980 -1.33956E-36
  2981 -1.25491E-36
  2982 -1.08901E-36
  2983 -8.31473E-37
  2984 -4.71930E-37
  2985  0.00000E+00
  2986  5.86509E-37
  2987  1.25705E-36
  2988  1.97290E-36
  2989  2.69534E-36
  2990  3.38562E-36
  2991  4.00502E-36
  2992  4.51482E-36
  2993  4.87628E-36
  2994  5.05068E-36
  2995  4.99929E-36
  2996  4.68338E-36
  2997  4.06423E-36
  2998  3.10310E-36
  2999  1.76127E-36
  3000  0.00000E+00
  3001 -2.18888E-36
  3002 -4.69139E-36
  3003 -7.36298E-36
  3004 -1.00591E-35
  3005 -1.26353E-35
  3006 -1.49469E-35
  3007 -1.68495E-35
  3008 -1.81985E-35
  3009 -1.88494E-35
  3010 -1.86576E-35
  3011 -1.74786E-35
  3012 -1.51679E-35
  3013 -1.15809E-35
  3014 -6.57313E-36
  3015  0.00000E+00
  3016  8.16902E-36
  3017  1.75085E-35
  3018  2.74790E-35
  3019  3.75412E-35
  3020  4.71555E-35
  3021  5.57827E-35
  3022  6.28833E-35
  3023  6.79178E-35
  3024  7.03469E-35
  3025  6.96312E-35
  3026  6.52311E-35
  3027  5.66074E-35
  3028  4.32206E-35
  3029  2.45313E-35
  3030  0.00000E+00
  3031 -3.09126E-35
  3032 -6.87460E-35
  3033 -1.14040E-34
  3034 -1.67333E-34
  3035 -2.29165E-34
  3036 -3.00075E-34
  3037 -3.80604E-34
  3038 -4.71289E-34
  3039 -5.72672E-34
  3040 -6.85290E-34
  3041 -8.09684E-34
  3042 -9.46392E-34
  3043 -1.09596E-33
  3044 -1.25891E-33
  3045 -1.43580E-33
