    45  0.00000E+00
    46  2.36736E-09
    47  9.13556E-09
    48  1.98038E-08
    49  3.38713E-08
    50  5.08372E-08
    51  7.02006E-08
    52  9.14609E-08
    53  1.14117E-07
    54  1.37669E-07
    55  1.61615E-07
    56  1.85454E-07
    57  2.08686E-07
    58  2.30811E-07
    59  2.51326E-07
    60  2.69732E-07
    61  2.85648E-07
    62  2.99181E-07
    63  3.10559E-07
    64  3.20007E-07
    65  3.27754E-07
    66  3.34026E-07
    67  3.39051E-07
    68  3.43056E-07
    69  3.46268E-07
    70  3.48914E-07
    71  3.51222E-07
    72  3.53419E-07
    73  3.55732E-07
    74  3.58387E-07
    75  3.61613E-07
    76  3.65654E-07
    77  3.70819E-07
    78  3.77437E-07
    79  3.85834E-07
    80  3.96340E-07
    81  4.09280E-07
    82  4.24982E-07
    83  4.43775E-07
    84  4.65985E-07
    85  4.91939E-07
    86  5.21966E-07
    87  5.56393E-07
    88  5.95548E-07
    89  6.39757E-07
    90  6.89348E-07
    91  7.44430E-07
    92  8.04237E-07
    93  8.67783E-07
    94  9.34082E-07
    95  1.00215E-06
    96  1.07100E-06
    97  1.13965E-06
    98  1.20711E-06
    99  1.27239E-06
   100  1.33452E-06
   101  1.39251E-06
   102  1.44536E-06
   103  1.49210E-06
   104  1.53174E-06
   105  1.56329E-06
   106  1.58610E-06
   107  1.60079E-06
   108  1.60831E-06
   109  1.60961E-06
   110  1.60565E-06
   111  1.59738E-06
   112  1.58575E-06
   113  1.57170E-06
   114  1.55621E-06
   115  1.54020E-06
   116  1.52465E-06
   117  1.51049E-06
   118  1.49868E-06
   119  1.49017E-06
   120  1.48592E-06
   121  1.48664E-06
   122  1.49210E-06
   123  1.50186E-06
   124  1.51545E-06
   125  1.53242E-06
   126  1.55231E-06
   127  1.57467E-06
   128  1.59903E-06
   129  1.62495E-06
   130  1.65195E-06
   131  1.67960E-06
   132  1.70742E-06
   133  1.73497E-06
   134  1.76178E-06
   135  1.78740E-06
   136  1.81148E-06
   137  1.83412E-06
   138  1.85550E-06
   139  1.87583E-06
   140  1.89531E-06
   141  1.91414E-06
   142  1.93251E-06
   143  1.95062E-06
   144  1.96867E-06
   145  1.98686E-06
   146  2.00539E-06
   147  2.02446E-06
   148  2.04427E-06
   149  2.06501E-06
   150  2.08688E-06
   151  2.11000E-06
   152  2.13418E-06
   153  2.15912E-06
   154  2.18455E-06
   155  2.21018E-06
   156  2.23574E-06
   157  2.26094E-06
   158  2.28549E-06
   159  2.30913E-06
   160  2.33156E-06
   161  2.35251E-06
   162  2.37169E-06
   163  2.38882E-06
   164  2.40362E-06
   165  2.41581E-06
   166  2.42523E-06
   167  2.43225E-06
   168  2.43736E-06
   169  2.44105E-06
   170  2.44381E-06
   171  2.44614E-06
   172  2.44852E-06
   173  2.45145E-06
   174  2.45542E-06
   175  2.46092E-06
   176  2.46844E-06
   177  2.47848E-06
   178  2.49152E-06
   179  2.50806E-06
   180  2.52859E-06
   181  2.55346E-06
   182  2.58242E-06
   183  2.61512E-06
   184  2.65118E-06
   185  2.69020E-06
   186  2.73183E-06
   187  2.77569E-06
   188  2.82139E-06
   189  2.86857E-06
   190  2.91684E-06
   191  2.96583E-06
   192  3.01517E-06
   193  3.06448E-06
   194  3.11338E-06
   195  3.16150E-06
   196  3.20861E-06
   197  3.25509E-06
   198  3.30145E-06
   199  3.34822E-06
   200  3.39593E-06
   201  3.44509E-06
   202  3.49623E-06
   203  3.54987E-06
   204  3.60654E-06
   205  3.66675E-06
   206  3.73104E-06
   207  3.79992E-06
   208  3.87392E-06
   209  3.95356E-06
   210  4.03936E-06
   211  4.13154E-06
   212  4.22913E-06
   213  4.33084E-06
   214  4.43538E-06
   215  4.54146E-06
   216  4.64782E-06
   217  4.75315E-06
   218  4.85618E-06
   219  4.95562E-06
   220  5.05019E-06
   221  5.13860E-06
   222  5.21957E-06
   223  5.29181E-06
   224  5.35405E-06
   225  5.40499E-06
   226  5.44391E-06
   227  5.47227E-06
   228  5.49212E-06
   229  5.50547E-06
   230  5.51435E-06
   231  5.52079E-06
   232  5.52682E-06
   233  5.53447E-06
   234  5.54577E-06
   235  5.56274E-06
   236  5.58741E-06
   237  5.62181E-06
   238  5.66796E-06
   239  5.72790E-06
   240  5.80365E-06
   241  5.89654E-06
   242  6.00509E-06
   243  6.12713E-06
   244  6.26047E-06
   245  6.40295E-06
   246  6.55237E-06
   247  6.70657E-06
   248  6.86336E-06
   249  7.02057E-06
   250  7.17601E-06
   251  7.32752E-06
   252  7.47292E-06
   253  7.61001E-06
   254  7.73664E-06
   255  7.85061E-06
   256  7.95031E-06
   257  8.03627E-06
   258  8.10959E-06
   259  8.17136E-06
   260  8.22269E-06
   261  8.26466E-06
   262  8.29838E-06
   263  8.32493E-06
   264  8.34541E-06
   265  8.36091E-06
   266  8.37253E-06
   267  8.38137E-06
   268  8.38851E-06
   269  8.39506E-06
   270  8.40211E-06
   271  8.41055E-06
   272  8.42048E-06
   273  8.43178E-06
   274  8.44435E-06
   275  8.45808E-06
   276  8.47287E-06
   277  8.48860E-06
   278  8.50516E-06
   279  8.52246E-06
   280  8.54037E-06
   281  8.55880E-06
   282  8.57763E-06
   283  8.59675E-06
   284  8.61606E-06
   285  8.63546E-06
   286  8.65455E-06
   287  8.67192E-06
   288  8.68586E-06
   289  8.69466E-06
   290  8.69662E-06
   291  8.69005E-06
   292  8.67324E-06
   293  8.64449E-06
   294  8.60209E-06
   295  8.54435E-06
   296  8.46956E-06
   297  8.37603E-06
   298  8.26204E-06
   299  8.12591E-06
   300  7.96592E-06
   301  7.78094E-06
   302  7.57214E-06
   303  7.34125E-06
   304  7.08999E-06
   305  6.82008E-06
   306  6.53328E-06
   307  6.23129E-06
   308  5.91586E-06
   309  5.58870E-06
   310  5.25156E-06
   311  4.90615E-06
   312  4.55422E-06
   313  4.19748E-06
   314  3.83767E-06
   315  3.47651E-06
   316  3.11204E-06
   317  2.72740E-06
   318  2.30205E-06
   319  1.81545E-06
   320  1.24704E-06
   321  5.76288E-07
   322 -2.17366E-07
   323 -1.15446E-06
   324 -2.25556E-06
   325 -3.54119E-06
   326 -5.03191E-06
   327 -6.74826E-06
   328 -8.71080E-06
   329 -1.09401E-05
   330 -1.34566E-05
   331 -1.62751E-05
   332 -1.93863E-05
   333 -2.27754E-05
   334 -2.64273E-05
   335 -3.03271E-05
   336 -3.44596E-05
   337 -3.88100E-05
   338 -4.33632E-05
   339 -4.81041E-05
   340 -5.30180E-05
   341 -5.80896E-05
   342 -6.33040E-05
   343 -6.86462E-05
   344 -7.41013E-05
   345 -7.96541E-05
   346 -8.52928E-05
   347 -9.10173E-05
   348 -9.68306E-05
   349 -1.02736E-04
   350 -1.08736E-04
   351 -1.14834E-04
   352 -1.21033E-04
   353 -1.27335E-04
   354 -1.33745E-04
   355 -1.40265E-04
   356 -1.46897E-04
   357 -1.53646E-04
   358 -1.60514E-04
   359 -1.67503E-04
   360 -1.74618E-04
   361 -1.81856E-04
   362 -1.89197E-04
   363 -1.96616E-04
   364 -2.04087E-04
   365 -2.11585E-04
   366 -2.19084E-04
   367 -2.26561E-04
   368 -2.33989E-04
   369 -2.41343E-04
   370 -2.48598E-04
   371 -2.55729E-04
   372 -2.62710E-04
   373 -2.69516E-04
   374 -2.76123E-04
   375 -2.82504E-04
   376 -2.88639E-04
   377 -2.94528E-04
   378 -3.00175E-04
   379 -3.05584E-04
   380 -3.10758E-04
   381 -3.15703E-04
   382 -3.20421E-04
   383 -3.24918E-04
   384 -3.29197E-04
   385 -3.33262E-04
   386 -3.37118E-04
   387 -3.40769E-04
   388 -3.44218E-04
   389 -3.47470E-04
   390 -3.50528E-04
   391 -3.53399E-04
   392 -3.56090E-04
   393 -3.58612E-04
   394 -3.60973E-04
   395 -3.63185E-04
   396 -3.65255E-04
   397 -3.67194E-04
   398 -3.69012E-04
   399 -3.70719E-04
   400 -3.72323E-04
   401 -3.73835E-04
   402 -3.75264E-04
   403 -3.76620E-04
   404 -3.77912E-04
   405 -3.79151E-04
   406 -3.80347E-04
   407 -3.81513E-04
   408 -3.82667E-04
   409 -3.83821E-04
   410 -3.84992E-04
   411 -3.86195E-04
   412 -3.87445E-04
   413 -3.88756E-04
   414 -3.90146E-04
   415 -3.91627E-04
   416 -3.93216E-04
   417 -3.94928E-04
   418 -3.96778E-04
   419 -3.98781E-04
   420 -4.00952E-04
   421 -4.03299E-04
   422 -4.05796E-04
   423 -4.08409E-04
   424 -4.11106E-04
   425 -4.13852E-04
   426 -4.16615E-04
   427 -4.19362E-04
   428 -4.22058E-04
   429 -4.24670E-04
   430 -4.27165E-04
   431 -4.29510E-04
   432 -4.31672E-04
   433 -4.33615E-04
   434 -4.35309E-04
   435 -4.36718E-04
   436 -4.37822E-04
   437 -4.38641E-04
   438 -4.39210E-04
   439 -4.39563E-04
   440 -4.39732E-04
   441 -4.39752E-04
   442 -4.39655E-04
   443 -4.39476E-04
   444 -4.39248E-04
   445 -4.39004E-04
   446 -4.38778E-04
   447 -4.38603E-04
   448 -4.38514E-04
   449 -4.38543E-04
   450 -4.38724E-04
   451 -4.39076E-04
   452 -4.39567E-04
   453 -4.40146E-04
   454 -4.40766E-04
   455 -4.41378E-04
   456 -4.41935E-04
   457 -4.42387E-04
   458 -4.42687E-04
   459 -4.42787E-04
   460 -4.42637E-04
   461 -4.42190E-04
   462 -4.41398E-04
   463 -4.40212E-04
   464 -4.38584E-04
   465 -4.36465E-04
   466 -4.33825E-04
   467 -4.30695E-04
   468 -4.27127E-04
   469 -4.23171E-04
   470 -4.18876E-04
   471 -4.14292E-04
   472 -4.09469E-04
   473 -4.04457E-04
   474 -3.99307E-04
   475 -3.94068E-04
   476 -3.88791E-04
   477 -3.83525E-04
   478 -3.78319E-04
   479 -3.73225E-04
   480 -3.68293E-04
   481 -3.63551E-04
   482 -3.58947E-04
   483 -3.54409E-04
   484 -3.49864E-04
   485 -3.45240E-04
   486 -3.40463E-04
   487 -3.35460E-04
   488 -3.30160E-04
   489 -3.24490E-04
   490 -3.18375E-04
   491 -3.11745E-04
   492 -3.04526E-04
   493 -2.96646E-04
   494 -2.88031E-04
   495 -2.78609E-04
   496 -2.68325E-04
   497 -2.57188E-04
   498 -2.45229E-04
   499 -2.32474E-04
   500 -2.18951E-04
   501 -2.04690E-04
   502 -1.89718E-04
   503 -1.74063E-04
   504 -1.57754E-04
   505 -1.40818E-04
   506 -1.23283E-04
   507 -1.05179E-04
   508 -8.65317E-05
   509 -6.73710E-05
   510 -4.77243E-05
   511 -2.75630E-05
   512 -6.63006E-06
   513  1.53883E-05
   514  3.88060E-05
   515  6.39369E-05
   516  9.10948E-05
   517  1.20594E-04
   518  1.52747E-04
   519  1.87870E-04
   520  2.26274E-04
   521  2.68276E-04
   522  3.14187E-04
   523  3.64323E-04
   524  4.18996E-04
   525  4.78522E-04
   526  5.43292E-04
   527  6.14015E-04
   528  6.91480E-04
   529  7.76473E-04
   530  8.69783E-04
   531  9.72196E-04
   532  1.08450E-03
   533  1.20749E-03
   534  1.34194E-03
   535  1.48864E-03
   536  1.64839E-03
   537  1.82197E-03
   538  2.01017E-03
   539  2.21377E-03
   540  2.43356E-03
   541  2.66986E-03
   542  2.92103E-03
   543  3.18499E-03
   544  3.45963E-03
   545  3.74286E-03
   546  4.03257E-03
   547  4.32667E-03
   548  4.62306E-03
   549  4.91964E-03
   550  5.21430E-03
   551  5.50496E-03
   552  5.78951E-03
   553  6.06585E-03
   554  6.33188E-03
   555  6.58551E-03
   556  6.82512E-03
   557  7.05101E-03
   558  7.26398E-03
   559  7.46482E-03
   560  7.65431E-03
   561  7.83326E-03
   562  8.00244E-03
   563  8.16265E-03
   564  8.31469E-03
   565  8.45933E-03
   566  8.59737E-03
   567  8.72961E-03
   568  8.85682E-03
   569  8.97981E-03
   570  9.09937E-03
   571  9.21609E-03
   572  9.32990E-03
   573  9.44051E-03
   574  9.54765E-03
   575  9.65105E-03
   576  9.75043E-03
   577  9.84551E-03
   578  9.93602E-03
   579  1.00217E-02
   580  1.01022E-02
   581  1.01774E-02
   582  1.02469E-02
   583  1.03104E-02
   584  1.03678E-02
   585  1.04186E-02
   586  1.04630E-02
   587  1.05018E-02
   588  1.05364E-02
   589  1.05681E-02
   590  1.05981E-02
   591  1.06278E-02
   592  1.06583E-02
   593  1.06910E-02
   594  1.07271E-02
   595  1.07680E-02
   596  1.08148E-02
   597  1.08689E-02
   598  1.09315E-02
   599  1.10040E-02
   600  1.10876E-02
   601  1.11829E-02
   602  1.12882E-02
   603  1.14012E-02
   604  1.15194E-02
   605  1.16406E-02
   606  1.17624E-02
   607  1.18824E-02
   608  1.19983E-02
   609  1.21076E-02
   610  1.22081E-02
   611  1.22973E-02
   612  1.23730E-02
   613  1.24328E-02
   614  1.24742E-02
   615  1.24950E-02
   616  1.24934E-02
   617  1.24703E-02
   618  1.24271E-02
   619  1.23653E-02
   620  1.22863E-02
   621  1.21918E-02
   622  1.20830E-02
   623  1.19616E-02
   624  1.18289E-02
   625  1.16865E-02
   626  1.15357E-02
   627  1.13782E-02
   628  1.12153E-02
   629  1.10486E-02
   630  1.08795E-02
   631  1.07091E-02
   632  1.05368E-02
   633  1.03617E-02
   634  1.01828E-02
   635  9.99934E-03
   636  9.81024E-03
   637  9.61460E-03
   638  9.41147E-03
   639  9.19991E-03
   640  8.97900E-03
   641  8.74780E-03
   642  8.50535E-03
   643  8.25074E-03
   644  7.98301E-03
   645  7.70123E-03
   646  7.40496E-03
   647  7.09571E-03
   648  6.77549E-03
   649  6.44631E-03
   650  6.11017E-03
   651  5.76909E-03
   652  5.42508E-03
   653  5.08013E-03
   654  4.73627E-03
   655  4.39549E-03
   656  4.05981E-03
   657  3.73124E-03
   658  3.41178E-03
   659  3.10344E-03
   660  2.80824E-03
   661  2.52777E-03
   662  2.26201E-03
   663  2.01053E-03
   664  1.77292E-03
   665  1.54874E-03
   666  1.33757E-03
   667  1.13897E-03
   668  9.52532E-04
   669  7.77819E-04
   670  6.14406E-04
   671  4.61867E-04
   672  3.19776E-04
   673  1.87705E-04
   674  6.52287E-05
   675 -4.80798E-05
   676 -1.52670E-04
   677 -2.49084E-04
   678 -3.37884E-04
   679 -4.19637E-04
   680 -4.94906E-04
   681 -5.64256E-04
   682 -6.28250E-04
   683 -6.87454E-04
   684 -7.42431E-04
   685 -7.93747E-04
   686 -8.41965E-04
   687 -8.87649E-04
   688 -9.31364E-04
   689 -9.73675E-04
   690 -1.01515E-03
   691 -1.05619E-03
   692 -1.09663E-03
   693 -1.13613E-03
   694 -1.17436E-03
   695 -1.21100E-03
   696 -1.24570E-03
   697 -1.27814E-03
   698 -1.30798E-03
   699 -1.33491E-03
   700 -1.35857E-03
   701 -1.37865E-03
   702 -1.39482E-03
   703 -1.40674E-03
   704 -1.41407E-03
   705 -1.41650E-03
   706 -1.41380E-03
   707 -1.40622E-03
   708 -1.39411E-03
   709 -1.37783E-03
   710 -1.35774E-03
   711 -1.33420E-03
   712 -1.30756E-03
   713 -1.27818E-03
   714 -1.24641E-03
   715 -1.21263E-03
   716 -1.17717E-03
   717 -1.14040E-03
   718 -1.10269E-03
   719 -1.06437E-03
   720 -1.02582E-03
   721 -9.87322E-04
   722 -9.48936E-04
   723 -9.10649E-04
   724 -8.72450E-04
   725 -8.34331E-04
   726 -7.96282E-04
   727 -7.58291E-04
   728 -7.20350E-04
   729 -6.82448E-04
   730 -6.44576E-04
   731 -6.06723E-04
   732 -5.68879E-04
   733 -5.31035E-04
   734 -4.93181E-04
   735 -4.55307E-04
   736 -4.17431E-04
   737 -3.79690E-04
   738 -3.42248E-04
   739 -3.05271E-04
   740 -2.68922E-04
   741 -2.33367E-04
   742 -1.98770E-04
   743 -1.65296E-04
   744 -1.33111E-04
   745 -1.02378E-04
   746 -7.32631E-05
   747 -4.59304E-05
   748 -2.05448E-05
   749  2.72886E-06
   750  2.37258E-05
   751  4.23357E-05
   752  5.86661E-05
   753  7.28792E-05
   754  8.51369E-05
   755  9.56014E-05
   756  1.04435E-04
   757  1.11799E-04
   758  1.17856E-04
   759  1.22768E-04
   760  1.26697E-04
   761  1.29805E-04
   762  1.32254E-04
   763  1.34206E-04
   764  1.35824E-04
   765  1.37269E-04
   766  1.38670E-04
   767  1.40024E-04
   768  1.41293E-04
   769  1.42442E-04
   770  1.43433E-04
   771  1.44230E-04
   772  1.44795E-04
   773  1.45092E-04
   774  1.45085E-04
   775  1.44736E-04
   776  1.44008E-04
   777  1.42866E-04
   778  1.41272E-04
   779  1.39189E-04
   780  1.36581E-04
   781  1.33425E-04
   782  1.29758E-04
   783  1.25630E-04
   784  1.21093E-04
   785  1.16196E-04
   786  1.10990E-04
   787  1.05527E-04
   788  9.98573E-05
   789  9.40311E-05
   790  8.80993E-05
   791  8.21128E-05
   792  7.61222E-05
   793  7.01784E-05
   794  6.43319E-05
   795  5.86336E-05
   796  5.31264E-05
   797  4.78213E-05
   798  4.27217E-05
   799  3.78310E-05
   800  3.31524E-05
   801  2.86892E-05
   802  2.44448E-05
   803  2.04223E-05
   804  1.66253E-05
   805  1.30569E-05
   806  9.72040E-06
   807  6.61920E-06
   808  3.75656E-06
   809  1.13579E-06
   810 -1.23980E-06
   811 -3.37037E-06
   812 -5.26995E-06
   813 -6.95603E-06
   814 -8.44608E-06
   815 -9.75760E-06
   816 -1.09081E-05
   817 -1.19150E-05
   818 -1.27958E-05
   819 -1.35681E-05
   820 -1.42493E-05
   821 -1.48568E-05
   822 -1.54082E-05
   823 -1.59210E-05
   824 -1.64126E-05
   825 -1.69006E-05
   826 -1.73981E-05
   827 -1.79009E-05
   828 -1.84007E-05
   829 -1.88890E-05
   830 -1.93572E-05
   831 -1.97971E-05
   832 -2.02001E-05
   833 -2.05578E-05
   834 -2.08617E-05
   835 -2.11034E-05
   836 -2.12745E-05
   837 -2.13664E-05
   838 -2.13708E-05
   839 -2.12792E-05
   840 -2.10831E-05
   841 -2.07770E-05
   842 -2.03668E-05
   843 -1.98613E-05
   844 -1.92692E-05
   845 -1.85993E-05
   846 -1.78604E-05
   847 -1.70613E-05
   848 -1.62108E-05
   849 -1.53175E-05
   850 -1.43905E-05
   851 -1.34383E-05
   852 -1.24698E-05
   853 -1.14938E-05
   854 -1.05190E-05
   855 -9.55418E-06
   856 -8.60714E-06
   857 -7.68132E-06
   858 -6.77914E-06
   859 -5.90300E-06
   860 -5.05533E-06
   861 -4.23853E-06
   862 -3.45504E-06
   863 -2.70725E-06
   864 -1.99760E-06
   865 -1.32848E-06
   866 -7.02331E-07
   867 -1.21554E-07
   868  4.11430E-07
   869  8.94207E-07
   870  1.32436E-06
   871  1.70043E-06
   872  2.02474E-06
   873  2.30061E-06
   874  2.53132E-06
   875  2.72017E-06
   876  2.87044E-06
   877  2.98544E-06
   878  3.06845E-06
   879  3.12278E-06
   880  3.15171E-06
   881  3.15854E-06
   882  3.14656E-06
   883  3.11907E-06
   884  3.07936E-06
   885  3.03072E-06
   886  2.97605E-06
   887  2.91667E-06
   888  2.85350E-06
   889  2.78744E-06
   890  2.71942E-06
   891  2.65036E-06
   892  2.58118E-06
   893  2.51279E-06
   894  2.44611E-06
   895  2.38206E-06
   896  2.32156E-06
   897  2.26552E-06
   898  2.21486E-06
   899  2.17051E-06
   900  2.13337E-06
   901  2.10409E-06
   902  2.08218E-06
   903  2.06687E-06
   904  2.05740E-06
   905  2.05299E-06
   906  2.05289E-06
   907  2.05632E-06
   908  2.06253E-06
   909  2.07073E-06
   910  2.08017E-06
   911  2.09007E-06
   912  2.09968E-06
   913  2.10822E-06
   914  2.11493E-06
   915  2.11904E-06
   916  2.11979E-06
   917  2.11645E-06
   918  2.10832E-06
   919  2.09466E-06
   920  2.07477E-06
   921  2.04793E-06
   922  2.01341E-06
   923  1.97051E-06
   924  1.91849E-06
   925  1.85666E-06
   926  1.78428E-06
   927  1.70065E-06
   928  1.60504E-06
   929  1.49673E-06
   930  1.37501E-06
   931  1.23956E-06
   932  1.09164E-06
   933  9.32887E-07
   934  7.64966E-07
   935  5.89528E-07
   936  4.08224E-07
   937  2.22708E-07
   938  3.46308E-08
   939 -1.54353E-07
   940 -3.42592E-07
   941 -5.28433E-07
   942 -7.10223E-07
   943 -8.86310E-07
   944 -1.05504E-06
   945 -1.21476E-06
   946 -1.36402E-06
   947 -1.50210E-06
   948 -1.62853E-06
   949 -1.74278E-06
   950 -1.84436E-06
   951 -1.93276E-06
   952 -2.00748E-06
   953 -2.06802E-06
   954 -2.11388E-06
   955 -2.14454E-06
   956 -2.15952E-06
   957 -2.15830E-06
   958 -2.14039E-06
   959 -2.10527E-06
   960 -2.05246E-06
   961 -1.98184E-06
   962 -1.89495E-06
   963 -1.79373E-06
   964 -1.68012E-06
   965 -1.55605E-06
   966 -1.42347E-06
   967 -1.28429E-06
   968 -1.14048E-06
   969 -9.93952E-07
   970 -8.46656E-07
   971 -7.00526E-07
   972 -5.57499E-07
   973 -4.19513E-07
   974 -2.88505E-07
   975 -1.66411E-07
   976 -5.47835E-08
   977  4.63749E-08
   978  1.37447E-07
   979  2.18816E-07
   980  2.90864E-07
   981  3.53975E-07
   982  4.08531E-07
   983  4.54916E-07
   984  4.93512E-07
   985  5.24702E-07
   986  5.48870E-07
   987  5.66398E-07
   988  5.77669E-07
   989  5.83066E-07
   990  5.82973E-07
   991  5.77728E-07
   992  5.67500E-07
   993  5.52414E-07
   994  5.32595E-07
   995  5.08166E-07
   996  4.79254E-07
   997  4.45982E-07
   998  4.08476E-07
   999  3.66860E-07
  1000  3.21259E-07
  1001  2.71798E-07
  1002  2.18602E-07
  1003  1.61795E-07
  1004  1.01503E-07
  1005  3.78490E-08
  1006 -2.88609E-08
  1007 -9.76023E-08
  1008 -1.67170E-07
  1009 -2.36360E-07
  1010 -3.03968E-07
  1011 -3.68788E-07
  1012 -4.29615E-07
  1013 -4.85246E-07
  1014 -5.34474E-07
  1015 -5.76097E-07
  1016 -6.08908E-07
  1017 -6.31703E-07
  1018 -6.43277E-07
  1019 -6.42426E-07
  1020 -6.27944E-07
  1021 -5.99105E-07
  1022 -5.57091E-07
  1023 -5.03563E-07
  1024 -4.40181E-07
  1025 -3.68605E-07
  1026 -2.90496E-07
  1027 -2.07514E-07
  1028 -1.21320E-07
  1029 -3.35731E-08
  1030  5.40653E-08
  1031  1.39935E-07
  1032  2.22376E-07
  1033  2.99728E-07
  1034  3.70331E-07
  1035  4.32523E-07
  1036  4.85020E-07
  1037  5.28033E-07
  1038  5.62149E-07
  1039  5.87954E-07
  1040  6.06036E-07
  1041  6.16981E-07
  1042  6.21376E-07
  1043  6.19807E-07
  1044  6.12860E-07
  1045  6.01123E-07
  1046  5.85183E-07
  1047  5.65625E-07
  1048  5.43036E-07
  1049  5.18004E-07
  1050  4.91115E-07
  1051  4.62847E-07
  1052  4.33253E-07
  1053  4.02275E-07
  1054  3.69858E-07
  1055  3.35944E-07
  1056  3.00477E-07
  1057  2.63402E-07
  1058  2.24661E-07
  1059  1.84198E-07
  1060  1.41956E-07
  1061  9.78805E-08
  1062  5.19134E-08
  1063  3.99884E-09
  1064 -4.59197E-08
  1065 -9.78986E-08
  1066 -1.51839E-07
  1067 -2.07023E-07
  1068 -2.62577E-07
  1069 -3.17627E-07
  1070 -3.71299E-07
  1071 -4.22721E-07
  1072 -4.71019E-07
  1073 -5.15318E-07
  1074 -5.54747E-07
  1075 -5.88431E-07
  1076 -6.15496E-07
  1077 -6.35070E-07
  1078 -6.46278E-07
  1079 -6.48247E-07
  1080 -6.40104E-07
  1081 -6.21322E-07
  1082 -5.92755E-07
  1083 -5.55605E-07
  1084 -5.11075E-07
  1085 -4.60365E-07
  1086 -4.04678E-07
  1087 -3.45214E-07
  1088 -2.83177E-07
  1089 -2.19767E-07
  1090 -1.56185E-07
  1091 -9.36346E-08
  1092 -3.33162E-08
  1093  2.35683E-08
  1094  7.58172E-08
  1095  1.22229E-07
  1096  1.61888E-07
  1097  1.95025E-07
  1098  2.22157E-07
  1099  2.43799E-07
  1100  2.60469E-07
  1101  2.72683E-07
  1102  2.80958E-07
  1103  2.85810E-07
  1104  2.87756E-07
  1105  2.87312E-07
  1106  2.84996E-07
  1107  2.81323E-07
  1108  2.76810E-07
  1109  2.71974E-07
  1110  2.67332E-07
  1111  2.63284E-07
  1112  2.59769E-07
  1113  2.56607E-07
  1114  2.53622E-07
  1115  2.50635E-07
  1116  2.47469E-07
  1117  2.43945E-07
  1118  2.39886E-07
  1119  2.35114E-07
  1120  2.29450E-07
  1121  2.22718E-07
  1122  2.14738E-07
  1123  2.05334E-07
  1124  1.94327E-07
  1125  1.81539E-07
  1126  1.66876E-07
  1127  1.50576E-07
  1128  1.32959E-07
  1129  1.14348E-07
  1130  9.50638E-08
  1131  7.54274E-08
  1132  5.57603E-08
  1133  3.63837E-08
  1134  1.76191E-08
  1135 -2.12245E-10
  1136 -1.67891E-08
  1137 -3.17900E-08
  1138 -4.48938E-08
  1139 -5.57792E-08
  1140 -6.41247E-08
  1141 -6.97081E-08
  1142 -7.27027E-08
  1143 -7.33810E-08
  1144 -7.20154E-08
  1145 -6.88783E-08
  1146 -6.42420E-08
  1147 -5.83790E-08
  1148 -5.15617E-08
  1149 -4.40624E-08
  1150 -3.61536E-08
  1151 -2.81076E-08
  1152 -2.01968E-08
  1153 -1.26937E-08
  1154 -5.87065E-09
  1155  0.00000E+00
  1156  4.70848E-09
  1157  8.29568E-09
  1158  1.08651E-08
  1159  1.25203E-08
  1160  1.33649E-08
  1161  1.35023E-08
  1162  1.30360E-08
  1163  1.20697E-08
  1164  1.07068E-08
  1165  9.05095E-09
  1166  7.20558E-09
  1167  5.27427E-09
  1168  3.36055E-09
  1169  1.56795E-09
  1170  0.00000E+00
  1171 -1.26163E-09
  1172 -2.22282E-09
  1173 -2.91130E-09
  1174 -3.35482E-09
  1175 -3.58111E-09
  1176 -3.61792E-09
  1177 -3.49299E-09
  1178 -3.23407E-09
  1179 -2.86889E-09
  1180 -2.42519E-09
  1181 -1.93073E-09
  1182 -1.41324E-09
  1183 -9.00456E-10
  1184 -4.20130E-10
  1185  0.00000E+00
  1186  3.38054E-10
  1187  5.95603E-10
  1188  7.80081E-10
  1189  8.98920E-10
  1190  9.59555E-10
  1191  9.69419E-10
  1192  9.35944E-10
  1193  8.66565E-10
  1194  7.68716E-10
  1195  6.49829E-10
  1196  5.17338E-10
  1197  3.78676E-10
  1198  2.41277E-10
  1199  1.12573E-10
  1200  0.00000E+00
  1201 -9.05813E-11
  1202 -1.59591E-10
  1203 -2.09022E-10
  1204 -2.40865E-10
  1205 -2.57112E-10
  1206 -2.59755E-10
  1207 -2.50786E-10
  1208 -2.32196E-10
  1209 -2.05977E-10
  1210 -1.74121E-10
  1211 -1.38620E-10
  1212 -1.01466E-10
  1213 -6.46498E-11
  1214 -3.01640E-11
  1215  0.00000E+00
  1216  2.42712E-11
  1217  4.27624E-11
  1218  5.60073E-11
  1219  6.45396E-11
  1220  6.88929E-11
  1221  6.96011E-11
  1222  6.71978E-11
  1223  6.22166E-11
  1224  5.51913E-11
  1225  4.66556E-11
  1226  3.71432E-11
  1227  2.71877E-11
  1228  1.73229E-11
  1229  8.08241E-12
  1230  0.00000E+00
  1231 -6.50344E-12
  1232 -1.14581E-11
  1233 -1.50071E-11
  1234 -1.72933E-11
  1235 -1.84598E-11
  1236 -1.86496E-11
  1237 -1.80056E-11
  1238 -1.66709E-11
  1239 -1.47885E-11
  1240 -1.25013E-11
  1241 -9.95248E-12
  1242 -7.28492E-12
  1243 -4.64165E-12
  1244 -2.16568E-12
  1245  0.00000E+00
  1246  1.74259E-12
  1247  3.07020E-12
  1248  4.02114E-12
  1249  4.63373E-12
  1250  4.94629E-12
  1251  4.99714E-12
  1252  4.82458E-12
  1253  4.46695E-12
  1254  3.96256E-12
  1255  3.34972E-12
  1256  2.66676E-12
  1257  1.95199E-12
  1258  1.24373E-12
  1259  5.80291E-13
  1260  0.00000E+00
  1261 -4.66926E-13
  1262 -8.22657E-13
  1263 -1.07746E-12
  1264 -1.24160E-12
  1265 -1.32535E-12
  1266 -1.33898E-12
  1267 -1.29274E-12
  1268 -1.19692E-12
  1269 -1.06176E-12
  1270 -8.97555E-13
  1271 -7.14556E-13
  1272 -5.23034E-13
  1273 -3.33255E-13
  1274 -1.55488E-13
  1275  0.00000E+00
  1276  1.25113E-13
  1277  2.20430E-13
  1278  2.88705E-13
  1279  3.32687E-13
  1280  3.55128E-13
  1281  3.58778E-13
  1282  3.46389E-13
  1283  3.20713E-13
  1284  2.84499E-13
  1285  2.40499E-13
  1286  1.91465E-13
  1287  1.40146E-13
  1288  8.92955E-14
  1289  4.16630E-14
  1290  0.00000E+00
  1291 -3.35238E-14
  1292 -5.90641E-14
  1293 -7.73582E-14
  1294 -8.91432E-14
  1295 -9.51561E-14
  1296 -9.61343E-14
  1297 -9.28148E-14
  1298 -8.59347E-14
  1299 -7.62312E-14
  1300 -6.44416E-14
  1301 -5.13028E-14
  1302 -3.75521E-14
  1303 -2.39267E-14
  1304 -1.11636E-14
  1305  0.00000E+00
  1306  8.98267E-15
  1307  1.58262E-14
  1308  2.07281E-14
  1309  2.38858E-14
  1310  2.54970E-14
  1311  2.57591E-14
  1312  2.48696E-14
  1313  2.30261E-14
  1314  2.04261E-14
  1315  1.72671E-14
  1316  1.37465E-14
  1317  1.00621E-14
  1318  6.41113E-15
  1319  2.99127E-15
  1320  0.00000E+00
  1321 -2.40690E-15
  1322 -4.24061E-15
  1323 -5.55407E-15
  1324 -6.40019E-15
  1325 -6.83190E-15
  1326 -6.90213E-15
  1327 -6.66380E-15
  1328 -6.16983E-15
  1329 -5.47316E-15
  1330 -4.62670E-15
  1331 -3.68338E-15
  1332 -2.69612E-15
  1333 -1.71786E-15
  1334 -8.01508E-16
  1335  0.00000E+00
  1336  6.44927E-16
  1337  1.13627E-15
  1338  1.48821E-15
  1339  1.71493E-15
  1340  1.83060E-15
  1341  1.84942E-15
  1342  1.78556E-15
  1343  1.65320E-15
  1344  1.46653E-15
  1345  1.23972E-15
  1346  9.86957E-16
  1347  7.22423E-16
  1348  4.60298E-16
  1349  2.14763E-16
  1350  0.00000E+00
  1351 -1.72808E-16
  1352 -3.04462E-16
  1353 -3.98764E-16
  1354 -4.59513E-16
  1355 -4.90509E-16
  1356 -4.95551E-16
  1357 -4.78439E-16
  1358 -4.42974E-16
  1359 -3.92955E-16
  1360 -3.32182E-16
  1361 -2.64454E-16
  1362 -1.93573E-16
  1363 -1.23337E-16
  1364 -5.75457E-17
  1365  0.00000E+00
  1366  4.63037E-17
  1367  8.15804E-17
  1368  1.06849E-16
  1369  1.23126E-16
  1370  1.31431E-16
  1371  1.32782E-16
  1372  1.28197E-16
  1373  1.18695E-16
  1374  1.05292E-16
  1375  8.90078E-17
  1376  7.08604E-17
  1377  5.18677E-17
  1378  3.30479E-17
  1379  1.54193E-17
  1380  0.00000E+00
  1381 -1.24070E-17
  1382 -2.18594E-17
  1383 -2.86300E-17
  1384 -3.29916E-17
  1385 -3.52169E-17
  1386 -3.55789E-17
  1387 -3.43504E-17
  1388 -3.18041E-17
  1389 -2.82129E-17
  1390 -2.38496E-17
  1391 -1.89870E-17
  1392 -1.38979E-17
  1393 -8.85517E-18
  1394 -4.13159E-18
  1395  0.00000E+00
  1396  3.32445E-18
  1397  5.85721E-18
  1398  7.67138E-18
  1399  8.84006E-18
  1400  9.43635E-18
  1401  9.53335E-18
  1402  9.20416E-18
  1403  8.52188E-18
  1404  7.55962E-18
  1405  6.39047E-18
  1406  5.08754E-18
  1407  3.72393E-18
  1408  2.37273E-18
  1409  1.10706E-18
  1410  0.00000E+00
  1411 -8.90784E-19
  1412 -1.56944E-18
  1413 -2.05554E-18
  1414 -2.36869E-18
  1415 -2.52846E-18
  1416 -2.55445E-18
  1417 -2.46625E-18
  1418 -2.28343E-18
  1419 -2.02559E-18
  1420 -1.71232E-18
  1421 -1.36320E-18
  1422 -9.97824E-19
  1423 -6.35772E-19
  1424 -2.96635E-19
  1425  0.00000E+00
  1426  2.38685E-19
  1427  4.20529E-19
  1428  5.50780E-19
  1429  6.34688E-19
  1430  6.77499E-19
  1431  6.84463E-19
  1432  6.60829E-19
  1433  6.11844E-19
  1434  5.42756E-19
  1435  4.58815E-19
  1436  3.65269E-19
  1437  2.67366E-19
  1438  1.70355E-19
  1439  7.94831E-20
  1440  0.00000E+00
  1441 -6.39554E-20
  1442 -1.12680E-19
  1443 -1.47581E-19
  1444 -1.70064E-19
  1445 -1.81535E-19
  1446 -1.83401E-19
  1447 -1.77069E-19
  1448 -1.63943E-19
  1449 -1.45431E-19
  1450 -1.22939E-19
  1451 -9.78736E-20
  1452 -7.16405E-20
  1453 -4.56464E-20
  1454 -2.12974E-20
  1455  0.00000E+00
  1456  1.71368E-20
  1457  3.01926E-20
  1458  3.95443E-20
  1459  4.55685E-20
  1460  4.86423E-20
  1461  4.91423E-20
  1462  4.74454E-20
  1463  4.39284E-20
  1464  3.89682E-20
  1465  3.29415E-20
  1466  2.62252E-20
  1467  1.91960E-20
  1468  1.22309E-20
  1469  5.70663E-21
  1470  0.00000E+00
  1471 -4.59179E-21
  1472 -8.09009E-21
  1473 -1.05959E-20
  1474 -1.22101E-20
  1475 -1.30337E-20
  1476 -1.31676E-20
  1477 -1.27129E-20
  1478 -1.17706E-20
  1479 -1.04415E-20
  1480 -8.82664E-21
  1481 -7.02701E-21
  1482 -5.14356E-21
  1483 -3.27726E-21
  1484 -1.52909E-21
  1485  0.00000E+00
  1486  1.23037E-21
  1487  2.16773E-21
  1488  2.83915E-21
  1489  3.27167E-21
  1490  3.49236E-21
  1491  3.52826E-21
  1492  3.40642E-21
  1493  3.15392E-21
  1494  2.79779E-21
  1495  2.36509E-21
  1496  1.88288E-21
  1497  1.37821E-21
  1498  8.78140E-22
  1499  4.09718E-22
  1500  0.00000E+00
  1501 -3.29676E-22
  1502 -5.80842E-22
  1503 -7.60748E-22
  1504 -8.76642E-22
  1505 -9.35774E-22
  1506 -9.45393E-22
  1507 -9.12749E-22
  1508 -8.45089E-22
  1509 -7.49665E-22
  1510 -6.33724E-22
  1511 -5.04516E-22
  1512 -3.69291E-22
  1513 -2.35297E-22
  1514 -1.09784E-22
  1515  0.00000E+00
  1516  8.83364E-23
  1517  1.55636E-22
  1518  2.03842E-22
  1519  2.34896E-22
  1520  2.50740E-22
  1521  2.53317E-22
  1522  2.44570E-22
  1523  2.26441E-22
  1524  2.00872E-22
  1525  1.69806E-22
  1526  1.35185E-22
  1527  9.89512E-23
  1528  6.30476E-23
  1529  2.94164E-23
  1530  0.00000E+00
  1531 -2.36697E-23
  1532 -4.17026E-23
  1533 -5.46192E-23
  1534 -6.29401E-23
  1535 -6.71856E-23
  1536 -6.78762E-23
  1537 -6.55324E-23
  1538 -6.06747E-23
  1539 -5.38235E-23
  1540 -4.54993E-23
  1541 -3.62226E-23
  1542 -2.65139E-23
  1543 -1.68936E-23
  1544 -7.88210E-24
  1545  0.00000E+00
  1546  6.34227E-24
  1547  1.11742E-23
  1548  1.46352E-23
  1549  1.68647E-23
  1550  1.80023E-23
  1551  1.81874E-23
  1552  1.75594E-23
  1553  1.62577E-23
  1554  1.44220E-23
  1555  1.21915E-23
  1556  9.70583E-24
  1557  7.10438E-24
  1558  4.52662E-24
  1559  2.11200E-24
  1560  0.00000E+00
  1561 -1.69941E-24
  1562 -2.99411E-24
  1563 -3.92148E-24
  1564 -4.51889E-24
  1565 -4.82371E-24
  1566 -4.87329E-24
  1567 -4.70501E-24
  1568 -4.35625E-24
  1569 -3.86435E-24
  1570 -3.26671E-24
  1571 -2.60067E-24
  1572 -1.90361E-24
  1573 -1.21290E-24
  1574 -5.65909E-25
  1575  0.00000E+00
  1576  4.55354E-25
  1577  8.02270E-25
  1578  1.05076E-24
  1579  1.21083E-24
  1580  1.29251E-24
  1581  1.30579E-24
  1582  1.26070E-24
  1583  1.16725E-24
  1584  1.03545E-24
  1585  8.75311E-25
  1586  6.96847E-25
  1587  5.10071E-25
  1588  3.24996E-25
  1589  1.51635E-25
  1590  0.00000E+00
  1591 -1.22012E-25
  1592 -2.14967E-25
  1593 -2.81550E-25
  1594 -3.24442E-25
  1595 -3.46326E-25
  1596 -3.49887E-25
  1597 -3.37805E-25
  1598 -3.12764E-25
  1599 -2.77448E-25
  1600 -2.34539E-25
  1601 -1.86720E-25
  1602 -1.36673E-25
  1603 -8.70825E-26
  1604 -4.06305E-26
  1605  0.00000E+00
  1606  3.26930E-26
  1607  5.76004E-26
  1608  7.54411E-26
  1609  8.69340E-26
  1610  9.27979E-26
  1611  9.37518E-26
  1612  9.05145E-26
  1613  8.38050E-26
  1614  7.43420E-26
  1615  6.28445E-26
  1616  5.00314E-26
  1617  3.66215E-26
  1618  2.33337E-26
  1619  1.08869E-26
  1620  0.00000E+00
  1621 -8.76006E-27
  1622 -1.54340E-26
  1623 -2.02144E-26
  1624 -2.32939E-26
  1625 -2.48651E-26
  1626 -2.51207E-26
  1627 -2.42533E-26
  1628 -2.24555E-26
  1629 -1.99199E-26
  1630 -1.68391E-26
  1631 -1.34059E-26
  1632 -9.81269E-27
  1633 -6.25224E-27
  1634 -2.91714E-27
  1635  0.00000E+00
  1636  2.34725E-27
  1637  4.13552E-27
  1638  5.41642E-27
  1639  6.24158E-27
  1640  6.66259E-27
  1641  6.73108E-27
  1642  6.49865E-27
  1643  6.01693E-27
  1644  5.33752E-27
  1645  4.51203E-27
  1646  3.59209E-27
  1647  2.62930E-27
  1648  1.67528E-27
  1649  7.81644E-28
  1650  0.00000E+00
  1651 -6.28944E-28
  1652 -1.10811E-27
  1653 -1.45133E-27
  1654 -1.67243E-27
  1655 -1.78524E-27
  1656 -1.80359E-27
  1657 -1.74131E-27
  1658 -1.61223E-27
  1659 -1.43018E-27
  1660 -1.20900E-27
  1661 -9.62498E-28
  1662 -7.04520E-28
  1663 -4.48891E-28
  1664 -2.09441E-28
  1665  0.00000E+00
  1666  1.68525E-28
  1667  2.96917E-28
  1668  3.88882E-28
  1669  4.48125E-28
  1670  4.78352E-28
  1671  4.83270E-28
  1672  4.66582E-28
  1673  4.31996E-28
  1674  3.83216E-28
  1675  3.23949E-28
  1676  2.57900E-28
  1677  1.88775E-28
  1678  1.20280E-28
  1679  5.61195E-29
  1680  0.00000E+00
  1681 -4.51561E-29
  1682 -7.95586E-29
  1683 -1.04201E-28
  1684 -1.20075E-28
  1685 -1.28174E-28
  1686 -1.29492E-28
  1687 -1.25020E-28
  1688 -1.15753E-28
  1689 -1.02682E-28
  1690 -8.68020E-29
  1691 -6.91042E-29
  1692 -5.05822E-29
  1693 -3.22289E-29
  1694 -1.50372E-29
  1695  0.00000E+00
  1696  1.20995E-29
  1697  2.13177E-29
  1698  2.79204E-29
  1699  3.21739E-29
  1700  3.43441E-29
  1701  3.46972E-29
  1702  3.34991E-29
  1703  3.10159E-29
  1704  2.75137E-29
  1705  2.32585E-29
  1706  1.85164E-29
  1707  1.35535E-29
  1708  8.63571E-30
  1709  4.02920E-30
  1710  0.00000E+00
  1711 -3.24206E-30
  1712 -5.71205E-30
  1713 -7.48126E-30
  1714 -8.62098E-30
  1715 -9.20249E-30
  1716 -9.29708E-30
  1717 -8.97605E-30
  1718 -8.31068E-30
  1719 -7.37227E-30
  1720 -6.23210E-30
  1721 -4.96146E-30
  1722 -3.63164E-30
  1723 -2.31393E-30
  1724 -1.07962E-30
  1725  0.00000E+00
  1726  8.68708E-31
  1727  1.53054E-30
  1728  2.00460E-30
  1729  2.30998E-30
  1730  2.46580E-30
  1731  2.49115E-30
  1732  2.40513E-30
  1733  2.22684E-30
  1734  1.97539E-30
  1735  1.66989E-30
  1736  1.32942E-30
  1737  9.73095E-31
  1738  6.20016E-31
  1739  2.89284E-31
  1740  0.00000E+00
  1741 -2.32770E-31
  1742 -4.10107E-31
  1743 -5.37130E-31
  1744 -6.18958E-31
  1745 -6.60709E-31
  1746 -6.67500E-31
  1747 -6.44452E-31
  1748 -5.96680E-31
  1749 -5.29305E-31
  1750 -4.47445E-31
  1751 -3.56217E-31
  1752 -2.60740E-31
  1753 -1.66133E-31
  1754 -7.75133E-32
  1755  0.00000E+00
  1756  6.23704E-32
  1757  1.09888E-31
  1758  1.43924E-31
  1759  1.65849E-31
  1760  1.77036E-31
  1761  1.78856E-31
  1762  1.72680E-31
  1763  1.59880E-31
  1764  1.41827E-31
  1765  1.19892E-31
  1766  9.54480E-32
  1767  6.98651E-32
  1768  4.45151E-32
  1769  2.07696E-32
  1770  0.00000E+00
  1771 -1.67121E-32
  1772 -2.94443E-32
  1773 -3.85642E-32
  1774 -4.44392E-32
  1775 -4.74367E-32
  1776 -4.79244E-32
  1777 -4.62695E-32
  1778 -4.28397E-32
  1779 -3.80024E-32
  1780 -3.21251E-32
  1781 -2.55752E-32
  1782 -1.87203E-32
  1783 -1.19278E-32
  1784 -5.56520E-33
  1785  0.00000E+00
  1786  4.47800E-33
  1787  7.88959E-33
  1788  1.03333E-32
  1789  1.19074E-32
  1790  1.27106E-32
  1791  1.28413E-32
  1792  1.23979E-32
  1793  1.14789E-32
  1794  1.01827E-32
  1795  8.60789E-33
  1796  6.85286E-33
  1797  5.01609E-33
  1798  3.19604E-33
  1799  1.49119E-33
  1800  0.00000E+00
  1801 -1.19988E-33
  1802 -2.11401E-33
  1803 -2.76879E-33
  1804 -3.19059E-33
  1805 -3.40581E-33
  1806 -3.44081E-33
  1807 -3.32200E-33
  1808 -3.07575E-33
  1809 -2.72845E-33
  1810 -2.30648E-33
  1811 -1.83622E-33
  1812 -1.34406E-33
  1813 -8.56377E-34
  1814 -3.99564E-34
  1815  0.00000E+00
  1816  3.21506E-34
  1817  5.66447E-34
  1818  7.41894E-34
  1819  8.54916E-34
  1820  9.12583E-34
  1821  9.21964E-34
  1822  8.90128E-34
  1823  8.24145E-34
  1824  7.31086E-34
  1825  6.18018E-34
  1826  4.92013E-34
  1827  3.60139E-34
  1828  2.29466E-34
  1829  1.07063E-34
  1830  0.00000E+00
  1831 -8.61472E-35
  1832 -1.51779E-34
  1833 -1.98790E-34
  1834 -2.29074E-34
  1835 -2.44526E-34
  1836 -2.47039E-34
  1837 -2.38509E-34
  1838 -2.20829E-34
  1839 -1.95894E-34
  1840 -1.65598E-34
  1841 -1.31834E-34
  1842 -9.64989E-35
  1843 -6.14851E-35
  1844 -2.86874E-35
  1845  0.00000E+00
  1846  2.30831E-35
  1847  4.06691E-35
  1848  5.32656E-35
  1849  6.13802E-35
  1850  6.55205E-35
  1851  6.61940E-35
  1852  6.39083E-35
  1853  5.91710E-35
  1854  5.24896E-35
  1855  4.43718E-35
  1856  3.53250E-35
  1857  2.58568E-35
  1858  1.64749E-35
  1859  7.68677E-36
  1860  0.00000E+00
  1861 -6.18510E-36
  1862 -1.08973E-35
  1863 -1.42725E-35
  1864 -1.64468E-35
  1865 -1.75562E-35
  1866 -1.77367E-35
  1867 -1.71243E-35
  1868 -1.58549E-35
  1869 -1.40647E-35
  1870 -1.18895E-35
  1871 -9.46541E-36
  1872 -6.92841E-36
  1873 -4.41451E-36
  1874 -2.05971E-36
  1875  0.00000E+00
  1876  1.65734E-36
  1877  2.92002E-36
  1878  3.82448E-36
  1879  4.40715E-36
  1880  4.70448E-36
  1881  4.75289E-36
  1882  4.58883E-36
  1883  4.24874E-36
  1884  3.76906E-36
  1885  3.18621E-36
  1886  2.53665E-36
  1887  1.85681E-36
  1888  1.18313E-36
  1889  5.52049E-37
  1890  0.00000E+00
  1891 -4.44274E-37
  1892 -7.82825E-37
  1893 -1.02540E-36
  1894 -1.18176E-36
  1895 -1.26165E-36
  1896 -1.27483E-36
  1897 -1.23103E-36
  1898 -1.14002E-36
  1899 -1.01155E-36
  1900 -8.55359E-37
  1901 -6.81208E-37
  1902 -4.98846E-37
  1903 -3.18023E-37
  1904 -1.48490E-37
  1905  0.00000E+00
  1906  1.38910E-37
  1907  2.11274E-37
  1908  2.77136E-37
  1909  3.19904E-37
  1910  3.42144E-37
  1911  3.46421E-37
  1912  3.35301E-37
  1913  3.11351E-37
  1914  2.77136E-37
  1915  2.35224E-37
  1916  1.88179E-37
  1917  1.38568E-37
  1918  8.89574E-38
  1919  4.19126E-38
  1920  0.00000E+00
  1921 -3.47276E-38
  1922 -6.22701E-38
  1923 -8.31409E-38
  1924 -9.78531E-38
  1925 -1.06920E-37
  1926 -1.10855E-37
  1927 -1.10170E-37
  1928 -7.58602E-38
  1929 -6.72943E-38
  1930 -8.55359E-38
  1931 -7.15080E-38
  1932 -5.54273E-38
  1933 -3.78069E-38
  1934  0.00000E+00
  1935  0.00000E+00
  1936  0.00000E+00
  1937  0.00000E+00
  1938  0.00000E+00
  1939  0.00000E+00
  1940  0.00000E+00
  1941  2.97034E-38
  1942  2.95200E-38
  1943  0.00000E+00
  1944  0.00000E+00
  1945  0.00000E+00
  1946  0.00000E+00
  1947  0.00000E+00
  1948  0.00000E+00
  1949  0.00000E+00
  1950  0.00000E+00
  1951  0.00000E+00
  1952  0.00000E+00
  1953  0.00000E+00
  1954  0.00000E+00
  1955  0.00000E+00
  1956  0.00000E+00
  1957  0.00000E+00
  1958  0.00000E+00
  1959  0.00000E+00
  1960  0.00000E+00
  1961  0.00000E+00
  1962  0.00000E+00
  1963  0.00000E+00
  1964  0.00000E+00
  1965  0.00000E+00
  1966  0.00000E+00
  1967  0.00000E+00
  1968  0.00000E+00
  1969  0.00000E+00
  1970  0.00000E+00
  1971  0.00000E+00
  1972  0.00000E+00
  1973  0.00000E+00
  1974  0.00000E+00
  1975  0.00000E+00
  1976  0.00000E+00
  1977  0.00000E+00
  1978  0.00000E+00
  1979  0.00000E+00
  1980  0.00000E+00
  1981  0.00000E+00
  1982  0.00000E+00
  1983  0.00000E+00
  1984  0.00000E+00
  1985  0.00000E+00
  1986  0.00000E+00
  1987  0.00000E+00
  1988  0.00000E+00
  1989  0.00000E+00
  1990  0.00000E+00
  1991  0.00000E+00
  1992  0.00000E+00
  1993  0.00000E+00
  1994  0.00000E+00
  1995  0.00000E+00
  1996  0.00000E+00
  1997  0.00000E+00
  1998  0.00000E+00
  1999  0.00000E+00
  2000  0.00000E+00
  2001  0.00000E+00
  2002  0.00000E+00
  2003  0.00000E+00
  2004  0.00000E+00
  2005  0.00000E+00
  2006  0.00000E+00
  2007  0.00000E+00
  2008  0.00000E+00
  2009  0.00000E+00
  2010  0.00000E+00
  2011  0.00000E+00
  2012  0.00000E+00
  2013  0.00000E+00
  2014  0.00000E+00
  2015  0.00000E+00
  2016  0.00000E+00
  2017  0.00000E+00
  2018  0.00000E+00
  2019  0.00000E+00
  2020  0.00000E+00
  2021  0.00000E+00
  2022  0.00000E+00
  2023  0.00000E+00
  2024  0.00000E+00
  2025  0.00000E+00
  2026  0.00000E+00
  2027  0.00000E+00
  2028  0.00000E+00
  2029  0.00000E+00
  2030  0.00000E+00
  2031  0.00000E+00
  2032  0.00000E+00
  2033  0.00000E+00
  2034  0.00000E+00
  2035  0.00000E+00
  2036  0.00000E+00
  2037  0.00000E+00
  2038  0.00000E+00
  2039  0.00000E+00
  2040  0.00000E+00
  2041  0.00000E+00
  2042  0.00000E+00
  2043  0.00000E+00
  2044  0.00000E+00
  2045  0.00000E+00
  2046  0.00000E+00
  2047  0.00000E+00
  2048  0.00000E+00
  2049  0.00000E+00
  2050  0.00000E+00
  2051  0.00000E+00
  2052  0.00000E+00
  2053  0.00000E+00
  2054  0.00000E+00
  2055  0.00000E+00
  2056  0.00000E+00
  2057  0.00000E+00
  2058  0.00000E+00
  2059  0.00000E+00
  2060  0.00000E+00
  2061  0.00000E+00
  2062  0.00000E+00
  2063  0.00000E+00
  2064  0.00000E+00
  2065  0.00000E+00
  2066  0.00000E+00
  2067  0.00000E+00
  2068  0.00000E+00
  2069  0.00000E+00
  2070  0.00000E+00
  2071  0.00000E+00
  2072  0.00000E+00
  2073  0.00000E+00
  2074  0.00000E+00
  2075  0.00000E+00
  2076  0.00000E+00
  2077  0.00000E+00
  2078  0.00000E+00
  2079  0.00000E+00
  2080  0.00000E+00
  2081  0.00000E+00
  2082  0.00000E+00
  2083  0.00000E+00
  2084  0.00000E+00
  2085  0.00000E+00
  2086  0.00000E+00
  2087  0.00000E+00
  2088  0.00000E+00
  2089  0.00000E+00
  2090  0.00000E+00
  2091  0.00000E+00
  2092  0.00000E+00
  2093  0.00000E+00
  2094  0.00000E+00
  2095  0.00000E+00
  2096  0.00000E+00
  2097  0.00000E+00
  2098  0.00000E+00
  2099  0.00000E+00
  2100  0.00000E+00
  2101  0.00000E+00
  2102  0.00000E+00
  2103  0.00000E+00
  2104  0.00000E+00
  2105  0.00000E+00
  2106  0.00000E+00
  2107  0.00000E+00
  2108  0.00000E+00
  2109  0.00000E+00
  2110  0.00000E+00
  2111  0.00000E+00
  2112  0.00000E+00
  2113  0.00000E+00
  2114  0.00000E+00
  2115  0.00000E+00
  2116  0.00000E+00
  2117  0.00000E+00
  2118  0.00000E+00
  2119  0.00000E+00
  2120  0.00000E+00
  2121  0.00000E+00
  2122  0.00000E+00
  2123  0.00000E+00
  2124  0.00000E+00
  2125  0.00000E+00
  2126  0.00000E+00
  2127  0.00000E+00
  2128  0.00000E+00
  2129  0.00000E+00
  2130  0.00000E+00
  2131  0.00000E+00
  2132  0.00000E+00
  2133  0.00000E+00
  2134  0.00000E+00
  2135  0.00000E+00
  2136  0.00000E+00
  2137  0.00000E+00
  2138  0.00000E+00
  2139  0.00000E+00
  2140  0.00000E+00
  2141  0.00000E+00
  2142  0.00000E+00
  2143  0.00000E+00
  2144  0.00000E+00
  2145  0.00000E+00
  2146  0.00000E+00
  2147  0.00000E+00
  2148  0.00000E+00
  2149  0.00000E+00
  2150  0.00000E+00
  2151  0.00000E+00
  2152  0.00000E+00
  2153  0.00000E+00
  2154  0.00000E+00
  2155  0.00000E+00
  2156  0.00000E+00
  2157  0.00000E+00
  2158  0.00000E+00
  2159  0.00000E+00
  2160  0.00000E+00
  2161  0.00000E+00
  2162  0.00000E+00
  2163  0.00000E+00
  2164  0.00000E+00
  2165  0.00000E+00
  2166  0.00000E+00
  2167  0.00000E+00
  2168  0.00000E+00
  2169  0.00000E+00
  2170  0.00000E+00
  2171  0.00000E+00
  2172  0.00000E+00
  2173  0.00000E+00
  2174  0.00000E+00
  2175  0.00000E+00
  2176  0.00000E+00
  2177  0.00000E+00
  2178  0.00000E+00
  2179  0.00000E+00
  2180  0.00000E+00
  2181  0.00000E+00
  2182  0.00000E+00
  2183  0.00000E+00
  2184  0.00000E+00
  2185  0.00000E+00
  2186  0.00000E+00
  2187  0.00000E+00
  2188  0.00000E+00
  2189  0.00000E+00
  2190  0.00000E+00
  2191  0.00000E+00
  2192  0.00000E+00
  2193  0.00000E+00
  2194  0.00000E+00
  2195  0.00000E+00
  2196  0.00000E+00
  2197  0.00000E+00
  2198  0.00000E+00
  2199  0.00000E+00
  2200  0.00000E+00
  2201  0.00000E+00
  2202  0.00000E+00
  2203  0.00000E+00
  2204  0.00000E+00
  2205  0.00000E+00
  2206  0.00000E+00
  2207  0.00000E+00
  2208  0.00000E+00
  2209  0.00000E+00
  2210  0.00000E+00
  2211  0.00000E+00
  2212  0.00000E+00
  2213  0.00000E+00
  2214  0.00000E+00
  2215  0.00000E+00
  2216  0.00000E+00
  2217  0.00000E+00
  2218  0.00000E+00
  2219  0.00000E+00
  2220  0.00000E+00
  2221  0.00000E+00
  2222  0.00000E+00
  2223  0.00000E+00
  2224  0.00000E+00
  2225  0.00000E+00
  2226  0.00000E+00
  2227  0.00000E+00
  2228  0.00000E+00
  2229  0.00000E+00
  2230  0.00000E+00
  2231  0.00000E+00
  2232  0.00000E+00
  2233  0.00000E+00
  2234  0.00000E+00
  2235  0.00000E+00
  2236  0.00000E+00
  2237  0.00000E+00
  2238  0.00000E+00
  2239  0.00000E+00
  2240  0.00000E+00
  2241  0.00000E+00
  2242  0.00000E+00
  2243  0.00000E+00
  2244  0.00000E+00
  2245  0.00000E+00
  2246  0.00000E+00
  2247  0.00000E+00
  2248  0.00000E+00
  2249  0.00000E+00
  2250  0.00000E+00
  2251  0.00000E+00
  2252  0.00000E+00
  2253  0.00000E+00
  2254  0.00000E+00
  2255  0.00000E+00
  2256  0.00000E+00
  2257  0.00000E+00
  2258  0.00000E+00
  2259  0.00000E+00
  2260  0.00000E+00
  2261  0.00000E+00
  2262  0.00000E+00
  2263  0.00000E+00
  2264  0.00000E+00
  2265  0.00000E+00
  2266  0.00000E+00
  2267  0.00000E+00
  2268  0.00000E+00
  2269  0.00000E+00
  2270  0.00000E+00
  2271  0.00000E+00
  2272  0.00000E+00
  2273  0.00000E+00
  2274  0.00000E+00
  2275  0.00000E+00
  2276  0.00000E+00
  2277  0.00000E+00
  2278  0.00000E+00
  2279  0.00000E+00
  2280  0.00000E+00
  2281  0.00000E+00
  2282  0.00000E+00
  2283  0.00000E+00
  2284  0.00000E+00
  2285  0.00000E+00
  2286  0.00000E+00
  2287  0.00000E+00
  2288  0.00000E+00
  2289  0.00000E+00
  2290  0.00000E+00
  2291  0.00000E+00
  2292  0.00000E+00
  2293  0.00000E+00
  2294  0.00000E+00
  2295  0.00000E+00
  2296  0.00000E+00
  2297  0.00000E+00
  2298  0.00000E+00
  2299  0.00000E+00
  2300  0.00000E+00
  2301  0.00000E+00
  2302  0.00000E+00
  2303  0.00000E+00
  2304  0.00000E+00
  2305  0.00000E+00
  2306  0.00000E+00
  2307  0.00000E+00
  2308  0.00000E+00
  2309  0.00000E+00
  2310  0.00000E+00
  2311  0.00000E+00
  2312  0.00000E+00
  2313  0.00000E+00
  2314  0.00000E+00
  2315  0.00000E+00
  2316  0.00000E+00
  2317  0.00000E+00
  2318  0.00000E+00
  2319  0.00000E+00
  2320  0.00000E+00
  2321  0.00000E+00
  2322  0.00000E+00
  2323  0.00000E+00
  2324  0.00000E+00
  2325  0.00000E+00
  2326  0.00000E+00
  2327  0.00000E+00
  2328  0.00000E+00
  2329  0.00000E+00
  2330  0.00000E+00
  2331  0.00000E+00
  2332  0.00000E+00
  2333  0.00000E+00
  2334  0.00000E+00
  2335  0.00000E+00
  2336  0.00000E+00
  2337  0.00000E+00
  2338  0.00000E+00
  2339  0.00000E+00
  2340  0.00000E+00
  2341  0.00000E+00
  2342  0.00000E+00
  2343  0.00000E+00
  2344  0.00000E+00
  2345  0.00000E+00
  2346  0.00000E+00
  2347  0.00000E+00
  2348  0.00000E+00
  2349  0.00000E+00
  2350  0.00000E+00
  2351  0.00000E+00
  2352  0.00000E+00
  2353  0.00000E+00
  2354  0.00000E+00
  2355  0.00000E+00
  2356  0.00000E+00
  2357  0.00000E+00
  2358  0.00000E+00
  2359  0.00000E+00
  2360  0.00000E+00
  2361  0.00000E+00
  2362  0.00000E+00
  2363  0.00000E+00
  2364  0.00000E+00
  2365  0.00000E+00
  2366  0.00000E+00
  2367  0.00000E+00
  2368  0.00000E+00
  2369  0.00000E+00
  2370  0.00000E+00
  2371  0.00000E+00
  2372  0.00000E+00
  2373  0.00000E+00
  2374  0.00000E+00
  2375  0.00000E+00
  2376  0.00000E+00
  2377  0.00000E+00
  2378  0.00000E+00
  2379  0.00000E+00
  2380  0.00000E+00
  2381  0.00000E+00
  2382  0.00000E+00
  2383  0.00000E+00
  2384  0.00000E+00
  2385  0.00000E+00
  2386  0.00000E+00
  2387  0.00000E+00
  2388  0.00000E+00
  2389  0.00000E+00
  2390  0.00000E+00
  2391  0.00000E+00
  2392  0.00000E+00
  2393  0.00000E+00
  2394  0.00000E+00
  2395  0.00000E+00
  2396  0.00000E+00
  2397  0.00000E+00
  2398  0.00000E+00
  2399  0.00000E+00
  2400  0.00000E+00
  2401  0.00000E+00
  2402  0.00000E+00
  2403  0.00000E+00
  2404  0.00000E+00
  2405  0.00000E+00
  2406  0.00000E+00
  2407  0.00000E+00
  2408  0.00000E+00
  2409  0.00000E+00
  2410  0.00000E+00
  2411  0.00000E+00
  2412  0.00000E+00
  2413  0.00000E+00
  2414  0.00000E+00
  2415  0.00000E+00
  2416  0.00000E+00
  2417  0.00000E+00
  2418  0.00000E+00
  2419  0.00000E+00
  2420  0.00000E+00
  2421  0.00000E+00
  2422  0.00000E+00
  2423  0.00000E+00
  2424  0.00000E+00
  2425  0.00000E+00
  2426  0.00000E+00
  2427  0.00000E+00
  2428  0.00000E+00
  2429  0.00000E+00
  2430  0.00000E+00
  2431  0.00000E+00
  2432  0.00000E+00
  2433  0.00000E+00
  2434  0.00000E+00
  2435  0.00000E+00
  2436  0.00000E+00
  2437  0.00000E+00
  2438  0.00000E+00
  2439  0.00000E+00
  2440  0.00000E+00
  2441  0.00000E+00
  2442  0.00000E+00
  2443  0.00000E+00
  2444  0.00000E+00
  2445  0.00000E+00
  2446  0.00000E+00
  2447  0.00000E+00
  2448  0.00000E+00
  2449  0.00000E+00
  2450  0.00000E+00
  2451  0.00000E+00
  2452  0.00000E+00
  2453  0.00000E+00
  2454  0.00000E+00
  2455  0.00000E+00
  2456  0.00000E+00
  2457  0.00000E+00
  2458  0.00000E+00
  2459  0.00000E+00
  2460  0.00000E+00
  2461  0.00000E+00
  2462  0.00000E+00
  2463  0.00000E+00
  2464  0.00000E+00
  2465  0.00000E+00
  2466  0.00000E+00
  2467  0.00000E+00
  2468  0.00000E+00
  2469  0.00000E+00
  2470  0.00000E+00
  2471  0.00000E+00
  2472  0.00000E+00
  2473  0.00000E+00
  2474  0.00000E+00
  2475  0.00000E+00
  2476  0.00000E+00
  2477  0.00000E+00
  2478  0.00000E+00
  2479  0.00000E+00
  2480  0.00000E+00
  2481  0.00000E+00
  2482  0.00000E+00
  2483  0.00000E+00
  2484  0.00000E+00
  2485  0.00000E+00
  2486  0.00000E+00
  2487  0.00000E+00
  2488  0.00000E+00
  2489  0.00000E+00
  2490  0.00000E+00
  2491  0.00000E+00
  2492  0.00000E+00
  2493  0.00000E+00
  2494  0.00000E+00
  2495  0.00000E+00
  2496  0.00000E+00
  2497  0.00000E+00
  2498  0.00000E+00
  2499  0.00000E+00
  2500  0.00000E+00
  2501  0.00000E+00
  2502  0.00000E+00
  2503  0.00000E+00
  2504  0.00000E+00
  2505  0.00000E+00
  2506  0.00000E+00
  2507  0.00000E+00
  2508  0.00000E+00
  2509  0.00000E+00
  2510  0.00000E+00
  2511  0.00000E+00
  2512  0.00000E+00
  2513  0.00000E+00
  2514  0.00000E+00
  2515  0.00000E+00
  2516  0.00000E+00
  2517  0.00000E+00
  2518  0.00000E+00
  2519  0.00000E+00
  2520  0.00000E+00
  2521  0.00000E+00
  2522  0.00000E+00
  2523  0.00000E+00
  2524  0.00000E+00
  2525  0.00000E+00
  2526  0.00000E+00
  2527  0.00000E+00
  2528  0.00000E+00
  2529  0.00000E+00
  2530  0.00000E+00
  2531  0.00000E+00
  2532  0.00000E+00
  2533  0.00000E+00
  2534  0.00000E+00
  2535  0.00000E+00
  2536  0.00000E+00
  2537  0.00000E+00
  2538  0.00000E+00
  2539  0.00000E+00
  2540  0.00000E+00
  2541  0.00000E+00
  2542  0.00000E+00
  2543  0.00000E+00
  2544  0.00000E+00
  2545  0.00000E+00
  2546  0.00000E+00
  2547  0.00000E+00
  2548  0.00000E+00
  2549  0.00000E+00
  2550  0.00000E+00
  2551  0.00000E+00
  2552  0.00000E+00
  2553  0.00000E+00
  2554  0.00000E+00
  2555  0.00000E+00
  2556  0.00000E+00
  2557  0.00000E+00
  2558  0.00000E+00
  2559  0.00000E+00
  2560  0.00000E+00
  2561  0.00000E+00
  2562  0.00000E+00
  2563  0.00000E+00
  2564  0.00000E+00
  2565  0.00000E+00
  2566  0.00000E+00
  2567  0.00000E+00
  2568  0.00000E+00
  2569  0.00000E+00
  2570  0.00000E+00
  2571  0.00000E+00
  2572  0.00000E+00
  2573  0.00000E+00
  2574  0.00000E+00
  2575  0.00000E+00
  2576  0.00000E+00
  2577  0.00000E+00
  2578  0.00000E+00
  2579  0.00000E+00
  2580  0.00000E+00
  2581  0.00000E+00
  2582  0.00000E+00
  2583  0.00000E+00
  2584  0.00000E+00
  2585  0.00000E+00
  2586  0.00000E+00
  2587  0.00000E+00
  2588  0.00000E+00
  2589  0.00000E+00
  2590  0.00000E+00
  2591  0.00000E+00
  2592  0.00000E+00
  2593  0.00000E+00
  2594  0.00000E+00
  2595  0.00000E+00
  2596  0.00000E+00
  2597  0.00000E+00
  2598  0.00000E+00
  2599  0.00000E+00
  2600  0.00000E+00
  2601  0.00000E+00
  2602  0.00000E+00
  2603  0.00000E+00
  2604  0.00000E+00
  2605  0.00000E+00
  2606  0.00000E+00
  2607  0.00000E+00
  2608  0.00000E+00
  2609  0.00000E+00
  2610  0.00000E+00
  2611  0.00000E+00
  2612  0.00000E+00
  2613  0.00000E+00
  2614  0.00000E+00
  2615  0.00000E+00
  2616  0.00000E+00
  2617  0.00000E+00
  2618  0.00000E+00
  2619  0.00000E+00
  2620  0.00000E+00
  2621  0.00000E+00
  2622  0.00000E+00
  2623  0.00000E+00
  2624  0.00000E+00
  2625  0.00000E+00
  2626  0.00000E+00
  2627  0.00000E+00
  2628  0.00000E+00
  2629  0.00000E+00
  2630  0.00000E+00
  2631  0.00000E+00
  2632  0.00000E+00
  2633  0.00000E+00
  2634  0.00000E+00
  2635  0.00000E+00
  2636  0.00000E+00
  2637  0.00000E+00
  2638  0.00000E+00
  2639  0.00000E+00
  2640  0.00000E+00
  2641  0.00000E+00
  2642  0.00000E+00
  2643  0.00000E+00
  2644  0.00000E+00
  2645  0.00000E+00
  2646  0.00000E+00
  2647  0.00000E+00
  2648  0.00000E+00
  2649  0.00000E+00
  2650  0.00000E+00
  2651  0.00000E+00
  2652  0.00000E+00
  2653  0.00000E+00
  2654  0.00000E+00
  2655  0.00000E+00
  2656  0.00000E+00
  2657  0.00000E+00
  2658  0.00000E+00
  2659  0.00000E+00
  2660  0.00000E+00
  2661  0.00000E+00
  2662  0.00000E+00
  2663  0.00000E+00
  2664  0.00000E+00
  2665  0.00000E+00
  2666  0.00000E+00
  2667  0.00000E+00
  2668  0.00000E+00
  2669  0.00000E+00
  2670  0.00000E+00
  2671  0.00000E+00
  2672  0.00000E+00
  2673  0.00000E+00
  2674  0.00000E+00
  2675  0.00000E+00
  2676  0.00000E+00
  2677  0.00000E+00
  2678  0.00000E+00
  2679  0.00000E+00
  2680  0.00000E+00
  2681  0.00000E+00
  2682  0.00000E+00
  2683  0.00000E+00
  2684  0.00000E+00
  2685  0.00000E+00
  2686  0.00000E+00
  2687  0.00000E+00
  2688  0.00000E+00
  2689  0.00000E+00
  2690  0.00000E+00
  2691  0.00000E+00
  2692  0.00000E+00
  2693  0.00000E+00
  2694  0.00000E+00
  2695  0.00000E+00
  2696  0.00000E+00
  2697  0.00000E+00
  2698  0.00000E+00
  2699  0.00000E+00
  2700  0.00000E+00
  2701  0.00000E+00
  2702  0.00000E+00
  2703  0.00000E+00
  2704  0.00000E+00
  2705  0.00000E+00
  2706  0.00000E+00
  2707  0.00000E+00
  2708  0.00000E+00
  2709  0.00000E+00
  2710  0.00000E+00
  2711  0.00000E+00
  2712  0.00000E+00
  2713  0.00000E+00
  2714  0.00000E+00
  2715  0.00000E+00
  2716  0.00000E+00
  2717  0.00000E+00
  2718  0.00000E+00
  2719  0.00000E+00
  2720  0.00000E+00
  2721  0.00000E+00
  2722  0.00000E+00
  2723  0.00000E+00
  2724  0.00000E+00
  2725  0.00000E+00
  2726  0.00000E+00
  2727  0.00000E+00
  2728  0.00000E+00
  2729  0.00000E+00
  2730  0.00000E+00
  2731  0.00000E+00
  2732  0.00000E+00
  2733  0.00000E+00
  2734  0.00000E+00
  2735  0.00000E+00
  2736  0.00000E+00
  2737  0.00000E+00
  2738  0.00000E+00
  2739  0.00000E+00
  2740  0.00000E+00
  2741  0.00000E+00
  2742  0.00000E+00
  2743  0.00000E+00
  2744  0.00000E+00
  2745  0.00000E+00
  2746  0.00000E+00
  2747  0.00000E+00
  2748  0.00000E+00
  2749  0.00000E+00
  2750  0.00000E+00
  2751  0.00000E+00
  2752  0.00000E+00
  2753  0.00000E+00
  2754  0.00000E+00
  2755  0.00000E+00
  2756  0.00000E+00
  2757  0.00000E+00
  2758  0.00000E+00
  2759  0.00000E+00
  2760  0.00000E+00
  2761  0.00000E+00
  2762  0.00000E+00
  2763  0.00000E+00
  2764  0.00000E+00
  2765  0.00000E+00
  2766  0.00000E+00
  2767  0.00000E+00
  2768  0.00000E+00
  2769  0.00000E+00
  2770  0.00000E+00
  2771  0.00000E+00
  2772  0.00000E+00
  2773  0.00000E+00
  2774  0.00000E+00
  2775  0.00000E+00
  2776  0.00000E+00
  2777  0.00000E+00
  2778  0.00000E+00
  2779  0.00000E+00
  2780  0.00000E+00
  2781  0.00000E+00
  2782  0.00000E+00
  2783  0.00000E+00
  2784  0.00000E+00
  2785  0.00000E+00
  2786  0.00000E+00
  2787  0.00000E+00
  2788  0.00000E+00
  2789  0.00000E+00
  2790  0.00000E+00
  2791  0.00000E+00
  2792  0.00000E+00
  2793  0.00000E+00
  2794  0.00000E+00
  2795  0.00000E+00
  2796  0.00000E+00
  2797  0.00000E+00
  2798  0.00000E+00
  2799  0.00000E+00
  2800  0.00000E+00
  2801  0.00000E+00
  2802  0.00000E+00
  2803  0.00000E+00
  2804  0.00000E+00
  2805  0.00000E+00
  2806  0.00000E+00
  2807  0.00000E+00
  2808  0.00000E+00
  2809  0.00000E+00
  2810  0.00000E+00
  2811  0.00000E+00
  2812  0.00000E+00
  2813  0.00000E+00
  2814  0.00000E+00
  2815  0.00000E+00
  2816  0.00000E+00
  2817  0.00000E+00
  2818  0.00000E+00
  2819  0.00000E+00
  2820  0.00000E+00
  2821  0.00000E+00
  2822  0.00000E+00
  2823  0.00000E+00
  2824  0.00000E+00
  2825  0.00000E+00
  2826  0.00000E+00
  2827  0.00000E+00
  2828  0.00000E+00
  2829  0.00000E+00
  2830  0.00000E+00
  2831  0.00000E+00
  2832  0.00000E+00
  2833  0.00000E+00
  2834  0.00000E+00
  2835  0.00000E+00
  2836  0.00000E+00
  2837  0.00000E+00
  2838  0.00000E+00
  2839  0.00000E+00
  2840  0.00000E+00
  2841  0.00000E+00
  2842  0.00000E+00
  2843  0.00000E+00
  2844  0.00000E+00
  2845  0.00000E+00
  2846  0.00000E+00
  2847  0.00000E+00
  2848  0.00000E+00
  2849  0.00000E+00
  2850  0.00000E+00
  2851  0.00000E+00
  2852  0.00000E+00
  2853  0.00000E+00
  2854  0.00000E+00
  2855  0.00000E+00
  2856  0.00000E+00
  2857  0.00000E+00
  2858  0.00000E+00
  2859  0.00000E+00
  2860  0.00000E+00
  2861  0.00000E+00
  2862  0.00000E+00
  2863  0.00000E+00
  2864  0.00000E+00
  2865  0.00000E+00
  2866  0.00000E+00
  2867  0.00000E+00
  2868  0.00000E+00
  2869  0.00000E+00
  2870  0.00000E+00
  2871  0.00000E+00
  2872  0.00000E+00
  2873  0.00000E+00
  2874  0.00000E+00
  2875  0.00000E+00
  2876  0.00000E+00
  2877  0.00000E+00
  2878  0.00000E+00
  2879  0.00000E+00
  2880  0.00000E+00
  2881  0.00000E+00
  2882  0.00000E+00
  2883  0.00000E+00
  2884  0.00000E+00
  2885  0.00000E+00
  2886  0.00000E+00
  2887  0.00000E+00
  2888  0.00000E+00
  2889  0.00000E+00
  2890  0.00000E+00
  2891  0.00000E+00
  2892  0.00000E+00
  2893  0.00000E+00
  2894  0.00000E+00
  2895  0.00000E+00
  2896  0.00000E+00
  2897  0.00000E+00
  2898  0.00000E+00
  2899  0.00000E+00
  2900  0.00000E+00
  2901  0.00000E+00
  2902  0.00000E+00
  2903  0.00000E+00
  2904  0.00000E+00
  2905  0.00000E+00
  2906  0.00000E+00
  2907  0.00000E+00
  2908  0.00000E+00
  2909  0.00000E+00
  2910  0.00000E+00
  2911  0.00000E+00
  2912  0.00000E+00
  2913  0.00000E+00
  2914  0.00000E+00
  2915  0.00000E+00
  2916  0.00000E+00
  2917  0.00000E+00
  2918  0.00000E+00
  2919  0.00000E+00
  2920  0.00000E+00
  2921  0.00000E+00
  2922  0.00000E+00
  2923  0.00000E+00
  2924  0.00000E+00
  2925  0.00000E+00
  2926  0.00000E+00
  2927  0.00000E+00
  2928  0.00000E+00
  2929  0.00000E+00
  2930  0.00000E+00
  2931  2.95459E-38
  2932  3.20992E-38
  2933  3.35583E-38
  2934  3.37667E-38
  2935  3.25682E-38
  2936  2.98064E-38
  2937  0.00000E+00
  2938  0.00000E+00
  2939  0.00000E+00
  2940  0.00000E+00
  2941  0.00000E+00
  2942 -4.29787E-38
  2943 -6.30096E-38
  2944 -5.14837E-38
  2945 -6.46688E-38
  2946 -7.65000E-38
  2947 -8.62376E-38
  2948 -9.31420E-38
  2949 -9.64732E-38
  2950 -1.21546E-37
  2951 -1.11239E-37
  2952 -9.45143E-38
  2953 -7.07885E-38
  2954 -3.94782E-38
  2955  0.00000E+00
  2956  4.18099E-38
  2957  8.96103E-38
  2958  1.40641E-37
  2959  1.92140E-37
  2960  2.41347E-37
  2961  2.85502E-37
  2962  3.21843E-37
  2963  3.47611E-37
  2964  3.60043E-37
  2965  3.56380E-37
  2966  3.33860E-37
  2967  2.89723E-37
  2968  2.21208E-37
  2969  1.47335E-37
  2970  0.00000E+00
  2971 -1.56037E-37
  2972 -3.34430E-37
  2973 -5.24878E-37
  2974 -7.17075E-37
  2975 -9.00720E-37
  2976 -1.06551E-36
  2977 -1.20114E-36
  2978 -1.29730E-36
  2979 -1.34370E-36
  2980 -1.33003E-36
  2981 -1.24598E-36
  2982 -1.08126E-36
  2983 -8.25558E-37
  2984 -4.68572E-37
  2985  0.00000E+00
  2986  5.82337E-37
  2987  1.24811E-36
  2988  1.95887E-36
  2989  2.67616E-36
  2990  3.36153E-36
  2991  3.97653E-36
  2992  4.48270E-36
  2993  4.84159E-36
  2994  5.01475E-36
  2995  4.96373E-36
  2996  4.65007E-36
  2997  4.03532E-36
  2998  3.08102E-36
  2999  1.74874E-36
  3000  0.00000E+00
  3001 -2.17331E-36
  3002 -4.65801E-36
  3003 -7.31060E-36
  3004 -9.98757E-36
  3005 -1.25454E-35
  3006 -1.48406E-35
  3007 -1.67297E-35
  3008 -1.80691E-35
  3009 -1.87153E-35
  3010 -1.85249E-35
  3011 -1.73543E-35
  3012 -1.50600E-35
  3013 -1.14985E-35
  3014 -6.52637E-36
  3015  0.00000E+00
  3016  8.11090E-36
  3017  1.73839E-35
  3018  2.72835E-35
  3019  3.72741E-35
  3020  4.68201E-35
  3021  5.53859E-35
  3022  6.24359E-35
  3023  6.74347E-35
  3024  6.98465E-35
  3025  6.91358E-35
  3026  6.47671E-35
  3027  5.62047E-35
  3028  4.29131E-35
  3029  2.43568E-35
  3030  0.00000E+00
  3031 -3.06927E-35
  3032 -6.82569E-35
  3033 -1.13228E-34
  3034 -1.66142E-34
  3035 -2.27535E-34
  3036 -2.97941E-34
  3037 -3.77896E-34
  3038 -4.67937E-34
  3039 -5.68598E-34
  3040 -6.80415E-34
  3041 -8.03924E-34
  3042 -9.39660E-34
  3043 -1.08816E-33
  3044 -1.24996E-33
  3045 -1.42559E-33
