2 0.000000
3 0.000000
4 0.000000
5 0.000000
6 0.000000
7 0.000000
8 0.000000
9 0.000000
10 0.000000
11 0.000000
12 0.000000
13 0.000000
14 0.000000
15 0.000000
16 0.000000
17 0.000000
18 0.000000
19 0.000000
20 0.000000
21 0.000000
22 0.000000
23 0.000000
24 0.000000
25 0.000000
26 0.000000
27 0.000000
28 0.000000
29 0.000000
30 0.000000
31 0.000000
32 0.000000
33 0.000000
34 0.000000
35 0.000000
36 0.000000
37 0.000000
38 0.000000
39 0.000000
40 0.000000
41 0.000000
42 0.000000
43 0.000000
44 0.000000
45 0.000000
46 0.000000
47 0.000000
48 0.000000
49 0.000000
50 0.000000
51 0.000000
52 0.000000
53 0.000000
54 0.000000
55 0.000000
56 0.000000
57 0.000000
58 0.000000
59 0.000000
60 0.000000
61 0.000000
62 0.000000
63 0.000000
64 0.000000
65 0.000000
66 0.000000
67 0.000000
68 0.000000
69 0.000000
70 0.000000
71 0.000000
72 0.000000
73 0.000000
74 0.000000
75 0.000000
76 0.000000
77 0.000000
78 0.000000
79 0.000000
80 0.000000
81 0.000000
82 0.000000
83 0.000000
84 0.000000
85 0.000000
86 0.000000
87 0.000000
88 0.000000
89 0.000000
90 0.000000
91 0.000000
92 0.000000
93 0.000000
94 0.000000
95 0.000000
96 0.000000
97 0.000000
98 0.000000
99 0.000000
100 0.000000
101 0.000000
102 0.000000
103 0.000000
104 0.000000
105 0.000000
106 0.000000
107 0.000000
108 0.000000
109 0.000000
110 0.000000
111 0.000000
112 0.000000
113 0.000000
114 0.000000
115 0.000000
116 0.000000
117 0.000000
118 0.000000
119 0.000000
120 0.000000
121 0.000000
122 0.000000
123 0.000000
124 0.000000
125 0.000000
126 0.000000
127 0.000000
128 0.000000
129 0.000000
130 0.000000
131 0.000000
132 0.000000
133 0.000000
134 0.000000
135 0.000000
136 0.000000
137 0.000000
138 0.000000
139 0.000000
140 0.000000
141 0.000000
142 0.000000
143 0.000000
144 0.000000
145 0.000000
146 0.000000
147 0.000000
148 0.000000
149 0.000000
150 0.000000
151 0.000000
152 0.000000
153 0.000000
154 0.000000
155 0.000000
156 0.000000
157 0.000000
158 0.000000
159 0.000000
160 0.000000
161 0.000000
162 0.000000
163 0.000000
164 0.000000
165 0.000000
166 0.000000
167 0.000000
168 0.000000
169 0.000000
170 0.000000
171 0.000000
172 0.000000
173 0.000000
174 0.000000
175 0.000000
176 0.000000
177 0.000000
178 0.000000
179 0.000000
180 0.000000
181 0.000000
182 0.000000
183 0.000000
184 0.000000
185 0.000000
186 0.000000
187 0.000000
188 0.000000
189 0.000000
190 0.000000
191 0.000000
192 0.000000
193 0.000000
194 0.000000
195 0.000000
196 0.000000
197 0.000000
198 0.000000
199 0.000000
200 0.000000
201 0.000000
202 0.000000
203 0.000000
204 0.000000
205 0.000000
206 0.000000
207 0.000000
208 0.000000
209 0.000000
210 0.000000
211 0.000000
212 0.000000
213 0.000000
214 0.000000
215 0.000000
216 0.000000
217 0.000000
218 0.000000
219 0.000000
220 0.000000
221 0.000000
222 0.000000
223 0.000000
224 0.000000
225 0.000000
226 0.000000
227 0.000000
228 0.000000
229 0.000001
230 0.000001
231 0.000001
232 0.000001
233 0.000001
234 0.000001
235 0.000001
236 0.000001
237 0.000001
238 0.000001
239 0.000001
240 0.000001
241 0.000001
242 0.000001
243 0.000001
244 0.000001
245 0.000001
246 0.000001
247 0.000001
248 0.000001
249 0.000001
250 0.000001
251 0.000001
252 0.000001
253 0.000001
254 0.000001
255 0.000001
256 0.000001
257 0.000001
258 0.000001
259 0.000001
260 0.000001
261 0.000001
262 0.000001
263 0.000001
264 0.000001
265 0.000001
266 0.000001
267 0.000001
268 0.000001
269 0.000001
270 0.000001
271 0.000001
272 0.000001
273 0.000001
274 0.000001
275 0.000001
276 0.000001
277 0.000001
278 0.000001
279 0.000001
280 0.000001
281 0.000001
282 0.000001
283 0.000001
284 0.000001
285 0.000001
286 0.000001
287 0.000001
288 0.000001
289 0.000001
290 0.000001
291 0.000001
292 0.000001
293 0.000001
294 0.000001
295 0.000001
296 0.000001
297 0.000001
298 0.000001
299 0.000001
300 0.000001
301 0.000001
302 0.000001
303 0.000001
304 0.000001
305 0.000001
306 0.000001
307 0.000001
308 0.000001
309 0.000001
310 0.000001
311 0.000001
312 0.000001
313 0.000001
314 0.000001
315 0.000001
316 0.000001
317 0.000002
318 0.000002
319 0.000002
320 0.000002
321 0.000002
322 0.000002
323 0.000002
324 0.000002
325 0.000002
326 0.000002
327 0.000002
328 0.000002
329 0.000002
330 0.000002
331 0.000002
332 0.000002
333 0.000002
334 0.000002
335 0.000002
336 0.000002
337 0.000002
338 0.000002
339 0.000002
340 0.000002
341 0.000001
342 0.000001
343 0.000001
344 0.000001
345 0.000001
346 0.000001
347 0.000001
348 0.000001
349 0.000001
350 0.000001
351 0.000001
352 0.000001
353 0.000001
354 0.000001
355 0.000001
356 0.000001
357 0.000001
358 0.000001
359 0.000001
360 0.000001
361 0.000001
362 0.000001
363 0.000001
364 0.000001
365 0.000000
366 0.000000
367 0.000000
368 0.000000
369 0.000000
370 0.000000
371 0.000000
372 0.000000
373 0.000000
374 0.000000
375 0.000000
376 0.000000
377 0.000000
378 0.000000
379 0.000000
380 0.000000
381 -0.000001
382 -0.000001
383 -0.000001
384 -0.000001
385 -0.000001
386 -0.000001
387 -0.000001
388 -0.000001
389 -0.000000
390 -0.000000
391 -0.000000
392 -0.000000
393 -0.000000
394 -0.000000
395 -0.000000
396 -0.000000
397 0.000000
398 0.000000
399 0.000000
400 0.000000
401 0.000000
402 0.000000
403 0.000000
404 0.000000
405 0.000000
406 0.000000
407 0.000000
408 0.000000
409 0.000000
410 0.000000
411 0.000000
412 0.000000
413 0.000000
414 0.000000
415 0.000000
416 0.000000
417 0.000000
418 0.000000
419 0.000000
420 0.000000
421 0.000001
422 0.000001
423 0.000001
424 0.000001
425 0.000001
426 0.000001
427 0.000001
428 0.000001
429 0.000001
430 0.000001
431 0.000001
432 0.000001
433 0.000001
434 0.000001
435 0.000001
436 0.000001
437 0.000002
438 0.000002
439 0.000002
440 0.000002
441 0.000002
442 0.000002
443 0.000002
444 0.000002
445 0.000003
446 0.000003
447 0.000003
448 0.000003
449 0.000003
450 0.000003
451 0.000003
452 0.000003
453 0.000004
454 0.000004
455 0.000004
456 0.000004
457 0.000004
458 0.000004
459 0.000004
460 0.000004
461 0.000004
462 0.000004
463 0.000004
464 0.000004
465 0.000004
466 0.000004
467 0.000004
468 0.000004
469 0.000005
470 0.000005
471 0.000005
472 0.000005
473 0.000005
474 0.000005
475 0.000005
476 0.000005
477 0.000008
478 0.000008
479 0.000008
480 0.000008
481 0.000008
482 0.000008
483 0.000008
484 0.000008
485 0.000008
486 0.000008
487 0.000008
488 0.000008
489 0.000008
490 0.000008
491 0.000008
492 0.000008
493 0.000010
494 0.000010
495 0.000010
496 0.000010
497 0.000010
498 0.000010
499 0.000010
500 0.000010
501 0.000011
502 0.000011
503 0.000011
504 0.000011
505 0.000011
506 0.000011
507 0.000011
508 0.000011
509 0.000013
510 0.000013
511 0.000013
512 0.000013
513 0.000013
514 0.000013
515 0.000013
516 0.000013
517 0.000017
518 0.000017
519 0.000017
520 0.000017
521 0.000017
522 0.000017
523 0.000017
524 0.000017
525 0.000018
526 0.000018
527 0.000018
528 0.000018
529 0.000018
530 0.000018
531 0.000018
532 0.000018
533 0.000029
534 0.000029
535 0.000029
536 0.000029
537 0.000029
538 0.000029
539 0.000029
540 0.000029
541 0.000033
542 0.000033
543 0.000033
544 0.000033
545 0.000033
546 0.000033
547 0.000033
548 0.000033
549 0.000047
550 0.000047
551 0.000047
552 0.000047
553 0.000047
554 0.000047
555 0.000047
556 0.000047
557 0.000063
558 0.000063
559 0.000063
560 0.000063
561 0.000063
562 0.000063
563 0.000063
564 0.000063
565 0.000069
566 0.000069
567 0.000069
568 0.000069
569 0.000069
570 0.000069
571 0.000069
572 0.000069
573 0.000085
574 0.000085
575 0.000085
576 0.000085
577 0.000085
578 0.000085
579 0.000085
580 0.000085
581 0.000078
582 0.000078
583 0.000078
584 0.000078
585 0.000078
586 0.000078
587 0.000078
588 0.000078
589 0.000088
590 0.000088
591 0.000088
592 0.000088
593 0.000088
594 0.000088
595 0.000088
596 0.000088
597 0.000092
598 0.000092
599 0.000092
600 0.000092
601 0.000092
602 0.000092
603 0.000092
604 0.000092
605 0.000080
606 0.000080
607 0.000080
608 0.000080
609 0.000080
610 0.000080
611 0.000080
612 0.000080
613 0.000077
614 0.000077
615 0.000077
616 0.000077
617 0.000077
618 0.000077
619 0.000077
620 0.000077
621 0.000046
622 0.000046
623 0.000046
624 0.000046
625 0.000046
626 0.000046
627 0.000046
628 0.000046
629 -0.000025
630 -0.000025
631 -0.000025
632 -0.000025
633 -0.000025
634 -0.000025
635 -0.000025
636 -0.000025
637 -0.000186
638 -0.000186
639 -0.000186
640 -0.000186
641 -0.000186
642 -0.000186
643 -0.000186
644 -0.000186
645 -0.000344
646 -0.000344
647 -0.000344
648 -0.000344
649 -0.000344
650 -0.000344
651 -0.000344
652 -0.000344
653 -0.000600
654 -0.000600
655 -0.000600
656 -0.000600
657 -0.000600
658 -0.000600
659 -0.000600
660 -0.000600
661 -0.000691
662 -0.000691
663 -0.000691
664 -0.000691
665 -0.000691
666 -0.000691
667 -0.000691
668 -0.000691
669 -0.000704
670 -0.000704
671 -0.000704
672 -0.000704
673 -0.000704
674 -0.000704
675 -0.000704
676 -0.000704
677 -0.000599
678 -0.000599
679 -0.000599
680 -0.000599
681 -0.000599
682 -0.000599
683 -0.000599
684 -0.000599
685 -0.000347
686 -0.000347
687 -0.000347
688 -0.000347
689 -0.000347
690 -0.000347
691 -0.000347
692 -0.000347
693 0.000062
694 0.000062
695 0.000062
696 0.000062
697 0.000062
698 0.000062
699 0.000062
700 0.000062
701 0.000697
702 0.000697
703 0.000697
704 0.000697
705 0.000697
706 0.000697
707 0.000697
708 0.000697
709 0.002508
710 0.002508
711 0.002508
712 0.002508
713 0.002508
714 0.002508
715 0.002508
716 0.002508
717 0.005100
718 0.005100
719 0.005100
720 0.005100
721 0.005100
722 0.005100
723 0.005100
724 0.005100
725 0.010243
726 0.010243
727 0.010243
728 0.010243
729 0.010243
730 0.010243
731 0.010243
732 0.010243
733 0.010604
734 0.010604
735 0.010604
736 0.010604
737 0.010604
738 0.010604
739 0.010604
740 0.010604
741 0.015022
742 0.015022
743 0.015022
744 0.015022
745 0.015022
746 0.015022
747 0.015022
748 0.015022
749 0.016393
750 0.016393
751 0.016393
752 0.016393
753 0.016393
754 0.016393
755 0.016393
756 0.016393
757 0.015492
758 0.015492
759 0.015492
760 0.015492
761 0.015492
762 0.015492
763 0.015492
764 0.015492
765 0.014964
766 0.014964
767 0.014964
768 0.014964
769 0.014964
770 0.014964
771 0.014964
772 0.014964
773 0.014248
774 0.014248
775 0.014248
776 0.014248
777 0.014248
778 0.014248
779 0.014248
780 0.014248
781 0.010952
782 0.010952
783 0.010952
784 0.010952
785 0.010952
786 0.010952
787 0.010952
788 0.010952
789 0.005560
790 0.005560
791 0.005560
792 0.005560
793 0.005560
794 0.005560
795 0.005560
796 0.005560
797 0.003611
798 0.003611
799 0.003611
800 0.003611
801 0.003611
802 0.003611
803 0.003611
804 0.003611
805 0.001352
806 0.001352
807 0.001352
808 0.001352
809 0.001352
810 0.001352
811 0.001352
812 0.001352
813 0.000254
814 0.000254
815 0.000254
816 0.000254
817 0.000254
818 0.000254
819 0.000254
820 0.000254
821 -0.000250
822 -0.000250
823 -0.000250
824 -0.000250
825 -0.000250
826 -0.000250
827 -0.000250
828 -0.000250
829 -0.000421
830 -0.000421
831 -0.000421
832 -0.000421
833 -0.000421
834 -0.000421
835 -0.000421
836 -0.000421
837 -0.000478
838 -0.000478
839 -0.000478
840 -0.000478
841 -0.000478
842 -0.000478
843 -0.000478
844 -0.000478
845 -0.000423
846 -0.000423
847 -0.000423
848 -0.000423
849 -0.000423
850 -0.000423
851 -0.000423
852 -0.000423
853 -0.000189
854 -0.000189
855 -0.000189
856 -0.000189
857 -0.000189
858 -0.000189
859 -0.000189
860 -0.000189
861 0.000017
862 0.000017
863 0.000017
864 0.000017
865 0.000017
866 0.000017
867 0.000017
868 0.000017
869 0.000133
870 0.000133
871 0.000133
872 0.000133
873 0.000133
874 0.000133
875 0.000133
876 0.000133
877 0.000179
878 0.000179
879 0.000179
880 0.000179
881 0.000179
882 0.000179
883 0.000179
884 0.000179
885 0.000162
886 0.000162
887 0.000162
888 0.000162
889 0.000162
890 0.000162
891 0.000162
892 0.000162
893 0.000171
894 0.000171
895 0.000171
896 0.000171
897 0.000171
898 0.000171
899 0.000171
900 0.000171
901 0.000152
902 0.000152
903 0.000152
904 0.000152
905 0.000152
906 0.000152
907 0.000152
908 0.000152
909 0.000111
910 0.000111
911 0.000111
912 0.000111
913 0.000111
914 0.000111
915 0.000111
916 0.000111
917 0.000088
918 0.000088
919 0.000088
920 0.000088
921 0.000088
922 0.000088
923 0.000088
924 0.000088
925 0.000060
926 0.000060
927 0.000060
928 0.000060
929 0.000060
930 0.000060
931 0.000060
932 0.000060
933 0.000027
934 0.000027
935 0.000027
936 0.000027
937 0.000027
938 0.000027
939 0.000027
940 0.000027
941 0.000025
942 0.000025
943 0.000025
944 0.000025
945 0.000025
946 0.000025
947 0.000025
948 0.000025
949 0.000013
950 0.000013
951 0.000013
952 0.000013
953 0.000013
954 0.000013
955 0.000013
956 0.000013
957 0.000012
958 0.000012
959 0.000012
960 0.000012
961 0.000012
962 0.000012
963 0.000012
964 0.000012
965 0.000014
966 0.000014
967 0.000014
968 0.000014
969 0.000014
970 0.000014
971 0.000014
972 0.000014
973 0.000018
974 0.000018
975 0.000018
976 0.000018
977 0.000018
978 0.000018
979 0.000018
980 0.000018
981 0.000024
982 0.000024
983 0.000024
984 0.000024
985 0.000024
986 0.000024
987 0.000024
988 0.000024
989 0.000030
990 0.000030
991 0.000030
992 0.000030
993 0.000030
994 0.000030
995 0.000030
996 0.000030
997 0.000026
998 0.000026
999 0.000026
1000 0.000026
1001 0.000026
1002 0.000026
1003 0.000026
1004 0.000026
1005 0.000021
1006 0.000021
1007 0.000021
1008 0.000021
1009 0.000021
1010 0.000021
1011 0.000021
1012 0.000021
1013 0.000022
1014 0.000022
1015 0.000022
1016 0.000022
1017 0.000022
1018 0.000022
1019 0.000022
1020 0.000022
1021 0.000021
1022 0.000021
1023 0.000021
1024 0.000021
1025 0.000021
1026 0.000021
1027 0.000021
1028 0.000021
1029 0.000022
1030 0.000022
1031 0.000022
1032 0.000022
1033 0.000022
1034 0.000022
1035 0.000022
1036 0.000022
1037 0.000017
1038 0.000017
1039 0.000017
1040 0.000017
1041 0.000017
1042 0.000017
1043 0.000017
1044 0.000017
1045 0.000020
1046 0.000020
1047 0.000020
1048 0.000020
1049 0.000020
1050 0.000020
1051 0.000020
1052 0.000020
1053 0.000013
1054 0.000013
1055 0.000013
1056 0.000013
1057 0.000013
1058 0.000013
1059 0.000013
1060 0.000013
1061 0.000013
1062 0.000013
1063 0.000013
1064 0.000013
1065 0.000013
1066 0.000013
1067 0.000013
1068 0.000013
1069 0.000012
1070 0.000012
1071 0.000012
1072 0.000012
1073 0.000012
1074 0.000012
1075 0.000012
1076 0.000012
1077 0.000011
1078 0.000011
1079 0.000011
1080 0.000011
1081 0.000011
1082 0.000011
1083 0.000011
1084 0.000011
1085 0.000011
1086 0.000011
1087 0.000011
1088 0.000011
1089 0.000011
1090 0.000011
1091 0.000011
1092 0.000011
1093 0.000011
1094 0.000011
1095 0.000011
1096 0.000011
1097 0.000011
1098 0.000011
1099 0.000011
1100 0.000011
1101 0.000010
1102 0.000010
1103 0.000010
1104 0.000010
1105 0.000010
1106 0.000010
1107 0.000010
1108 0.000010
1109 0.000012
1110 0.000012
1111 0.000012
1112 0.000012
1113 0.000012
1114 0.000012
1115 0.000012
1116 0.000012
1117 0.000009
1118 0.000009
1119 0.000009
1120 0.000009
1121 0.000009
1122 0.000009
1123 0.000009
1124 0.000009
1125 0.000009
1126 0.000009
1127 0.000009
1128 0.000009
1129 0.000009
1130 0.000009
1131 0.000009
1132 0.000009
1133 0.000008
1134 0.000008
1135 0.000008
1136 0.000008
1137 0.000008
1138 0.000008
1139 0.000008
1140 0.000008
1141 0.000008
1142 0.000008
1143 0.000008
1144 0.000008
1145 0.000008
1146 0.000008
1147 0.000008
1148 0.000008
1149 0.000008
1150 0.000008
1151 0.000008
1152 0.000008
1153 0.000008
1154 0.000008
1155 0.000008
1156 0.000008
1157 0.000009
1158 0.000009
1159 0.000009
1160 0.000009
1161 0.000009
1162 0.000009
1163 0.000009
1164 0.000009
1165 0.000008
1166 0.000008
1167 0.000008
1168 0.000008
1169 0.000008
1170 0.000008
1171 0.000008
1172 0.000008
1173 0.000007
1174 0.000007
1175 0.000007
1176 0.000007
1177 0.000007
1178 0.000007
1179 0.000007
1180 0.000007
1181 0.000008
1182 0.000008
1183 0.000008
1184 0.000008
1185 0.000008
1186 0.000008
1187 0.000008
1188 0.000008
1189 0.000007
1190 0.000007
1191 0.000007
1192 0.000007
1193 0.000007
1194 0.000007
1195 0.000007
1196 0.000007
1197 0.000008
1198 0.000008
1199 0.000008
1200 0.000008
1201 0.000008
1202 0.000008
1203 0.000008
1204 0.000008
1205 0.000008
1206 0.000008
1207 0.000008
1208 0.000008
1209 0.000008
1210 0.000008
1211 0.000008
1212 0.000008
1213 0.000008
1214 0.000008
1215 0.000008
1216 0.000008
1217 0.000008
1218 0.000008
1219 0.000008
1220 0.000008
1221 0.000008
1222 0.000008
1223 0.000008
1224 0.000008
1225 0.000008
1226 0.000008
1227 0.000008
1228 0.000008
1229 0.000008
1230 0.000008
1231 0.000008
1232 0.000008
1233 0.000008
1234 0.000008
1235 0.000008
1236 0.000008
1237 0.000007
1238 0.000007
1239 0.000007
1240 0.000007
1241 0.000007
1242 0.000007
1243 0.000007
1244 0.000007
1245 0.000007
1246 0.000007
1247 0.000007
1248 0.000007
1249 0.000007
1250 0.000007
1251 0.000007
1252 0.000007
1253 0.000007
1254 0.000007
1255 0.000007
1256 0.000007
1257 0.000007
1258 0.000007
1259 0.000007
1260 0.000007
1261 0.000007
1262 0.000007
1263 0.000007
1264 0.000007
1265 0.000007
1266 0.000007
1267 0.000007
1268 0.000007
1269 0.000007
1270 0.000007
1271 0.000007
1272 0.000007
1273 0.000007
1274 0.000007
1275 0.000007
1276 0.000007
1277 0.000007
1278 0.000007
1279 0.000007
1280 0.000007
1281 0.000007
1282 0.000007
1283 0.000007
1284 0.000007
1285 0.000007
1286 0.000007
1287 0.000007
1288 0.000007
1289 0.000007
1290 0.000007
1291 0.000007
1292 0.000007
1293 0.000007
1294 0.000007
1295 0.000007
1296 0.000007
1297 0.000007
1298 0.000007
1299 0.000007
1300 0.000007
1301 0.000007
1302 0.000007
1303 0.000007
1304 0.000007
1305 0.000007
1306 0.000007
1307 0.000007
1308 0.000007
1309 0.000007
1310 0.000007
1311 0.000007
1312 0.000007
1313 0.000007
1314 0.000007
1315 0.000007
1316 0.000007
1317 0.000006
1318 0.000006
1319 0.000006
1320 0.000006
1321 0.000006
1322 0.000006
1323 0.000006
1324 0.000006
1325 0.000006
1326 0.000006
1327 0.000006
1328 0.000006
1329 0.000006
1330 0.000006
1331 0.000006
1332 0.000006
1333 0.000006
1334 0.000006
1335 0.000006
1336 0.000006
1337 0.000006
1338 0.000006
1339 0.000006
1340 0.000006
1341 0.000006
1342 0.000006
1343 0.000006
1344 0.000006
1345 0.000006
1346 0.000006
1347 0.000006
1348 0.000006
1349 0.000005
1350 0.000005
1351 0.000005
1352 0.000005
1353 0.000005
1354 0.000005
1355 0.000005
1356 0.000005
1357 0.000005
1358 0.000005
1359 0.000005
1360 0.000005
1361 0.000005
1362 0.000005
1363 0.000005
1364 0.000005
1365 0.000005
1366 0.000005
1367 0.000005
1368 0.000005
1369 0.000005
1370 0.000005
1371 0.000005
1372 0.000005
1373 0.000005
1374 0.000005
1375 0.000005
1376 0.000005
1377 0.000005
1378 0.000005
1379 0.000005
1380 0.000005
1381 0.000005
1382 0.000005
1383 0.000005
1384 0.000005
1385 0.000005
1386 0.000005
1387 0.000005
1388 0.000005
1389 0.000004
1390 0.000004
1391 0.000004
1392 0.000004
1393 0.000004
1394 0.000004
1395 0.000004
1396 0.000004
1397 0.000005
1398 0.000005
1399 0.000005
1400 0.000005
1401 0.000005
1402 0.000005
1403 0.000005
1404 0.000005
1405 0.000005
1406 0.000005
1407 0.000005
1408 0.000005
1409 0.000005
1410 0.000005
1411 0.000005
1412 0.000005
1413 0.000005
1414 0.000005
1415 0.000005
1416 0.000005
1417 0.000005
1418 0.000005
1419 0.000005
1420 0.000005
1421 0.000005
1422 0.000005
1423 0.000005
1424 0.000005
1425 0.000005
1426 0.000005
1427 0.000005
1428 0.000005
1429 0.000004
1430 0.000004
1431 0.000004
1432 0.000004
1433 0.000004
1434 0.000004
1435 0.000004
1436 0.000004
1437 0.000005
1438 0.000005
1439 0.000005
1440 0.000005
1441 0.000005
1442 0.000005
1443 0.000005
1444 0.000005
1445 0.000004
1446 0.000004
1447 0.000004
1448 0.000004
1449 0.000004
1450 0.000004
1451 0.000004
1452 0.000004
1453 0.000004
1454 0.000004
1455 0.000004
1456 0.000004
1457 0.000004
1458 0.000004
1459 0.000004
1460 0.000004
1461 0.000005
1462 0.000005
1463 0.000005
1464 0.000005
1465 0.000005
1466 0.000005
1467 0.000005
1468 0.000005
1469 0.000004
1470 0.000004
1471 0.000004
1472 0.000004
1473 0.000004
1474 0.000004
1475 0.000004
1476 0.000004
1477 0.000005
1478 0.000005
1479 0.000005
1480 0.000005
1481 0.000005
1482 0.000005
1483 0.000005
1484 0.000005
1485 0.000004
1486 0.000004
1487 0.000004
1488 0.000004
1489 0.000004
1490 0.000004
1491 0.000004
1492 0.000004
1493 0.000004
1494 0.000004
1495 0.000004
1496 0.000004
1497 0.000004
1498 0.000004
1499 0.000004
1500 0.000004
1501 0.000004
1502 0.000004
1503 0.000004
1504 0.000004
1505 0.000004
1506 0.000004
1507 0.000004
1508 0.000004
1509 0.000004
1510 0.000004
1511 0.000004
1512 0.000004
1513 0.000004
1514 0.000004
1515 0.000004
1516 0.000004
1517 0.000004
1518 0.000004
1519 0.000004
1520 0.000004
1521 0.000004
1522 0.000004
1523 0.000004
1524 0.000004
1525 0.000004
1526 0.000004
1527 0.000004
1528 0.000004
1529 0.000004
1530 0.000004
1531 0.000004
1532 0.000004
1533 0.000004
1534 0.000004
1535 0.000004
1536 0.000004
1537 0.000004
1538 0.000004
1539 0.000004
1540 0.000004
1541 0.000004
1542 0.000004
1543 0.000004
1544 0.000004
1545 0.000004
1546 0.000004
1547 0.000004
1548 0.000004
1549 0.000004
1550 0.000004
1551 0.000004
1552 0.000004
1553 0.000004
1554 0.000004
1555 0.000004
1556 0.000004
1557 0.000004
1558 0.000004
1559 0.000004
1560 0.000004
1561 0.000004
1562 0.000004
1563 0.000004
1564 0.000004
1565 0.000003
1566 0.000003
1567 0.000003
1568 0.000003
1569 0.000003
1570 0.000003
1571 0.000003
1572 0.000003
1573 0.000004
1574 0.000004
1575 0.000004
1576 0.000004
1577 0.000004
1578 0.000004
1579 0.000004
1580 0.000004
1581 0.000004
1582 0.000004
1583 0.000004
1584 0.000004
1585 0.000004
1586 0.000004
1587 0.000004
1588 0.000004
1589 0.000003
1590 0.000003
1591 0.000003
1592 0.000003
1593 0.000003
1594 0.000003
1595 0.000003
1596 0.000003
1597 0.000003
1598 0.000003
1599 0.000003
1600 0.000003
1601 0.000003
1602 0.000003
1603 0.000003
1604 0.000003
1605 0.000003
1606 0.000003
1607 0.000003
1608 0.000003
1609 0.000003
1610 0.000003
1611 0.000003
1612 0.000003
1613 0.000003
1614 0.000003
1615 0.000003
1616 0.000003
1617 0.000003
1618 0.000003
1619 0.000003
1620 0.000003
1621 0.000003
1622 0.000003
1623 0.000003
1624 0.000003
1625 0.000003
1626 0.000003
1627 0.000003
1628 0.000003
1629 0.000003
1630 0.000003
1631 0.000003
1632 0.000003
1633 0.000003
1634 0.000003
1635 0.000003
1636 0.000003
1637 0.000003
1638 0.000003
1639 0.000003
1640 0.000003
1641 0.000003
1642 0.000003
1643 0.000003
1644 0.000003
1645 0.000003
1646 0.000003
1647 0.000003
1648 0.000003
1649 0.000003
1650 0.000003
1651 0.000003
1652 0.000003
1653 0.000003
1654 0.000003
1655 0.000003
1656 0.000003
1657 0.000003
1658 0.000003
1659 0.000003
1660 0.000003
1661 0.000003
1662 0.000003
1663 0.000003
1664 0.000003
1665 0.000003
1666 0.000003
1667 0.000003
1668 0.000003
1669 0.000003
1670 0.000003
1671 0.000003
1672 0.000003
1673 0.000003
1674 0.000003
1675 0.000003
1676 0.000003
1677 0.000003
1678 0.000003
1679 0.000003
1680 0.000003
1681 0.000003
1682 0.000003
1683 0.000003
1684 0.000003
1685 0.000003
1686 0.000003
1687 0.000003
1688 0.000003
1689 0.000003
1690 0.000003
1691 0.000003
1692 0.000003
1693 0.000002
1694 0.000002
1695 0.000002
1696 0.000002
1697 0.000002
1698 0.000002
1699 0.000002
1700 0.000002
1701 0.000003
1702 0.000003
1703 0.000003
1704 0.000003
1705 0.000003
1706 0.000003
1707 0.000003
1708 0.000003
1709 0.000002
1710 0.000002
1711 0.000002
1712 0.000002
1713 0.000002
1714 0.000002
1715 0.000002
1716 0.000002
1717 0.000002
1718 0.000002
1719 0.000002
1720 0.000002
1721 0.000002
1722 0.000002
1723 0.000002
1724 0.000002
1725 0.000003
1726 0.000003
1727 0.000003
1728 0.000003
1729 0.000003
1730 0.000003
1731 0.000003
1732 0.000003
1733 0.000002
1734 0.000002
1735 0.000002
1736 0.000002
1737 0.000002
1738 0.000002
1739 0.000002
1740 0.000002
1741 0.000002
1742 0.000002
1743 0.000002
1744 0.000002
1745 0.000002
1746 0.000002
1747 0.000002
1748 0.000002
1749 0.000002
1750 0.000002
1751 0.000002
1752 0.000002
1753 0.000002
1754 0.000002
1755 0.000002
1756 0.000002
1757 0.000003
1758 0.000003
1759 0.000003
1760 0.000003
1761 0.000003
1762 0.000003
1763 0.000003
1764 0.000003
1765 0.000002
1766 0.000002
1767 0.000002
1768 0.000002
1769 0.000002
1770 0.000002
1771 0.000002
1772 0.000002
1773 0.000003
1774 0.000003
1775 0.000003
1776 0.000003
1777 0.000003
1778 0.000003
1779 0.000003
1780 0.000003
1781 0.000002
1782 0.000002
1783 0.000002
1784 0.000002
1785 0.000002
1786 0.000002
1787 0.000002
1788 0.000002
1789 0.000002
1790 0.000002
1791 0.000002
1792 0.000002
1793 0.000002
1794 0.000002
1795 0.000002
1796 0.000002
1797 0.000002
1798 0.000002
1799 0.000002
1800 0.000002
1801 0.000002
1802 0.000002
1803 0.000002
1804 0.000002
1805 0.000002
1806 0.000002
1807 0.000002
1808 0.000002
1809 0.000002
1810 0.000002
1811 0.000002
1812 0.000002
1813 0.000002
1814 0.000002
1815 0.000002
1816 0.000002
1817 0.000002
1818 0.000002
1819 0.000002
1820 0.000002
1821 0.000002
1822 0.000002
1823 0.000002
1824 0.000002
1825 0.000002
1826 0.000002
1827 0.000002
1828 0.000002
1829 0.000002
1830 0.000002
1831 0.000002
1832 0.000002
1833 0.000002
1834 0.000002
1835 0.000002
1836 0.000002
1837 0.000002
1838 0.000002
1839 0.000002
1840 0.000002
1841 0.000002
1842 0.000002
1843 0.000002
1844 0.000002
1845 0.000001
1846 0.000001
1847 0.000001
1848 0.000001
1849 0.000001
1850 0.000001
1851 0.000001
1852 0.000001
1853 0.000001
1854 0.000001
1855 0.000001
1856 0.000001
1857 0.000001
1858 0.000001
1859 0.000001
1860 0.000001
1861 0.000001
1862 0.000001
1863 0.000001
1864 0.000001
1865 0.000001
1866 0.000001
1867 0.000001
1868 0.000001
1869 0.000001
1870 0.000001
1871 0.000001
1872 0.000001
1873 0.000001
1874 0.000001
1875 0.000001
1876 0.000001
1877 0.000001
1878 0.000001
1879 0.000001
1880 0.000001
1881 0.000001
1882 0.000001
1883 0.000001
1884 0.000001
1885 0.000001
1886 0.000001
1887 0.000001
1888 0.000001
1889 0.000001
1890 0.000001
1891 0.000001
1892 0.000001
1893 0.000001
1894 0.000001
1895 0.000001
1896 0.000001
1897 0.000001
1898 0.000001
1899 0.000001
1900 0.000001
1901 0.000000
1902 0.000000
1903 0.000000
1904 0.000000
1905 0.000000
1906 0.000000
1907 0.000000
1908 0.000000
1909 0.000000
1910 0.000000
1911 0.000000
1912 0.000000
1913 0.000000
1914 0.000000
1915 0.000000
1916 0.000000
1917 0.000000
1918 0.000000
1919 0.000000
1920 0.000000
1921 0.000000
1922 0.000000
1923 0.000000
1924 0.000000
1925 0.000000
1926 0.000000
1927 0.000000
1928 0.000000
1929 0.000000
1930 0.000000
1931 0.000000
1932 0.000000
1933 0.000000
1934 0.000000
1935 0.000000
1936 0.000000
1937 0.000000
1938 0.000000
1939 0.000000
1940 0.000000
1941 0.000000
1942 0.000000
1943 0.000000
1944 0.000000
1945 0.000000
1946 0.000000
1947 0.000000
1948 0.000000
1949 0.000001
1950 0.000001
1951 0.000001
1952 0.000001
1953 0.000001
1954 0.000001
1955 0.000001
1956 0.000001
1957 0.000000
1958 0.000000
1959 0.000000
1960 0.000000
1961 0.000000
1962 0.000000
1963 0.000000
1964 0.000000
1965 0.000001
1966 0.000001
1967 0.000001
1968 0.000001
1969 0.000001
1970 0.000001
1971 0.000001
1972 0.000001
1973 0.000001
1974 0.000001
1975 0.000001
1976 0.000001
1977 0.000001
1978 0.000001
1979 0.000001
1980 0.000001
1981 0.000000
1982 0.000000
1983 0.000000
1984 0.000000
1985 0.000000
1986 0.000000
1987 0.000000
1988 0.000000
1989 0.000001
1990 0.000001
1991 0.000001
1992 0.000001
1993 0.000001
1994 0.000001
1995 0.000001
1996 0.000001
1997 0.000001
1998 0.000001
1999 0.000001
2000 0.000001
2001 0.000001
2002 0.000001
2003 0.000001
2004 0.000001
2005 0.000001
2006 0.000001
2007 0.000001
2008 0.000001
2009 0.000001
2010 0.000001
2011 0.000001
2012 0.000001
2013 0.000000
2014 0.000000
2015 0.000000
2016 0.000000
2017 0.000000
2018 0.000000
2019 0.000000
2020 0.000000
2021 0.000001
2022 0.000001
2023 0.000001
2024 0.000001
2025 0.000001
2026 0.000001
2027 0.000001
2028 0.000001
2029 0.000000
2030 0.000000
2031 0.000000
2032 0.000000
2033 0.000000
2034 0.000000
2035 0.000000
2036 0.000000
2037 0.000000
2038 0.000000
2039 0.000000
2040 0.000000
2041 0.000000
2042 0.000000
2043 0.000000
2044 0.000000
2045 0.000000
2046 0.000000
2047 0.000000
2048 0.000000
2049 0.000000
2050 0.000000
2051 0.000000
2052 0.000000
2053 0.000001
2054 0.000001
2055 0.000001
2056 0.000001
2057 0.000001
2058 0.000001
2059 0.000001
2060 0.000001
2061 0.000000
2062 0.000000
2063 0.000000
2064 0.000000
2065 0.000000
2066 0.000000
2067 0.000000
2068 0.000000
2069 0.000000
2070 0.000000
2071 0.000000
2072 0.000000
2073 0.000000
2074 0.000000
2075 0.000000
2076 0.000000
2077 0.000000
2078 0.000000
2079 0.000000
2080 0.000000
2081 0.000000
2082 0.000000
2083 0.000000
2084 0.000000
2085 0.000000
2086 0.000000
2087 0.000000
2088 0.000000
2089 0.000000
2090 0.000000
2091 0.000000
2092 0.000000
2093 0.000000
2094 0.000000
2095 0.000000
2096 0.000000
2097 0.000000
2098 0.000000
2099 0.000000
2100 0.000000
2101 0.000000
2102 0.000000
2103 0.000000
2104 0.000000
2105 0.000000
2106 0.000000
2107 0.000000
2108 0.000000
2109 0.000000
2110 0.000000
2111 0.000000
2112 0.000000
2113 0.000000
2114 0.000000
2115 0.000000
2116 0.000000
2117 0.000000
2118 0.000000
2119 0.000000
2120 0.000000
2121 0.000000
2122 0.000000
2123 0.000000
2124 0.000000
2125 0.000000
2126 0.000000
2127 0.000000
2128 0.000000
2129 0.000000
2130 0.000000
2131 0.000000
2132 0.000000
2133 0.000000
2134 0.000000
2135 0.000000
2136 0.000000
2137 0.000000
2138 0.000000
2139 0.000000
2140 0.000000
2141 0.000000
2142 0.000000
2143 0.000000
2144 0.000000
2145 0.000000
2146 0.000000
2147 0.000000
2148 0.000000
2149 0.000000
2150 0.000000
2151 0.000000
2152 0.000000
2153 0.000000
2154 0.000000
2155 0.000000
2156 0.000000
2157 0.000000
2158 0.000000
2159 0.000000
2160 0.000000
2161 0.000000
2162 0.000000
2163 0.000000
2164 0.000000
2165 0.000000
2166 0.000000
2167 0.000000
2168 0.000000
2169 0.000000
2170 0.000000
2171 0.000000
2172 0.000000
2173 0.000000
2174 0.000000
2175 0.000000
2176 0.000000
2177 0.000000
2178 0.000000
2179 0.000000
2180 0.000000
2181 0.000000
2182 0.000000
2183 0.000000
2184 0.000000
2185 0.000000
2186 0.000000
2187 0.000000
2188 0.000000
2189 0.000000
2190 0.000000
2191 0.000000
2192 0.000000
2193 0.000000
2194 0.000000
2195 0.000000
2196 0.000000
2197 0.000000
2198 0.000000
2199 0.000000
2200 0.000000
2201 0.000000
2202 0.000000
2203 0.000000
2204 0.000000
2205 0.000000
2206 0.000000
2207 0.000000
2208 0.000000
2209 0.000000
2210 0.000000
2211 0.000000
2212 0.000000
2213 0.000000
2214 0.000000
2215 0.000000
2216 0.000000
2217 0.000000
2218 0.000000
2219 0.000000
2220 0.000000
2221 0.000000
2222 0.000000
2223 0.000000
2224 0.000000
2225 0.000000
2226 0.000000
2227 0.000000
2228 0.000000
2229 0.000000
2230 0.000000
2231 0.000000
2232 0.000000
2233 0.000000
2234 0.000000
2235 0.000000
2236 0.000000
2237 0.000000
2238 0.000000
2239 0.000000
2240 0.000000
2241 0.000000
2242 0.000000
2243 0.000000
2244 0.000000
2245 0.000000
2246 0.000000
2247 0.000000
2248 0.000000
2249 0.000000
2250 0.000000
2251 0.000000
2252 0.000000
2253 0.000000
2254 0.000000
2255 0.000000
2256 0.000000
2257 0.000000
2258 0.000000
2259 0.000000
2260 0.000000
2261 0.000000
2262 0.000000
2263 0.000000
2264 0.000000
2265 0.000000
2266 0.000000
2267 0.000000
2268 0.000000
2269 0.000000
2270 0.000000
2271 0.000000
2272 0.000000
2273 0.000000
2274 0.000000
2275 0.000000
2276 0.000000
2277 0.000000
2278 0.000000
2279 0.000000
2280 0.000000
2281 0.000000
2282 0.000000
2283 0.000000
2284 0.000000
2285 0.000000
2286 0.000000
2287 0.000000
2288 0.000000
2289 0.000000
2290 0.000000
2291 0.000000
2292 0.000000
2293 0.000000
2294 0.000000
2295 0.000000
2296 0.000000
2297 0.000000
2298 0.000000
2299 0.000000
2300 0.000000
2301 0.000000
2302 0.000000
2303 0.000000
2304 0.000000
2305 0.000000
2306 0.000000
2307 0.000000
2308 0.000000
2309 0.000000
2310 0.000000
2311 0.000000
2312 0.000000
2313 0.000000
2314 0.000000
2315 0.000000
2316 0.000000
2317 0.000000
2318 0.000000
2319 0.000000
2320 0.000000
2321 0.000000
2322 0.000000
2323 0.000000
2324 0.000000
2325 0.000000
2326 0.000000
2327 0.000000
2328 0.000000
2329 0.000000
2330 0.000000
2331 0.000000
2332 0.000000
2333 0.000000
2334 0.000000
2335 0.000000
2336 0.000000
2337 0.000000
2338 0.000000
2339 0.000000
2340 0.000000
2341 0.000000
2342 0.000000
2343 0.000000
2344 0.000000
2345 0.000000
2346 0.000000
2347 0.000000
2348 0.000000
2349 0.000000
2350 0.000000
2351 0.000000
2352 0.000000
2353 0.000000
2354 0.000000
2355 0.000000
2356 0.000000
2357 0.000000
2358 0.000000
2359 0.000000
2360 0.000000
2361 0.000000
2362 0.000000
2363 0.000000
2364 0.000000
2365 0.000000
2366 0.000000
2367 0.000000
2368 0.000000
2369 0.000000
2370 0.000000
2371 0.000000
2372 0.000000
2373 0.000000
2374 0.000000
2375 0.000000
2376 0.000000
2377 0.000000
2378 0.000000
2379 0.000000
2380 0.000000
2381 0.000000
2382 0.000000
2383 0.000000
2384 0.000000
2385 0.000000
2386 0.000000
2387 0.000000
2388 0.000000
2389 0.000000
2390 0.000000
2391 0.000000
2392 0.000000
2393 0.000000
2394 0.000000
2395 0.000000
2396 0.000000
2397 0.000000
2398 0.000000
2399 0.000000
2400 0.000000
2401 0.000000
2402 0.000000
2403 0.000000
2404 0.000000
2405 0.000000
2406 0.000000
2407 0.000000
2408 0.000000
2409 0.000000
2410 0.000000
2411 0.000000
2412 0.000000
2413 0.000000
2414 0.000000
2415 0.000000
2416 0.000000
2417 0.000000
2418 0.000000
2419 0.000000
2420 0.000000
2421 0.000000
2422 0.000000
2423 0.000000
2424 0.000000
2425 0.000000
2426 0.000000
2427 0.000000
2428 0.000000
2429 0.000000
2430 0.000000
2431 0.000000
2432 0.000000
2433 0.000000
2434 0.000000
2435 0.000000
2436 0.000000
2437 0.000000
2438 0.000000
2439 0.000000
2440 0.000000
2441 0.000000
2442 0.000000
2443 0.000000
2444 0.000000
2445 0.000000
2446 0.000000
2447 0.000000
2448 0.000000
2449 0.000000
2450 0.000000
2451 0.000000
2452 0.000000
2453 0.000000
2454 0.000000
2455 0.000000
2456 0.000000
2457 0.000000
2458 0.000000
2459 0.000000
2460 0.000000
2461 0.000000
2462 0.000000
2463 0.000000
2464 0.000000
2465 0.000000
2466 0.000000
2467 0.000000
2468 0.000000
2469 0.000000
2470 0.000000
2471 0.000000
2472 0.000000
2473 0.000000
2474 0.000000
2475 0.000000
2476 0.000000
2477 0.000000
2478 0.000000
2479 0.000000
2480 0.000000
2481 0.000000
2482 0.000000
2483 0.000000
2484 0.000000
2485 0.000000
2486 0.000000
2487 0.000000
2488 0.000000
2489 0.000000
2490 0.000000
2491 0.000000
2492 0.000000
2493 0.000000
2494 0.000000
2495 0.000000
2496 0.000000
2497 0.000000
2498 0.000000
2499 0.000000
2500 0.000000
2501 0.000000
2502 0.000000
2503 0.000000
2504 0.000000
2505 0.000000
2506 0.000000
2507 0.000000
2508 0.000000
2509 0.000000
2510 0.000000
2511 0.000000
2512 0.000000
2513 0.000000
2514 0.000000
2515 0.000000
2516 0.000000
2517 0.000000
2518 0.000000
2519 0.000000
2520 0.000000
2521 0.000000
2522 0.000000
2523 0.000000
2524 0.000000
2525 0.000000
2526 0.000000
2527 0.000000
2528 0.000000
2529 0.000000
2530 0.000000
2531 0.000000
2532 0.000000
2533 0.000000
2534 0.000000
2535 0.000000
2536 0.000000
2537 0.000000
2538 0.000000
2539 0.000000
2540 0.000000
2541 0.000000
2542 0.000000
2543 0.000000
2544 0.000000
2545 0.000000
2546 0.000000
2547 0.000000
2548 0.000000
2549 0.000000
2550 0.000000
2551 0.000000
2552 0.000000
2553 0.000000
2554 0.000000
2555 0.000000
2556 0.000000
2557 0.000000
2558 0.000000
2559 0.000000
2560 0.000000
2561 0.000000
2562 0.000000
2563 0.000000
2564 0.000000
2565 0.000000
2566 0.000000
2567 0.000000
2568 0.000000
2569 0.000000
2570 0.000000
2571 0.000000
2572 0.000000
2573 0.000000
2574 0.000000
2575 0.000000
2576 0.000000
2577 0.000000
2578 0.000000
2579 0.000000
2580 0.000000
2581 0.000000
2582 0.000000
2583 0.000000
2584 0.000000
2585 0.000000
2586 0.000000
2587 0.000000
2588 0.000000
2589 0.000000
2590 0.000000
2591 0.000000
2592 0.000000
2593 0.000000
2594 0.000000
2595 0.000000
2596 0.000000
2597 0.000000
2598 0.000000
2599 0.000000
2600 0.000000
2601 0.000000
2602 0.000000
2603 0.000000
2604 0.000000
2605 0.000000
2606 0.000000
2607 0.000000
2608 0.000000
2609 0.000000
2610 0.000000
2611 0.000000
2612 0.000000
2613 0.000000
2614 0.000000
2615 0.000000
2616 0.000000
2617 0.000000
2618 0.000000
2619 0.000000
2620 0.000000
2621 0.000000
2622 0.000000
2623 0.000000
2624 0.000000
2625 0.000000
2626 0.000000
2627 0.000000
2628 0.000000
2629 0.000000
2630 0.000000
2631 0.000000
2632 0.000000
2633 0.000000
2634 0.000000
2635 0.000000
2636 0.000000
2637 0.000000
2638 0.000000
2639 0.000000
2640 0.000000
2641 0.000000
2642 0.000000
2643 0.000000
2644 0.000000
2645 0.000000
2646 0.000000
2647 0.000000
2648 0.000000
2649 0.000000
2650 0.000000
2651 0.000000
2652 0.000000
2653 0.000000
2654 0.000000
2655 0.000000
2656 0.000000
2657 0.000000
2658 0.000000
2659 0.000000
2660 0.000000
2661 0.000000
2662 0.000000
2663 0.000000
2664 0.000000
2665 0.000000
2666 0.000000
2667 0.000000
2668 0.000000
2669 0.000000
2670 0.000000
2671 0.000000
2672 0.000000
2673 0.000000
2674 0.000000
2675 0.000000
2676 0.000000
2677 0.000000
2678 0.000000
2679 0.000000
2680 0.000000
2681 0.000000
2682 0.000000
2683 0.000000
2684 0.000000
2685 0.000000
2686 0.000000
2687 0.000000
2688 0.000000
2689 0.000000
2690 0.000000
2691 0.000000
2692 0.000000
2693 0.000000
2694 0.000000
2695 0.000000
2696 0.000000
2697 0.000000
2698 0.000000
2699 0.000000
2700 0.000000
2701 0.000000
2702 0.000000
2703 0.000000
2704 0.000000
2705 0.000000
2706 0.000000
2707 0.000000
2708 0.000000
2709 0.000000
2710 0.000000
2711 0.000000
2712 0.000000
2713 0.000000
2714 0.000000
2715 0.000000
2716 0.000000
2717 0.000000
2718 0.000000
2719 0.000000
2720 0.000000
2721 0.000000
2722 0.000000
2723 0.000000
2724 0.000000
2725 0.000000
2726 0.000000
2727 0.000000
2728 0.000000
2729 0.000000
2730 0.000000
2731 0.000000
2732 0.000000
2733 0.000000
2734 0.000000
2735 0.000000
2736 0.000000
2737 0.000000
2738 0.000000
2739 0.000000
2740 0.000000
2741 0.000000
2742 0.000000
2743 0.000000
2744 0.000000
2745 0.000000
2746 0.000000
2747 0.000000
2748 0.000000
2749 0.000000
2750 0.000000
2751 0.000000
2752 0.000000
2753 0.000000
2754 0.000000
2755 0.000000
2756 0.000000
2757 0.000000
2758 0.000000
2759 0.000000
2760 0.000000
2761 0.000000
2762 0.000000
2763 0.000000
2764 0.000000
2765 0.000000
2766 0.000000
2767 0.000000
2768 0.000000
2769 0.000000
2770 0.000000
2771 0.000000
2772 0.000000
2773 0.000000
2774 0.000000
2775 0.000000
2776 0.000000
2777 0.000000
2778 0.000000
2779 0.000000
2780 0.000000
2781 0.000000
2782 0.000000
2783 0.000000
2784 0.000000
2785 0.000000
2786 0.000000
2787 0.000000
2788 0.000000
2789 0.000000
2790 0.000000
2791 0.000000
2792 0.000000
2793 0.000000
2794 0.000000
2795 0.000000
2796 0.000000
2797 0.000000
2798 0.000000
2799 0.000000
2800 0.000000
2801 0.000000
2802 0.000000
2803 0.000000
2804 0.000000
2805 0.000000
2806 0.000000
2807 0.000000
2808 0.000000
2809 0.000000
2810 0.000000
2811 0.000000
2812 0.000000
2813 0.000000
2814 0.000000
2815 0.000000
2816 0.000000
2817 0.000000
2818 0.000000
2819 0.000000
2820 0.000000
2821 0.000000
2822 0.000000
2823 0.000000
2824 0.000000
2825 0.000000
2826 0.000000
2827 0.000000
2828 0.000000
2829 0.000000
2830 0.000000
2831 0.000000
2832 0.000000
2833 0.000000
2834 0.000000
2835 0.000000
2836 0.000000
2837 0.000000
2838 0.000000
2839 0.000000
2840 0.000000
2841 0.000000
2842 0.000000
2843 0.000000
2844 0.000000
2845 0.000000
2846 0.000000
2847 0.000000
2848 0.000000
2849 0.000000
2850 0.000000
2851 0.000000
2852 0.000000
2853 0.000000
2854 0.000000
2855 0.000000
2856 0.000000
2857 0.000000
2858 0.000000
2859 0.000000
2860 0.000000
2861 0.000000
2862 0.000000
2863 0.000000
2864 0.000000
2865 0.000000
2866 0.000000
2867 0.000000
2868 0.000000
2869 0.000000
2870 0.000000
2871 0.000000
2872 0.000000
2873 0.000000
2874 0.000000
2875 0.000000
2876 0.000000
2877 0.000000
2878 0.000000
2879 0.000000
2880 0.000000
2881 0.000000
2882 0.000000
2883 0.000000
2884 0.000000
2885 0.000000
2886 0.000000
2887 0.000000
2888 0.000000
2889 0.000000
2890 0.000000
2891 0.000000
2892 0.000000
2893 0.000000
2894 0.000000
2895 0.000000
2896 0.000000
2897 0.000000
2898 0.000000
2899 0.000000
2900 0.000000
2901 0.000000
2902 0.000000
2903 0.000000
2904 0.000000
2905 0.000000
2906 0.000000
2907 0.000000
2908 0.000000
2909 0.000000
2910 0.000000
2911 0.000000
2912 0.000000
2913 0.000000
2914 0.000000
2915 0.000000
2916 0.000000
2917 0.000000
2918 0.000000
2919 0.000000
2920 0.000000
2921 0.000000
2922 0.000000
2923 0.000000
2924 0.000000
2925 0.000000
2926 0.000000
2927 0.000000
2928 0.000000
2929 0.000000
2930 0.000000
2931 0.000000
2932 0.000000
2933 0.000000
2934 0.000000
2935 0.000000
2936 0.000000
2937 0.000000
2938 0.000000
2939 0.000000
2940 0.000000
2941 0.000000
2942 0.000000
2943 0.000000
2944 0.000000
2945 0.000000
2946 0.000000
2947 0.000000
2948 0.000000
2949 0.000000
2950 0.000000
2951 0.000000
2952 0.000000
2953 0.000000
2954 0.000000
2955 0.000000
2956 0.000000
2957 0.000000
2958 0.000000
2959 0.000000
2960 0.000000
2961 0.000000
2962 0.000000
2963 0.000000
2964 0.000000
2965 0.000000
2966 0.000000
2967 0.000000
2968 0.000000
2969 0.000000
2970 0.000000
2971 0.000000
2972 0.000000
2973 0.000000
2974 0.000000
2975 0.000000
2976 0.000000
2977 0.000000
2978 0.000000
2979 0.000000
2980 0.000000
2981 0.000000
2982 0.000000
2983 0.000000
2984 0.000000
2985 0.000000
2986 0.000000
2987 0.000000
2988 0.000000
2989 0.000000
2990 0.000000
2991 0.000000
2992 0.000000
2993 0.000000
2994 0.000000
2995 0.000000
2996 0.000000
2997 0.000000
2998 0.000000
2999 0.000000
3000 0.000000
3001 0.000000
3002 0.000000
3003 0.000000
3004 0.000000
3005 0.000000
3006 0.000000
3007 0.000000
3008 0.000000
3009 0.000000
3010 0.000000
3011 0.000000
3012 0.000000
3013 0.000000
3014 0.000000
3015 0.000000
3016 0.000000
3017 0.000000
3018 0.000000
3019 0.000000
3020 0.000000
3021 0.000000
3022 0.000000
3023 0.000000
3024 0.000000
3025 0.000000
3026 0.000000
3027 0.000000
3028 0.000000
3029 0.000000
3030 0.000000
3031 0.000000
3032 0.000000
3033 0.000000
3034 0.000000
3035 0.000000
3036 0.000000
3037 0.000000
3038 0.000000
3039 0.000000
3040 0.000000
3041 0.000000
3042 0.000000
3043 0.000000
3044 0.000000
3045 0.000000
3046 0.000000
3047 0.000000
3048 0.000000
3049 0.000000
3050 0.000000
3051 0.000000
3052 0.000000
3053 0.000000
3054 0.000000
3055 0.000000
3056 0.000000
3057 0.000000
3058 0.000000
3059 0.000000
3060 0.000000
3061 0.000000
3062 0.000000
3063 0.000000
3064 0.000000
3065 0.000000
3066 0.000000
3067 0.000000
3068 0.000000
3069 0.000000
3070 0.000000
3071 0.000000
3072 0.000000
3073 0.000000
3074 0.000000
3075 0.000000
3076 0.000000
3077 0.000000
3078 0.000000
3079 0.000000
3080 0.000000
3081 0.000000
3082 0.000000
3083 0.000000
3084 0.000000
3085 0.000000
3086 0.000000
3087 0.000000
3088 0.000000
3089 0.000000
3090 0.000000
3091 0.000000
3092 0.000000
3093 0.000000
3094 0.000000
3095 0.000000
3096 0.000000
3097 0.000000
3098 0.000000
3099 0.000000
