    45  0.00000E+00
    46 -9.45633E-21
    47 -3.51235E-20
    48 -7.29488E-20
    49 -1.18880E-19
    50 -1.68863E-19
    51 -2.18846E-19
    52 -2.64777E-19
    53 -3.02602E-19
    54 -3.28270E-19
    55 -3.37726E-19
    56 -3.26919E-19
    57 -2.91795E-19
    58 -2.28303E-19
    59 -1.32389E-19
    60  0.00000E+00
    61  1.70214E-19
    62  3.68797E-19
    63  5.83590E-19
    64  8.02437E-19
    65  1.01318E-18
    66  1.20366E-18
    67  1.36171E-18
    68  1.47519E-18
    69  1.53192E-18
    70  1.51977E-18
    71  1.42655E-18
    72  1.24013E-18
    73  9.48334E-19
    74  5.39010E-19
    75  0.00000E+00
    76 -6.71399E-19
    77 -1.44006E-18
    78 -2.26141E-18
    79 -3.09087E-18
    80 -3.88385E-18
    81 -4.59577E-18
    82 -5.18207E-18
    83 -5.59814E-18
    84 -5.79943E-18
    85 -5.74134E-18
    86 -5.37930E-18
    87 -4.66872E-18
    88 -3.56503E-18
    89 -2.02365E-18
    90  0.00000E+00
    91  2.51538E-18
    92  5.39146E-18
    93  8.46206E-18
    94  1.15610E-17
    95  1.45222E-17
    96  1.71794E-17
    97  1.93665E-17
    98  2.09174E-17
    99  2.16658E-17
   100  2.14456E-17
   101  2.00906E-17
   102  1.74348E-17
   103  1.33118E-17
   104  7.55560E-18
   105  0.00000E+00
   106 -9.39013E-18
   107 -2.01258E-17
   108 -3.15868E-17
   109 -4.31533E-17
   110 -5.42050E-17
   111 -6.41220E-17
   112 -7.22841E-17
   113 -7.80714E-17
   114 -8.08637E-17
   115 -8.00410E-17
   116 -7.49832E-17
   117 -6.50703E-17
   118 -4.96822E-17
   119 -2.81988E-17
   120  0.00000E+00
   121  3.50451E-17
   122  7.51116E-17
   123  1.17885E-16
   124  1.61052E-16
   125  2.02298E-16
   126  2.39308E-16
   127  2.69770E-16
   128  2.91368E-16
   129  3.01789E-16
   130  2.98719E-16
   131  2.79842E-16
   132  2.42846E-16
   133  1.85417E-16
   134  1.05239E-16
   135  0.00000E+00
   136 -1.30790E-16
   137 -2.80321E-16
   138 -4.39954E-16
   139 -6.01055E-16
   140 -7.54986E-16
   141 -8.93112E-16
   142 -1.00680E-15
   143 -1.08740E-15
   144 -1.12629E-15
   145 -1.11483E-15
   146 -1.04439E-15
   147 -9.06316E-16
   148 -6.91985E-16
   149 -3.92759E-16
   150  0.00000E+00
   151  4.88117E-16
   152  1.04617E-15
   153  1.64193E-15
   154  2.24317E-15
   155  2.81765E-15
   156  3.33314E-15
   157  3.75741E-15
   158  4.05824E-15
   159  4.20338E-15
   160  4.16061E-15
   161  3.89770E-15
   162  3.38242E-15
   163  2.58252E-15
   164  1.46580E-15
   165  0.00000E+00
   166 -1.82168E-15
   167 -3.90436E-15
   168 -6.12777E-15
   169 -8.37161E-15
   170 -1.05156E-14
   171 -1.24394E-14
   172 -1.40229E-14
   173 -1.51456E-14
   174 -1.56872E-14
   175 -1.55276E-14
   176 -1.45464E-14
   177 -1.26233E-14
   178 -9.63811E-15
   179 -5.47043E-15
   180  0.00000E+00
   181  6.79859E-15
   182  1.45713E-14
   183  2.28692E-14
   184  3.12433E-14
   185  3.92448E-14
   186  4.64246E-14
   187  5.23340E-14
   188  5.65240E-14
   189  5.85456E-14
   190  5.79499E-14
   191  5.42880E-14
   192  4.71110E-14
   193  3.59699E-14
   194  2.04159E-14
   195  0.00000E+00
   196 -2.53727E-14
   197 -5.43808E-14
   198 -8.53489E-14
   199 -1.16602E-13
   200 -1.46463E-13
   201 -1.73259E-13
   202 -1.95313E-13
   203 -2.10950E-13
   204 -2.18495E-13
   205 -2.16272E-13
   206 -2.02606E-13
   207 -1.75821E-13
   208 -1.34242E-13
   209 -7.61932E-14
   210  0.00000E+00
   211  9.46921E-14
   212  2.02952E-13
   213  3.18526E-13
   214  4.35163E-13
   215  5.46609E-13
   216  6.46612E-13
   217  7.28919E-13
   218  7.87277E-13
   219  8.15434E-13
   220  8.07138E-13
   221  7.56134E-13
   222  6.56171E-13
   223  5.00996E-13
   224  2.84357E-13
   225  0.00000E+00
   226 -3.53396E-13
   227 -7.57426E-13
   228 -1.18876E-12
   229 -1.62405E-12
   230 -2.03997E-12
   231 -2.41319E-12
   232 -2.72036E-12
   233 -2.93816E-12
   234 -3.04324E-12
   235 -3.01228E-12
   236 -2.82193E-12
   237 -2.44886E-12
   238 -1.86974E-12
   239 -1.06123E-12
   240  0.00000E+00
   241  1.31889E-12
   242  2.82675E-12
   243  4.43650E-12
   244  6.06104E-12
   245  7.61328E-12
   246  9.00614E-12
   247  1.01525E-11
   248  1.09654E-11
   249  1.13575E-11
   250  1.12420E-11
   251  1.05316E-11
   252  9.13929E-12
   253  6.97798E-12
   254  3.96058E-12
   255  0.00000E+00
   256 -4.92217E-12
   257 -1.05496E-11
   258 -1.65572E-11
   259 -2.26201E-11
   260 -2.84131E-11
   261 -3.36114E-11
   262 -3.78898E-11
   263 -4.09233E-11
   264 -4.23869E-11
   265 -4.19556E-11
   266 -3.93044E-11
   267 -3.41083E-11
   268 -2.60422E-11
   269 -1.47811E-11
   270  0.00000E+00
   271  1.83698E-11
   272  3.93716E-11
   273  6.17924E-11
   274  8.44194E-11
   275  1.06039E-10
   276  1.25439E-10
   277  1.41406E-10
   278  1.52728E-10
   279  1.58190E-10
   280  1.56581E-10
   281  1.46686E-10
   282  1.27294E-10
   283  9.71907E-11
   284  5.51638E-11
   285  0.00000E+00
   286 -6.85570E-11
   287 -1.46937E-10
   288 -2.30613E-10
   289 -3.15057E-10
   290 -3.95744E-10
   291 -4.68146E-10
   292 -5.27736E-10
   293 -5.69988E-10
   294 -5.90373E-10
   295 -5.84366E-10
   296 -5.47440E-10
   297 -4.75067E-10
   298 -3.62721E-10
   299 -2.05874E-10
   300  0.00000E+00
   301  2.55858E-10
   302  5.48376E-10
   303  8.60658E-10
   304  1.17581E-09
   305  1.47694E-09
   306  1.74715E-09
   307  1.96954E-09
   308  2.12722E-09
   309  2.20330E-09
   310  2.18089E-09
   311  2.04307E-09
   312  1.77297E-09
   313  1.35369E-09
   314  7.68332E-10
   315  0.00000E+00
   316 -9.54875E-10
   317 -2.04657E-09
   318 -3.21202E-09
   319 -4.38818E-09
   320 -5.51201E-09
   321 -6.52043E-09
   322 -7.35042E-09
   323 -7.93890E-09
   324 -8.22284E-09
   325 -8.13917E-09
   326 -7.62486E-09
   327 -6.61683E-09
   328 -5.05205E-09
   329 -2.86746E-09
   330  0.00000E+00
   331  3.56364E-09
   332  7.63789E-09
   333  1.19874E-08
   334  1.63769E-08
   335  2.05711E-08
   336  2.43346E-08
   337  2.74321E-08
   338  2.96284E-08
   339  3.06881E-08
   340  3.03758E-08
   341  2.84564E-08
   342  2.46944E-08
   343  1.88545E-08
   344  1.07015E-08
   345  0.00000E+00
   346 -1.34017E-08
   347 -2.93212E-08
   348 -4.74923E-08
   349 -6.76491E-08
   350 -8.95255E-08
   351 -1.12855E-07
   352 -1.37373E-07
   353 -1.62812E-07
   354 -1.88906E-07
   355 -2.15389E-07
   356 -2.41996E-07
   357 -2.68460E-07
   358 -2.94515E-07
   359 -3.19896E-07
   360 -3.44335E-07
   361 -3.67615E-07
   362 -3.89702E-07
   363 -4.10614E-07
   364 -4.30364E-07
   365 -4.48968E-07
   366 -4.66442E-07
   367 -4.82801E-07
   368 -4.98060E-07
   369 -5.12235E-07
   370 -5.25340E-07
   371 -5.37391E-07
   372 -5.48403E-07
   373 -5.58393E-07
   374 -5.67374E-07
   375 -5.75362E-07
   376 -5.82377E-07
   377 -5.88456E-07
   378 -5.93641E-07
   379 -5.97972E-07
   380 -6.01492E-07
   381 -6.04241E-07
   382 -6.06262E-07
   383 -6.07594E-07
   384 -6.08281E-07
   385 -6.08363E-07
   386 -6.07882E-07
   387 -6.06879E-07
   388 -6.05396E-07
   389 -6.03473E-07
   390 -6.01154E-07
   391 -5.98472E-07
   392 -5.95440E-07
   393 -5.92063E-07
   394 -5.88348E-07
   395 -5.84300E-07
   396 -5.79925E-07
   397 -5.75229E-07
   398 -5.70219E-07
   399 -5.64898E-07
   400 -5.59275E-07
   401 -5.53353E-07
   402 -5.47141E-07
   403 -5.40642E-07
   404 -5.33863E-07
   405 -5.26810E-07
   406 -5.19497E-07
   407 -5.11970E-07
   408 -5.04285E-07
   409 -4.96497E-07
   410 -4.88661E-07
   411 -4.80832E-07
   412 -4.73064E-07
   413 -4.65413E-07
   414 -4.57934E-07
   415 -4.50682E-07
   416 -4.43712E-07
   417 -4.37078E-07
   418 -4.30837E-07
   419 -4.25042E-07
   420 -4.19750E-07
   421 -4.14985E-07
   422 -4.10657E-07
   423 -4.06647E-07
   424 -4.02833E-07
   425 -3.99097E-07
   426 -3.95318E-07
   427 -3.91376E-07
   428 -3.87152E-07
   429 -3.82525E-07
   430 -3.77376E-07
   431 -3.71584E-07
   432 -3.65030E-07
   433 -3.57593E-07
   434 -3.49155E-07
   435 -3.39594E-07
   436 -3.28858E-07
   437 -3.17164E-07
   438 -3.04795E-07
   439 -2.92035E-07
   440 -2.79169E-07
   441 -2.66478E-07
   442 -2.54248E-07
   443 -2.42762E-07
   444 -2.32303E-07
   445 -2.23156E-07
   446 -2.15604E-07
   447 -2.09931E-07
   448 -2.06421E-07
   449 -2.05357E-07
   450 -2.07023E-07
   451 -2.11578E-07
   452 -2.18680E-07
   453 -2.27865E-07
   454 -2.38667E-07
   455 -2.50618E-07
   456 -2.63254E-07
   457 -2.76109E-07
   458 -2.88717E-07
   459 -3.00612E-07
   460 -3.11328E-07
   461 -3.20399E-07
   462 -3.27360E-07
   463 -3.31744E-07
   464 -3.33086E-07
   465 -3.30921E-07
   466 -3.24903E-07
   467 -3.15176E-07
   468 -3.02007E-07
   469 -2.85659E-07
   470 -2.66398E-07
   471 -2.44490E-07
   472 -2.20199E-07
   473 -1.93792E-07
   474 -1.65533E-07
   475 -1.35687E-07
   476 -1.04521E-07
   477 -7.22983E-08
   478 -3.92852E-08
   479 -5.74675E-09
   480  2.80517E-08
   481  6.18704E-08
   482  9.55709E-08
   483  1.29040E-07
   484  1.62166E-07
   485  1.94834E-07
   486  2.26933E-07
   487  2.58349E-07
   488  2.88969E-07
   489  3.18680E-07
   490  3.47370E-07
   491  3.74926E-07
   492  4.01234E-07
   493  4.26182E-07
   494  4.49656E-07
   495  4.71544E-07
   496  4.91788E-07
   497  5.10544E-07
   498  5.28025E-07
   499  5.44442E-07
   500  5.60008E-07
   501  5.74935E-07
   502  5.89435E-07
   503  6.03718E-07
   504  6.17999E-07
   505  6.32487E-07
   506  6.47396E-07
   507  6.62937E-07
   508  6.79322E-07
   509  6.96764E-07
   510  7.15473E-07
   511  7.35609E-07
   512  7.57116E-07
   513  7.79886E-07
   514  8.03809E-07
   515  8.28778E-07
   516  8.54682E-07
   517  8.81415E-07
   518  9.08866E-07
   519  9.36926E-07
   520  9.65489E-07
   521  9.94443E-07
   522  1.02368E-06
   523  1.05310E-06
   524  1.08258E-06
   525  1.11201E-06
   526  1.14122E-06
   527  1.16972E-06
   528  1.19695E-06
   529  1.22236E-06
   530  1.24537E-06
   531  1.26544E-06
   532  1.28200E-06
   533  1.29449E-06
   534  1.30236E-06
   535  1.30504E-06
   536  1.30198E-06
   537  1.29262E-06
   538  1.27639E-06
   539  1.25274E-06
   540  1.22111E-06
   541  1.18121E-06
   542  1.13382E-06
   543  1.07998E-06
   544  1.02075E-06
   545  9.57167E-07
   546  8.90284E-07
   547  8.21148E-07
   548  7.50807E-07
   549  6.80310E-07
   550  6.10702E-07
   551  5.43034E-07
   552  4.78352E-07
   553  4.17704E-07
   554  3.62139E-07
   555  3.12704E-07
   556  2.70239E-07
   557  2.34756E-07
   558  2.06057E-07
   559  1.83945E-07
   560  1.68223E-07
   561  1.58695E-07
   562  1.55164E-07
   563  1.57432E-07
   564  1.65304E-07
   565  1.78581E-07
   566  1.97067E-07
   567  2.20565E-07
   568  2.48878E-07
   569  2.81809E-07
   570  3.19162E-07
   571  3.60732E-07
   572  4.06285E-07
   573  4.55581E-07
   574  5.08377E-07
   575  5.64434E-07
   576  6.23509E-07
   577  6.85362E-07
   578  7.49752E-07
   579  8.16437E-07
   580  8.85177E-07
   581  9.55730E-07
   582  1.02785E-06
   583  1.10131E-06
   584  1.17586E-06
   585  1.25125E-06
   586  1.32726E-06
   587  1.40367E-06
   588  1.48028E-06
   589  1.55689E-06
   590  1.63329E-06
   591  1.70928E-06
   592  1.78466E-06
   593  1.85921E-06
   594  1.93274E-06
   595  2.00504E-06
   596  2.07592E-06
   597  2.14516E-06
   598  2.21255E-06
   599  2.27791E-06
   600  2.34102E-06
   601  2.40170E-06
   602  2.45985E-06
   603  2.51538E-06
   604  2.56822E-06
   605  2.61827E-06
   606  2.66547E-06
   607  2.70972E-06
   608  2.75094E-06
   609  2.78906E-06
   610  2.82399E-06
   611  2.85564E-06
   612  2.88394E-06
   613  2.90880E-06
   614  2.93014E-06
   615  2.94788E-06
   616  2.96128E-06
   617  2.96699E-06
   618  2.96100E-06
   619  2.93930E-06
   620  2.89788E-06
   621  2.83274E-06
   622  2.73986E-06
   623  2.61524E-06
   624  2.45487E-06
   625  2.25475E-06
   626  2.01085E-06
   627  1.71918E-06
   628  1.37573E-06
   629  9.76484E-07
   630  5.17440E-07
   631 -3.99797E-09
   632 -5.84763E-07
   633 -1.22037E-06
   634 -1.90635E-06
   635 -2.63820E-06
   636 -3.41146E-06
   637 -4.22163E-06
   638 -5.06424E-06
   639 -5.93481E-06
   640 -6.82886E-06
   641 -7.74189E-06
   642 -8.66944E-06
   643 -9.60702E-06
   644 -1.05501E-05
   645 -1.14943E-05
   646 -1.24360E-05
   647 -1.33748E-05
   648 -1.43116E-05
   649 -1.52468E-05
   650 -1.61812E-05
   651 -1.71154E-05
   652 -1.80501E-05
   653 -1.89858E-05
   654 -1.99233E-05
   655 -2.08632E-05
   656 -2.18061E-05
   657 -2.27526E-05
   658 -2.37034E-05
   659 -2.46592E-05
   660 -2.56206E-05
   661 -2.65865E-05
   662 -2.75485E-05
   663 -2.84968E-05
   664 -2.94211E-05
   665 -3.03116E-05
   666 -3.11582E-05
   667 -3.19508E-05
   668 -3.26794E-05
   669 -3.33340E-05
   670 -3.39046E-05
   671 -3.43811E-05
   672 -3.47535E-05
   673 -3.50117E-05
   674 -3.51458E-05
   675 -3.51456E-05
   676 -3.50049E-05
   677 -3.47313E-05
   678 -3.43365E-05
   679 -3.38319E-05
   680 -3.32289E-05
   681 -3.25392E-05
   682 -3.17741E-05
   683 -3.09451E-05
   684 -3.00637E-05
   685 -2.91414E-05
   686 -2.81896E-05
   687 -2.72199E-05
   688 -2.62437E-05
   689 -2.52726E-05
   690 -2.43179E-05
   691 -2.33859E-05
   692 -2.24618E-05
   693 -2.15256E-05
   694 -2.05572E-05
   695 -1.95364E-05
   696 -1.84434E-05
   697 -1.72580E-05
   698 -1.59601E-05
   699 -1.45297E-05
   700 -1.29468E-05
   701 -1.11912E-05
   702 -9.24292E-06
   703 -7.08192E-06
   704 -4.68811E-06
   705 -2.04145E-06
   706  8.75406E-07
   707  4.06892E-06
   708  7.54280E-06
   709  1.13008E-05
   710  1.53467E-05
   711  1.96841E-05
   712  2.43168E-05
   713  2.92486E-05
   714  3.44831E-05
   715  4.00242E-05
   716  4.58755E-05
   717  5.20407E-05
   718  5.85236E-05
   719  6.53280E-05
   720  7.24575E-05
   721  7.99059E-05
   722  8.76266E-05
   723  9.55629E-05
   724  1.03658E-04
   725  1.11856E-04
   726  1.20100E-04
   727  1.28333E-04
   728  1.36498E-04
   729  1.44540E-04
   730  1.52400E-04
   731  1.60024E-04
   732  1.67354E-04
   733  1.74333E-04
   734  1.80905E-04
   735  1.87014E-04
   736  1.92614E-04
   737  1.97708E-04
   738  2.02311E-04
   739  2.06436E-04
   740  2.10097E-04
   741  2.13310E-04
   742  2.16088E-04
   743  2.18446E-04
   744  2.20397E-04
   745  2.21957E-04
   746  2.23138E-04
   747  2.23957E-04
   748  2.24426E-04
   749  2.24561E-04
   750  2.24375E-04
   751  2.23862E-04
   752  2.22935E-04
   753  2.21485E-04
   754  2.19404E-04
   755  2.16584E-04
   756  2.12916E-04
   757  2.08292E-04
   758  2.02604E-04
   759  1.95744E-04
   760  1.87603E-04
   761  1.78074E-04
   762  1.67047E-04
   763  1.54415E-04
   764  1.40069E-04
   765  1.23902E-04
   766  1.05800E-04
   767  8.56358E-05
   768  6.32760E-05
   769  3.85882E-05
   770  1.14398E-05
   771 -1.83019E-05
   772 -5.07697E-05
   773 -8.60960E-05
   774 -1.24414E-04
   775 -1.65855E-04
   776 -2.10553E-04
   777 -2.58640E-04
   778 -3.10249E-04
   779 -3.65513E-04
   780 -4.24563E-04
   781 -4.87395E-04
   782 -5.53450E-04
   783 -6.22032E-04
   784 -6.92444E-04
   785 -7.63989E-04
   786 -8.35970E-04
   787 -9.07692E-04
   788 -9.78458E-04
   789 -1.04757E-03
   790 -1.11433E-03
   791 -1.17805E-03
   792 -1.23802E-03
   793 -1.29356E-03
   794 -1.34396E-03
   795 -1.38852E-03
   796 -1.42675E-03
   797 -1.45887E-03
   798 -1.48534E-03
   799 -1.50657E-03
   800 -1.52301E-03
   801 -1.53507E-03
   802 -1.54321E-03
   803 -1.54785E-03
   804 -1.54941E-03
   805 -1.54834E-03
   806 -1.54507E-03
   807 -1.54003E-03
   808 -1.53366E-03
   809 -1.52638E-03
   810 -1.51862E-03
   811 -1.51062E-03
   812 -1.50178E-03
   813 -1.49127E-03
   814 -1.47829E-03
   815 -1.46203E-03
   816 -1.44168E-03
   817 -1.41643E-03
   818 -1.38547E-03
   819 -1.34799E-03
   820 -1.30318E-03
   821 -1.25022E-03
   822 -1.18832E-03
   823 -1.11665E-03
   824 -1.03440E-03
   825 -9.40777E-04
   826 -8.34860E-04
   827 -7.15355E-04
   828 -5.80864E-04
   829 -4.29994E-04
   830 -2.61349E-04
   831 -7.35330E-05
   832  1.34849E-04
   833  3.65194E-04
   834  6.18895E-04
   835  8.97350E-04
   836  1.20195E-03
   837  1.53410E-03
   838  1.89518E-03
   839  2.28660E-03
   840  2.70975E-03
   841  3.16529E-03
   842  3.65087E-03
   843  4.16342E-03
   844  4.69987E-03
   845  5.25714E-03
   846  5.83215E-03
   847  6.42183E-03
   848  7.02310E-03
   849  7.63288E-03
   850  8.24810E-03
   851  8.86569E-03
   852  9.48255E-03
   853  1.00956E-02
   854  1.07018E-02
   855  1.12981E-02
   856  1.18817E-02
   857  1.24510E-02
   858  1.30049E-02
   859  1.35423E-02
   860  1.40619E-02
   861  1.45625E-02
   862  1.50429E-02
   863  1.55020E-02
   864  1.59386E-02
   865  1.63514E-02
   866  1.67393E-02
   867  1.71011E-02
   868  1.74356E-02
   869  1.77417E-02
   870  1.80180E-02
   871  1.82640E-02
   872  1.84805E-02
   873  1.86693E-02
   874  1.88317E-02
   875  1.89693E-02
   876  1.90836E-02
   877  1.91761E-02
   878  1.92483E-02
   879  1.93017E-02
   880  1.93379E-02
   881  1.93583E-02
   882  1.93645E-02
   883  1.93579E-02
   884  1.93402E-02
   885  1.93127E-02
   886  1.92765E-02
   887  1.92300E-02
   888  1.91711E-02
   889  1.90977E-02
   890  1.90077E-02
   891  1.88990E-02
   892  1.87696E-02
   893  1.86174E-02
   894  1.84401E-02
   895  1.82358E-02
   896  1.80024E-02
   897  1.77377E-02
   898  1.74396E-02
   899  1.71061E-02
   900  1.67351E-02
   901  1.63253E-02
   902  1.58789E-02
   903  1.53991E-02
   904  1.48889E-02
   905  1.43513E-02
   906  1.37896E-02
   907  1.32066E-02
   908  1.26056E-02
   909  1.19897E-02
   910  1.13618E-02
   911  1.07251E-02
   912  1.00826E-02
   913  9.43748E-03
   914  8.79277E-03
   915  8.15157E-03
   916  7.51669E-03
   917  6.88990E-03
   918  6.27272E-03
   919  5.66665E-03
   920  5.07323E-03
   921  4.49394E-03
   922  3.93033E-03
   923  3.38388E-03
   924  2.85612E-03
   925  2.34857E-03
   926  1.86273E-03
   927  1.40012E-03
   928  9.62248E-04
   929  5.50634E-04
   930  1.66789E-04
   931 -1.88240E-04
   932 -5.15265E-04
   933 -8.15567E-04
   934 -1.09042E-03
   935 -1.34112E-03
   936 -1.56893E-03
   937 -1.77513E-03
   938 -1.96100E-03
   939 -2.12783E-03
   940 -2.27690E-03
   941 -2.40947E-03
   942 -2.52684E-03
   943 -2.63027E-03
   944 -2.72106E-03
   945 -2.80048E-03
   946 -2.86961E-03
   947 -2.92874E-03
   948 -2.97797E-03
   949 -3.01740E-03
   950 -3.04710E-03
   951 -3.06719E-03
   952 -3.07775E-03
   953 -3.07887E-03
   954 -3.07065E-03
   955 -3.05319E-03
   956 -3.02658E-03
   957 -2.99091E-03
   958 -2.94627E-03
   959 -2.89276E-03
   960 -2.83048E-03
   961 -2.75962E-03
   962 -2.68083E-03
   963 -2.59486E-03
   964 -2.50247E-03
   965 -2.40440E-03
   966 -2.30142E-03
   967 -2.19426E-03
   968 -2.08369E-03
   969 -1.97045E-03
   970 -1.85530E-03
   971 -1.73899E-03
   972 -1.62228E-03
   973 -1.50591E-03
   974 -1.39064E-03
   975 -1.27722E-03
   976 -1.16630E-03
   977 -1.05813E-03
   978 -9.52866E-04
   979 -8.50655E-04
   980 -7.51648E-04
   981 -6.55993E-04
   982 -5.63843E-04
   983 -4.75346E-04
   984 -3.90654E-04
   985 -3.09916E-04
   986 -2.33282E-04
   987 -1.60903E-04
   988 -9.29285E-05
   989 -2.95094E-05
   990  2.92044E-05
   991  8.31246E-05
   992  1.32410E-04
   993  1.77281E-04
   994  2.17958E-04
   995  2.54662E-04
   996  2.87613E-04
   997  3.17032E-04
   998  3.43140E-04
   999  3.66156E-04
  1000  3.86303E-04
  1001  4.03799E-04
  1002  4.18867E-04
  1003  4.31725E-04
  1004  4.42596E-04
  1005  4.51699E-04
  1006  4.59225E-04
  1007  4.65247E-04
  1008  4.69804E-04
  1009  4.72941E-04
  1010  4.74697E-04
  1011  4.75115E-04
  1012  4.74237E-04
  1013  4.72105E-04
  1014  4.68760E-04
  1015  4.64243E-04
  1016  4.58598E-04
  1017  4.51866E-04
  1018  4.44087E-04
  1019  4.35305E-04
  1020  4.25561E-04
  1021  4.14901E-04
  1022  4.03389E-04
  1023  3.91094E-04
  1024  3.78084E-04
  1025  3.64427E-04
  1026  3.50191E-04
  1027  3.35446E-04
  1028  3.20259E-04
  1029  3.04700E-04
  1030  2.88835E-04
  1031  2.72734E-04
  1032  2.56465E-04
  1033  2.40097E-04
  1034  2.23698E-04
  1035  2.07335E-04
  1036  1.91076E-04
  1037  1.74971E-04
  1038  1.59070E-04
  1039  1.43422E-04
  1040  1.28076E-04
  1041  1.13082E-04
  1042  9.84886E-05
  1043  8.43449E-05
  1044  7.07001E-05
  1045  5.76033E-05
  1046  4.51039E-05
  1047  3.32508E-05
  1048  2.20933E-05
  1049  1.16805E-05
  1050  2.06158E-06
  1051 -6.72989E-06
  1052 -1.47228E-05
  1053 -2.19618E-05
  1054 -2.84913E-05
  1055 -3.43558E-05
  1056 -3.96000E-05
  1057 -4.42682E-05
  1058 -4.84051E-05
  1059 -5.20552E-05
  1060 -5.52630E-05
  1061 -5.80730E-05
  1062 -6.05297E-05
  1063 -6.26778E-05
  1064 -6.45616E-05
  1065 -6.62258E-05
  1066 -6.77066E-05
  1067 -6.90073E-05
  1068 -7.01230E-05
  1069 -7.10488E-05
  1070 -7.17797E-05
  1071 -7.23109E-05
  1072 -7.26373E-05
  1073 -7.27540E-05
  1074 -7.26561E-05
  1075 -7.23387E-05
  1076 -7.17969E-05
  1077 -7.10256E-05
  1078 -7.00201E-05
  1079 -6.87753E-05
  1080 -6.72863E-05
  1081 -6.55528E-05
  1082 -6.35929E-05
  1083 -6.14296E-05
  1084 -5.90856E-05
  1085 -5.65837E-05
  1086 -5.39467E-05
  1087 -5.11974E-05
  1088 -4.83586E-05
  1089 -4.54532E-05
  1090 -4.25039E-05
  1091 -3.95335E-05
  1092 -3.65649E-05
  1093 -3.36209E-05
  1094 -3.07242E-05
  1095 -2.78977E-05
  1096 -2.51607E-05
  1097 -2.25191E-05
  1098 -1.99751E-05
  1099 -1.75311E-05
  1100 -1.51894E-05
  1101 -1.29524E-05
  1102 -1.08224E-05
  1103 -8.80168E-06
  1104 -6.89269E-06
  1105 -5.09771E-06
  1106 -3.41908E-06
  1107 -1.85914E-06
  1108 -4.20237E-07
  1109  8.95303E-07
  1110  2.08514E-06
  1111  3.14851E-06
  1112  4.09103E-06
  1113  4.91985E-06
  1114  5.64217E-06
  1115  6.26516E-06
  1116  6.79599E-06
  1117  7.24186E-06
  1118  7.60993E-06
  1119  7.90738E-06
  1120  8.14139E-06
  1121  8.31915E-06
  1122  8.44782E-06
  1123  8.53459E-06
  1124  8.58664E-06
  1125  8.61114E-06
  1126  8.61436E-06
  1127  8.59894E-06
  1128  8.56662E-06
  1129  8.51910E-06
  1130  8.45812E-06
  1131  8.38541E-06
  1132  8.30270E-06
  1133  8.21171E-06
  1134  8.11417E-06
  1135  8.01180E-06
  1136  7.90634E-06
  1137  7.79951E-06
  1138  7.69303E-06
  1139  7.58864E-06
  1140  7.48807E-06
  1141  7.39244E-06
  1142  7.30054E-06
  1143  7.21056E-06
  1144  7.12068E-06
  1145  7.02910E-06
  1146  6.93401E-06
  1147  6.83359E-06
  1148  6.72603E-06
  1149  6.60953E-06
  1150  6.48227E-06
  1151  6.34244E-06
  1152  6.18823E-06
  1153  6.01783E-06
  1154  5.82942E-06
  1155  5.62121E-06
  1156  5.39205E-06
  1157  5.14351E-06
  1158  4.87783E-06
  1159  4.59726E-06
  1160  4.30404E-06
  1161  4.00041E-06
  1162  3.68862E-06
  1163  3.37090E-06
  1164  3.04951E-06
  1165  2.72667E-06
  1166  2.40465E-06
  1167  2.08568E-06
  1168  1.77199E-06
  1169  1.46585E-06
  1170  1.16948E-06
  1171  8.84732E-07
  1172  6.11806E-07
  1173  3.50508E-07
  1174  1.00640E-07
  1175 -1.37995E-07
  1176 -3.65594E-07
  1177 -5.82353E-07
  1178 -7.88471E-07
  1179 -9.84144E-07
  1180 -1.16957E-06
  1181 -1.34494E-06
  1182 -1.51047E-06
  1183 -1.66633E-06
  1184 -1.81274E-06
  1185 -1.94988E-06
  1186 -2.07783E-06
  1187 -2.19608E-06
  1188 -2.30402E-06
  1189 -2.40101E-06
  1190 -2.48644E-06
  1191 -2.55967E-06
  1192 -2.62008E-06
  1193 -2.66705E-06
  1194 -2.69995E-06
  1195 -2.71814E-06
  1196 -2.72102E-06
  1197 -2.70795E-06
  1198 -2.67830E-06
  1199 -2.63145E-06
  1200 -2.56678E-06
  1201 -2.48406E-06
  1202 -2.38471E-06
  1203 -2.27053E-06
  1204 -2.14334E-06
  1205 -2.00495E-06
  1206 -1.85718E-06
  1207 -1.70184E-06
  1208 -1.54075E-06
  1209 -1.37572E-06
  1210 -1.20856E-06
  1211 -1.04109E-06
  1212 -8.75121E-07
  1213 -7.12467E-07
  1214 -5.54942E-07
  1215 -4.04361E-07
  1216 -2.62282E-07
  1217 -1.29244E-07
  1218 -5.52839E-09
  1219  1.08581E-07
  1220  2.12800E-07
  1221  3.06848E-07
  1222  3.90440E-07
  1223  4.63293E-07
  1224  5.25126E-07
  1225  5.75654E-07
  1226  6.14595E-07
  1227  6.41665E-07
  1228  6.56582E-07
  1229  6.59063E-07
  1230  6.48824E-07
  1231  6.25905E-07
  1232  5.91629E-07
  1233  5.47645E-07
  1234  4.95598E-07
  1235  4.37136E-07
  1236  3.73904E-07
  1237  3.07549E-07
  1238  2.39719E-07
  1239  1.72059E-07
  1240  1.06216E-07
  1241  4.38363E-08
  1242 -1.34325E-08
  1243 -6.39443E-08
  1244 -1.06052E-07
  1245 -1.38110E-07
  1246 -1.58946E-07
  1247 -1.69283E-07
  1248 -1.70322E-07
  1249 -1.63261E-07
  1250 -1.49299E-07
  1251 -1.29635E-07
  1252 -1.05468E-07
  1253 -7.79976E-08
  1254 -4.84220E-08
  1255 -1.79404E-08
  1256  1.22481E-08
  1257  4.09446E-08
  1258  6.69500E-08
  1259  8.90654E-08
  1260  1.06092E-07
  1261  1.17130E-07
  1262  1.22477E-07
  1263  1.22733E-07
  1264  1.18493E-07
  1265  1.10357E-07
  1266  9.89222E-08
  1267  8.47861E-08
  1268  6.85466E-08
  1269  5.08016E-08
  1270  3.21489E-08
  1271  1.31863E-08
  1272 -5.48844E-09
  1273 -2.32774E-08
  1274 -3.95829E-08
  1275 -5.38071E-08
  1276 -6.55164E-08
  1277 -7.49346E-08
  1278 -8.24498E-08
  1279 -8.84501E-08
  1280 -9.33235E-08
  1281 -9.74582E-08
  1282 -1.01242E-07
  1283 -1.05063E-07
  1284 -1.09310E-07
  1285 -1.14370E-07
  1286 -1.20631E-07
  1287 -1.28483E-07
  1288 -1.38312E-07
  1289 -1.50506E-07
  1290 -1.65455E-07
  1291 -1.83353E-07
  1292 -2.03630E-07
  1293 -2.25523E-07
  1294 -2.48269E-07
  1295 -2.71105E-07
  1296 -2.93267E-07
  1297 -3.13993E-07
  1298 -3.32520E-07
  1299 -3.48085E-07
  1300 -3.59924E-07
  1301 -3.67274E-07
  1302 -3.69373E-07
  1303 -3.65458E-07
  1304 -3.54766E-07
  1305 -3.36532E-07
  1306 -3.10290E-07
  1307 -2.76745E-07
  1308 -2.36900E-07
  1309 -1.91757E-07
  1310 -1.42317E-07
  1311 -8.95824E-08
  1312 -3.45541E-08
  1313  2.17661E-08
  1314  7.83761E-08
  1315  1.34275E-07
  1316  1.88460E-07
  1317  2.39930E-07
  1318  2.87683E-07
  1319  3.30718E-07
  1320  3.68032E-07
  1321  3.98878E-07
  1322  4.23521E-07
  1323  4.42477E-07
  1324  4.56266E-07
  1325  4.65405E-07
  1326  4.70412E-07
  1327  4.71805E-07
  1328  4.70103E-07
  1329  4.65823E-07
  1330  4.59483E-07
  1331  4.51601E-07
  1332  4.42695E-07
  1333  4.33284E-07
  1334  4.23885E-07
  1335  4.15017E-07
  1336  4.07070E-07
  1337  3.99931E-07
  1338  3.93360E-07
  1339  3.87116E-07
  1340  3.80958E-07
  1341  3.74647E-07
  1342  3.67943E-07
  1343  3.60603E-07
  1344  3.52389E-07
  1345  3.43060E-07
  1346  3.32376E-07
  1347  3.20096E-07
  1348  3.05979E-07
  1349  2.89786E-07
  1350  2.71276E-07
  1351  2.50303E-07
  1352  2.27096E-07
  1353  2.01977E-07
  1354  1.75272E-07
  1355  1.47302E-07
  1356  1.18392E-07
  1357  8.88645E-08
  1358  5.90426E-08
  1359  2.92500E-08
  1360 -1.90112E-10
  1361 -2.89544E-08
  1362 -5.67196E-08
  1363 -8.31623E-08
  1364 -1.07959E-07
  1365 -1.30787E-07
  1366 -1.51408E-07
  1367 -1.69923E-07
  1368 -1.86519E-07
  1369 -2.01385E-07
  1370 -2.14705E-07
  1371 -2.26669E-07
  1372 -2.37462E-07
  1373 -2.47271E-07
  1374 -2.56284E-07
  1375 -2.64688E-07
  1376 -2.72669E-07
  1377 -2.80414E-07
  1378 -2.88111E-07
  1379 -2.95946E-07
  1380 -3.04107E-07
  1381 -3.12630E-07
  1382 -3.20949E-07
  1383 -3.28349E-07
  1384 -3.34112E-07
  1385 -3.37524E-07
  1386 -3.37868E-07
  1387 -3.34427E-07
  1388 -3.26487E-07
  1389 -3.13331E-07
  1390 -2.94242E-07
  1391 -2.68504E-07
  1392 -2.35403E-07
  1393 -1.94221E-07
  1394 -1.44242E-07
  1395 -8.47502E-08
  1396 -1.54708E-08
  1397  6.21081E-08
  1398  1.46057E-07
  1399  2.34447E-07
  1400  3.25349E-07
  1401  4.16834E-07
  1402  5.06971E-07
  1403  5.93833E-07
  1404  6.75489E-07
  1405  7.50011E-07
  1406  8.15468E-07
  1407  8.69933E-07
  1408  9.11476E-07
  1409  9.38166E-07
  1410  9.48076E-07
  1411  9.39937E-07
  1412  9.15120E-07
  1413  8.75659E-07
  1414  8.23588E-07
  1415  7.60940E-07
  1416  6.89747E-07
  1417  6.12043E-07
  1418  5.29862E-07
  1419  4.45236E-07
  1420  3.60198E-07
  1421  2.76782E-07
  1422  1.97021E-07
  1423  1.22949E-07
  1424  5.65971E-08
  1425  0.00000E+00
  1426 -4.53143E-08
  1427 -7.98374E-08
  1428 -1.04566E-07
  1429 -1.20495E-07
  1430 -1.28623E-07
  1431 -1.29945E-07
  1432 -1.25458E-07
  1433 -1.16158E-07
  1434 -1.03042E-07
  1435 -8.71061E-08
  1436 -6.93463E-08
  1437 -5.07594E-08
  1438 -3.23418E-08
  1439 -1.50899E-08
  1440  0.00000E+00
  1441  1.21419E-08
  1442  2.13924E-08
  1443  2.80183E-08
  1444  3.22866E-08
  1445  3.44645E-08
  1446  3.48187E-08
  1447  3.36164E-08
  1448  3.11246E-08
  1449  2.76101E-08
  1450  2.33400E-08
  1451  1.85813E-08
  1452  1.36010E-08
  1453  8.66596E-09
  1454  4.04332E-09
  1455  0.00000E+00
  1456 -3.25342E-09
  1457 -5.73206E-09
  1458 -7.50747E-09
  1459 -8.65118E-09
  1460 -9.23473E-09
  1461 -9.32965E-09
  1462 -9.00750E-09
  1463 -8.33980E-09
  1464 -7.39810E-09
  1465 -6.25393E-09
  1466 -4.97884E-09
  1467 -3.64436E-09
  1468 -2.32204E-09
  1469 -1.08340E-09
  1470  0.00000E+00
  1471  8.71752E-10
  1472  1.53590E-09
  1473  2.01162E-09
  1474  2.31808E-09
  1475  2.47444E-09
  1476  2.49987E-09
  1477  2.41355E-09
  1478  2.23464E-09
  1479  1.98231E-09
  1480  1.67574E-09
  1481  1.33408E-09
  1482  9.76504E-10
  1483  6.22188E-10
  1484  2.90297E-10
  1485  0.00000E+00
  1486 -2.33585E-10
  1487 -4.11544E-10
  1488 -5.39012E-10
  1489 -6.21127E-10
  1490 -6.63024E-10
  1491 -6.69839E-10
  1492 -6.46709E-10
  1493 -5.98771E-10
  1494 -5.31160E-10
  1495 -4.49012E-10
  1496 -3.57465E-10
  1497 -2.61654E-10
  1498 -1.66715E-10
  1499 -7.77849E-11
  1500  0.00000E+00
  1501  6.25889E-11
  1502  1.10273E-10
  1503  1.44428E-10
  1504  1.66430E-10
  1505  1.77657E-10
  1506  1.79483E-10
  1507  1.73285E-10
  1508  1.60440E-10
  1509  1.42324E-10
  1510  1.20312E-10
  1511  9.57824E-11
  1512  7.01098E-11
  1513  4.46711E-11
  1514  2.08424E-11
  1515  0.00000E+00
  1516 -1.67707E-11
  1517 -2.95475E-11
  1518 -3.86993E-11
  1519 -4.45949E-11
  1520 -4.76029E-11
  1521 -4.80923E-11
  1522 -4.64316E-11
  1523 -4.29898E-11
  1524 -3.81355E-11
  1525 -3.22376E-11
  1526 -2.56648E-11
  1527 -1.87859E-11
  1528 -1.19696E-11
  1529 -5.58470E-12
  1530  0.00000E+00
  1531  4.49368E-12
  1532  7.91723E-12
  1533  1.03695E-11
  1534  1.19492E-11
  1535  1.27552E-11
  1536  1.28863E-11
  1537  1.24413E-11
  1538  1.15191E-11
  1539  1.02184E-11
  1540  8.63804E-12
  1541  6.87686E-12
  1542  5.03366E-12
  1543  3.20724E-12
  1544  1.49642E-12
  1545  0.00000E+00
  1546 -1.20408E-12
  1547 -2.12142E-12
  1548 -2.77849E-12
  1549 -3.20177E-12
  1550 -3.41774E-12
  1551 -3.45287E-12
  1552 -3.33364E-12
  1553 -3.08653E-12
  1554 -2.73801E-12
  1555 -2.31456E-12
  1556 -1.84265E-12
  1557 -1.34877E-12
  1558 -8.59377E-13
  1559 -4.00964E-13
  1560  0.00000E+00
  1561  3.22632E-13
  1562  5.68432E-13
  1563  7.44493E-13
  1564  8.57911E-13
  1565  9.15780E-13
  1566  9.25193E-13
  1567  8.93246E-13
  1568  8.27033E-13
  1569  7.33647E-13
  1570  6.20184E-13
  1571  4.93737E-13
  1572  3.61400E-13
  1573  2.30269E-13
  1574  1.07438E-13
  1575  0.00000E+00
  1576 -8.64490E-14
  1577 -1.52311E-13
  1578 -1.99486E-13
  1579 -2.29877E-13
  1580 -2.45383E-13
  1581 -2.47905E-13
  1582 -2.39345E-13
  1583 -2.21603E-13
  1584 -1.96580E-13
  1585 -1.66178E-13
  1586 -1.32296E-13
  1587 -9.68370E-14
  1588 -6.17005E-14
  1589 -2.87879E-14
  1590  0.00000E+00
  1591  2.31639E-14
  1592  4.08115E-14
  1593  5.34522E-14
  1594  6.15953E-14
  1595  6.57500E-14
  1596  6.64259E-14
  1597  6.41322E-14
  1598  5.93783E-14
  1599  5.26735E-14
  1600  4.45272E-14
  1601  3.54487E-14
  1602  2.59474E-14
  1603  1.65326E-14
  1604  7.71369E-15
  1605  0.00000E+00
  1606 -6.20676E-15
  1607 -1.09354E-14
  1608 -1.43225E-14
  1609 -1.65044E-14
  1610 -1.76177E-14
  1611 -1.77988E-14
  1612 -1.71842E-14
  1613 -1.59104E-14
  1614 -1.41138E-14
  1615 -1.19310E-14
  1616 -9.49845E-15
  1617 -6.95258E-15
  1618 -4.42990E-15
  1619 -2.06688E-15
  1620  0.00000E+00
  1621  1.66310E-15
  1622  2.93014E-15
  1623  3.83770E-15
  1624  4.42234E-15
  1625  4.72064E-15
  1626  4.76917E-15
  1627  4.60449E-15
  1628  4.26317E-15
  1629  3.78179E-15
  1630  3.19691E-15
  1631  2.54510E-15
  1632  1.86294E-15
  1633  1.18699E-15
  1634  5.53818E-16
  1635  0.00000E+00
  1636 -4.45625E-16
  1637 -7.85128E-16
  1638 -1.02831E-15
  1639 -1.18496E-15
  1640 -1.26489E-15
  1641 -1.27789E-15
  1642 -1.23377E-15
  1643 -1.14231E-15
  1644 -1.01333E-15
  1645 -8.56609E-16
  1646 -6.81958E-16
  1647 -4.99173E-16
  1648 -3.18052E-16
  1649 -1.48395E-16
  1650  0.00000E+00
  1651  1.19405E-16
  1652  2.10374E-16
  1653  2.75534E-16
  1654  3.17510E-16
  1655  3.38927E-16
  1656  3.42411E-16
  1657  3.30587E-16
  1658  3.06082E-16
  1659  2.71520E-16
  1660  2.29528E-16
  1661  1.82730E-16
  1662  1.33753E-16
  1663  8.52219E-17
  1664  3.97623E-17
  1665  0.00000E+00
  1666 -3.19944E-17
  1667 -5.63696E-17
  1668 -7.38291E-17
  1669 -8.50765E-17
  1670 -9.08151E-17
  1671 -9.17487E-17
  1672 -8.85806E-17
  1673 -8.20143E-17
  1674 -7.27536E-17
  1675 -6.15017E-17
  1676 -4.89624E-17
  1677 -3.58390E-17
  1678 -2.28351E-17
  1679 -1.06543E-17
  1680  0.00000E+00
  1681  8.57288E-18
  1682  1.51042E-17
  1683  1.97825E-17
  1684  2.27962E-17
  1685  2.43338E-17
  1686  2.45840E-17
  1687  2.37351E-17
  1688  2.19757E-17
  1689  1.94943E-17
  1690  1.64793E-17
  1691  1.31194E-17
  1692  9.60303E-18
  1693  6.11865E-18
  1694  2.85481E-18
  1695  0.00000E+00
  1696 -2.29710E-18
  1697 -4.04716E-18
  1698 -5.30069E-18
  1699 -6.10822E-18
  1700 -6.52023E-18
  1701 -6.58726E-18
  1702 -6.35980E-18
  1703 -5.88836E-18
  1704 -5.22347E-18
  1705 -4.41563E-18
  1706 -3.51534E-18
  1707 -2.57312E-18
  1708 -1.63949E-18
  1709 -7.64943E-19
  1710  0.00000E+00
  1711  6.15505E-19
  1712  1.08443E-18
  1713  1.42032E-18
  1714  1.63669E-18
  1715  1.74709E-18
  1716  1.76505E-18
  1717  1.70410E-18
  1718  1.57778E-18
  1719  1.39962E-18
  1720  1.18316E-18
  1721  9.41932E-19
  1722  6.89466E-19
  1723  4.39300E-19
  1724  2.04966E-19
  1725  0.00000E+00
  1726 -1.64924E-19
  1727 -2.90573E-19
  1728 -3.80573E-19
  1729 -4.38550E-19
  1730 -4.68132E-19
  1731 -4.72944E-19
  1732 -4.56613E-19
  1733 -4.22766E-19
  1734 -3.75028E-19
  1735 -3.17028E-19
  1736 -2.52390E-19
  1737 -1.84742E-19
  1738 -1.17710E-19
  1739 -5.49205E-20
  1740  0.00000E+00
  1741  4.41913E-20
  1742  7.78588E-20
  1743  1.01974E-19
  1744  1.17509E-19
  1745  1.25435E-19
  1746  1.26725E-19
  1747  1.22349E-19
  1748  1.13280E-19
  1749  1.00489E-19
  1750  8.49473E-20
  1751  6.76277E-20
  1752  4.95015E-20
  1753  3.15403E-20
  1754  1.47159E-20
  1755  0.00000E+00
  1756 -1.18410E-20
  1757 -2.08622E-20
  1758 -2.73239E-20
  1759 -3.14865E-20
  1760 -3.36103E-20
  1761 -3.39558E-20
  1762 -3.27833E-20
  1763 -3.03532E-20
  1764 -2.69258E-20
  1765 -2.27616E-20
  1766 -1.81208E-20
  1767 -1.32639E-20
  1768 -8.45120E-21
  1769 -3.94311E-21
  1770  0.00000E+00
  1771  3.17279E-21
  1772  5.59001E-21
  1773  7.32141E-21
  1774  8.43678E-21
  1775  9.00586E-21
  1776  9.09844E-21
  1777  8.78427E-21
  1778  8.13311E-21
  1779  7.21475E-21
  1780  6.09894E-21
  1781  4.85545E-21
  1782  3.55404E-21
  1783  2.26449E-21
  1784  1.05655E-21
  1785  0.00000E+00
  1786 -8.50147E-22
  1787 -1.49784E-21
  1788 -1.96177E-21
  1789 -2.26063E-21
  1790 -2.41311E-21
  1791 -2.43792E-21
  1792 -2.35374E-21
  1793 -2.17926E-21
  1794 -1.93319E-21
  1795 -1.63421E-21
  1796 -1.30101E-21
  1797 -9.52303E-22
  1798 -6.06768E-22
  1799 -2.83103E-22
  1800  0.00000E+00
  1801  2.27796E-22
  1802  4.01344E-22
  1803  5.25654E-22
  1804  6.05733E-22
  1805  6.46592E-22
  1806  6.53238E-22
  1807  6.30682E-22
  1808  5.83931E-22
  1809  5.17996E-22
  1810  4.37884E-22
  1811  3.48606E-22
  1812  2.55169E-22
  1813  1.62583E-22
  1814  7.58571E-23
  1815  0.00000E+00
  1816 -6.10378E-23
  1817 -1.07540E-22
  1818 -1.40849E-22
  1819 -1.62306E-22
  1820 -1.73254E-22
  1821 -1.75035E-22
  1822 -1.68991E-22
  1823 -1.56464E-22
  1824 -1.38797E-22
  1825 -1.17331E-22
  1826 -9.34086E-23
  1827 -6.83723E-23
  1828 -4.35640E-23
  1829 -2.03259E-23
  1830  0.00000E+00
  1831  1.63550E-23
  1832  2.88152E-23
  1833  3.77403E-23
  1834  4.34897E-23
  1835  4.64232E-23
  1836  4.69004E-23
  1837  4.52809E-23
  1838  4.19244E-23
  1839  3.71904E-23
  1840  3.14387E-23
  1841  2.50288E-23
  1842  1.83203E-23
  1843  1.16729E-23
  1844  5.44630E-24
  1845  0.00000E+00
  1846 -4.38232E-24
  1847 -7.72102E-24
  1848 -1.01125E-23
  1849 -1.16530E-23
  1850 -1.24391E-23
  1851 -1.25669E-23
  1852 -1.21330E-23
  1853 -1.12336E-23
  1854 -9.96514E-24
  1855 -8.42397E-24
  1856 -6.70644E-24
  1857 -4.90891E-24
  1858 -3.12776E-24
  1859 -1.45933E-24
  1860  0.00000E+00
  1861  1.17424E-24
  1862  2.06884E-24
  1863  2.70963E-24
  1864  3.12242E-24
  1865  3.33304E-24
  1866  3.36730E-24
  1867  3.25102E-24
  1868  3.01003E-24
  1869  2.67015E-24
  1870  2.25720E-24
  1871  1.79698E-24
  1872  1.31534E-24
  1873  8.38079E-25
  1874  3.91027E-25
  1875  0.00000E+00
  1876 -3.14636E-25
  1877 -5.54344E-25
  1878 -7.26043E-25
  1879 -8.36650E-25
  1880 -8.93084E-25
  1881 -9.02265E-25
  1882 -8.71109E-25
  1883 -8.06537E-25
  1884 -7.15465E-25
  1885 -6.04814E-25
  1886 -4.81500E-25
  1887 -3.52444E-25
  1888 -2.24563E-25
  1889 -1.04775E-25
  1890  0.00000E+00
  1891  8.43065E-26
  1892  1.48536E-25
  1893  1.94543E-25
  1894  2.24180E-25
  1895  2.39301E-25
  1896  2.41761E-25
  1897  2.33413E-25
  1898  2.16111E-25
  1899  1.91708E-25
  1900  1.62059E-25
  1901  1.29018E-25
  1902  9.44371E-26
  1903  6.01714E-26
  1904  2.80744E-26
  1905  0.00000E+00
  1906 -2.25899E-26
  1907 -3.98001E-26
  1908 -5.21275E-26
  1909 -6.00688E-26
  1910 -6.41206E-26
  1911 -6.47797E-26
  1912 -6.25428E-26
  1913 -5.79067E-26
  1914 -5.13681E-26
  1915 -4.34237E-26
  1916 -3.45702E-26
  1917 -2.53043E-26
  1918 -1.61229E-26
  1919 -7.52252E-27
  1920  0.00000E+00
  1921  6.05294E-27
  1922  1.06644E-26
  1923  1.39675E-26
  1924  1.60954E-26
  1925  1.71811E-26
  1926  1.73577E-26
  1927  1.67583E-26
  1928  1.55161E-26
  1929  1.37640E-26
  1930  1.16353E-26
  1931  9.26305E-27
  1932  6.78028E-27
  1933  4.32011E-27
  1934  2.01565E-27
  1935  0.00000E+00
  1936 -1.62188E-27
  1937 -2.85752E-27
  1938 -3.74259E-27
  1939 -4.31274E-27
  1940 -4.60365E-27
  1941 -4.65097E-27
  1942 -4.49037E-27
  1943 -4.15751E-27
  1944 -3.68806E-27
  1945 -3.11768E-27
  1946 -2.48203E-27
  1947 -1.81677E-27
  1948 -1.15757E-27
  1949 -5.40093E-28
  1950  0.00000E+00
  1951  4.34581E-28
  1952  7.65670E-28
  1953  1.00282E-27
  1954  1.15560E-27
  1955  1.23354E-27
  1956  1.24622E-27
  1957  1.20319E-27
  1958  1.11400E-27
  1959  9.88213E-28
  1960  8.35380E-28
  1961  6.65057E-28
  1962  4.86802E-28
  1963  3.10170E-28
  1964  1.44717E-28
  1965  0.00000E+00
  1966 -1.16446E-28
  1967 -2.05161E-28
  1968 -2.68706E-28
  1969 -3.09641E-28
  1970 -3.30527E-28
  1971 -3.33925E-28
  1972 -3.22394E-28
  1973 -2.98496E-28
  1974 -2.64791E-28
  1975 -2.23839E-28
  1976 -1.78201E-28
  1977 -1.30438E-28
  1978 -8.31098E-29
  1979 -3.87769E-29
  1980  0.00000E+00
  1981  3.12015E-29
  1982  5.49726E-29
  1983  7.19994E-29
  1984  8.29680E-29
  1985  8.85645E-29
  1986  8.94749E-29
  1987  8.63853E-29
  1988  7.99818E-29
  1989  7.09505E-29
  1990  5.99775E-29
  1991  4.77489E-29
  1992  3.49508E-29
  1993  2.22692E-29
  1994  1.03902E-29
  1995  0.00000E+00
  1996 -8.36042E-30
  1997 -1.47299E-29
  1998 -1.92922E-29
  1999 -2.22312E-29
  2000 -2.37308E-29
  2001 -2.39747E-29
  2002 -2.31469E-29
  2003 -2.14311E-29
  2004 -1.90111E-29
  2005 -1.60709E-29
  2006 -1.27943E-29
  2007 -9.36504E-30
  2008 -5.96702E-30
  2009 -2.78406E-30
  2010  0.00000E+00
  2011  2.24017E-30
  2012  3.94686E-30
  2013  5.16933E-30
  2014  5.95684E-30
  2015  6.35864E-30
  2016  6.42400E-30
  2017  6.20218E-30
  2018  5.74243E-30
  2019  5.09402E-30
  2020  4.30619E-30
  2021  3.42822E-30
  2022  2.50935E-30
  2023  1.59886E-30
  2024  7.45986E-31
  2025  0.00000E+00
  2026 -6.00251E-31
  2027 -1.05756E-30
  2028 -1.38512E-30
  2029 -1.59613E-30
  2030 -1.70379E-30
  2031 -1.72131E-30
  2032 -1.66187E-30
  2033 -1.53868E-30
  2034 -1.36494E-30
  2035 -1.15384E-30
  2036 -9.18589E-31
  2037 -6.72379E-31
  2038 -4.28412E-31
  2039 -1.99886E-31
  2040  0.00000E+00
  2041  1.60837E-31
  2042  2.83372E-31
  2043  3.71141E-31
  2044  4.27682E-31
  2045  4.56530E-31
  2046  4.61223E-31
  2047  4.45297E-31
  2048  4.12288E-31
  2049  3.65734E-31
  2050  3.09171E-31
  2051  2.46135E-31
  2052  1.80164E-31
  2053  1.14793E-31
  2054  5.35594E-32
  2055  0.00000E+00
  2056 -4.30961E-32
  2057 -7.59292E-32
  2058 -9.94469E-32
  2059 -1.14597E-31
  2060 -1.22327E-31
  2061 -1.23584E-31
  2062 -1.19317E-31
  2063 -1.10472E-31
  2064 -9.79981E-32
  2065 -8.28421E-32
  2066 -6.59517E-32
  2067 -4.82747E-32
  2068 -3.07586E-32
  2069 -1.43512E-32
  2070  0.00000E+00
  2071  1.15476E-32
  2072  2.03452E-32
  2073  2.66467E-32
  2074  3.07062E-32
  2075  3.27774E-32
  2076  3.31143E-32
  2077  3.19709E-32
  2078  2.96010E-32
  2079  2.62585E-32
  2080  2.21975E-32
  2081  1.76717E-32
  2082  1.29352E-32
  2083  8.24175E-33
  2084  3.84539E-33
  2085  0.00000E+00
  2086 -3.09416E-33
  2087 -5.45147E-33
  2088 -7.13997E-33
  2089 -8.22769E-33
  2090 -8.78267E-33
  2091 -8.87295E-33
  2092 -8.56657E-33
  2093 -7.93155E-33
  2094 -7.03595E-33
  2095 -5.94779E-33
  2096 -4.73512E-33
  2097 -3.46597E-33
  2098 -2.20837E-33
  2099 -1.03037E-33
  2100  0.00000E+00
  2101  8.29078E-34
  2102  1.46072E-33
  2103  1.91315E-33
  2104  2.20460E-33
  2105  2.35331E-33
  2106  2.37750E-33
  2107  2.29540E-33
  2108  2.12525E-33
  2109  1.88528E-33
  2110  1.59371E-33
  2111  1.26877E-33
  2112  9.28703E-34
  2113  5.91731E-34
  2114  2.76087E-34
  2115  0.00000E+00
  2116 -2.22151E-34
  2117 -3.91398E-34
  2118 -5.12627E-34
  2119 -5.90721E-34
  2120 -6.30567E-34
  2121 -6.37049E-34
  2122 -6.15052E-34
  2123 -5.69460E-34
  2124 -5.05158E-34
  2125 -4.27032E-34
  2126 -3.39966E-34
  2127 -2.48845E-34
  2128 -1.58554E-34
  2129 -7.39772E-35
  2130  0.00000E+00
  2131  5.95251E-35
  2132  1.04875E-34
  2133  1.37358E-34
  2134  1.58283E-34
  2135  1.68960E-34
  2136  1.70697E-34
  2137  1.64803E-34
  2138  1.52586E-34
  2139  1.35357E-34
  2140  1.14423E-34
  2141  9.10937E-35
  2142  6.66779E-35
  2143  4.24844E-35
  2144  1.98221E-35
  2145  0.00000E+00
  2146 -1.59497E-35
  2147 -2.81011E-35
  2148 -3.68049E-35
  2149 -4.24119E-35
  2150 -4.52727E-35
  2151 -4.57381E-35
  2152 -4.41587E-35
  2153 -4.08854E-35
  2154 -3.62688E-35
  2155 -3.06596E-35
  2156 -2.44085E-35
  2157 -1.78663E-35
  2158 -1.13837E-35
  2159 -5.31133E-36
  2160  0.00000E+00
  2161  4.27372E-36
  2162  7.52969E-36
  2163  9.86189E-36
  2164  1.13643E-35
  2165  1.21308E-35
  2166  1.22555E-35
  2167  1.18324E-35
  2168  1.09553E-35
  2169  9.71827E-36
  2170  8.21528E-36
  2171  6.54031E-36
  2172  4.78732E-36
  2173  3.05029E-36
  2174  1.42319E-36
  2175  0.00000E+00
  2176 -1.14517E-36
  2177 -2.01765E-36
  2178 -2.64260E-36
  2179 -3.04521E-36
  2180 -3.25065E-36
  2181 -3.28410E-36
  2182 -3.17074E-36
  2183 -2.93575E-36
  2184 -2.60430E-36
  2185 -2.20158E-36
  2186 -1.75275E-36
  2187 -1.28300E-36
  2188 -8.17510E-37
  2189 -3.81449E-37
  2190  0.00000E+00
  2191  3.06980E-37
  2192  5.40908E-37
  2193  7.08524E-37
  2194  8.16564E-37
  2195  8.71766E-37
  2196  8.80867E-37
  2197  8.50607E-37
  2198  7.87721E-37
  2199  6.98949E-37
  2200  5.91028E-37
  2201  4.70694E-37
  2202  3.44687E-37
  2203  2.19744E-37
  2204  1.02602E-37
  2205  0.00000E+00
  2206 -9.59829E-38
  2207 -1.72107E-37
  2208 -1.91493E-37
  2209 -2.21044E-37
  2210 -2.36411E-37
  2211 -2.39366E-37
  2212 -2.31683E-37
  2213 -2.15134E-37
  2214 -1.91493E-37
  2215 -1.62533E-37
  2216 -1.30026E-37
  2217 -9.57465E-38
  2218 -6.14669E-38
  2219 -5.29561E-38
  2220  0.00000E+00
  2221  0.00000E+00
  2222  4.30268E-38
  2223  5.74479E-38
  2224  6.76136E-38
  2225  7.38784E-38
  2226  7.65972E-38
  2227  7.61243E-38
  2228  7.28146E-38
  2229  6.70225E-38
  2230  5.91028E-38
  2231  4.94099E-38
  2232  3.82986E-38
  2233  0.00000E+00
  2234  0.00000E+00
  2235  0.00000E+00
  2236  0.00000E+00
  2237  0.00000E+00
  2238  0.00000E+00
  2239  0.00000E+00
  2240  0.00000E+00
  2241  0.00000E+00
  2242  0.00000E+00
  2243  0.00000E+00
  2244  0.00000E+00
  2245  0.00000E+00
  2246  0.00000E+00
  2247  0.00000E+00
  2248  0.00000E+00
  2249  0.00000E+00
  2250  0.00000E+00
  2251  0.00000E+00
  2252  0.00000E+00
  2253  0.00000E+00
  2254  0.00000E+00
  2255  0.00000E+00
  2256  0.00000E+00
  2257  0.00000E+00
  2258  0.00000E+00
  2259  0.00000E+00
  2260  0.00000E+00
  2261  0.00000E+00
  2262  0.00000E+00
  2263  0.00000E+00
  2264  0.00000E+00
  2265  0.00000E+00
  2266  0.00000E+00
  2267  0.00000E+00
  2268  0.00000E+00
  2269  0.00000E+00
  2270  0.00000E+00
  2271  0.00000E+00
  2272  0.00000E+00
  2273  0.00000E+00
  2274  0.00000E+00
  2275  0.00000E+00
  2276  0.00000E+00
  2277  0.00000E+00
  2278  0.00000E+00
  2279  0.00000E+00
  2280  0.00000E+00
  2281  0.00000E+00
  2282  0.00000E+00
  2283  0.00000E+00
  2284  0.00000E+00
  2285  0.00000E+00
  2286  0.00000E+00
  2287  0.00000E+00
  2288  0.00000E+00
  2289  0.00000E+00
  2290  0.00000E+00
  2291  0.00000E+00
  2292  0.00000E+00
  2293  0.00000E+00
  2294  0.00000E+00
  2295  0.00000E+00
  2296  0.00000E+00
  2297  0.00000E+00
  2298  0.00000E+00
  2299  0.00000E+00
  2300  0.00000E+00
  2301  0.00000E+00
  2302  0.00000E+00
  2303  0.00000E+00
  2304  0.00000E+00
  2305  0.00000E+00
  2306  0.00000E+00
  2307  0.00000E+00
  2308  0.00000E+00
  2309  0.00000E+00
  2310  0.00000E+00
  2311  0.00000E+00
  2312  0.00000E+00
  2313  0.00000E+00
  2314  0.00000E+00
  2315  0.00000E+00
  2316  0.00000E+00
  2317  0.00000E+00
  2318  0.00000E+00
  2319  0.00000E+00
  2320  0.00000E+00
  2321  0.00000E+00
  2322  0.00000E+00
  2323  0.00000E+00
  2324  0.00000E+00
  2325  0.00000E+00
  2326  0.00000E+00
  2327  0.00000E+00
  2328  0.00000E+00
  2329  0.00000E+00
  2330  0.00000E+00
  2331  0.00000E+00
  2332  0.00000E+00
  2333  0.00000E+00
  2334  0.00000E+00
  2335  0.00000E+00
  2336  0.00000E+00
  2337  0.00000E+00
  2338  0.00000E+00
  2339  0.00000E+00
  2340  0.00000E+00
  2341  0.00000E+00
  2342  0.00000E+00
  2343  0.00000E+00
  2344  0.00000E+00
  2345  0.00000E+00
  2346  0.00000E+00
  2347  0.00000E+00
  2348  0.00000E+00
  2349  0.00000E+00
  2350  0.00000E+00
  2351  0.00000E+00
  2352  0.00000E+00
  2353  0.00000E+00
  2354  0.00000E+00
  2355  0.00000E+00
  2356  0.00000E+00
  2357  0.00000E+00
  2358  0.00000E+00
  2359  0.00000E+00
  2360  0.00000E+00
  2361  0.00000E+00
  2362  0.00000E+00
  2363  0.00000E+00
  2364  0.00000E+00
  2365  0.00000E+00
  2366  0.00000E+00
  2367  0.00000E+00
  2368  0.00000E+00
  2369  0.00000E+00
  2370  0.00000E+00
  2371  0.00000E+00
  2372  0.00000E+00
  2373  0.00000E+00
  2374  0.00000E+00
  2375  0.00000E+00
  2376  0.00000E+00
  2377  0.00000E+00
  2378  0.00000E+00
  2379  0.00000E+00
  2380  0.00000E+00
  2381  0.00000E+00
  2382  0.00000E+00
  2383  0.00000E+00
  2384  0.00000E+00
  2385  0.00000E+00
  2386  0.00000E+00
  2387  0.00000E+00
  2388  0.00000E+00
  2389  0.00000E+00
  2390  0.00000E+00
  2391  0.00000E+00
  2392  0.00000E+00
  2393  0.00000E+00
  2394  0.00000E+00
  2395  0.00000E+00
  2396  0.00000E+00
  2397  0.00000E+00
  2398  0.00000E+00
  2399  0.00000E+00
  2400  0.00000E+00
  2401  0.00000E+00
  2402  0.00000E+00
  2403  0.00000E+00
  2404  0.00000E+00
  2405  0.00000E+00
  2406  0.00000E+00
  2407  0.00000E+00
  2408  0.00000E+00
  2409  0.00000E+00
  2410  0.00000E+00
  2411  0.00000E+00
  2412  0.00000E+00
  2413  0.00000E+00
  2414  0.00000E+00
  2415  0.00000E+00
  2416  0.00000E+00
  2417  0.00000E+00
  2418  0.00000E+00
  2419  0.00000E+00
  2420  0.00000E+00
  2421  0.00000E+00
  2422  0.00000E+00
  2423  0.00000E+00
  2424  0.00000E+00
  2425  0.00000E+00
  2426  0.00000E+00
  2427  0.00000E+00
  2428  0.00000E+00
  2429  0.00000E+00
  2430  0.00000E+00
  2431  0.00000E+00
  2432  0.00000E+00
  2433  0.00000E+00
  2434  0.00000E+00
  2435  0.00000E+00
  2436  0.00000E+00
  2437  0.00000E+00
  2438  0.00000E+00
  2439  0.00000E+00
  2440  0.00000E+00
  2441  0.00000E+00
  2442  0.00000E+00
  2443  0.00000E+00
  2444  0.00000E+00
  2445  0.00000E+00
  2446  0.00000E+00
  2447  0.00000E+00
  2448  0.00000E+00
  2449  0.00000E+00
  2450  0.00000E+00
  2451  0.00000E+00
  2452  0.00000E+00
  2453  0.00000E+00
  2454  0.00000E+00
  2455  0.00000E+00
  2456  0.00000E+00
  2457  0.00000E+00
  2458  0.00000E+00
  2459  0.00000E+00
  2460  0.00000E+00
  2461  0.00000E+00
  2462  0.00000E+00
  2463  0.00000E+00
  2464  0.00000E+00
  2465  0.00000E+00
  2466  0.00000E+00
  2467  0.00000E+00
  2468  0.00000E+00
  2469  0.00000E+00
  2470  0.00000E+00
  2471  0.00000E+00
  2472  0.00000E+00
  2473  0.00000E+00
  2474  0.00000E+00
  2475  0.00000E+00
  2476  0.00000E+00
  2477  0.00000E+00
  2478  0.00000E+00
  2479  0.00000E+00
  2480  0.00000E+00
  2481  0.00000E+00
  2482  0.00000E+00
  2483  0.00000E+00
  2484  0.00000E+00
  2485  0.00000E+00
  2486  0.00000E+00
  2487  0.00000E+00
  2488  0.00000E+00
  2489  0.00000E+00
  2490  0.00000E+00
  2491  0.00000E+00
  2492  0.00000E+00
  2493  0.00000E+00
  2494  0.00000E+00
  2495  0.00000E+00
  2496  0.00000E+00
  2497  0.00000E+00
  2498  0.00000E+00
  2499  0.00000E+00
  2500  0.00000E+00
  2501  0.00000E+00
  2502  0.00000E+00
  2503  0.00000E+00
  2504  0.00000E+00
  2505  0.00000E+00
  2506  0.00000E+00
  2507  0.00000E+00
  2508  0.00000E+00
  2509  0.00000E+00
  2510  0.00000E+00
  2511  0.00000E+00
  2512  0.00000E+00
  2513  0.00000E+00
  2514  0.00000E+00
  2515  0.00000E+00
  2516  0.00000E+00
  2517  0.00000E+00
  2518  0.00000E+00
  2519  0.00000E+00
  2520  0.00000E+00
  2521  0.00000E+00
  2522  0.00000E+00
  2523  0.00000E+00
  2524  0.00000E+00
  2525  0.00000E+00
  2526  0.00000E+00
  2527  0.00000E+00
  2528  0.00000E+00
  2529  0.00000E+00
  2530  0.00000E+00
  2531  0.00000E+00
  2532  0.00000E+00
  2533  0.00000E+00
  2534  0.00000E+00
  2535  0.00000E+00
  2536  0.00000E+00
  2537  0.00000E+00
  2538  0.00000E+00
  2539  0.00000E+00
  2540  0.00000E+00
  2541  0.00000E+00
  2542  0.00000E+00
  2543  0.00000E+00
  2544  0.00000E+00
  2545  0.00000E+00
  2546  0.00000E+00
  2547  0.00000E+00
  2548  0.00000E+00
  2549  0.00000E+00
  2550  0.00000E+00
  2551  0.00000E+00
  2552  0.00000E+00
  2553  0.00000E+00
  2554  0.00000E+00
  2555  0.00000E+00
  2556  0.00000E+00
  2557  0.00000E+00
  2558  0.00000E+00
  2559  0.00000E+00
  2560  0.00000E+00
  2561  0.00000E+00
  2562  0.00000E+00
  2563  0.00000E+00
  2564  0.00000E+00
  2565  0.00000E+00
  2566  0.00000E+00
  2567  0.00000E+00
  2568  0.00000E+00
  2569  0.00000E+00
  2570  0.00000E+00
  2571  0.00000E+00
  2572  0.00000E+00
  2573  0.00000E+00
  2574  0.00000E+00
  2575  0.00000E+00
  2576  0.00000E+00
  2577  0.00000E+00
  2578  0.00000E+00
  2579  0.00000E+00
  2580  0.00000E+00
  2581  0.00000E+00
  2582  0.00000E+00
  2583  0.00000E+00
  2584  0.00000E+00
  2585  0.00000E+00
  2586  0.00000E+00
  2587  0.00000E+00
  2588  0.00000E+00
  2589  0.00000E+00
  2590  0.00000E+00
  2591  0.00000E+00
  2592  0.00000E+00
  2593  0.00000E+00
  2594  0.00000E+00
  2595  0.00000E+00
  2596  0.00000E+00
  2597  0.00000E+00
  2598  0.00000E+00
  2599  0.00000E+00
  2600  0.00000E+00
  2601  0.00000E+00
  2602  0.00000E+00
  2603  0.00000E+00
  2604  0.00000E+00
  2605  0.00000E+00
  2606  0.00000E+00
  2607  0.00000E+00
  2608  0.00000E+00
  2609  0.00000E+00
  2610  0.00000E+00
  2611  0.00000E+00
  2612  0.00000E+00
  2613  0.00000E+00
  2614  0.00000E+00
  2615  0.00000E+00
  2616  0.00000E+00
  2617  0.00000E+00
  2618  0.00000E+00
  2619  0.00000E+00
  2620  0.00000E+00
  2621  0.00000E+00
  2622  0.00000E+00
  2623  0.00000E+00
  2624  0.00000E+00
  2625  0.00000E+00
  2626  0.00000E+00
  2627  0.00000E+00
  2628  0.00000E+00
  2629  0.00000E+00
  2630  0.00000E+00
  2631  0.00000E+00
  2632  0.00000E+00
  2633  0.00000E+00
  2634  0.00000E+00
  2635  0.00000E+00
  2636  0.00000E+00
  2637  0.00000E+00
  2638  0.00000E+00
  2639  0.00000E+00
  2640  0.00000E+00
  2641  0.00000E+00
  2642  0.00000E+00
  2643  0.00000E+00
  2644  0.00000E+00
  2645  0.00000E+00
  2646  0.00000E+00
  2647  0.00000E+00
  2648  0.00000E+00
  2649  0.00000E+00
  2650  0.00000E+00
  2651  0.00000E+00
  2652  0.00000E+00
  2653  0.00000E+00
  2654  0.00000E+00
  2655  0.00000E+00
  2656  0.00000E+00
  2657  0.00000E+00
  2658  0.00000E+00
  2659  0.00000E+00
  2660  0.00000E+00
  2661  0.00000E+00
  2662  0.00000E+00
  2663  0.00000E+00
  2664  0.00000E+00
  2665  0.00000E+00
  2666  0.00000E+00
  2667  0.00000E+00
  2668  0.00000E+00
  2669  0.00000E+00
  2670  0.00000E+00
  2671  0.00000E+00
  2672  0.00000E+00
  2673  0.00000E+00
  2674  0.00000E+00
  2675  0.00000E+00
  2676  0.00000E+00
  2677  0.00000E+00
  2678  0.00000E+00
  2679  0.00000E+00
  2680  0.00000E+00
  2681  0.00000E+00
  2682  0.00000E+00
  2683  0.00000E+00
  2684  0.00000E+00
  2685  0.00000E+00
  2686  0.00000E+00
  2687  0.00000E+00
  2688  0.00000E+00
  2689  0.00000E+00
  2690  0.00000E+00
  2691  0.00000E+00
  2692  0.00000E+00
  2693  0.00000E+00
  2694  0.00000E+00
  2695  0.00000E+00
  2696  0.00000E+00
  2697  0.00000E+00
  2698  0.00000E+00
  2699  0.00000E+00
  2700  0.00000E+00
  2701  0.00000E+00
  2702  0.00000E+00
  2703  0.00000E+00
  2704  0.00000E+00
  2705  0.00000E+00
  2706  0.00000E+00
  2707  0.00000E+00
  2708  0.00000E+00
  2709  0.00000E+00
  2710  0.00000E+00
  2711  0.00000E+00
  2712  0.00000E+00
  2713  0.00000E+00
  2714  0.00000E+00
  2715  0.00000E+00
  2716  0.00000E+00
  2717  0.00000E+00
  2718  0.00000E+00
  2719  0.00000E+00
  2720  0.00000E+00
  2721  0.00000E+00
  2722  0.00000E+00
  2723  0.00000E+00
  2724  0.00000E+00
  2725  0.00000E+00
  2726  0.00000E+00
  2727  0.00000E+00
  2728  0.00000E+00
  2729  0.00000E+00
  2730  0.00000E+00
  2731  0.00000E+00
  2732  0.00000E+00
  2733  0.00000E+00
  2734  0.00000E+00
  2735  0.00000E+00
  2736  0.00000E+00
  2737  0.00000E+00
  2738  0.00000E+00
  2739  0.00000E+00
  2740  0.00000E+00
  2741  0.00000E+00
  2742  0.00000E+00
  2743  0.00000E+00
  2744  0.00000E+00
  2745  0.00000E+00
  2746  0.00000E+00
  2747  0.00000E+00
  2748  0.00000E+00
  2749  0.00000E+00
  2750  0.00000E+00
  2751  0.00000E+00
  2752  0.00000E+00
  2753  0.00000E+00
  2754  0.00000E+00
  2755  0.00000E+00
  2756  0.00000E+00
  2757  0.00000E+00
  2758  0.00000E+00
  2759  0.00000E+00
  2760  0.00000E+00
  2761  0.00000E+00
  2762  0.00000E+00
  2763  0.00000E+00
  2764  0.00000E+00
  2765  0.00000E+00
  2766  0.00000E+00
  2767  0.00000E+00
  2768  0.00000E+00
  2769  0.00000E+00
  2770  0.00000E+00
  2771  0.00000E+00
  2772  0.00000E+00
  2773  0.00000E+00
  2774  0.00000E+00
  2775  0.00000E+00
  2776  0.00000E+00
  2777  0.00000E+00
  2778  0.00000E+00
  2779  0.00000E+00
  2780  0.00000E+00
  2781  0.00000E+00
  2782  0.00000E+00
  2783  0.00000E+00
  2784  0.00000E+00
  2785  0.00000E+00
  2786  0.00000E+00
  2787  0.00000E+00
  2788  0.00000E+00
  2789  0.00000E+00
  2790  0.00000E+00
  2791  0.00000E+00
  2792  0.00000E+00
  2793  0.00000E+00
  2794  0.00000E+00
  2795  0.00000E+00
  2796  0.00000E+00
  2797  0.00000E+00
  2798  0.00000E+00
  2799  0.00000E+00
  2800  0.00000E+00
  2801  0.00000E+00
  2802  0.00000E+00
  2803  0.00000E+00
  2804  0.00000E+00
  2805  0.00000E+00
  2806  0.00000E+00
  2807  0.00000E+00
  2808  0.00000E+00
  2809  0.00000E+00
  2810  0.00000E+00
  2811  0.00000E+00
  2812  0.00000E+00
  2813  0.00000E+00
  2814  0.00000E+00
  2815  0.00000E+00
  2816  0.00000E+00
  2817  0.00000E+00
  2818  0.00000E+00
  2819  0.00000E+00
  2820  0.00000E+00
  2821  0.00000E+00
  2822  0.00000E+00
  2823  0.00000E+00
  2824  0.00000E+00
  2825  0.00000E+00
  2826  0.00000E+00
  2827  0.00000E+00
  2828  0.00000E+00
  2829  0.00000E+00
  2830  0.00000E+00
  2831  0.00000E+00
  2832  0.00000E+00
  2833  0.00000E+00
  2834  0.00000E+00
  2835  0.00000E+00
  2836  0.00000E+00
  2837  0.00000E+00
  2838  0.00000E+00
  2839  0.00000E+00
  2840  0.00000E+00
  2841  0.00000E+00
  2842  0.00000E+00
  2843  0.00000E+00
  2844  0.00000E+00
  2845  0.00000E+00
  2846  0.00000E+00
  2847  0.00000E+00
  2848  0.00000E+00
  2849  0.00000E+00
  2850  0.00000E+00
  2851  0.00000E+00
  2852  0.00000E+00
  2853  0.00000E+00
  2854  0.00000E+00
  2855  0.00000E+00
  2856  0.00000E+00
  2857  0.00000E+00
  2858  0.00000E+00
  2859  0.00000E+00
  2860  0.00000E+00
  2861  0.00000E+00
  2862  0.00000E+00
  2863  0.00000E+00
  2864  0.00000E+00
  2865  0.00000E+00
  2866  0.00000E+00
  2867  0.00000E+00
  2868  0.00000E+00
  2869  0.00000E+00
  2870  0.00000E+00
  2871  0.00000E+00
  2872  0.00000E+00
  2873  0.00000E+00
  2874  0.00000E+00
  2875  0.00000E+00
  2876  0.00000E+00
  2877  0.00000E+00
  2878  0.00000E+00
  2879  0.00000E+00
  2880  0.00000E+00
  2881  0.00000E+00
  2882  0.00000E+00
  2883  0.00000E+00
  2884  0.00000E+00
  2885  0.00000E+00
  2886  0.00000E+00
  2887  0.00000E+00
  2888  0.00000E+00
  2889  0.00000E+00
  2890  0.00000E+00
  2891  0.00000E+00
  2892  0.00000E+00
  2893  0.00000E+00
  2894  0.00000E+00
  2895  0.00000E+00
  2896  0.00000E+00
  2897  0.00000E+00
  2898  0.00000E+00
  2899  0.00000E+00
  2900  0.00000E+00
  2901  0.00000E+00
  2902  0.00000E+00
  2903  0.00000E+00
  2904  0.00000E+00
  2905  0.00000E+00
  2906  0.00000E+00
  2907  0.00000E+00
  2908  0.00000E+00
  2909  0.00000E+00
  2910  0.00000E+00
  2911  0.00000E+00
  2912  0.00000E+00
  2913  0.00000E+00
  2914  0.00000E+00
  2915  0.00000E+00
  2916  0.00000E+00
  2917  0.00000E+00
  2918  0.00000E+00
  2919  0.00000E+00
  2920  0.00000E+00
  2921  0.00000E+00
  2922  0.00000E+00
  2923  0.00000E+00
  2924  0.00000E+00
  2925  0.00000E+00
  2926  0.00000E+00
  2927  0.00000E+00
  2928  0.00000E+00
  2929  0.00000E+00
  2930  0.00000E+00
  2931  2.95606E-38
  2932  3.21153E-38
  2933  3.35751E-38
  2934  3.37836E-38
  2935  3.25845E-38
  2936  2.98213E-38
  2937  0.00000E+00
  2938  0.00000E+00
  2939  0.00000E+00
  2940  0.00000E+00
  2941  0.00000E+00
  2942 -4.30002E-38
  2943 -6.30410E-38
  2944 -5.15094E-38
  2945 -6.47011E-38
  2946 -7.65382E-38
  2947 -8.62807E-38
  2948 -9.31885E-38
  2949 -9.65214E-38
  2950 -1.21607E-37
  2951 -1.11295E-37
  2952 -9.45616E-38
  2953 -7.08239E-38
  2954 -3.94979E-38
  2955  0.00000E+00
  2956  4.18308E-38
  2957  8.96551E-38
  2958  1.40711E-37
  2959  1.92236E-37
  2960  2.41468E-37
  2961  2.85645E-37
  2962  3.22004E-37
  2963  3.47784E-37
  2964  3.60223E-37
  2965  3.56558E-37
  2966  3.34027E-37
  2967  2.89868E-37
  2968  2.21318E-37
  2969  1.47408E-37
  2970  0.00000E+00
  2971 -1.56115E-37
  2972 -3.34597E-37
  2973 -5.25140E-37
  2974 -7.17434E-37
  2975 -9.01170E-37
  2976 -1.06604E-36
  2977 -1.20174E-36
  2978 -1.29795E-36
  2979 -1.34437E-36
  2980 -1.33069E-36
  2981 -1.24660E-36
  2982 -1.08180E-36
  2983 -8.25970E-37
  2984 -4.68807E-37
  2985  0.00000E+00
  2986  5.82628E-37
  2987  1.24874E-36
  2988  1.95985E-36
  2989  2.67750E-36
  2990  3.36321E-36
  2991  3.97852E-36
  2992  4.48494E-36
  2993  4.84401E-36
  2994  5.01726E-36
  2995  4.96621E-36
  2996  4.65239E-36
  2997  4.03733E-36
  2998  3.08256E-36
  2999  1.74961E-36
  3000  0.00000E+00
  3001 -2.17440E-36
  3002 -4.66034E-36
  3003 -7.31426E-36
  3004 -9.99256E-36
  3005 -1.25517E-35
  3006 -1.48480E-35
  3007 -1.67380E-35
  3008 -1.80781E-35
  3009 -1.87247E-35
  3010 -1.85341E-35
  3011 -1.73630E-35
  3012 -1.50675E-35
  3013 -1.15043E-35
  3014 -6.52963E-36
  3015  0.00000E+00
  3016  8.11496E-36
  3017  1.73926E-35
  3018  2.72972E-35
  3019  3.72927E-35
  3020  4.68435E-35
  3021  5.54136E-35
  3022  6.24671E-35
  3023  6.74684E-35
  3024  6.98814E-35
  3025  6.91704E-35
  3026  6.47995E-35
  3027  5.62328E-35
  3028  4.29346E-35
  3029  2.43689E-35
  3030  0.00000E+00
  3031 -3.07081E-35
  3032 -6.82911E-35
  3033 -1.13285E-34
  3034 -1.66225E-34
  3035 -2.27648E-34
  3036 -2.98090E-34
  3037 -3.78085E-34
  3038 -4.68170E-34
  3039 -5.68882E-34
  3040 -6.80755E-34
  3041 -8.04326E-34
  3042 -9.40130E-34
  3043 -1.08870E-33
  3044 -1.25058E-33
  3045 -1.42630E-33
