    45  0.00000E+00
    46  2.94255E-26
    47  1.09295E-25
    48  2.26997E-25
    49  3.69921E-25
    50  5.25456E-25
    51  6.80991E-25
    52  8.23915E-25
    53  9.41617E-25
    54  1.02149E-24
    55  1.05091E-24
    56  1.01728E-24
    57  9.07988E-25
    58  7.10416E-25
    59  4.11957E-25
    60  0.00000E+00
    61 -5.29659E-25
    62 -1.14760E-24
    63 -1.81598E-24
    64 -2.49697E-24
    65 -3.15273E-24
    66 -3.74545E-24
    67 -4.23728E-24
    68 -4.59038E-24
    69 -4.76694E-24
    70 -4.72910E-24
    71 -4.43905E-24
    72 -3.85895E-24
    73 -2.95096E-24
    74 -1.67725E-24
    75  0.00000E+00
    76  2.08921E-24
    77  4.48109E-24
    78  7.03690E-24
    79  9.61794E-24
    80  1.20855E-23
    81  1.43008E-23
    82  1.61252E-23
    83  1.74199E-23
    84  1.80463E-23
    85  1.78655E-23
    86  1.67389E-23
    87  1.45278E-23
    88  1.10934E-23
    89  6.29706E-24
    90  0.00000E+00
    91 -7.82719E-24
    92 -1.67768E-23
    93 -2.63316E-23
    94 -3.59748E-23
    95 -4.51892E-23
    96 -5.34578E-23
    97 -6.02635E-23
    98 -6.50893E-23
    99 -6.74181E-23
   100 -6.67329E-23
   101 -6.25166E-23
   102 -5.42522E-23
   103 -4.14227E-23
   104 -2.35110E-23
   105  0.00000E+00
   106  2.92195E-23
   107  6.26259E-23
   108  9.82897E-23
   109  1.34281E-22
   110  1.68671E-22
   111  1.99530E-22
   112  2.24929E-22
   113  2.42937E-22
   114  2.51626E-22
   115  2.49066E-22
   116  2.33328E-22
   117  2.02481E-22
   118  1.54597E-22
   119  8.77469E-23
   120  0.00000E+00
   121 -1.09051E-22
   122 -2.33727E-22
   123 -3.66827E-22
   124 -5.01150E-22
   125 -6.29496E-22
   126 -7.44663E-22
   127 -8.39451E-22
   128 -9.06659E-22
   129 -9.39086E-22
   130 -9.29531E-22
   131 -8.70794E-22
   132 -7.55673E-22
   133 -5.76967E-22
   134 -3.27477E-22
   135  0.00000E+00
   136  4.06984E-22
   137  8.72282E-22
   138  1.36902E-21
   139  1.87032E-21
   140  2.34931E-21
   141  2.77912E-21
   142  3.13288E-21
   143  3.38370E-21
   144  3.50472E-21
   145  3.46906E-21
   146  3.24985E-21
   147  2.82021E-21
   148  2.15327E-21
   149  1.22216E-21
   150  0.00000E+00
   151 -1.51889E-21
   152 -3.25540E-21
   153 -5.10925E-21
   154 -6.98013E-21
   155 -8.76775E-21
   156 -1.03718E-20
   157 -1.16921E-20
   158 -1.26281E-20
   159 -1.30798E-20
   160 -1.29467E-20
   161 -1.21286E-20
   162 -1.05252E-20
   163 -8.03612E-21
   164 -4.56116E-21
   165  0.00000E+00
   166  5.66856E-21
   167  1.21493E-20
   168  1.90680E-20
   169  2.60502E-20
   170  3.27217E-20
   171  3.87082E-20
   172  4.36353E-20
   173  4.71289E-20
   174  4.88144E-20
   175  4.83178E-20
   176  4.52645E-20
   177  3.92804E-20
   178  2.99912E-20
   179  1.70225E-20
   180  0.00000E+00
   181 -2.11554E-20
   182 -4.53419E-20
   183 -7.11626E-20
   184 -9.72207E-20
   185 -1.22119E-19
   186 -1.44461E-19
   187 -1.62849E-19
   188 -1.75887E-19
   189 -1.82178E-19
   190 -1.80324E-19
   191 -1.68930E-19
   192 -1.46597E-19
   193 -1.11929E-19
   194 -6.35288E-20
   195  0.00000E+00
   196  7.89529E-20
   197  1.69218E-19
   198  2.65582E-19
   199  3.62832E-19
   200  4.55754E-19
   201  5.39135E-19
   202  6.07762E-19
   203  6.56420E-19
   204  6.79897E-19
   205  6.72979E-19
   206  6.30454E-19
   207  5.47106E-19
   208  4.17723E-19
   209  2.37093E-19
   210  0.00000E+00
   211 -2.94656E-19
   212 -6.31531E-19
   213 -9.91167E-19
   214 -1.35411E-18
   215 -1.70090E-18
   216 -2.01208E-18
   217 -2.26820E-18
   218 -2.44979E-18
   219 -2.53741E-18
   220 -2.51159E-18
   221 -2.35288E-18
   222 -2.04183E-18
   223 -1.55897E-18
   224 -8.84842E-19
   225  0.00000E+00
   226  1.09967E-18
   227  2.35691E-18
   228  3.69909E-18
   229  5.05360E-18
   230  6.34784E-18
   231  7.50919E-18
   232  8.46503E-18
   233  9.14276E-18
   234  9.46975E-18
   235  9.37340E-18
   236  8.78109E-18
   237  7.62020E-18
   238  5.81814E-18
   239  3.30227E-18
   240  0.00000E+00
   241 -4.10403E-18
   242 -8.79609E-18
   243 -1.38052E-17
   244 -1.88603E-17
   245 -2.36905E-17
   246 -2.80247E-17
   247 -3.15919E-17
   248 -3.41212E-17
   249 -3.53416E-17
   250 -3.49820E-17
   251 -3.27715E-17
   252 -2.84390E-17
   253 -2.17136E-17
   254 -1.23243E-17
   255  0.00000E+00
   256  1.53165E-17
   257  3.28275E-17
   258  5.15216E-17
   259  7.03876E-17
   260  8.84140E-17
   261  1.04590E-16
   262  1.17903E-16
   263  1.27342E-16
   264  1.31897E-16
   265  1.30555E-16
   266  1.22305E-16
   267  1.06136E-16
   268  8.10362E-17
   269  4.59948E-17
   270  0.00000E+00
   271 -5.71618E-17
   272 -1.22514E-16
   273 -1.92281E-16
   274 -2.62690E-16
   275 -3.29966E-16
   276 -3.90333E-16
   277 -4.40019E-16
   278 -4.75247E-16
   279 -4.92245E-16
   280 -4.87236E-16
   281 -4.56447E-16
   282 -3.96104E-16
   283 -3.02431E-16
   284 -1.71655E-16
   285  0.00000E+00
   286  2.13331E-16
   287  4.57228E-16
   288  7.17604E-16
   289  9.80373E-16
   290  1.23145E-15
   291  1.45674E-15
   292  1.64217E-15
   293  1.77365E-15
   294  1.83708E-15
   295  1.81839E-15
   296  1.70349E-15
   297  1.47828E-15
   298  1.12869E-15
   299  6.40624E-16
   300  0.00000E+00
   301 -7.96161E-16
   302 -1.70640E-15
   303 -2.67813E-15
   304 -3.65880E-15
   305 -4.59583E-15
   306 -5.43664E-15
   307 -6.12867E-15
   308 -6.61934E-15
   309 -6.85608E-15
   310 -6.78633E-15
   311 -6.35749E-15
   312 -5.51702E-15
   313 -4.21232E-15
   314 -2.39084E-15
   315  0.00000E+00
   316  2.97131E-15
   317  6.36836E-15
   318  9.99493E-15
   319  1.36548E-14
   320  1.71519E-14
   321  2.02898E-14
   322  2.28725E-14
   323  2.47037E-14
   324  2.55873E-14
   325  2.53269E-14
   326  2.37265E-14
   327  2.05898E-14
   328  1.57206E-14
   329  8.92275E-15
   330  0.00000E+00
   331 -1.10891E-14
   332 -2.37670E-14
   333 -3.73016E-14
   334 -5.09605E-14
   335 -6.40116E-14
   336 -7.57227E-14
   337 -8.53614E-14
   338 -9.21955E-14
   339 -9.54929E-14
   340 -9.45213E-14
   341 -8.85485E-14
   342 -7.68421E-14
   343 -5.86701E-14
   344 -3.33001E-14
   345  0.00000E+00
   346  4.13850E-14
   347  8.86998E-14
   348  1.39211E-13
   349  1.90187E-13
   350  2.38895E-13
   351  2.82601E-13
   352  3.18573E-13
   353  3.44078E-13
   354  3.56384E-13
   355  3.52758E-13
   356  3.30467E-13
   357  2.86779E-13
   358  2.18960E-13
   359  1.24278E-13
   360  0.00000E+00
   361 -1.54451E-13
   362 -3.31032E-13
   363 -5.19544E-13
   364 -7.09789E-13
   365 -8.91567E-13
   366 -1.05468E-12
   367 -1.18893E-12
   368 -1.28412E-12
   369 -1.33004E-12
   370 -1.31651E-12
   371 -1.23332E-12
   372 -1.07027E-12
   373 -8.17169E-13
   374 -4.63811E-13
   375  0.00000E+00
   376  5.76419E-13
   377  1.23543E-12
   378  1.93897E-12
   379  2.64897E-12
   380  3.32737E-12
   381  3.93612E-12
   382  4.43715E-12
   383  4.79239E-12
   384  4.96380E-12
   385  4.91329E-12
   386  4.60282E-12
   387  3.99431E-12
   388  3.04972E-12
   389  1.73097E-12
   390  0.00000E+00
   391 -2.15123E-12
   392 -4.61068E-12
   393 -7.23632E-12
   394 -9.88608E-12
   395 -1.24179E-11
   396 -1.46898E-11
   397 -1.65597E-11
   398 -1.78855E-11
   399 -1.85251E-11
   400 -1.83366E-11
   401 -1.71779E-11
   402 -1.49070E-11
   403 -1.13817E-11
   404 -6.46006E-12
   405  0.00000E+00
   406  8.02849E-12
   407  1.72073E-11
   408  2.70063E-11
   409  3.68954E-11
   410  4.63443E-11
   411  5.48231E-11
   412  6.18015E-11
   413  6.67494E-11
   414  6.91367E-11
   415  6.84333E-11
   416  6.41090E-11
   417  5.56336E-11
   418  4.24771E-11
   419  2.41093E-11
   420  0.00000E+00
   421 -2.99627E-11
   422 -6.42185E-11
   423 -1.00789E-10
   424 -1.37695E-10
   425 -1.72959E-10
   426 -2.04603E-10
   427 -2.30646E-10
   428 -2.49112E-10
   429 -2.58022E-10
   430 -2.55397E-10
   431 -2.39258E-10
   432 -2.07627E-10
   433 -1.58527E-10
   434 -8.99770E-11
   435  0.00000E+00
   436  1.11822E-10
   437  2.39667E-10
   438  3.76149E-10
   439  5.13886E-10
   440  6.45493E-10
   441  7.63587E-10
   442  8.60784E-10
   443  9.29700E-10
   444  9.62951E-10
   445  9.53153E-10
   446  8.92923E-10
   447  7.74876E-10
   448  5.91629E-10
   449  3.35799E-10
   450  0.00000E+00
   451 -4.17327E-10
   452 -8.94449E-10
   453 -1.40381E-09
   454 -1.91785E-09
   455 -2.40901E-09
   456 -2.84975E-09
   457 -3.21249E-09
   458 -3.46969E-09
   459 -3.59378E-09
   460 -3.55721E-09
   461 -3.33243E-09
   462 -2.89188E-09
   463 -2.20799E-09
   464 -1.25322E-09
   465  0.00000E+00
   466  1.57060E-09
   467  3.44306E-09
   468  5.59325E-09
   469  7.99700E-09
   470  1.06302E-08
   471  1.34687E-08
   472  1.64883E-08
   473  1.96650E-08
   474  2.29745E-08
   475  2.63928E-08
   476  2.98957E-08
   477  3.34590E-08
   478  3.70586E-08
   479  4.06704E-08
   480  4.42702E-08
   481  4.78403E-08
   482  5.13883E-08
   483  5.49282E-08
   484  5.84742E-08
   485  6.20401E-08
   486  6.56402E-08
   487  6.92883E-08
   488  7.29986E-08
   489  7.67850E-08
   490  8.06617E-08
   491  8.46426E-08
   492  8.87417E-08
   493  9.29732E-08
   494  9.73510E-08
   495  1.01889E-07
   496  1.06606E-07
   497  1.11537E-07
   498  1.16722E-07
   499  1.22199E-07
   500  1.28010E-07
   501  1.34193E-07
   502  1.40789E-07
   503  1.47835E-07
   504  1.55374E-07
   505  1.63443E-07
   506  1.72082E-07
   507  1.81332E-07
   508  1.91232E-07
   509  2.01820E-07
   510  2.13138E-07
   511  2.25199E-07
   512  2.37911E-07
   513  2.51158E-07
   514  2.64824E-07
   515  2.78792E-07
   516  2.92944E-07
   517  3.07166E-07
   518  3.21339E-07
   519  3.35347E-07
   520  3.49073E-07
   521  3.62401E-07
   522  3.75214E-07
   523  3.87395E-07
   524  3.98828E-07
   525  4.09396E-07
   526  4.18989E-07
   527  4.27521E-07
   528  4.34917E-07
   529  4.41098E-07
   530  4.45985E-07
   531  4.49502E-07
   532  4.51570E-07
   533  4.52113E-07
   534  4.51051E-07
   535  4.48307E-07
   536  4.43804E-07
   537  4.37463E-07
   538  4.29207E-07
   539  4.18958E-07
   540  4.06638E-07
   541  3.92211E-07
   542  3.75806E-07
   543  3.57591E-07
   544  3.37738E-07
   545  3.16416E-07
   546  2.93794E-07
   547  2.70043E-07
   548  2.45333E-07
   549  2.19833E-07
   550  1.93713E-07
   551  1.67144E-07
   552  1.40294E-07
   553  1.13335E-07
   554  8.64351E-08
   555  5.97649E-08
   556  3.34932E-08
   557  7.78455E-09
   558 -1.71975E-08
   559 -4.12893E-08
   560 -6.43275E-08
   561 -8.61483E-08
   562 -1.06588E-07
   563 -1.25484E-07
   564 -1.42671E-07
   565 -1.57987E-07
   566 -1.71268E-07
   567 -1.82350E-07
   568 -1.91070E-07
   569 -1.97265E-07
   570 -2.00770E-07
   571 -2.01497E-07
   572 -1.99661E-07
   573 -1.95550E-07
   574 -1.89454E-07
   575 -1.81662E-07
   576 -1.72464E-07
   577 -1.62148E-07
   578 -1.51004E-07
   579 -1.39321E-07
   580 -1.27389E-07
   581 -1.15495E-07
   582 -1.03931E-07
   583 -9.29848E-08
   584 -8.29458E-08
   585 -7.41033E-08
   586 -6.66815E-08
   587 -6.06438E-08
   588 -5.58885E-08
   589 -5.23138E-08
   590 -4.98182E-08
   591 -4.83000E-08
   592 -4.76573E-08
   593 -4.77886E-08
   594 -4.85922E-08
   595 -4.99663E-08
   596 -5.18093E-08
   597 -5.40195E-08
   598 -5.64952E-08
   599 -5.91346E-08
   600 -6.18362E-08
   601 -6.44907E-08
   602 -6.69586E-08
   603 -6.90932E-08
   604 -7.07474E-08
   605 -7.17743E-08
   606 -7.20270E-08
   607 -7.13586E-08
   608 -6.96222E-08
   609 -6.66709E-08
   610 -6.23577E-08
   611 -5.65357E-08
   612 -4.90579E-08
   613 -3.97776E-08
   614 -2.85477E-08
   615 -1.52213E-08
   616  2.45223E-10
   617  1.74828E-08
   618  3.60191E-08
   619  5.53816E-08
   620  7.50981E-08
   621  9.46962E-08
   622  1.13704E-07
   623  1.31648E-07
   624  1.48056E-07
   625  1.62457E-07
   626  1.74378E-07
   627  1.83346E-07
   628  1.88889E-07
   629  1.90535E-07
   630  1.87811E-07
   631  1.80396E-07
   632  1.68571E-07
   633  1.52770E-07
   634  1.33425E-07
   635  1.10968E-07
   636  8.58323E-08
   637  5.84504E-08
   638  2.92549E-08
   639 -1.32152E-09
   640 -3.28463E-08
   641 -6.48867E-08
   642 -9.70102E-08
   643 -1.28784E-07
   644 -1.59776E-07
   645 -1.89553E-07
   646 -2.17822E-07
   647 -2.44848E-07
   648 -2.71038E-07
   649 -2.96796E-07
   650 -3.22527E-07
   651 -3.48637E-07
   652 -3.75531E-07
   653 -4.03614E-07
   654 -4.33291E-07
   655 -4.64968E-07
   656 -4.99049E-07
   657 -5.35941E-07
   658 -5.76047E-07
   659 -6.19774E-07
   660 -6.67527E-07
   661 -7.19475E-07
   662 -7.74840E-07
   663 -8.32612E-07
   664 -8.91777E-07
   665 -9.51323E-07
   666 -1.01024E-06
   667 -1.06751E-06
   668 -1.12212E-06
   669 -1.17306E-06
   670 -1.21932E-06
   671 -1.25989E-06
   672 -1.29375E-06
   673 -1.31989E-06
   674 -1.33730E-06
   675 -1.34497E-06
   676 -1.34220E-06
   677 -1.32959E-06
   678 -1.30806E-06
   679 -1.27854E-06
   680 -1.24193E-06
   681 -1.19916E-06
   682 -1.15115E-06
   683 -1.09882E-06
   684 -1.04309E-06
   685 -9.84870E-07
   686 -9.25086E-07
   687 -8.64657E-07
   688 -8.04501E-07
   689 -7.45538E-07
   690 -6.88687E-07
   691 -6.34585E-07
   692 -5.82739E-07
   693 -5.32376E-07
   694 -4.82721E-07
   695 -4.33000E-07
   696 -3.82438E-07
   697 -3.30262E-07
   698 -2.75696E-07
   699 -2.17966E-07
   700 -1.56298E-07
   701 -8.99183E-08
   702 -1.80516E-08
   703  6.00763E-08
   704  1.45240E-07
   705  2.38213E-07
   706  3.39413E-07
   707  4.47831E-07
   708  5.62100E-07
   709  6.80853E-07
   710  8.02725E-07
   711  9.26348E-07
   712  1.05035E-06
   713  1.17338E-06
   714  1.29406E-06
   715  1.41102E-06
   716  1.52290E-06
   717  1.62834E-06
   718  1.72595E-06
   719  1.81439E-06
   720  1.89228E-06
   721  1.95868E-06
   722  2.01437E-06
   723  2.06054E-06
   724  2.09840E-06
   725  2.12913E-06
   726  2.15395E-06
   727  2.17404E-06
   728  2.19062E-06
   729  2.20487E-06
   730  2.21799E-06
   731  2.23119E-06
   732  2.24567E-06
   733  2.26261E-06
   734  2.28323E-06
   735  2.30872E-06
   736  2.33996E-06
   737  2.37654E-06
   738  2.41774E-06
   739  2.46283E-06
   740  2.51110E-06
   741  2.56181E-06
   742  2.61425E-06
   743  2.66768E-06
   744  2.72138E-06
   745  2.77463E-06
   746  2.82670E-06
   747  2.87687E-06
   748  2.92441E-06
   749  2.96860E-06
   750  3.00871E-06
   751  3.04384E-06
   752  3.07234E-06
   753  3.09237E-06
   754  3.10211E-06
   755  3.09972E-06
   756  3.08337E-06
   757  3.05124E-06
   758  3.00148E-06
   759  2.93228E-06
   760  2.84179E-06
   761  2.72818E-06
   762  2.58963E-06
   763  2.42431E-06
   764  2.23038E-06
   765  2.00600E-06
   766  1.74951E-06
   767  1.45985E-06
   768  1.13612E-06
   769  7.77404E-07
   770  3.82810E-07
   771 -4.85653E-08
   772 -5.17625E-07
   773 -1.02527E-06
   774 -1.57241E-06
   775 -2.15993E-06
   776 -2.78875E-06
   777 -3.45977E-06
   778 -4.17389E-06
   779 -4.93200E-06
   780 -5.73502E-06
   781 -6.58218E-06
   782 -7.46611E-06
   783 -8.37775E-06
   784 -9.30807E-06
   785 -1.02480E-05
   786 -1.11885E-05
   787 -1.21206E-05
   788 -1.30352E-05
   789 -1.39232E-05
   790 -1.47756E-05
   791 -1.55834E-05
   792 -1.63375E-05
   793 -1.70289E-05
   794 -1.76485E-05
   795 -1.81873E-05
   796 -1.86387E-05
   797 -1.90060E-05
   798 -1.92949E-05
   799 -1.95112E-05
   800 -1.96605E-05
   801 -1.97486E-05
   802 -1.97813E-05
   803 -1.97643E-05
   804 -1.97034E-05
   805 -1.96041E-05
   806 -1.94724E-05
   807 -1.93139E-05
   808 -1.91344E-05
   809 -1.89396E-05
   810 -1.87352E-05
   811 -1.85245E-05
   812 -1.83010E-05
   813 -1.80557E-05
   814 -1.77797E-05
   815 -1.74638E-05
   816 -1.70993E-05
   817 -1.66769E-05
   818 -1.61878E-05
   819 -1.56231E-05
   820 -1.49736E-05
   821 -1.42304E-05
   822 -1.33846E-05
   823 -1.24271E-05
   824 -1.13489E-05
   825 -1.01412E-05
   826 -8.79370E-06
   827 -7.29215E-06
   828 -5.62104E-06
   829 -3.76491E-06
   830 -1.70828E-06
   831  5.64322E-07
   832  3.06836E-06
   833  5.81930E-06
   834  8.83262E-06
   835  1.21238E-05
   836  1.57083E-05
   837  1.96016E-05
   838  2.38191E-05
   839  2.83764E-05
   840  3.32888E-05
   841  3.85630E-05
   842  4.41690E-05
   843  5.00684E-05
   844  5.62223E-05
   845  6.25922E-05
   846  6.91392E-05
   847  7.58247E-05
   848  8.26099E-05
   849  8.94563E-05
   850  9.63251E-05
   851  1.03178E-04
   852  1.09975E-04
   853  1.16679E-04
   854  1.23250E-04
   855  1.29650E-04
   856  1.35844E-04
   857  1.41810E-04
   858  1.47530E-04
   859  1.52986E-04
   860  1.58160E-04
   861  1.63033E-04
   862  1.67588E-04
   863  1.71807E-04
   864  1.75671E-04
   865  1.79162E-04
   866  1.82263E-04
   867  1.84954E-04
   868  1.87219E-04
   869  1.89039E-04
   870  1.90395E-04
   871  1.91263E-04
   872  1.91588E-04
   873  1.91310E-04
   874  1.90366E-04
   875  1.88696E-04
   876  1.86238E-04
   877  1.82931E-04
   878  1.78714E-04
   879  1.73525E-04
   880  1.67303E-04
   881  1.59986E-04
   882  1.51514E-04
   883  1.41825E-04
   884  1.30858E-04
   885  1.18552E-04
   886  1.04829E-04
   887  8.95494E-05
   888  7.25582E-05
   889  5.36996E-05
   890  3.28180E-05
   891  9.75803E-06
   892 -1.56360E-05
   893 -4.35195E-05
   894 -7.40481E-05
   895 -1.07377E-04
   896 -1.43663E-04
   897 -1.83060E-04
   898 -2.25724E-04
   899 -2.71811E-04
   900 -3.21476E-04
   901 -3.74771E-04
   902 -4.31332E-04
   903 -4.90693E-04
   904 -5.52385E-04
   905 -6.15942E-04
   906 -6.80895E-04
   907 -7.46778E-04
   908 -8.13124E-04
   909 -8.79464E-04
   910 -9.45331E-04
   911 -1.01026E-03
   912 -1.07378E-03
   913 -1.13542E-03
   914 -1.19473E-03
   915 -1.25122E-03
   916 -1.30453E-03
   917 -1.35463E-03
   918 -1.40159E-03
   919 -1.44548E-03
   920 -1.48637E-03
   921 -1.52433E-03
   922 -1.55942E-03
   923 -1.59172E-03
   924 -1.62130E-03
   925 -1.64822E-03
   926 -1.67256E-03
   927 -1.69437E-03
   928 -1.71374E-03
   929 -1.73073E-03
   930 -1.74541E-03
   931 -1.75766E-03
   932 -1.76658E-03
   933 -1.77109E-03
   934 -1.77010E-03
   935 -1.76254E-03
   936 -1.74731E-03
   937 -1.72334E-03
   938 -1.68953E-03
   939 -1.64481E-03
   940 -1.58809E-03
   941 -1.51828E-03
   942 -1.43431E-03
   943 -1.33508E-03
   944 -1.21952E-03
   945 -1.08653E-03
   946 -9.35189E-04
   947 -7.65161E-04
   948 -5.76266E-04
   949 -3.68323E-04
   950 -1.41152E-04
   951  1.05428E-04
   952  3.71598E-04
   953  6.57538E-04
   954  9.63428E-04
   955  1.28945E-03
   956  1.63578E-03
   957  2.00261E-03
   958  2.39011E-03
   959  2.79846E-03
   960  3.22785E-03
   961  3.67817E-03
   962  4.14817E-03
   963  4.63631E-03
   964  5.14107E-03
   965  5.66091E-03
   966  6.19430E-03
   967  6.73970E-03
   968  7.29558E-03
   969  7.86041E-03
   970  8.43265E-03
   971  9.01077E-03
   972  9.59324E-03
   973  1.01785E-02
   974  1.07651E-02
   975  1.13514E-02
   976  1.19357E-02
   977  1.25156E-02
   978  1.30886E-02
   979  1.36519E-02
   980  1.42030E-02
   981  1.47393E-02
   982  1.52582E-02
   983  1.57571E-02
   984  1.62333E-02
   985  1.66843E-02
   986  1.71074E-02
   987  1.75001E-02
   988  1.78598E-02
   989  1.81837E-02
   990  1.84695E-02
   991  1.87151E-02
   992  1.89222E-02
   993  1.90931E-02
   994  1.92301E-02
   995  1.93354E-02
   996  1.94115E-02
   997  1.94607E-02
   998  1.94853E-02
   999  1.94875E-02
  1000  1.94697E-02
  1001  1.94343E-02
  1002  1.93836E-02
  1003  1.93198E-02
  1004  1.92453E-02
  1005  1.91625E-02
  1006  1.90728E-02
  1007  1.89750E-02
  1008  1.88668E-02
  1009  1.87461E-02
  1010  1.86108E-02
  1011  1.84587E-02
  1012  1.82876E-02
  1013  1.80955E-02
  1014  1.78802E-02
  1015  1.76395E-02
  1016  1.73712E-02
  1017  1.70734E-02
  1018  1.67437E-02
  1019  1.63801E-02
  1020  1.59804E-02
  1021  1.55433E-02
  1022  1.50714E-02
  1023  1.45679E-02
  1024  1.40362E-02
  1025  1.34796E-02
  1026  1.29014E-02
  1027  1.23050E-02
  1028  1.16937E-02
  1029  1.10709E-02
  1030  1.04399E-02
  1031  9.80395E-03
  1032  9.16651E-03
  1033  8.53087E-03
  1034  7.90036E-03
  1035  7.27832E-03
  1036  6.66773E-03
  1037  6.07008E-03
  1038  5.48652E-03
  1039  4.91820E-03
  1040  4.36624E-03
  1041  3.83179E-03
  1042  3.31599E-03
  1043  2.81998E-03
  1044  2.34491E-03
  1045  1.89190E-03
  1046  1.46211E-03
  1047  1.05667E-03
  1048  6.76726E-04
  1049  3.23412E-04
  1050 -2.12844E-06
  1051 -2.99200E-04
  1052 -5.68887E-04
  1053 -8.12720E-04
  1054 -1.03223E-03
  1055 -1.22894E-03
  1056 -1.40439E-03
  1057 -1.56011E-03
  1058 -1.69762E-03
  1059 -1.81845E-03
  1060 -1.92415E-03
  1061 -2.01622E-03
  1062 -2.09621E-03
  1063 -2.16565E-03
  1064 -2.22606E-03
  1065 -2.27897E-03
  1066 -2.32564E-03
  1067 -2.36617E-03
  1068 -2.40039E-03
  1069 -2.42814E-03
  1070 -2.44924E-03
  1071 -2.46353E-03
  1072 -2.47083E-03
  1073 -2.47097E-03
  1074 -2.46379E-03
  1075 -2.44911E-03
  1076 -2.42677E-03
  1077 -2.39658E-03
  1078 -2.35840E-03
  1079 -2.31203E-03
  1080 -2.25732E-03
  1081 -2.19426E-03
  1082 -2.12353E-03
  1083 -2.04598E-03
  1084 -1.96247E-03
  1085 -1.87382E-03
  1086 -1.78091E-03
  1087 -1.68457E-03
  1088 -1.58565E-03
  1089 -1.48501E-03
  1090 -1.38348E-03
  1091 -1.28193E-03
  1092 -1.18119E-03
  1093 -1.08212E-03
  1094 -9.85561E-04
  1095 -8.92368E-04
  1096 -8.03235E-04
  1097 -7.18254E-04
  1098 -6.37363E-04
  1099 -5.60502E-04
  1100 -4.87609E-04
  1101 -4.18624E-04
  1102 -3.53485E-04
  1103 -2.92133E-04
  1104 -2.34506E-04
  1105 -1.80543E-04
  1106 -1.30183E-04
  1107 -8.33656E-05
  1108 -4.00299E-05
  1109 -1.14784E-07
  1110  3.64405E-05
  1111  6.97153E-05
  1112  9.98627E-05
  1113  1.27054E-04
  1114  1.51461E-04
  1115  1.73255E-04
  1116  1.92607E-04
  1117  2.09690E-04
  1118  2.24674E-04
  1119  2.37730E-04
  1120  2.49031E-04
  1121  2.58748E-04
  1122  2.67053E-04
  1123  2.74116E-04
  1124  2.80109E-04
  1125  2.85204E-04
  1126  2.89544E-04
  1127  2.93156E-04
  1128  2.96040E-04
  1129  2.98195E-04
  1130  2.99619E-04
  1131  3.00313E-04
  1132  3.00275E-04
  1133  2.99504E-04
  1134  2.98000E-04
  1135  2.95762E-04
  1136  2.92789E-04
  1137  2.89080E-04
  1138  2.84635E-04
  1139  2.79452E-04
  1140  2.73531E-04
  1141  2.66881E-04
  1142  2.59554E-04
  1143  2.51613E-04
  1144  2.43119E-04
  1145  2.34136E-04
  1146  2.24724E-04
  1147  2.14948E-04
  1148  2.04867E-04
  1149  1.94546E-04
  1150  1.84047E-04
  1151  1.73430E-04
  1152  1.62760E-04
  1153  1.52097E-04
  1154  1.41505E-04
  1155  1.31046E-04
  1156  1.20773E-04
  1157  1.10710E-04
  1158  1.00872E-04
  1159  9.12717E-05
  1160  8.19251E-05
  1161  7.28467E-05
  1162  6.40510E-05
  1163  5.55527E-05
  1164  4.73665E-05
  1165  3.95069E-05
  1166  3.19887E-05
  1167  2.48264E-05
  1168  1.80348E-05
  1169  1.16284E-05
  1170  5.62197E-06
  1171  2.51066E-08
  1172 -5.17231E-06
  1173 -9.98538E-06
  1174 -1.44292E-05
  1175 -1.85189E-05
  1176 -2.22697E-05
  1177 -2.56965E-05
  1178 -2.88145E-05
  1179 -3.16388E-05
  1180 -3.41845E-05
  1181 -3.64668E-05
  1182 -3.85006E-05
  1183 -4.03013E-05
  1184 -4.18838E-05
  1185 -4.32632E-05
  1186 -4.44530E-05
  1187 -4.54596E-05
  1188 -4.62876E-05
  1189 -4.69418E-05
  1190 -4.74270E-05
  1191 -4.77477E-05
  1192 -4.79087E-05
  1193 -4.79148E-05
  1194 -4.77706E-05
  1195 -4.74808E-05
  1196 -4.70502E-05
  1197 -4.64834E-05
  1198 -4.57851E-05
  1199 -4.49601E-05
  1200 -4.40131E-05
  1201 -4.29496E-05
  1202 -4.17782E-05
  1203 -4.05085E-05
  1204 -3.91500E-05
  1205 -3.77121E-05
  1206 -3.62044E-05
  1207 -3.46364E-05
  1208 -3.30176E-05
  1209 -3.13574E-05
  1210 -2.96654E-05
  1211 -2.79511E-05
  1212 -2.62239E-05
  1213 -2.44934E-05
  1214 -2.27691E-05
  1215 -2.10604E-05
  1216 -1.93759E-05
  1217 -1.77198E-05
  1218 -1.60954E-05
  1219 -1.45061E-05
  1220 -1.29551E-05
  1221 -1.14458E-05
  1222 -9.98128E-06
  1223 -8.56498E-06
  1224 -7.20016E-06
  1225 -5.89009E-06
  1226 -4.63808E-06
  1227 -3.44740E-06
  1228 -2.32135E-06
  1229 -1.26322E-06
  1230 -2.76287E-07
  1231  6.37158E-07
  1232  1.47885E-06
  1233  2.25153E-06
  1234  2.95794E-06
  1235  3.60082E-06
  1236  4.18292E-06
  1237  4.70696E-06
  1238  5.17569E-06
  1239  5.59185E-06
  1240  5.95818E-06
  1241  6.27742E-06
  1242  6.55232E-06
  1243  6.78560E-06
  1244  6.98002E-06
  1245  7.13831E-06
  1246  7.26310E-06
  1247  7.35653E-06
  1248  7.42066E-06
  1249  7.45750E-06
  1250  7.46911E-06
  1251  7.45752E-06
  1252  7.42476E-06
  1253  7.37288E-06
  1254  7.30390E-06
  1255  7.21988E-06
  1256  7.12284E-06
  1257  7.01482E-06
  1258  6.89786E-06
  1259  6.77400E-06
  1260  6.64527E-06
  1261  6.51330E-06
  1262  6.37804E-06
  1263  6.23901E-06
  1264  6.09576E-06
  1265  5.94781E-06
  1266  5.79471E-06
  1267  5.63598E-06
  1268  5.47116E-06
  1269  5.29979E-06
  1270  5.12139E-06
  1271  4.93551E-06
  1272  4.74167E-06
  1273  4.53941E-06
  1274  4.32827E-06
  1275  4.10778E-06
  1276  3.87780E-06
  1277  3.63952E-06
  1278  3.39447E-06
  1279  3.14417E-06
  1280  2.89015E-06
  1281  2.63392E-06
  1282  2.37700E-06
  1283  2.12093E-06
  1284  1.86722E-06
  1285  1.61739E-06
  1286  1.37297E-06
  1287  1.13548E-06
  1288  9.06443E-07
  1289  6.87379E-07
  1290  4.79812E-07
  1291  2.84876E-07
  1292  1.02142E-07
  1293 -6.92058E-08
  1294 -2.29983E-07
  1295 -3.81007E-07
  1296 -5.23094E-07
  1297 -6.57060E-07
  1298 -7.83721E-07
  1299 -9.03896E-07
  1300 -1.01840E-06
  1301 -1.12805E-06
  1302 -1.23366E-06
  1303 -1.33605E-06
  1304 -1.43603E-06
  1305 -1.53442E-06
  1306 -1.63172E-06
  1307 -1.72713E-06
  1308 -1.81952E-06
  1309 -1.90778E-06
  1310 -1.99078E-06
  1311 -2.06741E-06
  1312 -2.13655E-06
  1313 -2.19707E-06
  1314 -2.24785E-06
  1315 -2.28777E-06
  1316 -2.31572E-06
  1317 -2.33057E-06
  1318 -2.33120E-06
  1319 -2.31649E-06
  1320 -2.28532E-06
  1321 -2.23706E-06
  1322 -2.17300E-06
  1323 -2.09493E-06
  1324 -2.00463E-06
  1325 -1.90389E-06
  1326 -1.79449E-06
  1327 -1.67821E-06
  1328 -1.55685E-06
  1329 -1.43217E-06
  1330 -1.30598E-06
  1331 -1.18005E-06
  1332 -1.05616E-06
  1333 -9.36105E-07
  1334 -8.21664E-07
  1335 -7.14623E-07
  1336 -6.16393E-07
  1337 -5.26902E-07
  1338 -4.45702E-07
  1339 -3.72349E-07
  1340 -3.06398E-07
  1341 -2.47402E-07
  1342 -1.94917E-07
  1343 -1.48496E-07
  1344 -1.07695E-07
  1345 -7.20669E-08
  1346 -4.11674E-08
  1347 -1.45505E-08
  1348  8.22916E-09
  1349  2.76172E-08
  1350  4.40590E-08
  1351  5.79640E-08
  1352  6.95962E-08
  1353  7.91835E-08
  1354  8.69538E-08
  1355  9.31350E-08
  1356  9.79550E-08
  1357  1.01642E-07
  1358  1.04423E-07
  1359  1.06526E-07
  1360  1.08180E-07
  1361  1.09613E-07
  1362  1.11051E-07
  1363  1.12723E-07
  1364  1.14857E-07
  1365  1.17681E-07
  1366  1.21339E-07
  1367  1.25645E-07
  1368  1.30326E-07
  1369  1.35114E-07
  1370  1.39738E-07
  1371  1.43926E-07
  1372  1.47409E-07
  1373  1.49916E-07
  1374  1.51176E-07
  1375  1.50919E-07
  1376  1.48874E-07
  1377  1.44771E-07
  1378  1.38340E-07
  1379  1.29309E-07
  1380  1.17408E-07
  1381  1.02478E-07
  1382  8.48046E-08
  1383  6.47850E-08
  1384  4.28160E-08
  1385  1.92947E-08
  1386 -5.38184E-09
  1387 -3.08167E-08
  1388 -5.66129E-08
  1389 -8.23734E-08
  1390 -1.07701E-07
  1391 -1.32199E-07
  1392 -1.55470E-07
  1393 -1.77118E-07
  1394 -1.96745E-07
  1395 -2.13953E-07
  1396 -2.28416E-07
  1397 -2.40080E-07
  1398 -2.48961E-07
  1399 -2.55074E-07
  1400 -2.58434E-07
  1401 -2.59059E-07
  1402 -2.56963E-07
  1403 -2.52162E-07
  1404 -2.44671E-07
  1405 -2.34508E-07
  1406 -2.21686E-07
  1407 -2.06222E-07
  1408 -1.88132E-07
  1409 -1.67431E-07
  1410 -1.44135E-07
  1411 -1.18365E-07
  1412 -9.06652E-08
  1413 -6.16832E-08
  1414 -3.20684E-08
  1415 -2.46949E-09
  1416  2.64646E-08
  1417  5.40852E-08
  1418  7.97433E-08
  1419  1.02790E-07
  1420  1.22577E-07
  1421  1.38455E-07
  1422  1.49775E-07
  1423  1.55889E-07
  1424  1.56147E-07
  1425  1.49902E-07
  1426  1.36789E-07
  1427  1.17589E-07
  1428  9.33687E-08
  1429  6.51939E-08
  1430  3.41309E-08
  1431  1.24570E-09
  1432 -3.23954E-08
  1433 -6.57262E-08
  1434 -9.76806E-08
  1435 -1.27192E-07
  1436 -1.53195E-07
  1437 -1.74623E-07
  1438 -1.90410E-07
  1439 -1.99490E-07
  1440 -2.00796E-07
  1441 -1.93613E-07
  1442 -1.78629E-07
  1443 -1.56881E-07
  1444 -1.29410E-07
  1445 -9.72515E-08
  1446 -6.14454E-08
  1447 -2.30299E-08
  1448  1.69570E-08
  1449  5.74766E-08
  1450  9.74907E-08
  1451  1.35961E-07
  1452  1.71849E-07
  1453  2.04117E-07
  1454  2.31725E-07
  1455  2.53636E-07
  1456  2.69056E-07
  1457  2.78162E-07
  1458  2.81378E-07
  1459  2.79127E-07
  1460  2.71831E-07
  1461  2.59913E-07
  1462  2.43795E-07
  1463  2.23902E-07
  1464  2.00654E-07
  1465  1.74476E-07
  1466  1.45789E-07
  1467  1.15016E-07
  1468  8.25809E-08
  1469  4.89055E-08
  1470  1.44127E-08
  1471 -2.04709E-08
  1472 -5.53037E-08
  1473 -8.96402E-08
  1474 -1.23035E-07
  1475 -1.55042E-07
  1476 -1.85217E-07
  1477 -2.13113E-07
  1478 -2.38286E-07
  1479 -2.60289E-07
  1480 -2.78678E-07
  1481 -2.93006E-07
  1482 -3.02829E-07
  1483 -3.07700E-07
  1484 -3.07175E-07
  1485 -3.00808E-07
  1486 -2.88400E-07
  1487 -2.70739E-07
  1488 -2.48862E-07
  1489 -2.23804E-07
  1490 -1.96599E-07
  1491 -1.68284E-07
  1492 -1.39893E-07
  1493 -1.12463E-07
  1494 -8.70288E-08
  1495 -6.46254E-08
  1496 -4.62884E-08
  1497 -3.30533E-08
  1498 -2.59556E-08
  1499 -2.60305E-08
  1500 -3.43135E-08
  1501 -5.12932E-08
  1502 -7.52705E-08
  1503 -1.03999E-07
  1504 -1.35234E-07
  1505 -1.66729E-07
  1506 -1.96237E-07
  1507 -2.21513E-07
  1508 -2.40312E-07
  1509 -2.50386E-07
  1510 -2.49491E-07
  1511 -2.35380E-07
  1512 -2.05807E-07
  1513 -1.58527E-07
  1514 -9.12928E-08
  1515 -1.85934E-09
  1516  1.10953E-07
  1517  2.44057E-07
  1518  3.93300E-07
  1519  5.54527E-07
  1520  7.23585E-07
  1521  8.96322E-07
  1522  1.06858E-06
  1523  1.23621E-06
  1524  1.39506E-06
  1525  1.54097E-06
  1526  1.66980E-06
  1527  1.77738E-06
  1528  1.85956E-06
  1529  1.91219E-06
  1530  1.93112E-06
  1531  1.91356E-06
  1532  1.86228E-06
  1533  1.78137E-06
  1534  1.67497E-06
  1535  1.54718E-06
  1536  1.40214E-06
  1537  1.24397E-06
  1538  1.07677E-06
  1539  9.04682E-07
  1540  7.31812E-07
  1541  5.62285E-07
  1542  4.00220E-07
  1543  2.49738E-07
  1544  1.14958E-07
  1545  0.00000E+00
  1546 -9.20394E-08
  1547 -1.62160E-07
  1548 -2.12387E-07
  1549 -2.44742E-07
  1550 -2.61251E-07
  1551 -2.63936E-07
  1552 -2.54823E-07
  1553 -2.35933E-07
  1554 -2.09293E-07
  1555 -1.76924E-07
  1556 -1.40852E-07
  1557 -1.03099E-07
  1558 -6.56905E-08
  1559 -3.06495E-08
  1560  0.00000E+00
  1561  2.46619E-08
  1562  4.34507E-08
  1563  5.69088E-08
  1564  6.55785E-08
  1565  7.00019E-08
  1566  7.07215E-08
  1567  6.82795E-08
  1568  6.32181E-08
  1569  5.60798E-08
  1570  4.74067E-08
  1571  3.77411E-08
  1572  2.76253E-08
  1573  1.76017E-08
  1574  8.21252E-09
  1575  0.00000E+00
  1576 -6.60813E-09
  1577 -1.16426E-08
  1578 -1.52487E-08
  1579 -1.75717E-08
  1580 -1.87570E-08
  1581 -1.89498E-08
  1582 -1.82954E-08
  1583 -1.69392E-08
  1584 -1.50265E-08
  1585 -1.27026E-08
  1586 -1.01127E-08
  1587 -7.40219E-09
  1588 -4.71637E-09
  1589 -2.20054E-09
  1590  0.00000E+00
  1591  1.77064E-09
  1592  3.11962E-09
  1593  4.08587E-09
  1594  4.70832E-09
  1595  5.02591E-09
  1596  5.07758E-09
  1597  4.90225E-09
  1598  4.53886E-09
  1599  4.02635E-09
  1600  3.40364E-09
  1601  2.70969E-09
  1602  1.98341E-09
  1603  1.26375E-09
  1604  5.89632E-10
  1605  0.00000E+00
  1606 -4.74443E-10
  1607 -8.35900E-10
  1608 -1.09481E-09
  1609 -1.26159E-09
  1610 -1.34669E-09
  1611 -1.36053E-09
  1612 -1.31355E-09
  1613 -1.21618E-09
  1614 -1.07886E-09
  1615 -9.12004E-10
  1616 -7.26059E-10
  1617 -5.31453E-10
  1618 -3.38620E-10
  1619 -1.57991E-10
  1620  0.00000E+00
  1621  1.27127E-10
  1622  2.23979E-10
  1623  2.93352E-10
  1624  3.38042E-10
  1625  3.60844E-10
  1626  3.64554E-10
  1627  3.51965E-10
  1628  3.25875E-10
  1629  2.89079E-10
  1630  2.44371E-10
  1631  1.94547E-10
  1632  1.42402E-10
  1633  9.07330E-11
  1634  4.23337E-11
  1635  0.00000E+00
  1636 -3.40634E-11
  1637 -6.00149E-11
  1638 -7.86035E-11
  1639 -9.05782E-11
  1640 -9.66879E-11
  1641 -9.76818E-11
  1642 -9.43089E-11
  1643 -8.73180E-11
  1644 -7.74584E-11
  1645 -6.54789E-11
  1646 -5.21287E-11
  1647 -3.81566E-11
  1648 -2.43118E-11
  1649 -1.13433E-11
  1650  0.00000E+00
  1651  9.12727E-12
  1652  1.60810E-11
  1653  2.10617E-11
  1654  2.42704E-11
  1655  2.59075E-11
  1656  2.61738E-11
  1657  2.52700E-11
  1658  2.33968E-11
  1659  2.07549E-11
  1660  1.75450E-11
  1661  1.39678E-11
  1662  1.02240E-11
  1663  6.51433E-12
  1664  3.03942E-12
  1665  0.00000E+00
  1666 -2.44565E-12
  1667 -4.30888E-12
  1668 -5.64348E-12
  1669 -6.50322E-12
  1670 -6.94188E-12
  1671 -7.01324E-12
  1672 -6.77107E-12
  1673 -6.26915E-12
  1674 -5.56126E-12
  1675 -4.70117E-12
  1676 -3.74267E-12
  1677 -2.73952E-12
  1678 -1.74551E-12
  1679 -8.14410E-13
  1680  0.00000E+00
  1681  6.55309E-13
  1682  1.15456E-12
  1683  1.51217E-12
  1684  1.74253E-12
  1685  1.86007E-12
  1686  1.87919E-12
  1687  1.81430E-12
  1688  1.67981E-12
  1689  1.49014E-12
  1690  1.25968E-12
  1691  1.00285E-12
  1692  7.34053E-13
  1693  4.67708E-13
  1694  2.18221E-13
  1695  0.00000E+00
  1696 -1.75589E-13
  1697 -3.09364E-13
  1698 -4.05183E-13
  1699 -4.66910E-13
  1700 -4.98405E-13
  1701 -5.03528E-13
  1702 -4.86141E-13
  1703 -4.50105E-13
  1704 -3.99281E-13
  1705 -3.37529E-13
  1706 -2.68712E-13
  1707 -1.96689E-13
  1708 -1.25322E-13
  1709 -5.84720E-14
  1710  0.00000E+00
  1711  4.70490E-14
  1712  8.28937E-14
  1713  1.08569E-13
  1714  1.25108E-13
  1715  1.33547E-13
  1716  1.34920E-13
  1717  1.30261E-13
  1718  1.20605E-13
  1719  1.06987E-13
  1720  9.04407E-14
  1721  7.20010E-14
  1722  5.27026E-14
  1723  3.35799E-14
  1724  1.56675E-14
  1725  0.00000E+00
  1726 -1.26068E-14
  1727 -2.22113E-14
  1728 -2.90909E-14
  1729 -3.35226E-14
  1730 -3.57838E-14
  1731 -3.61517E-14
  1732 -3.49034E-14
  1733 -3.23161E-14
  1734 -2.86671E-14
  1735 -2.42335E-14
  1736 -1.92926E-14
  1737 -1.41216E-14
  1738 -8.99771E-15
  1739 -4.19810E-15
  1740  0.00000E+00
  1741  3.37797E-15
  1742  5.95150E-15
  1743  7.79487E-15
  1744  8.98237E-15
  1745  9.58825E-15
  1746  9.68681E-15
  1747  9.35233E-15
  1748  8.65907E-15
  1749  7.68131E-15
  1750  6.49335E-15
  1751  5.16944E-15
  1752  3.78388E-15
  1753  2.41093E-15
  1754  1.12488E-15
  1755  0.00000E+00
  1756 -9.05124E-16
  1757 -1.59470E-15
  1758 -2.08863E-15
  1759 -2.40682E-15
  1760 -2.56916E-15
  1761 -2.59557E-15
  1762 -2.50595E-15
  1763 -2.32019E-15
  1764 -2.05820E-15
  1765 -1.73989E-15
  1766 -1.38515E-15
  1767 -1.01389E-15
  1768 -6.46007E-16
  1769 -3.01410E-16
  1770  0.00000E+00
  1771  2.42527E-16
  1772  4.27299E-16
  1773  5.59647E-16
  1774  6.44905E-16
  1775  6.88405E-16
  1776  6.95482E-16
  1777  6.71467E-16
  1778  6.21693E-16
  1779  5.51494E-16
  1780  4.66201E-16
  1781  3.71149E-16
  1782  2.71670E-16
  1783  1.73097E-16
  1784  8.07627E-17
  1785  0.00000E+00
  1786 -6.49850E-17
  1787 -1.14494E-16
  1788 -1.49957E-16
  1789 -1.72802E-16
  1790 -1.84458E-16
  1791 -1.86354E-16
  1792 -1.79919E-16
  1793 -1.66582E-16
  1794 -1.47772E-16
  1795 -1.24918E-16
  1796 -9.94491E-17
  1797 -7.27938E-17
  1798 -4.63812E-17
  1799 -2.16403E-17
  1800  0.00000E+00
  1801  1.74127E-17
  1802  3.06786E-17
  1803  4.01808E-17
  1804  4.63021E-17
  1805  4.94253E-17
  1806  4.99333E-17
  1807  4.82091E-17
  1808  4.46355E-17
  1809  3.95955E-17
  1810  3.34717E-17
  1811  2.66473E-17
  1812  1.95050E-17
  1813  1.24278E-17
  1814  5.79850E-18
  1815  0.00000E+00
  1816 -4.66571E-18
  1817 -8.22032E-18
  1818 -1.07664E-17
  1819 -1.24066E-17
  1820 -1.32435E-17
  1821 -1.33796E-17
  1822 -1.29176E-17
  1823 -1.19601E-17
  1824 -1.06096E-17
  1825 -8.96873E-18
  1826 -7.14013E-18
  1827 -5.22636E-18
  1828 -3.33002E-18
  1829 -1.55370E-18
  1830  0.00000E+00
  1831  1.25017E-18
  1832  2.20263E-18
  1833  2.88485E-18
  1834  3.32434E-18
  1835  3.54858E-18
  1836  3.58505E-18
  1837  3.46126E-18
  1838  3.20469E-18
  1839  2.84283E-18
  1840  2.40316E-18
  1841  1.91319E-18
  1842  1.40040E-18
  1843  8.92276E-19
  1844  4.16313E-19
  1845  0.00000E+00
  1846 -3.34983E-19
  1847 -5.90192E-19
  1848 -7.72994E-19
  1849 -8.90754E-19
  1850 -9.50838E-19
  1851 -9.60612E-19
  1852 -9.27442E-19
  1853 -8.58693E-19
  1854 -7.61733E-19
  1855 -6.43926E-19
  1856 -5.12638E-19
  1857 -3.75236E-19
  1858 -2.39085E-19
  1859 -1.11551E-19
  1860  0.00000E+00
  1861  8.97584E-20
  1862  1.58142E-19
  1863  2.07123E-19
  1864  2.38677E-19
  1865  2.54776E-19
  1866  2.57395E-19
  1867  2.48507E-19
  1868  2.30086E-19
  1869  2.04106E-19
  1870  1.72539E-19
  1871  1.37361E-19
  1872  1.00544E-19
  1873  6.40625E-20
  1874  2.98900E-20
  1875  0.00000E+00
  1876 -2.40507E-20
  1877 -4.23739E-20
  1878 -5.54985E-20
  1879 -6.39533E-20
  1880 -6.82671E-20
  1881 -6.89688E-20
  1882 -6.65873E-20
  1883 -6.16514E-20
  1884 -5.46899E-20
  1885 -4.62318E-20
  1886 -3.68057E-20
  1887 -2.69407E-20
  1888 -1.71655E-20
  1889 -8.00899E-21
  1890  0.00000E+00
  1891  6.44436E-21
  1892  1.13541E-20
  1893  1.48708E-20
  1894  1.71362E-20
  1895  1.82921E-20
  1896  1.84801E-20
  1897  1.78420E-20
  1898  1.65194E-20
  1899  1.46541E-20
  1900  1.23878E-20
  1901  9.86207E-21
  1902  7.21874E-21
  1903  4.59948E-21
  1904  2.14600E-21
  1905  0.00000E+00
  1906 -1.72676E-21
  1907 -3.04231E-21
  1908 -3.98461E-21
  1909 -4.59164E-21
  1910 -4.90136E-21
  1911 -4.95174E-21
  1912 -4.78075E-21
  1913 -4.42637E-21
  1914 -3.92656E-21
  1915 -3.31929E-21
  1916 -2.64253E-21
  1917 -1.93426E-21
  1918 -1.23243E-21
  1919 -5.75019E-22
  1920  0.00000E+00
  1921  4.62685E-22
  1922  8.15184E-22
  1923  1.06767E-21
  1924  1.23033E-21
  1925  1.31331E-21
  1926  1.32681E-21
  1927  1.28100E-21
  1928  1.18604E-21
  1929  1.05212E-21
  1930  8.89402E-22
  1931  7.08065E-22
  1932  5.18282E-22
  1933  3.30228E-22
  1934  1.54076E-22
  1935  0.00000E+00
  1936 -1.23976E-22
  1937 -2.18428E-22
  1938 -2.86082E-22
  1939 -3.29665E-22
  1940 -3.51902E-22
  1941 -3.55519E-22
  1942 -3.43243E-22
  1943 -3.17799E-22
  1944 -2.81914E-22
  1945 -2.38314E-22
  1946 -1.89725E-22
  1947 -1.38873E-22
  1948 -8.84844E-23
  1949 -4.12845E-23
  1950  0.00000E+00
  1951  3.32193E-23
  1952  5.85276E-23
  1953  7.66555E-23
  1954  8.83334E-23
  1955  9.42917E-23
  1956  9.52610E-23
  1957  9.19716E-23
  1958  8.51540E-23
  1959  7.55387E-23
  1960  6.38562E-23
  1961  5.08368E-23
  1962  3.72110E-23
  1963  2.37093E-23
  1964  1.10622E-23
  1965  0.00000E+00
  1966 -8.90107E-24
  1967 -1.56824E-23
  1968 -2.05398E-23
  1969 -2.36689E-23
  1970 -2.52654E-23
  1971 -2.55251E-23
  1972 -2.46437E-23
  1973 -2.28170E-23
  1974 -2.02405E-23
  1975 -1.71102E-23
  1976 -1.36217E-23
  1977 -9.97065E-24
  1978 -6.35289E-24
  1979 -2.96410E-24
  1980  0.00000E+00
  1981  2.38504E-24
  1982  4.20209E-24
  1983  5.50362E-24
  1984  6.34205E-24
  1985  6.76984E-24
  1986  6.83943E-24
  1987  6.60327E-24
  1988  6.11378E-24
  1989  5.42344E-24
  1990  4.58467E-24
  1991  3.64992E-24
  1992  2.67163E-24
  1993  1.70225E-24
  1994  7.94227E-25
  1995  0.00000E+00
  1996 -6.39068E-25
  1997 -1.12595E-24
  1998 -1.47469E-24
  1999 -1.69935E-24
  2000 -1.81397E-24
  2001 -1.83262E-24
  2002 -1.76934E-24
  2003 -1.63818E-24
  2004 -1.45321E-24
  2005 -1.22846E-24
  2006 -9.77992E-25
  2007 -7.15861E-25
  2008 -4.56117E-25
  2009 -2.12813E-25
  2010  0.00000E+00
  2011  1.71238E-25
  2012  3.01697E-25
  2013  3.95142E-25
  2014  4.55339E-25
  2015  4.86053E-25
  2016  4.91049E-25
  2017  4.74093E-25
  2018  4.38950E-25
  2019  3.89385E-25
  2020  3.29164E-25
  2021  2.62052E-25
  2022  1.91814E-25
  2023  1.22216E-25
  2024  5.70229E-26
  2025  0.00000E+00
  2026 -4.58830E-26
  2027 -8.08394E-26
  2028 -1.05878E-25
  2029 -1.22008E-25
  2030 -1.30237E-25
  2031 -1.31576E-25
  2032 -1.27033E-25
  2033 -1.17616E-25
  2034 -1.04335E-25
  2035 -8.81993E-26
  2036 -7.02166E-26
  2037 -5.13965E-26
  2038 -3.27477E-26
  2039 -1.52793E-26
  2040  0.00000E+00
  2041  1.22943E-26
  2042  2.16608E-26
  2043  2.83699E-26
  2044  3.26919E-26
  2045  3.48970E-26
  2046  3.52557E-26
  2047  3.40383E-26
  2048  3.15152E-26
  2049  2.79566E-26
  2050  2.36329E-26
  2051  1.88145E-26
  2052  1.37717E-26
  2053  8.77473E-27
  2054  4.09406E-27
  2055  0.00000E+00
  2056 -3.29425E-27
  2057 -5.80400E-27
  2058 -7.60169E-27
  2059 -8.75975E-27
  2060 -9.35062E-27
  2061 -9.44674E-27
  2062 -9.12055E-27
  2063 -8.44447E-27
  2064 -7.49095E-27
  2065 -6.33242E-27
  2066 -5.04133E-27
  2067 -3.69010E-27
  2068 -2.35118E-27
  2069 -1.09700E-27
  2070  0.00000E+00
  2071  8.82693E-28
  2072  1.55518E-27
  2073  2.03687E-27
  2074  2.34717E-27
  2075  2.50549E-27
  2076  2.53125E-27
  2077  2.44384E-27
  2078  2.26269E-27
  2079  2.00719E-27
  2080  1.69677E-27
  2081  1.35082E-27
  2082  9.88760E-28
  2083  6.29997E-28
  2084  2.93940E-28
  2085  0.00000E+00
  2086 -2.36517E-28
  2087 -4.16709E-28
  2088 -5.45777E-28
  2089 -6.28922E-28
  2090 -6.71345E-28
  2091 -6.78246E-28
  2092 -6.54826E-28
  2093 -6.06285E-28
  2094 -5.37826E-28
  2095 -4.54648E-28
  2096 -3.61951E-28
  2097 -2.64937E-28
  2098 -1.68807E-28
  2099 -7.87611E-29
  2100  0.00000E+00
  2101  6.33745E-29
  2102  1.11657E-28
  2103  1.46240E-28
  2104  1.68519E-28
  2105  1.79886E-28
  2106  1.81735E-28
  2107  1.75460E-28
  2108  1.62454E-28
  2109  1.44110E-28
  2110  1.21822E-28
  2111  9.69845E-29
  2112  7.09897E-29
  2113  4.52317E-29
  2114  2.11040E-29
  2115  0.00000E+00
  2116 -1.69811E-29
  2117 -2.99183E-29
  2118 -3.91850E-29
  2119 -4.51546E-29
  2120 -4.82004E-29
  2121 -4.86959E-29
  2122 -4.70144E-29
  2123 -4.35293E-29
  2124 -3.86142E-29
  2125 -3.26422E-29
  2126 -2.59869E-29
  2127 -1.90216E-29
  2128 -1.21198E-29
  2129 -5.65479E-30
  2130  0.00000E+00
  2131  4.55008E-30
  2132  8.01660E-30
  2133  1.04996E-29
  2134  1.20991E-29
  2135  1.29153E-29
  2136  1.30480E-29
  2137  1.25975E-29
  2138  1.16636E-29
  2139  1.03466E-29
  2140  8.74646E-30
  2141  6.96317E-30
  2142  5.09683E-30
  2143  3.24749E-30
  2144  1.51520E-30
  2145  0.00000E+00
  2146 -1.21919E-30
  2147 -2.14804E-30
  2148 -2.81336E-30
  2149 -3.24195E-30
  2150 -3.46063E-30
  2151 -3.49620E-30
  2152 -3.37548E-30
  2153 -3.12527E-30
  2154 -2.77237E-30
  2155 -2.34361E-30
  2156 -1.86578E-30
  2157 -1.36569E-30
  2158 -8.70163E-31
  2159 -4.05996E-31
  2160  0.00000E+00
  2161  3.26681E-31
  2162  5.75566E-31
  2163  7.53837E-31
  2164  8.68678E-31
  2165  9.27273E-31
  2166  9.36805E-31
  2167  9.04457E-31
  2168  8.37412E-31
  2169  7.42855E-31
  2170  6.27967E-31
  2171  4.99933E-31
  2172  3.65936E-31
  2173  2.33159E-31
  2174  1.08786E-31
  2175  0.00000E+00
  2176 -8.75339E-32
  2177 -1.54222E-31
  2178 -2.01990E-31
  2179 -2.32762E-31
  2180 -2.48462E-31
  2181 -2.51016E-31
  2182 -2.42349E-31
  2183 -2.24384E-31
  2184 -1.99047E-31
  2185 -1.68263E-31
  2186 -1.33957E-31
  2187 -9.80523E-32
  2188 -6.24749E-32
  2189 -2.91492E-32
  2190  0.00000E+00
  2191  2.34546E-32
  2192  4.13237E-32
  2193  5.41231E-32
  2194  6.23683E-32
  2195  6.65752E-32
  2196  6.72596E-32
  2197  6.49371E-32
  2198  6.01235E-32
  2199  5.33346E-32
  2200  4.50860E-32
  2201  3.58936E-32
  2202  2.62730E-32
  2203  1.67401E-32
  2204  7.81050E-33
  2205  0.00000E+00
  2206 -6.28465E-33
  2207 -1.10727E-32
  2208 -1.45022E-32
  2209 -1.67115E-32
  2210 -1.78388E-32
  2211 -1.80221E-32
  2212 -1.73998E-32
  2213 -1.61100E-32
  2214 -1.42910E-32
  2215 -1.20808E-32
  2216 -9.61766E-33
  2217 -7.03984E-33
  2218 -4.48550E-33
  2219 -2.09282E-33
  2220  0.00000E+00
  2221  1.68397E-33
  2222  2.96691E-33
  2223  3.88586E-33
  2224  4.47784E-33
  2225  4.77989E-33
  2226  4.82902E-33
  2227  4.66227E-33
  2228  4.31667E-33
  2229  3.82925E-33
  2230  3.23703E-33
  2231  2.57704E-33
  2232  1.88632E-33
  2233  1.20188E-33
  2234  5.60769E-34
  2235  0.00000E+00
  2236 -4.51218E-34
  2237 -7.94982E-34
  2238 -1.04121E-33
  2239 -1.19983E-33
  2240 -1.28077E-33
  2241 -1.29393E-33
  2242 -1.24925E-33
  2243 -1.15665E-33
  2244 -1.02604E-33
  2245 -8.67360E-34
  2246 -6.90517E-34
  2247 -5.05438E-34
  2248 -3.22044E-34
  2249 -1.50257E-34
  2250  0.00000E+00
  2251  1.20903E-34
  2252  2.13015E-34
  2253  2.78992E-34
  2254  3.21495E-34
  2255  3.43180E-34
  2256  3.46708E-34
  2257  3.34736E-34
  2258  3.09923E-34
  2259  2.74928E-34
  2260  2.32408E-34
  2261  1.85023E-34
  2262  1.35432E-34
  2263  8.62914E-35
  2264  4.02614E-35
  2265  0.00000E+00
  2266 -3.23960E-35
  2267 -5.70771E-35
  2268 -7.47558E-35
  2269 -8.61442E-35
  2270 -9.19549E-35
  2271 -9.29002E-35
  2272 -8.96923E-35
  2273 -8.30437E-35
  2274 -7.36667E-35
  2275 -6.22737E-35
  2276 -4.95769E-35
  2277 -3.62888E-35
  2278 -2.31217E-35
  2279 -1.07880E-35
  2280  0.00000E+00
  2281  8.68050E-36
  2282  1.52938E-35
  2283  2.00308E-35
  2284  2.30824E-35
  2285  2.46394E-35
  2286  2.48927E-35
  2287  2.40331E-35
  2288  2.22517E-35
  2289  1.97391E-35
  2290  1.66863E-35
  2291  1.32842E-35
  2292  9.72369E-36
  2293  6.19555E-36
  2294  2.89070E-36
  2295  0.00000E+00
  2296 -2.32600E-36
  2297 -4.09812E-36
  2298 -5.36748E-36
  2299 -6.18523E-36
  2300 -6.60251E-36
  2301 -6.67045E-36
  2302 -6.44021E-36
  2303 -5.96290E-36
  2304 -5.28969E-36
  2305 -4.47170E-36
  2306 -3.56007E-36
  2307 -2.60595E-36
  2308 -1.66047E-36
  2309 -7.74774E-37
  2310  0.00000E+00
  2311  6.23517E-37
  2312  1.09866E-36
  2313  1.43911E-36
  2314  1.65855E-36
  2315  1.77067E-36
  2316  1.78916E-36
  2317  1.72770E-36
  2318  1.59997E-36
  2319  1.41966E-36
  2320  1.20046E-36
  2321  9.56043E-37
  2322  7.00106E-37
  2323  4.46330E-37
  2324  2.08399E-37
  2325  0.00000E+00
  2326 -1.94954E-37
  2327 -2.96513E-37
  2328 -3.88948E-37
  2329 -4.48971E-37
  2330 -4.80182E-37
  2331 -4.86185E-37
  2332 -4.70579E-37
  2333 -4.36966E-37
  2334 -3.88948E-37
  2335 -3.30125E-37
  2336 -2.64100E-37
  2337 -1.94474E-37
  2338 -1.24847E-37
  2339 -5.88223E-38
  2340  0.00000E+00
  2341  4.87385E-38
  2342  8.73932E-38
  2343  1.16684E-37
  2344  1.37332E-37
  2345  1.17891E-37
  2346  1.19103E-37
  2347  1.14990E-37
  2348  1.06466E-37
  2349  9.44444E-38
  2350  7.98380E-38
  2351  6.35601E-38
  2352  4.65241E-38
  2353  5.30602E-38
  2354  0.00000E+00
  2355  0.00000E+00
  2356  0.00000E+00
  2357  0.00000E+00
  2358 -3.12655E-38
  2359 -3.67980E-38
  2360 -4.02076E-38
  2361 -4.16873E-38
  2362 -4.14300E-38
  2363 -3.96287E-38
  2364 -3.64764E-38
  2365 -3.21661E-38
  2366  0.00000E+00
  2367  0.00000E+00
  2368  0.00000E+00
  2369  0.00000E+00
  2370  0.00000E+00
  2371  0.00000E+00
  2372  0.00000E+00
  2373  0.00000E+00
  2374  0.00000E+00
  2375  0.00000E+00
  2376  0.00000E+00
  2377  0.00000E+00
  2378  0.00000E+00
  2379  0.00000E+00
  2380  0.00000E+00
  2381  0.00000E+00
  2382  0.00000E+00
  2383  0.00000E+00
  2384  0.00000E+00
  2385  0.00000E+00
  2386  0.00000E+00
  2387  0.00000E+00
  2388  0.00000E+00
  2389  0.00000E+00
  2390  0.00000E+00
  2391  0.00000E+00
  2392  0.00000E+00
  2393  0.00000E+00
  2394  0.00000E+00
  2395  0.00000E+00
  2396  0.00000E+00
  2397  0.00000E+00
  2398  0.00000E+00
  2399  0.00000E+00
  2400  0.00000E+00
  2401  0.00000E+00
  2402  0.00000E+00
  2403  0.00000E+00
  2404  0.00000E+00
  2405  0.00000E+00
  2406  0.00000E+00
  2407  0.00000E+00
  2408  0.00000E+00
  2409  0.00000E+00
  2410  0.00000E+00
  2411  0.00000E+00
  2412  0.00000E+00
  2413  0.00000E+00
  2414  0.00000E+00
  2415  0.00000E+00
  2416  0.00000E+00
  2417  0.00000E+00
  2418  0.00000E+00
  2419  0.00000E+00
  2420  0.00000E+00
  2421  0.00000E+00
  2422  0.00000E+00
  2423  0.00000E+00
  2424  0.00000E+00
  2425  0.00000E+00
  2426  0.00000E+00
  2427  0.00000E+00
  2428  0.00000E+00
  2429  0.00000E+00
  2430  0.00000E+00
  2431  0.00000E+00
  2432  0.00000E+00
  2433  0.00000E+00
  2434  0.00000E+00
  2435  0.00000E+00
  2436  0.00000E+00
  2437  0.00000E+00
  2438  0.00000E+00
  2439  0.00000E+00
  2440  0.00000E+00
  2441  0.00000E+00
  2442  0.00000E+00
  2443  0.00000E+00
  2444  0.00000E+00
  2445  0.00000E+00
  2446  0.00000E+00
  2447  0.00000E+00
  2448  0.00000E+00
  2449  0.00000E+00
  2450  0.00000E+00
  2451  0.00000E+00
  2452  0.00000E+00
  2453  0.00000E+00
  2454  0.00000E+00
  2455  0.00000E+00
  2456  0.00000E+00
  2457  0.00000E+00
  2458  0.00000E+00
  2459  0.00000E+00
  2460  0.00000E+00
  2461  0.00000E+00
  2462  0.00000E+00
  2463  0.00000E+00
  2464  0.00000E+00
  2465  0.00000E+00
  2466  0.00000E+00
  2467  0.00000E+00
  2468  0.00000E+00
  2469  0.00000E+00
  2470  0.00000E+00
  2471  0.00000E+00
  2472  0.00000E+00
  2473  0.00000E+00
  2474  0.00000E+00
  2475  0.00000E+00
  2476  0.00000E+00
  2477  0.00000E+00
  2478  0.00000E+00
  2479  0.00000E+00
  2480  0.00000E+00
  2481  0.00000E+00
  2482  0.00000E+00
  2483  0.00000E+00
  2484  0.00000E+00
  2485  0.00000E+00
  2486  0.00000E+00
  2487  0.00000E+00
  2488  0.00000E+00
  2489  0.00000E+00
  2490  0.00000E+00
  2491  0.00000E+00
  2492  0.00000E+00
  2493  0.00000E+00
  2494  0.00000E+00
  2495  0.00000E+00
  2496  0.00000E+00
  2497  0.00000E+00
  2498  0.00000E+00
  2499  0.00000E+00
  2500  0.00000E+00
  2501  0.00000E+00
  2502  0.00000E+00
  2503  0.00000E+00
  2504  0.00000E+00
  2505  0.00000E+00
  2506  0.00000E+00
  2507  0.00000E+00
  2508  0.00000E+00
  2509  0.00000E+00
  2510  0.00000E+00
  2511  0.00000E+00
  2512  0.00000E+00
  2513  0.00000E+00
  2514  0.00000E+00
  2515  0.00000E+00
  2516  0.00000E+00
  2517  0.00000E+00
  2518  0.00000E+00
  2519  0.00000E+00
  2520  0.00000E+00
  2521  0.00000E+00
  2522  0.00000E+00
  2523  0.00000E+00
  2524  0.00000E+00
  2525  0.00000E+00
  2526  0.00000E+00
  2527  0.00000E+00
  2528  0.00000E+00
  2529  0.00000E+00
  2530  0.00000E+00
  2531  0.00000E+00
  2532  0.00000E+00
  2533  0.00000E+00
  2534  0.00000E+00
  2535  0.00000E+00
  2536  0.00000E+00
  2537  0.00000E+00
  2538  0.00000E+00
  2539  0.00000E+00
  2540  0.00000E+00
  2541  0.00000E+00
  2542  0.00000E+00
  2543  0.00000E+00
  2544  0.00000E+00
  2545  0.00000E+00
  2546  0.00000E+00
  2547  0.00000E+00
  2548  0.00000E+00
  2549  0.00000E+00
  2550  0.00000E+00
  2551  0.00000E+00
  2552  0.00000E+00
  2553  0.00000E+00
  2554  0.00000E+00
  2555  0.00000E+00
  2556  0.00000E+00
  2557  0.00000E+00
  2558  0.00000E+00
  2559  0.00000E+00
  2560  0.00000E+00
  2561  0.00000E+00
  2562  0.00000E+00
  2563  0.00000E+00
  2564  0.00000E+00
  2565  0.00000E+00
  2566  0.00000E+00
  2567  0.00000E+00
  2568  0.00000E+00
  2569  0.00000E+00
  2570  0.00000E+00
  2571  0.00000E+00
  2572  0.00000E+00
  2573  0.00000E+00
  2574  0.00000E+00
  2575  0.00000E+00
  2576  0.00000E+00
  2577  0.00000E+00
  2578  0.00000E+00
  2579  0.00000E+00
  2580  0.00000E+00
  2581  0.00000E+00
  2582  0.00000E+00
  2583  0.00000E+00
  2584  0.00000E+00
  2585  0.00000E+00
  2586  0.00000E+00
  2587  0.00000E+00
  2588  0.00000E+00
  2589  0.00000E+00
  2590  0.00000E+00
  2591  0.00000E+00
  2592  0.00000E+00
  2593  0.00000E+00
  2594  0.00000E+00
  2595  0.00000E+00
  2596  0.00000E+00
  2597  0.00000E+00
  2598  0.00000E+00
  2599  0.00000E+00
  2600  0.00000E+00
  2601  0.00000E+00
  2602  0.00000E+00
  2603  0.00000E+00
  2604  0.00000E+00
  2605  0.00000E+00
  2606  0.00000E+00
  2607  0.00000E+00
  2608  0.00000E+00
  2609  0.00000E+00
  2610  0.00000E+00
  2611  0.00000E+00
  2612  0.00000E+00
  2613  0.00000E+00
  2614  0.00000E+00
  2615  0.00000E+00
  2616  0.00000E+00
  2617  0.00000E+00
  2618  0.00000E+00
  2619  0.00000E+00
  2620  0.00000E+00
  2621  0.00000E+00
  2622  0.00000E+00
  2623  0.00000E+00
  2624  0.00000E+00
  2625  0.00000E+00
  2626  0.00000E+00
  2627  0.00000E+00
  2628  0.00000E+00
  2629  0.00000E+00
  2630  0.00000E+00
  2631  0.00000E+00
  2632  0.00000E+00
  2633  0.00000E+00
  2634  0.00000E+00
  2635  0.00000E+00
  2636  0.00000E+00
  2637  0.00000E+00
  2638  0.00000E+00
  2639  0.00000E+00
  2640  0.00000E+00
  2641  0.00000E+00
  2642  0.00000E+00
  2643  0.00000E+00
  2644  0.00000E+00
  2645  0.00000E+00
  2646  0.00000E+00
  2647  0.00000E+00
  2648  0.00000E+00
  2649  0.00000E+00
  2650  0.00000E+00
  2651  0.00000E+00
  2652  0.00000E+00
  2653  0.00000E+00
  2654  0.00000E+00
  2655  0.00000E+00
  2656  0.00000E+00
  2657  0.00000E+00
  2658  0.00000E+00
  2659  0.00000E+00
  2660  0.00000E+00
  2661  0.00000E+00
  2662  0.00000E+00
  2663  0.00000E+00
  2664  0.00000E+00
  2665  0.00000E+00
  2666  0.00000E+00
  2667  0.00000E+00
  2668  0.00000E+00
  2669  0.00000E+00
  2670  0.00000E+00
  2671  0.00000E+00
  2672  0.00000E+00
  2673  0.00000E+00
  2674  0.00000E+00
  2675  0.00000E+00
  2676  0.00000E+00
  2677  0.00000E+00
  2678  0.00000E+00
  2679  0.00000E+00
  2680  0.00000E+00
  2681  0.00000E+00
  2682  0.00000E+00
  2683  0.00000E+00
  2684  0.00000E+00
  2685  0.00000E+00
  2686  0.00000E+00
  2687  0.00000E+00
  2688  0.00000E+00
  2689  0.00000E+00
  2690  0.00000E+00
  2691  0.00000E+00
  2692  0.00000E+00
  2693  0.00000E+00
  2694  0.00000E+00
  2695  0.00000E+00
  2696  0.00000E+00
  2697  0.00000E+00
  2698  0.00000E+00
  2699  0.00000E+00
  2700  0.00000E+00
  2701  0.00000E+00
  2702  0.00000E+00
  2703  0.00000E+00
  2704  0.00000E+00
  2705  0.00000E+00
  2706  0.00000E+00
  2707  0.00000E+00
  2708  0.00000E+00
  2709  0.00000E+00
  2710  0.00000E+00
  2711  0.00000E+00
  2712  0.00000E+00
  2713  0.00000E+00
  2714  0.00000E+00
  2715  0.00000E+00
  2716  0.00000E+00
  2717  0.00000E+00
  2718  0.00000E+00
  2719  0.00000E+00
  2720  0.00000E+00
  2721  0.00000E+00
  2722  0.00000E+00
  2723  0.00000E+00
  2724  0.00000E+00
  2725  0.00000E+00
  2726  0.00000E+00
  2727  0.00000E+00
  2728  0.00000E+00
  2729  0.00000E+00
  2730  0.00000E+00
  2731  0.00000E+00
  2732  0.00000E+00
  2733  0.00000E+00
  2734  0.00000E+00
  2735  0.00000E+00
  2736  0.00000E+00
  2737  0.00000E+00
  2738  0.00000E+00
  2739  0.00000E+00
  2740  0.00000E+00
  2741  0.00000E+00
  2742  0.00000E+00
  2743  0.00000E+00
  2744  0.00000E+00
  2745  0.00000E+00
  2746  0.00000E+00
  2747  0.00000E+00
  2748  0.00000E+00
  2749  0.00000E+00
  2750  0.00000E+00
  2751  0.00000E+00
  2752  0.00000E+00
  2753  0.00000E+00
  2754  0.00000E+00
  2755  0.00000E+00
  2756  0.00000E+00
  2757  0.00000E+00
  2758  0.00000E+00
  2759  0.00000E+00
  2760  0.00000E+00
  2761  0.00000E+00
  2762  0.00000E+00
  2763  0.00000E+00
  2764  0.00000E+00
  2765  0.00000E+00
  2766  0.00000E+00
  2767  0.00000E+00
  2768  0.00000E+00
  2769  0.00000E+00
  2770  0.00000E+00
  2771  0.00000E+00
  2772  0.00000E+00
  2773  0.00000E+00
  2774  0.00000E+00
  2775  0.00000E+00
  2776  0.00000E+00
  2777  0.00000E+00
  2778  0.00000E+00
  2779  0.00000E+00
  2780  0.00000E+00
  2781  0.00000E+00
  2782  0.00000E+00
  2783  0.00000E+00
  2784  0.00000E+00
  2785  0.00000E+00
  2786  0.00000E+00
  2787  0.00000E+00
  2788  0.00000E+00
  2789  0.00000E+00
  2790  0.00000E+00
  2791  0.00000E+00
  2792  0.00000E+00
  2793  0.00000E+00
  2794  0.00000E+00
  2795  0.00000E+00
  2796  0.00000E+00
  2797  0.00000E+00
  2798  0.00000E+00
  2799  0.00000E+00
  2800  0.00000E+00
  2801  0.00000E+00
  2802  0.00000E+00
  2803  0.00000E+00
  2804  0.00000E+00
  2805  0.00000E+00
  2806  0.00000E+00
  2807  0.00000E+00
  2808  0.00000E+00
  2809  0.00000E+00
  2810  0.00000E+00
  2811  0.00000E+00
  2812  0.00000E+00
  2813  0.00000E+00
  2814  0.00000E+00
  2815  0.00000E+00
  2816  0.00000E+00
  2817  0.00000E+00
  2818  0.00000E+00
  2819  0.00000E+00
  2820  0.00000E+00
  2821  0.00000E+00
  2822  0.00000E+00
  2823  0.00000E+00
  2824  0.00000E+00
  2825  0.00000E+00
  2826  0.00000E+00
  2827  0.00000E+00
  2828  0.00000E+00
  2829  0.00000E+00
  2830  0.00000E+00
  2831  0.00000E+00
  2832  0.00000E+00
  2833  0.00000E+00
  2834  0.00000E+00
  2835  0.00000E+00
  2836  0.00000E+00
  2837  0.00000E+00
  2838  0.00000E+00
  2839  0.00000E+00
  2840  0.00000E+00
  2841  0.00000E+00
  2842  0.00000E+00
  2843  0.00000E+00
  2844  0.00000E+00
  2845  0.00000E+00
  2846  0.00000E+00
  2847  0.00000E+00
  2848  0.00000E+00
  2849  0.00000E+00
  2850  0.00000E+00
  2851  0.00000E+00
  2852  0.00000E+00
  2853  0.00000E+00
  2854  0.00000E+00
  2855  0.00000E+00
  2856  0.00000E+00
  2857  0.00000E+00
  2858  0.00000E+00
  2859  0.00000E+00
  2860  0.00000E+00
  2861  0.00000E+00
  2862  0.00000E+00
  2863  0.00000E+00
  2864  0.00000E+00
  2865  0.00000E+00
  2866  0.00000E+00
  2867  0.00000E+00
  2868  0.00000E+00
  2869  0.00000E+00
  2870  0.00000E+00
  2871  0.00000E+00
  2872  0.00000E+00
  2873  0.00000E+00
  2874  0.00000E+00
  2875  0.00000E+00
  2876  0.00000E+00
  2877  0.00000E+00
  2878  0.00000E+00
  2879  0.00000E+00
  2880  0.00000E+00
  2881  0.00000E+00
  2882  0.00000E+00
  2883  0.00000E+00
  2884  0.00000E+00
  2885  0.00000E+00
  2886  0.00000E+00
  2887  0.00000E+00
  2888  0.00000E+00
  2889  0.00000E+00
  2890  0.00000E+00
  2891  0.00000E+00
  2892  0.00000E+00
  2893  0.00000E+00
  2894  0.00000E+00
  2895  0.00000E+00
  2896  0.00000E+00
  2897  0.00000E+00
  2898  0.00000E+00
  2899  0.00000E+00
  2900  0.00000E+00
  2901  0.00000E+00
  2902  0.00000E+00
  2903  0.00000E+00
  2904  0.00000E+00
  2905  0.00000E+00
  2906  0.00000E+00
  2907  0.00000E+00
  2908  0.00000E+00
  2909  0.00000E+00
  2910  0.00000E+00
  2911  0.00000E+00
  2912  0.00000E+00
  2913  0.00000E+00
  2914  0.00000E+00
  2915  0.00000E+00
  2916  0.00000E+00
  2917  0.00000E+00
  2918  0.00000E+00
  2919  0.00000E+00
  2920  0.00000E+00
  2921  0.00000E+00
  2922  0.00000E+00
  2923  0.00000E+00
  2924  0.00000E+00
  2925  0.00000E+00
  2926  0.00000E+00
  2927  0.00000E+00
  2928  0.00000E+00
  2929  0.00000E+00
  2930  0.00000E+00
  2931  2.96796E-38
  2932  3.22445E-38
  2933  3.37102E-38
  2934  3.39196E-38
  2935  3.27156E-38
  2936  2.99413E-38
  2937  0.00000E+00
  2938  0.00000E+00
  2939  0.00000E+00
  2940  0.00000E+00
  2941  0.00000E+00
  2942 -4.31733E-38
  2943 -6.32948E-38
  2944 -5.17167E-38
  2945 -6.49615E-38
  2946 -7.68463E-38
  2947 -8.66280E-38
  2948 -9.35636E-38
  2949 -9.69099E-38
  2950 -1.22096E-37
  2951 -1.11743E-37
  2952 -9.49422E-38
  2953 -7.11089E-38
  2954 -3.96569E-38
  2955  0.00000E+00
  2956  4.19992E-38
  2957  9.00160E-38
  2958  1.41277E-37
  2959  1.93009E-37
  2960  2.42440E-37
  2961  2.86794E-37
  2962  3.23300E-37
  2963  3.49184E-37
  2964  3.61673E-37
  2965  3.57993E-37
  2966  3.35371E-37
  2967  2.91034E-37
  2968  2.22209E-37
  2969  1.48002E-37
  2970  0.00000E+00
  2971 -1.56743E-37
  2972 -3.35944E-37
  2973 -5.27254E-37
  2974 -7.20321E-37
  2975 -9.04797E-37
  2976 -1.07033E-36
  2977 -1.20657E-36
  2978 -1.30317E-36
  2979 -1.34978E-36
  2980 -1.33605E-36
  2981 -1.25162E-36
  2982 -1.08615E-36
  2983 -8.29295E-37
  2984 -4.70693E-37
  2985  0.00000E+00
  2986  5.84973E-37
  2987  1.25376E-36
  2988  1.96774E-36
  2989  2.68828E-36
  2990  3.37675E-36
  2991  3.99453E-36
  2992  4.50299E-36
  2993  4.86351E-36
  2994  5.03745E-36
  2995  4.98620E-36
  2996  4.67112E-36
  2997  4.05358E-36
  2998  3.09497E-36
  2999  1.75665E-36
  3000  0.00000E+00
  3001 -2.18315E-36
  3002 -4.67910E-36
  3003 -7.34370E-36
  3004 -1.00328E-35
  3005 -1.26022E-35
  3006 -1.49078E-35
  3007 -1.68054E-35
  3008 -1.81509E-35
  3009 -1.88000E-35
  3010 -1.86087E-35
  3011 -1.74328E-35
  3012 -1.51282E-35
  3013 -1.15506E-35
  3014 -6.55592E-36
  3015  0.00000E+00
  3016  8.14762E-36
  3017  1.74626E-35
  3018  2.74070E-35
  3019  3.74428E-35
  3020  4.70320E-35
  3021  5.56366E-35
  3022  6.27186E-35
  3023  6.77399E-35
  3024  7.01627E-35
  3025  6.94488E-35
  3026  6.50603E-35
  3027  5.64591E-35
  3028  4.31074E-35
  3029  2.44670E-35
  3030  0.00000E+00
  3031 -3.08317E-35
  3032 -6.85659E-35
  3033 -1.13741E-34
  3034 -1.66894E-34
  3035 -2.28565E-34
  3036 -2.99289E-34
  3037 -3.79607E-34
  3038 -4.70055E-34
  3039 -5.71172E-34
  3040 -6.83495E-34
  3041 -8.07563E-34
  3042 -9.43914E-34
  3043 -1.09309E-33
  3044 -1.25561E-33
  3045 -1.43204E-33
