    45  0.00000E+00
    46 -2.44125E-35
    47 -4.30114E-35
    48 -5.63334E-35
    49 -6.49154E-35
    50 -6.92941E-35
    51 -7.00064E-35
    52 -6.75891E-35
    53 -6.25789E-35
    54 -5.55127E-35
    55 -4.69273E-35
    56 -3.73595E-35
    57 -2.73460E-35
    58 -1.74238E-35
    59 -8.12949E-36
    60  0.00000E+00
    61  6.54133E-36
    62  1.15249E-35
    63  1.50945E-35
    64  1.73941E-35
    65  1.85674E-35
    66  1.87583E-35
    67  1.81106E-35
    68  1.67681E-35
    69  1.48747E-35
    70  1.25743E-35
    71  1.00106E-35
    72  7.32745E-36
    73  4.66876E-36
    74  2.17833E-36
    75  0.00000E+00
    76 -1.75280E-36
    77 -3.08820E-36
    78 -4.04475E-36
    79 -4.66098E-36
    80 -4.97543E-36
    81 -5.02663E-36
    82 -4.85312E-36
    83 -4.49344E-36
    84 -3.98613E-36
    85 -3.36972E-36
    86 -2.68275E-36
    87 -1.96376E-36
    88 -1.25127E-36
    89 -5.83844E-37
    90  0.00000E+00
    91  4.69861E-37
    92  8.27911E-37
    93  1.08446E-36
    94  1.24983E-36
    95  1.33432E-36
    96  1.34825E-36
    97  1.30193E-36
    98  1.20568E-36
    99  1.06981E-36
   100  9.04623E-37
   101  7.20442E-37
   102  5.27576E-37
   103  3.36339E-37
   104  1.57043E-37
   105  0.00000E+00
   106 -1.46911E-37
   107 -2.23442E-37
   108 -2.93098E-37
   109 -3.38329E-37
   110 -3.61849E-37
   111 -3.66372E-37
   112 -3.54612E-37
   113 -3.29283E-37
   114 -2.93098E-37
   115 -2.48771E-37
   116 -1.99017E-37
   117 -1.46549E-37
   118 -9.40808E-38
   119 -4.43265E-38
   120  0.00000E+00
   121  3.67277E-38
   122  6.58565E-38
   123  8.79294E-38
   124  1.03489E-37
   125  1.13078E-37
   126  1.17239E-37
   127  8.66526E-38
   128  8.02293E-38
   129  7.11701E-38
   130  6.01632E-38
   131  7.56265E-38
   132  5.86196E-38
   133  3.99843E-38
   134  0.00000E+00
   135  0.00000E+00
   136  0.00000E+00
   137  0.00000E+00
   138  0.00000E+00
   139  0.00000E+00
   140 -3.02991E-38
   141 -3.14141E-38
   142 -3.12202E-38
   143 -2.98628E-38
   144  0.00000E+00
   145  0.00000E+00
   146  0.00000E+00
   147  0.00000E+00
   148  0.00000E+00
   149  0.00000E+00
   150  0.00000E+00
   151  0.00000E+00
   152  0.00000E+00
   153  0.00000E+00
   154  0.00000E+00
   155  0.00000E+00
   156  0.00000E+00
   157  0.00000E+00
   158  0.00000E+00
   159  0.00000E+00
   160  0.00000E+00
   161  0.00000E+00
   162  0.00000E+00
   163  0.00000E+00
   164  0.00000E+00
   165  0.00000E+00
   166  0.00000E+00
   167  0.00000E+00
   168  0.00000E+00
   169  0.00000E+00
   170  0.00000E+00
   171  0.00000E+00
   172  0.00000E+00
   173  0.00000E+00
   174  0.00000E+00
   175  0.00000E+00
   176  0.00000E+00
   177  0.00000E+00
   178  0.00000E+00
   179  0.00000E+00
   180  0.00000E+00
   181  0.00000E+00
   182  0.00000E+00
   183  0.00000E+00
   184  0.00000E+00
   185  0.00000E+00
   186  0.00000E+00
   187  0.00000E+00
   188  0.00000E+00
   189  0.00000E+00
   190  0.00000E+00
   191  0.00000E+00
   192  0.00000E+00
   193  0.00000E+00
   194  0.00000E+00
   195  0.00000E+00
   196  0.00000E+00
   197  0.00000E+00
   198  0.00000E+00
   199  0.00000E+00
   200  0.00000E+00
   201  0.00000E+00
   202  0.00000E+00
   203  0.00000E+00
   204  0.00000E+00
   205  0.00000E+00
   206  0.00000E+00
   207  0.00000E+00
   208  0.00000E+00
   209  0.00000E+00
   210  0.00000E+00
   211  0.00000E+00
   212  0.00000E+00
   213  0.00000E+00
   214  0.00000E+00
   215  0.00000E+00
   216  0.00000E+00
   217  0.00000E+00
   218  0.00000E+00
   219  0.00000E+00
   220  0.00000E+00
   221  0.00000E+00
   222  0.00000E+00
   223  0.00000E+00
   224  0.00000E+00
   225  0.00000E+00
   226  0.00000E+00
   227  0.00000E+00
   228  0.00000E+00
   229  0.00000E+00
   230  0.00000E+00
   231  0.00000E+00
   232  0.00000E+00
   233  0.00000E+00
   234  0.00000E+00
   235  0.00000E+00
   236  0.00000E+00
   237  0.00000E+00
   238  0.00000E+00
   239  0.00000E+00
   240  0.00000E+00
   241  0.00000E+00
   242  0.00000E+00
   243  0.00000E+00
   244  0.00000E+00
   245  0.00000E+00
   246  0.00000E+00
   247  0.00000E+00
   248  0.00000E+00
   249  0.00000E+00
   250  0.00000E+00
   251  0.00000E+00
   252  0.00000E+00
   253  0.00000E+00
   254  0.00000E+00
   255  0.00000E+00
   256  0.00000E+00
   257  0.00000E+00
   258  0.00000E+00
   259  0.00000E+00
   260  0.00000E+00
   261  0.00000E+00
   262  0.00000E+00
   263  0.00000E+00
   264  0.00000E+00
   265  0.00000E+00
   266  0.00000E+00
   267  0.00000E+00
   268  0.00000E+00
   269  0.00000E+00
   270  0.00000E+00
   271  0.00000E+00
   272  0.00000E+00
   273  0.00000E+00
   274  0.00000E+00
   275  0.00000E+00
   276  0.00000E+00
   277  0.00000E+00
   278  0.00000E+00
   279  0.00000E+00
   280  0.00000E+00
   281  0.00000E+00
   282  0.00000E+00
   283  0.00000E+00
   284  0.00000E+00
   285  0.00000E+00
   286  0.00000E+00
   287  0.00000E+00
   288  0.00000E+00
   289  0.00000E+00
   290  0.00000E+00
   291  0.00000E+00
   292  0.00000E+00
   293  0.00000E+00
   294  0.00000E+00
   295  0.00000E+00
   296  0.00000E+00
   297  0.00000E+00
   298  0.00000E+00
   299  0.00000E+00
   300  0.00000E+00
   301  0.00000E+00
   302  0.00000E+00
   303  0.00000E+00
   304  0.00000E+00
   305  0.00000E+00
   306  0.00000E+00
   307  0.00000E+00
   308  0.00000E+00
   309  0.00000E+00
   310  0.00000E+00
   311  0.00000E+00
   312  0.00000E+00
   313  0.00000E+00
   314  0.00000E+00
   315  0.00000E+00
   316  0.00000E+00
   317  0.00000E+00
   318  0.00000E+00
   319  0.00000E+00
   320  0.00000E+00
   321  0.00000E+00
   322  0.00000E+00
   323  0.00000E+00
   324  0.00000E+00
   325  0.00000E+00
   326  0.00000E+00
   327  0.00000E+00
   328  0.00000E+00
   329  0.00000E+00
   330  0.00000E+00
   331  0.00000E+00
   332  0.00000E+00
   333  0.00000E+00
   334  0.00000E+00
   335  0.00000E+00
   336  0.00000E+00
   337  0.00000E+00
   338  0.00000E+00
   339  0.00000E+00
   340  0.00000E+00
   341  0.00000E+00
   342  0.00000E+00
   343  0.00000E+00
   344  0.00000E+00
   345  0.00000E+00
   346  0.00000E+00
   347  0.00000E+00
   348  0.00000E+00
   349  0.00000E+00
   350  0.00000E+00
   351  0.00000E+00
   352  0.00000E+00
   353  0.00000E+00
   354  0.00000E+00
   355  0.00000E+00
   356  0.00000E+00
   357  0.00000E+00
   358  0.00000E+00
   359  0.00000E+00
   360  0.00000E+00
   361  0.00000E+00
   362  0.00000E+00
   363  0.00000E+00
   364  0.00000E+00
   365  0.00000E+00
   366  0.00000E+00
   367  0.00000E+00
   368  0.00000E+00
   369  0.00000E+00
   370  0.00000E+00
   371  0.00000E+00
   372  0.00000E+00
   373  0.00000E+00
   374  0.00000E+00
   375  0.00000E+00
   376  0.00000E+00
   377  0.00000E+00
   378  0.00000E+00
   379  0.00000E+00
   380  0.00000E+00
   381  0.00000E+00
   382  0.00000E+00
   383  0.00000E+00
   384  0.00000E+00
   385  0.00000E+00
   386  0.00000E+00
   387  0.00000E+00
   388  0.00000E+00
   389  0.00000E+00
   390  0.00000E+00
   391  0.00000E+00
   392  0.00000E+00
   393  0.00000E+00
   394  0.00000E+00
   395  0.00000E+00
   396  0.00000E+00
   397  0.00000E+00
   398  0.00000E+00
   399  0.00000E+00
   400  0.00000E+00
   401  0.00000E+00
   402  0.00000E+00
   403  0.00000E+00
   404  0.00000E+00
   405  0.00000E+00
   406  0.00000E+00
   407  0.00000E+00
   408  0.00000E+00
   409  0.00000E+00
   410  0.00000E+00
   411  0.00000E+00
   412  0.00000E+00
   413  0.00000E+00
   414  0.00000E+00
   415  0.00000E+00
   416  0.00000E+00
   417  0.00000E+00
   418  0.00000E+00
   419  0.00000E+00
   420  0.00000E+00
   421  0.00000E+00
   422  0.00000E+00
   423  0.00000E+00
   424  0.00000E+00
   425  0.00000E+00
   426  0.00000E+00
   427  0.00000E+00
   428  0.00000E+00
   429  0.00000E+00
   430  0.00000E+00
   431  0.00000E+00
   432  0.00000E+00
   433  0.00000E+00
   434  0.00000E+00
   435  0.00000E+00
   436  0.00000E+00
   437  0.00000E+00
   438  0.00000E+00
   439  0.00000E+00
   440  0.00000E+00
   441  0.00000E+00
   442  0.00000E+00
   443  0.00000E+00
   444  0.00000E+00
   445  0.00000E+00
   446  0.00000E+00
   447  0.00000E+00
   448  0.00000E+00
   449  0.00000E+00
   450  0.00000E+00
   451  0.00000E+00
   452  0.00000E+00
   453  0.00000E+00
   454  0.00000E+00
   455  0.00000E+00
   456  0.00000E+00
   457  0.00000E+00
   458  0.00000E+00
   459  0.00000E+00
   460  0.00000E+00
   461  0.00000E+00
   462  0.00000E+00
   463  0.00000E+00
   464  0.00000E+00
   465  0.00000E+00
   466  0.00000E+00
   467  0.00000E+00
   468  0.00000E+00
   469  0.00000E+00
   470  0.00000E+00
   471  0.00000E+00
   472  0.00000E+00
   473  0.00000E+00
   474  0.00000E+00
   475  0.00000E+00
   476  0.00000E+00
   477  0.00000E+00
   478  0.00000E+00
   479  0.00000E+00
   480  0.00000E+00
   481  0.00000E+00
   482  0.00000E+00
   483  0.00000E+00
   484  0.00000E+00
   485  0.00000E+00
   486  0.00000E+00
   487  0.00000E+00
   488  0.00000E+00
   489  0.00000E+00
   490  0.00000E+00
   491  0.00000E+00
   492  0.00000E+00
   493  0.00000E+00
   494  0.00000E+00
   495  0.00000E+00
   496  0.00000E+00
   497  0.00000E+00
   498  0.00000E+00
   499  0.00000E+00
   500  0.00000E+00
   501  0.00000E+00
   502  0.00000E+00
   503  0.00000E+00
   504  0.00000E+00
   505  0.00000E+00
   506  0.00000E+00
   507  0.00000E+00
   508  0.00000E+00
   509  0.00000E+00
   510  0.00000E+00
   511  0.00000E+00
   512  0.00000E+00
   513  0.00000E+00
   514  0.00000E+00
   515  0.00000E+00
   516  0.00000E+00
   517  0.00000E+00
   518  0.00000E+00
   519  0.00000E+00
   520  0.00000E+00
   521  0.00000E+00
   522  0.00000E+00
   523  0.00000E+00
   524  0.00000E+00
   525  0.00000E+00
   526  0.00000E+00
   527  0.00000E+00
   528  0.00000E+00
   529  0.00000E+00
   530  0.00000E+00
   531  0.00000E+00
   532  0.00000E+00
   533  0.00000E+00
   534  0.00000E+00
   535  0.00000E+00
   536  0.00000E+00
   537  0.00000E+00
   538  0.00000E+00
   539  0.00000E+00
   540  0.00000E+00
   541  0.00000E+00
   542  0.00000E+00
   543  0.00000E+00
   544  0.00000E+00
   545  0.00000E+00
   546  0.00000E+00
   547  0.00000E+00
   548  0.00000E+00
   549  0.00000E+00
   550  0.00000E+00
   551  0.00000E+00
   552  0.00000E+00
   553  0.00000E+00
   554  0.00000E+00
   555  0.00000E+00
   556  0.00000E+00
   557  0.00000E+00
   558  0.00000E+00
   559  0.00000E+00
   560  0.00000E+00
   561  0.00000E+00
   562  0.00000E+00
   563  0.00000E+00
   564  0.00000E+00
   565  0.00000E+00
   566  0.00000E+00
   567  0.00000E+00
   568  0.00000E+00
   569  0.00000E+00
   570  0.00000E+00
   571  0.00000E+00
   572  0.00000E+00
   573  0.00000E+00
   574  0.00000E+00
   575  0.00000E+00
   576  0.00000E+00
   577  0.00000E+00
   578  0.00000E+00
   579  0.00000E+00
   580  0.00000E+00
   581  0.00000E+00
   582  0.00000E+00
   583  0.00000E+00
   584  0.00000E+00
   585  0.00000E+00
   586  0.00000E+00
   587  0.00000E+00
   588  0.00000E+00
   589  0.00000E+00
   590  0.00000E+00
   591  0.00000E+00
   592  0.00000E+00
   593  0.00000E+00
   594  0.00000E+00
   595  0.00000E+00
   596  0.00000E+00
   597  0.00000E+00
   598  0.00000E+00
   599  0.00000E+00
   600  0.00000E+00
   601  0.00000E+00
   602  0.00000E+00
   603  0.00000E+00
   604  0.00000E+00
   605  0.00000E+00
   606  0.00000E+00
   607  0.00000E+00
   608  0.00000E+00
   609  0.00000E+00
   610  0.00000E+00
   611  0.00000E+00
   612  0.00000E+00
   613  0.00000E+00
   614  0.00000E+00
   615  0.00000E+00
   616  0.00000E+00
   617  0.00000E+00
   618  0.00000E+00
   619  0.00000E+00
   620  0.00000E+00
   621  0.00000E+00
   622  0.00000E+00
   623  0.00000E+00
   624  0.00000E+00
   625  0.00000E+00
   626  0.00000E+00
   627  0.00000E+00
   628  0.00000E+00
   629  0.00000E+00
   630  0.00000E+00
   631  0.00000E+00
   632  0.00000E+00
   633  0.00000E+00
   634  0.00000E+00
   635  0.00000E+00
   636  0.00000E+00
   637  0.00000E+00
   638  0.00000E+00
   639  0.00000E+00
   640  0.00000E+00
   641  0.00000E+00
   642  0.00000E+00
   643  0.00000E+00
   644  0.00000E+00
   645  0.00000E+00
   646  0.00000E+00
   647  0.00000E+00
   648  0.00000E+00
   649  0.00000E+00
   650  0.00000E+00
   651  0.00000E+00
   652  0.00000E+00
   653  0.00000E+00
   654  0.00000E+00
   655  0.00000E+00
   656  0.00000E+00
   657  0.00000E+00
   658  0.00000E+00
   659  0.00000E+00
   660  0.00000E+00
   661  0.00000E+00
   662  0.00000E+00
   663  0.00000E+00
   664  0.00000E+00
   665  0.00000E+00
   666  0.00000E+00
   667  0.00000E+00
   668  0.00000E+00
   669  0.00000E+00
   670  0.00000E+00
   671  0.00000E+00
   672  0.00000E+00
   673  0.00000E+00
   674  0.00000E+00
   675  0.00000E+00
   676  0.00000E+00
   677  0.00000E+00
   678  0.00000E+00
   679  0.00000E+00
   680  0.00000E+00
   681  0.00000E+00
   682  0.00000E+00
   683  0.00000E+00
   684  0.00000E+00
   685  0.00000E+00
   686  0.00000E+00
   687  0.00000E+00
   688  0.00000E+00
   689  0.00000E+00
   690  0.00000E+00
   691  0.00000E+00
   692  0.00000E+00
   693  0.00000E+00
   694  0.00000E+00
   695  0.00000E+00
   696  0.00000E+00
   697  0.00000E+00
   698  0.00000E+00
   699  0.00000E+00
   700  0.00000E+00
   701  0.00000E+00
   702  0.00000E+00
   703  0.00000E+00
   704  0.00000E+00
   705  0.00000E+00
   706  0.00000E+00
   707  0.00000E+00
   708  0.00000E+00
   709  0.00000E+00
   710  0.00000E+00
   711  0.00000E+00
   712  0.00000E+00
   713  0.00000E+00
   714  0.00000E+00
   715  0.00000E+00
   716  0.00000E+00
   717  0.00000E+00
   718  0.00000E+00
   719  0.00000E+00
   720  0.00000E+00
   721  0.00000E+00
   722  0.00000E+00
   723  0.00000E+00
   724  0.00000E+00
   725  0.00000E+00
   726  0.00000E+00
   727  0.00000E+00
   728  0.00000E+00
   729  0.00000E+00
   730  0.00000E+00
   731  0.00000E+00
   732  0.00000E+00
   733  0.00000E+00
   734  0.00000E+00
   735  0.00000E+00
   736  0.00000E+00
   737  0.00000E+00
   738  0.00000E+00
   739  0.00000E+00
   740  0.00000E+00
   741  0.00000E+00
   742  0.00000E+00
   743  0.00000E+00
   744  0.00000E+00
   745  0.00000E+00
   746  0.00000E+00
   747  0.00000E+00
   748  0.00000E+00
   749  0.00000E+00
   750  0.00000E+00
   751  0.00000E+00
   752  0.00000E+00
   753  0.00000E+00
   754  0.00000E+00
   755  0.00000E+00
   756  0.00000E+00
   757  0.00000E+00
   758  0.00000E+00
   759  0.00000E+00
   760  0.00000E+00
   761  0.00000E+00
   762  0.00000E+00
   763  0.00000E+00
   764  0.00000E+00
   765  0.00000E+00
   766  0.00000E+00
   767  0.00000E+00
   768  0.00000E+00
   769  0.00000E+00
   770  0.00000E+00
   771  0.00000E+00
   772  0.00000E+00
   773  0.00000E+00
   774  0.00000E+00
   775  0.00000E+00
   776  0.00000E+00
   777  0.00000E+00
   778  0.00000E+00
   779  0.00000E+00
   780  0.00000E+00
   781  0.00000E+00
   782  0.00000E+00
   783  0.00000E+00
   784  0.00000E+00
   785  0.00000E+00
   786  0.00000E+00
   787  0.00000E+00
   788  0.00000E+00
   789  0.00000E+00
   790  0.00000E+00
   791  0.00000E+00
   792  0.00000E+00
   793  0.00000E+00
   794  0.00000E+00
   795  0.00000E+00
   796  0.00000E+00
   797  0.00000E+00
   798  0.00000E+00
   799  0.00000E+00
   800  0.00000E+00
   801  0.00000E+00
   802  0.00000E+00
   803  0.00000E+00
   804  0.00000E+00
   805  0.00000E+00
   806  0.00000E+00
   807  0.00000E+00
   808  0.00000E+00
   809  0.00000E+00
   810  0.00000E+00
   811  0.00000E+00
   812  0.00000E+00
   813  0.00000E+00
   814  0.00000E+00
   815  0.00000E+00
   816  0.00000E+00
   817  0.00000E+00
   818  0.00000E+00
   819  0.00000E+00
   820  0.00000E+00
   821  0.00000E+00
   822  0.00000E+00
   823  0.00000E+00
   824  0.00000E+00
   825  0.00000E+00
   826  0.00000E+00
   827  0.00000E+00
   828  0.00000E+00
   829  0.00000E+00
   830  0.00000E+00
   831  0.00000E+00
   832  0.00000E+00
   833  0.00000E+00
   834  0.00000E+00
   835  0.00000E+00
   836  0.00000E+00
   837  0.00000E+00
   838  0.00000E+00
   839  0.00000E+00
   840  0.00000E+00
   841  0.00000E+00
   842  0.00000E+00
   843  0.00000E+00
   844  0.00000E+00
   845  0.00000E+00
   846  0.00000E+00
   847  0.00000E+00
   848  0.00000E+00
   849  0.00000E+00
   850  0.00000E+00
   851  0.00000E+00
   852  0.00000E+00
   853  0.00000E+00
   854  0.00000E+00
   855  0.00000E+00
   856  0.00000E+00
   857  0.00000E+00
   858  0.00000E+00
   859  0.00000E+00
   860  0.00000E+00
   861  0.00000E+00
   862  0.00000E+00
   863  0.00000E+00
   864  0.00000E+00
   865  0.00000E+00
   866  0.00000E+00
   867  0.00000E+00
   868  0.00000E+00
   869  0.00000E+00
   870  0.00000E+00
   871  0.00000E+00
   872  0.00000E+00
   873  0.00000E+00
   874  0.00000E+00
   875  0.00000E+00
   876  0.00000E+00
   877  0.00000E+00
   878  0.00000E+00
   879  0.00000E+00
   880  0.00000E+00
   881  0.00000E+00
   882  0.00000E+00
   883  0.00000E+00
   884  0.00000E+00
   885  0.00000E+00
   886  0.00000E+00
   887  0.00000E+00
   888  0.00000E+00
   889  0.00000E+00
   890  0.00000E+00
   891  0.00000E+00
   892  0.00000E+00
   893  0.00000E+00
   894  0.00000E+00
   895  0.00000E+00
   896  0.00000E+00
   897  0.00000E+00
   898  0.00000E+00
   899  0.00000E+00
   900  0.00000E+00
   901  0.00000E+00
   902  0.00000E+00
   903  0.00000E+00
   904  0.00000E+00
   905  0.00000E+00
   906  0.00000E+00
   907  0.00000E+00
   908  0.00000E+00
   909  0.00000E+00
   910  0.00000E+00
   911  0.00000E+00
   912  0.00000E+00
   913  0.00000E+00
   914  0.00000E+00
   915  0.00000E+00
   916  0.00000E+00
   917  0.00000E+00
   918  0.00000E+00
   919  0.00000E+00
   920  0.00000E+00
   921  0.00000E+00
   922  0.00000E+00
   923  0.00000E+00
   924  0.00000E+00
   925  0.00000E+00
   926  0.00000E+00
   927  0.00000E+00
   928  0.00000E+00
   929  0.00000E+00
   930  0.00000E+00
   931  0.00000E+00
   932  0.00000E+00
   933  0.00000E+00
   934  0.00000E+00
   935  0.00000E+00
   936  0.00000E+00
   937  0.00000E+00
   938  0.00000E+00
   939  0.00000E+00
   940  0.00000E+00
   941  0.00000E+00
   942  0.00000E+00
   943  0.00000E+00
   944  0.00000E+00
   945  0.00000E+00
   946  0.00000E+00
   947  0.00000E+00
   948  0.00000E+00
   949  0.00000E+00
   950  0.00000E+00
   951  0.00000E+00
   952  2.95444E-38
   953  3.08873E-38
   954  3.10792E-38
   955  2.99760E-38
   956  0.00000E+00
   957  0.00000E+00
   958  0.00000E+00
   959  0.00000E+00
   960  0.00000E+00
   961  0.00000E+00
   962 -3.95580E-38
   963 -5.79945E-38
   964 -7.48201E-38
   965 -5.95216E-38
   966 -7.04112E-38
   967 -7.93738E-38
   968 -8.57286E-38
   969 -1.15989E-37
   970 -1.11872E-37
   971 -1.02385E-37
   972 -8.69917E-38
   973 -6.51543E-38
   974 -3.63361E-38
   975  0.00000E+00
   976  3.84822E-38
   977  8.24781E-38
   978  1.29447E-37
   979  1.76847E-37
   980  2.22138E-37
   981  2.62778E-37
   982  2.96227E-37
   983  3.19944E-37
   984  3.31386E-37
   985  3.28015E-37
   986  3.07287E-37
   987  2.66663E-37
   988  2.03601E-37
   989  1.35608E-37
   990  0.00000E+00
   991 -1.43617E-37
   992 -3.07812E-37
   993 -4.83102E-37
   994 -6.60002E-37
   995 -8.29030E-37
   996 -9.80702E-37
   997 -1.10553E-36
   998 -1.19405E-36
   999 -1.23675E-36
  1000 -1.22417E-36
  1001 -1.14681E-36
  1002 -9.95200E-37
  1003 -7.59850E-37
  1004 -4.31278E-37
  1005  0.00000E+00
  1006  5.35987E-37
  1007  1.14877E-36
  1008  1.80296E-36
  1009  2.46316E-36
  1010  3.09398E-36
  1011  3.66003E-36
  1012  4.12591E-36
  1013  4.45624E-36
  1014  4.61562E-36
  1015  4.56865E-36
  1016  4.27996E-36
  1017  3.71414E-36
  1018  2.83580E-36
  1019  1.60955E-36
  1020  0.00000E+00
  1021 -2.00033E-36
  1022 -4.28727E-36
  1023 -6.72874E-36
  1024 -9.19264E-36
  1025 -1.15469E-35
  1026 -1.36594E-35
  1027 -1.53981E-35
  1028 -1.66309E-35
  1029 -1.72257E-35
  1030 -1.70505E-35
  1031 -1.59730E-35
  1032 -1.38613E-35
  1033 -1.05833E-35
  1034 -6.00692E-36
  1035  0.00000E+00
  1036  7.46534E-36
  1037  1.60003E-35
  1038  2.51120E-35
  1039  3.43074E-35
  1040  4.30936E-35
  1041  5.09776E-35
  1042  5.74665E-35
  1043  6.20674E-35
  1044  6.42873E-35
  1045  6.36332E-35
  1046  5.96121E-35
  1047  5.17313E-35
  1048  3.94976E-35
  1049  2.24181E-35
  1050  0.00000E+00
  1051 -2.78610E-35
  1052 -5.97140E-35
  1053 -9.37192E-35
  1054 -1.28037E-34
  1055 -1.60827E-34
  1056 -1.90251E-34
  1057 -2.14468E-34
  1058 -2.31639E-34
  1059 -2.39923E-34
  1060 -2.37482E-34
  1061 -2.22476E-34
  1062 -1.93064E-34
  1063 -1.47407E-34
  1064 -8.36657E-35
  1065  0.00000E+00
  1066  1.03979E-34
  1067  2.22856E-34
  1068  3.49765E-34
  1069  4.77840E-34
  1070  6.00216E-34
  1071  7.10027E-34
  1072  8.00406E-34
  1073  8.64487E-34
  1074  8.95406E-34
  1075  8.86295E-34
  1076  8.30290E-34
  1077  7.20524E-34
  1078  5.50130E-34
  1079  3.12245E-34
  1080  0.00000E+00
  1081 -3.88054E-34
  1082 -8.31709E-34
  1083 -1.30534E-33
  1084 -1.78332E-33
  1085 -2.24004E-33
  1086 -2.64986E-33
  1087 -2.98715E-33
  1088 -3.22631E-33
  1089 -3.34170E-33
  1090 -3.30770E-33
  1091 -3.09868E-33
  1092 -2.68903E-33
  1093 -2.05311E-33
  1094 -1.16531E-33
  1095  0.00000E+00
  1096  1.44824E-33
  1097  3.10398E-33
  1098  4.87160E-33
  1099  6.65546E-33
  1100  8.35993E-33
  1101  9.88939E-33
  1102  1.11482E-32
  1103  1.20408E-32
  1104  1.24714E-32
  1105  1.23445E-32
  1106  1.15644E-32
  1107  1.00356E-32
  1108  7.66233E-33
  1109  4.34900E-33
  1110  0.00000E+00
  1111 -5.40490E-33
  1112 -1.15842E-32
  1113 -1.81810E-32
  1114 -2.48385E-32
  1115 -3.11997E-32
  1116 -3.69077E-32
  1117 -4.16057E-32
  1118 -4.49367E-32
  1119 -4.65439E-32
  1120 -4.60703E-32
  1121 -4.31591E-32
  1122 -3.74534E-32
  1123 -2.85962E-32
  1124 -1.62307E-32
  1125  0.00000E+00
  1126  2.01713E-32
  1127  4.32329E-32
  1128  6.78526E-32
  1129  9.26985E-32
  1130  1.16439E-31
  1131  1.37741E-31
  1132  1.55275E-31
  1133  1.67706E-31
  1134  1.73704E-31
  1135  1.71937E-31
  1136  1.61072E-31
  1137  1.39778E-31
  1138  1.06722E-31
  1139  6.05738E-32
  1140  0.00000E+00
  1141 -7.52805E-32
  1142 -1.61347E-31
  1143 -2.53229E-31
  1144 -3.45956E-31
  1145 -4.34556E-31
  1146 -5.14058E-31
  1147 -5.79493E-31
  1148 -6.25888E-31
  1149 -6.48273E-31
  1150 -6.41677E-31
  1151 -6.01129E-31
  1152 -5.21658E-31
  1153 -3.98294E-31
  1154 -2.26065E-31
  1155  0.00000E+00
  1156  2.80951E-31
  1157  6.02156E-31
  1158  9.45064E-31
  1159  1.29112E-30
  1160  1.62178E-30
  1161  1.91849E-30
  1162  2.16270E-30
  1163  2.33584E-30
  1164  2.41939E-30
  1165  2.39477E-30
  1166  2.24344E-30
  1167  1.94685E-30
  1168  1.48645E-30
  1169  8.43685E-31
  1170  0.00000E+00
  1171 -1.04852E-30
  1172 -2.24728E-30
  1173 -3.52703E-30
  1174 -4.81854E-30
  1175 -6.05258E-30
  1176 -7.15991E-30
  1177 -8.07129E-30
  1178 -8.71749E-30
  1179 -9.02927E-30
  1180 -8.93740E-30
  1181 -8.37264E-30
  1182 -7.26576E-30
  1183 -5.54751E-30
  1184 -3.14867E-30
  1185  0.00000E+00
  1186  3.91314E-30
  1187  8.38695E-30
  1188  1.31630E-29
  1189  1.79830E-29
  1190  2.25885E-29
  1191  2.67211E-29
  1192  3.01225E-29
  1193  3.25341E-29
  1194  3.36977E-29
  1195  3.33548E-29
  1196  3.12471E-29
  1197  2.71162E-29
  1198  2.07036E-29
  1199  1.17510E-29
  1200  0.00000E+00
  1201 -1.46040E-29
  1202 -3.13005E-29
  1203 -4.91252E-29
  1204 -6.71136E-29
  1205 -8.43016E-29
  1206 -9.97246E-29
  1207 -1.12419E-28
  1208 -1.21419E-28
  1209 -1.25762E-28
  1210 -1.24482E-28
  1211 -1.16616E-28
  1212 -1.01199E-28
  1213 -7.72669E-29
  1214 -4.38554E-29
  1215  0.00000E+00
  1216  5.45030E-29
  1217  1.16815E-28
  1218  1.83338E-28
  1219  2.50471E-28
  1220  3.14618E-28
  1221  3.72177E-28
  1222  4.19552E-28
  1223  4.53142E-28
  1224  4.69348E-28
  1225  4.64573E-28
  1226  4.35216E-28
  1227  3.77680E-28
  1228  2.88364E-28
  1229  1.63670E-28
  1230  0.00000E+00
  1231 -2.03408E-28
  1232 -4.35960E-28
  1233 -6.84225E-28
  1234 -9.34772E-28
  1235 -1.17417E-27
  1236 -1.38899E-27
  1237 -1.56579E-27
  1238 -1.69115E-27
  1239 -1.75163E-27
  1240 -1.73381E-27
  1241 -1.62425E-27
  1242 -1.40952E-27
  1243 -1.07619E-27
  1244 -6.10826E-28
  1245  0.00000E+00
  1246  7.59128E-28
  1247  1.62703E-27
  1248  2.55356E-27
  1249  3.48862E-27
  1250  4.38206E-27
  1251  5.18376E-27
  1252  5.84360E-27
  1253  6.31145E-27
  1254  6.53718E-27
  1255  6.47067E-27
  1256  6.06178E-27
  1257  5.26040E-27
  1258  4.01639E-27
  1259  2.27963E-27
  1260  0.00000E+00
  1261 -2.83311E-27
  1262 -6.07214E-27
  1263 -9.53003E-27
  1264 -1.30197E-26
  1265 -1.63541E-26
  1266 -1.93461E-26
  1267 -2.18086E-26
  1268 -2.35547E-26
  1269 -2.43971E-26
  1270 -2.41489E-26
  1271 -2.26229E-26
  1272 -1.96321E-26
  1273 -1.49894E-26
  1274 -8.50771E-27
  1275  0.00000E+00
  1276  1.05733E-26
  1277  2.26615E-26
  1278  3.55665E-26
  1279  4.85902E-26
  1280  6.10342E-26
  1281  7.22005E-26
  1282  8.13909E-26
  1283  8.79072E-26
  1284  9.10512E-26
  1285  9.01248E-26
  1286  8.44297E-26
  1287  7.32679E-26
  1288  5.59411E-26
  1289  3.17512E-26
  1290  0.00000E+00
  1291 -3.94601E-26
  1292 -8.45740E-26
  1293 -1.32736E-25
  1294 -1.81341E-25
  1295 -2.27783E-25
  1296 -2.69456E-25
  1297 -3.03755E-25
  1298 -3.28074E-25
  1299 -3.39808E-25
  1300 -3.36350E-25
  1301 -3.15096E-25
  1302 -2.73440E-25
  1303 -2.08775E-25
  1304 -1.18497E-25
  1305  0.00000E+00
  1306  1.47267E-25
  1307  3.15634E-25
  1308  4.95378E-25
  1309  6.76774E-25
  1310  8.50097E-25
  1311  1.00562E-24
  1312  1.13363E-24
  1313  1.22439E-24
  1314  1.26818E-24
  1315  1.25528E-24
  1316  1.17595E-24
  1317  1.02049E-24
  1318  7.79159E-25
  1319  4.42237E-25
  1320  0.00000E+00
  1321 -5.49608E-25
  1322 -1.17796E-24
  1323 -1.84878E-24
  1324 -2.52575E-24
  1325 -3.17260E-24
  1326 -3.75304E-24
  1327 -4.23076E-24
  1328 -4.56948E-24
  1329 -4.73291E-24
  1330 -4.68475E-24
  1331 -4.38872E-24
  1332 -3.80852E-24
  1333 -2.90786E-24
  1334 -1.65045E-24
  1335  0.00000E+00
  1336  2.05116E-24
  1337  4.39622E-24
  1338  6.89973E-24
  1339  9.42624E-24
  1340  1.18403E-23
  1341  1.40065E-23
  1342  1.57894E-23
  1343  1.70535E-23
  1344  1.76635E-23
  1345  1.74837E-23
  1346  1.63789E-23
  1347  1.42136E-23
  1348  1.08523E-23
  1349  6.15957E-24
  1350  0.00000E+00
  1351 -7.65505E-24
  1352 -1.64069E-23
  1353 -2.57501E-23
  1354 -3.51792E-23
  1355 -4.41887E-23
  1356 -5.22731E-23
  1357 -5.89269E-23
  1358 -6.36447E-23
  1359 -6.59209E-23
  1360 -6.52502E-23
  1361 -6.11270E-23
  1362 -5.30459E-23
  1363 -4.05013E-23
  1364 -2.29878E-23
  1365  0.00000E+00
  1366  2.85690E-23
  1367  6.12315E-23
  1368  9.61008E-23
  1369  1.31291E-22
  1370  1.64914E-22
  1371  1.95086E-22
  1372  2.19918E-22
  1373  2.37525E-22
  1374  2.46020E-22
  1375  2.43517E-22
  1376  2.28129E-22
  1377  1.97970E-22
  1378  1.51153E-22
  1379  8.57918E-23
  1380  0.00000E+00
  1381 -1.06621E-22
  1382 -2.28519E-22
  1383 -3.58653E-22
  1384 -4.89983E-22
  1385 -6.15469E-22
  1386 -7.28070E-22
  1387 -8.20746E-22
  1388 -8.86456E-22
  1389 -9.18160E-22
  1390 -9.08818E-22
  1391 -8.51389E-22
  1392 -7.38834E-22
  1393 -5.64110E-22
  1394 -3.20179E-22
  1395  0.00000E+00
  1396  3.97915E-22
  1397  8.52844E-22
  1398  1.33851E-21
  1399  1.82864E-21
  1400  2.29696E-21
  1401  2.71719E-21
  1402  3.06306E-21
  1403  3.30830E-21
  1404  3.42662E-21
  1405  3.39176E-21
  1406  3.17743E-21
  1407  2.75736E-21
  1408  2.10529E-21
  1409  1.19493E-21
  1410  0.00000E+00
  1411 -1.48504E-21
  1412 -3.18286E-21
  1413 -4.99539E-21
  1414 -6.82459E-21
  1415 -8.57238E-21
  1416 -1.01407E-20
  1417 -1.14315E-20
  1418 -1.23467E-20
  1419 -1.27883E-20
  1420 -1.26582E-20
  1421 -1.18583E-20
  1422 -1.02906E-20
  1423 -7.85704E-21
  1424 -4.45952E-21
  1425  0.00000E+00
  1426  5.54225E-21
  1427  1.18786E-20
  1428  1.86431E-20
  1429  2.54697E-20
  1430  3.19925E-20
  1431  3.78456E-20
  1432  4.26630E-20
  1433  4.60787E-20
  1434  4.77267E-20
  1435  4.72411E-20
  1436  4.42559E-20
  1437  3.84051E-20
  1438  2.93229E-20
  1439  1.66432E-20
  1440  0.00000E+00
  1441 -2.06839E-20
  1442 -4.43315E-20
  1443 -6.95768E-20
  1444 -9.50542E-20
  1445 -1.19398E-19
  1446 -1.41242E-19
  1447 -1.59220E-19
  1448 -1.71968E-19
  1449 -1.78118E-19
  1450 -1.76306E-19
  1451 -1.65165E-19
  1452 -1.43330E-19
  1453 -1.09434E-19
  1454 -6.21131E-20
  1455  0.00000E+00
  1456  7.71935E-20
  1457  1.65447E-19
  1458  2.59664E-19
  1459  3.54747E-19
  1460  4.45599E-19
  1461  5.27122E-19
  1462  5.94219E-19
  1463  6.41793E-19
  1464  6.64747E-19
  1465  6.57983E-19
  1466  6.16405E-19
  1467  5.34914E-19
  1468  4.08415E-19
  1469  2.31809E-19
  1470  0.00000E+00
  1471 -2.88090E-19
  1472 -6.17458E-19
  1473 -9.69080E-19
  1474 -1.32393E-18
  1475 -1.66300E-18
  1476 -1.96724E-18
  1477 -2.21765E-18
  1478 -2.39520E-18
  1479 -2.48087E-18
  1480 -2.45563E-18
  1481 -2.30045E-18
  1482 -1.99633E-18
  1483 -1.52423E-18
  1484 -8.65124E-19
  1485  0.00000E+00
  1486  1.07517E-18
  1487  2.30438E-18
  1488  3.61666E-18
  1489  4.94099E-18
  1490  6.20639E-18
  1491  7.34186E-18
  1492  8.27640E-18
  1493  8.93902E-18
  1494  9.25873E-18
  1495  9.16452E-18
  1496  8.58541E-18
  1497  7.45040E-18
  1498  5.68849E-18
  1499  3.22869E-18
  1500  0.00000E+00
  1501 -4.01258E-18
  1502 -8.60008E-18
  1503 -1.34975E-17
  1504 -1.84400E-17
  1505 -2.31626E-17
  1506 -2.74002E-17
  1507 -3.08879E-17
  1508 -3.33609E-17
  1509 -3.45540E-17
  1510 -3.42025E-17
  1511 -3.20412E-17
  1512 -2.78053E-17
  1513 -2.12297E-17
  1514 -1.20496E-17
  1515  0.00000E+00
  1516  1.49751E-17
  1517  3.20959E-17
  1518  5.03735E-17
  1519  6.88191E-17
  1520  8.64438E-17
  1521  1.02259E-16
  1522  1.15275E-16
  1523  1.24505E-16
  1524  1.28957E-16
  1525  1.27645E-16
  1526  1.19579E-16
  1527  1.03771E-16
  1528  7.92304E-17
  1529  4.49698E-17
  1530  0.00000E+00
  1531 -5.58880E-17
  1532 -1.19784E-16
  1533 -1.87997E-16
  1534 -2.56836E-16
  1535 -3.22613E-16
  1536 -3.81635E-16
  1537 -4.30214E-16
  1538 -4.64657E-16
  1539 -4.81276E-16
  1540 -4.76379E-16
  1541 -4.46276E-16
  1542 -3.87277E-16
  1543 -2.95692E-16
  1544 -1.67830E-16
  1545  0.00000E+00
  1546  2.08577E-16
  1547  4.47039E-16
  1548  7.01613E-16
  1549  9.58527E-16
  1550  1.20401E-15
  1551  1.42428E-15
  1552  1.60558E-15
  1553  1.73412E-15
  1554  1.79615E-15
  1555  1.77787E-15
  1556  1.66553E-15
  1557  1.44534E-15
  1558  1.10354E-15
  1559  6.26349E-16
  1560  0.00000E+00
  1561 -7.78419E-16
  1562 -1.66837E-15
  1563 -2.61845E-15
  1564 -3.57727E-15
  1565 -4.49342E-15
  1566 -5.31549E-15
  1567 -5.99210E-15
  1568 -6.47184E-15
  1569 -6.70330E-15
  1570 -6.63510E-15
  1571 -6.21582E-15
  1572 -5.39408E-15
  1573 -4.11846E-15
  1574 -2.33757E-15
  1575  0.00000E+00
  1576  2.90510E-15
  1577  6.22645E-15
  1578  9.77221E-15
  1579  1.33506E-14
  1580  1.67697E-14
  1581  1.98377E-14
  1582  2.23628E-14
  1583  2.41532E-14
  1584  2.50171E-14
  1585  2.47625E-14
  1586  2.31978E-14
  1587  2.01310E-14
  1588  1.53703E-14
  1589  8.72391E-15
  1590  0.00000E+00
  1591 -1.08420E-14
  1592 -2.32374E-14
  1593 -3.64704E-14
  1594 -4.98250E-14
  1595 -6.25852E-14
  1596 -7.40353E-14
  1597 -8.34592E-14
  1598 -9.01411E-14
  1599 -9.33650E-14
  1600 -9.24150E-14
  1601 -8.65753E-14
  1602 -7.51298E-14
  1603 -5.73627E-14
  1604 -3.25581E-14
  1605  0.00000E+00
  1606  4.04628E-14
  1607  8.67232E-14
  1608  1.36109E-13
  1609  1.85949E-13
  1610  2.33571E-13
  1611  2.76303E-13
  1612  3.11474E-13
  1613  3.36411E-13
  1614  3.48443E-13
  1615  3.44898E-13
  1616  3.23103E-13
  1617  2.80388E-13
  1618  2.14081E-13
  1619  1.21508E-13
  1620  0.00000E+00
  1621 -1.51009E-13
  1622 -3.23655E-13
  1623 -5.07967E-13
  1624 -6.93972E-13
  1625 -8.71700E-13
  1626 -1.03118E-12
  1627 -1.16244E-12
  1628 -1.25550E-12
  1629 -1.30041E-12
  1630 -1.28718E-12
  1631 -1.20584E-12
  1632 -1.04642E-12
  1633 -7.98959E-13
  1634 -4.53476E-13
  1635  0.00000E+00
  1636  5.63575E-13
  1637  1.20790E-12
  1638  1.89576E-12
  1639  2.58994E-12
  1640  3.25323E-12
  1641  3.84841E-12
  1642  4.33827E-12
  1643  4.68560E-12
  1644  4.85318E-12
  1645  4.80380E-12
  1646  4.50025E-12
  1647  3.90530E-12
  1648  2.98176E-12
  1649  1.69239E-12
  1650  0.00000E+00
  1651 -2.10329E-12
  1652 -4.50794E-12
  1653 -7.07506E-12
  1654 -9.66578E-12
  1655 -1.21412E-11
  1656 -1.43625E-11
  1657 -1.61907E-11
  1658 -1.74869E-11
  1659 -1.81123E-11
  1660 -1.79280E-11
  1661 -1.67952E-11
  1662 -1.45748E-11
  1663 -1.11281E-11
  1664 -6.31610E-12
  1665  0.00000E+00
  1666  7.84958E-12
  1667  1.68239E-11
  1668  2.64045E-11
  1669  3.60732E-11
  1670  4.53116E-11
  1671  5.36014E-11
  1672  6.04243E-11
  1673  6.52620E-11
  1674  6.75961E-11
  1675  6.69083E-11
  1676  6.26804E-11
  1677  5.43939E-11
  1678  4.15305E-11
  1679  2.35720E-11
  1680  0.00000E+00
  1681 -2.92950E-11
  1682 -6.27875E-11
  1683 -9.85429E-11
  1684 -1.34627E-10
  1685 -1.69105E-10
  1686 -2.00043E-10
  1687 -2.25507E-10
  1688 -2.43561E-10
  1689 -2.52272E-10
  1690 -2.49705E-10
  1691 -2.33926E-10
  1692 -2.03001E-10
  1693 -1.54994E-10
  1694 -8.79719E-11
  1695  0.00000E+00
  1696  1.09331E-10
  1697  2.34326E-10
  1698  3.67767E-10
  1699  5.02435E-10
  1700  6.31109E-10
  1701  7.46572E-10
  1702  8.41602E-10
  1703  9.08983E-10
  1704  9.41492E-10
  1705  9.31913E-10
  1706  8.73025E-10
  1707  7.57609E-10
  1708  5.78445E-10
  1709  3.28316E-10
  1710  0.00000E+00
  1711 -4.08027E-10
  1712 -8.74517E-10
  1713 -1.37253E-09
  1714 -1.87511E-09
  1715 -2.35533E-09
  1716 -2.78624E-09
  1717 -3.14090E-09
  1718 -3.39237E-09
  1719 -3.51370E-09
  1720 -3.47795E-09
  1721 -3.25817E-09
  1722 -2.82743E-09
  1723 -2.15879E-09
  1724 -1.22529E-09
  1725  0.00000E+00
  1726  1.52278E-09
  1727  3.26374E-09
  1728  5.12234E-09
  1729  6.99801E-09
  1730  8.79022E-09
  1731  1.03984E-08
  1732  1.17220E-08
  1733  1.26605E-08
  1734  1.31133E-08
  1735  1.29799E-08
  1736  1.21597E-08
  1737  1.05521E-08
  1738  8.05671E-09
  1739  4.57285E-09
  1740  0.00000E+00
  1741 -5.68308E-09
  1742 -1.21804E-08
  1743 -1.91168E-08
  1744 -2.61169E-08
  1745 -3.28055E-08
  1746 -3.88074E-08
  1747 -4.37471E-08
  1748 -4.72496E-08
  1749 -4.89395E-08
  1750 -4.84415E-08
  1751 -4.53805E-08
  1752 -3.93811E-08
  1753 -3.00680E-08
  1754 -1.70661E-08
  1755  0.00000E+00
  1756  2.12096E-08
  1757  4.54580E-08
  1758  7.13449E-08
  1759  9.74697E-08
  1760  1.22432E-07
  1761  1.44831E-07
  1762  1.63267E-07
  1763  1.76338E-07
  1764  1.82645E-07
  1765  1.80786E-07
  1766  1.69362E-07
  1767  1.46972E-07
  1768  1.12215E-07
  1769  6.36916E-08
  1770  0.00000E+00
  1771 -7.91552E-08
  1772 -1.69652E-07
  1773 -2.66263E-07
  1774 -3.63762E-07
  1775 -4.56922E-07
  1776 -5.40517E-07
  1777 -6.09319E-07
  1778 -6.58102E-07
  1779 -6.81639E-07
  1780 -6.74704E-07
  1781 -6.32069E-07
  1782 -5.48508E-07
  1783 -4.18794E-07
  1784 -2.37700E-07
  1785  0.00000E+00
  1786  2.97232E-07
  1787  6.47715E-07
  1788  1.04287E-06
  1789  1.47411E-06
  1790  1.93285E-06
  1791  2.41052E-06
  1792  2.89854E-06
  1793  3.38831E-06
  1794  3.87126E-06
  1795  4.33880E-06
  1796  4.78236E-06
  1797  5.19336E-06
  1798  5.56320E-06
  1799  5.88332E-06
  1800  6.14512E-06
  1801  6.34230E-06
  1802  6.47767E-06
  1803  6.55633E-06
  1804  6.58335E-06
  1805  6.56383E-06
  1806  6.50284E-06
  1807  6.40549E-06
  1808  6.27685E-06
  1809  6.12201E-06
  1810  5.94607E-06
  1811  5.75410E-06
  1812  5.55119E-06
  1813  5.34244E-06
  1814  5.13292E-06
  1815  4.92774E-06
  1816  4.73081E-06
  1817  4.54151E-06
  1818  4.35804E-06
  1819  4.17860E-06
  1820  4.00140E-06
  1821  3.82465E-06
  1822  3.64655E-06
  1823  3.46532E-06
  1824  3.27916E-06
  1825  3.08627E-06
  1826  2.88487E-06
  1827  2.67317E-06
  1828  2.44936E-06
  1829  2.21165E-06
  1830  1.95826E-06
  1831  1.68788E-06
  1832  1.40121E-06
  1833  1.09943E-06
  1834  7.83733E-07
  1835  4.55294E-07
  1836  1.15304E-07
  1837 -2.35052E-07
  1838 -5.94588E-07
  1839 -9.62118E-07
  1840 -1.33646E-06
  1841 -1.71642E-06
  1842 -2.10082E-06
  1843 -2.48847E-06
  1844 -2.87818E-06
  1845 -3.26878E-06
  1846 -3.65924E-06
  1847 -4.04921E-06
  1848 -4.43854E-06
  1849 -4.82703E-06
  1850 -5.21453E-06
  1851 -5.60084E-06
  1852 -5.98581E-06
  1853 -6.36925E-06
  1854 -6.75099E-06
  1855 -7.13086E-06
  1856 -7.50869E-06
  1857 -7.88429E-06
  1858 -8.25749E-06
  1859 -8.62813E-06
  1860 -8.99602E-06
  1861 -9.36073E-06
  1862 -9.72077E-06
  1863 -1.00744E-05
  1864 -1.04198E-05
  1865 -1.07553E-05
  1866 -1.10791E-05
  1867 -1.13894E-05
  1868 -1.16845E-05
  1869 -1.19626E-05
  1870 -1.22220E-05
  1871 -1.24610E-05
  1872 -1.26777E-05
  1873 -1.28704E-05
  1874 -1.30373E-05
  1875 -1.31768E-05
  1876 -1.32874E-05
  1877 -1.33697E-05
  1878 -1.34246E-05
  1879 -1.34529E-05
  1880 -1.34556E-05
  1881 -1.34336E-05
  1882 -1.33878E-05
  1883 -1.33191E-05
  1884 -1.32284E-05
  1885 -1.31167E-05
  1886 -1.29849E-05
  1887 -1.28338E-05
  1888 -1.26644E-05
  1889 -1.24776E-05
  1890 -1.22742E-05
  1891 -1.20552E-05
  1892 -1.18205E-05
  1893 -1.15703E-05
  1894 -1.13046E-05
  1895 -1.10233E-05
  1896 -1.07265E-05
  1897 -1.04142E-05
  1898 -1.00865E-05
  1899 -9.74319E-06
  1900 -9.38448E-06
  1901 -9.01031E-06
  1902 -8.62071E-06
  1903 -8.21570E-06
  1904 -7.79528E-06
  1905 -7.35947E-06
  1906 -6.90780E-06
  1907 -6.43786E-06
  1908 -5.94673E-06
  1909 -5.43152E-06
  1910 -4.88932E-06
  1911 -4.31723E-06
  1912 -3.71235E-06
  1913 -3.07177E-06
  1914 -2.39259E-06
  1915 -1.67191E-06
  1916 -9.06823E-07
  1917 -9.44283E-08
  1918  7.68178E-07
  1919  1.68390E-06
  1920  2.65564E-06
  1921  3.68536E-06
  1922  4.77127E-06
  1923  5.91065E-06
  1924  7.10076E-06
  1925  8.33887E-06
  1926  9.62226E-06
  1927  1.09482E-05
  1928  1.23140E-05
  1929  1.37168E-05
  1930  1.51540E-05
  1931  1.66228E-05
  1932  1.81206E-05
  1933  1.96445E-05
  1934  2.11919E-05
  1935  2.27599E-05
  1936  2.43465E-05
  1937  2.59512E-05
  1938  2.75744E-05
  1939  2.92163E-05
  1940  3.08771E-05
  1941  3.25569E-05
  1942  3.42562E-05
  1943  3.59750E-05
  1944  3.77135E-05
  1945  3.94722E-05
  1946  4.12510E-05
  1947  4.30503E-05
  1948  4.48704E-05
  1949  4.67113E-05
  1950  4.85734E-05
  1951  5.04556E-05
  1952  5.23510E-05
  1953  5.42516E-05
  1954  5.61495E-05
  1955  5.80364E-05
  1956  5.99044E-05
  1957  6.17453E-05
  1958  6.35512E-05
  1959  6.53138E-05
  1960  6.70252E-05
  1961  6.86773E-05
  1962  7.02620E-05
  1963  7.17713E-05
  1964  7.31971E-05
  1965  7.45312E-05
  1966  7.57680E-05
  1967  7.69105E-05
  1968  7.79641E-05
  1969  7.89343E-05
  1970  7.98265E-05
  1971  8.06461E-05
  1972  8.13985E-05
  1973  8.20890E-05
  1974  8.27231E-05
  1975  8.33063E-05
  1976  8.38439E-05
  1977  8.43413E-05
  1978  8.48039E-05
  1979  8.52372E-05
  1980  8.56465E-05
  1981  8.60360E-05
  1982  8.64047E-05
  1983  8.67502E-05
  1984  8.70702E-05
  1985  8.73625E-05
  1986  8.76248E-05
  1987  8.78547E-05
  1988  8.80500E-05
  1989  8.82083E-05
  1990  8.83274E-05
  1991  8.84049E-05
  1992  8.84385E-05
  1993  8.84260E-05
  1994  8.83650E-05
  1995  8.82533E-05
  1996  8.80891E-05
  1997  8.78725E-05
  1998  8.76044E-05
  1999  8.72855E-05
  2000  8.69165E-05
  2001  8.64983E-05
  2002  8.60315E-05
  2003  8.55170E-05
  2004  8.49555E-05
  2005  8.43477E-05
  2006  8.36944E-05
  2007  8.29964E-05
  2008  8.22544E-05
  2009  8.14691E-05
  2010  8.06414E-05
  2011  7.97721E-05
  2012  7.88630E-05
  2013  7.79162E-05
  2014  7.69335E-05
  2015  7.59169E-05
  2016  7.48684E-05
  2017  7.37898E-05
  2018  7.26833E-05
  2019  7.15507E-05
  2020  7.03939E-05
  2021  6.92150E-05
  2022  6.80159E-05
  2023  6.67986E-05
  2024  6.55649E-05
  2025  6.43169E-05
  2026  6.30550E-05
  2027  6.17729E-05
  2028  6.04631E-05
  2029  5.91177E-05
  2030  5.77291E-05
  2031  5.62895E-05
  2032  5.47913E-05
  2033  5.32266E-05
  2034  5.15879E-05
  2035  4.98674E-05
  2036  4.80573E-05
  2037  4.61500E-05
  2038  4.41377E-05
  2039  4.20128E-05
  2040  3.97675E-05
  2041  3.73967E-05
  2042  3.49062E-05
  2043  3.23045E-05
  2044  2.95998E-05
  2045  2.68005E-05
  2046  2.39152E-05
  2047  2.09520E-05
  2048  1.79196E-05
  2049  1.48261E-05
  2050  1.16802E-05
  2051  8.48999E-06
  2052  5.26405E-06
  2053  2.01073E-06
  2054 -1.26159E-06
  2055 -4.54451E-06
  2056 -7.83662E-06
  2057 -1.11645E-05
  2058 -1.45616E-05
  2059 -1.80615E-05
  2060 -2.16976E-05
  2061 -2.55037E-05
  2062 -2.95131E-05
  2063 -3.37593E-05
  2064 -3.82760E-05
  2065 -4.30966E-05
  2066 -4.82547E-05
  2067 -5.37838E-05
  2068 -5.97174E-05
  2069 -6.60890E-05
  2070 -7.29322E-05
  2071 -8.02697E-05
  2072 -8.80809E-05
  2073 -9.63344E-05
  2074 -1.04999E-04
  2075 -1.14043E-04
  2076 -1.23436E-04
  2077 -1.33145E-04
  2078 -1.43140E-04
  2079 -1.53389E-04
  2080 -1.63860E-04
  2081 -1.74523E-04
  2082 -1.85346E-04
  2083 -1.96298E-04
  2084 -2.07347E-04
  2085 -2.18462E-04
  2086 -2.29619E-04
  2087 -2.40819E-04
  2088 -2.52071E-04
  2089 -2.63386E-04
  2090 -2.74771E-04
  2091 -2.86236E-04
  2092 -2.97791E-04
  2093 -3.09443E-04
  2094 -3.21203E-04
  2095 -3.33079E-04
  2096 -3.45080E-04
  2097 -3.57216E-04
  2098 -3.69496E-04
  2099 -3.81928E-04
  2100 -3.94521E-04
  2101 -4.07278E-04
  2102 -4.20168E-04
  2103 -4.33153E-04
  2104 -4.46196E-04
  2105 -4.59259E-04
  2106 -4.72304E-04
  2107 -4.85294E-04
  2108 -4.98191E-04
  2109 -5.10957E-04
  2110 -5.23555E-04
  2111 -5.35947E-04
  2112 -5.48095E-04
  2113 -5.59962E-04
  2114 -5.71509E-04
  2115 -5.82700E-04
  2116 -5.93501E-04
  2117 -6.03903E-04
  2118 -6.13898E-04
  2119 -6.23482E-04
  2120 -6.32649E-04
  2121 -6.41394E-04
  2122 -6.49710E-04
  2123 -6.57592E-04
  2124 -6.65034E-04
  2125 -6.72031E-04
  2126 -6.78577E-04
  2127 -6.84667E-04
  2128 -6.90294E-04
  2129 -6.95454E-04
  2130 -7.00140E-04
  2131 -7.04356E-04
  2132 -7.08141E-04
  2133 -7.11546E-04
  2134 -7.14618E-04
  2135 -7.17407E-04
  2136 -7.19961E-04
  2137 -7.22330E-04
  2138 -7.24561E-04
  2139 -7.26706E-04
  2140 -7.28811E-04
  2141 -7.30926E-04
  2142 -7.33100E-04
  2143 -7.35383E-04
  2144 -7.37822E-04
  2145 -7.40467E-04
  2146 -7.43347E-04
  2147 -7.46413E-04
  2148 -7.49598E-04
  2149 -7.52833E-04
  2150 -7.56050E-04
  2151 -7.59182E-04
  2152 -7.62159E-04
  2153 -7.64914E-04
  2154 -7.67378E-04
  2155 -7.69484E-04
  2156 -7.71163E-04
  2157 -7.72347E-04
  2158 -7.72968E-04
  2159 -7.72958E-04
  2160 -7.72248E-04
  2161 -7.70794E-04
  2162 -7.68640E-04
  2163 -7.65852E-04
  2164 -7.62498E-04
  2165 -7.58646E-04
  2166 -7.54362E-04
  2167 -7.49714E-04
  2168 -7.44768E-04
  2169 -7.39592E-04
  2170 -7.34254E-04
  2171 -7.28819E-04
  2172 -7.23356E-04
  2173 -7.17931E-04
  2174 -7.12613E-04
  2175 -7.07467E-04
  2176 -7.02546E-04
  2177 -6.97844E-04
  2178 -6.93342E-04
  2179 -6.89017E-04
  2180 -6.84850E-04
  2181 -6.80819E-04
  2182 -6.76904E-04
  2183 -6.73085E-04
  2184 -6.69340E-04
  2185 -6.65649E-04
  2186 -6.61991E-04
  2187 -6.58345E-04
  2188 -6.54692E-04
  2189 -6.51010E-04
  2190 -6.47278E-04
  2191 -6.43473E-04
  2192 -6.39558E-04
  2193 -6.35493E-04
  2194 -6.31240E-04
  2195 -6.26757E-04
  2196 -6.22006E-04
  2197 -6.16946E-04
  2198 -6.11539E-04
  2199 -6.05744E-04
  2200 -5.99521E-04
  2201 -5.92832E-04
  2202 -5.85636E-04
  2203 -5.77894E-04
  2204 -5.69565E-04
  2205 -5.60611E-04
  2206 -5.51003E-04
  2207 -5.40762E-04
  2208 -5.29920E-04
  2209 -5.18509E-04
  2210 -5.06561E-04
  2211 -4.94107E-04
  2212 -4.81181E-04
  2213 -4.67814E-04
  2214 -4.54038E-04
  2215 -4.39886E-04
  2216 -4.25389E-04
  2217 -4.10580E-04
  2218 -3.95490E-04
  2219 -3.80153E-04
  2220 -3.64598E-04
  2221 -3.48849E-04
  2222 -3.32878E-04
  2223 -3.16649E-04
  2224 -3.00125E-04
  2225 -2.83268E-04
  2226 -2.66042E-04
  2227 -2.48410E-04
  2228 -2.30335E-04
  2229 -2.11779E-04
  2230 -1.92705E-04
  2231 -1.73077E-04
  2232 -1.52857E-04
  2233 -1.32009E-04
  2234 -1.10495E-04
  2235 -8.82781E-05
  2236 -6.53369E-05
  2237 -4.17109E-05
  2238 -1.74549E-05
  2239  7.37610E-06
  2240  3.27272E-05
  2241  5.85435E-05
  2242  8.47701E-05
  2243  1.11352E-04
  2244  1.38234E-04
  2245  1.65362E-04
  2246  1.92681E-04
  2247  2.20135E-04
  2248  2.47670E-04
  2249  2.75231E-04
  2250  3.02762E-04
  2251  3.30254E-04
  2252  3.57868E-04
  2253  3.85811E-04
  2254  4.14289E-04
  2255  4.43510E-04
  2256  4.73680E-04
  2257  5.05004E-04
  2258  5.37691E-04
  2259  5.71946E-04
  2260  6.07975E-04
  2261  6.45986E-04
  2262  6.86185E-04
  2263  7.28779E-04
  2264  7.73973E-04
  2265  8.21975E-04
  2266  8.72944E-04
  2267  9.26848E-04
  2268  9.83608E-04
  2269  1.04315E-03
  2270  1.10538E-03
  2271  1.17024E-03
  2272  1.23764E-03
  2273  1.30750E-03
  2274  1.37975E-03
  2275  1.45430E-03
  2276  1.53108E-03
  2277  1.61001E-03
  2278  1.69101E-03
  2279  1.77399E-03
  2280  1.85889E-03
  2281  1.94559E-03
  2282  2.03383E-03
  2283  2.12334E-03
  2284  2.21382E-03
  2285  2.30500E-03
  2286  2.39658E-03
  2287  2.48828E-03
  2288  2.57982E-03
  2289  2.67091E-03
  2290  2.76126E-03
  2291  2.85059E-03
  2292  2.93862E-03
  2293  3.02505E-03
  2294  3.10961E-03
  2295  3.19201E-03
  2296  3.27207E-03
  2297  3.35012E-03
  2298  3.42657E-03
  2299  3.50184E-03
  2300  3.57638E-03
  2301  3.65060E-03
  2302  3.72492E-03
  2303  3.79978E-03
  2304  3.87560E-03
  2305  3.95280E-03
  2306  4.03181E-03
  2307  4.11306E-03
  2308  4.19698E-03
  2309  4.28398E-03
  2310  4.37449E-03
  2311  4.46873E-03
  2312  4.56603E-03
  2313  4.66550E-03
  2314  4.76626E-03
  2315  4.86743E-03
  2316  4.96812E-03
  2317  5.06745E-03
  2318  5.16453E-03
  2319  5.25849E-03
  2320  5.34844E-03
  2321  5.43349E-03
  2322  5.51276E-03
  2323  5.58538E-03
  2324  5.65044E-03
  2325  5.70708E-03
  2326  5.75468E-03
  2327  5.79372E-03
  2328  5.82494E-03
  2329  5.84909E-03
  2330  5.86693E-03
  2331  5.87919E-03
  2332  5.88663E-03
  2333  5.88999E-03
  2334  5.89003E-03
  2335  5.88749E-03
  2336  5.88312E-03
  2337  5.87766E-03
  2338  5.87187E-03
  2339  5.86650E-03
  2340  5.86228E-03
  2341  5.85984E-03
  2342  5.85924E-03
  2343  5.86041E-03
  2344  5.86327E-03
  2345  5.86775E-03
  2346  5.87378E-03
  2347  5.88130E-03
  2348  5.89022E-03
  2349  5.90047E-03
  2350  5.91199E-03
  2351  5.92471E-03
  2352  5.93854E-03
  2353  5.95342E-03
  2354  5.96928E-03
  2355  5.98605E-03
  2356  6.00362E-03
  2357  6.02181E-03
  2358  6.04038E-03
  2359  6.05911E-03
  2360  6.07778E-03
  2361  6.09618E-03
  2362  6.11406E-03
  2363  6.13121E-03
  2364  6.14741E-03
  2365  6.16244E-03
  2366  6.17606E-03
  2367  6.18806E-03
  2368  6.19821E-03
  2369  6.20630E-03
  2370  6.21209E-03
  2371  6.21539E-03
  2372  6.21612E-03
  2373  6.21422E-03
  2374  6.20966E-03
  2375  6.20237E-03
  2376  6.19229E-03
  2377  6.17939E-03
  2378  6.16361E-03
  2379  6.14488E-03
  2380  6.12317E-03
  2381  6.09842E-03
  2382  6.07058E-03
  2383  6.03959E-03
  2384  6.00540E-03
  2385  5.96796E-03
  2386  5.92735E-03
  2387  5.88420E-03
  2388  5.83924E-03
  2389  5.79324E-03
  2390  5.74695E-03
  2391  5.70111E-03
  2392  5.65649E-03
  2393  5.61383E-03
  2394  5.57389E-03
  2395  5.53741E-03
  2396  5.50516E-03
  2397  5.47787E-03
  2398  5.45632E-03
  2399  5.44124E-03
  2400  5.43339E-03
  2401  5.43323E-03
  2402  5.44004E-03
  2403  5.45279E-03
  2404  5.47048E-03
  2405  5.49208E-03
  2406  5.51659E-03
  2407  5.54298E-03
  2408  5.57024E-03
  2409  5.59735E-03
  2410  5.62329E-03
  2411  5.64706E-03
  2412  5.66763E-03
  2413  5.68398E-03
  2414  5.69510E-03
  2415  5.69998E-03
  2416  5.69785E-03
  2417  5.68896E-03
  2418  5.67383E-03
  2419  5.65295E-03
  2420  5.62684E-03
  2421  5.59600E-03
  2422  5.56094E-03
  2423  5.52216E-03
  2424  5.48018E-03
  2425  5.43550E-03
  2426  5.38862E-03
  2427  5.34006E-03
  2428  5.29031E-03
  2429  5.23990E-03
  2430  5.18932E-03
  2431  5.13902E-03
  2432  5.08925E-03
  2433  5.04018E-03
  2434  4.99200E-03
  2435  4.94489E-03
  2436  4.89903E-03
  2437  4.85459E-03
  2438  4.81178E-03
  2439  4.77075E-03
  2440  4.73171E-03
  2441  4.69482E-03
  2442  4.66027E-03
  2443  4.62825E-03
  2444  4.59893E-03
  2445  4.57249E-03
  2446  4.54902E-03
  2447  4.52814E-03
  2448  4.50940E-03
  2449  4.49233E-03
  2450  4.47646E-03
  2451  4.46132E-03
  2452  4.44645E-03
  2453  4.43139E-03
  2454  4.41566E-03
  2455  4.39880E-03
  2456  4.38034E-03
  2457  4.35982E-03
  2458  4.33677E-03
  2459  4.31072E-03
  2460  4.28121E-03
  2461  4.24789E-03
  2462  4.21097E-03
  2463  4.17074E-03
  2464  4.12752E-03
  2465  4.08163E-03
  2466  4.03338E-03
  2467  3.98308E-03
  2468  3.93105E-03
  2469  3.87760E-03
  2470  3.82304E-03
  2471  3.76769E-03
  2472  3.71187E-03
  2473  3.65588E-03
  2474  3.60004E-03
  2475  3.54466E-03
  2476  3.48999E-03
  2477  3.43599E-03
  2478  3.38255E-03
  2479  3.32956E-03
  2480  3.27691E-03
  2481  3.22450E-03
  2482  3.17221E-03
  2483  3.11994E-03
  2484  3.06757E-03
  2485  3.01501E-03
  2486  2.96213E-03
  2487  2.90883E-03
  2488  2.85501E-03
  2489  2.80055E-03
  2490  2.74535E-03
  2491  2.68933E-03
  2492  2.63254E-03
  2493  2.57508E-03
  2494  2.51705E-03
  2495  2.45853E-03
  2496  2.39961E-03
  2497  2.34039E-03
  2498  2.28096E-03
  2499  2.22141E-03
  2500  2.16184E-03
  2501  2.10232E-03
  2502  2.04296E-03
  2503  1.98385E-03
  2504  1.92508E-03
  2505  1.86674E-03
  2506  1.80891E-03
  2507  1.75167E-03
  2508  1.69506E-03
  2509  1.63913E-03
  2510  1.58395E-03
  2511  1.52958E-03
  2512  1.47605E-03
  2513  1.42344E-03
  2514  1.37180E-03
  2515  1.32118E-03
  2516  1.27163E-03
  2517  1.22322E-03
  2518  1.17600E-03
  2519  1.13002E-03
  2520  1.08535E-03
  2521  1.04201E-03
  2522  9.99994E-04
  2523  9.59260E-04
  2524  9.19774E-04
  2525  8.81498E-04
  2526  8.44397E-04
  2527  8.08435E-04
  2528  7.73575E-04
  2529  7.39781E-04
  2530  7.07018E-04
  2531  6.75248E-04
  2532  6.44436E-04
  2533  6.14546E-04
  2534  5.85540E-04
  2535  5.57385E-04
  2536  5.30046E-04
  2537  5.03509E-04
  2538  4.77763E-04
  2539  4.52797E-04
  2540  4.28600E-04
  2541  4.05161E-04
  2542  3.82469E-04
  2543  3.60512E-04
  2544  3.39281E-04
  2545  3.18764E-04
  2546  2.98949E-04
  2547  2.79826E-04
  2548  2.61385E-04
  2549  2.43613E-04
  2550  2.26500E-04
  2551  2.10032E-04
  2552  1.94184E-04
  2553  1.78930E-04
  2554  1.64243E-04
  2555  1.50094E-04
  2556  1.36457E-04
  2557  1.23304E-04
  2558  1.10608E-04
  2559  9.83429E-05
  2560  8.64802E-05
  2561  7.49930E-05
  2562  6.38540E-05
  2563  5.30362E-05
  2564  4.25121E-05
  2565  3.22547E-05
  2566  2.22413E-05
  2567  1.24683E-05
  2568  2.93668E-06
  2569 -6.35267E-06
  2570 -1.53987E-05
  2571 -2.42005E-05
  2572 -3.27570E-05
  2573 -4.10672E-05
  2574 -4.91303E-05
  2575 -5.69451E-05
  2576 -6.45107E-05
  2577 -7.18261E-05
  2578 -7.88904E-05
  2579 -8.57025E-05
  2580 -9.22615E-05
  2581 -9.85688E-05
  2582 -1.04635E-04
  2583 -1.10472E-04
  2584 -1.16095E-04
  2585 -1.21514E-04
  2586 -1.26744E-04
  2587 -1.31797E-04
  2588 -1.36687E-04
  2589 -1.41425E-04
  2590 -1.46025E-04
  2591 -1.50499E-04
  2592 -1.54862E-04
  2593 -1.59125E-04
  2594 -1.63301E-04
  2595 -1.67403E-04
  2596 -1.71440E-04
  2597 -1.75400E-04
  2598 -1.79266E-04
  2599 -1.83022E-04
  2600 -1.86651E-04
  2601 -1.90139E-04
  2602 -1.93467E-04
  2603 -1.96619E-04
  2604 -1.99580E-04
  2605 -2.02333E-04
  2606 -2.04861E-04
  2607 -2.07149E-04
  2608 -2.09179E-04
  2609 -2.10936E-04
  2610 -2.12403E-04
  2611 -2.13570E-04
  2612 -2.14456E-04
  2613 -2.15083E-04
  2614 -2.15477E-04
  2615 -2.15661E-04
  2616 -2.15659E-04
  2617 -2.15496E-04
  2618 -2.15197E-04
  2619 -2.14784E-04
  2620 -2.14282E-04
  2621 -2.13716E-04
  2622 -2.13110E-04
  2623 -2.12487E-04
  2624 -2.11872E-04
  2625 -2.11289E-04
  2626 -2.10758E-04
  2627 -2.10283E-04
  2628 -2.09861E-04
  2629 -2.09492E-04
  2630 -2.09174E-04
  2631 -2.08906E-04
  2632 -2.08688E-04
  2633 -2.08517E-04
  2634 -2.08393E-04
  2635 -2.08314E-04
  2636 -2.08280E-04
  2637 -2.08288E-04
  2638 -2.08339E-04
  2639 -2.08430E-04
  2640 -2.08560E-04
  2641 -2.08728E-04
  2642 -2.08924E-04
  2643 -2.09140E-04
  2644 -2.09367E-04
  2645 -2.09595E-04
  2646 -2.09814E-04
  2647 -2.10017E-04
  2648 -2.10193E-04
  2649 -2.10333E-04
  2650 -2.10428E-04
  2651 -2.10468E-04
  2652 -2.10445E-04
  2653 -2.10349E-04
  2654 -2.10171E-04
  2655 -2.09902E-04
  2656 -2.09535E-04
  2657 -2.09077E-04
  2658 -2.08537E-04
  2659 -2.07925E-04
  2660 -2.07250E-04
  2661 -2.06522E-04
  2662 -2.05751E-04
  2663 -2.04945E-04
  2664 -2.04114E-04
  2665 -2.03268E-04
  2666 -2.02416E-04
  2667 -2.01567E-04
  2668 -2.00732E-04
  2669 -1.99919E-04
  2670 -1.99138E-04
  2671 -1.98398E-04
  2672 -1.97699E-04
  2673 -1.97042E-04
  2674 -1.96427E-04
  2675 -1.95854E-04
  2676 -1.95325E-04
  2677 -1.94837E-04
  2678 -1.94394E-04
  2679 -1.93993E-04
  2680 -1.93636E-04
  2681 -1.93322E-04
  2682 -1.93052E-04
  2683 -1.92827E-04
  2684 -1.92646E-04
  2685 -1.92509E-04
  2686 -1.92415E-04
  2687 -1.92349E-04
  2688 -1.92295E-04
  2689 -1.92237E-04
  2690 -1.92158E-04
  2691 -1.92043E-04
  2692 -1.91874E-04
  2693 -1.91636E-04
  2694 -1.91312E-04
  2695 -1.90887E-04
  2696 -1.90342E-04
  2697 -1.89663E-04
  2698 -1.88833E-04
  2699 -1.87836E-04
  2700 -1.86654E-04
  2701 -1.85282E-04
  2702 -1.83743E-04
  2703 -1.82073E-04
  2704 -1.80306E-04
  2705 -1.78476E-04
  2706 -1.76618E-04
  2707 -1.74765E-04
  2708 -1.72953E-04
  2709 -1.71215E-04
  2710 -1.69585E-04
  2711 -1.68099E-04
  2712 -1.66790E-04
  2713 -1.65693E-04
  2714 -1.64841E-04
  2715 -1.64270E-04
  2716 -1.64000E-04
  2717 -1.64004E-04
  2718 -1.64239E-04
  2719 -1.64664E-04
  2720 -1.65238E-04
  2721 -1.65919E-04
  2722 -1.66665E-04
  2723 -1.67436E-04
  2724 -1.68189E-04
  2725 -1.68883E-04
  2726 -1.69477E-04
  2727 -1.69930E-04
  2728 -1.70198E-04
  2729 -1.70242E-04
  2730 -1.70020E-04
  2731 -1.69503E-04
  2732 -1.68710E-04
  2733 -1.67675E-04
  2734 -1.66429E-04
  2735 -1.65007E-04
  2736 -1.63439E-04
  2737 -1.61760E-04
  2738 -1.60001E-04
  2739 -1.58196E-04
  2740 -1.56376E-04
  2741 -1.54574E-04
  2742 -1.52824E-04
  2743 -1.51157E-04
  2744 -1.49606E-04
  2745 -1.48204E-04
  2746 -1.46976E-04
  2747 -1.45918E-04
  2748 -1.45017E-04
  2749 -1.44261E-04
  2750 -1.43639E-04
  2751 -1.43138E-04
  2752 -1.42746E-04
  2753 -1.42451E-04
  2754 -1.42242E-04
  2755 -1.42106E-04
  2756 -1.42031E-04
  2757 -1.42005E-04
  2758 -1.42017E-04
  2759 -1.42053E-04
  2760 -1.42103E-04
  2761 -1.42155E-04
  2762 -1.42202E-04
  2763 -1.42241E-04
  2764 -1.42266E-04
  2765 -1.42271E-04
  2766 -1.42253E-04
  2767 -1.42205E-04
  2768 -1.42123E-04
  2769 -1.42002E-04
  2770 -1.41836E-04
  2771 -1.41622E-04
  2772 -1.41353E-04
  2773 -1.41024E-04
  2774 -1.40631E-04
  2775 -1.40169E-04
  2776 -1.39633E-04
  2777 -1.39027E-04
  2778 -1.38352E-04
  2779 -1.37612E-04
  2780 -1.36812E-04
  2781 -1.35952E-04
  2782 -1.35038E-04
  2783 -1.34073E-04
  2784 -1.33058E-04
  2785 -1.31999E-04
  2786 -1.30898E-04
  2787 -1.29758E-04
  2788 -1.28582E-04
  2789 -1.27374E-04
  2790 -1.26138E-04
  2791 -1.24877E-04
  2792 -1.23602E-04
  2793 -1.22326E-04
  2794 -1.21059E-04
  2795 -1.19814E-04
  2796 -1.18602E-04
  2797 -1.17435E-04
  2798 -1.16326E-04
  2799 -1.15285E-04
  2800 -1.14325E-04
  2801 -1.13457E-04
  2802 -1.12694E-04
  2803 -1.12046E-04
  2804 -1.11527E-04
  2805 -1.11148E-04
  2806 -1.10914E-04
  2807 -1.10811E-04
  2808 -1.10818E-04
  2809 -1.10913E-04
  2810 -1.11077E-04
  2811 -1.11287E-04
  2812 -1.11523E-04
  2813 -1.11764E-04
  2814 -1.11990E-04
  2815 -1.12179E-04
  2816 -1.12310E-04
  2817 -1.12362E-04
  2818 -1.12315E-04
  2819 -1.12147E-04
  2820 -1.11838E-04
  2821 -1.11374E-04
  2822 -1.10766E-04
  2823 -1.10035E-04
  2824 -1.09199E-04
  2825 -1.08278E-04
  2826 -1.07292E-04
  2827 -1.06259E-04
  2828 -1.05198E-04
  2829 -1.04131E-04
  2830 -1.03074E-04
  2831 -1.02048E-04
  2832 -1.01073E-04
  2833 -1.00167E-04
  2834 -9.93493E-05
  2835 -9.86399E-05
  2836 -9.80521E-05
  2837 -9.75758E-05
  2838 -9.71954E-05
  2839 -9.68950E-05
  2840 -9.66589E-05
  2841 -9.64713E-05
  2842 -9.63165E-05
  2843 -9.61786E-05
  2844 -9.60420E-05
  2845 -9.58908E-05
  2846 -9.57093E-05
  2847 -9.54817E-05
  2848 -9.51922E-05
  2849 -9.48251E-05
  2850 -9.43646E-05
  2851 -9.37998E-05
  2852 -9.31390E-05
  2853 -9.23954E-05
  2854 -9.15821E-05
  2855 -9.07124E-05
  2856 -8.97995E-05
  2857 -8.88564E-05
  2858 -8.78965E-05
  2859 -8.69328E-05
  2860 -8.59786E-05
  2861 -8.50470E-05
  2862 -8.41512E-05
  2863 -8.33045E-05
  2864 -8.25199E-05
  2865 -8.18106E-05
  2866 -8.11860E-05
  2867 -8.06400E-05
  2868 -8.01627E-05
  2869 -7.97442E-05
  2870 -7.93745E-05
  2871 -7.90436E-05
  2872 -7.87418E-05
  2873 -7.84590E-05
  2874 -7.81853E-05
  2875 -7.79109E-05
  2876 -7.76257E-05
  2877 -7.73198E-05
  2878 -7.69834E-05
  2879 -7.66064E-05
  2880 -7.61791E-05
  2881 -7.56945E-05
  2882 -7.51583E-05
  2883 -7.45792E-05
  2884 -7.39660E-05
  2885 -7.33275E-05
  2886 -7.26723E-05
  2887 -7.20093E-05
  2888 -7.13472E-05
  2889 -7.06948E-05
  2890 -7.00607E-05
  2891 -6.94538E-05
  2892 -6.88828E-05
  2893 -6.83565E-05
  2894 -6.78835E-05
  2895 -6.74727E-05
  2896 -6.71297E-05
  2897 -6.68478E-05
  2898 -6.66174E-05
  2899 -6.64286E-05
  2900 -6.62718E-05
  2901 -6.61371E-05
  2902 -6.60149E-05
  2903 -6.58953E-05
  2904 -6.57687E-05
  2905 -6.56254E-05
  2906 -6.54555E-05
  2907 -6.52493E-05
  2908 -6.49971E-05
  2909 -6.46891E-05
  2910 -6.43156E-05
  2911 -6.38698E-05
  2912 -6.33572E-05
  2913 -6.27860E-05
  2914 -6.21646E-05
  2915 -6.15013E-05
  2916 -6.08044E-05
  2917 -6.00824E-05
  2918 -5.93436E-05
  2919 -5.85962E-05
  2920 -5.78487E-05
  2921 -5.71094E-05
  2922 -5.63866E-05
  2923 -5.56887E-05
  2924 -5.50240E-05
  2925 -5.44009E-05
  2926 -5.38258E-05
  2927 -5.32976E-05
  2928 -5.28134E-05
  2929 -5.23701E-05
  2930 -5.19647E-05
  2931 -5.15942E-05
  2932 -5.12557E-05
  2933 -5.09461E-05
  2934 -5.06625E-05
  2935 -5.04019E-05
  2936 -5.01612E-05
  2937 -4.99374E-05
  2938 -4.97277E-05
  2939 -4.95289E-05
  2940 -4.93380E-05
  2941 -4.91513E-05
  2942 -4.89609E-05
  2943 -4.87584E-05
  2944 -4.85351E-05
  2945 -4.82825E-05
  2946 -4.79920E-05
  2947 -4.76551E-05
  2948 -4.72631E-05
  2949 -4.68075E-05
  2950 -4.62796E-05
  2951 -4.56710E-05
  2952 -4.49731E-05
  2953 -4.41772E-05
  2954 -4.32749E-05
  2955 -4.22575E-05
  2956 -4.11216E-05
  2957 -3.98849E-05
  2958 -3.85701E-05
  2959 -3.72000E-05
  2960 -3.57973E-05
  2961 -3.43850E-05
  2962 -3.29856E-05
  2963 -3.16221E-05
  2964 -3.03172E-05
  2965 -2.90937E-05
  2966 -2.79743E-05
  2967 -2.69819E-05
  2968 -2.61392E-05
  2969 -2.54690E-05
  2970 -2.49941E-05
  2971 -2.47264E-05
  2972 -2.46343E-05
  2973 -2.46754E-05
  2974 -2.48072E-05
  2975 -2.49874E-05
  2976 -2.51734E-05
  2977 -2.53228E-05
  2978 -2.53932E-05
  2979 -2.53420E-05
  2980 -2.51270E-05
  2981 -2.47056E-05
  2982 -2.40354E-05
  2983 -2.30740E-05
  2984 -2.17789E-05
  2985 -2.01076E-05
  2986 -1.80357E-05
  2987 -1.56104E-05
  2988 -1.28969E-05
  2989 -9.96033E-06
  2990 -6.86600E-06
  2991 -3.67903E-06
  2992 -4.64620E-07
  2993  2.71204E-06
  2994  5.78577E-06
  2995  8.69137E-06
  2996  1.13637E-05
  2997  1.37374E-05
  2998  1.57475E-05
  2999  1.73287E-05
  3000  1.84158E-05
  3001  1.89641E-05
  3002  1.90104E-05
  3003  1.86120E-05
  3004  1.78262E-05
  3005  1.67103E-05
  3006  1.53216E-05
  3007  1.37174E-05
  3008  1.19550E-05
  3009  1.00916E-05
  3010  8.18459E-06
  3011  6.29122E-06
  3012  4.46878E-06
  3013  2.77457E-06
  3014  1.26588E-06
  3015  0.00000E+00
  3016 -9.80330E-07
  3017 -1.69057E-06
  3018 -2.16073E-06
  3019 -2.42081E-06
  3020 -2.50084E-06
  3021 -2.43082E-06
  3022 -2.24075E-06
  3023 -1.96066E-06
  3024 -1.62055E-06
  3025 -1.25042E-06
  3026 -8.80296E-07
  3027 -5.40182E-07
  3028 -2.60088E-07
  3029 -7.00236E-08
  3030  0.00000E+00
  3031 -8.00278E-08
  3032 -3.40115E-07
  3033 -8.10273E-07
  3034 -1.52051E-06
  3035 -2.50084E-06
  3036 -3.78127E-06
  3037 -5.39181E-06
  3038 -7.36248E-06
  3039 -9.72327E-06
  3040 -1.25042E-05
  3041 -1.57353E-05
  3042 -1.94465E-05
  3043 -2.36680E-05
  3044 -2.84296E-05
  3045 -3.37614E-05
