    45  0.00000E+00
    46 -2.44433E-35
    47 -4.30656E-35
    48 -5.64044E-35
    49 -6.49972E-35
    50 -6.93814E-35
    51 -7.00946E-35
    52 -6.76743E-35
    53 -6.26578E-35
    54 -5.55827E-35
    55 -4.69865E-35
    56 -3.74066E-35
    57 -2.73805E-35
    58 -1.74457E-35
    59 -8.13973E-36
    60  0.00000E+00
    61  6.54957E-36
    62  1.15394E-35
    63  1.51136E-35
    64  1.74160E-35
    65  1.85908E-35
    66  1.87819E-35
    67  1.81334E-35
    68  1.67892E-35
    69  1.48935E-35
    70  1.25901E-35
    71  1.00232E-35
    72  7.33668E-36
    73  4.67464E-36
    74  2.18108E-36
    75  0.00000E+00
    76 -1.75501E-36
    77 -3.09209E-36
    78 -4.04985E-36
    79 -4.66685E-36
    80 -4.98170E-36
    81 -5.03296E-36
    82 -4.85924E-36
    83 -4.49910E-36
    84 -3.99115E-36
    85 -3.37397E-36
    86 -2.68613E-36
    87 -1.96623E-36
    88 -1.25285E-36
    89 -5.84580E-37
    90  0.00000E+00
    91  4.70453E-37
    92  8.28954E-37
    93  1.08583E-36
    94  1.25140E-36
    95  1.33600E-36
    96  1.34995E-36
    97  1.30357E-36
    98  1.20720E-36
    99  1.07116E-36
   100  9.05763E-37
   101  7.21350E-37
   102  5.28241E-37
   103  3.36763E-37
   104  1.57240E-37
   105  0.00000E+00
   106 -1.47096E-37
   107 -2.23723E-37
   108 -2.93467E-37
   109 -3.38755E-37
   110 -3.62305E-37
   111 -3.66834E-37
   112 -3.55059E-37
   113 -3.29698E-37
   114 -2.93467E-37
   115 -2.49085E-37
   116 -1.99268E-37
   117 -1.46734E-37
   118 -9.41994E-38
   119 -4.43824E-38
   120  0.00000E+00
   121  3.67740E-38
   122  6.59395E-38
   123  8.80401E-38
   124  1.03619E-37
   125  1.13220E-37
   126  1.17387E-37
   127  8.67618E-38
   128  8.03304E-38
   129  7.12598E-38
   130  6.02390E-38
   131  7.57218E-38
   132  5.86934E-38
   133  4.00347E-38
   134  0.00000E+00
   135  0.00000E+00
   136  0.00000E+00
   137  0.00000E+00
   138  0.00000E+00
   139  0.00000E+00
   140 -3.03373E-38
   141 -3.14537E-38
   142 -3.12596E-38
   143 -2.99004E-38
   144  0.00000E+00
   145  0.00000E+00
   146  0.00000E+00
   147  0.00000E+00
   148  0.00000E+00
   149  0.00000E+00
   150  0.00000E+00
   151  0.00000E+00
   152  0.00000E+00
   153  0.00000E+00
   154  0.00000E+00
   155  0.00000E+00
   156  0.00000E+00
   157  0.00000E+00
   158  0.00000E+00
   159  0.00000E+00
   160  0.00000E+00
   161  0.00000E+00
   162  0.00000E+00
   163  0.00000E+00
   164  0.00000E+00
   165  0.00000E+00
   166  0.00000E+00
   167  0.00000E+00
   168  0.00000E+00
   169  0.00000E+00
   170  0.00000E+00
   171  0.00000E+00
   172  0.00000E+00
   173  0.00000E+00
   174  0.00000E+00
   175  0.00000E+00
   176  0.00000E+00
   177  0.00000E+00
   178  0.00000E+00
   179  0.00000E+00
   180  0.00000E+00
   181  0.00000E+00
   182  0.00000E+00
   183  0.00000E+00
   184  0.00000E+00
   185  0.00000E+00
   186  0.00000E+00
   187  0.00000E+00
   188  0.00000E+00
   189  0.00000E+00
   190  0.00000E+00
   191  0.00000E+00
   192  0.00000E+00
   193  0.00000E+00
   194  0.00000E+00
   195  0.00000E+00
   196  0.00000E+00
   197  0.00000E+00
   198  0.00000E+00
   199  0.00000E+00
   200  0.00000E+00
   201  0.00000E+00
   202  0.00000E+00
   203  0.00000E+00
   204  0.00000E+00
   205  0.00000E+00
   206  0.00000E+00
   207  0.00000E+00
   208  0.00000E+00
   209  0.00000E+00
   210  0.00000E+00
   211  0.00000E+00
   212  0.00000E+00
   213  0.00000E+00
   214  0.00000E+00
   215  0.00000E+00
   216  0.00000E+00
   217  0.00000E+00
   218  0.00000E+00
   219  0.00000E+00
   220  0.00000E+00
   221  0.00000E+00
   222  0.00000E+00
   223  0.00000E+00
   224  0.00000E+00
   225  0.00000E+00
   226  0.00000E+00
   227  0.00000E+00
   228  0.00000E+00
   229  0.00000E+00
   230  0.00000E+00
   231  0.00000E+00
   232  0.00000E+00
   233  0.00000E+00
   234  0.00000E+00
   235  0.00000E+00
   236  0.00000E+00
   237  0.00000E+00
   238  0.00000E+00
   239  0.00000E+00
   240  0.00000E+00
   241  0.00000E+00
   242  0.00000E+00
   243  0.00000E+00
   244  0.00000E+00
   245  0.00000E+00
   246  0.00000E+00
   247  0.00000E+00
   248  0.00000E+00
   249  0.00000E+00
   250  0.00000E+00
   251  0.00000E+00
   252  0.00000E+00
   253  0.00000E+00
   254  0.00000E+00
   255  0.00000E+00
   256  0.00000E+00
   257  0.00000E+00
   258  0.00000E+00
   259  0.00000E+00
   260  0.00000E+00
   261  0.00000E+00
   262  0.00000E+00
   263  0.00000E+00
   264  0.00000E+00
   265  0.00000E+00
   266  0.00000E+00
   267  0.00000E+00
   268  0.00000E+00
   269  0.00000E+00
   270  0.00000E+00
   271  0.00000E+00
   272  0.00000E+00
   273  0.00000E+00
   274  0.00000E+00
   275  0.00000E+00
   276  0.00000E+00
   277  0.00000E+00
   278  0.00000E+00
   279  0.00000E+00
   280  0.00000E+00
   281  0.00000E+00
   282  0.00000E+00
   283  0.00000E+00
   284  0.00000E+00
   285  0.00000E+00
   286  0.00000E+00
   287  0.00000E+00
   288  0.00000E+00
   289  0.00000E+00
   290  0.00000E+00
   291  0.00000E+00
   292  0.00000E+00
   293  0.00000E+00
   294  0.00000E+00
   295  0.00000E+00
   296  0.00000E+00
   297  0.00000E+00
   298  0.00000E+00
   299  0.00000E+00
   300  0.00000E+00
   301  0.00000E+00
   302  0.00000E+00
   303  0.00000E+00
   304  0.00000E+00
   305  0.00000E+00
   306  0.00000E+00
   307  0.00000E+00
   308  0.00000E+00
   309  0.00000E+00
   310  0.00000E+00
   311  0.00000E+00
   312  0.00000E+00
   313  0.00000E+00
   314  0.00000E+00
   315  0.00000E+00
   316  0.00000E+00
   317  0.00000E+00
   318  0.00000E+00
   319  0.00000E+00
   320  0.00000E+00
   321  0.00000E+00
   322  0.00000E+00
   323  0.00000E+00
   324  0.00000E+00
   325  0.00000E+00
   326  0.00000E+00
   327  0.00000E+00
   328  0.00000E+00
   329  0.00000E+00
   330  0.00000E+00
   331  0.00000E+00
   332  0.00000E+00
   333  0.00000E+00
   334  0.00000E+00
   335  0.00000E+00
   336  0.00000E+00
   337  0.00000E+00
   338  0.00000E+00
   339  0.00000E+00
   340  0.00000E+00
   341  0.00000E+00
   342  0.00000E+00
   343  0.00000E+00
   344  0.00000E+00
   345  0.00000E+00
   346  0.00000E+00
   347  0.00000E+00
   348  0.00000E+00
   349  0.00000E+00
   350  0.00000E+00
   351  0.00000E+00
   352  0.00000E+00
   353  0.00000E+00
   354  0.00000E+00
   355  0.00000E+00
   356  0.00000E+00
   357  0.00000E+00
   358  0.00000E+00
   359  0.00000E+00
   360  0.00000E+00
   361  0.00000E+00
   362  0.00000E+00
   363  0.00000E+00
   364  0.00000E+00
   365  0.00000E+00
   366  0.00000E+00
   367  0.00000E+00
   368  0.00000E+00
   369  0.00000E+00
   370  0.00000E+00
   371  0.00000E+00
   372  0.00000E+00
   373  0.00000E+00
   374  0.00000E+00
   375  0.00000E+00
   376  0.00000E+00
   377  0.00000E+00
   378  0.00000E+00
   379  0.00000E+00
   380  0.00000E+00
   381  0.00000E+00
   382  0.00000E+00
   383  0.00000E+00
   384  0.00000E+00
   385  0.00000E+00
   386  0.00000E+00
   387  0.00000E+00
   388  0.00000E+00
   389  0.00000E+00
   390  0.00000E+00
   391  0.00000E+00
   392  0.00000E+00
   393  0.00000E+00
   394  0.00000E+00
   395  0.00000E+00
   396  0.00000E+00
   397  0.00000E+00
   398  0.00000E+00
   399  0.00000E+00
   400  0.00000E+00
   401  0.00000E+00
   402  0.00000E+00
   403  0.00000E+00
   404  0.00000E+00
   405  0.00000E+00
   406  0.00000E+00
   407  0.00000E+00
   408  0.00000E+00
   409  0.00000E+00
   410  0.00000E+00
   411  0.00000E+00
   412  0.00000E+00
   413  0.00000E+00
   414  0.00000E+00
   415  0.00000E+00
   416  0.00000E+00
   417  0.00000E+00
   418  0.00000E+00
   419  0.00000E+00
   420  0.00000E+00
   421  0.00000E+00
   422  0.00000E+00
   423  0.00000E+00
   424  0.00000E+00
   425  0.00000E+00
   426  0.00000E+00
   427  0.00000E+00
   428  0.00000E+00
   429  0.00000E+00
   430  0.00000E+00
   431  0.00000E+00
   432  0.00000E+00
   433  0.00000E+00
   434  0.00000E+00
   435  0.00000E+00
   436  0.00000E+00
   437  0.00000E+00
   438  0.00000E+00
   439  0.00000E+00
   440  0.00000E+00
   441  0.00000E+00
   442  0.00000E+00
   443  0.00000E+00
   444  0.00000E+00
   445  0.00000E+00
   446  0.00000E+00
   447  0.00000E+00
   448  0.00000E+00
   449  0.00000E+00
   450  0.00000E+00
   451  0.00000E+00
   452  0.00000E+00
   453  0.00000E+00
   454  0.00000E+00
   455  0.00000E+00
   456  0.00000E+00
   457  0.00000E+00
   458  0.00000E+00
   459  0.00000E+00
   460  0.00000E+00
   461  0.00000E+00
   462  0.00000E+00
   463  0.00000E+00
   464  0.00000E+00
   465  0.00000E+00
   466  0.00000E+00
   467  0.00000E+00
   468  0.00000E+00
   469  0.00000E+00
   470  0.00000E+00
   471  0.00000E+00
   472  0.00000E+00
   473  0.00000E+00
   474  0.00000E+00
   475  0.00000E+00
   476  0.00000E+00
   477  0.00000E+00
   478  0.00000E+00
   479  0.00000E+00
   480  0.00000E+00
   481  0.00000E+00
   482  0.00000E+00
   483  0.00000E+00
   484  0.00000E+00
   485  0.00000E+00
   486  0.00000E+00
   487  0.00000E+00
   488  0.00000E+00
   489  0.00000E+00
   490  0.00000E+00
   491  0.00000E+00
   492  0.00000E+00
   493  0.00000E+00
   494  0.00000E+00
   495  0.00000E+00
   496  0.00000E+00
   497  0.00000E+00
   498  0.00000E+00
   499  0.00000E+00
   500  0.00000E+00
   501  0.00000E+00
   502  0.00000E+00
   503  0.00000E+00
   504  0.00000E+00
   505  0.00000E+00
   506  0.00000E+00
   507  0.00000E+00
   508  0.00000E+00
   509  0.00000E+00
   510  0.00000E+00
   511  0.00000E+00
   512  0.00000E+00
   513  0.00000E+00
   514  0.00000E+00
   515  0.00000E+00
   516  0.00000E+00
   517  0.00000E+00
   518  0.00000E+00
   519  0.00000E+00
   520  0.00000E+00
   521  0.00000E+00
   522  0.00000E+00
   523  0.00000E+00
   524  0.00000E+00
   525  0.00000E+00
   526  0.00000E+00
   527  0.00000E+00
   528  0.00000E+00
   529  0.00000E+00
   530  0.00000E+00
   531  0.00000E+00
   532  0.00000E+00
   533  0.00000E+00
   534  0.00000E+00
   535  0.00000E+00
   536  0.00000E+00
   537  0.00000E+00
   538  0.00000E+00
   539  0.00000E+00
   540  0.00000E+00
   541  0.00000E+00
   542  0.00000E+00
   543  0.00000E+00
   544  0.00000E+00
   545  0.00000E+00
   546  0.00000E+00
   547  0.00000E+00
   548  0.00000E+00
   549  0.00000E+00
   550  0.00000E+00
   551  0.00000E+00
   552  0.00000E+00
   553  0.00000E+00
   554  0.00000E+00
   555  0.00000E+00
   556  0.00000E+00
   557  0.00000E+00
   558  0.00000E+00
   559  0.00000E+00
   560  0.00000E+00
   561  0.00000E+00
   562  0.00000E+00
   563  0.00000E+00
   564  0.00000E+00
   565  0.00000E+00
   566  0.00000E+00
   567  0.00000E+00
   568  0.00000E+00
   569  0.00000E+00
   570  0.00000E+00
   571  0.00000E+00
   572  0.00000E+00
   573  0.00000E+00
   574  0.00000E+00
   575  0.00000E+00
   576  0.00000E+00
   577  0.00000E+00
   578  0.00000E+00
   579  0.00000E+00
   580  0.00000E+00
   581  0.00000E+00
   582  0.00000E+00
   583  0.00000E+00
   584  0.00000E+00
   585  0.00000E+00
   586  0.00000E+00
   587  0.00000E+00
   588  0.00000E+00
   589  0.00000E+00
   590  0.00000E+00
   591  0.00000E+00
   592  0.00000E+00
   593  0.00000E+00
   594  0.00000E+00
   595  0.00000E+00
   596  0.00000E+00
   597  0.00000E+00
   598  0.00000E+00
   599  0.00000E+00
   600  0.00000E+00
   601  0.00000E+00
   602  0.00000E+00
   603  0.00000E+00
   604  0.00000E+00
   605  0.00000E+00
   606  0.00000E+00
   607  0.00000E+00
   608  0.00000E+00
   609  0.00000E+00
   610  0.00000E+00
   611  0.00000E+00
   612  0.00000E+00
   613  0.00000E+00
   614  0.00000E+00
   615  0.00000E+00
   616  0.00000E+00
   617  0.00000E+00
   618  0.00000E+00
   619  0.00000E+00
   620  0.00000E+00
   621  0.00000E+00
   622  0.00000E+00
   623  0.00000E+00
   624  0.00000E+00
   625  0.00000E+00
   626  0.00000E+00
   627  0.00000E+00
   628  0.00000E+00
   629  0.00000E+00
   630  0.00000E+00
   631  0.00000E+00
   632  0.00000E+00
   633  0.00000E+00
   634  0.00000E+00
   635  0.00000E+00
   636  0.00000E+00
   637  0.00000E+00
   638  0.00000E+00
   639  0.00000E+00
   640  0.00000E+00
   641  0.00000E+00
   642  0.00000E+00
   643  0.00000E+00
   644  0.00000E+00
   645  0.00000E+00
   646  0.00000E+00
   647  0.00000E+00
   648  0.00000E+00
   649  0.00000E+00
   650  0.00000E+00
   651  0.00000E+00
   652  0.00000E+00
   653  0.00000E+00
   654  0.00000E+00
   655  0.00000E+00
   656  0.00000E+00
   657  0.00000E+00
   658  0.00000E+00
   659  0.00000E+00
   660  0.00000E+00
   661  0.00000E+00
   662  0.00000E+00
   663  0.00000E+00
   664  0.00000E+00
   665  0.00000E+00
   666  0.00000E+00
   667  0.00000E+00
   668  0.00000E+00
   669  0.00000E+00
   670  0.00000E+00
   671  0.00000E+00
   672  0.00000E+00
   673  0.00000E+00
   674  0.00000E+00
   675  0.00000E+00
   676  0.00000E+00
   677  0.00000E+00
   678  0.00000E+00
   679  0.00000E+00
   680  0.00000E+00
   681  0.00000E+00
   682  0.00000E+00
   683  0.00000E+00
   684  0.00000E+00
   685  0.00000E+00
   686  0.00000E+00
   687  0.00000E+00
   688  0.00000E+00
   689  0.00000E+00
   690  0.00000E+00
   691  0.00000E+00
   692  0.00000E+00
   693  0.00000E+00
   694  0.00000E+00
   695  0.00000E+00
   696  0.00000E+00
   697  0.00000E+00
   698  0.00000E+00
   699  0.00000E+00
   700  0.00000E+00
   701  0.00000E+00
   702  0.00000E+00
   703  0.00000E+00
   704  0.00000E+00
   705  0.00000E+00
   706  0.00000E+00
   707  0.00000E+00
   708  0.00000E+00
   709  0.00000E+00
   710  0.00000E+00
   711  0.00000E+00
   712  0.00000E+00
   713  0.00000E+00
   714  0.00000E+00
   715  0.00000E+00
   716  0.00000E+00
   717  0.00000E+00
   718  0.00000E+00
   719  0.00000E+00
   720  0.00000E+00
   721  0.00000E+00
   722  0.00000E+00
   723  0.00000E+00
   724  0.00000E+00
   725  0.00000E+00
   726  0.00000E+00
   727  0.00000E+00
   728  0.00000E+00
   729  0.00000E+00
   730  0.00000E+00
   731  0.00000E+00
   732  0.00000E+00
   733  0.00000E+00
   734  0.00000E+00
   735  0.00000E+00
   736  0.00000E+00
   737  0.00000E+00
   738  0.00000E+00
   739  0.00000E+00
   740  0.00000E+00
   741  0.00000E+00
   742  0.00000E+00
   743  0.00000E+00
   744  0.00000E+00
   745  0.00000E+00
   746  0.00000E+00
   747  0.00000E+00
   748  0.00000E+00
   749  0.00000E+00
   750  0.00000E+00
   751  0.00000E+00
   752  0.00000E+00
   753  0.00000E+00
   754  0.00000E+00
   755  0.00000E+00
   756  0.00000E+00
   757  0.00000E+00
   758  0.00000E+00
   759  0.00000E+00
   760  0.00000E+00
   761  0.00000E+00
   762  0.00000E+00
   763  0.00000E+00
   764  0.00000E+00
   765  0.00000E+00
   766  0.00000E+00
   767 -3.63079E-38
   768 -5.32296E-38
   769 -6.86728E-38
   770 -8.21445E-38
   771 -9.31519E-38
   772 -1.01202E-37
   773 -1.05802E-37
   774 -1.06459E-37
   775 -1.02681E-37
   776 -9.39733E-38
   777 -7.98445E-38
   778 -5.98012E-38
   779 -3.33507E-38
   780  0.00000E+00
   781  3.53204E-38
   782  7.57016E-38
   783  1.18811E-37
   784  1.62317E-37
   785  2.03887E-37
   786  2.41188E-37
   787  2.71889E-37
   788  2.93657E-37
   789  3.04160E-37
   790  3.01065E-37
   791  2.82040E-37
   792  2.44754E-37
   793  1.86873E-37
   794  1.24466E-37
   795  0.00000E+00
   796 -1.31818E-37
   797 -2.82522E-37
   798 -4.43410E-37
   799 -6.05776E-37
   800 -7.60916E-37
   801 -9.00127E-37
   802 -1.01470E-36
   803 -1.09594E-36
   804 -1.13514E-36
   805 -1.12359E-36
   806 -1.05259E-36
   807 -9.13434E-37
   808 -6.97420E-37
   809 -3.95844E-37
   810  0.00000E+00
   811  4.91950E-37
   812  1.05439E-36
   813  1.65483E-36
   814  2.26079E-36
   815  2.83978E-36
   816  3.35932E-36
   817  3.78692E-36
   818  4.09011E-36
   819  4.23640E-36
   820  4.19329E-36
   821  3.92832E-36
   822  3.40898E-36
   823  2.60281E-36
   824  1.47731E-36
   825  0.00000E+00
   826 -1.83598E-36
   827 -3.93503E-36
   828 -6.17590E-36
   829 -8.43737E-36
   830 -1.05982E-35
   831 -1.25371E-35
   832 -1.41330E-35
   833 -1.52645E-35
   834 -1.58104E-35
   835 -1.56496E-35
   836 -1.46607E-35
   837 -1.27225E-35
   838 -9.71381E-36
   839 -5.51339E-36
   840  0.00000E+00
   841  6.85198E-36
   842  1.46857E-35
   843  2.30488E-35
   844  3.14887E-35
   845  3.95530E-35
   846  4.67893E-35
   847  5.27451E-35
   848  5.69679E-35
   849  5.90054E-35
   850  5.84050E-35
   851  5.47144E-35
   852  4.74810E-35
   853  3.62524E-35
   854  2.05763E-35
   855  0.00000E+00
   856 -2.55719E-35
   857 -5.48079E-35
   858 -8.60192E-35
   859 -1.17517E-34
   860 -1.47614E-34
   861 -1.74620E-34
   862 -1.96847E-34
   863 -2.12607E-34
   864 -2.20211E-34
   865 -2.17970E-34
   866 -2.04197E-34
   867 -1.77201E-34
   868 -1.35296E-34
   869 -7.67916E-35
   870  0.00000E+00
   871  9.54358E-35
   872  2.04546E-34
   873  3.21028E-34
   874  4.38581E-34
   875  5.50902E-34
   876  6.51690E-34
   877  7.34644E-34
   878  7.93461E-34
   879  8.21839E-34
   880  8.13477E-34
   881  7.62073E-34
   882  6.61325E-34
   883  5.04931E-34
   884  2.86590E-34
   885  0.00000E+00
   886 -3.56171E-34
   887 -7.63375E-34
   888 -1.19809E-33
   889 -1.63681E-33
   890 -2.05599E-33
   891 -2.43214E-33
   892 -2.74173E-33
   893 -2.96124E-33
   894 -3.06714E-33
   895 -3.03594E-33
   896 -2.84409E-33
   897 -2.46810E-33
   898 -1.88443E-33
   899 -1.06957E-33
   900  0.00000E+00
   901  1.32925E-33
   902  2.84895E-33
   903  4.47134E-33
   904  6.10864E-33
   905  7.67308E-33
   906  9.07688E-33
   907  1.02323E-32
   908  1.10515E-32
   909  1.14467E-32
   910  1.13303E-32
   911  1.06143E-32
   912  9.21107E-33
   913  7.03278E-33
   914  3.99169E-33
   915  0.00000E+00
   916 -4.96083E-33
   917 -1.06324E-32
   918 -1.66873E-32
   919 -2.27978E-32
   920 -2.86363E-32
   921 -3.38754E-32
   922 -3.81873E-32
   923 -4.12447E-32
   924 -4.27198E-32
   925 -4.22851E-32
   926 -3.96131E-32
   927 -3.43762E-32
   928 -2.62467E-32
   929 -1.48972E-32
   930  0.00000E+00
   931  1.85141E-32
   932  3.96808E-32
   933  6.22778E-32
   934  8.50824E-32
   935  1.06872E-31
   936  1.26425E-31
   937  1.42517E-31
   938  1.53927E-31
   939  1.59432E-31
   940  1.57810E-31
   941  1.47838E-31
   942  1.28294E-31
   943  9.79541E-32
   944  5.55970E-32
   945  0.00000E+00
   946 -6.90954E-32
   947 -1.48091E-31
   948 -2.32424E-31
   949 -3.17532E-31
   950 -3.98852E-31
   951 -4.71823E-31
   952 -5.31881E-31
   953 -5.74464E-31
   954 -5.95010E-31
   955 -5.88956E-31
   956 -5.51740E-31
   957 -4.78798E-31
   958 -3.65569E-31
   959 -2.07491E-31
   960  0.00000E+00
   961  2.57868E-31
   962  5.52682E-31
   963  8.67417E-31
   964  1.18504E-30
   965  1.48854E-30
   966  1.76087E-30
   967  1.98501E-30
   968  2.14393E-30
   969  2.22061E-30
   970  2.19801E-30
   971  2.05912E-30
   972  1.78690E-30
   973  1.36432E-30
   974  7.74367E-31
   975  0.00000E+00
   976 -9.62375E-31
   977 -2.06264E-30
   978 -3.23725E-30
   979 -4.42265E-30
   980 -5.55530E-30
   981 -6.57164E-30
   982 -7.40815E-30
   983 -8.00126E-30
   984 -8.28742E-30
   985 -8.20310E-30
   986 -7.68474E-30
   987 -6.66880E-30
   988 -5.09173E-30
   989 -2.88998E-30
   990  0.00000E+00
   991  3.59163E-30
   992  7.69787E-30
   993  1.20816E-29
   994  1.65055E-29
   995  2.07326E-29
   996  2.45257E-29
   997  2.76476E-29
   998  2.98611E-29
   999  3.09291E-29
  1000  3.06144E-29
  1001  2.86798E-29
  1002  2.48883E-29
  1003  1.90026E-29
  1004  1.07855E-29
  1005  0.00000E+00
  1006 -1.34042E-29
  1007 -2.87289E-29
  1008 -4.50890E-29
  1009 -6.15995E-29
  1010 -7.73753E-29
  1011 -9.15312E-29
  1012 -1.03182E-28
  1013 -1.11443E-28
  1014 -1.15429E-28
  1015 -1.14254E-28
  1016 -1.07035E-28
  1017 -9.28844E-29
  1018 -7.09186E-29
  1019 -4.02522E-29
  1020  0.00000E+00
  1021  5.00250E-29
  1022  1.07218E-28
  1023  1.68274E-28
  1024  2.29893E-28
  1025  2.88769E-28
  1026  3.41599E-28
  1027  3.85081E-28
  1028  4.15911E-28
  1029  4.30786E-28
  1030  4.26403E-28
  1031  3.99459E-28
  1032  3.46649E-28
  1033  2.64672E-28
  1034  1.50223E-28
  1035  0.00000E+00
  1036 -1.86696E-28
  1037 -4.00141E-28
  1038 -6.28009E-28
  1039 -8.57971E-28
  1040 -1.07770E-27
  1041 -1.27487E-27
  1042 -1.43714E-27
  1043 -1.55220E-27
  1044 -1.60772E-27
  1045 -1.59136E-27
  1046 -1.49080E-27
  1047 -1.29371E-27
  1048 -9.87769E-28
  1049 -5.60640E-28
  1050  0.00000E+00
  1051  6.96758E-28
  1052  1.49335E-27
  1053  2.34376E-27
  1054  3.20199E-27
  1055  4.02203E-27
  1056  4.75786E-27
  1057  5.36349E-27
  1058  5.79290E-27
  1059  6.00008E-27
  1060  5.93903E-27
  1061  5.56374E-27
  1062  4.82820E-27
  1063  3.68640E-27
  1064  2.09234E-27
  1065  0.00000E+00
  1066 -2.60034E-27
  1067 -5.57325E-27
  1068 -8.74704E-27
  1069 -1.19500E-26
  1070 -1.50104E-26
  1071 -1.77566E-26
  1072 -2.00168E-26
  1073 -2.16194E-26
  1074 -2.23926E-26
  1075 -2.21648E-26
  1076 -2.07642E-26
  1077 -1.80191E-26
  1078 -1.37578E-26
  1079 -7.80872E-27
  1080  0.00000E+00
  1081  9.70459E-27
  1082  2.07997E-26
  1083  3.26444E-26
  1084  4.45980E-26
  1085  5.60196E-26
  1086  6.62685E-26
  1087  7.47038E-26
  1088  8.06847E-26
  1089  8.35704E-26
  1090  8.27201E-26
  1091  7.74929E-26
  1092  6.72482E-26
  1093  5.13450E-26
  1094  2.91425E-26
  1095  0.00000E+00
  1096 -3.62180E-26
  1097 -7.76254E-26
  1098 -1.21830E-25
  1099 -1.66442E-25
  1100 -2.09068E-25
  1101 -2.47317E-25
  1102 -2.78798E-25
  1103 -3.01119E-25
  1104 -3.11889E-25
  1105 -3.08715E-25
  1106 -2.89208E-25
  1107 -2.50974E-25
  1108 -1.91622E-25
  1109 -1.08761E-25
  1110  0.00000E+00
  1111  1.35167E-25
  1112  2.89702E-25
  1113  4.54678E-25
  1114  6.21170E-25
  1115  7.80252E-25
  1116  9.23001E-25
  1117  1.04049E-24
  1118  1.12379E-24
  1119  1.16398E-24
  1120  1.15214E-24
  1121  1.07934E-24
  1122  9.36646E-25
  1123  7.15143E-25
  1124  4.05903E-25
  1125  0.00000E+00
  1126 -5.04452E-25
  1127 -1.08118E-24
  1128 -1.69688E-24
  1129 -2.31824E-24
  1130 -2.91194E-24
  1131 -3.44469E-24
  1132 -3.88316E-24
  1133 -4.19405E-24
  1134 -4.34405E-24
  1135 -4.29985E-24
  1136 -4.02814E-24
  1137 -3.49561E-24
  1138 -2.66895E-24
  1139 -1.51485E-24
  1140  0.00000E+00
  1141  1.88264E-24
  1142  4.03503E-24
  1143  6.33284E-24
  1144  8.65178E-24
  1145  1.08675E-23
  1146  1.28557E-23
  1147  1.44921E-23
  1148  1.56524E-23
  1149  1.62122E-23
  1150  1.60473E-23
  1151  1.50332E-23
  1152  1.30458E-23
  1153  9.96066E-24
  1154  5.65350E-24
  1155  0.00000E+00
  1156 -7.02611E-24
  1157 -1.50589E-23
  1158 -2.36345E-23
  1159 -3.22889E-23
  1160 -4.05581E-23
  1161 -4.79783E-23
  1162 -5.40854E-23
  1163 -5.84156E-23
  1164 -6.05048E-23
  1165 -5.98892E-23
  1166 -5.61048E-23
  1167 -4.86876E-23
  1168 -3.71737E-23
  1169 -2.10991E-23
  1170  0.00000E+00
  1171  2.62218E-23
  1172  5.62007E-23
  1173  8.82051E-23
  1174  1.20504E-22
  1175  1.51365E-22
  1176  1.79057E-22
  1177  2.01850E-22
  1178  2.18010E-22
  1179  2.25807E-22
  1180  2.23510E-22
  1181  2.09386E-22
  1182  1.81705E-22
  1183  1.38734E-22
  1184  7.87431E-23
  1185  0.00000E+00
  1186 -9.78610E-23
  1187 -2.09744E-22
  1188 -3.29186E-22
  1189 -4.49726E-22
  1190 -5.64902E-22
  1191 -6.68251E-22
  1192 -7.53313E-22
  1193 -8.13624E-22
  1194 -8.42724E-22
  1195 -8.34149E-22
  1196 -7.81439E-22
  1197 -6.78131E-22
  1198 -5.17763E-22
  1199 -2.93873E-22
  1200  0.00000E+00
  1201  3.65222E-22
  1202  7.82774E-22
  1203  1.22854E-21
  1204  1.67840E-21
  1205  2.10824E-21
  1206  2.49395E-21
  1207  2.81140E-21
  1208  3.03649E-21
  1209  3.14509E-21
  1210  3.11309E-21
  1211  2.91637E-21
  1212  2.53082E-21
  1213  1.93232E-21
  1214  1.09675E-21
  1215  0.00000E+00
  1216 -1.36303E-21
  1217 -2.92135E-21
  1218 -4.58497E-21
  1219 -6.26387E-21
  1220 -7.86807E-21
  1221 -9.30754E-21
  1222 -1.04923E-20
  1223 -1.13323E-20
  1224 -1.17376E-20
  1225 -1.16182E-20
  1226 -1.08840E-20
  1227 -9.44514E-21
  1228 -7.21150E-21
  1229 -4.09313E-21
  1230  0.00000E+00
  1231  5.08689E-21
  1232  1.09026E-20
  1233  1.71113E-20
  1234  2.33771E-20
  1235  2.93640E-20
  1236  3.47362E-20
  1237  3.91578E-20
  1238  4.22928E-20
  1239  4.38054E-20
  1240  4.33597E-20
  1241  4.06198E-20
  1242  3.52497E-20
  1243  2.69137E-20
  1244  1.52757E-20
  1245  0.00000E+00
  1246 -1.89845E-20
  1247 -4.06892E-20
  1248 -6.38604E-20
  1249 -8.72445E-20
  1250 -1.09588E-19
  1251 -1.29637E-19
  1252 -1.46139E-19
  1253 -1.57839E-19
  1254 -1.63484E-19
  1255 -1.61821E-19
  1256 -1.51595E-19
  1257 -1.31554E-19
  1258 -1.00443E-19
  1259 -5.70099E-20
  1260  0.00000E+00
  1261  7.08512E-20
  1262  1.51854E-19
  1263  2.38330E-19
  1264  3.25601E-19
  1265  4.08988E-19
  1266  4.83813E-19
  1267  5.45397E-19
  1268  5.89063E-19
  1269  6.10131E-19
  1270  6.03923E-19
  1271  5.65760E-19
  1272  4.90966E-19
  1273  3.74859E-19
  1274  2.12764E-19
  1275  0.00000E+00
  1276 -2.64420E-19
  1277 -5.66727E-19
  1278 -8.89460E-19
  1279 -1.21516E-18
  1280 -1.52636E-18
  1281 -1.80561E-18
  1282 -2.03545E-18
  1283 -2.19841E-18
  1284 -2.27704E-18
  1285 -2.25387E-18
  1286 -2.11145E-18
  1287 -1.83231E-18
  1288 -1.39899E-18
  1289 -7.94045E-19
  1290  0.00000E+00
  1291  9.86831E-19
  1292  2.11506E-18
  1293  3.31951E-18
  1294  4.53504E-18
  1295  5.69647E-18
  1296  6.73864E-18
  1297  7.59640E-18
  1298  8.20459E-18
  1299  8.49802E-18
  1300  8.41156E-18
  1301  7.88003E-18
  1302  6.83827E-18
  1303  5.22112E-18
  1304  2.96342E-18
  1305  0.00000E+00
  1306 -3.68290E-18
  1307 -7.89349E-18
  1308 -1.23886E-17
  1309 -1.69250E-17
  1310 -2.12595E-17
  1311 -2.51490E-17
  1312 -2.83502E-17
  1313 -3.06199E-17
  1314 -3.17151E-17
  1315 -3.13924E-17
  1316 -2.94087E-17
  1317 -2.55208E-17
  1318 -1.94855E-17
  1319 -1.10596E-17
  1320  0.00000E+00
  1321  1.37448E-17
  1322  2.94589E-17
  1323  4.62348E-17
  1324  6.31649E-17
  1325  7.93415E-17
  1326  9.38572E-17
  1327  1.05804E-16
  1328  1.14275E-16
  1329  1.18362E-16
  1330  1.17158E-16
  1331  1.09755E-16
  1332  9.52448E-17
  1333  7.27208E-17
  1334  4.12751E-17
  1335  0.00000E+00
  1336 -5.12962E-17
  1337 -1.09942E-16
  1338 -1.72551E-16
  1339 -2.35735E-16
  1340 -2.96107E-16
  1341 -3.50280E-16
  1342 -3.94867E-16
  1343 -4.26481E-16
  1344 -4.41734E-16
  1345 -4.37239E-16
  1346 -4.09610E-16
  1347 -3.55458E-16
  1348 -2.71398E-16
  1349 -1.54041E-16
  1350  0.00000E+00
  1351  1.91440E-16
  1352  4.10310E-16
  1353  6.43968E-16
  1354  8.79773E-16
  1355  1.10509E-15
  1356  1.30726E-15
  1357  1.47366E-15
  1358  1.59165E-15
  1359  1.64857E-15
  1360  1.63180E-15
  1361  1.52868E-15
  1362  1.32659E-15
  1363  1.01287E-15
  1364  5.74888E-16
  1365  0.00000E+00
  1366 -7.14464E-16
  1367 -1.53130E-15
  1368 -2.40332E-15
  1369 -3.28336E-15
  1370 -4.12423E-15
  1371 -4.87877E-15
  1372 -5.49979E-15
  1373 -5.94011E-15
  1374 -6.15256E-15
  1375 -6.08996E-15
  1376 -5.70513E-15
  1377 -4.95090E-15
  1378 -3.78008E-15
  1379 -2.14551E-15
  1380  0.00000E+00
  1381  2.66642E-15
  1382  5.71488E-15
  1383  8.96931E-15
  1384  1.22537E-14
  1385  1.53919E-14
  1386  1.82078E-14
  1387  2.05255E-14
  1388  2.21688E-14
  1389  2.29617E-14
  1390  2.27280E-14
  1391  2.12918E-14
  1392  1.84770E-14
  1393  1.41075E-14
  1394  8.00715E-15
  1395  0.00000E+00
  1396 -9.95120E-15
  1397 -2.13282E-14
  1398 -3.34739E-14
  1399 -4.57313E-14
  1400 -5.74432E-14
  1401 -6.79525E-14
  1402 -7.66021E-14
  1403 -8.27350E-14
  1404 -8.56941E-14
  1405 -8.48221E-14
  1406 -7.94622E-14
  1407 -6.89571E-14
  1408 -5.26497E-14
  1409 -2.98831E-14
  1410  0.00000E+00
  1411  3.71384E-14
  1412  7.95980E-14
  1413  1.24926E-13
  1414  1.70672E-13
  1415  2.14381E-13
  1416  2.53602E-13
  1417  2.85883E-13
  1418  3.08771E-13
  1419  3.19815E-13
  1420  3.16561E-13
  1421  2.96557E-13
  1422  2.57351E-13
  1423  1.96492E-13
  1424  1.11525E-13
  1425  0.00000E+00
  1426 -1.38602E-13
  1427 -2.97064E-13
  1428 -4.66232E-13
  1429 -6.36955E-13
  1430 -8.00080E-13
  1431 -9.46456E-13
  1432 -1.06693E-12
  1433 -1.15235E-12
  1434 -1.19356E-12
  1435 -1.18142E-12
  1436 -1.10677E-12
  1437 -9.60448E-13
  1438 -7.33316E-13
  1439 -4.16218E-13
  1440  0.00000E+00
  1441  5.17271E-13
  1442  1.10866E-12
  1443  1.74000E-12
  1444  2.37715E-12
  1445  2.98594E-12
  1446  3.53222E-12
  1447  3.98184E-12
  1448  4.30063E-12
  1449  4.45444E-12
  1450  4.40912E-12
  1451  4.13050E-12
  1452  3.58444E-12
  1453  2.73677E-12
  1454  1.55335E-12
  1455  0.00000E+00
  1456 -1.93048E-12
  1457 -4.13756E-12
  1458 -6.49377E-12
  1459 -8.87164E-12
  1460 -1.11437E-11
  1461 -1.31824E-11
  1462 -1.48604E-11
  1463 -1.60502E-11
  1464 -1.66242E-11
  1465 -1.64551E-11
  1466 -1.54153E-11
  1467 -1.33773E-11
  1468 -1.02138E-11
  1469 -5.79717E-12
  1470  0.00000E+00
  1471  7.20465E-12
  1472  1.54416E-11
  1473  2.42351E-11
  1474  3.31094E-11
  1475  4.15888E-11
  1476  4.91975E-11
  1477  5.54598E-11
  1478  5.99001E-11
  1479  6.20424E-11
  1480  6.14111E-11
  1481  5.75305E-11
  1482  4.99248E-11
  1483  3.81183E-11
  1484  2.16353E-11
  1485  0.00000E+00
  1486 -2.68881E-11
  1487 -5.76288E-11
  1488 -9.04466E-11
  1489 -1.23566E-10
  1490 -1.55211E-10
  1491 -1.83608E-10
  1492 -2.06979E-10
  1493 -2.23550E-10
  1494 -2.31545E-10
  1495 -2.29189E-10
  1496 -2.14707E-10
  1497 -1.86322E-10
  1498 -1.42260E-10
  1499 -8.07441E-11
  1500  0.00000E+00
  1501  1.00348E-10
  1502  2.15074E-10
  1503  3.37551E-10
  1504  4.61154E-10
  1505  5.79257E-10
  1506  6.85233E-10
  1507  7.72456E-10
  1508  8.34300E-10
  1509  8.64139E-10
  1510  8.55346E-10
  1511  8.01297E-10
  1512  6.95363E-10
  1513  5.30920E-10
  1514  3.01341E-10
  1515  0.00000E+00
  1516 -3.74503E-10
  1517 -8.02666E-10
  1518 -1.25976E-09
  1519 -1.72105E-09
  1520 -2.16182E-09
  1521 -2.55732E-09
  1522 -2.88284E-09
  1523 -3.11365E-09
  1524 -3.22501E-09
  1525 -3.19220E-09
  1526 -2.99048E-09
  1527 -2.59513E-09
  1528 -1.98142E-09
  1529 -1.12462E-09
  1530  0.00000E+00
  1531  1.39767E-09
  1532  2.99559E-09
  1533  4.70148E-09
  1534  6.42305E-09
  1535  8.06801E-09
  1536  9.54406E-09
  1537  1.07589E-08
  1538  1.16203E-08
  1539  1.20359E-08
  1540  1.19134E-08
  1541  1.11606E-08
  1542  9.68516E-09
  1543  7.39476E-09
  1544  4.19714E-09
  1545  0.00000E+00
  1546 -5.21616E-09
  1547 -1.11797E-08
  1548 -1.75462E-08
  1549 -2.39712E-08
  1550 -3.01102E-08
  1551 -3.56189E-08
  1552 -4.01528E-08
  1553 -4.33675E-08
  1554 -4.49186E-08
  1555 -4.44616E-08
  1556 -4.16520E-08
  1557 -3.61455E-08
  1558 -2.75976E-08
  1559 -1.56639E-08
  1560  0.00000E+00
  1561  1.94670E-08
  1562  4.17232E-08
  1563  6.54832E-08
  1564  8.94616E-08
  1565  1.12373E-07
  1566  1.32932E-07
  1567  1.49852E-07
  1568  1.61850E-07
  1569  1.67639E-07
  1570  1.65933E-07
  1571  1.55447E-07
  1572  1.34897E-07
  1573  1.02996E-07
  1574  5.84586E-08
  1575  0.00000E+00
  1576 -7.26517E-08
  1577 -1.55713E-07
  1578 -2.44387E-07
  1579 -3.33875E-07
  1580 -4.19381E-07
  1581 -4.96108E-07
  1582 -5.59257E-07
  1583 -6.04032E-07
  1584 -6.25635E-07
  1585 -6.19270E-07
  1586 -5.80138E-07
  1587 -5.03442E-07
  1588 -3.84385E-07
  1589 -2.18171E-07
  1590  0.00000E+00
  1591  2.72891E-07
  1592  5.95138E-07
  1593  9.59344E-07
  1594  1.35811E-06
  1595  1.78404E-06
  1596  2.22974E-06
  1597  2.68781E-06
  1598  3.15086E-06
  1599  3.61147E-06
  1600  4.06227E-06
  1601  4.49585E-06
  1602  4.90482E-06
  1603  5.28177E-06
  1604  5.61931E-06
  1605  5.91005E-06
  1606  6.14859E-06
  1607  6.33753E-06
  1608  6.48149E-06
  1609  6.58507E-06
  1610  6.65289E-06
  1611  6.68955E-06
  1612  6.69967E-06
  1613  6.68786E-06
  1614  6.65872E-06
  1615  6.61687E-06
  1616  6.56691E-06
  1617  6.51345E-06
  1618  6.46111E-06
  1619  6.41450E-06
  1620  6.37821E-06
  1621  6.35587E-06
  1622  6.34708E-06
  1623  6.35044E-06
  1624  6.36454E-06
  1625  6.38800E-06
  1626  6.41941E-06
  1627  6.45738E-06
  1628  6.50050E-06
  1629  6.54739E-06
  1630  6.59664E-06
  1631  6.64685E-06
  1632  6.69663E-06
  1633  6.74458E-06
  1634  6.78930E-06
  1635  6.82940E-06
  1636  6.86382E-06
  1637  6.89294E-06
  1638  6.91747E-06
  1639  6.93814E-06
  1640  6.95566E-06
  1641  6.97076E-06
  1642  6.98414E-06
  1643  6.99655E-06
  1644  7.00868E-06
  1645  7.02127E-06
  1646  7.03504E-06
  1647  7.05069E-06
  1648  7.06896E-06
  1649  7.09056E-06
  1650  7.11621E-06
  1651  7.14643E-06
  1652  7.18089E-06
  1653  7.21907E-06
  1654  7.26045E-06
  1655  7.30450E-06
  1656  7.35070E-06
  1657  7.39851E-06
  1658  7.44742E-06
  1659  7.49690E-06
  1660  7.54643E-06
  1661  7.59547E-06
  1662  7.64350E-06
  1663  7.69000E-06
  1664  7.73445E-06
  1665  7.77631E-06
  1666  7.81513E-06
  1667  7.85073E-06
  1668  7.88299E-06
  1669  7.91178E-06
  1670  7.93701E-06
  1671  7.95854E-06
  1672  7.97626E-06
  1673  7.99006E-06
  1674  7.99982E-06
  1675  8.00543E-06
  1676  8.00675E-06
  1677  8.00369E-06
  1678  7.99612E-06
  1679  7.98392E-06
  1680  7.96699E-06
  1681  7.94538E-06
  1682  7.91990E-06
  1683  7.89154E-06
  1684  7.86130E-06
  1685  7.83015E-06
  1686  7.79908E-06
  1687  7.76909E-06
  1688  7.74117E-06
  1689  7.71629E-06
  1690  7.69546E-06
  1691  7.67966E-06
  1692  7.66987E-06
  1693  7.66709E-06
  1694  7.67231E-06
  1695  7.68652E-06
  1696  7.71027E-06
  1697  7.74244E-06
  1698  7.78148E-06
  1699  7.82583E-06
  1700  7.87395E-06
  1701  7.92427E-06
  1702  7.97524E-06
  1703  8.02531E-06
  1704  8.07294E-06
  1705  8.11655E-06
  1706  8.15461E-06
  1707  8.18555E-06
  1708  8.20783E-06
  1709  8.21989E-06
  1710  8.22018E-06
  1711  8.20746E-06
  1712  8.18178E-06
  1713  8.14348E-06
  1714  8.09293E-06
  1715  8.03049E-06
  1716  7.95651E-06
  1717  7.87135E-06
  1718  7.77537E-06
  1719  7.66892E-06
  1720  7.55237E-06
  1721  7.42607E-06
  1722  7.29037E-06
  1723  7.14564E-06
  1724  6.99224E-06
  1725  6.83052E-06
  1726  6.66085E-06
  1727  6.48370E-06
  1728  6.29952E-06
  1729  6.10880E-06
  1730  5.91200E-06
  1731  5.70960E-06
  1732  5.50206E-06
  1733  5.28985E-06
  1734  5.07346E-06
  1735  4.85334E-06
  1736  4.62997E-06
  1737  4.40381E-06
  1738  4.17535E-06
  1739  3.94506E-06
  1740  3.71339E-06
  1741  3.48079E-06
  1742  3.24751E-06
  1743  3.01376E-06
  1744  2.77978E-06
  1745  2.54577E-06
  1746  2.31196E-06
  1747  2.07856E-06
  1748  1.84579E-06
  1749  1.61387E-06
  1750  1.38301E-06
  1751  1.15344E-06
  1752  9.25373E-07
  1753  6.99026E-07
  1754  4.74618E-07
  1755  2.52367E-07
  1756  3.26658E-08
  1757 -1.83397E-07
  1758 -3.94558E-07
  1759 -5.99554E-07
  1760 -7.97122E-07
  1761 -9.85997E-07
  1762 -1.16492E-06
  1763 -1.33262E-06
  1764 -1.48784E-06
  1765 -1.62932E-06
  1766 -1.75578E-06
  1767 -1.86598E-06
  1768 -1.95864E-06
  1769 -2.03250E-06
  1770 -2.08630E-06
  1771 -2.11913E-06
  1772 -2.13154E-06
  1773 -2.12444E-06
  1774 -2.09871E-06
  1775 -2.05526E-06
  1776 -1.99500E-06
  1777 -1.91883E-06
  1778 -1.82764E-06
  1779 -1.72235E-06
  1780 -1.60385E-06
  1781 -1.47305E-06
  1782 -1.33084E-06
  1783 -1.17813E-06
  1784 -1.01582E-06
  1785 -8.44816E-07
  1786 -6.65800E-07
  1787 -4.78598E-07
  1788 -2.82817E-07
  1789 -7.80646E-08
  1790  1.36051E-07
  1791  3.59921E-07
  1792  5.93938E-07
  1793  8.38495E-07
  1794  1.09398E-06
  1795  1.36079E-06
  1796  1.63932E-06
  1797  1.92995E-06
  1798  2.23308E-06
  1799  2.54911E-06
  1800  2.87842E-06
  1801  3.22162E-06
  1802  3.58025E-06
  1803  3.95606E-06
  1804  4.35077E-06
  1805  4.76615E-06
  1806  5.20394E-06
  1807  5.66589E-06
  1808  6.15375E-06
  1809  6.66926E-06
  1810  7.21416E-06
  1811  7.79021E-06
  1812  8.39916E-06
  1813  9.04275E-06
  1814  9.72272E-06
  1815  1.04408E-05
  1816  1.11990E-05
  1817  1.19998E-05
  1818  1.28459E-05
  1819  1.37402E-05
  1820  1.46854E-05
  1821  1.56842E-05
  1822  1.67393E-05
  1823  1.78536E-05
  1824  1.90297E-05
  1825  2.02705E-05
  1826  2.15786E-05
  1827  2.29568E-05
  1828  2.44079E-05
  1829  2.59345E-05
  1830  2.75396E-05
  1831  2.92238E-05
  1832  3.09802E-05
  1833  3.27999E-05
  1834  3.46741E-05
  1835  3.65939E-05
  1836  3.85504E-05
  1837  4.05347E-05
  1838  4.25379E-05
  1839  4.45512E-05
  1840  4.65657E-05
  1841  4.85725E-05
  1842  5.05626E-05
  1843  5.25273E-05
  1844  5.44577E-05
  1845  5.63448E-05
  1846  5.81824E-05
  1847  5.99743E-05
  1848  6.17268E-05
  1849  6.34464E-05
  1850  6.51395E-05
  1851  6.68125E-05
  1852  6.84717E-05
  1853  7.01236E-05
  1854  7.17745E-05
  1855  7.34308E-05
  1856  7.50991E-05
  1857  7.67855E-05
  1858  7.84966E-05
  1859  8.02387E-05
  1860  8.20182E-05
  1861  8.38376E-05
  1862  8.56836E-05
  1863  8.75390E-05
  1864  8.93866E-05
  1865  9.12092E-05
  1866  9.29895E-05
  1867  9.47105E-05
  1868  9.63548E-05
  1869  9.79053E-05
  1870  9.93448E-05
  1871  1.00656E-04
  1872  1.01822E-04
  1873  1.02825E-04
  1874  1.03648E-04
  1875  1.04274E-04
  1876  1.04690E-04
  1877  1.04900E-04
  1878  1.04910E-04
  1879  1.04729E-04
  1880  1.04364E-04
  1881  1.03822E-04
  1882  1.03112E-04
  1883  1.02241E-04
  1884  1.01216E-04
  1885  1.00046E-04
  1886  9.87372E-05
  1887  9.72977E-05
  1888  9.57352E-05
  1889  9.40572E-05
  1890  9.22713E-05
  1891  9.03840E-05
  1892  8.83974E-05
  1893  8.63125E-05
  1894  8.41303E-05
  1895  8.18518E-05
  1896  7.94780E-05
  1897  7.70099E-05
  1898  7.44484E-05
  1899  7.17946E-05
  1900  6.90495E-05
  1901  6.62140E-05
  1902  6.32891E-05
  1903  6.02759E-05
  1904  5.71753E-05
  1905  5.39884E-05
  1906  5.07109E-05
  1907  4.73186E-05
  1908  4.37820E-05
  1909  4.00714E-05
  1910  3.61574E-05
  1911  3.20105E-05
  1912  2.76012E-05
  1913  2.29001E-05
  1914  1.78775E-05
  1915  1.25039E-05
  1916  6.75001E-06
  1917  5.86151E-07
  1918 -6.01713E-06
  1919 -1.30894E-05
  1920 -2.06600E-05
  1921 -2.87491E-05
  1922 -3.73389E-05
  1923 -4.64021E-05
  1924 -5.59115E-05
  1925 -6.58397E-05
  1926 -7.61596E-05
  1927 -8.68437E-05
  1928 -9.78650E-05
  1929 -1.09196E-04
  1930 -1.20810E-04
  1931 -1.32679E-04
  1932 -1.44775E-04
  1933 -1.57073E-04
  1934 -1.69544E-04
  1935 -1.82162E-04
  1936 -1.94904E-04
  1937 -2.07777E-04
  1938 -2.20790E-04
  1939 -2.33955E-04
  1940 -2.47282E-04
  1941 -2.60783E-04
  1942 -2.74468E-04
  1943 -2.88348E-04
  1944 -3.02435E-04
  1945 -3.16738E-04
  1946 -3.31269E-04
  1947 -3.46039E-04
  1948 -3.61058E-04
  1949 -3.76338E-04
  1950 -3.91890E-04
  1951 -4.07708E-04
  1952 -4.23723E-04
  1953 -4.39850E-04
  1954 -4.56005E-04
  1955 -4.72103E-04
  1956 -4.88058E-04
  1957 -5.03786E-04
  1958 -5.19202E-04
  1959 -5.34221E-04
  1960 -5.48757E-04
  1961 -5.62727E-04
  1962 -5.76044E-04
  1963 -5.88625E-04
  1964 -6.00384E-04
  1965 -6.11237E-04
  1966 -6.21122E-04
  1967 -6.30080E-04
  1968 -6.38174E-04
  1969 -6.45468E-04
  1970 -6.52026E-04
  1971 -6.57911E-04
  1972 -6.63189E-04
  1973 -6.67922E-04
  1974 -6.72175E-04
  1975 -6.76012E-04
  1976 -6.79496E-04
  1977 -6.82691E-04
  1978 -6.85661E-04
  1979 -6.88471E-04
  1980 -6.91184E-04
  1981 -6.93848E-04
  1982 -6.96450E-04
  1983 -6.98960E-04
  1984 -7.01349E-04
  1985 -7.03587E-04
  1986 -7.05646E-04
  1987 -7.07496E-04
  1988 -7.09108E-04
  1989 -7.10453E-04
  1990 -7.11500E-04
  1991 -7.12221E-04
  1992 -7.12587E-04
  1993 -7.12567E-04
  1994 -7.12134E-04
  1995 -7.11257E-04
  1996 -7.09914E-04
  1997 -7.08111E-04
  1998 -7.05860E-04
  1999 -7.03173E-04
  2000 -7.00062E-04
  2001 -6.96541E-04
  2002 -6.92621E-04
  2003 -6.88315E-04
  2004 -6.83634E-04
  2005 -6.78592E-04
  2006 -6.73201E-04
  2007 -6.67473E-04
  2008 -6.61421E-04
  2009 -6.55056E-04
  2010 -6.48391E-04
  2011 -6.41439E-04
  2012 -6.34204E-04
  2013 -6.26694E-04
  2014 -6.18915E-04
  2015 -6.10872E-04
  2016 -6.02572E-04
  2017 -5.94021E-04
  2018 -5.85224E-04
  2019 -5.76188E-04
  2020 -5.66918E-04
  2021 -5.57422E-04
  2022 -5.47703E-04
  2023 -5.37770E-04
  2024 -5.27627E-04
  2025 -5.17281E-04
  2026 -5.06727E-04
  2027 -4.95921E-04
  2028 -4.84806E-04
  2029 -4.73329E-04
  2030 -4.61433E-04
  2031 -4.49064E-04
  2032 -4.36165E-04
  2033 -4.22682E-04
  2034 -4.08559E-04
  2035 -3.93741E-04
  2036 -3.78174E-04
  2037 -3.61800E-04
  2038 -3.44566E-04
  2039 -3.26416E-04
  2040 -3.07294E-04
  2041 -2.87168E-04
  2042 -2.66096E-04
  2043 -2.44158E-04
  2044 -2.21434E-04
  2045 -1.98005E-04
  2046 -1.73951E-04
  2047 -1.49352E-04
  2048 -1.24289E-04
  2049 -9.88425E-05
  2050 -7.30922E-05
  2051 -4.71188E-05
  2052 -2.10025E-05
  2053  5.17627E-06
  2054  3.13371E-05
  2055  5.73998E-05
  2056  8.33450E-05
  2057  1.09398E-04
  2058  1.35846E-04
  2059  1.62974E-04
  2060  1.91070E-04
  2061  2.20419E-04
  2062  2.51309E-04
  2063  2.84026E-04
  2064  3.18856E-04
  2065  3.56086E-04
  2066  3.96003E-04
  2067  4.38892E-04
  2068  4.85040E-04
  2069  5.34734E-04
  2070  5.88261E-04
  2071  6.45815E-04
  2072  7.07228E-04
  2073  7.72239E-04
  2074  8.40588E-04
  2075  9.12015E-04
  2076  9.86259E-04
  2077  1.06306E-03
  2078  1.14216E-03
  2079  1.22330E-03
  2080  1.30621E-03
  2081  1.39064E-03
  2082  1.47632E-03
  2083  1.56300E-03
  2084  1.65042E-03
  2085  1.73831E-03
  2086  1.82647E-03
  2087  1.91491E-03
  2088  2.00370E-03
  2089  2.09291E-03
  2090  2.18260E-03
  2091  2.27283E-03
  2092  2.36368E-03
  2093  2.45521E-03
  2094  2.54748E-03
  2095  2.64057E-03
  2096  2.73454E-03
  2097  2.82946E-03
  2098  2.92539E-03
  2099  3.02240E-03
  2100  3.12055E-03
  2101  3.21986E-03
  2102  3.32012E-03
  2103  3.42105E-03
  2104  3.52240E-03
  2105  3.62389E-03
  2106  3.72525E-03
  2107  3.82623E-03
  2108  3.92654E-03
  2109  4.02593E-03
  2110  4.12412E-03
  2111  4.22085E-03
  2112  4.31586E-03
  2113  4.40887E-03
  2114  4.49962E-03
  2115  4.58783E-03
  2116  4.67329E-03
  2117  4.75590E-03
  2118  4.83560E-03
  2119  4.91236E-03
  2120  4.98612E-03
  2121  5.05682E-03
  2122  5.12442E-03
  2123  5.18886E-03
  2124  5.25010E-03
  2125  5.30809E-03
  2126  5.36276E-03
  2127  5.41408E-03
  2128  5.46199E-03
  2129  5.50644E-03
  2130  5.54737E-03
  2131  5.58482E-03
  2132  5.61909E-03
  2133  5.65056E-03
  2134  5.67962E-03
  2135  5.70665E-03
  2136  5.73203E-03
  2137  5.75615E-03
  2138  5.77939E-03
  2139  5.80213E-03
  2140  5.82476E-03
  2141  5.84766E-03
  2142  5.87122E-03
  2143  5.89581E-03
  2144  5.92182E-03
  2145  5.94963E-03
  2146  5.97948E-03
  2147  6.01098E-03
  2148  6.04360E-03
  2149  6.07680E-03
  2150  6.11006E-03
  2151  6.14284E-03
  2152  6.17461E-03
  2153  6.20482E-03
  2154  6.23296E-03
  2155  6.25849E-03
  2156  6.28086E-03
  2157  6.29956E-03
  2158  6.31404E-03
  2159  6.32378E-03
  2160  6.32824E-03
  2161  6.32706E-03
  2162  6.32062E-03
  2163  6.30947E-03
  2164  6.29417E-03
  2165  6.27526E-03
  2166  6.25330E-03
  2167  6.22884E-03
  2168  6.20243E-03
  2169  6.17462E-03
  2170  6.14598E-03
  2171  6.11704E-03
  2172  6.08836E-03
  2173  6.06049E-03
  2174  6.03399E-03
  2175  6.00941E-03
  2176  5.98720E-03
  2177  5.96739E-03
  2178  5.94992E-03
  2179  5.93473E-03
  2180  5.92175E-03
  2181  5.91092E-03
  2182  5.90218E-03
  2183  5.89546E-03
  2184  5.89069E-03
  2185  5.88781E-03
  2186  5.88676E-03
  2187  5.88748E-03
  2188  5.88989E-03
  2189  5.89394E-03
  2190  5.89956E-03
  2191  5.90662E-03
  2192  5.91472E-03
  2193  5.92338E-03
  2194  5.93214E-03
  2195  5.94053E-03
  2196  5.94807E-03
  2197  5.95430E-03
  2198  5.95875E-03
  2199  5.96095E-03
  2200  5.96043E-03
  2201  5.95672E-03
  2202  5.94935E-03
  2203  5.93785E-03
  2204  5.92175E-03
  2205  5.90057E-03
  2206  5.87406E-03
  2207  5.84274E-03
  2208  5.80732E-03
  2209  5.76853E-03
  2210  5.72709E-03
  2211  5.68374E-03
  2212  5.63918E-03
  2213  5.59415E-03
  2214  5.54937E-03
  2215  5.50555E-03
  2216  5.46344E-03
  2217  5.42374E-03
  2218  5.38718E-03
  2219  5.35449E-03
  2220  5.32638E-03
  2221  5.30337E-03
  2222  5.28513E-03
  2223  5.27109E-03
  2224  5.26070E-03
  2225  5.25342E-03
  2226  5.24869E-03
  2227  5.24595E-03
  2228  5.24467E-03
  2229  5.24427E-03
  2230  5.24422E-03
  2231  5.24396E-03
  2232  5.24293E-03
  2233  5.24059E-03
  2234  5.23639E-03
  2235  5.22976E-03
  2236  5.22026E-03
  2237  5.20780E-03
  2238  5.19240E-03
  2239  5.17408E-03
  2240  5.15285E-03
  2241  5.12873E-03
  2242  5.10174E-03
  2243  5.07188E-03
  2244  5.03919E-03
  2245  5.00367E-03
  2246  4.96534E-03
  2247  4.92421E-03
  2248  4.88031E-03
  2249  4.83365E-03
  2250  4.78424E-03
  2251  4.73216E-03
  2252  4.67776E-03
  2253  4.62144E-03
  2254  4.56361E-03
  2255  4.50466E-03
  2256  4.44501E-03
  2257  4.38506E-03
  2258  4.32521E-03
  2259  4.26587E-03
  2260  4.20744E-03
  2261  4.15033E-03
  2262  4.09495E-03
  2263  4.04169E-03
  2264  3.99096E-03
  2265  3.94316E-03
  2266  3.89857E-03
  2267  3.85690E-03
  2268  3.81771E-03
  2269  3.78059E-03
  2270  3.74511E-03
  2271  3.71083E-03
  2272  3.67734E-03
  2273  3.64421E-03
  2274  3.61101E-03
  2275  3.57732E-03
  2276  3.54271E-03
  2277  3.50675E-03
  2278  3.46902E-03
  2279  3.42909E-03
  2280  3.38654E-03
  2281  3.34103E-03
  2282  3.29259E-03
  2283  3.24134E-03
  2284  3.18741E-03
  2285  3.13090E-03
  2286  3.07195E-03
  2287  3.01067E-03
  2288  2.94718E-03
  2289  2.88160E-03
  2290  2.81406E-03
  2291  2.74467E-03
  2292  2.67356E-03
  2293  2.60084E-03
  2294  2.52663E-03
  2295  2.45107E-03
  2296  2.37429E-03
  2297  2.29658E-03
  2298  2.21826E-03
  2299  2.13966E-03
  2300  2.06108E-03
  2301  1.98285E-03
  2302  1.90529E-03
  2303  1.82870E-03
  2304  1.75342E-03
  2305  1.67975E-03
  2306  1.60802E-03
  2307  1.53855E-03
  2308  1.47164E-03
  2309  1.40763E-03
  2310  1.34683E-03
  2311  1.28945E-03
  2312  1.23534E-03
  2313  1.18422E-03
  2314  1.13584E-03
  2315  1.08992E-03
  2316  1.04621E-03
  2317  1.00443E-03
  2318  9.64334E-04
  2319  9.25644E-04
  2320  8.88098E-04
  2321  8.51432E-04
  2322  8.15382E-04
  2323  7.79683E-04
  2324  7.44070E-04
  2325  7.08279E-04
  2326  6.72114E-04
  2327  6.35656E-04
  2328  5.99054E-04
  2329  5.62460E-04
  2330  5.26022E-04
  2331  4.89891E-04
  2332  4.54216E-04
  2333  4.19148E-04
  2334  3.84837E-04
  2335  3.51432E-04
  2336  3.19083E-04
  2337  2.87940E-04
  2338  2.58154E-04
  2339  2.29874E-04
  2340  2.03249E-04
  2341  1.78387E-04
  2342  1.55218E-04
  2343  1.33629E-04
  2344  1.13506E-04
  2345  9.47357E-05
  2346  7.72060E-05
  2347  6.08032E-05
  2348  4.54141E-05
  2349  3.09256E-05
  2350  1.72244E-05
  2351  4.19745E-06
  2352 -8.26849E-06
  2353 -2.02866E-05
  2354 -3.19701E-05
  2355 -4.34320E-05
  2356 -5.47649E-05
  2357 -6.59779E-05
  2358 -7.70596E-05
  2359 -8.79982E-05
  2360 -9.87822E-05
  2361 -1.09400E-04
  2362 -1.19840E-04
  2363 -1.30091E-04
  2364 -1.40142E-04
  2365 -1.49979E-04
  2366 -1.59593E-04
  2367 -1.68971E-04
  2368 -1.78103E-04
  2369 -1.86975E-04
  2370 -1.95578E-04
  2371 -2.03898E-04
  2372 -2.11925E-04
  2373 -2.19645E-04
  2374 -2.27047E-04
  2375 -2.34118E-04
  2376 -2.40846E-04
  2377 -2.47219E-04
  2378 -2.53225E-04
  2379 -2.58851E-04
  2380 -2.64085E-04
  2381 -2.68915E-04
  2382 -2.73329E-04
  2383 -2.77315E-04
  2384 -2.80860E-04
  2385 -2.83952E-04
  2386 -2.86590E-04
  2387 -2.88821E-04
  2388 -2.90703E-04
  2389 -2.92294E-04
  2390 -2.93651E-04
  2391 -2.94832E-04
  2392 -2.95896E-04
  2393 -2.96900E-04
  2394 -2.97903E-04
  2395 -2.98962E-04
  2396 -3.00134E-04
  2397 -3.01479E-04
  2398 -3.03053E-04
  2399 -3.04916E-04
  2400 -3.07124E-04
  2401 -3.09716E-04
  2402 -3.12651E-04
  2403 -3.15867E-04
  2404 -3.19304E-04
  2405 -3.22901E-04
  2406 -3.26596E-04
  2407 -3.30329E-04
  2408 -3.34039E-04
  2409 -3.37664E-04
  2410 -3.41144E-04
  2411 -3.44418E-04
  2412 -3.47424E-04
  2413 -3.50102E-04
  2414 -3.52390E-04
  2415 -3.54228E-04
  2416 -3.55570E-04
  2417 -3.56434E-04
  2418 -3.56853E-04
  2419 -3.56860E-04
  2420 -3.56488E-04
  2421 -3.55770E-04
  2422 -3.54739E-04
  2423 -3.53429E-04
  2424 -3.51872E-04
  2425 -3.50102E-04
  2426 -3.48152E-04
  2427 -3.46054E-04
  2428 -3.43843E-04
  2429 -3.41550E-04
  2430 -3.39210E-04
  2431 -3.36852E-04
  2432 -3.34494E-04
  2433 -3.32150E-04
  2434 -3.29836E-04
  2435 -3.27566E-04
  2436 -3.25354E-04
  2437 -3.23215E-04
  2438 -3.21164E-04
  2439 -3.19215E-04
  2440 -3.17384E-04
  2441 -3.15684E-04
  2442 -3.14130E-04
  2443 -3.12737E-04
  2444 -3.11520E-04
  2445 -3.10493E-04
  2446 -3.09663E-04
  2447 -3.09005E-04
  2448 -3.08487E-04
  2449 -3.08076E-04
  2450 -3.07740E-04
  2451 -3.07447E-04
  2452 -3.07163E-04
  2453 -3.06856E-04
  2454 -3.06494E-04
  2455 -3.06044E-04
  2456 -3.05474E-04
  2457 -3.04751E-04
  2458 -3.03843E-04
  2459 -3.02717E-04
  2460 -3.01341E-04
  2461 -2.99691E-04
  2462 -2.97782E-04
  2463 -2.95638E-04
  2464 -2.93281E-04
  2465 -2.90737E-04
  2466 -2.88029E-04
  2467 -2.85180E-04
  2468 -2.82214E-04
  2469 -2.79155E-04
  2470 -2.76027E-04
  2471 -2.72852E-04
  2472 -2.69656E-04
  2473 -2.66462E-04
  2474 -2.63293E-04
  2475 -2.60173E-04
  2476 -2.57121E-04
  2477 -2.54135E-04
  2478 -2.51209E-04
  2479 -2.48337E-04
  2480 -2.45512E-04
  2481 -2.42728E-04
  2482 -2.39978E-04
  2483 -2.37257E-04
  2484 -2.34557E-04
  2485 -2.31872E-04
  2486 -2.29196E-04
  2487 -2.26522E-04
  2488 -2.23845E-04
  2489 -2.21157E-04
  2490 -2.18452E-04
  2491 -2.15725E-04
  2492 -2.12970E-04
  2493 -2.10183E-04
  2494 -2.07361E-04
  2495 -2.04500E-04
  2496 -2.01594E-04
  2497 -1.98641E-04
  2498 -1.95635E-04
  2499 -1.92574E-04
  2500 -1.89452E-04
  2501 -1.86265E-04
  2502 -1.83010E-04
  2503 -1.79683E-04
  2504 -1.76278E-04
  2505 -1.72793E-04
  2506 -1.69225E-04
  2507 -1.65587E-04
  2508 -1.61894E-04
  2509 -1.58159E-04
  2510 -1.54398E-04
  2511 -1.50625E-04
  2512 -1.46855E-04
  2513 -1.43103E-04
  2514 -1.39383E-04
  2515 -1.35710E-04
  2516 -1.32098E-04
  2517 -1.28563E-04
  2518 -1.25118E-04
  2519 -1.21779E-04
  2520 -1.18560E-04
  2521 -1.15473E-04
  2522 -1.12517E-04
  2523 -1.09687E-04
  2524 -1.06978E-04
  2525 -1.04388E-04
  2526 -1.01910E-04
  2527 -9.95420E-05
  2528 -9.72785E-05
  2529 -9.51154E-05
  2530 -9.30485E-05
  2531 -9.10734E-05
  2532 -8.91858E-05
  2533 -8.73814E-05
  2534 -8.56560E-05
  2535 -8.40052E-05
  2536 -8.24242E-05
  2537 -8.09055E-05
  2538 -7.94414E-05
  2539 -7.80239E-05
  2540 -7.66451E-05
  2541 -7.52972E-05
  2542 -7.39722E-05
  2543 -7.26622E-05
  2544 -7.13594E-05
  2545 -7.00559E-05
  2546 -6.87437E-05
  2547 -6.74149E-05
  2548 -6.60617E-05
  2549 -6.46762E-05
  2550 -6.32504E-05
  2551 -6.17789E-05
  2552 -6.02654E-05
  2553 -5.87163E-05
  2554 -5.71377E-05
  2555 -5.55360E-05
  2556 -5.39172E-05
  2557 -5.22877E-05
  2558 -5.06537E-05
  2559 -4.90214E-05
  2560 -4.73970E-05
  2561 -4.57868E-05
  2562 -4.41970E-05
  2563 -4.26338E-05
  2564 -4.11035E-05
  2565 -3.96122E-05
  2566 -3.81649E-05
  2567 -3.67600E-05
  2568 -3.53950E-05
  2569 -3.40670E-05
  2570 -3.27733E-05
  2571 -3.15112E-05
  2572 -3.02778E-05
  2573 -2.90705E-05
  2574 -2.78864E-05
  2575 -2.67228E-05
  2576 -2.55770E-05
  2577 -2.44461E-05
  2578 -2.33275E-05
  2579 -2.22184E-05
  2580 -2.11160E-05
  2581 -2.00195E-05
  2582 -1.89365E-05
  2583 -1.78764E-05
  2584 -1.68485E-05
  2585 -1.58624E-05
  2586 -1.49274E-05
  2587 -1.40531E-05
  2588 -1.32489E-05
  2589 -1.25242E-05
  2590 -1.18885E-05
  2591 -1.13512E-05
  2592 -1.09218E-05
  2593 -1.06097E-05
  2594 -1.04243E-05
  2595 -1.03752E-05
  2596 -1.04657E-05
  2597 -1.06755E-05
  2598 -1.09781E-05
  2599 -1.13473E-05
  2600 -1.17565E-05
  2601 -1.21795E-05
  2602 -1.25898E-05
  2603 -1.29610E-05
  2604 -1.32668E-05
  2605 -1.34807E-05
  2606 -1.35764E-05
  2607 -1.35275E-05
  2608 -1.33076E-05
  2609 -1.28903E-05
  2610 -1.22492E-05
  2611 -1.13670E-05
  2612 -1.02624E-05
  2613 -8.96313E-06
  2614 -7.49703E-06
  2615 -5.89183E-06
  2616 -4.17531E-06
  2617 -2.37523E-06
  2618 -5.19356E-07
  2619  1.36454E-06
  2620  3.24870E-06
  2621  5.10534E-06
  2622  6.90671E-06
  2623  8.62503E-06
  2624  1.02325E-05
  2625  1.17015E-05
  2626  1.30101E-05
  2627  1.41612E-05
  2628  1.51634E-05
  2629  1.60254E-05
  2630  1.67561E-05
  2631  1.73640E-05
  2632  1.78581E-05
  2633  1.82469E-05
  2634  1.85393E-05
  2635  1.87440E-05
  2636  1.88697E-05
  2637  1.89251E-05
  2638  1.89191E-05
  2639  1.88602E-05
  2640  1.87574E-05
  2641  1.86188E-05
  2642  1.84516E-05
  2643  1.82624E-05
  2644  1.80579E-05
  2645  1.78445E-05
  2646  1.76291E-05
  2647  1.74183E-05
  2648  1.72186E-05
  2649  1.70368E-05
  2650  1.68794E-05
  2651  1.67532E-05
  2652  1.66647E-05
  2653  1.66206E-05
  2654  1.66275E-05
  2655  1.66922E-05
  2656  1.68199E-05
  2657  1.70114E-05
  2658  1.72658E-05
  2659  1.75826E-05
  2660  1.79612E-05
  2661  1.84009E-05
  2662  1.89010E-05
  2663  1.94609E-05
  2664  2.00799E-05
  2665  2.07574E-05
  2666  2.14928E-05
  2667  2.22853E-05
  2668  2.31344E-05
  2669  2.40395E-05
  2670  2.49997E-05
  2671  2.60121E-05
  2672  2.70635E-05
  2673  2.81382E-05
  2674  2.92207E-05
  2675  3.02952E-05
  2676  3.13463E-05
  2677  3.23582E-05
  2678  3.33153E-05
  2679  3.42021E-05
  2680  3.50029E-05
  2681  3.57020E-05
  2682  3.62839E-05
  2683  3.67328E-05
  2684  3.70333E-05
  2685  3.71697E-05
  2686  3.71321E-05
  2687  3.69344E-05
  2688  3.65959E-05
  2689  3.61362E-05
  2690  3.55748E-05
  2691  3.49314E-05
  2692  3.42252E-05
  2693  3.34760E-05
  2694  3.27032E-05
  2695  3.19263E-05
  2696  3.11649E-05
  2697  3.04384E-05
  2698  2.97665E-05
  2699  2.91686E-05
  2700  2.86642E-05
  2701  2.82683E-05
  2702  2.79780E-05
  2703  2.77857E-05
  2704  2.76838E-05
  2705  2.76649E-05
  2706  2.77214E-05
  2707  2.78457E-05
  2708  2.80304E-05
  2709  2.82678E-05
  2710  2.85506E-05
  2711  2.88710E-05
  2712  2.92217E-05
  2713  2.95950E-05
  2714  2.99835E-05
  2715  3.03795E-05
  2716  3.07759E-05
  2717  3.11664E-05
  2718  3.15449E-05
  2719  3.19056E-05
  2720  3.22423E-05
  2721  3.25492E-05
  2722  3.28201E-05
  2723  3.30493E-05
  2724  3.32305E-05
  2725  3.33579E-05
  2726  3.34255E-05
  2727  3.34272E-05
  2728  3.33571E-05
  2729  3.32092E-05
  2730  3.29775E-05
  2731  3.26590E-05
  2732  3.22626E-05
  2733  3.18002E-05
  2734  3.12836E-05
  2735  3.07249E-05
  2736  3.01358E-05
  2737  2.95283E-05
  2738  2.89142E-05
  2739  2.83055E-05
  2740  2.77140E-05
  2741  2.71517E-05
  2742  2.66304E-05
  2743  2.61621E-05
  2744  2.57585E-05
  2745  2.54317E-05
  2746  2.51899E-05
  2747  2.50270E-05
  2748  2.49336E-05
  2749  2.48999E-05
  2750  2.49164E-05
  2751  2.49734E-05
  2752  2.50614E-05
  2753  2.51706E-05
  2754  2.52916E-05
  2755  2.54146E-05
  2756  2.55301E-05
  2757  2.56285E-05
  2758  2.57002E-05
  2759  2.57354E-05
  2760  2.57248E-05
  2761  2.56614E-05
  2762  2.55504E-05
  2763  2.53996E-05
  2764  2.52170E-05
  2765  2.50106E-05
  2766  2.47882E-05
  2767  2.45578E-05
  2768  2.43272E-05
  2769  2.41045E-05
  2770  2.38976E-05
  2771  2.37143E-05
  2772  2.35627E-05
  2773  2.34506E-05
  2774  2.33859E-05
  2775  2.33767E-05
  2776  2.34265E-05
  2777  2.35226E-05
  2778  2.36478E-05
  2779  2.37850E-05
  2780  2.39170E-05
  2781  2.40268E-05
  2782  2.40973E-05
  2783  2.41113E-05
  2784  2.40517E-05
  2785  2.39015E-05
  2786  2.36435E-05
  2787  2.32605E-05
  2788  2.27356E-05
  2789  2.20515E-05
  2790  2.11913E-05
  2791  2.01449E-05
  2792  1.89316E-05
  2793  1.75779E-05
  2794  1.61101E-05
  2795  1.45547E-05
  2796  1.29382E-05
  2797  1.12870E-05
  2798  9.62752E-06
  2799  7.98617E-06
  2800  6.38943E-06
  2801  4.86372E-06
  2802  3.43549E-06
  2803  2.13117E-06
  2804  9.77190E-07
  2805  0.00000E+00
  2806 -7.81235E-07
  2807 -1.37642E-06
  2808 -1.80275E-06
  2809 -2.07738E-06
  2810 -2.21751E-06
  2811 -2.24030E-06
  2812 -2.16295E-06
  2813 -2.00261E-06
  2814 -1.77649E-06
  2815 -1.50174E-06
  2816 -1.19556E-06
  2817 -8.75111E-07
  2818 -5.57585E-07
  2819 -2.60155E-07
  2820  0.00000E+00
  2821  2.09331E-07
  2822  3.68812E-07
  2823  4.83045E-07
  2824  5.56633E-07
  2825  5.94180E-07
  2826  6.00288E-07
  2827  5.79560E-07
  2828  5.36599E-07
  2829  4.76008E-07
  2830  4.02390E-07
  2831  3.20348E-07
  2832  2.34485E-07
  2833  1.49404E-07
  2834  6.97082E-08
  2835  0.00000E+00
  2836 -5.60902E-08
  2837 -9.88229E-08
  2838 -1.29432E-07
  2839 -1.49149E-07
  2840 -1.59210E-07
  2841 -1.60847E-07
  2842 -1.55293E-07
  2843 -1.43781E-07
  2844 -1.27546E-07
  2845 -1.07820E-07
  2846 -8.58370E-08
  2847 -6.28301E-08
  2848 -4.00328E-08
  2849 -1.86783E-08
  2850  0.00000E+00
  2851  1.50293E-08
  2852  2.64795E-08
  2853  3.46811E-08
  2854  3.99645E-08
  2855  4.26602E-08
  2856  4.30987E-08
  2857  4.16105E-08
  2858  3.85260E-08
  2859  3.41758E-08
  2860  2.88903E-08
  2861  2.30000E-08
  2862  1.68353E-08
  2863  1.07268E-08
  2864  5.00483E-09
  2865  0.00000E+00
  2866 -4.02709E-09
  2867 -7.09516E-09
  2868 -9.29276E-09
  2869 -1.07084E-08
  2870 -1.14308E-08
  2871 -1.15483E-08
  2872 -1.11495E-08
  2873 -1.03230E-08
  2874 -9.15738E-09
  2875 -7.74113E-09
  2876 -6.16282E-09
  2877 -4.51100E-09
  2878 -2.87422E-09
  2879 -1.34104E-09
  2880  0.00000E+00
  2881  1.07906E-09
  2882  1.90114E-09
  2883  2.48999E-09
  2884  2.86932E-09
  2885  3.06286E-09
  2886  3.09435E-09
  2887  2.98750E-09
  2888  2.76605E-09
  2889  2.45371E-09
  2890  2.07423E-09
  2891  1.65132E-09
  2892  1.20872E-09
  2893  7.70146E-10
  2894  3.59330E-10
  2895  0.00000E+00
  2896 -2.89132E-10
  2897 -5.09410E-10
  2898 -6.67190E-10
  2899 -7.68832E-10
  2900 -8.20692E-10
  2901 -8.29128E-10
  2902 -8.00498E-10
  2903 -7.41160E-10
  2904 -6.57470E-10
  2905 -5.55788E-10
  2906 -4.42471E-10
  2907 -3.23875E-10
  2908 -2.06360E-10
  2909 -9.62823E-11
  2910  0.00000E+00
  2911  7.74727E-11
  2912  1.36496E-10
  2913  1.78773E-10
  2914  2.06008E-10
  2915  2.19904E-10
  2916  2.22164E-10
  2917  2.14493E-10
  2918  1.98593E-10
  2919  1.76169E-10
  2920  1.48923E-10
  2921  1.18560E-10
  2922  8.67821E-11
  2923  5.52940E-11
  2924  2.57988E-11
  2925  0.00000E+00
  2926 -2.07588E-11
  2927 -3.65740E-11
  2928 -4.79021E-11
  2929 -5.51997E-11
  2930 -5.89230E-11
  2931 -5.95287E-11
  2932 -5.74732E-11
  2933 -5.32129E-11
  2934 -4.72043E-11
  2935 -3.99038E-11
  2936 -3.17680E-11
  2937 -2.32532E-11
  2938 -1.48160E-11
  2939 -6.91276E-12
  2940  0.00000E+00
  2941  5.56229E-12
  2942  9.79996E-12
  2943  1.28353E-11
  2944  1.47907E-11
  2945  1.57884E-11
  2946  1.59507E-11
  2947  1.53999E-11
  2948  1.42583E-11
  2949  1.26483E-11
  2950  1.06922E-11
  2951  8.51219E-12
  2952  6.23067E-12
  2953  3.96992E-12
  2954  1.85226E-12
  2955  0.00000E+00
  2956 -1.49041E-12
  2957 -2.62589E-12
  2958 -3.43921E-12
  2959 -3.96314E-12
  2960 -4.23046E-12
  2961 -4.27395E-12
  2962 -4.12636E-12
  2963 -3.82048E-12
  2964 -3.38908E-12
  2965 -2.86493E-12
  2966 -2.28081E-12
  2967 -1.66948E-12
  2968 -1.06372E-12
  2969 -4.96303E-13
  2970  0.00000E+00
  2971  3.99341E-13
  2972  7.03578E-13
  2973  9.21491E-13
  2974  1.06186E-12
  2975  1.13348E-12
  2976  1.14512E-12
  2977  1.10556E-12
  2978  1.02359E-12
  2979  9.07997E-13
  2980  7.67552E-13
  2981  6.11043E-13
  2982  4.47251E-13
  2983  2.84958E-13
  2984  1.32947E-13
  2985  0.00000E+00
  2986 -1.06958E-13
  2987 -1.88425E-13
  2988 -2.46759E-13
  2989 -2.84316E-13
  2990 -3.03451E-13
  2991 -3.06521E-13
  2992 -2.95883E-13
  2993 -2.73891E-13
  2994 -2.42904E-13
  2995 -2.05276E-13
  2996 -1.63364E-13
  2997 -1.19524E-13
  2998 -7.61127E-14
  2999 -3.54859E-14
  3000  0.00000E+00
  3001  2.84887E-14
  3002  5.01229E-14
  3003  6.55454E-14
  3004  7.53986E-14
  3005  8.03252E-14
  3006  8.09678E-14
  3007  7.79690E-14
  3008  7.19714E-14
  3009  6.36176E-14
  3010  5.35502E-14
  3011  4.24117E-14
  3012  3.08449E-14
  3013  1.94923E-14
  3014  8.99643E-15
  3015  0.00000E+00
  3016 -6.99722E-15
  3017 -1.20666E-14
  3018 -1.54224E-14
  3019 -1.72789E-14
  3020 -1.78501E-14
  3021 -1.73503E-14
  3022 -1.59937E-14
  3023 -1.39944E-14
  3024 -1.15668E-14
  3025 -8.92503E-15
  3026 -6.28322E-15
  3027 -3.85561E-15
  3028 -1.85641E-15
  3029 -4.99801E-16
  3030  0.00000E+00
  3031 -5.71208E-16
  3032 -2.42761E-15
  3033 -5.78342E-15
  3034 -1.08528E-14
  3035 -1.78501E-14
  3036 -2.69893E-14
  3037 -3.84847E-14
  3038 -5.25505E-14
  3039 -6.94010E-14
  3040 -8.92503E-14
  3041 -1.12313E-13
  3042 -1.38802E-13
  3043 -1.68933E-13
  3044 -2.02919E-13
  3045 -2.40976E-13
