2 0.000000
3 0.000000
4 0.000000
5 0.000000
6 0.000000
7 0.000000
8 0.000000
9 0.000000
10 0.000000
11 0.000000
12 0.000000
13 0.000000
14 0.000000
15 0.000000
16 0.000000
17 0.000000
18 0.000000
19 0.000000
20 0.000000
21 0.000000
22 0.000000
23 0.000000
24 0.000000
25 0.000000
26 0.000000
27 0.000000
28 0.000000
29 0.000000
30 0.000000
31 0.000000
32 0.000000
33 0.000000
34 0.000000
35 0.000000
36 0.000000
37 0.000000
38 0.000000
39 0.000000
40 0.000000
41 0.000000
42 0.000000
43 0.000000
44 0.000000
45 0.000000
46 0.000000
47 0.000000
48 0.000000
49 0.000000
50 0.000000
51 0.000000
52 0.000000
53 0.000000
54 0.000000
55 0.000000
56 0.000000
57 0.000000
58 0.000000
59 0.000000
60 0.000000
61 0.000000
62 0.000000
63 0.000000
64 0.000000
65 0.000000
66 0.000000
67 0.000000
68 0.000000
69 0.000000
70 0.000000
71 0.000000
72 0.000000
73 0.000000
74 0.000000
75 0.000000
76 0.000000
77 0.000000
78 0.000000
79 0.000000
80 0.000000
81 0.000000
82 0.000000
83 0.000000
84 0.000000
85 0.000000
86 0.000000
87 0.000000
88 0.000000
89 0.000000
90 0.000000
91 0.000000
92 0.000000
93 0.000000
94 0.000000
95 0.000000
96 0.000000
97 0.000000
98 0.000000
99 0.000000
100 0.000000
101 0.000000
102 0.000000
103 0.000000
104 0.000000
105 0.000000
106 0.000000
107 0.000000
108 0.000000
109 0.000000
110 0.000000
111 0.000000
112 0.000000
113 0.000000
114 0.000000
115 0.000000
116 0.000000
117 0.000000
118 0.000000
119 0.000000
120 0.000000
121 0.000000
122 0.000000
123 0.000000
124 0.000000
125 0.000000
126 0.000000
127 0.000000
128 0.000000
129 0.000000
130 0.000000
131 0.000000
132 0.000000
133 0.000000
134 0.000000
135 0.000000
136 0.000000
137 0.000000
138 0.000000
139 0.000000
140 0.000000
141 0.000000
142 0.000000
143 0.000000
144 0.000000
145 0.000000
146 0.000000
147 0.000000
148 0.000000
149 0.000000
150 0.000000
151 0.000000
152 0.000000
153 0.000000
154 0.000000
155 0.000000
156 0.000000
157 0.000000
158 0.000000
159 0.000000
160 0.000000
161 0.000000
162 0.000000
163 0.000000
164 0.000000
165 0.000000
166 0.000000
167 0.000000
168 0.000000
169 0.000000
170 0.000000
171 0.000000
172 0.000000
173 0.000000
174 0.000000
175 0.000000
176 0.000000
177 0.000000
178 0.000000
179 0.000000
180 0.000000
181 0.000000
182 0.000000
183 0.000000
184 0.000000
185 0.000000
186 0.000000
187 0.000000
188 0.000000
189 0.000000
190 0.000000
191 0.000000
192 0.000000
193 0.000000
194 0.000000
195 0.000000
196 0.000000
197 0.000000
198 0.000000
199 0.000000
200 0.000000
201 0.000000
202 0.000000
203 0.000000
204 0.000000
205 0.000000
206 0.000000
207 0.000000
208 0.000000
209 0.000000
210 0.000000
211 0.000000
212 0.000000
213 0.000000
214 0.000000
215 0.000000
216 0.000000
217 0.000000
218 0.000000
219 0.000000
220 0.000000
221 0.000000
222 0.000000
223 0.000000
224 0.000000
225 0.000000
226 0.000000
227 0.000000
228 0.000000
229 0.000000
230 0.000000
231 0.000000
232 0.000000
233 0.000000
234 0.000000
235 0.000000
236 0.000000
237 0.000000
238 0.000000
239 0.000000
240 0.000000
241 0.000000
242 0.000000
243 0.000000
244 0.000000
245 0.000000
246 0.000000
247 0.000000
248 0.000000
249 0.000000
250 0.000000
251 0.000000
252 0.000000
253 0.000000
254 0.000000
255 0.000000
256 0.000000
257 0.000000
258 0.000000
259 0.000000
260 0.000000
261 0.000000
262 0.000000
263 0.000000
264 0.000000
265 0.000000
266 0.000000
267 0.000000
268 0.000000
269 0.000000
270 0.000000
271 0.000000
272 0.000000
273 0.000000
274 0.000000
275 0.000000
276 0.000000
277 0.000000
278 0.000000
279 0.000000
280 0.000000
281 0.000000
282 0.000000
283 0.000000
284 0.000000
285 0.000000
286 0.000000
287 0.000000
288 0.000000
289 0.000000
290 0.000000
291 0.000000
292 0.000000
293 0.000000
294 0.000000
295 0.000000
296 0.000000
297 0.000000
298 0.000000
299 0.000000
300 0.000000
301 0.000000
302 0.000000
303 0.000000
304 0.000000
305 0.000000
306 0.000000
307 0.000000
308 0.000000
309 0.000000
310 0.000000
311 0.000000
312 0.000000
313 0.000000
314 0.000000
315 0.000000
316 0.000000
317 0.000000
318 0.000000
319 0.000000
320 0.000000
321 0.000000
322 0.000000
323 0.000000
324 0.000000
325 0.000000
326 0.000000
327 0.000000
328 0.000000
329 0.000000
330 0.000000
331 0.000000
332 0.000000
333 0.000000
334 0.000000
335 0.000000
336 0.000000
337 0.000000
338 0.000000
339 0.000000
340 0.000000
341 0.000000
342 0.000000
343 0.000000
344 0.000000
345 0.000000
346 0.000000
347 0.000000
348 0.000000
349 0.000000
350 0.000000
351 0.000000
352 0.000000
353 0.000000
354 0.000000
355 0.000000
356 0.000000
357 0.000000
358 0.000000
359 0.000000
360 0.000000
361 0.000000
362 0.000000
363 0.000000
364 0.000000
365 0.000000
366 0.000000
367 0.000000
368 0.000000
369 0.000000
370 0.000000
371 0.000000
372 0.000000
373 0.000000
374 0.000000
375 0.000000
376 0.000000
377 0.000000
378 0.000000
379 0.000000
380 0.000000
381 0.000000
382 0.000000
383 0.000000
384 0.000000
385 0.000000
386 0.000000
387 0.000000
388 0.000000
389 0.000000
390 0.000000
391 0.000000
392 0.000000
393 0.000000
394 0.000000
395 0.000000
396 0.000000
397 0.000000
398 0.000000
399 0.000000
400 0.000000
401 0.000000
402 0.000000
403 0.000000
404 0.000000
405 0.000000
406 0.000000
407 0.000000
408 0.000000
409 0.000000
410 0.000000
411 0.000000
412 0.000000
413 0.000000
414 0.000000
415 0.000000
416 0.000000
417 0.000000
418 0.000000
419 0.000000
420 0.000000
421 0.000000
422 0.000000
423 0.000000
424 0.000000
425 0.000000
426 0.000000
427 0.000000
428 0.000000
429 0.000000
430 0.000000
431 0.000000
432 0.000000
433 0.000000
434 0.000000
435 0.000000
436 0.000000
437 0.000000
438 0.000000
439 0.000000
440 0.000000
441 0.000000
442 0.000000
443 0.000000
444 0.000000
445 0.000000
446 0.000000
447 0.000000
448 0.000000
449 0.000000
450 0.000000
451 0.000000
452 0.000000
453 0.000000
454 0.000000
455 0.000000
456 0.000000
457 0.000000
458 0.000000
459 0.000000
460 0.000000
461 0.000000
462 0.000000
463 0.000000
464 0.000000
465 0.000000
466 0.000000
467 0.000000
468 0.000000
469 0.000000
470 0.000000
471 0.000000
472 0.000000
473 0.000000
474 0.000000
475 0.000000
476 0.000000
477 0.000000
478 0.000000
479 0.000000
480 0.000000
481 0.000000
482 0.000000
483 0.000000
484 0.000000
485 0.000000
486 0.000000
487 0.000000
488 0.000000
489 0.000000
490 0.000000
491 0.000000
492 0.000000
493 0.000000
494 0.000000
495 0.000000
496 0.000000
497 0.000000
498 0.000000
499 0.000000
500 0.000000
501 0.000000
502 0.000000
503 0.000000
504 0.000000
505 0.000000
506 0.000000
507 0.000000
508 0.000000
509 0.000000
510 0.000000
511 0.000000
512 0.000000
513 0.000000
514 0.000000
515 0.000000
516 0.000000
517 0.000000
518 0.000000
519 0.000000
520 0.000000
521 0.000000
522 0.000000
523 0.000000
524 0.000000
525 0.000000
526 0.000000
527 0.000000
528 0.000000
529 0.000000
530 0.000000
531 0.000000
532 0.000000
533 0.000000
534 0.000000
535 0.000000
536 0.000000
537 0.000000
538 0.000000
539 0.000000
540 0.000000
541 0.000000
542 0.000000
543 0.000000
544 0.000000
545 0.000000
546 0.000000
547 0.000000
548 0.000000
549 0.000000
550 0.000000
551 0.000000
552 0.000000
553 0.000000
554 0.000000
555 0.000000
556 0.000000
557 0.000000
558 0.000000
559 0.000000
560 0.000000
561 0.000000
562 0.000000
563 0.000000
564 0.000000
565 0.000000
566 0.000000
567 0.000000
568 0.000000
569 0.000000
570 0.000000
571 0.000000
572 0.000000
573 0.000000
574 0.000000
575 0.000000
576 0.000000
577 0.000000
578 0.000000
579 0.000000
580 0.000000
581 0.000000
582 0.000000
583 0.000000
584 0.000000
585 0.000000
586 0.000000
587 0.000000
588 0.000000
589 0.000000
590 0.000000
591 0.000000
592 0.000000
593 0.000000
594 0.000000
595 0.000000
596 0.000000
597 0.000000
598 0.000000
599 0.000000
600 0.000000
601 0.000000
602 0.000000
603 0.000000
604 0.000000
605 0.000000
606 0.000000
607 0.000000
608 0.000000
609 0.000000
610 0.000000
611 0.000000
612 0.000000
613 0.000000
614 0.000000
615 0.000000
616 0.000000
617 0.000000
618 0.000000
619 0.000000
620 0.000000
621 0.000000
622 0.000000
623 0.000000
624 0.000000
625 0.000000
626 0.000000
627 0.000000
628 0.000000
629 0.000000
630 0.000000
631 0.000000
632 0.000000
633 0.000000
634 0.000000
635 0.000000
636 0.000000
637 0.000000
638 0.000000
639 0.000000
640 0.000000
641 0.000000
642 0.000000
643 0.000000
644 0.000000
645 0.000000
646 0.000000
647 0.000000
648 0.000000
649 0.000000
650 0.000000
651 0.000000
652 0.000000
653 0.000000
654 0.000000
655 0.000000
656 0.000000
657 0.000000
658 0.000000
659 0.000000
660 0.000000
661 0.000000
662 0.000000
663 0.000000
664 0.000000
665 0.000000
666 0.000000
667 0.000000
668 0.000000
669 0.000000
670 0.000000
671 0.000000
672 0.000000
673 0.000000
674 0.000000
675 0.000000
676 0.000000
677 0.000000
678 0.000000
679 0.000000
680 0.000000
681 0.000000
682 0.000000
683 0.000000
684 0.000000
685 0.000000
686 0.000000
687 0.000000
688 0.000000
689 0.000000
690 0.000000
691 0.000000
692 0.000000
693 0.000000
694 0.000000
695 0.000000
696 0.000000
697 0.000000
698 0.000000
699 0.000000
700 0.000000
701 0.000000
702 0.000000
703 0.000000
704 0.000000
705 0.000000
706 0.000000
707 0.000000
708 0.000000
709 0.000000
710 0.000000
711 0.000000
712 0.000000
713 0.000000
714 0.000000
715 0.000000
716 0.000000
717 0.000000
718 0.000000
719 0.000000
720 0.000000
721 0.000000
722 0.000000
723 0.000000
724 0.000000
725 0.000000
726 0.000000
727 0.000000
728 0.000000
729 0.000000
730 0.000000
731 0.000000
732 0.000000
733 0.000000
734 0.000000
735 0.000000
736 0.000000
737 0.000000
738 0.000000
739 0.000000
740 0.000000
741 0.000000
742 0.000000
743 0.000000
744 0.000000
745 0.000000
746 0.000000
747 0.000000
748 0.000000
749 0.000000
750 0.000000
751 0.000000
752 0.000000
753 0.000000
754 0.000000
755 0.000000
756 0.000000
757 0.000000
758 0.000000
759 0.000000
760 0.000000
761 0.000000
762 0.000000
763 0.000000
764 0.000000
765 0.000000
766 0.000000
767 0.000000
768 0.000000
769 0.000000
770 0.000000
771 0.000000
772 0.000000
773 0.000000
774 0.000000
775 0.000000
776 0.000000
777 0.000000
778 0.000000
779 0.000000
780 0.000000
781 0.000000
782 0.000000
783 0.000000
784 0.000000
785 0.000000
786 0.000000
787 0.000000
788 0.000000
789 0.000000
790 0.000000
791 0.000000
792 0.000000
793 0.000000
794 0.000000
795 0.000000
796 0.000000
797 0.000000
798 0.000000
799 0.000000
800 0.000000
801 0.000000
802 0.000000
803 0.000000
804 0.000000
805 0.000000
806 0.000000
807 0.000000
808 0.000000
809 0.000000
810 0.000000
811 0.000000
812 0.000000
813 0.000000
814 0.000000
815 0.000000
816 0.000000
817 0.000000
818 0.000000
819 0.000000
820 0.000000
821 0.000000
822 0.000000
823 0.000000
824 0.000000
825 0.000000
826 0.000000
827 0.000000
828 0.000000
829 0.000000
830 0.000000
831 0.000000
832 0.000000
833 0.000000
834 0.000000
835 0.000000
836 0.000000
837 0.000000
838 0.000000
839 0.000000
840 0.000000
841 0.000000
842 0.000000
843 0.000000
844 0.000000
845 0.000000
846 0.000000
847 0.000000
848 0.000000
849 0.000000
850 0.000000
851 0.000000
852 0.000000
853 0.000000
854 0.000000
855 0.000000
856 0.000000
857 0.000000
858 0.000000
859 0.000000
860 0.000000
861 0.000000
862 0.000000
863 0.000000
864 0.000000
865 0.000000
866 0.000000
867 0.000000
868 0.000000
869 0.000000
870 0.000000
871 0.000000
872 0.000000
873 0.000000
874 0.000000
875 0.000000
876 0.000000
877 0.000000
878 0.000000
879 0.000000
880 0.000000
881 0.000000
882 0.000000
883 0.000000
884 0.000000
885 0.000000
886 0.000000
887 0.000000
888 0.000000
889 0.000000
890 0.000000
891 0.000000
892 0.000000
893 0.000000
894 0.000000
895 0.000000
896 0.000000
897 0.000000
898 0.000000
899 0.000000
900 0.000000
901 0.000000
902 0.000000
903 0.000000
904 0.000000
905 0.000000
906 0.000000
907 0.000000
908 0.000000
909 0.000000
910 0.000000
911 0.000000
912 0.000000
913 0.000000
914 0.000000
915 0.000000
916 0.000000
917 0.000000
918 0.000000
919 0.000000
920 0.000000
921 0.000000
922 0.000000
923 0.000000
924 0.000000
925 0.000001
926 0.000001
927 0.000001
928 0.000001
929 0.000001
930 0.000001
931 0.000001
932 0.000001
933 0.000000
934 0.000000
935 0.000000
936 0.000000
937 0.000000
938 0.000000
939 0.000000
940 0.000000
941 0.000001
942 0.000001
943 0.000001
944 0.000001
945 0.000001
946 0.000001
947 0.000001
948 0.000001
949 0.000001
950 0.000001
951 0.000001
952 0.000001
953 0.000001
954 0.000001
955 0.000001
956 0.000001
957 0.000001
958 0.000001
959 0.000001
960 0.000001
961 0.000001
962 0.000001
963 0.000001
964 0.000001
965 0.000001
966 0.000001
967 0.000001
968 0.000001
969 0.000001
970 0.000001
971 0.000001
972 0.000001
973 0.000001
974 0.000001
975 0.000001
976 0.000001
977 0.000001
978 0.000001
979 0.000001
980 0.000001
981 0.000001
982 0.000001
983 0.000001
984 0.000001
985 0.000001
986 0.000001
987 0.000001
988 0.000001
989 0.000001
990 0.000001
991 0.000001
992 0.000001
993 0.000001
994 0.000001
995 0.000001
996 0.000001
997 0.000001
998 0.000001
999 0.000001
1000 0.000001
1001 0.000001
1002 0.000001
1003 0.000001
1004 0.000001
1005 0.000001
1006 0.000001
1007 0.000001
1008 0.000001
1009 0.000001
1010 0.000001
1011 0.000001
1012 0.000001
1013 0.000001
1014 0.000001
1015 0.000001
1016 0.000001
1017 0.000001
1018 0.000001
1019 0.000001
1020 0.000001
1021 0.000001
1022 0.000001
1023 0.000001
1024 0.000001
1025 0.000001
1026 0.000001
1027 0.000001
1028 0.000001
1029 0.000001
1030 0.000001
1031 0.000001
1032 0.000001
1033 0.000001
1034 0.000001
1035 0.000001
1036 0.000001
1037 0.000001
1038 0.000001
1039 0.000001
1040 0.000001
1041 0.000001
1042 0.000001
1043 0.000001
1044 0.000001
1045 0.000001
1046 0.000001
1047 0.000001
1048 0.000001
1049 0.000001
1050 0.000001
1051 0.000001
1052 0.000001
1053 0.000001
1054 0.000001
1055 0.000001
1056 0.000001
1057 0.000001
1058 0.000001
1059 0.000001
1060 0.000001
1061 0.000001
1062 0.000001
1063 0.000001
1064 0.000001
1065 0.000001
1066 0.000001
1067 0.000001
1068 0.000001
1069 0.000001
1070 0.000001
1071 0.000001
1072 0.000001
1073 0.000001
1074 0.000001
1075 0.000001
1076 0.000001
1077 0.000001
1078 0.000001
1079 0.000001
1080 0.000001
1081 0.000001
1082 0.000001
1083 0.000001
1084 0.000001
1085 0.000001
1086 0.000001
1087 0.000001
1088 0.000001
1089 0.000001
1090 0.000001
1091 0.000001
1092 0.000001
1093 0.000001
1094 0.000001
1095 0.000001
1096 0.000001
1097 0.000001
1098 0.000001
1099 0.000001
1100 0.000001
1101 0.000001
1102 0.000001
1103 0.000001
1104 0.000001
1105 0.000001
1106 0.000001
1107 0.000001
1108 0.000001
1109 0.000001
1110 0.000001
1111 0.000001
1112 0.000001
1113 0.000001
1114 0.000001
1115 0.000001
1116 0.000001
1117 0.000001
1118 0.000001
1119 0.000001
1120 0.000001
1121 0.000001
1122 0.000001
1123 0.000001
1124 0.000001
1125 0.000001
1126 0.000001
1127 0.000001
1128 0.000001
1129 0.000001
1130 0.000001
1131 0.000001
1132 0.000001
1133 0.000001
1134 0.000001
1135 0.000001
1136 0.000001
1137 0.000001
1138 0.000001
1139 0.000001
1140 0.000001
1141 0.000001
1142 0.000001
1143 0.000001
1144 0.000001
1145 0.000001
1146 0.000001
1147 0.000001
1148 0.000001
1149 0.000001
1150 0.000001
1151 0.000001
1152 0.000001
1153 0.000001
1154 0.000001
1155 0.000001
1156 0.000001
1157 0.000001
1158 0.000001
1159 0.000001
1160 0.000001
1161 0.000001
1162 0.000001
1163 0.000001
1164 0.000001
1165 0.000001
1166 0.000001
1167 0.000001
1168 0.000001
1169 0.000001
1170 0.000001
1171 0.000001
1172 0.000001
1173 0.000001
1174 0.000001
1175 0.000001
1176 0.000001
1177 0.000001
1178 0.000001
1179 0.000001
1180 0.000001
1181 0.000001
1182 0.000001
1183 0.000001
1184 0.000001
1185 0.000001
1186 0.000001
1187 0.000001
1188 0.000001
1189 0.000001
1190 0.000001
1191 0.000001
1192 0.000001
1193 0.000001
1194 0.000001
1195 0.000001
1196 0.000001
1197 0.000001
1198 0.000001
1199 0.000001
1200 0.000001
1201 0.000001
1202 0.000001
1203 0.000001
1204 0.000001
1205 0.000002
1206 0.000002
1207 0.000002
1208 0.000002
1209 0.000002
1210 0.000002
1211 0.000002
1212 0.000002
1213 0.000002
1214 0.000002
1215 0.000002
1216 0.000002
1217 0.000002
1218 0.000002
1219 0.000002
1220 0.000002
1221 0.000002
1222 0.000002
1223 0.000002
1224 0.000002
1225 0.000002
1226 0.000002
1227 0.000002
1228 0.000002
1229 0.000002
1230 0.000002
1231 0.000002
1232 0.000002
1233 0.000002
1234 0.000002
1235 0.000002
1236 0.000002
1237 0.000002
1238 0.000002
1239 0.000002
1240 0.000002
1241 0.000002
1242 0.000002
1243 0.000002
1244 0.000002
1245 0.000002
1246 0.000002
1247 0.000002
1248 0.000002
1249 0.000002
1250 0.000002
1251 0.000002
1252 0.000002
1253 0.000002
1254 0.000002
1255 0.000002
1256 0.000002
1257 0.000002
1258 0.000002
1259 0.000002
1260 0.000002
1261 0.000002
1262 0.000002
1263 0.000002
1264 0.000002
1265 0.000002
1266 0.000002
1267 0.000002
1268 0.000002
1269 0.000002
1270 0.000002
1271 0.000002
1272 0.000002
1273 0.000002
1274 0.000002
1275 0.000002
1276 0.000002
1277 0.000003
1278 0.000003
1279 0.000003
1280 0.000003
1281 0.000003
1282 0.000003
1283 0.000003
1284 0.000003
1285 0.000003
1286 0.000003
1287 0.000003
1288 0.000003
1289 0.000003
1290 0.000003
1291 0.000003
1292 0.000003
1293 0.000003
1294 0.000003
1295 0.000003
1296 0.000003
1297 0.000003
1298 0.000003
1299 0.000003
1300 0.000003
1301 0.000003
1302 0.000003
1303 0.000003
1304 0.000003
1305 0.000003
1306 0.000003
1307 0.000003
1308 0.000003
1309 0.000003
1310 0.000003
1311 0.000003
1312 0.000003
1313 0.000003
1314 0.000003
1315 0.000003
1316 0.000003
1317 0.000003
1318 0.000003
1319 0.000003
1320 0.000003
1321 0.000003
1322 0.000003
1323 0.000003
1324 0.000003
1325 0.000003
1326 0.000003
1327 0.000003
1328 0.000003
1329 0.000003
1330 0.000003
1331 0.000003
1332 0.000003
1333 0.000003
1334 0.000003
1335 0.000003
1336 0.000003
1337 0.000003
1338 0.000003
1339 0.000003
1340 0.000003
1341 0.000003
1342 0.000003
1343 0.000003
1344 0.000003
1345 0.000003
1346 0.000003
1347 0.000003
1348 0.000003
1349 0.000003
1350 0.000003
1351 0.000003
1352 0.000003
1353 0.000003
1354 0.000003
1355 0.000003
1356 0.000003
1357 0.000003
1358 0.000003
1359 0.000003
1360 0.000003
1361 0.000003
1362 0.000003
1363 0.000003
1364 0.000003
1365 0.000003
1366 0.000003
1367 0.000003
1368 0.000003
1369 0.000003
1370 0.000003
1371 0.000003
1372 0.000003
1373 0.000003
1374 0.000003
1375 0.000003
1376 0.000003
1377 0.000003
1378 0.000003
1379 0.000003
1380 0.000003
1381 0.000003
1382 0.000003
1383 0.000003
1384 0.000003
1385 0.000003
1386 0.000003
1387 0.000003
1388 0.000003
1389 0.000003
1390 0.000003
1391 0.000003
1392 0.000003
1393 0.000003
1394 0.000003
1395 0.000003
1396 0.000003
1397 0.000003
1398 0.000003
1399 0.000003
1400 0.000003
1401 0.000003
1402 0.000003
1403 0.000003
1404 0.000003
1405 0.000003
1406 0.000003
1407 0.000003
1408 0.000003
1409 0.000003
1410 0.000003
1411 0.000003
1412 0.000003
1413 0.000003
1414 0.000003
1415 0.000003
1416 0.000003
1417 0.000003
1418 0.000003
1419 0.000003
1420 0.000003
1421 0.000003
1422 0.000003
1423 0.000003
1424 0.000003
1425 0.000003
1426 0.000003
1427 0.000003
1428 0.000003
1429 0.000003
1430 0.000003
1431 0.000003
1432 0.000003
1433 0.000003
1434 0.000003
1435 0.000003
1436 0.000003
1437 0.000004
1438 0.000004
1439 0.000004
1440 0.000004
1441 0.000004
1442 0.000004
1443 0.000004
1444 0.000004
1445 0.000003
1446 0.000003
1447 0.000003
1448 0.000003
1449 0.000003
1450 0.000003
1451 0.000003
1452 0.000003
1453 0.000004
1454 0.000004
1455 0.000004
1456 0.000004
1457 0.000004
1458 0.000004
1459 0.000004
1460 0.000004
1461 0.000004
1462 0.000004
1463 0.000004
1464 0.000004
1465 0.000004
1466 0.000004
1467 0.000004
1468 0.000004
1469 0.000004
1470 0.000004
1471 0.000004
1472 0.000004
1473 0.000004
1474 0.000004
1475 0.000004
1476 0.000004
1477 0.000005
1478 0.000005
1479 0.000005
1480 0.000005
1481 0.000005
1482 0.000005
1483 0.000005
1484 0.000005
1485 0.000005
1486 0.000005
1487 0.000005
1488 0.000005
1489 0.000005
1490 0.000005
1491 0.000005
1492 0.000005
1493 0.000005
1494 0.000005
1495 0.000005
1496 0.000005
1497 0.000005
1498 0.000005
1499 0.000005
1500 0.000005
1501 0.000005
1502 0.000005
1503 0.000005
1504 0.000005
1505 0.000005
1506 0.000005
1507 0.000005
1508 0.000005
1509 0.000005
1510 0.000005
1511 0.000005
1512 0.000005
1513 0.000005
1514 0.000005
1515 0.000005
1516 0.000005
1517 0.000005
1518 0.000005
1519 0.000005
1520 0.000005
1521 0.000005
1522 0.000005
1523 0.000005
1524 0.000005
1525 0.000006
1526 0.000006
1527 0.000006
1528 0.000006
1529 0.000006
1530 0.000006
1531 0.000006
1532 0.000006
1533 0.000005
1534 0.000005
1535 0.000005
1536 0.000005
1537 0.000005
1538 0.000005
1539 0.000005
1540 0.000005
1541 0.000006
1542 0.000006
1543 0.000006
1544 0.000006
1545 0.000006
1546 0.000006
1547 0.000006
1548 0.000006
1549 0.000006
1550 0.000006
1551 0.000006
1552 0.000006
1553 0.000006
1554 0.000006
1555 0.000006
1556 0.000006
1557 0.000007
1558 0.000007
1559 0.000007
1560 0.000007
1561 0.000007
1562 0.000007
1563 0.000007
1564 0.000007
1565 0.000006
1566 0.000006
1567 0.000006
1568 0.000006
1569 0.000006
1570 0.000006
1571 0.000006
1572 0.000006
1573 0.000007
1574 0.000007
1575 0.000007
1576 0.000007
1577 0.000007
1578 0.000007
1579 0.000007
1580 0.000007
1581 0.000007
1582 0.000007
1583 0.000007
1584 0.000007
1585 0.000007
1586 0.000007
1587 0.000007
1588 0.000007
1589 0.000007
1590 0.000007
1591 0.000007
1592 0.000007
1593 0.000007
1594 0.000007
1595 0.000007
1596 0.000007
1597 0.000013
1598 0.000013
1599 0.000013
1600 0.000013
1601 0.000013
1602 0.000013
1603 0.000013
1604 0.000013
1605 0.000012
1606 0.000012
1607 0.000012
1608 0.000012
1609 0.000012
1610 0.000012
1611 0.000012
1612 0.000012
1613 0.000014
1614 0.000014
1615 0.000014
1616 0.000014
1617 0.000014
1618 0.000014
1619 0.000014
1620 0.000014
1621 0.000013
1622 0.000013
1623 0.000013
1624 0.000013
1625 0.000013
1626 0.000013
1627 0.000013
1628 0.000013
1629 0.000014
1630 0.000014
1631 0.000014
1632 0.000014
1633 0.000014
1634 0.000014
1635 0.000014
1636 0.000014
1637 0.000013
1638 0.000013
1639 0.000013
1640 0.000013
1641 0.000013
1642 0.000013
1643 0.000013
1644 0.000013
1645 0.000015
1646 0.000015
1647 0.000015
1648 0.000015
1649 0.000015
1650 0.000015
1651 0.000015
1652 0.000015
1653 0.000015
1654 0.000015
1655 0.000015
1656 0.000015
1657 0.000015
1658 0.000015
1659 0.000015
1660 0.000015
1661 0.000016
1662 0.000016
1663 0.000016
1664 0.000016
1665 0.000016
1666 0.000016
1667 0.000016
1668 0.000016
1669 0.000016
1670 0.000016
1671 0.000016
1672 0.000016
1673 0.000016
1674 0.000016
1675 0.000016
1676 0.000016
1677 0.000016
1678 0.000016
1679 0.000016
1680 0.000016
1681 0.000016
1682 0.000016
1683 0.000016
1684 0.000016
1685 0.000017
1686 0.000017
1687 0.000017
1688 0.000017
1689 0.000017
1690 0.000017
1691 0.000017
1692 0.000017
1693 0.000015
1694 0.000015
1695 0.000015
1696 0.000015
1697 0.000015
1698 0.000015
1699 0.000015
1700 0.000015
1701 0.000017
1702 0.000017
1703 0.000017
1704 0.000017
1705 0.000017
1706 0.000017
1707 0.000017
1708 0.000017
1709 0.000016
1710 0.000016
1711 0.000016
1712 0.000016
1713 0.000016
1714 0.000016
1715 0.000016
1716 0.000016
1717 0.000017
1718 0.000017
1719 0.000017
1720 0.000017
1721 0.000017
1722 0.000017
1723 0.000017
1724 0.000017
1725 0.000018
1726 0.000018
1727 0.000018
1728 0.000018
1729 0.000018
1730 0.000018
1731 0.000018
1732 0.000018
1733 0.000017
1734 0.000017
1735 0.000017
1736 0.000017
1737 0.000017
1738 0.000017
1739 0.000017
1740 0.000017
1741 0.000018
1742 0.000018
1743 0.000018
1744 0.000018
1745 0.000018
1746 0.000018
1747 0.000018
1748 0.000018
1749 0.000017
1750 0.000017
1751 0.000017
1752 0.000017
1753 0.000017
1754 0.000017
1755 0.000017
1756 0.000017
1757 0.000020
1758 0.000020
1759 0.000020
1760 0.000020
1761 0.000020
1762 0.000020
1763 0.000020
1764 0.000020
1765 0.000019
1766 0.000019
1767 0.000019
1768 0.000019
1769 0.000019
1770 0.000019
1771 0.000019
1772 0.000019
1773 0.000021
1774 0.000021
1775 0.000021
1776 0.000021
1777 0.000021
1778 0.000021
1779 0.000021
1780 0.000021
1781 0.000019
1782 0.000019
1783 0.000019
1784 0.000019
1785 0.000019
1786 0.000019
1787 0.000019
1788 0.000019
1789 0.000023
1790 0.000023
1791 0.000023
1792 0.000023
1793 0.000023
1794 0.000023
1795 0.000023
1796 0.000023
1797 0.000023
1798 0.000023
1799 0.000023
1800 0.000023
1801 0.000023
1802 0.000023
1803 0.000023
1804 0.000023
1805 0.000024
1806 0.000024
1807 0.000024
1808 0.000024
1809 0.000024
1810 0.000024
1811 0.000024
1812 0.000024
1813 0.000024
1814 0.000024
1815 0.000024
1816 0.000024
1817 0.000024
1818 0.000024
1819 0.000024
1820 0.000024
1821 0.000027
1822 0.000027
1823 0.000027
1824 0.000027
1825 0.000027
1826 0.000027
1827 0.000027
1828 0.000027
1829 0.000034
1830 0.000034
1831 0.000034
1832 0.000034
1833 0.000034
1834 0.000034
1835 0.000034
1836 0.000034
1837 0.000034
1838 0.000034
1839 0.000034
1840 0.000034
1841 0.000034
1842 0.000034
1843 0.000034
1844 0.000034
1845 0.000041
1846 0.000041
1847 0.000041
1848 0.000041
1849 0.000041
1850 0.000041
1851 0.000041
1852 0.000041
1853 0.000046
1854 0.000046
1855 0.000046
1856 0.000046
1857 0.000046
1858 0.000046
1859 0.000046
1860 0.000046
1861 0.000052
1862 0.000052
1863 0.000052
1864 0.000052
1865 0.000052
1866 0.000052
1867 0.000052
1868 0.000052
1869 0.000051
1870 0.000051
1871 0.000051
1872 0.000051
1873 0.000051
1874 0.000051
1875 0.000051
1876 0.000051
1877 0.000048
1878 0.000048
1879 0.000048
1880 0.000048
1881 0.000048
1882 0.000048
1883 0.000048
1884 0.000048
1885 0.000047
1886 0.000047
1887 0.000047
1888 0.000047
1889 0.000047
1890 0.000047
1891 0.000047
1892 0.000047
1893 0.000044
1894 0.000044
1895 0.000044
1896 0.000044
1897 0.000044
1898 0.000044
1899 0.000044
1900 0.000044
1901 0.000038
1902 0.000038
1903 0.000038
1904 0.000038
1905 0.000038
1906 0.000038
1907 0.000038
1908 0.000038
1909 0.000022
1910 0.000022
1911 0.000022
1912 0.000022
1913 0.000022
1914 0.000022
1915 0.000022
1916 0.000022
1917 0.000007
1918 0.000007
1919 0.000007
1920 0.000007
1921 0.000007
1922 0.000007
1923 0.000007
1924 0.000007
1925 -0.000021
1926 -0.000021
1927 -0.000021
1928 -0.000021
1929 -0.000021
1930 -0.000021
1931 -0.000021
1932 -0.000021
1933 -0.000064
1934 -0.000064
1935 -0.000064
1936 -0.000064
1937 -0.000064
1938 -0.000064
1939 -0.000064
1940 -0.000064
1941 -0.000100
1942 -0.000100
1943 -0.000100
1944 -0.000100
1945 -0.000100
1946 -0.000100
1947 -0.000100
1948 -0.000100
1949 -0.000174
1950 -0.000174
1951 -0.000174
1952 -0.000174
1953 -0.000174
1954 -0.000174
1955 -0.000174
1956 -0.000174
1957 -0.000185
1958 -0.000185
1959 -0.000185
1960 -0.000185
1961 -0.000185
1962 -0.000185
1963 -0.000185
1964 -0.000185
1965 -0.000240
1966 -0.000240
1967 -0.000240
1968 -0.000240
1969 -0.000240
1970 -0.000240
1971 -0.000240
1972 -0.000240
1973 -0.000253
1974 -0.000253
1975 -0.000253
1976 -0.000253
1977 -0.000253
1978 -0.000253
1979 -0.000253
1980 -0.000253
1981 -0.000234
1982 -0.000234
1983 -0.000234
1984 -0.000234
1985 -0.000234
1986 -0.000234
1987 -0.000234
1988 -0.000234
1989 -0.000227
1990 -0.000227
1991 -0.000227
1992 -0.000227
1993 -0.000227
1994 -0.000227
1995 -0.000227
1996 -0.000227
1997 -0.000230
1998 -0.000230
1999 -0.000230
2000 -0.000230
2001 -0.000230
2002 -0.000230
2003 -0.000230
2004 -0.000230
2005 -0.000196
2006 -0.000196
2007 -0.000196
2008 -0.000196
2009 -0.000196
2010 -0.000196
2011 -0.000196
2012 -0.000196
2013 -0.000135
2014 -0.000135
2015 -0.000135
2016 -0.000135
2017 -0.000135
2018 -0.000135
2019 -0.000135
2020 -0.000135
2021 -0.000072
2022 -0.000072
2023 -0.000072
2024 -0.000072
2025 -0.000072
2026 -0.000072
2027 -0.000072
2028 -0.000072
2029 0.000019
2030 0.000019
2031 0.000019
2032 0.000019
2033 0.000019
2034 0.000019
2035 0.000019
2036 0.000019
2037 0.000118
2038 0.000118
2039 0.000118
2040 0.000118
2041 0.000118
2042 0.000118
2043 0.000118
2044 0.000118
2045 0.000262
2046 0.000262
2047 0.000262
2048 0.000262
2049 0.000262
2050 0.000262
2051 0.000262
2052 0.000262
2053 0.000501
2054 0.000501
2055 0.000501
2056 0.000501
2057 0.000501
2058 0.000501
2059 0.000501
2060 0.000501
2061 0.000644
2062 0.000644
2063 0.000644
2064 0.000644
2065 0.000644
2066 0.000644
2067 0.000644
2068 0.000644
2069 0.000859
2070 0.000859
2071 0.000859
2072 0.000859
2073 0.000859
2074 0.000859
2075 0.000859
2076 0.000859
2077 0.001632
2078 0.001632
2079 0.001632
2080 0.001632
2081 0.001632
2082 0.001632
2083 0.001632
2084 0.001632
2085 0.001977
2086 0.001977
2087 0.001977
2088 0.001977
2089 0.001977
2090 0.001977
2091 0.001977
2092 0.001977
2093 0.002675
2094 0.002675
2095 0.002675
2096 0.002675
2097 0.002675
2098 0.002675
2099 0.002675
2100 0.002675
2101 0.003279
2102 0.003279
2103 0.003279
2104 0.003279
2105 0.003279
2106 0.003279
2107 0.003279
2108 0.003279
2109 0.004214
2110 0.004214
2111 0.004214
2112 0.004214
2113 0.004214
2114 0.004214
2115 0.004214
2116 0.004214
2117 0.004259
2118 0.004259
2119 0.004259
2120 0.004259
2121 0.004259
2122 0.004259
2123 0.004259
2124 0.004259
2125 0.004892
2126 0.004892
2127 0.004892
2128 0.004892
2129 0.004892
2130 0.004892
2131 0.004892
2132 0.004892
2133 0.005521
2134 0.005521
2135 0.005521
2136 0.005521
2137 0.005521
2138 0.005521
2139 0.005521
2140 0.005521
2141 0.005123
2142 0.005123
2143 0.005123
2144 0.005123
2145 0.005123
2146 0.005123
2147 0.005123
2148 0.005123
2149 0.005586
2150 0.005586
2151 0.005586
2152 0.005586
2153 0.005586
2154 0.005586
2155 0.005586
2156 0.005586
2157 0.005159
2158 0.005159
2159 0.005159
2160 0.005159
2161 0.005159
2162 0.005159
2163 0.005159
2164 0.005159
2165 0.005930
2166 0.005930
2167 0.005930
2168 0.005930
2169 0.005930
2170 0.005930
2171 0.005930
2172 0.005930
2173 0.004766
2174 0.004766
2175 0.004766
2176 0.004766
2177 0.004766
2178 0.004766
2179 0.004766
2180 0.004766
2181 0.005576
2182 0.005576
2183 0.005576
2184 0.005576
2185 0.005576
2186 0.005576
2187 0.005576
2188 0.005576
2189 0.005221
2190 0.005221
2191 0.005221
2192 0.005221
2193 0.005221
2194 0.005221
2195 0.005221
2196 0.005221
2197 0.004711
2198 0.004711
2199 0.004711
2200 0.004711
2201 0.004711
2202 0.004711
2203 0.004711
2204 0.004711
2205 0.005325
2206 0.005325
2207 0.005325
2208 0.005325
2209 0.005325
2210 0.005325
2211 0.005325
2212 0.005325
2213 0.004887
2214 0.004887
2215 0.004887
2216 0.004887
2217 0.004887
2218 0.004887
2219 0.004887
2220 0.004887
2221 0.004751
2222 0.004751
2223 0.004751
2224 0.004751
2225 0.004751
2226 0.004751
2227 0.004751
2228 0.004751
2229 0.004365
2230 0.004365
2231 0.004365
2232 0.004365
2233 0.004365
2234 0.004365
2235 0.004365
2236 0.004365
2237 0.004591
2238 0.004591
2239 0.004591
2240 0.004591
2241 0.004591
2242 0.004591
2243 0.004591
2244 0.004591
2245 0.004076
2246 0.004076
2247 0.004076
2248 0.004076
2249 0.004076
2250 0.004076
2251 0.004076
2252 0.004076
2253 0.003818
2254 0.003818
2255 0.003818
2256 0.003818
2257 0.003818
2258 0.003818
2259 0.003818
2260 0.003818
2261 0.003628
2262 0.003628
2263 0.003628
2264 0.003628
2265 0.003628
2266 0.003628
2267 0.003628
2268 0.003628
2269 0.003548
2270 0.003548
2271 0.003548
2272 0.003548
2273 0.003548
2274 0.003548
2275 0.003548
2276 0.003548
2277 0.002930
2278 0.002930
2279 0.002930
2280 0.002930
2281 0.002930
2282 0.002930
2283 0.002930
2284 0.002930
2285 0.002551
2286 0.002551
2287 0.002551
2288 0.002551
2289 0.002551
2290 0.002551
2291 0.002551
2292 0.002551
2293 0.002161
2294 0.002161
2295 0.002161
2296 0.002161
2297 0.002161
2298 0.002161
2299 0.002161
2300 0.002161
2301 0.001623
2302 0.001623
2303 0.001623
2304 0.001623
2305 0.001623
2306 0.001623
2307 0.001623
2308 0.001623
2309 0.001239
2310 0.001239
2311 0.001239
2312 0.001239
2313 0.001239
2314 0.001239
2315 0.001239
2316 0.001239
2317 0.000995
2318 0.000995
2319 0.000995
2320 0.000995
2321 0.000995
2322 0.000995
2323 0.000995
2324 0.000995
2325 0.000670
2326 0.000670
2327 0.000670
2328 0.000670
2329 0.000670
2330 0.000670
2331 0.000670
2332 0.000670
2333 0.000443
2334 0.000443
2335 0.000443
2336 0.000443
2337 0.000443
2338 0.000443
2339 0.000443
2340 0.000443
2341 0.000340
2342 0.000340
2343 0.000340
2344 0.000340
2345 0.000340
2346 0.000340
2347 0.000340
2348 0.000340
2349 0.000225
2350 0.000225
2351 0.000225
2352 0.000225
2353 0.000225
2354 0.000225
2355 0.000225
2356 0.000225
2357 0.000146
2358 0.000146
2359 0.000146
2360 0.000146
2361 0.000146
2362 0.000146
2363 0.000146
2364 0.000146
2365 0.000070
2366 0.000070
2367 0.000070
2368 0.000070
2369 0.000070
2370 0.000070
2371 0.000070
2372 0.000070
2373 0.000020
2374 0.000020
2375 0.000020
2376 0.000020
2377 0.000020
2378 0.000020
2379 0.000020
2380 0.000020
2381 -0.000021
2382 -0.000021
2383 -0.000021
2384 -0.000021
2385 -0.000021
2386 -0.000021
2387 -0.000021
2388 -0.000021
2389 -0.000044
2390 -0.000044
2391 -0.000044
2392 -0.000044
2393 -0.000044
2394 -0.000044
2395 -0.000044
2396 -0.000044
2397 -0.000069
2398 -0.000069
2399 -0.000069
2400 -0.000069
2401 -0.000069
2402 -0.000069
2403 -0.000069
2404 -0.000069
2405 -0.000077
2406 -0.000077
2407 -0.000077
2408 -0.000077
2409 -0.000077
2410 -0.000077
2411 -0.000077
2412 -0.000077
2413 -0.000090
2414 -0.000090
2415 -0.000090
2416 -0.000090
2417 -0.000090
2418 -0.000090
2419 -0.000090
2420 -0.000090
2421 -0.000081
2422 -0.000081
2423 -0.000081
2424 -0.000081
2425 -0.000081
2426 -0.000081
2427 -0.000081
2428 -0.000081
2429 -0.000102
2430 -0.000102
2431 -0.000102
2432 -0.000102
2433 -0.000102
2434 -0.000102
2435 -0.000102
2436 -0.000102
2437 -0.000098
2438 -0.000098
2439 -0.000098
2440 -0.000098
2441 -0.000098
2442 -0.000098
2443 -0.000098
2444 -0.000098
2445 -0.000088
2446 -0.000088
2447 -0.000088
2448 -0.000088
2449 -0.000088
2450 -0.000088
2451 -0.000088
2452 -0.000088
2453 -0.000092
2454 -0.000092
2455 -0.000092
2456 -0.000092
2457 -0.000092
2458 -0.000092
2459 -0.000092
2460 -0.000092
2461 -0.000080
2462 -0.000080
2463 -0.000080
2464 -0.000080
2465 -0.000080
2466 -0.000080
2467 -0.000080
2468 -0.000080
2469 -0.000076
2470 -0.000076
2471 -0.000076
2472 -0.000076
2473 -0.000076
2474 -0.000076
2475 -0.000076
2476 -0.000076
2477 -0.000074
2478 -0.000074
2479 -0.000074
2480 -0.000074
2481 -0.000074
2482 -0.000074
2483 -0.000074
2484 -0.000074
2485 -0.000068
2486 -0.000068
2487 -0.000068
2488 -0.000068
2489 -0.000068
2490 -0.000068
2491 -0.000068
2492 -0.000068
2493 -0.000051
2494 -0.000051
2495 -0.000051
2496 -0.000051
2497 -0.000051
2498 -0.000051
2499 -0.000051
2500 -0.000051
2501 -0.000049
2502 -0.000049
2503 -0.000049
2504 -0.000049
2505 -0.000049
2506 -0.000049
2507 -0.000049
2508 -0.000049
2509 -0.000037
2510 -0.000037
2511 -0.000037
2512 -0.000037
2513 -0.000037
2514 -0.000037
2515 -0.000037
2516 -0.000037
2517 -0.000021
2518 -0.000021
2519 -0.000021
2520 -0.000021
2521 -0.000021
2522 -0.000021
2523 -0.000021
2524 -0.000021
2525 -0.000022
2526 -0.000022
2527 -0.000022
2528 -0.000022
2529 -0.000022
2530 -0.000022
2531 -0.000022
2532 -0.000022
2533 -0.000000
2534 -0.000000
2535 -0.000000
2536 -0.000000
2537 -0.000000
2538 -0.000000
2539 -0.000000
2540 -0.000000
2541 -0.000007
2542 -0.000007
2543 -0.000007
2544 -0.000007
2545 -0.000007
2546 -0.000007
2547 -0.000007
2548 -0.000007
2549 0.000002
2550 0.000002
2551 0.000002
2552 0.000002
2553 0.000002
2554 0.000002
2555 0.000002
2556 0.000002
2557 0.000022
2558 0.000022
2559 0.000022
2560 0.000022
2561 0.000022
2562 0.000022
2563 0.000022
2564 0.000022
2565 0.000005
2566 0.000005
2567 0.000005
2568 0.000005
2569 0.000005
2570 0.000005
2571 0.000005
2572 0.000005
2573 0.000023
2574 0.000023
2575 0.000023
2576 0.000023
2577 0.000023
2578 0.000023
2579 0.000023
2580 0.000023
2581 0.000021
2582 0.000021
2583 0.000021
2584 0.000021
2585 0.000021
2586 0.000021
2587 0.000021
2588 0.000021
2589 0.000019
2590 0.000019
2591 0.000019
2592 0.000019
2593 0.000019
2594 0.000019
2595 0.000019
2596 0.000019
2597 0.000041
2598 0.000041
2599 0.000041
2600 0.000041
2601 0.000041
2602 0.000041
2603 0.000041
2604 0.000041
2605 0.000031
2606 0.000031
2607 0.000031
2608 0.000031
2609 0.000031
2610 0.000031
2611 0.000031
2612 0.000031
2613 0.000035
2614 0.000035
2615 0.000035
2616 0.000035
2617 0.000035
2618 0.000035
2619 0.000035
2620 0.000035
2621 0.000042
2622 0.000042
2623 0.000042
2624 0.000042
2625 0.000042
2626 0.000042
2627 0.000042
2628 0.000042
2629 0.000032
2630 0.000032
2631 0.000032
2632 0.000032
2633 0.000032
2634 0.000032
2635 0.000032
2636 0.000032
2637 0.000055
2638 0.000055
2639 0.000055
2640 0.000055
2641 0.000055
2642 0.000055
2643 0.000055
2644 0.000055
2645 0.000035
2646 0.000035
2647 0.000035
2648 0.000035
2649 0.000035
2650 0.000035
2651 0.000035
2652 0.000035
2653 0.000048
2654 0.000048
2655 0.000048
2656 0.000048
2657 0.000048
2658 0.000048
2659 0.000048
2660 0.000048
2661 0.000050
2662 0.000050
2663 0.000050
2664 0.000050
2665 0.000050
2666 0.000050
2667 0.000050
2668 0.000050
2669 0.000050
2670 0.000050
2671 0.000050
2672 0.000050
2673 0.000050
2674 0.000050
2675 0.000050
2676 0.000050
2677 0.000054
2678 0.000054
2679 0.000054
2680 0.000054
2681 0.000054
2682 0.000054
2683 0.000054
2684 0.000054
2685 0.000053
2686 0.000053
2687 0.000053
2688 0.000053
2689 0.000053
2690 0.000053
2691 0.000053
2692 0.000053
2693 0.000051
2694 0.000051
2695 0.000051
2696 0.000051
2697 0.000051
2698 0.000051
2699 0.000051
2700 0.000051
2701 0.000054
2702 0.000054
2703 0.000054
2704 0.000054
2705 0.000054
2706 0.000054
2707 0.000054
2708 0.000054
2709 0.000049
2710 0.000049
2711 0.000049
2712 0.000049
2713 0.000049
2714 0.000049
2715 0.000049
2716 0.000049
2717 0.000055
2718 0.000055
2719 0.000055
2720 0.000055
2721 0.000055
2722 0.000055
2723 0.000055
2724 0.000055
2725 0.000045
2726 0.000045
2727 0.000045
2728 0.000045
2729 0.000045
2730 0.000045
2731 0.000045
2732 0.000045
2733 0.000050
2734 0.000050
2735 0.000050
2736 0.000050
2737 0.000050
2738 0.000050
2739 0.000050
2740 0.000050
2741 0.000030
2742 0.000030
2743 0.000030
2744 0.000030
2745 0.000030
2746 0.000030
2747 0.000030
2748 0.000030
2749 0.000051
2750 0.000051
2751 0.000051
2752 0.000051
2753 0.000051
2754 0.000051
2755 0.000051
2756 0.000051
2757 0.000041
2758 0.000041
2759 0.000041
2760 0.000041
2761 0.000041
2762 0.000041
2763 0.000041
2764 0.000041
2765 0.000031
2766 0.000031
2767 0.000031
2768 0.000031
2769 0.000031
2770 0.000031
2771 0.000031
2772 0.000031
2773 0.000046
2774 0.000046
2775 0.000046
2776 0.000046
2777 0.000046
2778 0.000046
2779 0.000046
2780 0.000046
2781 0.000024
2782 0.000024
2783 0.000024
2784 0.000024
2785 0.000024
2786 0.000024
2787 0.000024
2788 0.000024
2789 0.000039
2790 0.000039
2791 0.000039
2792 0.000039
2793 0.000039
2794 0.000039
2795 0.000039
2796 0.000039
2797 0.000014
2798 0.000014
2799 0.000014
2800 0.000014
2801 0.000014
2802 0.000014
2803 0.000014
2804 0.000014
2805 0.000015
2806 0.000015
2807 0.000015
2808 0.000015
2809 0.000015
2810 0.000015
2811 0.000015
2812 0.000015
2813 0.000014
2814 0.000014
2815 0.000014
2816 0.000014
2817 0.000014
2818 0.000014
2819 0.000014
2820 0.000014
2821 0.000013
2822 0.000013
2823 0.000013
2824 0.000013
2825 0.000013
2826 0.000013
2827 0.000013
2828 0.000013
2829 0.000014
2830 0.000014
2831 0.000014
2832 0.000014
2833 0.000014
2834 0.000014
2835 0.000014
2836 0.000014
2837 0.000012
2838 0.000012
2839 0.000012
2840 0.000012
2841 0.000012
2842 0.000012
2843 0.000012
2844 0.000012
2845 0.000011
2846 0.000011
2847 0.000011
2848 0.000011
2849 0.000011
2850 0.000011
2851 0.000011
2852 0.000011
2853 0.000011
2854 0.000011
2855 0.000011
2856 0.000011
2857 0.000011
2858 0.000011
2859 0.000011
2860 0.000011
2861 0.000012
2862 0.000012
2863 0.000012
2864 0.000012
2865 0.000012
2866 0.000012
2867 0.000012
2868 0.000012
2869 0.000011
2870 0.000011
2871 0.000011
2872 0.000011
2873 0.000011
2874 0.000011
2875 0.000011
2876 0.000011
2877 0.000010
2878 0.000010
2879 0.000010
2880 0.000010
2881 0.000010
2882 0.000010
2883 0.000010
2884 0.000010
2885 0.000010
2886 0.000010
2887 0.000010
2888 0.000010
2889 0.000010
2890 0.000010
2891 0.000010
2892 0.000010
2893 0.000009
2894 0.000009
2895 0.000009
2896 0.000009
2897 0.000009
2898 0.000009
2899 0.000009
2900 0.000009
2901 0.000009
2902 0.000009
2903 0.000009
2904 0.000009
2905 0.000009
2906 0.000009
2907 0.000009
2908 0.000009
2909 0.000009
2910 0.000009
2911 0.000009
2912 0.000009
2913 0.000009
2914 0.000009
2915 0.000009
2916 0.000009
2917 0.000008
2918 0.000008
2919 0.000008
2920 0.000008
2921 0.000008
2922 0.000008
2923 0.000008
2924 0.000008
2925 0.000008
2926 0.000008
2927 0.000008
2928 0.000008
2929 0.000008
2930 0.000008
2931 0.000008
2932 0.000008
2933 0.000007
2934 0.000007
2935 0.000007
2936 0.000007
2937 0.000007
2938 0.000007
2939 0.000007
2940 0.000007
2941 0.000007
2942 0.000007
2943 0.000007
2944 0.000007
2945 0.000007
2946 0.000007
2947 0.000007
2948 0.000007
2949 0.000007
2950 0.000007
2951 0.000007
2952 0.000007
2953 0.000007
2954 0.000007
2955 0.000007
2956 0.000007
2957 0.000006
2958 0.000006
2959 0.000006
2960 0.000006
2961 0.000006
2962 0.000006
2963 0.000006
2964 0.000006
2965 0.000006
2966 0.000006
2967 0.000006
2968 0.000006
2969 0.000006
2970 0.000006
2971 0.000006
2972 0.000006
2973 0.000005
2974 0.000005
2975 0.000005
2976 0.000005
2977 0.000005
2978 0.000005
2979 0.000005
2980 0.000005
2981 0.000005
2982 0.000005
2983 0.000005
2984 0.000005
2985 0.000005
2986 0.000005
2987 0.000005
2988 0.000005
2989 0.000004
2990 0.000004
2991 0.000004
2992 0.000004
2993 0.000004
2994 0.000004
2995 0.000004
2996 0.000004
2997 0.000004
2998 0.000004
2999 0.000004
3000 0.000004
3001 0.000004
3002 0.000004
3003 0.000004
3004 0.000004
3005 0.000003
3006 0.000003
3007 0.000003
3008 0.000003
3009 0.000003
3010 0.000003
3011 0.000003
3012 0.000003
3013 0.000002
3014 0.000002
3015 0.000002
3016 0.000002
3017 0.000002
3018 0.000002
3019 0.000002
3020 0.000002
3021 0.000002
3022 0.000002
3023 0.000002
3024 0.000002
3025 0.000002
3026 0.000002
3027 0.000002
3028 0.000002
3029 0.000001
3030 0.000001
3031 0.000001
3032 0.000001
3033 0.000001
3034 0.000001
3035 0.000001
3036 0.000001
3037 0.000001
3038 0.000001
3039 0.000001
3040 0.000001
3041 0.000001
3042 0.000001
3043 0.000001
3044 0.000001
3045 0.000001
3046 0.000001
3047 0.000001
3048 0.000001
3049 0.000001
3050 0.000001
3051 0.000001
3052 0.000001
3053 0.000000
3054 0.000000
3055 0.000000
3056 0.000000
3057 0.000000
3058 0.000000
3059 0.000000
3060 0.000000
3061 0.000000
3062 0.000000
3063 0.000000
3064 0.000000
3065 0.000000
3066 0.000000
3067 0.000000
3068 0.000000
3069 0.000000
3070 0.000000
3071 0.000000
3072 0.000000
3073 0.000000
3074 0.000000
3075 0.000000
3076 0.000000
3077 0.000000
3078 0.000000
3079 0.000000
3080 0.000000
3081 0.000000
3082 0.000000
3083 0.000000
3084 0.000000
3085 0.000000
3086 0.000000
3087 0.000000
3088 0.000000
3089 0.000000
3090 0.000000
3091 0.000000
3092 0.000000
3093 0.000000
3094 0.000000
3095 0.000000
3096 0.000000
3097 0.000000
3098 0.000000
3099 0.000000
