    45  0.00000E+00
    46 -2.44109E-35
    47 -4.30086E-35
    48 -5.63298E-35
    49 -6.49112E-35
    50 -6.92896E-35
    51 -7.00019E-35
    52 -6.75847E-35
    53 -6.25749E-35
    54 -5.55091E-35
    55 -4.69243E-35
    56 -3.73571E-35
    57 -2.73443E-35
    58 -1.74226E-35
    59 -8.12896E-36
    60  0.00000E+00
    61  6.54091E-36
    62  1.15241E-35
    63  1.50936E-35
    64  1.73930E-35
    65  1.85662E-35
    66  1.87570E-35
    67  1.81094E-35
    68  1.67670E-35
    69  1.48738E-35
    70  1.25734E-35
    71  1.00099E-35
    72  7.32697E-36
    73  4.66846E-36
    74  2.17819E-36
    75  0.00000E+00
    76 -1.75268E-36
    77 -3.08800E-36
    78 -4.04449E-36
    79 -4.66068E-36
    80 -4.97510E-36
    81 -5.02630E-36
    82 -4.85281E-36
    83 -4.49315E-36
    84 -3.98587E-36
    85 -3.36950E-36
    86 -2.68258E-36
    87 -1.96363E-36
    88 -1.25119E-36
    89 -5.83806E-37
    90  0.00000E+00
    91  4.69831E-37
    92  8.27857E-37
    93  1.08439E-36
    94  1.24975E-36
    95  1.33423E-36
    96  1.34816E-36
    97  1.30185E-36
    98  1.20560E-36
    99  1.06974E-36
   100  9.04564E-37
   101  7.20395E-37
   102  5.27542E-37
   103  3.36317E-37
   104  1.57032E-37
   105  0.00000E+00
   106 -1.46901E-37
   107 -2.23427E-37
   108 -2.93079E-37
   109 -3.38307E-37
   110 -3.61826E-37
   111 -3.66349E-37
   112 -3.54589E-37
   113 -3.29261E-37
   114 -2.93079E-37
   115 -2.48755E-37
   116 -1.99004E-37
   117 -1.46539E-37
   118 -9.40747E-38
   119 -4.43237E-38
   120  0.00000E+00
   121  3.67253E-38
   122  6.58523E-38
   123  8.79237E-38
   124  1.03482E-37
   125  1.13071E-37
   126  1.17232E-37
   127  8.66470E-38
   128  8.02241E-38
   129  7.11655E-38
   130  6.01593E-38
   131  7.56216E-38
   132  5.86158E-38
   133  3.99817E-38
   134  0.00000E+00
   135  0.00000E+00
   136  0.00000E+00
   137  0.00000E+00
   138  0.00000E+00
   139  0.00000E+00
   140 -3.02972E-38
   141 -3.14121E-38
   142 -3.12182E-38
   143 -2.98609E-38
   144  0.00000E+00
   145  0.00000E+00
   146  0.00000E+00
   147  0.00000E+00
   148  0.00000E+00
   149  0.00000E+00
   150  0.00000E+00
   151  0.00000E+00
   152  0.00000E+00
   153  0.00000E+00
   154 -3.51359E-38
   155 -4.20286E-38
   156 -4.76605E-38
   157 -5.17793E-38
   158 -5.41329E-38
   159 -5.44691E-38
   160 -5.25358E-38
   161 -4.80808E-38
   162 -4.08518E-38
   163 -3.05968E-38
   164  0.00000E+00
   165  0.00000E+00
   166  3.51351E-38
   167  3.87322E-38
   168  6.07889E-38
   169  8.30483E-38
   170  1.04317E-37
   171  1.23402E-37
   172  1.39110E-37
   173  1.50247E-37
   174  1.55621E-37
   175  1.54038E-37
   176  1.44304E-37
   177  1.52461E-37
   178  1.14189E-37
   179  6.36823E-38
   180  0.00000E+00
   181 -6.74436E-38
   182 -1.44550E-37
   183 -2.26867E-37
   184 -3.09941E-37
   185 -3.89317E-37
   186 -4.60543E-37
   187 -5.19166E-37
   188 -5.60731E-37
   189 -5.80786E-37
   190 -5.74876E-37
   191 -5.38549E-37
   192 -4.67352E-37
   193 -3.56830E-37
   194 -2.02531E-37
   195  0.00000E+00
   196  2.51703E-37
   197  5.39470E-37
   198  8.46680E-37
   199  1.15671E-36
   200  1.45295E-36
   201  1.71877E-36
   202  1.93755E-36
   203  2.09268E-36
   204  2.16752E-36
   205  2.14547E-36
   206  2.00989E-36
   207  1.74418E-36
   208  1.33171E-36
   209  7.55854E-37
   210  0.00000E+00
   211 -9.39368E-37
   212 -2.01333E-36
   213 -3.15985E-36
   214 -4.31692E-36
   215 -5.42249E-36
   216 -6.41454E-36
   217 -7.23104E-36
   218 -7.80997E-36
   219 -8.08930E-36
   220 -8.00699E-36
   221 -7.50102E-36
   222 -6.50937E-36
   223 -4.97000E-36
   224 -2.82089E-36
   225  0.00000E+00
   226  3.50577E-36
   227  7.51384E-36
   228  1.17927E-35
   229  1.61110E-35
   230  2.02370E-35
   231  2.39394E-35
   232  2.69866E-35
   233  2.91472E-35
   234  3.01897E-35
   235  2.98825E-35
   236  2.79942E-35
   237  2.42933E-35
   238  1.85483E-35
   239  1.05277E-35
   240  0.00000E+00
   241 -1.30837E-35
   242 -2.80420E-35
   243 -4.40111E-35
   244 -6.01269E-35
   245 -7.55255E-35
   246 -8.93430E-35
   247 -1.00715E-34
   248 -1.08779E-34
   249 -1.12669E-34
   250 -1.11523E-34
   251 -1.04476E-34
   252 -9.06638E-35
   253 -6.92232E-35
   254 -3.92899E-35
   255  0.00000E+00
   256  4.88290E-35
   257  1.04654E-34
   258  1.64252E-34
   259  2.24397E-34
   260  2.81865E-34
   261  3.33433E-34
   262  3.75875E-34
   263  4.05968E-34
   264  4.20488E-34
   265  4.16209E-34
   266  3.89909E-34
   267  3.38362E-34
   268  2.58344E-34
   269  1.46632E-34
   270  0.00000E+00
   271 -1.82232E-34
   272 -3.90575E-34
   273 -6.12995E-34
   274 -8.37459E-34
   275 -1.05193E-33
   276 -1.24439E-33
   277 -1.40279E-33
   278 -1.51509E-33
   279 -1.56928E-33
   280 -1.55331E-33
   281 -1.45516E-33
   282 -1.26278E-33
   283 -9.64154E-34
   284 -5.47237E-34
   285  0.00000E+00
   286  6.80101E-34
   287  1.45765E-33
   288  2.28773E-33
   289  3.12544E-33
   290  3.92587E-33
   291  4.64412E-33
   292  5.23527E-33
   293  5.65441E-33
   294  5.85664E-33
   295  5.79705E-33
   296  5.43073E-33
   297  4.71278E-33
   298  3.59827E-33
   299  2.04232E-33
   300  0.00000E+00
   301 -2.53817E-33
   302 -5.44001E-33
   303 -8.53792E-33
   304 -1.16643E-32
   305 -1.46516E-32
   306 -1.73321E-32
   307 -1.95383E-32
   308 -2.11025E-32
   309 -2.18573E-32
   310 -2.16349E-32
   311 -2.02678E-32
   312 -1.75883E-32
   313 -1.34289E-32
   314 -7.62204E-33
   315  0.00000E+00
   316  9.47258E-33
   317  2.03024E-32
   318  3.18640E-32
   319  4.35318E-32
   320  5.46804E-32
   321  6.46842E-32
   322  7.29178E-32
   323  7.87558E-32
   324  8.15725E-32
   325  8.07425E-32
   326  7.56403E-32
   327  6.56405E-32
   328  5.01175E-32
   329  2.84458E-32
   330  0.00000E+00
   331 -3.53522E-32
   332 -7.57696E-32
   333 -1.18918E-31
   334 -1.62463E-31
   335 -2.04070E-31
   336 -2.41405E-31
   337 -2.72133E-31
   338 -2.93921E-31
   339 -3.04433E-31
   340 -3.01335E-31
   341 -2.82294E-31
   342 -2.44974E-31
   343 -1.87041E-31
   344 -1.06161E-31
   345  0.00000E+00
   346  1.31936E-31
   347  2.82776E-31
   348  4.43808E-31
   349  6.06320E-31
   350  7.61599E-31
   351  9.00935E-31
   352  1.01561E-30
   353  1.09693E-30
   354  1.13616E-30
   355  1.12460E-30
   356  1.05353E-30
   357  9.14254E-31
   358  6.98046E-31
   359  3.96199E-31
   360  0.00000E+00
   361 -4.92392E-31
   362 -1.05533E-30
   363 -1.65631E-30
   364 -2.26282E-30
   365 -2.84233E-30
   366 -3.36233E-30
   367 -3.79032E-30
   368 -4.09378E-30
   369 -4.24020E-30
   370 -4.19706E-30
   371 -3.93184E-30
   372 -3.41204E-30
   373 -2.60514E-30
   374 -1.47864E-30
   375  0.00000E+00
   376  1.83763E-30
   377  3.93856E-30
   378  6.18144E-30
   379  8.44494E-30
   380  1.06077E-29
   381  1.25484E-29
   382  1.41457E-29
   383  1.52782E-29
   384  1.58246E-29
   385  1.56636E-29
   386  1.46738E-29
   387  1.27339E-29
   388  9.72253E-30
   389  5.51834E-30
   390  0.00000E+00
   391 -6.85814E-30
   392 -1.46989E-29
   393 -2.30695E-29
   394 -3.15169E-29
   395 -3.95885E-29
   396 -4.68313E-29
   397 -5.27924E-29
   398 -5.70191E-29
   399 -5.90584E-29
   400 -5.84575E-29
   401 -5.47635E-29
   402 -4.75236E-29
   403 -3.62850E-29
   404 -2.05947E-29
   405  0.00000E+00
   406  2.55949E-29
   407  5.48571E-29
   408  8.60964E-29
   409  1.17623E-28
   410  1.47746E-28
   411  1.74777E-28
   412  1.97024E-28
   413  2.12798E-28
   414  2.20409E-28
   415  2.18166E-28
   416  2.04380E-28
   417  1.77361E-28
   418  1.35417E-28
   419  7.68606E-29
   420  0.00000E+00
   421 -9.55215E-29
   422 -2.04729E-28
   423 -3.21316E-28
   424 -4.38974E-28
   425 -5.51397E-28
   426 -6.52275E-28
   427 -7.35303E-28
   428 -7.94173E-28
   429 -8.22577E-28
   430 -8.14207E-28
   431 -7.62757E-28
   432 -6.61919E-28
   433 -5.05385E-28
   434 -2.86848E-28
   435  0.00000E+00
   436  3.56491E-28
   437  7.64060E-28
   438  1.19917E-27
   439  1.63827E-27
   440  2.05784E-27
   441  2.43433E-27
   442  2.74419E-27
   443  2.96389E-27
   444  3.06990E-27
   445  3.03866E-27
   446  2.84665E-27
   447  2.47031E-27
   448  1.88612E-27
   449  1.07053E-27
   450  0.00000E+00
   451 -1.33044E-27
   452 -2.85151E-27
   453 -4.47536E-27
   454 -6.11412E-27
   455 -7.67997E-27
   456 -9.08503E-27
   457 -1.02415E-26
   458 -1.10614E-26
   459 -1.14570E-26
   460 -1.13404E-26
   461 -1.06238E-26
   462 -9.21934E-27
   463 -7.03910E-27
   464 -3.99527E-27
   465  0.00000E+00
   466  4.96528E-27
   467  1.06420E-26
   468  1.67023E-26
   469  2.28182E-26
   470  2.86620E-26
   471  3.39058E-26
   472  3.82216E-26
   473  4.12817E-26
   474  4.27582E-26
   475  4.23231E-26
   476  3.96487E-26
   477  3.44070E-26
   478  2.62703E-26
   479  1.49106E-26
   480  0.00000E+00
   481 -1.85307E-26
   482 -3.97164E-26
   483 -6.23337E-26
   484 -8.51588E-26
   485 -1.06968E-25
   486 -1.26538E-25
   487 -1.42645E-25
   488 -1.54065E-25
   489 -1.59576E-25
   490 -1.57952E-25
   491 -1.47971E-25
   492 -1.28409E-25
   493 -9.80420E-26
   494 -5.56470E-26
   495  0.00000E+00
   496  6.91574E-26
   497  1.48224E-25
   498  2.32632E-25
   499  3.17817E-25
   500  3.99210E-25
   501  4.72247E-25
   502  5.32359E-25
   503  5.74980E-25
   504  5.95544E-25
   505  5.89485E-25
   506  5.52235E-25
   507  4.79228E-25
   508  3.65898E-25
   509  2.07677E-25
   510  0.00000E+00
   511 -2.58099E-25
   512 -5.53179E-25
   513 -8.68196E-25
   514 -1.18611E-24
   515 -1.48987E-24
   516 -1.76245E-24
   517 -1.98679E-24
   518 -2.14585E-24
   519 -2.22260E-24
   520 -2.19999E-24
   521 -2.06097E-24
   522 -1.78850E-24
   523 -1.36555E-24
   524 -7.75062E-25
   525  0.00000E+00
   526  9.63239E-25
   527  2.06449E-24
   528  3.24015E-24
   529  4.42662E-24
   530  5.56028E-24
   531  6.57755E-24
   532  7.41480E-24
   533  8.00844E-24
   534  8.29486E-24
   535  8.21046E-24
   536  7.69164E-24
   537  6.67479E-24
   538  5.09630E-24
   539  2.89257E-24
   540  0.00000E+00
   541 -3.59486E-24
   542 -7.70479E-24
   543 -1.20924E-23
   544 -1.65204E-23
   545 -2.07513E-23
   546 -2.45477E-23
   547 -2.76724E-23
   548 -2.98879E-23
   549 -3.09569E-23
   550 -3.06419E-23
   551 -2.87056E-23
   552 -2.49106E-23
   553 -1.90196E-23
   554 -1.07952E-23
   555  0.00000E+00
   556  1.34162E-23
   557  2.87546E-23
   558  4.51295E-23
   559  6.16548E-23
   560  7.74448E-23
   561  9.16134E-23
   562  1.03275E-22
   563  1.11543E-22
   564  1.15533E-22
   565  1.14357E-22
   566  1.07131E-22
   567  9.29678E-23
   568  7.09823E-23
   569  4.02883E-23
   570  0.00000E+00
   571 -5.00699E-23
   572 -1.07314E-22
   573 -1.68426E-22
   574 -2.30099E-22
   575 -2.89028E-22
   576 -3.41906E-22
   577 -3.85427E-22
   578 -4.16285E-22
   579 -4.31173E-22
   580 -4.26786E-22
   581 -3.99817E-22
   582 -3.46961E-22
   583 -2.64909E-22
   584 -1.50358E-22
   585  0.00000E+00
   586  1.86863E-22
   587  4.00501E-22
   588  6.28573E-22
   589  8.58741E-22
   590  1.07867E-21
   591  1.27601E-21
   592  1.43843E-21
   593  1.55360E-21
   594  1.60916E-21
   595  1.59279E-21
   596  1.49214E-21
   597  1.29487E-21
   598  9.88656E-22
   599  5.61144E-22
   600  0.00000E+00
   601 -6.97384E-22
   602 -1.49469E-21
   603 -2.34587E-21
   604 -3.20487E-21
   605 -4.02564E-21
   606 -4.76213E-21
   607 -5.36830E-21
   608 -5.79810E-21
   609 -6.00547E-21
   610 -5.94436E-21
   611 -5.56874E-21
   612 -4.83254E-21
   613 -3.68971E-21
   614 -2.09422E-21
   615  0.00000E+00
   616  2.60267E-21
   617  5.57825E-21
   618  8.75489E-21
   619  1.19607E-20
   620  1.50239E-20
   621  1.77725E-20
   622  2.00348E-20
   623  2.16388E-20
   624  2.24127E-20
   625  2.21847E-20
   626  2.07828E-20
   627  1.80353E-20
   628  1.37702E-20
   629  7.81572E-21
   630  0.00000E+00
   631 -9.71330E-21
   632 -2.08183E-20
   633 -3.26737E-20
   634 -4.46380E-20
   635 -5.60699E-20
   636 -6.63280E-20
   637 -7.47708E-20
   638 -8.07571E-20
   639 -8.36454E-20
   640 -8.27943E-20
   641 -7.75625E-20
   642 -6.73085E-20
   643 -5.13911E-20
   644 -2.91687E-20
   645  0.00000E+00
   646  3.62505E-20
   647  7.76951E-20
   648  1.21940E-19
   649  1.66591E-19
   650  2.09256E-19
   651  2.47539E-19
   652  2.79049E-19
   653  3.01390E-19
   654  3.12169E-19
   655  3.08993E-19
   656  2.89467E-19
   657  2.51199E-19
   658  1.91794E-19
   659  1.08859E-19
   660  0.00000E+00
   661 -1.35289E-19
   662 -2.89962E-19
   663 -4.55086E-19
   664 -6.21727E-19
   665 -7.80953E-19
   666 -9.23829E-19
   667 -1.04142E-18
   668 -1.12480E-18
   669 -1.16503E-18
   670 -1.15318E-18
   671 -1.08031E-18
   672 -9.37487E-19
   673 -7.15785E-19
   674 -4.06267E-19
   675  0.00000E+00
   676  5.04905E-19
   677  1.08215E-18
   678  1.69840E-18
   679  2.32032E-18
   680  2.91456E-18
   681  3.44778E-18
   682  3.88664E-18
   683  4.19782E-18
   684  4.34795E-18
   685  4.30371E-18
   686  4.03176E-18
   687  3.49875E-18
   688  2.67135E-18
   689  1.51621E-18
   690  0.00000E+00
   691 -1.88433E-18
   692 -4.03865E-18
   693 -6.33853E-18
   694 -8.65955E-18
   695 -1.08773E-17
   696 -1.28673E-17
   697 -1.45052E-17
   698 -1.56665E-17
   699 -1.62268E-17
   700 -1.60617E-17
   701 -1.50467E-17
   702 -1.30575E-17
   703 -9.96960E-18
   704 -5.65857E-18
   705  0.00000E+00
   706  7.03241E-18
   707  1.50724E-17
   708  2.36557E-17
   709  3.23179E-17
   710  4.05945E-17
   711  4.80214E-17
   712  5.41340E-17
   713  5.84680E-17
   714  6.05592E-17
   715  5.99430E-17
   716  5.61551E-17
   717  4.87313E-17
   718  3.72071E-17
   719  2.11181E-17
   720  0.00000E+00
   721 -2.62453E-17
   722 -5.62511E-17
   723 -8.82843E-17
   724 -1.20612E-16
   725 -1.51501E-16
   726 -1.79218E-16
   727 -2.02031E-16
   728 -2.18206E-16
   729 -2.26010E-16
   730 -2.23710E-16
   731 -2.09574E-16
   732 -1.81868E-16
   733 -1.38859E-16
   734 -7.88138E-17
   735  0.00000E+00
   736  9.79489E-17
   737  2.09932E-16
   738  3.29481E-16
   739  4.50130E-16
   740  5.65409E-16
   741  6.68851E-16
   742  7.53989E-16
   743  8.14355E-16
   744  8.43480E-16
   745  8.34898E-16
   746  7.82140E-16
   747  6.78739E-16
   748  5.18227E-16
   749  2.94137E-16
   750  0.00000E+00
   751 -3.65550E-16
   752 -7.83477E-16
   753 -1.22964E-15
   754 -1.67991E-15
   755 -2.11013E-15
   756 -2.49619E-15
   757 -2.81393E-15
   758 -3.03921E-15
   759 -3.14791E-15
   760 -3.11588E-15
   761 -2.91899E-15
   762 -2.53309E-15
   763 -1.93405E-15
   764 -1.09773E-15
   765  0.00000E+00
   766  1.36425E-15
   767  2.92398E-15
   768  4.58909E-15
   769  6.26950E-15
   770  7.87513E-15
   771  9.31590E-15
   772  1.05017E-14
   773  1.13425E-14
   774  1.17482E-14
   775  1.16286E-14
   776  1.08938E-14
   777  9.45362E-15
   778  7.21798E-15
   779  4.09680E-15
   780  0.00000E+00
   781 -5.09146E-15
   782 -1.09124E-14
   783 -1.71267E-14
   784 -2.33981E-14
   785 -2.93904E-14
   786 -3.47674E-14
   787 -3.91929E-14
   788 -4.23308E-14
   789 -4.38447E-14
   790 -4.33986E-14
   791 -4.06562E-14
   792 -3.52814E-14
   793 -2.69379E-14
   794 -1.52895E-14
   795  0.00000E+00
   796  1.90016E-14
   797  4.07257E-14
   798  6.39177E-14
   799  8.73228E-14
   800  1.09686E-13
   801  1.29754E-13
   802  1.46270E-13
   803  1.57981E-13
   804  1.63631E-13
   805  1.61966E-13
   806  1.51731E-13
   807  1.31672E-13
   808  1.00533E-13
   809  5.70611E-14
   810  0.00000E+00
   811 -7.09149E-14
   812 -1.51990E-13
   813 -2.38544E-13
   814 -3.25893E-13
   815 -4.09355E-13
   816 -4.84247E-13
   817 -5.45887E-13
   818 -5.89592E-13
   819 -6.10678E-13
   820 -6.04465E-13
   821 -5.66269E-13
   822 -4.91406E-13
   823 -3.75196E-13
   824 -2.12955E-13
   825  0.00000E+00
   826  2.64658E-13
   827  5.67236E-13
   828  8.90259E-13
   829  1.21625E-12
   830  1.52773E-12
   831  1.80724E-12
   832  2.03728E-12
   833  2.20039E-12
   834  2.27908E-12
   835  2.25589E-12
   836  2.11334E-12
   837  1.83395E-12
   838  1.40025E-12
   839  7.94758E-13
   840  0.00000E+00
   841 -9.87717E-13
   842 -2.11695E-12
   843 -3.32249E-12
   844 -4.53911E-12
   845 -5.70158E-12
   846 -6.74470E-12
   847 -7.60322E-12
   848 -8.21195E-12
   849 -8.50565E-12
   850 -8.41911E-12
   851 -7.88710E-12
   852 -6.84441E-12
   853 -5.22581E-12
   854 -2.96608E-12
   855  0.00000E+00
   856  3.68621E-12
   857  7.90058E-12
   858  1.23997E-11
   859  1.69402E-11
   860  2.12786E-11
   861  2.51715E-11
   862  2.83756E-11
   863  3.06474E-11
   864  3.17435E-11
   865  3.14206E-11
   866  2.94351E-11
   867  2.55437E-11
   868  1.95030E-11
   869  1.10696E-11
   870  0.00000E+00
   871 -1.37571E-11
   872 -2.94854E-11
   873 -4.62763E-11
   874 -6.32216E-11
   875 -7.94128E-11
   876 -9.39415E-11
   877 -1.05899E-10
   878 -1.14378E-10
   879 -1.18468E-10
   880 -1.17263E-10
   881 -1.09853E-10
   882 -9.53303E-11
   883 -7.27861E-11
   884 -4.13121E-11
   885  0.00000E+00
   886  4.87296E-11
   887  8.91401E-11
   888  1.02166E-10
   889  6.87402E-11
   890 -3.02010E-11
   891 -2.13725E-10
   892 -5.00897E-10
   893 -9.10782E-10
   894 -1.46245E-09
   895 -2.17496E-09
   896 -3.06738E-09
   897 -4.15878E-09
   898 -5.46822E-09
   899 -7.01476E-09
   900 -8.81749E-09
   901 -1.08899E-08
   902 -1.32235E-08
   903 -1.58042E-08
   904 -1.86178E-08
   905 -2.16503E-08
   906 -2.48876E-08
   907 -2.83155E-08
   908 -3.19202E-08
   909 -3.56873E-08
   910 -3.96028E-08
   911 -4.36527E-08
   912 -4.78229E-08
   913 -5.20992E-08
   914 -5.64676E-08
   915 -6.09139E-08
   916 -6.54133E-08
   917 -6.98969E-08
   918 -7.42850E-08
   919 -7.84982E-08
   920 -8.24566E-08
   921 -8.60807E-08
   922 -8.92908E-08
   923 -9.20073E-08
   924 -9.41504E-08
   925 -9.56407E-08
   926 -9.63983E-08
   927 -9.63437E-08
   928 -9.53972E-08
   929 -9.34793E-08
   930 -9.05101E-08
   931 -8.64499E-08
   932 -8.14180E-08
   933 -7.55735E-08
   934 -6.90754E-08
   935 -6.20830E-08
   936 -5.47553E-08
   937 -4.72514E-08
   938 -3.97305E-08
   939 -3.23515E-08
   940 -2.52738E-08
   941 -1.86562E-08
   942 -1.26580E-08
   943 -7.43833E-09
   944 -3.15618E-09
   945  2.92849E-11
   946  2.01779E-09
   947  2.94435E-09
   948  3.00279E-09
   949  2.38696E-09
   950  1.29067E-09
   951 -9.22328E-11
   952 -1.56791E-09
   953 -2.94255E-09
   954 -4.02229E-09
   955 -4.61331E-09
   956 -4.52178E-09
   957 -3.55385E-09
   958 -1.51571E-09
   959  1.78649E-09
   960  6.54658E-09
   961  1.28718E-08
   962  2.05229E-08
   963  2.91739E-08
   964  3.84992E-08
   965  4.81727E-08
   966  5.78687E-08
   967  6.72612E-08
   968  7.60245E-08
   969  8.38327E-08
   970  9.03599E-08
   971  9.52802E-08
   972  9.82679E-08
   973  9.89970E-08
   974  9.71416E-08
   975  9.23761E-08
   976  8.44988E-08
   977  7.38063E-08
   978  6.07195E-08
   979  4.56593E-08
   980  2.90465E-08
   981  1.13021E-08
   982 -7.15312E-09
   983 -2.58982E-08
   984 -4.45121E-08
   985 -6.25742E-08
   986 -7.96634E-08
   987 -9.53589E-08
   988 -1.09240E-07
   989 -1.20885E-07
   990 -1.29874E-07
   991 -1.35891E-07
   992 -1.39044E-07
   993 -1.39545E-07
   994 -1.37608E-07
   995 -1.33445E-07
   996 -1.27270E-07
   997 -1.19294E-07
   998 -1.09732E-07
   999 -9.87954E-08
  1000 -8.66979E-08
  1001 -7.36522E-08
  1002 -5.98713E-08
  1003 -4.55680E-08
  1004 -3.09553E-08
  1005 -1.62461E-08
  1006 -1.65963E-09
  1007  1.25589E-08
  1008  2.61579E-08
  1009  3.88860E-08
  1010  5.04916E-08
  1011  6.07231E-08
  1012  6.93291E-08
  1013  7.60580E-08
  1014  8.06583E-08
  1015  8.28785E-08
  1016  8.24669E-08
  1017  7.91722E-08
  1018  7.27427E-08
  1019  6.29270E-08
  1020  4.94735E-08
  1021  3.22710E-08
  1022  1.17697E-08
  1023 -1.14400E-08
  1024 -3.67675E-08
  1025 -6.36225E-08
  1026 -9.14143E-08
  1027 -1.19553E-07
  1028 -1.47447E-07
  1029 -1.74507E-07
  1030 -2.00141E-07
  1031 -2.23760E-07
  1032 -2.44774E-07
  1033 -2.62590E-07
  1034 -2.76620E-07
  1035 -2.86273E-07
  1036 -2.91118E-07
  1037 -2.91369E-07
  1038 -2.87401E-07
  1039 -2.79587E-07
  1040 -2.68301E-07
  1041 -2.53918E-07
  1042 -2.36811E-07
  1043 -2.17355E-07
  1044 -1.95923E-07
  1045 -1.72890E-07
  1046 -1.48630E-07
  1047 -1.23517E-07
  1048 -9.79243E-08
  1049 -7.22267E-08
  1050 -4.67982E-08
  1051 -2.19661E-08
  1052  2.12810E-09
  1053  2.53896E-08
  1054  4.77236E-08
  1055  6.90354E-08
  1056  8.92300E-08
  1057  1.08213E-07
  1058  1.25889E-07
  1059  1.42163E-07
  1060  1.56941E-07
  1061  1.70128E-07
  1062  1.81629E-07
  1063  1.91349E-07
  1064  1.99194E-07
  1065  2.05068E-07
  1066  2.08859E-07
  1067  2.10387E-07
  1068  2.09451E-07
  1069  2.05852E-07
  1070  1.99393E-07
  1071  1.89872E-07
  1072  1.77093E-07
  1073  1.60855E-07
  1074  1.40959E-07
  1075  1.17207E-07
  1076  8.93988E-08
  1077  5.73362E-08
  1078  2.08199E-08
  1079 -2.03491E-08
  1080 -6.63700E-08
  1081 -1.17299E-07
  1082 -1.72622E-07
  1083 -2.31682E-07
  1084 -2.93822E-07
  1085 -3.58385E-07
  1086 -4.24714E-07
  1087 -4.92153E-07
  1088 -5.60044E-07
  1089 -6.27730E-07
  1090 -6.94554E-07
  1091 -7.59860E-07
  1092 -8.22991E-07
  1093 -8.83289E-07
  1094 -9.40098E-07
  1095 -9.92761E-07
  1096 -1.04068E-06
  1097 -1.08350E-06
  1098 -1.12092E-06
  1099 -1.15263E-06
  1100 -1.17835E-06
  1101 -1.19778E-06
  1102 -1.21061E-06
  1103 -1.21654E-06
  1104 -1.21528E-06
  1105 -1.20653E-06
  1106 -1.19000E-06
  1107 -1.16537E-06
  1108 -1.13236E-06
  1109 -1.09066E-06
  1110 -1.03997E-06
  1111 -9.80254E-07
  1112 -9.12444E-07
  1113 -8.37736E-07
  1114 -7.57321E-07
  1115 -6.72392E-07
  1116 -5.84140E-07
  1117 -4.93757E-07
  1118 -4.02436E-07
  1119 -3.11369E-07
  1120 -2.21747E-07
  1121 -1.34763E-07
  1122 -5.16092E-08
  1123  2.65227E-08
  1124  9.84406E-08
  1125  1.62952E-07
  1126  2.19369E-07
  1127  2.69011E-07
  1128  3.13704E-07
  1129  3.55271E-07
  1130  3.95537E-07
  1131  4.36327E-07
  1132  4.79464E-07
  1133  5.26773E-07
  1134  5.80078E-07
  1135  6.41204E-07
  1136  7.11974E-07
  1137  7.94214E-07
  1138  8.89747E-07
  1139  1.00040E-06
  1140  1.12799E-06
  1141  1.27367E-06
  1142  1.43591E-06
  1143  1.61249E-06
  1144  1.80118E-06
  1145  1.99979E-06
  1146  2.20609E-06
  1147  2.41787E-06
  1148  2.63292E-06
  1149  2.84901E-06
  1150  3.06395E-06
  1151  3.27550E-06
  1152  3.48147E-06
  1153  3.67962E-06
  1154  3.86776E-06
  1155  4.04366E-06
  1156  4.20560E-06
  1157  4.35378E-06
  1158  4.48890E-06
  1159  4.61165E-06
  1160  4.72273E-06
  1161  4.82283E-06
  1162  4.91265E-06
  1163  4.99288E-06
  1164  5.06422E-06
  1165  5.12735E-06
  1166  5.18298E-06
  1167  5.23180E-06
  1168  5.27450E-06
  1169  5.31178E-06
  1170  5.34433E-06
  1171  5.37215E-06
  1172  5.39241E-06
  1173  5.40161E-06
  1174  5.39622E-06
  1175  5.37273E-06
  1176  5.32762E-06
  1177  5.25738E-06
  1178  5.15848E-06
  1179  5.02742E-06
  1180  4.86066E-06
  1181  4.65471E-06
  1182  4.40603E-06
  1183  4.11112E-06
  1184  3.76645E-06
  1185  3.36851E-06
  1186  2.91434E-06
  1187  2.40322E-06
  1188  1.83499E-06
  1189  1.20950E-06
  1190  5.26582E-07
  1191 -2.13924E-07
  1192 -1.01218E-06
  1193 -1.86834E-06
  1194 -2.78256E-06
  1195 -3.75501E-06
  1196 -4.78584E-06
  1197 -5.87522E-06
  1198 -7.02330E-06
  1199 -8.23024E-06
  1200 -9.49621E-06
  1201 -1.08204E-05
  1202 -1.21979E-05
  1203 -1.36229E-05
  1204 -1.50897E-05
  1205 -1.65924E-05
  1206 -1.81251E-05
  1207 -1.96821E-05
  1208 -2.12576E-05
  1209 -2.28456E-05
  1210 -2.44405E-05
  1211 -2.60363E-05
  1212 -2.76273E-05
  1213 -2.92076E-05
  1214 -3.07714E-05
  1215 -3.23129E-05
  1216 -3.38260E-05
  1217 -3.53037E-05
  1218 -3.67389E-05
  1219 -3.81243E-05
  1220 -3.94526E-05
  1221 -4.07167E-05
  1222 -4.19093E-05
  1223 -4.30231E-05
  1224 -4.40511E-05
  1225 -4.49858E-05
  1226 -4.58202E-05
  1227 -4.65470E-05
  1228 -4.71590E-05
  1229 -4.76488E-05
  1230 -4.80094E-05
  1231 -4.82319E-05
  1232 -4.83008E-05
  1233 -4.81989E-05
  1234 -4.79094E-05
  1235 -4.74150E-05
  1236 -4.66988E-05
  1237 -4.57435E-05
  1238 -4.45322E-05
  1239 -4.30477E-05
  1240 -4.12731E-05
  1241 -3.91911E-05
  1242 -3.67848E-05
  1243 -3.40370E-05
  1244 -3.09308E-05
  1245 -2.74489E-05
  1246 -2.35755E-05
  1247 -1.92995E-05
  1248 -1.46111E-05
  1249 -9.50021E-06
  1250 -3.95705E-06
  1251  2.02831E-06
  1252  8.46578E-06
  1253  1.53653E-05
  1254  2.27367E-05
  1255  3.05899E-05
  1256  3.89349E-05
  1257  4.77815E-05
  1258  5.71397E-05
  1259  6.70192E-05
  1260  7.74302E-05
  1261  8.83694E-05
  1262  9.97822E-05
  1263  1.11601E-04
  1264  1.23757E-04
  1265  1.36183E-04
  1266  1.48812E-04
  1267  1.61574E-04
  1268  1.74404E-04
  1269  1.87233E-04
  1270  1.99992E-04
  1271  2.12615E-04
  1272  2.25033E-04
  1273  2.37179E-04
  1274  2.48985E-04
  1275  2.60382E-04
  1276  2.71313E-04
  1277  2.81753E-04
  1278  2.91688E-04
  1279  3.01102E-04
  1280  3.09980E-04
  1281  3.18307E-04
  1282  3.26070E-04
  1283  3.33252E-04
  1284  3.39838E-04
  1285  3.45814E-04
  1286  3.51165E-04
  1287  3.55876E-04
  1288  3.59931E-04
  1289  3.63317E-04
  1290  3.66017E-04
  1291  3.67985E-04
  1292  3.69048E-04
  1293  3.69000E-04
  1294  3.67635E-04
  1295  3.64748E-04
  1296  3.60134E-04
  1297  3.53586E-04
  1298  3.44899E-04
  1299  3.33868E-04
  1300  3.20287E-04
  1301  3.03951E-04
  1302  2.84654E-04
  1303  2.62191E-04
  1304  2.36356E-04
  1305  2.06943E-04
  1306  1.73793E-04
  1307  1.36931E-04
  1308  9.64266E-05
  1309  5.23507E-05
  1310  4.77371E-06
  1311 -4.62339E-05
  1312 -1.00602E-04
  1313 -1.58259E-04
  1314 -2.19136E-04
  1315 -2.83161E-04
  1316 -3.50264E-04
  1317 -4.20376E-04
  1318 -4.93424E-04
  1319 -5.69339E-04
  1320 -6.48051E-04
  1321 -7.29420E-04
  1322 -8.13034E-04
  1323 -8.98412E-04
  1324 -9.85073E-04
  1325 -1.07254E-03
  1326 -1.16032E-03
  1327 -1.24795E-03
  1328 -1.33493E-03
  1329 -1.42080E-03
  1330 -1.50506E-03
  1331 -1.58724E-03
  1332 -1.66685E-03
  1333 -1.74342E-03
  1334 -1.81646E-03
  1335 -1.88550E-03
  1336 -1.95013E-03
  1337 -2.01024E-03
  1338 -2.06581E-03
  1339 -2.11681E-03
  1340 -2.16321E-03
  1341 -2.20499E-03
  1342 -2.24211E-03
  1343 -2.27456E-03
  1344 -2.30230E-03
  1345 -2.32531E-03
  1346 -2.34355E-03
  1347 -2.35701E-03
  1348 -2.36565E-03
  1349 -2.36945E-03
  1350 -2.36838E-03
  1351 -2.36224E-03
  1352 -2.35012E-03
  1353 -2.33097E-03
  1354 -2.30370E-03
  1355 -2.26724E-03
  1356 -2.22052E-03
  1357 -2.16247E-03
  1358 -2.09201E-03
  1359 -2.00808E-03
  1360 -1.90960E-03
  1361 -1.79550E-03
  1362 -1.66470E-03
  1363 -1.51614E-03
  1364 -1.34874E-03
  1365 -1.16142E-03
  1366 -9.53336E-04
  1367 -7.24436E-04
  1368 -4.74895E-04
  1369 -2.04885E-04
  1370  8.54220E-05
  1371  3.95855E-04
  1372  7.26244E-04
  1373  1.07642E-03
  1374  1.44620E-03
  1375  1.83542E-03
  1376  2.24391E-03
  1377  2.67150E-03
  1378  3.11802E-03
  1379  3.58329E-03
  1380  4.06714E-03
  1381  4.56907E-03
  1382  5.08723E-03
  1383  5.61944E-03
  1384  6.16350E-03
  1385  6.71725E-03
  1386  7.27848E-03
  1387  7.84504E-03
  1388  8.41472E-03
  1389  8.98534E-03
  1390  9.55473E-03
  1391  1.01207E-02
  1392  1.06811E-02
  1393  1.12336E-02
  1394  1.17762E-02
  1395  1.23067E-02
  1396  1.28231E-02
  1397  1.33247E-02
  1398  1.38111E-02
  1399  1.42817E-02
  1400  1.47362E-02
  1401  1.51740E-02
  1402  1.55948E-02
  1403  1.59980E-02
  1404  1.63832E-02
  1405  1.67499E-02
  1406  1.70977E-02
  1407  1.74261E-02
  1408  1.77347E-02
  1409  1.80230E-02
  1410  1.82906E-02
  1411  1.85369E-02
  1412  1.87620E-02
  1413  1.89656E-02
  1414  1.91477E-02
  1415  1.93082E-02
  1416  1.94469E-02
  1417  1.95637E-02
  1418  1.96585E-02
  1419  1.97313E-02
  1420  1.97819E-02
  1421  1.98102E-02
  1422  1.98161E-02
  1423  1.97995E-02
  1424  1.97603E-02
  1425  1.96983E-02
  1426  1.96135E-02
  1427  1.95051E-02
  1428  1.93727E-02
  1429  1.92157E-02
  1430  1.90333E-02
  1431  1.88250E-02
  1432  1.85901E-02
  1433  1.83281E-02
  1434  1.80384E-02
  1435  1.77202E-02
  1436  1.73730E-02
  1437  1.69962E-02
  1438  1.65892E-02
  1439  1.61513E-02
  1440  1.56819E-02
  1441  1.51811E-02
  1442  1.46516E-02
  1443  1.40970E-02
  1444  1.35206E-02
  1445  1.29259E-02
  1446  1.23163E-02
  1447  1.16954E-02
  1448  1.10665E-02
  1449  1.04331E-02
  1450  9.79859E-03
  1451  9.16652E-03
  1452  8.54029E-03
  1453  7.92335E-03
  1454  7.31915E-03
  1455  6.73114E-03
  1456  6.16218E-03
  1457  5.61278E-03
  1458  5.08284E-03
  1459  4.57227E-03
  1460  4.08099E-03
  1461  3.60892E-03
  1462  3.15596E-03
  1463  2.72202E-03
  1464  2.30703E-03
  1465  1.91089E-03
  1466  1.53351E-03
  1467  1.17480E-03
  1468  8.34687E-04
  1469  5.13072E-04
  1470  2.09872E-04
  1471 -7.50682E-05
  1472 -3.42162E-04
  1473 -5.91889E-04
  1474 -8.24729E-04
  1475 -1.04116E-03
  1476 -1.24167E-03
  1477 -1.42672E-03
  1478 -1.59681E-03
  1479 -1.75241E-03
  1480 -1.89400E-03
  1481 -2.02206E-03
  1482 -2.13708E-03
  1483 -2.23952E-03
  1484 -2.32987E-03
  1485 -2.40861E-03
  1486 -2.47618E-03
  1487 -2.53291E-03
  1488 -2.57908E-03
  1489 -2.61497E-03
  1490 -2.64087E-03
  1491 -2.65706E-03
  1492 -2.66382E-03
  1493 -2.66144E-03
  1494 -2.65021E-03
  1495 -2.63040E-03
  1496 -2.60231E-03
  1497 -2.56622E-03
  1498 -2.52240E-03
  1499 -2.47116E-03
  1500 -2.41276E-03
  1501 -2.34756E-03
  1502 -2.27613E-03
  1503 -2.19909E-03
  1504 -2.11710E-03
  1505 -2.03077E-03
  1506 -1.94075E-03
  1507 -1.84766E-03
  1508 -1.75214E-03
  1509 -1.65483E-03
  1510 -1.55635E-03
  1511 -1.45734E-03
  1512 -1.35844E-03
  1513 -1.26027E-03
  1514 -1.16347E-03
  1515 -1.06868E-03
  1516 -9.76433E-04
  1517 -8.86888E-04
  1518 -8.00115E-04
  1519 -7.16178E-04
  1520 -6.35143E-04
  1521 -5.57078E-04
  1522 -4.82049E-04
  1523 -4.10121E-04
  1524 -3.41360E-04
  1525 -2.75834E-04
  1526 -2.13609E-04
  1527 -1.54750E-04
  1528 -9.93236E-05
  1529 -4.73967E-05
  1530  9.64921E-07
  1531  4.57288E-05
  1532  8.69985E-05
  1533  1.24911E-04
  1534  1.59605E-04
  1535  1.91217E-04
  1536  2.19884E-04
  1537  2.45744E-04
  1538  2.68935E-04
  1539  2.89594E-04
  1540  3.07857E-04
  1541  3.23864E-04
  1542  3.37751E-04
  1543  3.49655E-04
  1544  3.59715E-04
  1545  3.68067E-04
  1546  3.74837E-04
  1547  3.80104E-04
  1548  3.83936E-04
  1549  3.86399E-04
  1550  3.87560E-04
  1551  3.87486E-04
  1552  3.86246E-04
  1553  3.83905E-04
  1554  3.80531E-04
  1555  3.76191E-04
  1556  3.70952E-04
  1557  3.64881E-04
  1558  3.58045E-04
  1559  3.50512E-04
  1560  3.42349E-04
  1561  3.33618E-04
  1562  3.24371E-04
  1563  3.14653E-04
  1564  3.04510E-04
  1565  2.93989E-04
  1566  2.83136E-04
  1567  2.71998E-04
  1568  2.60621E-04
  1569  2.49050E-04
  1570  2.37332E-04
  1571  2.25515E-04
  1572  2.13642E-04
  1573  2.01762E-04
  1574  1.89921E-04
  1575  1.78164E-04
  1576  1.66535E-04
  1577  1.55061E-04
  1578  1.43767E-04
  1579  1.32679E-04
  1580  1.21820E-04
  1581  1.11216E-04
  1582  1.00891E-04
  1583  9.08694E-05
  1584  8.11764E-05
  1585  7.18365E-05
  1586  6.28745E-05
  1587  5.43148E-05
  1588  4.61824E-05
  1589  3.85019E-05
  1590  3.12978E-05
  1591  2.45867E-05
  1592  1.83521E-05
  1593  1.25690E-05
  1594  7.21270E-06
  1595  2.25838E-06
  1596 -2.31878E-06
  1597 -6.54359E-06
  1598 -1.04409E-05
  1599 -1.40354E-05
  1600 -1.73521E-05
  1601 -2.04156E-05
  1602 -2.32508E-05
  1603 -2.58826E-05
  1604 -2.83357E-05
  1605 -3.06349E-05
  1606 -3.28019E-05
  1607 -3.48452E-05
  1608 -3.67704E-05
  1609 -3.85828E-05
  1610 -4.02878E-05
  1611 -4.18909E-05
  1612 -4.33975E-05
  1613 -4.48130E-05
  1614 -4.61429E-05
  1615 -4.73926E-05
  1616 -4.85675E-05
  1617 -4.96730E-05
  1618 -5.07146E-05
  1619 -5.16976E-05
  1620 -5.26276E-05
  1621 -5.35079E-05
  1622 -5.43344E-05
  1623 -5.51008E-05
  1624 -5.58008E-05
  1625 -5.64283E-05
  1626 -5.69771E-05
  1627 -5.74409E-05
  1628 -5.78135E-05
  1629 -5.80887E-05
  1630 -5.82603E-05
  1631 -5.83221E-05
  1632 -5.82679E-05
  1633 -5.80914E-05
  1634 -5.77864E-05
  1635 -5.73467E-05
  1636 -5.67686E-05
  1637 -5.60580E-05
  1638 -5.52232E-05
  1639 -5.42728E-05
  1640 -5.32151E-05
  1641 -5.20584E-05
  1642 -5.08113E-05
  1643 -4.94821E-05
  1644 -4.80792E-05
  1645 -4.66110E-05
  1646 -4.50859E-05
  1647 -4.35124E-05
  1648 -4.18987E-05
  1649 -4.02534E-05
  1650 -3.85848E-05
  1651 -3.69006E-05
  1652 -3.52056E-05
  1653 -3.35037E-05
  1654 -3.17992E-05
  1655 -3.00960E-05
  1656 -2.83981E-05
  1657 -2.67097E-05
  1658 -2.50347E-05
  1659 -2.33773E-05
  1660 -2.17414E-05
  1661 -2.01311E-05
  1662 -1.85505E-05
  1663 -1.70036E-05
  1664 -1.54944E-05
  1665 -1.40271E-05
  1666 -1.26051E-05
  1667 -1.12300E-05
  1668 -9.90293E-06
  1669 -8.62485E-06
  1670 -7.39683E-06
  1671 -6.21994E-06
  1672 -5.09522E-06
  1673 -4.02373E-06
  1674 -3.00653E-06
  1675 -2.04466E-06
  1676 -1.13918E-06
  1677 -2.91136E-07
  1678  4.98410E-07
  1679  1.22841E-06
  1680  1.89781E-06
  1681  2.50629E-06
  1682  3.05649E-06
  1683  3.55176E-06
  1684  3.99548E-06
  1685  4.39100E-06
  1686  4.74170E-06
  1687  5.05094E-06
  1688  5.32208E-06
  1689  5.55849E-06
  1690  5.76354E-06
  1691  5.94059E-06
  1692  6.09301E-06
  1693  6.22416E-06
  1694  6.33740E-06
  1695  6.43611E-06
  1696  6.52319E-06
  1697  6.59966E-06
  1698  6.66611E-06
  1699  6.72311E-06
  1700  6.77123E-06
  1701  6.81106E-06
  1702  6.84315E-06
  1703  6.86809E-06
  1704  6.88645E-06
  1705  6.89880E-06
  1706  6.90572E-06
  1707  6.90778E-06
  1708  6.90555E-06
  1709  6.89962E-06
  1710  6.89054E-06
  1711  6.87878E-06
  1712  6.86431E-06
  1713  6.84698E-06
  1714  6.82664E-06
  1715  6.80313E-06
  1716  6.77631E-06
  1717  6.74603E-06
  1718  6.71214E-06
  1719  6.67449E-06
  1720  6.63293E-06
  1721  6.58732E-06
  1722  6.53749E-06
  1723  6.48330E-06
  1724  6.42461E-06
  1725  6.36126E-06
  1726  6.29307E-06
  1727  6.21972E-06
  1728  6.14086E-06
  1729  6.05614E-06
  1730  5.96521E-06
  1731  5.86773E-06
  1732  5.76333E-06
  1733  5.65168E-06
  1734  5.53241E-06
  1735  5.40518E-06
  1736  5.26964E-06
  1737  5.12544E-06
  1738  4.97222E-06
  1739  4.80964E-06
  1740  4.63735E-06
  1741  4.45524E-06
  1742  4.26424E-06
  1743  4.06550E-06
  1744  3.86021E-06
  1745  3.64951E-06
  1746  3.43458E-06
  1747  3.21659E-06
  1748  2.99670E-06
  1749  2.77608E-06
  1750  2.55589E-06
  1751  2.33731E-06
  1752  2.12150E-06
  1753  1.90962E-06
  1754  1.70284E-06
  1755  1.50234E-06
  1756  1.30909E-06
  1757  1.12336E-06
  1758  9.45245E-07
  1759  7.74830E-07
  1760  6.12202E-07
  1761  4.57450E-07
  1762  3.10663E-07
  1763  1.71927E-07
  1764  4.13309E-08
  1765 -8.10370E-08
  1766 -1.95089E-07
  1767 -3.00736E-07
  1768 -3.97892E-07
  1769 -4.86468E-07
  1770 -5.66375E-07
  1771 -6.37671E-07
  1772 -7.00998E-07
  1773 -7.57142E-07
  1774 -8.06890E-07
  1775 -8.51027E-07
  1776 -8.90341E-07
  1777 -9.25617E-07
  1778 -9.57644E-07
  1779 -9.87206E-07
  1780 -1.01509E-06
  1781 -1.04209E-06
  1782 -1.06898E-06
  1783 -1.09655E-06
  1784 -1.12559E-06
  1785 -1.15689E-06
  1786 -1.19101E-06
  1787 -1.22766E-06
  1788 -1.26634E-06
  1789 -1.30654E-06
  1790 -1.34773E-06
  1791 -1.38942E-06
  1792 -1.43110E-06
  1793 -1.47225E-06
  1794 -1.51237E-06
  1795 -1.55094E-06
  1796 -1.58747E-06
  1797 -1.62143E-06
  1798 -1.65232E-06
  1799 -1.67962E-06
  1800 -1.70284E-06
  1801 -1.72155E-06
  1802 -1.73571E-06
  1803 -1.74536E-06
  1804 -1.75056E-06
  1805 -1.75134E-06
  1806 -1.74775E-06
  1807 -1.73985E-06
  1808 -1.72767E-06
  1809 -1.71127E-06
  1810 -1.69069E-06
  1811 -1.66598E-06
  1812 -1.63719E-06
  1813 -1.60436E-06
  1814 -1.56753E-06
  1815 -1.52677E-06
  1816 -1.48197E-06
  1817 -1.43253E-06
  1818 -1.37767E-06
  1819 -1.31665E-06
  1820 -1.24872E-06
  1821 -1.17312E-06
  1822 -1.08908E-06
  1823 -9.95869E-07
  1824 -8.92717E-07
  1825 -7.78873E-07
  1826 -6.53583E-07
  1827 -5.16090E-07
  1828 -3.65640E-07
  1829 -2.01478E-07
  1830 -2.28483E-08
  1831  1.70982E-07
  1832  3.80663E-07
  1833  6.06821E-07
  1834  8.50086E-07
  1835  1.11108E-06
  1836  1.39044E-06
  1837  1.68879E-06
  1838  2.00676E-06
  1839  2.34497E-06
  1840  2.70405E-06
  1841  3.08464E-06
  1842  3.48735E-06
  1843  3.91282E-06
  1844  4.36167E-06
  1845  4.83454E-06
  1846  5.33124E-06
  1847  5.84841E-06
  1848  6.38184E-06
  1849  6.92738E-06
  1850  7.48083E-06
  1851  8.03801E-06
  1852  8.59475E-06
  1853  9.14686E-06
  1854  9.69015E-06
  1855  1.02205E-05
  1856  1.07336E-05
  1857  1.12254E-05
  1858  1.16916E-05
  1859  1.21281E-05
  1860  1.25307E-05
  1861  1.28963E-05
  1862  1.32258E-05
  1863  1.35213E-05
  1864  1.37848E-05
  1865  1.40184E-05
  1866  1.42240E-05
  1867  1.44037E-05
  1868  1.45595E-05
  1869  1.46935E-05
  1870  1.48076E-05
  1871  1.49039E-05
  1872  1.49845E-05
  1873  1.50514E-05
  1874  1.51065E-05
  1875  1.51520E-05
  1876  1.51895E-05
  1877  1.52200E-05
  1878  1.52439E-05
  1879  1.52619E-05
  1880  1.52744E-05
  1881  1.52821E-05
  1882  1.52855E-05
  1883  1.52852E-05
  1884  1.52816E-05
  1885  1.52755E-05
  1886  1.52673E-05
  1887  1.52576E-05
  1888  1.52470E-05
  1889  1.52360E-05
  1890  1.52252E-05
  1891  1.52150E-05
  1892  1.52053E-05
  1893  1.51959E-05
  1894  1.51866E-05
  1895  1.51770E-05
  1896  1.51671E-05
  1897  1.51566E-05
  1898  1.51452E-05
  1899  1.51327E-05
  1900  1.51189E-05
  1901  1.51036E-05
  1902  1.50865E-05
  1903  1.50674E-05
  1904  1.50461E-05
  1905  1.50223E-05
  1906  1.49958E-05
  1907  1.49658E-05
  1908  1.49317E-05
  1909  1.48926E-05
  1910  1.48478E-05
  1911  1.47965E-05
  1912  1.47380E-05
  1913  1.46715E-05
  1914  1.45963E-05
  1915  1.45117E-05
  1916  1.44167E-05
  1917  1.43108E-05
  1918  1.41931E-05
  1919  1.40629E-05
  1920  1.39194E-05
  1921  1.37628E-05
  1922  1.35965E-05
  1923  1.34248E-05
  1924  1.32522E-05
  1925  1.30829E-05
  1926  1.29213E-05
  1927  1.27719E-05
  1928  1.26388E-05
  1929  1.25265E-05
  1930  1.24392E-05
  1931  1.23815E-05
  1932  1.23576E-05
  1933  1.23718E-05
  1934  1.24285E-05
  1935  1.25321E-05
  1936  1.26840E-05
  1937  1.28746E-05
  1938  1.30913E-05
  1939  1.33214E-05
  1940  1.35525E-05
  1941  1.37720E-05
  1942  1.39673E-05
  1943  1.41258E-05
  1944  1.42350E-05
  1945  1.42823E-05
  1946  1.42552E-05
  1947  1.41410E-05
  1948  1.39273E-05
  1949  1.36014E-05
  1950  1.31507E-05
  1951  1.25679E-05
  1952  1.18657E-05
  1953  1.10619E-05
  1954  1.01744E-05
  1955  9.22110E-06
  1956  8.21987E-06
  1957  7.18858E-06
  1958  6.14509E-06
  1959  5.10726E-06
  1960  4.09297E-06
  1961  3.12009E-06
  1962  2.20648E-06
  1963  1.37002E-06
  1964  6.28568E-07
  1965  0.00000E+00
  1966 -5.02637E-07
  1967 -8.85574E-07
  1968 -1.15987E-06
  1969 -1.33656E-06
  1970 -1.42672E-06
  1971 -1.44138E-06
  1972 -1.39161E-06
  1973 -1.28846E-06
  1974 -1.14297E-06
  1975 -9.66200E-07
  1976 -7.69205E-07
  1977 -5.63035E-07
  1978 -3.58743E-07
  1979 -1.67380E-07
  1980  0.00000E+00
  1981  1.34681E-07
  1982  2.37289E-07
  1983  3.10785E-07
  1984  3.58131E-07
  1985  3.82288E-07
  1986  3.86217E-07
  1987  3.72881E-07
  1988  3.45241E-07
  1989  3.06257E-07
  1990  2.58893E-07
  1991  2.06108E-07
  1992  1.50865E-07
  1993  9.61248E-08
  1994  4.48494E-08
  1995  0.00000E+00
  1996 -3.60877E-08
  1997 -6.35814E-08
  1998 -8.32746E-08
  1999 -9.59608E-08
  2000 -1.02434E-07
  2001 -1.03487E-07
  2002 -9.99132E-08
  2003 -9.25070E-08
  2004 -8.20614E-08
  2005 -6.93700E-08
  2006 -5.52264E-08
  2007 -4.04241E-08
  2008 -2.57566E-08
  2009 -1.20174E-08
  2010  0.00000E+00
  2011  9.66967E-09
  2012  1.70366E-08
  2013  2.23134E-08
  2014  2.57126E-08
  2015  2.74470E-08
  2016  2.77292E-08
  2017  2.67717E-08
  2018  2.47872E-08
  2019  2.19883E-08
  2020  1.85876E-08
  2021  1.47979E-08
  2022  1.08316E-08
  2023  6.90145E-09
  2024  3.22004E-09
  2025  0.00000E+00
  2026 -2.59098E-09
  2027 -4.56494E-09
  2028 -5.97885E-09
  2029 -6.88968E-09
  2030 -7.35441E-09
  2031 -7.43001E-09
  2032 -7.17345E-09
  2033 -6.64170E-09
  2034 -5.89174E-09
  2035 -4.98054E-09
  2036 -3.96508E-09
  2037 -2.90232E-09
  2038 -1.84924E-09
  2039 -8.62807E-10
  2040  0.00000E+00
  2041  6.94251E-10
  2042  1.22317E-09
  2043  1.60203E-09
  2044  1.84608E-09
  2045  1.97061E-09
  2046  1.99086E-09
  2047  1.92212E-09
  2048  1.77964E-09
  2049  1.57869E-09
  2050  1.33453E-09
  2051  1.06244E-09
  2052  7.77674E-10
  2053  4.95502E-10
  2054  2.31189E-10
  2055  0.00000E+00
  2056 -1.86024E-10
  2057 -3.27748E-10
  2058 -4.29262E-10
  2059 -4.94657E-10
  2060 -5.28023E-10
  2061 -5.33450E-10
  2062 -5.15030E-10
  2063 -4.76853E-10
  2064 -4.23008E-10
  2065 -3.57587E-10
  2066 -2.84680E-10
  2067 -2.08377E-10
  2068 -1.32769E-10
  2069 -6.19468E-11
  2070  0.00000E+00
  2071  4.98450E-11
  2072  8.78197E-11
  2073  1.15020E-10
  2074  1.32543E-10
  2075  1.41483E-10
  2076  1.42938E-10
  2077  1.38002E-10
  2078  1.27772E-10
  2079  1.13345E-10
  2080  9.58151E-11
  2081  7.62797E-11
  2082  5.58345E-11
  2083  3.55754E-11
  2084  1.65986E-11
  2085  0.00000E+00
  2086 -1.33559E-11
  2087 -2.35312E-11
  2088 -3.08196E-11
  2089 -3.55147E-11
  2090 -3.79103E-11
  2091 -3.83000E-11
  2092 -3.69775E-11
  2093 -3.42365E-11
  2094 -3.03706E-11
  2095 -2.56736E-11
  2096 -2.04391E-11
  2097 -1.49608E-11
  2098 -9.53241E-12
  2099 -4.44758E-12
  2100  0.00000E+00
  2101  3.57871E-12
  2102  6.30517E-12
  2103  8.25809E-12
  2104  9.51615E-12
  2105  1.01580E-11
  2106  1.02625E-11
  2107  9.90809E-12
  2108  9.17364E-12
  2109  8.13778E-12
  2110  6.87922E-12
  2111  5.47664E-12
  2112  4.00874E-12
  2113  2.55420E-12
  2114  1.19172E-12
  2115  0.00000E+00
  2116 -9.58912E-13
  2117 -1.68947E-12
  2118 -2.21275E-12
  2119 -2.54984E-12
  2120 -2.72184E-12
  2121 -2.74982E-12
  2122 -2.65487E-12
  2123 -2.45807E-12
  2124 -2.18051E-12
  2125 -1.84328E-12
  2126 -1.46746E-12
  2127 -1.07414E-12
  2128 -6.84396E-13
  2129 -3.19322E-13
  2130  0.00000E+00
  2131  2.56940E-13
  2132  4.52691E-13
  2133  5.92904E-13
  2134  6.83228E-13
  2135  7.29314E-13
  2136  7.36811E-13
  2137  7.11369E-13
  2138  6.58637E-13
  2139  5.84266E-13
  2140  4.93905E-13
  2141  3.93205E-13
  2142  2.87814E-13
  2143  1.83383E-13
  2144  8.55620E-14
  2145  0.00000E+00
  2146 -6.88467E-14
  2147 -1.21298E-13
  2148 -1.58868E-13
  2149 -1.83071E-13
  2150 -1.95419E-13
  2151 -1.97428E-13
  2152 -1.90611E-13
  2153 -1.76481E-13
  2154 -1.56554E-13
  2155 -1.32342E-13
  2156 -1.05359E-13
  2157 -7.71196E-14
  2158 -4.91374E-14
  2159 -2.29263E-14
  2160  0.00000E+00
  2161  1.84474E-14
  2162  3.25017E-14
  2163  4.25686E-14
  2164  4.90536E-14
  2165  5.23624E-14
  2166  5.29007E-14
  2167  5.10740E-14
  2168  4.72880E-14
  2169  4.19484E-14
  2170  3.54608E-14
  2171  2.82308E-14
  2172  2.06641E-14
  2173  1.31663E-14
  2174  6.14307E-15
  2175  0.00000E+00
  2176 -4.94297E-15
  2177 -8.70881E-15
  2178 -1.14062E-14
  2179 -1.31439E-14
  2180 -1.40305E-14
  2181 -1.41747E-14
  2182 -1.36852E-14
  2183 -1.26708E-14
  2184 -1.12400E-14
  2185 -9.50170E-15
  2186 -7.56443E-15
  2187 -5.53694E-15
  2188 -3.52791E-15
  2189 -1.64603E-15
  2190  0.00000E+00
  2191  1.32447E-15
  2192  2.33352E-15
  2193  3.05629E-15
  2194  3.52189E-15
  2195  3.75945E-15
  2196  3.79810E-15
  2197  3.66695E-15
  2198  3.39513E-15
  2199  3.01176E-15
  2200  2.54597E-15
  2201  2.02688E-15
  2202  1.48362E-15
  2203  9.45300E-16
  2204  4.41053E-16
  2205  0.00000E+00
  2206 -3.54890E-16
  2207 -6.25265E-16
  2208 -8.18930E-16
  2209 -9.43688E-16
  2210 -1.00734E-15
  2211 -1.01770E-15
  2212 -9.82556E-16
  2213 -9.09722E-16
  2214 -8.06999E-16
  2215 -6.82191E-16
  2216 -5.43102E-16
  2217 -3.97534E-16
  2218 -2.53292E-16
  2219 -1.18180E-16
  2220  0.00000E+00
  2221  9.50924E-17
  2222  1.67539E-16
  2223  2.19432E-16
  2224  2.52860E-16
  2225  2.69916E-16
  2226  2.72691E-16
  2227  2.63275E-16
  2228  2.43759E-16
  2229  2.16235E-16
  2230  1.82793E-16
  2231  1.45524E-16
  2232  1.06519E-16
  2233  6.78695E-17
  2234  3.16662E-17
  2235  0.00000E+00
  2236 -2.54799E-17
  2237 -4.48920E-17
  2238 -5.87965E-17
  2239 -6.77537E-17
  2240 -7.23239E-17
  2241 -7.30673E-17
  2242 -7.05443E-17
  2243 -6.53151E-17
  2244 -5.79399E-17
  2245 -4.89791E-17
  2246 -3.89929E-17
  2247 -2.85417E-17
  2248 -1.81856E-17
  2249 -8.48493E-18
  2250  0.00000E+00
  2251  6.82732E-18
  2252  1.20288E-17
  2253  1.57545E-17
  2254  1.81545E-17
  2255  1.93791E-17
  2256  1.95783E-17
  2257  1.89023E-17
  2258  1.75011E-17
  2259  1.55250E-17
  2260  1.31239E-17
  2261  1.04481E-17
  2262  7.64772E-18
  2263  4.87281E-18
  2264  2.27353E-18
  2265  0.00000E+00
  2266 -1.82938E-18
  2267 -3.22310E-18
  2268 -4.22140E-18
  2269 -4.86450E-18
  2270 -5.19262E-18
  2271 -5.24600E-18
  2272 -5.06485E-18
  2273 -4.68941E-18
  2274 -4.15990E-18
  2275 -3.51654E-18
  2276 -2.79957E-18
  2277 -2.04920E-18
  2278 -1.30567E-18
  2279 -6.09190E-19
  2280  0.00000E+00
  2281  4.90180E-19
  2282  8.63627E-19
  2283  1.13112E-18
  2284  1.30344E-18
  2285  1.39136E-18
  2286  1.40566E-18
  2287  1.35712E-18
  2288  1.25652E-18
  2289  1.11464E-18
  2290  9.42255E-19
  2291  7.50142E-19
  2292  5.49081E-19
  2293  3.49852E-19
  2294  1.63232E-19
  2295  0.00000E+00
  2296 -1.31343E-19
  2297 -2.31408E-19
  2298 -3.03083E-19
  2299 -3.49255E-19
  2300 -3.72813E-19
  2301 -3.76646E-19
  2302 -3.63640E-19
  2303 -3.36685E-19
  2304 -2.98667E-19
  2305 -2.52476E-19
  2306 -2.01000E-19
  2307 -1.47126E-19
  2308 -9.37426E-20
  2309 -4.37379E-20
  2310  0.00000E+00
  2311  3.51933E-20
  2312  6.20056E-20
  2313  8.12108E-20
  2314  9.35826E-20
  2315  9.98950E-20
  2316  1.00922E-19
  2317  9.74370E-20
  2318  9.02143E-20
  2319  8.00276E-20
  2320  6.76508E-20
  2321  5.38577E-20
  2322  3.94223E-20
  2323  2.51182E-20
  2324  1.17195E-20
  2325  0.00000E+00
  2326 -9.43002E-21
  2327 -1.66144E-20
  2328 -2.17604E-20
  2329 -2.50754E-20
  2330 -2.67668E-20
  2331 -2.70419E-20
  2332 -2.61082E-20
  2333 -2.41729E-20
  2334 -2.14433E-20
  2335 -1.81270E-20
  2336 -1.44311E-20
  2337 -1.05632E-20
  2338 -6.73041E-21
  2339 -3.14024E-21
  2340  0.00000E+00
  2341  2.52677E-21
  2342  4.45180E-21
  2343  5.83067E-21
  2344  6.71893E-21
  2345  7.17214E-21
  2346  7.24587E-21
  2347  6.99567E-21
  2348  6.47710E-21
  2349  5.74573E-21
  2350  4.85711E-21
  2351  3.86681E-21
  2352  2.83039E-21
  2353  1.80341E-21
  2354  8.41424E-22
  2355  0.00000E+00
  2356 -6.77045E-22
  2357 -1.19286E-21
  2358 -1.56232E-21
  2359 -1.80033E-21
  2360 -1.92177E-21
  2361 -1.94152E-21
  2362 -1.87448E-21
  2363 -1.73553E-21
  2364 -1.53956E-21
  2365 -1.30146E-21
  2366 -1.03611E-21
  2367 -7.58401E-22
  2368 -4.83222E-22
  2369 -2.25459E-22
  2370  0.00000E+00
  2371  1.81414E-22
  2372  3.19625E-22
  2373  4.18623E-22
  2374  4.82398E-22
  2375  5.14937E-22
  2376  5.20230E-22
  2377  5.02266E-22
  2378  4.65035E-22
  2379  4.12525E-22
  2380  3.48725E-22
  2381  2.77625E-22
  2382  2.03213E-22
  2383  1.29479E-22
  2384  6.04115E-23
  2385  0.00000E+00
  2386 -4.86097E-23
  2387 -8.56433E-23
  2388 -1.12170E-22
  2389 -1.29258E-22
  2390 -1.37977E-22
  2391 -1.39395E-22
  2392 -1.34582E-22
  2393 -1.24606E-22
  2394 -1.10536E-22
  2395 -9.34406E-23
  2396 -7.43893E-23
  2397 -5.44508E-23
  2398 -3.46938E-23
  2399 -1.61872E-23
  2400  0.00000E+00
  2401  1.30249E-23
  2402  2.29480E-23
  2403  3.00558E-23
  2404  3.46346E-23
  2405  3.69708E-23
  2406  3.73508E-23
  2407  3.60611E-23
  2408  3.33880E-23
  2409  2.96179E-23
  2410  2.50373E-23
  2411  1.99326E-23
  2412  1.45900E-23
  2413  9.29617E-24
  2414  4.33735E-24
  2415  0.00000E+00
  2416 -3.49002E-24
  2417 -6.14891E-24
  2418 -8.05343E-24
  2419 -9.28031E-24
  2420 -9.90629E-24
  2421 -1.00081E-23
  2422 -9.66254E-24
  2423 -8.94629E-24
  2424 -7.93610E-24
  2425 -6.70873E-24
  2426 -5.34091E-24
  2427 -3.90939E-24
  2428 -2.49090E-24
  2429 -1.16219E-24
  2430  0.00000E+00
  2431  9.35147E-25
  2432  1.64760E-24
  2433  2.15791E-24
  2434  2.48665E-24
  2435  2.65438E-24
  2436  2.68167E-24
  2437  2.58907E-24
  2438  2.39715E-24
  2439  2.12647E-24
  2440  1.79760E-24
  2441  1.43109E-24
  2442  1.04752E-24
  2443  6.67435E-25
  2444  3.11408E-25
  2445  0.00000E+00
  2446 -2.50572E-25
  2447 -4.41472E-25
  2448 -5.78210E-25
  2449 -6.66296E-25
  2450 -7.11240E-25
  2451 -7.18551E-25
  2452 -6.93739E-25
  2453 -6.42314E-25
  2454 -5.69786E-25
  2455 -4.81665E-25
  2456 -3.83460E-25
  2457 -2.80681E-25
  2458 -1.78839E-25
  2459 -8.34415E-26
  2460  0.00000E+00
  2461  6.71405E-26
  2462  1.18292E-25
  2463  1.54931E-25
  2464  1.78534E-25
  2465  1.90576E-25
  2466  1.92535E-25
  2467  1.85887E-25
  2468  1.72108E-25
  2469  1.52674E-25
  2470  1.29062E-25
  2471  1.02748E-25
  2472  7.52084E-26
  2473  4.79197E-26
  2474  2.23581E-26
  2475  0.00000E+00
  2476 -1.79902E-26
  2477 -3.16963E-26
  2478 -4.15136E-26
  2479 -4.78379E-26
  2480 -5.10647E-26
  2481 -5.15896E-26
  2482 -4.98082E-26
  2483 -4.61161E-26
  2484 -4.09088E-26
  2485 -3.45820E-26
  2486 -2.75312E-26
  2487 -2.01520E-26
  2488 -1.28400E-26
  2489 -5.99083E-27
  2490  0.00000E+00
  2491  4.82047E-27
  2492  8.49299E-27
  2493  1.11235E-26
  2494  1.28181E-26
  2495  1.36827E-26
  2496  1.38234E-26
  2497  1.33461E-26
  2498  1.23568E-26
  2499  1.09615E-26
  2500  9.26622E-27
  2501  7.37696E-27
  2502  5.39972E-27
  2503  3.44048E-27
  2504  1.60524E-27
  2505  0.00000E+00
  2506 -1.29164E-27
  2507 -2.27569E-27
  2508 -2.98054E-27
  2509 -3.43461E-27
  2510 -3.66628E-27
  2511 -3.70397E-27
  2512 -3.57607E-27
  2513 -3.31099E-27
  2514 -2.93712E-27
  2515 -2.48288E-27
  2516 -1.97665E-27
  2517 -1.44685E-27
  2518 -9.21873E-28
  2519 -4.30122E-28
  2520  0.00000E+00
  2521  3.46094E-28
  2522  6.09769E-28
  2523  7.98634E-28
  2524  9.20300E-28
  2525  9.82377E-28
  2526  9.92475E-28
  2527  9.58205E-28
  2528  8.87176E-28
  2529  7.86999E-28
  2530  6.65285E-28
  2531  5.29642E-28
  2532  3.87682E-28
  2533  2.47015E-28
  2534  1.15251E-28
  2535  0.00000E+00
  2536 -9.27357E-29
  2537 -1.63387E-28
  2538 -2.13993E-28
  2539 -2.46594E-28
  2540 -2.63227E-28
  2541 -2.65933E-28
  2542 -2.56750E-28
  2543 -2.37718E-28
  2544 -2.10876E-28
  2545 -1.78262E-28
  2546 -1.41917E-28
  2547 -1.03879E-28
  2548 -6.61875E-29
  2549 -3.08814E-29
  2550  0.00000E+00
  2551  2.48485E-29
  2552  4.37794E-29
  2553  5.73394E-29
  2554  6.60746E-29
  2555  7.05315E-29
  2556  7.12565E-29
  2557  6.87960E-29
  2558  6.36964E-29
  2559  5.65040E-29
  2560  4.77653E-29
  2561  3.80266E-29
  2562  2.78343E-29
  2563  1.77349E-29
  2564  8.27464E-30
  2565  0.00000E+00
  2566 -6.65812E-30
  2567 -1.17307E-29
  2568 -1.53640E-29
  2569 -1.77046E-29
  2570 -1.88989E-29
  2571 -1.90931E-29
  2572 -1.84338E-29
  2573 -1.70674E-29
  2574 -1.51402E-29
  2575 -1.27987E-29
  2576 -1.01892E-29
  2577 -7.45819E-30
  2578 -4.75205E-30
  2579 -2.21718E-30
  2580  0.00000E+00
  2581  1.78404E-30
  2582  3.14322E-30
  2583  4.11678E-30
  2584  4.74394E-30
  2585  5.06393E-30
  2586  5.11599E-30
  2587  4.93933E-30
  2588  4.57319E-30
  2589  4.05681E-30
  2590  3.42939E-30
  2591  2.73019E-30
  2592  1.99841E-30
  2593  1.27331E-30
  2594  5.94093E-31
  2595  0.00000E+00
  2596 -4.78032E-31
  2597 -8.42224E-31
  2598 -1.10309E-30
  2599 -1.27114E-30
  2600 -1.35688E-30
  2601 -1.37082E-30
  2602 -1.32349E-30
  2603 -1.22538E-30
  2604 -1.08702E-30
  2605 -9.18903E-31
  2606 -7.31551E-31
  2607 -5.35474E-31
  2608 -3.41182E-31
  2609 -1.59187E-31
  2610  0.00000E+00
  2611  1.28088E-31
  2612  2.25673E-31
  2613  2.95571E-31
  2614  3.40600E-31
  2615  3.63574E-31
  2616  3.67311E-31
  2617  3.54628E-31
  2618  3.28340E-31
  2619  2.91265E-31
  2620  2.46219E-31
  2621  1.96019E-31
  2622  1.43480E-31
  2623  9.14193E-32
  2624  4.26539E-32
  2625  0.00000E+00
  2626 -3.43211E-32
  2627 -6.04689E-32
  2628 -7.91981E-32
  2629 -9.12634E-32
  2630 -9.74194E-32
  2631 -9.84208E-32
  2632 -9.50223E-32
  2633 -8.79786E-32
  2634 -7.80443E-32
  2635 -6.59743E-32
  2636 -5.25230E-32
  2637 -3.84453E-32
  2638 -2.44957E-32
  2639 -1.14291E-32
  2640  0.00000E+00
  2641  9.19632E-33
  2642  1.62026E-32
  2643  2.12211E-32
  2644  2.44540E-32
  2645  2.61034E-32
  2646  2.63718E-32
  2647  2.54611E-32
  2648  2.35738E-32
  2649  2.09119E-32
  2650  1.76778E-32
  2651  1.40735E-32
  2652  1.03014E-32
  2653  6.56361E-33
  2654  3.06241E-33
  2655  0.00000E+00
  2656 -2.46415E-33
  2657 -4.34147E-33
  2658 -5.68617E-33
  2659 -6.55242E-33
  2660 -6.99440E-33
  2661 -7.06629E-33
  2662 -6.82229E-33
  2663 -6.31658E-33
  2664 -5.60333E-33
  2665 -4.73674E-33
  2666 -3.77098E-33
  2667 -2.76025E-33
  2668 -1.75871E-33
  2669 -8.20571E-34
  2670  0.00000E+00
  2671  6.60266E-34
  2672  1.16329E-33
  2673  1.52360E-33
  2674  1.75571E-33
  2675  1.87414E-33
  2676  1.89341E-33
  2677  1.82803E-33
  2678  1.69252E-33
  2679  1.50141E-33
  2680  1.26921E-33
  2681  1.01043E-33
  2682  7.39606E-34
  2683  4.71246E-34
  2684  2.19871E-34
  2685  0.00000E+00
  2686 -1.76918E-34
  2687 -3.11704E-34
  2688 -4.08249E-34
  2689 -4.70442E-34
  2690 -5.02175E-34
  2691 -5.07337E-34
  2692 -4.89819E-34
  2693 -4.53510E-34
  2694 -4.02301E-34
  2695 -3.40083E-34
  2696 -2.70744E-34
  2697 -1.98177E-34
  2698 -1.26270E-34
  2699 -5.89144E-35
  2700  0.00000E+00
  2701  4.74050E-35
  2702  8.35208E-35
  2703  1.09390E-34
  2704  1.26055E-34
  2705  1.34557E-34
  2706  1.35941E-34
  2707  1.31247E-34
  2708  1.21518E-34
  2709  1.07796E-34
  2710  9.11248E-35
  2711  7.25457E-35
  2712  5.31013E-35
  2713  3.38340E-35
  2714  1.57861E-35
  2715  0.00000E+00
  2716 -1.27021E-35
  2717 -2.23793E-35
  2718 -2.93109E-35
  2719 -3.37762E-35
  2720 -3.60546E-35
  2721 -3.64252E-35
  2722 -3.51674E-35
  2723 -3.25606E-35
  2724 -2.88839E-35
  2725 -2.44168E-35
  2726 -1.94386E-35
  2727 -1.42285E-35
  2728 -9.06579E-36
  2729 -4.22987E-36
  2730  0.00000E+00
  2731  3.40353E-36
  2732  5.99654E-36
  2733  7.85387E-36
  2734  9.05035E-36
  2735  9.66083E-36
  2736  9.76015E-36
  2737  9.42314E-36
  2738  8.72464E-36
  2739  7.73949E-36
  2740  6.54254E-36
  2741  5.20861E-36
  2742  3.81256E-36
  2743  2.42921E-36
  2744  1.13341E-36
  2745  0.00000E+00
  2746 -9.12001E-37
  2747 -1.60683E-36
  2748 -2.10453E-36
  2749 -2.42516E-36
  2750 -2.58877E-36
  2751 -2.61541E-36
  2752 -2.52514E-36
  2753 -2.33799E-36
  2754 -2.07403E-36
  2755 -1.75331E-36
  2756 -1.39587E-36
  2757 -1.02177E-36
  2758 -6.51053E-37
  2759 -3.03781E-37
  2760  0.00000E+00
  2761  2.44474E-37
  2762  4.30772E-37
  2763  5.64258E-37
  2764  6.50300E-37
  2765  6.94262E-37
  2766  7.01511E-37
  2767  6.77411E-37
  2768  6.27330E-37
  2769  5.56633E-37
  2770  4.70686E-37
  2771  3.74854E-37
  2772  2.74504E-37
  2773  1.75001E-37
  2774  8.17111E-38
  2775  0.00000E+00
  2776 -7.64394E-38
  2777 -1.37064E-37
  2778 -1.52502E-37
  2779 -1.76037E-37
  2780 -1.88274E-37
  2781 -1.90628E-37
  2782 -1.84509E-37
  2783 -1.71330E-37
  2784 -1.52502E-37
  2785 -1.29439E-37
  2786 -1.03551E-37
  2787 -7.62511E-38
  2788 -4.89514E-38
  2789 -4.21735E-38
  2790  0.00000E+00
  2791  0.00000E+00
  2792  3.42659E-38
  2793  4.57507E-38
  2794  5.38465E-38
  2795  5.88358E-38
  2796  6.10009E-38
  2797  6.06244E-38
  2798  5.79885E-38
  2799  5.33758E-38
  2800  4.70686E-38
  2801  3.93494E-38
  2802  3.05005E-38
  2803  0.00000E+00
  2804  0.00000E+00
  2805  0.00000E+00
  2806  0.00000E+00
  2807  0.00000E+00
  2808  0.00000E+00
  2809  0.00000E+00
  2810  0.00000E+00
  2811  0.00000E+00
  2812  0.00000E+00
  2813  0.00000E+00
  2814  0.00000E+00
  2815  0.00000E+00
  2816  0.00000E+00
  2817  0.00000E+00
  2818  0.00000E+00
  2819  0.00000E+00
  2820  0.00000E+00
  2821  0.00000E+00
  2822  0.00000E+00
  2823  0.00000E+00
  2824  0.00000E+00
  2825  0.00000E+00
  2826  0.00000E+00
  2827  0.00000E+00
  2828  0.00000E+00
  2829  0.00000E+00
  2830  0.00000E+00
  2831  0.00000E+00
  2832  0.00000E+00
  2833  0.00000E+00
  2834  0.00000E+00
  2835  0.00000E+00
  2836  0.00000E+00
  2837  0.00000E+00
  2838  0.00000E+00
  2839  0.00000E+00
  2840  0.00000E+00
  2841  0.00000E+00
  2842  0.00000E+00
  2843  0.00000E+00
  2844  0.00000E+00
  2845  0.00000E+00
  2846  0.00000E+00
  2847  0.00000E+00
  2848  0.00000E+00
  2849  0.00000E+00
  2850  0.00000E+00
  2851  0.00000E+00
  2852  0.00000E+00
  2853  0.00000E+00
  2854  0.00000E+00
  2855  0.00000E+00
  2856  0.00000E+00
  2857  0.00000E+00
  2858  0.00000E+00
  2859  0.00000E+00
  2860  0.00000E+00
  2861  0.00000E+00
  2862  0.00000E+00
  2863  0.00000E+00
  2864  0.00000E+00
  2865  0.00000E+00
  2866  0.00000E+00
  2867  0.00000E+00
  2868  0.00000E+00
  2869  0.00000E+00
  2870  0.00000E+00
  2871  0.00000E+00
  2872  0.00000E+00
  2873  0.00000E+00
  2874  0.00000E+00
  2875  0.00000E+00
  2876  0.00000E+00
  2877  0.00000E+00
  2878  0.00000E+00
  2879  0.00000E+00
  2880  0.00000E+00
  2881  0.00000E+00
  2882  0.00000E+00
  2883  0.00000E+00
  2884  0.00000E+00
  2885  0.00000E+00
  2886  0.00000E+00
  2887  0.00000E+00
  2888  0.00000E+00
  2889  0.00000E+00
  2890  0.00000E+00
  2891  0.00000E+00
  2892  0.00000E+00
  2893  0.00000E+00
  2894  0.00000E+00
  2895  0.00000E+00
  2896  0.00000E+00
  2897  0.00000E+00
  2898  0.00000E+00
  2899  0.00000E+00
  2900  0.00000E+00
  2901  0.00000E+00
  2902  0.00000E+00
  2903  0.00000E+00
  2904  0.00000E+00
  2905  0.00000E+00
  2906  0.00000E+00
  2907  0.00000E+00
  2908  0.00000E+00
  2909  0.00000E+00
  2910  0.00000E+00
  2911  0.00000E+00
  2912  0.00000E+00
  2913  0.00000E+00
  2914  0.00000E+00
  2915  0.00000E+00
  2916  0.00000E+00
  2917  0.00000E+00
  2918  0.00000E+00
  2919  0.00000E+00
  2920  0.00000E+00
  2921  0.00000E+00
  2922  0.00000E+00
  2923  0.00000E+00
  2924  0.00000E+00
  2925  0.00000E+00
  2926  0.00000E+00
  2927  0.00000E+00
  2928  0.00000E+00
  2929  0.00000E+00
  2930  0.00000E+00
  2931  2.96116E-38
  2932  3.21706E-38
  2933  3.36329E-38
  2934  3.38418E-38
  2935  3.26407E-38
  2936  2.98727E-38
  2937  0.00000E+00
  2938  0.00000E+00
  2939  0.00000E+00
  2940  0.00000E+00
  2941  0.00000E+00
  2942 -4.30744E-38
  2943 -6.31497E-38
  2944 -5.15982E-38
  2945 -6.48126E-38
  2946 -7.66702E-38
  2947 -8.64295E-38
  2948 -9.33492E-38
  2949 -9.66878E-38
  2950 -1.21817E-37
  2951 -1.11487E-37
  2952 -9.47246E-38
  2953 -7.09460E-38
  2954 -3.95660E-38
  2955  0.00000E+00
  2956  4.19029E-38
  2957  8.98097E-38
  2958  1.40953E-37
  2959  1.92567E-37
  2960  2.41884E-37
  2961  2.86137E-37
  2962  3.22559E-37
  2963  3.48384E-37
  2964  3.60844E-37
  2965  3.57172E-37
  2966  3.34603E-37
  2967  2.90367E-37
  2968  2.21700E-37
  2969  1.47662E-37
  2970  0.00000E+00
  2971 -1.56384E-37
  2972 -3.35174E-37
  2973 -5.26045E-37
  2974 -7.18670E-37
  2975 -9.02723E-37
  2976 -1.06788E-36
  2977 -1.20381E-36
  2978 -1.30019E-36
  2979 -1.34669E-36
  2980 -1.33299E-36
  2981 -1.24875E-36
  2982 -1.08367E-36
  2983 -8.27394E-37
  2984 -4.69615E-37
  2985  0.00000E+00
  2986  5.83632E-37
  2987  1.25089E-36
  2988  1.96323E-36
  2989  2.68211E-36
  2990  3.36901E-36
  2991  3.98538E-36
  2992  4.49267E-36
  2993  4.85236E-36
  2994  5.02591E-36
  2995  4.97477E-36
  2996  4.66041E-36
  2997  4.04429E-36
  2998  3.08788E-36
  2999  1.75263E-36
  3000  0.00000E+00
  3001 -2.17814E-36
  3002 -4.66838E-36
  3003 -7.32687E-36
  3004 -1.00098E-35
  3005 -1.25733E-35
  3006 -1.48736E-35
  3007 -1.67669E-35
  3008 -1.81093E-35
  3009 -1.87569E-35
  3010 -1.85661E-35
  3011 -1.73929E-35
  3012 -1.50935E-35
  3013 -1.15241E-35
  3014 -6.54089E-36
  3015  0.00000E+00
  3016  8.12895E-36
  3017  1.74226E-35
  3018  2.73442E-35
  3019  3.73570E-35
  3020  4.69243E-35
  3021  5.55091E-35
  3022  6.25748E-35
  3023  6.75847E-35
  3024  7.00019E-35
  3025  6.92896E-35
  3026  6.49112E-35
  3027  5.63298E-35
  3028  4.30086E-35
  3029  2.44109E-35
  3030  0.00000E+00
  3031 -3.07610E-35
  3032 -6.84088E-35
  3033 -1.13480E-34
  3034 -1.66512E-34
  3035 -2.28041E-34
  3036 -2.98603E-34
  3037 -3.78737E-34
  3038 -4.68978E-34
  3039 -5.69863E-34
  3040 -6.81929E-34
  3041 -8.05712E-34
  3042 -9.41750E-34
  3043 -1.09058E-33
  3044 -1.25274E-33
  3045 -1.42876E-33
