    45  4.94157E-05
    46  4.97148E-05
    47  5.05823E-05
    48  5.19731E-05
    49  5.38423E-05
    50  5.61450E-05
    51  5.88361E-05
    52  6.18707E-05
    53  6.52038E-05
    54  6.87905E-05
    55  7.25858E-05
    56  7.65448E-05
    57  8.06224E-05
    58  8.47738E-05
    59  8.89540E-05
    60  9.31179E-05
    61  9.72287E-05
    62  1.01282E-04
    63  1.05280E-04
    64  1.09226E-04
    65  1.13124E-04
    66  1.16977E-04
    67  1.20788E-04
    68  1.24561E-04
    69  1.28298E-04
    70  1.32002E-04
    71  1.35677E-04
    72  1.39327E-04
    73  1.42954E-04
    74  1.46561E-04
    75  1.50152E-04
    76  1.53769E-04
    77  1.57612E-04
    78  1.61918E-04
    79  1.66928E-04
    80  1.72879E-04
    81  1.80010E-04
    82  1.88560E-04
    83  1.98767E-04
    84  2.10870E-04
    85  2.25107E-04
    86  2.41718E-04
    87  2.60940E-04
    88  2.83013E-04
    89  3.08175E-04
    90  3.36665E-04
    91  3.68584E-04
    92  4.03481E-04
    93  4.40769E-04
    94  4.79861E-04
    95  5.20168E-04
    96  5.61104E-04
    97  6.02080E-04
    98  6.42509E-04
    99  6.81803E-04
   100  7.19375E-04
   101  7.54638E-04
   102  7.87002E-04
   103  8.15882E-04
   104  8.40688E-04
   105  8.60834E-04
   106  8.75920E-04
   107  8.86298E-04
   108  8.92506E-04
   109  8.95086E-04
   110  8.94577E-04
   111  8.91519E-04
   112  8.86451E-04
   113  8.79912E-04
   114  8.72444E-04
   115  8.64585E-04
   116  8.56876E-04
   117  8.49855E-04
   118  8.44064E-04
   119  8.40041E-04
   120  8.38326E-04
   121  8.39327E-04
   122  8.42920E-04
   123  8.48851E-04
   124  8.56864E-04
   125  8.66704E-04
   126  8.78116E-04
   127  8.90844E-04
   128  9.04634E-04
   129  9.19229E-04
   130  9.34375E-04
   131  9.49816E-04
   132  9.65298E-04
   133  9.80564E-04
   134  9.95360E-04
   135  1.00943E-03
   136  1.02258E-03
   137  1.03487E-03
   138  1.04643E-03
   139  1.05736E-03
   140  1.06780E-03
   141  1.07787E-03
   142  1.08768E-03
   143  1.09735E-03
   144  1.10702E-03
   145  1.11679E-03
   146  1.12679E-03
   147  1.13714E-03
   148  1.14797E-03
   149  1.15939E-03
   150  1.17152E-03
   151  1.18444E-03
   152  1.19801E-03
   153  1.21206E-03
   154  1.22642E-03
   155  1.24089E-03
   156  1.25531E-03
   157  1.26949E-03
   158  1.28326E-03
   159  1.29644E-03
   160  1.30885E-03
   161  1.32031E-03
   162  1.33064E-03
   163  1.33967E-03
   164  1.34721E-03
   165  1.35310E-03
   166  1.35722E-03
   167  1.35980E-03
   168  1.36114E-03
   169  1.36154E-03
   170  1.36130E-03
   171  1.36072E-03
   172  1.36009E-03
   173  1.35972E-03
   174  1.35991E-03
   175  1.36096E-03
   176  1.36317E-03
   177  1.36683E-03
   178  1.37225E-03
   179  1.37973E-03
   180  1.38956E-03
   181  1.40196E-03
   182  1.41677E-03
   183  1.43377E-03
   184  1.45270E-03
   185  1.47333E-03
   186  1.49542E-03
   187  1.51874E-03
   188  1.54303E-03
   189  1.56807E-03
   190  1.59362E-03
   191  1.61943E-03
   192  1.64527E-03
   193  1.67089E-03
   194  1.69607E-03
   195  1.72055E-03
   196  1.74420E-03
   197  1.76724E-03
   198  1.79000E-03
   199  1.81280E-03
   200  1.83597E-03
   201  1.85984E-03
   202  1.88472E-03
   203  1.91094E-03
   204  1.93883E-03
   205  1.96870E-03
   206  2.00089E-03
   207  2.03572E-03
   208  2.07352E-03
   209  2.11460E-03
   210  2.15929E-03
   211  2.20775E-03
   212  2.25944E-03
   213  2.31365E-03
   214  2.36970E-03
   215  2.42687E-03
   216  2.48446E-03
   217  2.54177E-03
   218  2.59809E-03
   219  2.65272E-03
   220  2.70496E-03
   221  2.75411E-03
   222  2.79945E-03
   223  2.84030E-03
   224  2.87594E-03
   225  2.90567E-03
   226  2.92910E-03
   227  2.94703E-03
   228  2.96058E-03
   229  2.97086E-03
   230  2.97900E-03
   231  2.98611E-03
   232  2.99331E-03
   233  3.00171E-03
   234  3.01242E-03
   235  3.02657E-03
   236  3.04526E-03
   237  3.06963E-03
   238  3.10077E-03
   239  3.13981E-03
   240  3.18787E-03
   241  3.24570E-03
   242  3.31269E-03
   243  3.38786E-03
   244  3.47024E-03
   245  3.55885E-03
   246  3.65271E-03
   247  3.75085E-03
   248  3.85229E-03
   249  3.95607E-03
   250  4.06120E-03
   251  4.16671E-03
   252  4.27163E-03
   253  4.37498E-03
   254  4.47578E-03
   255  4.57307E-03
   256  4.66605E-03
   257  4.75475E-03
   258  4.83938E-03
   259  4.92013E-03
   260  4.99722E-03
   261  5.07086E-03
   262  5.14126E-03
   263  5.20862E-03
   264  5.27316E-03
   265  5.33507E-03
   266  5.39458E-03
   267  5.45188E-03
   268  5.50719E-03
   269  5.56072E-03
   270  5.61267E-03
   271  5.66328E-03
   272  5.71290E-03
   273  5.76190E-03
   274  5.81067E-03
   275  5.85958E-03
   276  5.90900E-03
   277  5.95932E-03
   278  6.01090E-03
   279  6.06414E-03
   280  6.11939E-03
   281  6.17705E-03
   282  6.23749E-03
   283  6.30108E-03
   284  6.36820E-03
   285  6.43923E-03
   286  6.51442E-03
   287  6.59353E-03
   288  6.67620E-03
   289  6.76205E-03
   290  6.85073E-03
   291  6.94186E-03
   292  7.03509E-03
   293  7.13004E-03
   294  7.22635E-03
   295  7.32366E-03
   296  7.42159E-03
   297  7.51979E-03
   298  7.61789E-03
   299  7.71552E-03
   300  7.81232E-03
   301  7.90792E-03
   302  8.00190E-03
   303  8.09387E-03
   304  8.18342E-03
   305  8.27014E-03
   306  8.35362E-03
   307  8.43345E-03
   308  8.50922E-03
   309  8.58053E-03
   310  8.64697E-03
   311  8.70813E-03
   312  8.76360E-03
   313  8.81297E-03
   314  8.85584E-03
   315  8.89179E-03
   316  8.92063E-03
   317  8.94297E-03
   318  8.95963E-03
   319  8.97143E-03
   320  8.97920E-03
   321  8.98376E-03
   322  8.98593E-03
   323  8.98653E-03
   324  8.98638E-03
   325  8.98631E-03
   326  8.98713E-03
   327  8.98967E-03
   328  8.99476E-03
   329  9.00321E-03
   330  9.01584E-03
   331  9.03296E-03
   332  9.05283E-03
   333  9.07318E-03
   334  9.09176E-03
   335  9.10630E-03
   336  9.11455E-03
   337  9.11424E-03
   338  9.10311E-03
   339  9.07890E-03
   340  9.03935E-03
   341  8.98221E-03
   342  8.90520E-03
   343  8.80607E-03
   344  8.68256E-03
   345  8.53241E-03
   346  8.35423E-03
   347  8.15012E-03
   348  7.92307E-03
   349  7.67606E-03
   350  7.41206E-03
   351  7.13406E-03
   352  6.84503E-03
   353  6.54795E-03
   354  6.24581E-03
   355  5.94158E-03
   356  5.63825E-03
   357  5.33879E-03
   358  5.04618E-03
   359  4.76340E-03
   360  4.49343E-03
   361  4.23863E-03
   362  3.99887E-03
   363  3.77338E-03
   364  3.56142E-03
   365  3.36222E-03
   366  3.17504E-03
   367  2.99911E-03
   368  2.83369E-03
   369  2.67800E-03
   370  2.53131E-03
   371  2.39285E-03
   372  2.26186E-03
   373  2.13760E-03
   374  2.01930E-03
   375  1.90621E-03
   376  1.79769E-03
   377  1.69358E-03
   378  1.59380E-03
   379  1.49832E-03
   380  1.40708E-03
   381  1.32002E-03
   382  1.23709E-03
   383  1.15824E-03
   384  1.08340E-03
   385  1.01254E-03
   386  9.45583E-04
   387  8.82489E-04
   388  8.23200E-04
   389  7.67662E-04
   390  7.15821E-04
   391  6.67581E-04
   392  6.22678E-04
   393  5.80808E-04
   394  5.41666E-04
   395  5.04947E-04
   396  4.70344E-04
   397  4.37554E-04
   398  4.06272E-04
   399  3.76191E-04
   400  3.47007E-04
   401  3.18415E-04
   402  2.90110E-04
   403  2.61787E-04
   404  2.33140E-04
   405  2.03865E-04
   406  1.73731E-04
   407  1.42806E-04
   408  1.11233E-04
   409  7.91530E-05
   410  4.67102E-05
   411  1.40465E-05
   412 -1.86955E-05
   413 -5.13733E-05
   414 -8.38442E-05
   415 -1.15966E-04
   416 -1.47596E-04
   417 -1.78591E-04
   418 -2.08809E-04
   419 -2.38108E-04
   420 -2.66344E-04
   421 -2.93409E-04
   422 -3.19324E-04
   423 -3.44142E-04
   424 -3.67917E-04
   425 -3.90704E-04
   426 -4.12557E-04
   427 -4.33530E-04
   428 -4.53677E-04
   429 -4.73052E-04
   430 -4.91709E-04
   431 -5.09702E-04
   432 -5.27085E-04
   433 -5.43913E-04
   434 -5.60239E-04
   435 -5.76118E-04
   436 -5.91603E-04
   437 -6.06747E-04
   438 -6.21601E-04
   439 -6.36216E-04
   440 -6.50646E-04
   441 -6.64942E-04
   442 -6.79155E-04
   443 -6.93337E-04
   444 -7.07541E-04
   445 -7.21817E-04
   446 -7.36219E-04
   447 -7.50797E-04
   448 -7.65604E-04
   449 -7.80691E-04
   450 -7.96110E-04
   451 -8.11884E-04
   452 -8.27919E-04
   453 -8.44092E-04
   454 -8.60280E-04
   455 -8.76360E-04
   456 -8.92209E-04
   457 -9.07704E-04
   458 -9.22723E-04
   459 -9.37141E-04
   460 -9.50836E-04
   461 -9.63686E-04
   462 -9.75566E-04
   463 -9.86355E-04
   464 -9.95929E-04
   465 -1.00416E-03
   466 -1.01099E-03
   467 -1.01656E-03
   468 -1.02107E-03
   469 -1.02471E-03
   470 -1.02769E-03
   471 -1.03021E-03
   472 -1.03246E-03
   473 -1.03465E-03
   474 -1.03697E-03
   475 -1.03963E-03
   476 -1.04282E-03
   477 -1.04675E-03
   478 -1.05161E-03
   479 -1.05760E-03
   480 -1.06492E-03
   481 -1.07371E-03
   482 -1.08382E-03
   483 -1.09507E-03
   484 -1.10724E-03
   485 -1.12013E-03
   486 -1.13354E-03
   487 -1.14727E-03
   488 -1.16112E-03
   489 -1.17489E-03
   490 -1.18836E-03
   491 -1.20135E-03
   492 -1.21364E-03
   493 -1.22504E-03
   494 -1.23535E-03
   495 -1.24436E-03
   496 -1.25191E-03
   497 -1.25806E-03
   498 -1.26289E-03
   499 -1.26650E-03
   500 -1.26897E-03
   501 -1.27040E-03
   502 -1.27087E-03
   503 -1.27049E-03
   504 -1.26934E-03
   505 -1.26751E-03
   506 -1.26510E-03
   507 -1.26219E-03
   508 -1.25888E-03
   509 -1.25525E-03
   510 -1.25141E-03
   511 -1.24742E-03
   512 -1.24332E-03
   513 -1.23911E-03
   514 -1.23482E-03
   515 -1.23044E-03
   516 -1.22599E-03
   517 -1.22148E-03
   518 -1.21693E-03
   519 -1.21235E-03
   520 -1.20775E-03
   521 -1.20313E-03
   522 -1.19853E-03
   523 -1.19393E-03
   524 -1.18937E-03
   525 -1.18484E-03
   526 -1.18034E-03
   527 -1.17574E-03
   528 -1.17091E-03
   529 -1.16569E-03
   530 -1.15994E-03
   531 -1.15351E-03
   532 -1.14626E-03
   533 -1.13804E-03
   534 -1.12871E-03
   535 -1.11812E-03
   536 -1.10613E-03
   537 -1.09259E-03
   538 -1.07735E-03
   539 -1.06027E-03
   540 -1.04121E-03
   541 -1.02006E-03
   542 -9.96916E-04
   543 -9.71907E-04
   544 -9.45169E-04
   545 -9.16836E-04
   546 -8.87044E-04
   547 -8.55926E-04
   548 -8.23616E-04
   549 -7.90249E-04
   550 -7.55960E-04
   551 -7.20881E-04
   552 -6.85149E-04
   553 -6.48896E-04
   554 -6.12258E-04
   555 -5.75369E-04
   556 -5.38367E-04
   557 -5.01409E-04
   558 -4.64656E-04
   559 -4.28268E-04
   560 -3.92407E-04
   561 -3.57234E-04
   562 -3.22909E-04
   563 -2.89593E-04
   564 -2.57447E-04
   565 -2.26633E-04
   566 -1.97311E-04
   567 -1.69641E-04
   568 -1.43786E-04
   569 -1.19905E-04
   570 -9.81599E-05
   571 -7.86585E-05
   572 -6.12975E-05
   573 -4.59205E-05
   574 -3.23713E-05
   575 -2.04936E-05
   576 -1.01313E-05
   577 -1.12792E-06
   578  6.67265E-06
   579  1.34267E-05
   580  1.92905E-05
   581  2.44204E-05
   582  2.89725E-05
   583  3.31031E-05
   584  3.69685E-05
   585  4.07249E-05
   586  4.45015E-05
   587  4.83188E-05
   588  5.21700E-05
   589  5.60487E-05
   590  5.99481E-05
   591  6.38616E-05
   592  6.77826E-05
   593  7.17044E-05
   594  7.56205E-05
   595  7.95240E-05
   596  8.34085E-05
   597  8.72673E-05
   598  9.10937E-05
   599  9.48811E-05
   600  9.86228E-05
   601  1.02311E-04
   602  1.05932E-04
   603  1.09471E-04
   604  1.12912E-04
   605  1.16242E-04
   606  1.19445E-04
   607  1.22506E-04
   608  1.25411E-04
   609  1.28143E-04
   610  1.30690E-04
   611  1.33034E-04
   612  1.35163E-04
   613  1.37059E-04
   614  1.38710E-04
   615  1.40100E-04
   616  1.41218E-04
   617  1.42073E-04
   618  1.42677E-04
   619  1.43045E-04
   620  1.43188E-04
   621  1.43120E-04
   622  1.42853E-04
   623  1.42401E-04
   624  1.41776E-04
   625  1.40991E-04
   626  1.40060E-04
   627  1.38995E-04
   628  1.37809E-04
   629  1.36516E-04
   630  1.35127E-04
   631  1.33653E-04
   632  1.32090E-04
   633  1.30431E-04
   634  1.28668E-04
   635  1.26794E-04
   636  1.24802E-04
   637  1.22686E-04
   638  1.20437E-04
   639  1.18048E-04
   640  1.15513E-04
   641  1.12824E-04
   642  1.09974E-04
   643  1.06956E-04
   644  1.03763E-04
   645  1.00387E-04
   646  9.68256E-05
   647  9.30961E-05
   648  8.92192E-05
   649  8.52161E-05
   650  8.11081E-05
   651  7.69163E-05
   652  7.26619E-05
   653  6.83660E-05
   654  6.40500E-05
   655  5.97349E-05
   656  5.54419E-05
   657  5.11923E-05
   658  4.70072E-05
   659  4.29078E-05
   660  3.89153E-05
   661  3.50481E-05
   662  3.13135E-05
   663  2.77158E-05
   664  2.42596E-05
   665  2.09493E-05
   666  1.77894E-05
   667  1.47844E-05
   668  1.19386E-05
   669  9.25666E-06
   670  6.74290E-06
   671  4.40182E-06
   672  2.23788E-06
   673  2.55543E-07
   674 -1.54073E-06
   675 -3.14649E-06
   676 -4.56075E-06
   677 -5.79652E-06
   678 -6.87028E-06
   679 -7.79850E-06
   680 -8.59768E-06
   681 -9.28430E-06
   682 -9.87484E-06
   683 -1.03858E-05
   684 -1.08336E-05
   685 -1.12348E-05
   686 -1.16059E-05
   687 -1.19633E-05
   688 -1.23235E-05
   689 -1.27031E-05
   690 -1.31184E-05
   691 -1.35814E-05
   692 -1.40854E-05
   693 -1.46191E-05
   694 -1.51713E-05
   695 -1.57307E-05
   696 -1.62860E-05
   697 -1.68260E-05
   698 -1.73393E-05
   699 -1.78147E-05
   700 -1.82410E-05
   701 -1.86068E-05
   702 -1.89009E-05
   703 -1.91121E-05
   704 -1.92290E-05
   705 -1.92403E-05
   706 -1.91387E-05
   707 -1.89320E-05
   708 -1.86319E-05
   709 -1.82500E-05
   710 -1.77981E-05
   711 -1.72878E-05
   712 -1.67309E-05
   713 -1.61389E-05
   714 -1.55237E-05
   715 -1.48968E-05
   716 -1.42699E-05
   717 -1.36549E-05
   718 -1.30632E-05
   719 -1.25067E-05
   720 -1.19970E-05
   721 -1.15426E-05
   722 -1.11394E-05
   723 -1.07799E-05
   724 -1.04569E-05
   725 -1.01629E-05
   726 -9.89071E-06
   727 -9.63285E-06
   728 -9.38202E-06
   729 -9.13085E-06
   730 -8.87199E-06
   731 -8.59809E-06
   732 -8.30179E-06
   733 -7.97574E-06
   734 -7.61259E-06
   735 -7.20499E-06
   736 -6.74798E-06
   737 -6.24620E-06
   738 -5.70670E-06
   739 -5.13653E-06
   740 -4.54274E-06
   741 -3.93236E-06
   742 -3.31245E-06
   743 -2.69005E-06
   744 -2.07220E-06
   745 -1.46596E-06
   746 -8.78359E-07
   747 -3.16454E-07
   748  2.12712E-07
   749  7.02095E-07
   750  1.14465E-06
   751  1.53498E-06
   752  1.87430E-06
   753  2.16549E-06
   754  2.41141E-06
   755  2.61493E-06
   756  2.77892E-06
   757  2.90626E-06
   758  2.99981E-06
   759  3.06243E-06
   760  3.09701E-06
   761  3.10640E-06
   762  3.09349E-06
   763  3.06113E-06
   764  3.01220E-06
   765  2.94956E-06
   766  2.87575E-06
   767  2.79192E-06
   768  2.69889E-06
   769  2.59747E-06
   770  2.48848E-06
   771  2.37273E-06
   772  2.25104E-06
   773  2.12422E-06
   774  1.99309E-06
   775  1.85847E-06
   776  1.72117E-06
   777  1.58200E-06
   778  1.44178E-06
   779  1.30133E-06
   780  1.16146E-06
   781  1.02304E-06
   782  8.87177E-07
   783  7.55023E-07
   784  6.27735E-07
   785  5.06471E-07
   786  3.92386E-07
   787  2.86638E-07
   788  1.90383E-07
   789  1.04778E-07
   790  3.09793E-08
   791 -2.98563E-08
   792 -7.65722E-08
   793 -1.08012E-07
   794 -1.23018E-07
   795 -1.20435E-07
   796 -9.96955E-08
   797 -6.25933E-08
   798 -1.15123E-08
   799  5.11639E-08
   800  1.23052E-07
   801  2.01767E-07
   802  2.84927E-07
   803  3.70147E-07
   804  4.55043E-07
   805  5.37233E-07
   806  6.14332E-07
   807  6.83956E-07
   808  7.43722E-07
   809  7.91247E-07
   810  8.24146E-07
   811  8.40660E-07
   812  8.41533E-07
   813  8.28130E-07
   814  8.01820E-07
   815  7.63969E-07
   816  7.15945E-07
   817  6.59114E-07
   818  5.94845E-07
   819  5.24503E-07
   820  4.49457E-07
   821  3.71073E-07
   822  2.90718E-07
   823  2.09761E-07
   824  1.29567E-07
   825  5.15041E-08
   826 -2.32376E-08
   827 -9.41772E-08
   828 -1.61011E-07
   829 -2.23435E-07
   830 -2.81146E-07
   831 -3.33840E-07
   832 -3.81213E-07
   833 -4.22961E-07
   834 -4.58781E-07
   835 -4.88368E-07
   836 -5.11420E-07
   837 -5.27631E-07
   838 -5.36699E-07
   839 -5.38320E-07
   840 -5.32190E-07
   841 -5.18211E-07
   842 -4.97111E-07
   843 -4.69826E-07
   844 -4.37288E-07
   845 -4.00434E-07
   846 -3.60196E-07
   847 -3.17510E-07
   848 -2.73310E-07
   849 -2.28530E-07
   850 -1.84104E-07
   851 -1.40968E-07
   852 -1.00055E-07
   853 -6.22996E-08
   854 -2.86365E-08
   855  0.00000E+00
   856  2.29152E-08
   857  4.03734E-08
   858  5.28783E-08
   859  6.09339E-08
   860  6.50441E-08
   861  6.57127E-08
   862  6.34437E-08
   863  5.87408E-08
   864  5.21080E-08
   865  4.40491E-08
   866  3.50681E-08
   867  2.56688E-08
   868  1.63551E-08
   869  7.63087E-09
   870  0.00000E+00
   871 -6.14012E-09
   872 -1.08180E-08
   873 -1.41687E-08
   874 -1.63272E-08
   875 -1.74285E-08
   876 -1.76077E-08
   877 -1.69997E-08
   878 -1.57395E-08
   879 -1.39623E-08
   880 -1.18029E-08
   881 -9.39647E-09
   882 -6.87793E-09
   883 -4.38234E-09
   884 -2.04469E-09
   885  0.00000E+00
   886  1.64524E-09
   887  2.89868E-09
   888  3.79649E-09
   889  4.37486E-09
   890  4.66996E-09
   891  4.71796E-09
   892  4.55505E-09
   893  4.21740E-09
   894  3.74118E-09
   895  3.16258E-09
   896  2.51778E-09
   897  1.84294E-09
   898  1.17424E-09
   899  5.47872E-10
   900  0.00000E+00
   901 -4.40841E-10
   902 -7.76698E-10
   903 -1.01727E-09
   904 -1.17224E-09
   905 -1.25131E-09
   906 -1.26417E-09
   907 -1.22052E-09
   908 -1.13005E-09
   909 -1.00245E-09
   910 -8.47412E-10
   911 -6.74636E-10
   912 -4.93813E-10
   913 -3.14638E-10
   914 -1.46802E-10
   915  0.00000E+00
   916  1.18123E-10
   917  2.08116E-10
   918  2.72576E-10
   919  3.14101E-10
   920  3.35288E-10
   921  3.38734E-10
   922  3.27038E-10
   923  3.02795E-10
   924  2.68605E-10
   925  2.27063E-10
   926  1.80768E-10
   927  1.32317E-10
   928  8.43069E-11
   929  3.93354E-11
   930  0.00000E+00
   931 -3.16509E-11
   932 -5.57644E-11
   933 -7.30365E-11
   934 -8.41630E-11
   935 -8.98401E-11
   936 -9.07636E-11
   937 -8.76295E-11
   938 -8.11338E-11
   939 -7.19724E-11
   940 -6.08414E-11
   941 -4.84367E-11
   942 -3.54542E-11
   943 -2.25900E-11
   944 -1.05399E-11
   945  0.00000E+00
   946  8.48084E-12
   947  1.49420E-11
   948  1.95701E-11
   949  2.25514E-11
   950  2.40726E-11
   951  2.43200E-11
   952  2.34803E-11
   953  2.17397E-11
   954  1.92850E-11
   955  1.63024E-11
   956  1.29786E-11
   957  9.49993E-12
   958  6.05296E-12
   959  2.82416E-12
   960  0.00000E+00
   961 -2.27243E-12
   962 -4.00370E-12
   963 -5.24378E-12
   964 -6.04263E-12
   965 -6.45023E-12
   966 -6.51653E-12
   967 -6.29152E-12
   968 -5.82514E-12
   969 -5.16739E-12
   970 -4.36822E-12
   971 -3.47760E-12
   972 -2.54550E-12
   973 -1.62189E-12
   974 -7.56731E-13
   975  0.00000E+00
   976  6.08897E-13
   977  1.07279E-12
   978  1.40507E-12
   979  1.61912E-12
   980  1.72833E-12
   981  1.74610E-12
   982  1.68581E-12
   983  1.56084E-12
   984  1.38460E-12
   985  1.17046E-12
   986  9.31819E-13
   987  6.82064E-13
   988  4.34583E-13
   989  2.02765E-13
   990  0.00000E+00
   991 -1.63153E-13
   992 -2.87453E-13
   993 -3.76487E-13
   994 -4.33842E-13
   995 -4.63106E-13
   996 -4.67866E-13
   997 -4.51710E-13
   998 -4.18227E-13
   999 -3.71002E-13
  1000 -3.13624E-13
  1001 -2.49680E-13
  1002 -1.82758E-13
  1003 -1.16446E-13
  1004 -5.43308E-14
  1005  0.00000E+00
  1006  4.37168E-14
  1007  7.70228E-14
  1008  1.00879E-13
  1009  1.16248E-13
  1010  1.24089E-13
  1011  1.25364E-13
  1012  1.21035E-13
  1013  1.12063E-13
  1014  9.94096E-14
  1015  8.40353E-14
  1016  6.69016E-14
  1017  4.89700E-14
  1018  3.12017E-14
  1019  1.45579E-14
  1020  0.00000E+00
  1021 -1.17139E-14
  1022 -2.06382E-14
  1023 -2.70305E-14
  1024 -3.11484E-14
  1025 -3.32495E-14
  1026 -3.35913E-14
  1027 -3.24313E-14
  1028 -3.00273E-14
  1029 -2.66367E-14
  1030 -2.25172E-14
  1031 -1.79262E-14
  1032 -1.31215E-14
  1033 -8.36046E-15
  1034 -3.90078E-15
  1035  0.00000E+00
  1036  3.13873E-15
  1037  5.52999E-15
  1038  7.24281E-15
  1039  8.34620E-15
  1040  8.90917E-15
  1041  9.00075E-15
  1042  8.68995E-15
  1043  8.04579E-15
  1044  7.13729E-15
  1045  6.03346E-15
  1046  4.80332E-15
  1047  3.51589E-15
  1048  2.24018E-15
  1049  1.04521E-15
  1050  0.00000E+00
  1051 -8.41019E-16
  1052 -1.48176E-15
  1053 -1.94070E-15
  1054 -2.23636E-15
  1055 -2.38721E-15
  1056 -2.41174E-15
  1057 -2.32847E-15
  1058 -2.15586E-15
  1059 -1.91243E-15
  1060 -1.61666E-15
  1061 -1.28705E-15
  1062 -9.42079E-16
  1063 -6.00254E-16
  1064 -2.80063E-16
  1065  0.00000E+00
  1066  2.25350E-16
  1067  3.97035E-16
  1068  5.20010E-16
  1069  5.99230E-16
  1070  6.39650E-16
  1071  6.46225E-16
  1072  6.23911E-16
  1073  5.77662E-16
  1074  5.12434E-16
  1075  4.33183E-16
  1076  3.44863E-16
  1077  2.52429E-16
  1078  1.60838E-16
  1079  7.50427E-17
  1080  0.00000E+00
  1081 -6.03825E-17
  1082 -1.06385E-16
  1083 -1.39336E-16
  1084 -1.60563E-16
  1085 -1.71394E-16
  1086 -1.73155E-16
  1087 -1.67176E-16
  1088 -1.54784E-16
  1089 -1.37306E-16
  1090 -1.16071E-16
  1091 -9.24057E-17
  1092 -6.76382E-17
  1093 -4.30963E-17
  1094 -2.01076E-17
  1095  0.00000E+00
  1096  1.61794E-17
  1097  2.85059E-17
  1098  3.73350E-17
  1099  4.30228E-17
  1100  4.59248E-17
  1101  4.63969E-17
  1102  4.47948E-17
  1103  4.14743E-17
  1104  3.67911E-17
  1105  3.11011E-17
  1106  2.47600E-17
  1107  1.81236E-17
  1108  1.15476E-17
  1109  5.38782E-18
  1110  0.00000E+00
  1111 -4.33527E-18
  1112 -7.63812E-18
  1113 -1.00039E-17
  1114 -1.15279E-17
  1115 -1.23055E-17
  1116 -1.24320E-17
  1117 -1.20027E-17
  1118 -1.11130E-17
  1119 -9.85815E-18
  1120 -8.33352E-18
  1121 -6.63443E-18
  1122 -4.85621E-18
  1123 -3.09417E-18
  1124 -1.44366E-18
  1125  0.00000E+00
  1126  1.16163E-18
  1127  2.04663E-18
  1128  2.68054E-18
  1129  3.08890E-18
  1130  3.29725E-18
  1131  3.33114E-18
  1132  3.21612E-18
  1133  2.97772E-18
  1134  2.64148E-18
  1135  2.23296E-18
  1136  1.77769E-18
  1137  1.30122E-18
  1138  8.29081E-19
  1139  3.86828E-19
  1140  0.00000E+00
  1141 -3.11258E-19
  1142 -5.48392E-19
  1143 -7.18247E-19
  1144 -8.27667E-19
  1145 -8.83495E-19
  1146 -8.92577E-19
  1147 -8.61756E-19
  1148 -7.97877E-19
  1149 -7.07784E-19
  1150 -5.98320E-19
  1151 -4.76331E-19
  1152 -3.48660E-19
  1153 -2.22152E-19
  1154 -1.03650E-19
  1155  0.00000E+00
  1156  8.34013E-20
  1157  1.46941E-19
  1158  1.92454E-19
  1159  2.21773E-19
  1160  2.36732E-19
  1161  2.39165E-19
  1162  2.30907E-19
  1163  2.13790E-19
  1164  1.89650E-19
  1165  1.60319E-19
  1166  1.27632E-19
  1167  9.34231E-20
  1168  5.95254E-20
  1169  2.77730E-20
  1170  0.00000E+00
  1171 -2.23473E-20
  1172 -3.93728E-20
  1173 -5.15678E-20
  1174 -5.94238E-20
  1175 -6.34321E-20
  1176 -6.40842E-20
  1177 -6.18713E-20
  1178 -5.72850E-20
  1179 -5.08166E-20
  1180 -4.29574E-20
  1181 -3.41990E-20
  1182 -2.50326E-20
  1183 -1.59498E-20
  1184 -7.44176E-21
  1185  0.00000E+00
  1186  5.98795E-21
  1187  1.05499E-20
  1188  1.38176E-20
  1189  1.59226E-20
  1190  1.69966E-20
  1191  1.71713E-20
  1192  1.65784E-20
  1193  1.53495E-20
  1194  1.36163E-20
  1195  1.15104E-20
  1196  9.16360E-21
  1197  6.70748E-21
  1198  4.27373E-21
  1199  1.99401E-21
  1200  0.00000E+00
  1201 -1.60447E-21
  1202 -2.82684E-21
  1203 -3.70240E-21
  1204 -4.26644E-21
  1205 -4.55422E-21
  1206 -4.60104E-21
  1207 -4.44216E-21
  1208 -4.11288E-21
  1209 -3.64846E-21
  1210 -3.08421E-21
  1211 -2.45538E-21
  1212 -1.79726E-21
  1213 -1.14514E-21
  1214 -5.34294E-22
  1215  0.00000E+00
  1216  4.29915E-22
  1217  7.57449E-22
  1218  9.92056E-22
  1219  1.14319E-21
  1220  1.22030E-21
  1221  1.23284E-21
  1222  1.19027E-21
  1223  1.10204E-21
  1224  9.77603E-22
  1225  8.26410E-22
  1226  6.57916E-22
  1227  4.81575E-22
  1228  3.06840E-22
  1229  1.43164E-22
  1230  0.00000E+00
  1231 -1.15195E-22
  1232 -2.02958E-22
  1233 -2.65821E-22
  1234 -3.06316E-22
  1235 -3.26978E-22
  1236 -3.30339E-22
  1237 -3.18933E-22
  1238 -2.95291E-22
  1239 -2.61948E-22
  1240 -2.21436E-22
  1241 -1.76288E-22
  1242 -1.29038E-22
  1243 -8.22175E-23
  1244 -3.83606E-23
  1245  0.00000E+00
  1246  3.08665E-23
  1247  5.43824E-23
  1248  7.12264E-23
  1249  8.20772E-23
  1250  8.76136E-23
  1251  8.85142E-23
  1252  8.54578E-23
  1253  7.91230E-23
  1254  7.01887E-23
  1255  5.93336E-23
  1256  4.72363E-23
  1257  3.45756E-23
  1258  2.20301E-23
  1259  1.02787E-23
  1260  0.00000E+00
  1261 -8.27066E-24
  1262 -1.45717E-23
  1263 -1.90851E-23
  1264 -2.19925E-23
  1265 -2.34760E-23
  1266 -2.37173E-23
  1267 -2.28983E-23
  1268 -2.12010E-23
  1269 -1.88070E-23
  1270 -1.58984E-23
  1271 -1.26569E-23
  1272 -9.26449E-24
  1273 -5.90295E-24
  1274 -2.75417E-24
  1275  0.00000E+00
  1276  2.21612E-24
  1277  3.90448E-24
  1278  5.11383E-24
  1279  5.89288E-24
  1280  6.29037E-24
  1281  6.35503E-24
  1282  6.13559E-24
  1283  5.68078E-24
  1284  5.03933E-24
  1285  4.25996E-24
  1286  3.39141E-24
  1287  2.48241E-24
  1288  1.58169E-24
  1289  7.37976E-25
  1290  0.00000E+00
  1291 -5.93806E-25
  1292 -1.04620E-24
  1293 -1.37025E-24
  1294 -1.57899E-24
  1295 -1.68550E-24
  1296 -1.70283E-24
  1297 -1.64403E-24
  1298 -1.52216E-24
  1299 -1.35028E-24
  1300 -1.14145E-24
  1301 -9.08726E-25
  1302 -6.65160E-25
  1303 -4.23813E-25
  1304 -1.97740E-25
  1305  0.00000E+00
  1306  1.59110E-25
  1307  2.80329E-25
  1308  3.67156E-25
  1309  4.23090E-25
  1310  4.51628E-25
  1311  4.56271E-25
  1312  4.40516E-25
  1313  4.07861E-25
  1314  3.61807E-25
  1315  3.05851E-25
  1316  2.43492E-25
  1317  1.78229E-25
  1318  1.13560E-25
  1319  5.29843E-26
  1320  0.00000E+00
  1321 -4.26334E-26
  1322 -7.51139E-26
  1323 -9.83792E-26
  1324 -1.13367E-25
  1325 -1.21013E-25
  1326 -1.22257E-25
  1327 -1.18036E-25
  1328 -1.09286E-25
  1329 -9.69460E-26
  1330 -8.19526E-26
  1331 -6.52436E-26
  1332 -4.77564E-26
  1333 -3.04284E-26
  1334 -1.41971E-26
  1335  0.00000E+00
  1336  1.14236E-26
  1337  2.01267E-26
  1338  2.63606E-26
  1339  3.03765E-26
  1340  3.24254E-26
  1341  3.27588E-26
  1342  3.16276E-26
  1343  2.92831E-26
  1344  2.59766E-26
  1345  2.19591E-26
  1346  1.74820E-26
  1347  1.27963E-26
  1348  8.15326E-27
  1349  3.80410E-27
  1350  0.00000E+00
  1351 -3.06094E-27
  1352 -5.39294E-27
  1353 -7.06331E-27
  1354 -8.13935E-27
  1355 -8.68837E-27
  1356 -8.77768E-27
  1357 -8.47459E-27
  1358 -7.84639E-27
  1359 -6.96041E-27
  1360 -5.88393E-27
  1361 -4.68428E-27
  1362 -3.42875E-27
  1363 -2.18466E-27
  1364 -1.01931E-27
  1365  0.00000E+00
  1366  8.20176E-28
  1367  1.44503E-27
  1368  1.89261E-27
  1369  2.18093E-27
  1370  2.32804E-27
  1371  2.35197E-27
  1372  2.27076E-27
  1373  2.10243E-27
  1374  1.86503E-27
  1375  1.57659E-27
  1376  1.25515E-27
  1377  9.18731E-28
  1378  5.85378E-28
  1379  2.73122E-28
  1380  0.00000E+00
  1381 -2.19766E-28
  1382 -3.87196E-28
  1383 -5.07123E-28
  1384 -5.84379E-28
  1385 -6.23797E-28
  1386 -6.30209E-28
  1387 -6.08448E-28
  1388 -5.63346E-28
  1389 -4.99735E-28
  1390 -4.22447E-28
  1391 -3.36316E-28
  1392 -2.46173E-28
  1393 -1.56851E-28
  1394 -7.31829E-29
  1395  0.00000E+00
  1396  5.88860E-29
  1397  1.03749E-28
  1398  1.35883E-28
  1399  1.56584E-28
  1400  1.67146E-28
  1401  1.68864E-28
  1402  1.63033E-28
  1403  1.50948E-28
  1404  1.33903E-28
  1405  1.13194E-28
  1406  9.01156E-29
  1407  6.59619E-29
  1408  4.20282E-29
  1409  1.96093E-29
  1410  0.00000E+00
  1411 -1.57785E-29
  1412 -2.77994E-29
  1413 -3.64098E-29
  1414 -4.19565E-29
  1415 -4.47866E-29
  1416 -4.52470E-29
  1417 -4.36846E-29
  1418 -4.04464E-29
  1419 -3.58793E-29
  1420 -3.03303E-29
  1421 -2.41464E-29
  1422 -1.76744E-29
  1423 -1.12614E-29
  1424 -5.25429E-30
  1425  0.00000E+00
  1426  4.22782E-30
  1427  7.44882E-30
  1428  9.75597E-30
  1429  1.12422E-29
  1430  1.20005E-29
  1431  1.21239E-29
  1432  1.17053E-29
  1433  1.08376E-29
  1434  9.61384E-30
  1435  8.12699E-30
  1436  6.47001E-30
  1437  4.73585E-30
  1438  3.01749E-30
  1439  1.40788E-30
  1440  0.00000E+00
  1441 -1.13284E-30
  1442 -1.99591E-30
  1443 -2.61410E-30
  1444 -3.01234E-30
  1445 -3.21553E-30
  1446 -3.24859E-30
  1447 -3.13641E-30
  1448 -2.90392E-30
  1449 -2.57602E-30
  1450 -2.17762E-30
  1451 -1.73363E-30
  1452 -1.26897E-30
  1453 -8.08534E-31
  1454 -3.77241E-31
  1455  0.00000E+00
  1456  3.03544E-31
  1457  5.34801E-31
  1458  7.00447E-31
  1459  8.07155E-31
  1460  8.61600E-31
  1461  8.70456E-31
  1462  8.40399E-31
  1463  7.78103E-31
  1464  6.90242E-31
  1465  5.83492E-31
  1466  4.64526E-31
  1467  3.40019E-31
  1468  2.16646E-31
  1469  1.01082E-31
  1470  0.00000E+00
  1471 -8.13344E-32
  1472 -1.43300E-31
  1473 -1.87684E-31
  1474 -2.16277E-31
  1475 -2.30865E-31
  1476 -2.33238E-31
  1477 -2.25184E-31
  1478 -2.08492E-31
  1479 -1.84950E-31
  1480 -1.56346E-31
  1481 -1.24469E-31
  1482 -9.11078E-32
  1483 -5.80501E-32
  1484 -2.70847E-32
  1485  0.00000E+00
  1486  2.17935E-32
  1487  3.83970E-32
  1488  5.02898E-32
  1489  5.79511E-32
  1490  6.18601E-32
  1491  6.24960E-32
  1492  6.03380E-32
  1493  5.58653E-32
  1494  4.95572E-32
  1495  4.18928E-32
  1496  3.33515E-32
  1497  2.44123E-32
  1498  1.55545E-32
  1499  7.25733E-33
  1500  0.00000E+00
  1501 -5.83955E-33
  1502 -1.02884E-32
  1503 -1.34751E-32
  1504 -1.55280E-32
  1505 -1.65754E-32
  1506 -1.67457E-32
  1507 -1.61675E-32
  1508 -1.49691E-32
  1509 -1.32788E-32
  1510 -1.12251E-32
  1511 -8.93649E-33
  1512 -6.54125E-33
  1513 -4.16781E-33
  1514 -1.94459E-33
  1515  0.00000E+00
  1516  1.56470E-33
  1517  2.75678E-33
  1518  3.61065E-33
  1519  4.16070E-33
  1520  4.44135E-33
  1521  4.48701E-33
  1522  4.33207E-33
  1523  4.01095E-33
  1524  3.55804E-33
  1525  3.00777E-33
  1526  2.39453E-33
  1527  1.75272E-33
  1528  1.11676E-33
  1529  5.21053E-34
  1530  0.00000E+00
  1531 -4.19261E-34
  1532 -7.38677E-34
  1533 -9.67470E-34
  1534 -1.11486E-33
  1535 -1.19006E-33
  1536 -1.20229E-33
  1537 -1.16077E-33
  1538 -1.07473E-33
  1539 -9.53375E-34
  1540 -8.05929E-34
  1541 -6.41611E-34
  1542 -4.69640E-34
  1543 -2.99235E-34
  1544 -1.39616E-34
  1545  0.00000E+00
  1546  1.12341E-34
  1547  1.97928E-34
  1548  2.59233E-34
  1549  2.98725E-34
  1550  3.18875E-34
  1551  3.22153E-34
  1552  3.11029E-34
  1553  2.87973E-34
  1554  2.55456E-34
  1555  2.15948E-34
  1556  1.71919E-34
  1557  1.25840E-34
  1558  8.01799E-35
  1559  3.74099E-35
  1560  0.00000E+00
  1561 -3.01016E-35
  1562 -5.30347E-35
  1563 -6.94612E-35
  1564 -8.00431E-35
  1565 -8.54423E-35
  1566 -8.63206E-35
  1567 -8.33399E-35
  1568 -7.71622E-35
  1569 -6.84493E-35
  1570 -5.78632E-35
  1571 -4.60657E-35
  1572 -3.37187E-35
  1573 -2.14842E-35
  1574 -1.00240E-35
  1575  0.00000E+00
  1576  8.06571E-36
  1577  1.42106E-35
  1578  1.86121E-35
  1579  2.14476E-35
  1580  2.28943E-35
  1581  2.31296E-35
  1582  2.23310E-35
  1583  2.06757E-35
  1584  1.83411E-35
  1585  1.55045E-35
  1586  1.23434E-35
  1587  9.03502E-36
  1588  5.75676E-36
  1589  2.68597E-36
  1590  0.00000E+00
  1591 -2.16127E-36
  1592 -3.80787E-36
  1593 -4.98733E-36
  1594 -5.74716E-36
  1595 -6.13489E-36
  1596 -6.19802E-36
  1597 -5.98408E-36
  1598 -5.54059E-36
  1599 -4.91505E-36
  1600 -4.15499E-36
  1601 -3.30793E-36
  1602 -2.42139E-36
  1603 -1.54287E-36
  1604 -7.19901E-37
  1605  0.00000E+00
  1606  5.79357E-37
  1607  1.02085E-36
  1608  1.33718E-36
  1609  1.54108E-36
  1610  1.64527E-36
  1611  1.66244E-36
  1612  1.60533E-36
  1613  1.48665E-36
  1614  1.31911E-36
  1615  1.11543E-36
  1616  8.88332E-37
  1617  6.50521E-37
  1618  4.14719E-37
  1619  1.93639E-37
  1620  0.00000E+00
  1621 -1.81147E-37
  1622 -2.75512E-37
  1623 -3.61401E-37
  1624 -4.17172E-37
  1625 -4.46174E-37
  1626 -4.51751E-37
  1627 -4.37250E-37
  1628 -4.06018E-37
  1629 -3.61401E-37
  1630 -3.06744E-37
  1631 -2.45396E-37
  1632 -1.80700E-37
  1633 -1.16005E-37
  1634 -5.46563E-38
  1635  0.00000E+00
  1636  4.52866E-38
  1637  8.12036E-38
  1638  1.08420E-37
  1639  1.27606E-37
  1640  1.09541E-37
  1641  1.10667E-37
  1642  1.06846E-37
  1643  9.89258E-38
  1644  8.77554E-38
  1645  7.41835E-38
  1646  5.90585E-38
  1647  7.22801E-38
  1648  4.93022E-38
  1649  0.00000E+00
  1650  0.00000E+00
  1651  0.00000E+00
  1652  0.00000E+00
  1653  0.00000E+00
  1654 -3.41918E-38
  1655 -3.73600E-38
  1656 -3.87348E-38
  1657 -3.84957E-38
  1658 -3.68220E-38
  1659 -3.38930E-38
  1660 -2.98880E-38
  1661  0.00000E+00
  1662  0.00000E+00
  1663  0.00000E+00
  1664  0.00000E+00
  1665  0.00000E+00
  1666  0.00000E+00
  1667  0.00000E+00
  1668  0.00000E+00
  1669  0.00000E+00
  1670  0.00000E+00
  1671  0.00000E+00
  1672  0.00000E+00
  1673  0.00000E+00
  1674  0.00000E+00
  1675  0.00000E+00
  1676  0.00000E+00
  1677  0.00000E+00
  1678  0.00000E+00
  1679  0.00000E+00
  1680  0.00000E+00
  1681  0.00000E+00
  1682  0.00000E+00
  1683  0.00000E+00
  1684  0.00000E+00
  1685  0.00000E+00
  1686  0.00000E+00
  1687  0.00000E+00
  1688  0.00000E+00
  1689  0.00000E+00
  1690  0.00000E+00
  1691  0.00000E+00
  1692  0.00000E+00
  1693  0.00000E+00
  1694  0.00000E+00
  1695  0.00000E+00
  1696  0.00000E+00
  1697  0.00000E+00
  1698  0.00000E+00
  1699  0.00000E+00
  1700  0.00000E+00
  1701  0.00000E+00
  1702  0.00000E+00
  1703  0.00000E+00
  1704  0.00000E+00
  1705  0.00000E+00
  1706  0.00000E+00
  1707  0.00000E+00
  1708  0.00000E+00
  1709  0.00000E+00
  1710  0.00000E+00
  1711  0.00000E+00
  1712  0.00000E+00
  1713  0.00000E+00
  1714  0.00000E+00
  1715  0.00000E+00
  1716  0.00000E+00
  1717  0.00000E+00
  1718  0.00000E+00
  1719  0.00000E+00
  1720  0.00000E+00
  1721  0.00000E+00
  1722  0.00000E+00
  1723  0.00000E+00
  1724  0.00000E+00
  1725  0.00000E+00
  1726  0.00000E+00
  1727  0.00000E+00
  1728  0.00000E+00
  1729  0.00000E+00
  1730  0.00000E+00
  1731  0.00000E+00
  1732  0.00000E+00
  1733  0.00000E+00
  1734  0.00000E+00
  1735  0.00000E+00
  1736  0.00000E+00
  1737  0.00000E+00
  1738  0.00000E+00
  1739  0.00000E+00
  1740  0.00000E+00
  1741  0.00000E+00
  1742  0.00000E+00
  1743  0.00000E+00
  1744  0.00000E+00
  1745  0.00000E+00
  1746  0.00000E+00
  1747  0.00000E+00
  1748  0.00000E+00
  1749  0.00000E+00
  1750  0.00000E+00
  1751  0.00000E+00
  1752  0.00000E+00
  1753  0.00000E+00
  1754  0.00000E+00
  1755  0.00000E+00
  1756  0.00000E+00
  1757  0.00000E+00
  1758  0.00000E+00
  1759  0.00000E+00
  1760  0.00000E+00
  1761  0.00000E+00
  1762  0.00000E+00
  1763  0.00000E+00
  1764  0.00000E+00
  1765  0.00000E+00
  1766  0.00000E+00
  1767  0.00000E+00
  1768  0.00000E+00
  1769  0.00000E+00
  1770  0.00000E+00
  1771  0.00000E+00
  1772  0.00000E+00
  1773  0.00000E+00
  1774  0.00000E+00
  1775  0.00000E+00
  1776  0.00000E+00
  1777  0.00000E+00
  1778  0.00000E+00
  1779  0.00000E+00
  1780  0.00000E+00
  1781  0.00000E+00
  1782  0.00000E+00
  1783  0.00000E+00
  1784  0.00000E+00
  1785  0.00000E+00
  1786  0.00000E+00
  1787  0.00000E+00
  1788  0.00000E+00
  1789  0.00000E+00
  1790  0.00000E+00
  1791  0.00000E+00
  1792  0.00000E+00
  1793  0.00000E+00
  1794  0.00000E+00
  1795  0.00000E+00
  1796  0.00000E+00
  1797  0.00000E+00
  1798  0.00000E+00
  1799  0.00000E+00
  1800  0.00000E+00
  1801  0.00000E+00
  1802  0.00000E+00
  1803  0.00000E+00
  1804  0.00000E+00
  1805  0.00000E+00
  1806  0.00000E+00
  1807  0.00000E+00
  1808  0.00000E+00
  1809  0.00000E+00
  1810  0.00000E+00
  1811  0.00000E+00
  1812  0.00000E+00
  1813  0.00000E+00
  1814  0.00000E+00
  1815  0.00000E+00
  1816  0.00000E+00
  1817  0.00000E+00
  1818  0.00000E+00
  1819  0.00000E+00
  1820  0.00000E+00
  1821  0.00000E+00
  1822  0.00000E+00
  1823  0.00000E+00
  1824  0.00000E+00
  1825  0.00000E+00
  1826  0.00000E+00
  1827  0.00000E+00
  1828  0.00000E+00
  1829  0.00000E+00
  1830  0.00000E+00
  1831  0.00000E+00
  1832  0.00000E+00
  1833  0.00000E+00
  1834  0.00000E+00
  1835  0.00000E+00
  1836  0.00000E+00
  1837  0.00000E+00
  1838  0.00000E+00
  1839  0.00000E+00
  1840  0.00000E+00
  1841  0.00000E+00
  1842  0.00000E+00
  1843  0.00000E+00
  1844  0.00000E+00
  1845  0.00000E+00
  1846  0.00000E+00
  1847  0.00000E+00
  1848  0.00000E+00
  1849  0.00000E+00
  1850  0.00000E+00
  1851  0.00000E+00
  1852  0.00000E+00
  1853  0.00000E+00
  1854  0.00000E+00
  1855  0.00000E+00
  1856  0.00000E+00
  1857  0.00000E+00
  1858  0.00000E+00
  1859  0.00000E+00
  1860  0.00000E+00
  1861  0.00000E+00
  1862  0.00000E+00
  1863  0.00000E+00
  1864  0.00000E+00
  1865  0.00000E+00
  1866  0.00000E+00
  1867  0.00000E+00
  1868  0.00000E+00
  1869  0.00000E+00
  1870  0.00000E+00
  1871  0.00000E+00
  1872  0.00000E+00
  1873  0.00000E+00
  1874  0.00000E+00
  1875  0.00000E+00
  1876  0.00000E+00
  1877  0.00000E+00
  1878  0.00000E+00
  1879  0.00000E+00
  1880  0.00000E+00
  1881  0.00000E+00
  1882  0.00000E+00
  1883  0.00000E+00
  1884  0.00000E+00
  1885  0.00000E+00
  1886  0.00000E+00
  1887  0.00000E+00
  1888  0.00000E+00
  1889  0.00000E+00
  1890  0.00000E+00
  1891  0.00000E+00
  1892  0.00000E+00
  1893  0.00000E+00
  1894  0.00000E+00
  1895  0.00000E+00
  1896  0.00000E+00
  1897  0.00000E+00
  1898  0.00000E+00
  1899  0.00000E+00
  1900  0.00000E+00
  1901  0.00000E+00
  1902  0.00000E+00
  1903  0.00000E+00
  1904  0.00000E+00
  1905  0.00000E+00
  1906  0.00000E+00
  1907  0.00000E+00
  1908  0.00000E+00
  1909  0.00000E+00
  1910  0.00000E+00
  1911  0.00000E+00
  1912  0.00000E+00
  1913  0.00000E+00
  1914  0.00000E+00
  1915  0.00000E+00
  1916  0.00000E+00
  1917  0.00000E+00
  1918  0.00000E+00
  1919  0.00000E+00
  1920  0.00000E+00
  1921  0.00000E+00
  1922  0.00000E+00
  1923  0.00000E+00
  1924  0.00000E+00
  1925  0.00000E+00
  1926  0.00000E+00
  1927  0.00000E+00
  1928  0.00000E+00
  1929  0.00000E+00
  1930  0.00000E+00
  1931  0.00000E+00
  1932  0.00000E+00
  1933  0.00000E+00
  1934  0.00000E+00
  1935  0.00000E+00
  1936  0.00000E+00
  1937  0.00000E+00
  1938  0.00000E+00
  1939  0.00000E+00
  1940  0.00000E+00
  1941  0.00000E+00
  1942  0.00000E+00
  1943  0.00000E+00
  1944  0.00000E+00
  1945  0.00000E+00
  1946  0.00000E+00
  1947  0.00000E+00
  1948  0.00000E+00
  1949  0.00000E+00
  1950  0.00000E+00
  1951  0.00000E+00
  1952  0.00000E+00
  1953  0.00000E+00
  1954  0.00000E+00
  1955  0.00000E+00
  1956  0.00000E+00
  1957  0.00000E+00
  1958  0.00000E+00
  1959  0.00000E+00
  1960  0.00000E+00
  1961  0.00000E+00
  1962  0.00000E+00
  1963  0.00000E+00
  1964  0.00000E+00
  1965  0.00000E+00
  1966  0.00000E+00
  1967  0.00000E+00
  1968  0.00000E+00
  1969  0.00000E+00
  1970  0.00000E+00
  1971  0.00000E+00
  1972  0.00000E+00
  1973  0.00000E+00
  1974  0.00000E+00
  1975  0.00000E+00
  1976  0.00000E+00
  1977  0.00000E+00
  1978  0.00000E+00
  1979  0.00000E+00
  1980  0.00000E+00
  1981  0.00000E+00
  1982  0.00000E+00
  1983  0.00000E+00
  1984  0.00000E+00
  1985  0.00000E+00
  1986  0.00000E+00
  1987  0.00000E+00
  1988  0.00000E+00
  1989  0.00000E+00
  1990  0.00000E+00
  1991  0.00000E+00
  1992  0.00000E+00
  1993  0.00000E+00
  1994  0.00000E+00
  1995  0.00000E+00
  1996  0.00000E+00
  1997  0.00000E+00
  1998  0.00000E+00
  1999  0.00000E+00
  2000  0.00000E+00
  2001  0.00000E+00
  2002  0.00000E+00
  2003  0.00000E+00
  2004  0.00000E+00
  2005  0.00000E+00
  2006  0.00000E+00
  2007  0.00000E+00
  2008  0.00000E+00
  2009  0.00000E+00
  2010  0.00000E+00
  2011  0.00000E+00
  2012  0.00000E+00
  2013  0.00000E+00
  2014  0.00000E+00
  2015  0.00000E+00
  2016  0.00000E+00
  2017  0.00000E+00
  2018  0.00000E+00
  2019  0.00000E+00
  2020  0.00000E+00
  2021  0.00000E+00
  2022  0.00000E+00
  2023  0.00000E+00
  2024  0.00000E+00
  2025  0.00000E+00
  2026  0.00000E+00
  2027  0.00000E+00
  2028  0.00000E+00
  2029  0.00000E+00
  2030  0.00000E+00
  2031  0.00000E+00
  2032  0.00000E+00
  2033  0.00000E+00
  2034  0.00000E+00
  2035  0.00000E+00
  2036  0.00000E+00
  2037  0.00000E+00
  2038  0.00000E+00
  2039  0.00000E+00
  2040  0.00000E+00
  2041  0.00000E+00
  2042  0.00000E+00
  2043  0.00000E+00
  2044  0.00000E+00
  2045  0.00000E+00
  2046  0.00000E+00
  2047  0.00000E+00
  2048  0.00000E+00
  2049  0.00000E+00
  2050  0.00000E+00
  2051  0.00000E+00
  2052  0.00000E+00
  2053  0.00000E+00
  2054  0.00000E+00
  2055  0.00000E+00
  2056  0.00000E+00
  2057  0.00000E+00
  2058  0.00000E+00
  2059  0.00000E+00
  2060  0.00000E+00
  2061  0.00000E+00
  2062  0.00000E+00
  2063  0.00000E+00
  2064  0.00000E+00
  2065  0.00000E+00
  2066  0.00000E+00
  2067  0.00000E+00
  2068  0.00000E+00
  2069  0.00000E+00
  2070  0.00000E+00
  2071  0.00000E+00
  2072  0.00000E+00
  2073  0.00000E+00
  2074  0.00000E+00
  2075  0.00000E+00
  2076  0.00000E+00
  2077  0.00000E+00
  2078  0.00000E+00
  2079  0.00000E+00
  2080  0.00000E+00
  2081  0.00000E+00
  2082  0.00000E+00
  2083  0.00000E+00
  2084  0.00000E+00
  2085  0.00000E+00
  2086  0.00000E+00
  2087  0.00000E+00
  2088  0.00000E+00
  2089  0.00000E+00
  2090  0.00000E+00
  2091  0.00000E+00
  2092  0.00000E+00
  2093  0.00000E+00
  2094  0.00000E+00
  2095  0.00000E+00
  2096  0.00000E+00
  2097  0.00000E+00
  2098  0.00000E+00
  2099  0.00000E+00
  2100  0.00000E+00
  2101  0.00000E+00
  2102  0.00000E+00
  2103  0.00000E+00
  2104  0.00000E+00
  2105  0.00000E+00
  2106  0.00000E+00
  2107  0.00000E+00
  2108  0.00000E+00
  2109  0.00000E+00
  2110  0.00000E+00
  2111  0.00000E+00
  2112  0.00000E+00
  2113  0.00000E+00
  2114  0.00000E+00
  2115  0.00000E+00
  2116  0.00000E+00
  2117  0.00000E+00
  2118  0.00000E+00
  2119  0.00000E+00
  2120  0.00000E+00
  2121  0.00000E+00
  2122  0.00000E+00
  2123  0.00000E+00
  2124  0.00000E+00
  2125  0.00000E+00
  2126  0.00000E+00
  2127  0.00000E+00
  2128  0.00000E+00
  2129  0.00000E+00
  2130  0.00000E+00
  2131  0.00000E+00
  2132  0.00000E+00
  2133  0.00000E+00
  2134  0.00000E+00
  2135  0.00000E+00
  2136  0.00000E+00
  2137  0.00000E+00
  2138  0.00000E+00
  2139  0.00000E+00
  2140  0.00000E+00
  2141  0.00000E+00
  2142  0.00000E+00
  2143  0.00000E+00
  2144  0.00000E+00
  2145  0.00000E+00
  2146  0.00000E+00
  2147  0.00000E+00
  2148  0.00000E+00
  2149  0.00000E+00
  2150  0.00000E+00
  2151  0.00000E+00
  2152  0.00000E+00
  2153  0.00000E+00
  2154  0.00000E+00
  2155  0.00000E+00
  2156  0.00000E+00
  2157  0.00000E+00
  2158  0.00000E+00
  2159  0.00000E+00
  2160  0.00000E+00
  2161  0.00000E+00
  2162  0.00000E+00
  2163  0.00000E+00
  2164  0.00000E+00
  2165  0.00000E+00
  2166  0.00000E+00
  2167  0.00000E+00
  2168  0.00000E+00
  2169  0.00000E+00
  2170  0.00000E+00
  2171  0.00000E+00
  2172  0.00000E+00
  2173  0.00000E+00
  2174  0.00000E+00
  2175  0.00000E+00
  2176  0.00000E+00
  2177  0.00000E+00
  2178  0.00000E+00
  2179  0.00000E+00
  2180  0.00000E+00
  2181  0.00000E+00
  2182  0.00000E+00
  2183  0.00000E+00
  2184  0.00000E+00
  2185  0.00000E+00
  2186  0.00000E+00
  2187  0.00000E+00
  2188  0.00000E+00
  2189  0.00000E+00
  2190  0.00000E+00
  2191  0.00000E+00
  2192  0.00000E+00
  2193  0.00000E+00
  2194  0.00000E+00
  2195  0.00000E+00
  2196  0.00000E+00
  2197  0.00000E+00
  2198  0.00000E+00
  2199  0.00000E+00
  2200  0.00000E+00
  2201  0.00000E+00
  2202  0.00000E+00
  2203  0.00000E+00
  2204  0.00000E+00
  2205  0.00000E+00
  2206  0.00000E+00
  2207  0.00000E+00
  2208  0.00000E+00
  2209  0.00000E+00
  2210  0.00000E+00
  2211  0.00000E+00
  2212  0.00000E+00
  2213  0.00000E+00
  2214  0.00000E+00
  2215  0.00000E+00
  2216  0.00000E+00
  2217  0.00000E+00
  2218  0.00000E+00
  2219  0.00000E+00
  2220  0.00000E+00
  2221  0.00000E+00
  2222  0.00000E+00
  2223  0.00000E+00
  2224  0.00000E+00
  2225  0.00000E+00
  2226  0.00000E+00
  2227  0.00000E+00
  2228  0.00000E+00
  2229  0.00000E+00
  2230  0.00000E+00
  2231  0.00000E+00
  2232  0.00000E+00
  2233  0.00000E+00
  2234  0.00000E+00
  2235  0.00000E+00
  2236  0.00000E+00
  2237  0.00000E+00
  2238  0.00000E+00
  2239  0.00000E+00
  2240  0.00000E+00
  2241  0.00000E+00
  2242  0.00000E+00
  2243  0.00000E+00
  2244  0.00000E+00
  2245  0.00000E+00
  2246  0.00000E+00
  2247  0.00000E+00
  2248  0.00000E+00
  2249  0.00000E+00
  2250  0.00000E+00
  2251  0.00000E+00
  2252  0.00000E+00
  2253  0.00000E+00
  2254  0.00000E+00
  2255  0.00000E+00
  2256  0.00000E+00
  2257  0.00000E+00
  2258  0.00000E+00
  2259  0.00000E+00
  2260  0.00000E+00
  2261  0.00000E+00
  2262  0.00000E+00
  2263  0.00000E+00
  2264  0.00000E+00
  2265  0.00000E+00
  2266  0.00000E+00
  2267  0.00000E+00
  2268  0.00000E+00
  2269  0.00000E+00
  2270  0.00000E+00
  2271  0.00000E+00
  2272  0.00000E+00
  2273  0.00000E+00
  2274  0.00000E+00
  2275  0.00000E+00
  2276  0.00000E+00
  2277  0.00000E+00
  2278  0.00000E+00
  2279  0.00000E+00
  2280  0.00000E+00
  2281  0.00000E+00
  2282  0.00000E+00
  2283  0.00000E+00
  2284  0.00000E+00
  2285  0.00000E+00
  2286  0.00000E+00
  2287  0.00000E+00
  2288  0.00000E+00
  2289  0.00000E+00
  2290  0.00000E+00
  2291  0.00000E+00
  2292  0.00000E+00
  2293  0.00000E+00
  2294  0.00000E+00
  2295  0.00000E+00
  2296  0.00000E+00
  2297  0.00000E+00
  2298  0.00000E+00
  2299  0.00000E+00
  2300  0.00000E+00
  2301  0.00000E+00
  2302  0.00000E+00
  2303  0.00000E+00
  2304  0.00000E+00
  2305  0.00000E+00
  2306  0.00000E+00
  2307  0.00000E+00
  2308  0.00000E+00
  2309  0.00000E+00
  2310  0.00000E+00
  2311  0.00000E+00
  2312  0.00000E+00
  2313  0.00000E+00
  2314  0.00000E+00
  2315  0.00000E+00
  2316  0.00000E+00
  2317  0.00000E+00
  2318  0.00000E+00
  2319  0.00000E+00
  2320  0.00000E+00
  2321  0.00000E+00
  2322  0.00000E+00
  2323  0.00000E+00
  2324  0.00000E+00
  2325  0.00000E+00
  2326  0.00000E+00
  2327  0.00000E+00
  2328  0.00000E+00
  2329  0.00000E+00
  2330  0.00000E+00
  2331  0.00000E+00
  2332  0.00000E+00
  2333  0.00000E+00
  2334  0.00000E+00
  2335  0.00000E+00
  2336  0.00000E+00
  2337  0.00000E+00
  2338  0.00000E+00
  2339  0.00000E+00
  2340  0.00000E+00
  2341  0.00000E+00
  2342  0.00000E+00
  2343  0.00000E+00
  2344  0.00000E+00
  2345  0.00000E+00
  2346  0.00000E+00
  2347  0.00000E+00
  2348  0.00000E+00
  2349  0.00000E+00
  2350  0.00000E+00
  2351  0.00000E+00
  2352  0.00000E+00
  2353  0.00000E+00
  2354  0.00000E+00
  2355  0.00000E+00
  2356  0.00000E+00
  2357  0.00000E+00
  2358  0.00000E+00
  2359  0.00000E+00
  2360  0.00000E+00
  2361  0.00000E+00
  2362  0.00000E+00
  2363  0.00000E+00
  2364  0.00000E+00
  2365  0.00000E+00
  2366  0.00000E+00
  2367  0.00000E+00
  2368  0.00000E+00
  2369  0.00000E+00
  2370  0.00000E+00
  2371  0.00000E+00
  2372  0.00000E+00
  2373  0.00000E+00
  2374  0.00000E+00
  2375  0.00000E+00
  2376  0.00000E+00
  2377  0.00000E+00
  2378  0.00000E+00
  2379  0.00000E+00
  2380  0.00000E+00
  2381  0.00000E+00
  2382  0.00000E+00
  2383  0.00000E+00
  2384  0.00000E+00
  2385  0.00000E+00
  2386  0.00000E+00
  2387  0.00000E+00
  2388  0.00000E+00
  2389  0.00000E+00
  2390  0.00000E+00
  2391  0.00000E+00
  2392  0.00000E+00
  2393  0.00000E+00
  2394  0.00000E+00
  2395  0.00000E+00
  2396  0.00000E+00
  2397  0.00000E+00
  2398  0.00000E+00
  2399  0.00000E+00
  2400  0.00000E+00
  2401  0.00000E+00
  2402  0.00000E+00
  2403  0.00000E+00
  2404  0.00000E+00
  2405  0.00000E+00
  2406  0.00000E+00
  2407  0.00000E+00
  2408  0.00000E+00
  2409  0.00000E+00
  2410  0.00000E+00
  2411  0.00000E+00
  2412  0.00000E+00
  2413  0.00000E+00
  2414  0.00000E+00
  2415  0.00000E+00
  2416  0.00000E+00
  2417  0.00000E+00
  2418  0.00000E+00
  2419  0.00000E+00
  2420  0.00000E+00
  2421  0.00000E+00
  2422  0.00000E+00
  2423  0.00000E+00
  2424  0.00000E+00
  2425  0.00000E+00
  2426  0.00000E+00
  2427  0.00000E+00
  2428  0.00000E+00
  2429  0.00000E+00
  2430  0.00000E+00
  2431  0.00000E+00
  2432  0.00000E+00
  2433  0.00000E+00
  2434  0.00000E+00
  2435  0.00000E+00
  2436  0.00000E+00
  2437  0.00000E+00
  2438  0.00000E+00
  2439  0.00000E+00
  2440  0.00000E+00
  2441  0.00000E+00
  2442  0.00000E+00
  2443  0.00000E+00
  2444  0.00000E+00
  2445  0.00000E+00
  2446  0.00000E+00
  2447  0.00000E+00
  2448  0.00000E+00
  2449  0.00000E+00
  2450  0.00000E+00
  2451  0.00000E+00
  2452  0.00000E+00
  2453  0.00000E+00
  2454  0.00000E+00
  2455  0.00000E+00
  2456  0.00000E+00
  2457  0.00000E+00
  2458  0.00000E+00
  2459  0.00000E+00
  2460  0.00000E+00
  2461  0.00000E+00
  2462  0.00000E+00
  2463  0.00000E+00
  2464  0.00000E+00
  2465  0.00000E+00
  2466  0.00000E+00
  2467  0.00000E+00
  2468  0.00000E+00
  2469  0.00000E+00
  2470  0.00000E+00
  2471  0.00000E+00
  2472  0.00000E+00
  2473  0.00000E+00
  2474  0.00000E+00
  2475  0.00000E+00
  2476  0.00000E+00
  2477  0.00000E+00
  2478  0.00000E+00
  2479  0.00000E+00
  2480  0.00000E+00
  2481  0.00000E+00
  2482  0.00000E+00
  2483  0.00000E+00
  2484  0.00000E+00
  2485  0.00000E+00
  2486  0.00000E+00
  2487  0.00000E+00
  2488  0.00000E+00
  2489  0.00000E+00
  2490  0.00000E+00
  2491  0.00000E+00
  2492  0.00000E+00
  2493  0.00000E+00
  2494  0.00000E+00
  2495  0.00000E+00
  2496  0.00000E+00
  2497  0.00000E+00
  2498  0.00000E+00
  2499  0.00000E+00
  2500  0.00000E+00
  2501  0.00000E+00
  2502  0.00000E+00
  2503  0.00000E+00
  2504  0.00000E+00
  2505  0.00000E+00
  2506  0.00000E+00
  2507  0.00000E+00
  2508  0.00000E+00
  2509  0.00000E+00
  2510  0.00000E+00
  2511  0.00000E+00
  2512  0.00000E+00
  2513  0.00000E+00
  2514  0.00000E+00
  2515  0.00000E+00
  2516  0.00000E+00
  2517  0.00000E+00
  2518  0.00000E+00
  2519  0.00000E+00
  2520  0.00000E+00
  2521  0.00000E+00
  2522  0.00000E+00
  2523  0.00000E+00
  2524  0.00000E+00
  2525  0.00000E+00
  2526  0.00000E+00
  2527  0.00000E+00
  2528  0.00000E+00
  2529  0.00000E+00
  2530  0.00000E+00
  2531  0.00000E+00
  2532  0.00000E+00
  2533  0.00000E+00
  2534  0.00000E+00
  2535  0.00000E+00
  2536  0.00000E+00
  2537  0.00000E+00
  2538  0.00000E+00
  2539  0.00000E+00
  2540  0.00000E+00
  2541  0.00000E+00
  2542  0.00000E+00
  2543  0.00000E+00
  2544  0.00000E+00
  2545  0.00000E+00
  2546  0.00000E+00
  2547  0.00000E+00
  2548  0.00000E+00
  2549  0.00000E+00
  2550  0.00000E+00
  2551  0.00000E+00
  2552  0.00000E+00
  2553  0.00000E+00
  2554  0.00000E+00
  2555  0.00000E+00
  2556  0.00000E+00
  2557  0.00000E+00
  2558  0.00000E+00
  2559  0.00000E+00
  2560  0.00000E+00
  2561  0.00000E+00
  2562  0.00000E+00
  2563  0.00000E+00
  2564  0.00000E+00
  2565  0.00000E+00
  2566  0.00000E+00
  2567  0.00000E+00
  2568  0.00000E+00
  2569  0.00000E+00
  2570  0.00000E+00
  2571  0.00000E+00
  2572  0.00000E+00
  2573  0.00000E+00
  2574  0.00000E+00
  2575  0.00000E+00
  2576  0.00000E+00
  2577  0.00000E+00
  2578  0.00000E+00
  2579  0.00000E+00
  2580  0.00000E+00
  2581  0.00000E+00
  2582  0.00000E+00
  2583  0.00000E+00
  2584  0.00000E+00
  2585  0.00000E+00
  2586  0.00000E+00
  2587  0.00000E+00
  2588  0.00000E+00
  2589  0.00000E+00
  2590  0.00000E+00
  2591  0.00000E+00
  2592  0.00000E+00
  2593  0.00000E+00
  2594  0.00000E+00
  2595  0.00000E+00
  2596  0.00000E+00
  2597  0.00000E+00
  2598  0.00000E+00
  2599  0.00000E+00
  2600  0.00000E+00
  2601  0.00000E+00
  2602  0.00000E+00
  2603  0.00000E+00
  2604  0.00000E+00
  2605  0.00000E+00
  2606  0.00000E+00
  2607  0.00000E+00
  2608  0.00000E+00
  2609  0.00000E+00
  2610  0.00000E+00
  2611  0.00000E+00
  2612  0.00000E+00
  2613  0.00000E+00
  2614  0.00000E+00
  2615  0.00000E+00
  2616  0.00000E+00
  2617  0.00000E+00
  2618  0.00000E+00
  2619  0.00000E+00
  2620  0.00000E+00
  2621  0.00000E+00
  2622  0.00000E+00
  2623  0.00000E+00
  2624  0.00000E+00
  2625  0.00000E+00
  2626  0.00000E+00
  2627  0.00000E+00
  2628  0.00000E+00
  2629  0.00000E+00
  2630  0.00000E+00
  2631  0.00000E+00
  2632  0.00000E+00
  2633  0.00000E+00
  2634  0.00000E+00
  2635  0.00000E+00
  2636  0.00000E+00
  2637  0.00000E+00
  2638  0.00000E+00
  2639  0.00000E+00
  2640  0.00000E+00
  2641  0.00000E+00
  2642  0.00000E+00
  2643  0.00000E+00
  2644  0.00000E+00
  2645  0.00000E+00
  2646  0.00000E+00
  2647  0.00000E+00
  2648  0.00000E+00
  2649  0.00000E+00
  2650  0.00000E+00
  2651  0.00000E+00
  2652  0.00000E+00
  2653  0.00000E+00
  2654  0.00000E+00
  2655  0.00000E+00
  2656  0.00000E+00
  2657  0.00000E+00
  2658  0.00000E+00
  2659  0.00000E+00
  2660  0.00000E+00
  2661  0.00000E+00
  2662  0.00000E+00
  2663  0.00000E+00
  2664  0.00000E+00
  2665  0.00000E+00
  2666  0.00000E+00
  2667  0.00000E+00
  2668  0.00000E+00
  2669  0.00000E+00
  2670  0.00000E+00
  2671  0.00000E+00
  2672  0.00000E+00
  2673  0.00000E+00
  2674  0.00000E+00
  2675  0.00000E+00
  2676  0.00000E+00
  2677  0.00000E+00
  2678  0.00000E+00
  2679  0.00000E+00
  2680  0.00000E+00
  2681  0.00000E+00
  2682  0.00000E+00
  2683  0.00000E+00
  2684  0.00000E+00
  2685  0.00000E+00
  2686  0.00000E+00
  2687  0.00000E+00
  2688  0.00000E+00
  2689  0.00000E+00
  2690  0.00000E+00
  2691  0.00000E+00
  2692  0.00000E+00
  2693  0.00000E+00
  2694  0.00000E+00
  2695  0.00000E+00
  2696  0.00000E+00
  2697  0.00000E+00
  2698  0.00000E+00
  2699  0.00000E+00
  2700  0.00000E+00
  2701  0.00000E+00
  2702  0.00000E+00
  2703  0.00000E+00
  2704  0.00000E+00
  2705  0.00000E+00
  2706  0.00000E+00
  2707  0.00000E+00
  2708  0.00000E+00
  2709  0.00000E+00
  2710  0.00000E+00
  2711  0.00000E+00
  2712  0.00000E+00
  2713  0.00000E+00
  2714  0.00000E+00
  2715  0.00000E+00
  2716  0.00000E+00
  2717  0.00000E+00
  2718  0.00000E+00
  2719  0.00000E+00
  2720  0.00000E+00
  2721  0.00000E+00
  2722  0.00000E+00
  2723  0.00000E+00
  2724  0.00000E+00
  2725  0.00000E+00
  2726  0.00000E+00
  2727  0.00000E+00
  2728  0.00000E+00
  2729  0.00000E+00
  2730  0.00000E+00
  2731  0.00000E+00
  2732  0.00000E+00
  2733  0.00000E+00
  2734  0.00000E+00
  2735  0.00000E+00
  2736  0.00000E+00
  2737  0.00000E+00
  2738  0.00000E+00
  2739  0.00000E+00
  2740  0.00000E+00
  2741  0.00000E+00
  2742  0.00000E+00
  2743  0.00000E+00
  2744  0.00000E+00
  2745  0.00000E+00
  2746  0.00000E+00
  2747  0.00000E+00
  2748  0.00000E+00
  2749  0.00000E+00
  2750  0.00000E+00
  2751  0.00000E+00
  2752  0.00000E+00
  2753  0.00000E+00
  2754  0.00000E+00
  2755  0.00000E+00
  2756  0.00000E+00
  2757  0.00000E+00
  2758  0.00000E+00
  2759  0.00000E+00
  2760  0.00000E+00
  2761  0.00000E+00
  2762  0.00000E+00
  2763  0.00000E+00
  2764  0.00000E+00
  2765  0.00000E+00
  2766  0.00000E+00
  2767  0.00000E+00
  2768  0.00000E+00
  2769  0.00000E+00
  2770  0.00000E+00
  2771  0.00000E+00
  2772  0.00000E+00
  2773  0.00000E+00
  2774  0.00000E+00
  2775  0.00000E+00
  2776  0.00000E+00
  2777  0.00000E+00
  2778  0.00000E+00
  2779  0.00000E+00
  2780  0.00000E+00
  2781  0.00000E+00
  2782  0.00000E+00
  2783  0.00000E+00
  2784  0.00000E+00
  2785  0.00000E+00
  2786  0.00000E+00
  2787  0.00000E+00
  2788  0.00000E+00
  2789  0.00000E+00
  2790  0.00000E+00
  2791  0.00000E+00
  2792  0.00000E+00
  2793  0.00000E+00
  2794  0.00000E+00
  2795  0.00000E+00
  2796  0.00000E+00
  2797  0.00000E+00
  2798  0.00000E+00
  2799  0.00000E+00
  2800  0.00000E+00
  2801  0.00000E+00
  2802  0.00000E+00
  2803  0.00000E+00
  2804  0.00000E+00
  2805  0.00000E+00
  2806  0.00000E+00
  2807  0.00000E+00
  2808  0.00000E+00
  2809  0.00000E+00
  2810  0.00000E+00
  2811  0.00000E+00
  2812  0.00000E+00
  2813  0.00000E+00
  2814  0.00000E+00
  2815  0.00000E+00
  2816  0.00000E+00
  2817  0.00000E+00
  2818  0.00000E+00
  2819  0.00000E+00
  2820  0.00000E+00
  2821  0.00000E+00
  2822  0.00000E+00
  2823  0.00000E+00
  2824  0.00000E+00
  2825  0.00000E+00
  2826  0.00000E+00
  2827  0.00000E+00
  2828  0.00000E+00
  2829  0.00000E+00
  2830  0.00000E+00
  2831  0.00000E+00
  2832  0.00000E+00
  2833  0.00000E+00
  2834  0.00000E+00
  2835  0.00000E+00
  2836  0.00000E+00
  2837  0.00000E+00
  2838  0.00000E+00
  2839  0.00000E+00
  2840  0.00000E+00
  2841  0.00000E+00
  2842  0.00000E+00
  2843  0.00000E+00
  2844  0.00000E+00
  2845  0.00000E+00
  2846  0.00000E+00
  2847  0.00000E+00
  2848  0.00000E+00
  2849  0.00000E+00
  2850  0.00000E+00
  2851  0.00000E+00
  2852  0.00000E+00
  2853  0.00000E+00
  2854  0.00000E+00
  2855  0.00000E+00
  2856  0.00000E+00
  2857  0.00000E+00
  2858  0.00000E+00
  2859  0.00000E+00
  2860  0.00000E+00
  2861  0.00000E+00
  2862  0.00000E+00
  2863  0.00000E+00
  2864  0.00000E+00
  2865  0.00000E+00
  2866  0.00000E+00
  2867  0.00000E+00
  2868  0.00000E+00
  2869  0.00000E+00
  2870  0.00000E+00
  2871  0.00000E+00
  2872  0.00000E+00
  2873  0.00000E+00
  2874  0.00000E+00
  2875  0.00000E+00
  2876  0.00000E+00
  2877  0.00000E+00
  2878  0.00000E+00
  2879  0.00000E+00
  2880  0.00000E+00
  2881  0.00000E+00
  2882  0.00000E+00
  2883  0.00000E+00
  2884  0.00000E+00
  2885  0.00000E+00
  2886  0.00000E+00
  2887  0.00000E+00
  2888  0.00000E+00
  2889  0.00000E+00
  2890  0.00000E+00
  2891  0.00000E+00
  2892  0.00000E+00
  2893  0.00000E+00
  2894  0.00000E+00
  2895  0.00000E+00
  2896  0.00000E+00
  2897  0.00000E+00
  2898  0.00000E+00
  2899  0.00000E+00
  2900  0.00000E+00
  2901  0.00000E+00
  2902  0.00000E+00
  2903  0.00000E+00
  2904  0.00000E+00
  2905  0.00000E+00
  2906  0.00000E+00
  2907  0.00000E+00
  2908  0.00000E+00
  2909  0.00000E+00
  2910  0.00000E+00
  2911  0.00000E+00
  2912  0.00000E+00
  2913  0.00000E+00
  2914  0.00000E+00
  2915  0.00000E+00
  2916  0.00000E+00
  2917  0.00000E+00
  2918  0.00000E+00
  2919  0.00000E+00
  2920  0.00000E+00
  2921  0.00000E+00
  2922  0.00000E+00
  2923  0.00000E+00
  2924  0.00000E+00
  2925  0.00000E+00
  2926  0.00000E+00
  2927  0.00000E+00
  2928  0.00000E+00
  2929  0.00000E+00
  2930  0.00000E+00
  2931  2.92583E-38
  2932  3.17868E-38
  2933  3.32317E-38
  2934  3.34381E-38
  2935  3.22512E-38
  2936  2.95163E-38
  2937  0.00000E+00
  2938  0.00000E+00
  2939  0.00000E+00
  2940  0.00000E+00
  2941  0.00000E+00
  2942 -4.25604E-38
  2943 -6.23963E-38
  2944 -5.09826E-38
  2945 -6.40393E-38
  2946 -7.57554E-38
  2947 -8.53983E-38
  2948 -9.22354E-38
  2949 -9.55343E-38
  2950 -1.20363E-37
  2951 -1.10156E-37
  2952 -9.35944E-38
  2953 -7.00995E-38
  2954 -3.90940E-38
  2955  0.00000E+00
  2956  4.14030E-38
  2957  8.87382E-38
  2958  1.39272E-37
  2959  1.90270E-37
  2960  2.38998E-37
  2961  2.82723E-37
  2962  3.18711E-37
  2963  3.44227E-37
  2964  3.56539E-37
  2965  3.52911E-37
  2966  3.30610E-37
  2967  2.86903E-37
  2968  2.19055E-37
  2969  1.45901E-37
  2970  0.00000E+00
  2971 -1.54518E-37
  2972 -3.31175E-37
  2973 -5.19769E-37
  2974 -7.10096E-37
  2975 -8.91953E-37
  2976 -1.05514E-36
  2977 -1.18945E-36
  2978 -1.28467E-36
  2979 -1.33062E-36
  2980 -1.31708E-36
  2981 -1.23385E-36
  2982 -1.07074E-36
  2983 -8.17523E-37
  2984 -4.64012E-37
  2985  0.00000E+00
  2986  5.76669E-37
  2987  1.23596E-36
  2988  1.93980E-36
  2989  2.65011E-36
  2990  3.32881E-36
  2991  3.93783E-36
  2992  4.43907E-36
  2993  4.79447E-36
  2994  4.96594E-36
  2995  4.91542E-36
  2996  4.60481E-36
  2997  3.99604E-36
  2998  3.05104E-36
  2999  1.73172E-36
  3000  0.00000E+00
  3001 -2.15216E-36
  3002 -4.61268E-36
  3003 -7.23945E-36
  3004 -9.89036E-36
  3005 -1.24233E-35
  3006 -1.46962E-35
  3007 -1.65668E-35
  3008 -1.78932E-35
  3009 -1.85332E-35
  3010 -1.83446E-35
  3011 -1.71854E-35
  3012 -1.49134E-35
  3013 -1.13866E-35
  3014 -6.46285E-36
  3015  0.00000E+00
  3016  8.03196E-36
  3017  1.72147E-35
  3018  2.70180E-35
  3019  3.69113E-35
  3020  4.63644E-35
  3021  5.48468E-35
  3022  6.18283E-35
  3023  6.67783E-35
  3024  6.91667E-35
  3025  6.84629E-35
  3026  6.41367E-35
  3027  5.56577E-35
  3028  4.24955E-35
  3029  2.41197E-35
  3030  0.00000E+00
  3031 -3.03940E-35
  3032 -6.75926E-35
  3033 -1.12126E-34
  3034 -1.64525E-34
  3035 -2.25320E-34
  3036 -2.95041E-34
  3037 -3.74218E-34
  3038 -4.63382E-34
  3039 -5.63064E-34
  3040 -6.73792E-34
  3041 -7.96100E-34
  3042 -9.30514E-34
  3043 -1.07757E-33
  3044 -1.23779E-33
  3045 -1.41171E-33
