2	0.0000e+00	0.0000e+00	6.1988e-07	0.0000e+00
3	0.0000e+00	0.0000e+00	1.9502e-06	0.0000e+00
4	0.0000e+00	0.0000e+00	4.0587e-06	0.0000e+00
5	0.0000e+00	0.0000e+00	6.8616e-06	0.0000e+00
6	0.0000e+00	0.0000e+00	1.0129e-05	0.0000e+00
7	0.0000e+00	0.0000e+00	1.3517e-05	0.0000e+00
8	0.0000e+00	0.0000e+00	1.6611e-05	0.0000e+00
9	0.0000e+00	0.0000e+00	1.8994e-05	0.0000e+00
10	0.0000e+00	0.0000e+00	2.0310e-05	0.0000e+00
11	0.0000e+00	0.0000e+00	2.0316e-05	0.0000e+00
12	0.0000e+00	0.0000e+00	1.8926e-05	0.0000e+00
13	0.0000e+00	0.0000e+00	1.6233e-05	0.0000e+00
14	0.0000e+00	0.0000e+00	1.2491e-05	0.0000e+00
15	0.0000e+00	0.0000e+00	8.0937e-06	0.0000e+00
16	0.0000e+00	0.0000e+00	3.5148e-06	0.0000e+00
17	0.0000e+00	0.0000e+00	-7.5382e-07	0.0000e+00
18	0.0000e+00	0.0000e+00	-4.2689e-06	0.0000e+00
19	0.0000e+00	0.0000e+00	-6.6958e-06	0.0000e+00
20	0.0000e+00	0.0000e+00	-7.8511e-06	0.0000e+00
21	0.0000e+00	0.0000e+00	-7.7236e-06	0.0000e+00
22	0.0000e+00	0.0000e+00	-6.4699e-06	0.0000e+00
23	0.0000e+00	0.0000e+00	-4.3857e-06	0.0000e+00
24	0.0000e+00	0.0000e+00	-1.8580e-06	0.0000e+00
25	0.0000e+00	0.0000e+00	6.9381e-07	0.0000e+00
26	0.0000e+00	0.0000e+00	2.8805e-06	0.0000e+00
27	0.0000e+00	0.0000e+00	4.3972e-06	0.0000e+00
28	0.0000e+00	0.0000e+00	5.0642e-06	0.0000e+00
29	0.0000e+00	0.0000e+00	4.8455e-06	0.0000e+00
30	0.0000e+00	0.0000e+00	3.8460e-06	0.0000e+00
31	0.0000e+00	0.0000e+00	2.2868e-06	0.0000e+00
32	0.0000e+00	0.0000e+00	4.6323e-07	0.0000e+00
33	0.0000e+00	0.0000e+00	-1.3057e-06	0.0000e+00
34	0.0000e+00	0.0000e+00	-2.7302e-06	0.0000e+00
35	0.0000e+00	0.0000e+00	-3.5942e-06	0.0000e+00
36	0.0000e+00	0.0000e+00	-3.7871e-06	0.0000e+00
37	0.0000e+00	0.0000e+00	-3.3160e-06	0.0000e+00
38	0.0000e+00	0.0000e+00	-2.2989e-06	0.0000e+00
39	0.0000e+00	0.0000e+00	-9.3942e-07	0.0000e+00
40	0.0000e+00	0.0000e+00	5.1100e-07	0.0000e+00
41	0.0000e+00	0.0000e+00	1.7977e-06	0.0000e+00
42	0.0000e+00	0.0000e+00	2.7056e-06	0.0000e+00
43	0.0000e+00	0.0000e+00	3.0945e-06	0.0000e+00
44	0.0000e+00	0.0000e+00	2.9193e-06	0.0000e+00
45	0.0000e+00	0.0000e+00	2.2346e-06	0.0000e+00
46	0.0000e+00	0.0000e+00	1.1811e-06	0.0000e+00
47	0.0000e+00	0.0000e+00	-4.1584e-08	0.0000e+00
48	0.0000e+00	0.0000e+00	-1.2114e-06	0.0000e+00
49	0.0000e+00	0.0000e+00	-2.1231e-06	0.0000e+00
50	0.0000e+00	0.0000e+00	-2.6236e-06	0.0000e+00
51	0.0000e+00	0.0000e+00	-2.6369e-06	0.0000e+00
52	0.0000e+00	0.0000e+00	-2.1755e-06	0.0000e+00
53	0.0000e+00	0.0000e+00	-1.3353e-06	0.0000e+00
54	0.0000e+00	0.0000e+00	-2.7697e-07	0.0000e+00
55	0.0000e+00	0.0000e+00	8.0414e-07	0.0000e+00
56	0.0000e+00	0.0000e+00	1.7133e-06	0.0000e+00
57	0.0000e+00	0.0000e+00	2.2909e-06	0.0000e+00
58	0.0000e+00	0.0000e+00	2.4399e-06	0.0000e+00
59	0.0000e+00	0.0000e+00	2.1421e-06	0.0000e+00
60	0.0000e+00	0.0000e+00	1.4598e-06	0.0000e+00
61	0.0000e+00	0.0000e+00	5.2306e-07	0.0000e+00
62	0.0000e+00	0.0000e+00	-4.9404e-07	0.0000e+00
63	0.0000e+00	0.0000e+00	-1.4057e-06	0.0000e+00
64	0.0000e+00	0.0000e+00	-2.0477e-06	0.0000e+00
65	0.0000e+00	0.0000e+00	-2.3065e-06	0.0000e+00
66	0.0000e+00	0.0000e+00	-2.1393e-06	0.0000e+00
67	0.0000e+00	0.0000e+00	-1.5810e-06	0.0000e+00
68	0.0000e+00	0.0000e+00	-7.3709e-07	0.0000e+00
69	0.0000e+00	0.0000e+00	2.3601e-07	0.0000e+00
70	0.0000e+00	0.0000e+00	1.1593e-06	0.0000e+00
71	0.0000e+00	0.0000e+00	1.8639e-06	0.0000e+00
72	0.0000e+00	0.0000e+00	2.2216e-06	0.0000e+00
73	0.0000e+00	0.0000e+00	2.1680e-06	0.0000e+00
74	0.0000e+00	0.0000e+00	1.7138e-06	0.0000e+00
75	0.0000e+00	0.0000e+00	9.4310e-07	0.0000e+00
76	0.0000e+00	0.0000e+00	-2.1871e-09	0.0000e+00
77	0.0000e+00	0.0000e+00	-9.4809e-07	0.0000e+00
78	0.0000e+00	0.0000e+00	-1.7202e-06	0.0000e+00
79	0.0000e+00	0.0000e+00	-2.1756e-06	0.0000e+00
80	0.0000e+00	0.0000e+00	-2.2289e-06	0.0000e+00
81	0.0000e+00	0.0000e+00	-1.8683e-06	0.0000e+00
82	0.0000e+00	0.0000e+00	-1.1581e-06	0.0000e+00
83	0.0000e+00	0.0000e+00	-2.2727e-07	0.0000e+00
84	0.0000e+00	0.0000e+00	7.5354e-07	0.0000e+00
85	0.0000e+00	0.0000e+00	1.6030e-06	0.0000e+00
86	0.0000e+00	0.0000e+00	2.1621e-06	0.0000e+00
87	0.0000e+00	0.0000e+00	2.3241e-06	0.0000e+00
88	0.0000e+00	0.0000e+00	2.0541e-06	0.0000e+00
89	0.0000e+00	0.0000e+00	1.3968e-06	0.0000e+00
90	0.0000e+00	0.0000e+00	4.6902e-07	0.0000e+00
91	0.0000e+00	0.0000e+00	-5.6049e-07	0.0000e+00
92	0.0000e+00	0.0000e+00	-1.5016e-06	0.0000e+00
93	0.0000e+00	0.0000e+00	-2.1776e-06	0.0000e+00
94	0.0000e+00	0.0000e+00	-2.4575e-06	0.0000e+00
95	0.0000e+00	0.0000e+00	-2.2819e-06	0.0000e+00
96	0.0000e+00	0.0000e+00	-1.6745e-06	0.0000e+00
97	0.0000e+00	0.0000e+00	-7.3984e-07	0.0000e+00
98	0.0000e+00	0.0000e+00	3.5434e-07	0.0000e+00
99	0.0000e+00	0.0000e+00	1.4070e-06	0.0000e+00
100	0.0000e+00	0.0000e+00	2.2202e-06	0.0000e+00
101	0.0000e+00	0.0000e+00	2.6358e-06	0.0000e+00
102	0.0000e+00	0.0000e+00	2.5655e-06	0.0000e+00
103	0.0000e+00	0.0000e+00	2.0098e-06	0.0000e+00
104	0.0000e+00	0.0000e+00	1.0594e-06	0.0000e+00
105	0.0000e+00	0.0000e+00	-1.1851e-07	0.0000e+00
106	0.0000e+00	0.0000e+00	-1.3095e-06	0.0000e+00
107	0.0000e+00	0.0000e+00	-2.2902e-06	0.0000e+00
108	0.0000e+00	0.0000e+00	-2.8693e-06	0.0000e+00
109	0.0000e+00	0.0000e+00	-2.9247e-06	0.0000e+00
110	0.0000e+00	0.0000e+00	-2.4282e-06	0.0000e+00
111	0.0000e+00	0.0000e+00	-1.4540e-06	0.0000e+00
112	0.0000e+00	0.0000e+00	-1.6854e-07	0.0000e+00
113	0.0000e+00	0.0000e+00	1.1974e-06	0.0000e+00
114	0.0000e+00	0.0000e+00	2.3889e-06	0.0000e+00
115	0.0000e+00	0.0000e+00	3.1742e-06	0.0000e+00
116	0.0000e+00	0.0000e+00	3.3882e-06	0.0000e+00
117	0.0000e+00	0.0000e+00	2.9666e-06	0.0000e+00
118	0.0000e+00	0.0000e+00	1.9616e-06	0.0000e+00
119	0.0000e+00	0.0000e+00	5.3789e-07	0.0000e+00
120	0.0000e+00	0.0000e+00	-1.0540e-06	0.0000e+00
121	0.0000e+00	0.0000e+00	-2.5200e-06	0.0000e+00
122	0.0000e+00	0.0000e+00	-3.5758e-06	0.0000e+00
123	0.0000e+00	0.0000e+00	-4.0008e-06	0.0000e+00
124	0.0000e+00	0.0000e+00	-3.6820e-06	0.0000e+00
125	0.0000e+00	0.0000e+00	-2.6413e-06	0.0000e+00
126	0.0000e+00	0.0000e+00	-1.0380e-06	0.0000e+00
127	0.0000e+00	0.0000e+00	8.5348e-07	0.0000e+00
128	0.0000e+00	0.0000e+00	2.6889e-06	0.0000e+00
129	0.0000e+00	0.0000e+00	4.1150e-06	0.0000e+00
130	0.0000e+00	0.0000e+00	4.8349e-06	0.0000e+00
131	0.0000e+00	0.0000e+00	4.6680e-06	0.0000e+00
132	0.0000e+00	0.0000e+00	3.5905e-06	0.0000e+00
133	0.0000e+00	0.0000e+00	1.7498e-06	0.0000e+00
134	0.0000e+00	0.0000e+00	-5.5199e-07	0.0000e+00
135	0.0000e+00	0.0000e+00	-2.9048e-06	0.0000e+00
136	0.0000e+00	0.0000e+00	-4.8606e-06	0.0000e+00
137	0.0000e+00	0.0000e+00	-6.0151e-06	0.0000e+00
138	0.0000e+00	0.0000e+00	-6.0871e-06	0.0000e+00
139	0.0000e+00	0.0000e+00	-4.9808e-06	0.0000e+00
140	0.0000e+00	0.0000e+00	-2.8176e-06	0.0000e+00
141	0.0000e+00	0.0000e+00	6.9556e-08	0.0000e+00
142	0.0000e+00	0.0000e+00	3.1823e-06	0.0000e+00
143	0.0000e+00	0.0000e+00	5.9376e-06	0.0000e+00
144	0.0000e+00	0.0000e+00	7.7705e-06	0.0000e+00
145	0.0000e+00	0.0000e+00	8.2428e-06	0.0000e+00
146	0.0000e+00	0.0000e+00	7.1372e-06	0.0000e+00
147	0.0000e+00	0.0000e+00	4.5191e-06	0.0000e+00
148	0.0000e+00	0.0000e+00	7.5075e-07	0.0000e+00
149	0.0000e+00	0.0000e+00	-3.5482e-06	0.0000e+00
150	0.0000e+00	0.0000e+00	-7.5924e-06	0.0000e+00
151	0.0000e+00	0.0000e+00	-1.0562e-05	0.0000e+00
152	0.0000e+00	0.0000e+00	-1.1755e-05	0.0000e+00
153	0.0000e+00	0.0000e+00	-1.0735e-05	0.0000e+00
154	0.0000e+00	0.0000e+00	-7.4401e-06	0.0000e+00
155	0.0000e+00	0.0000e+00	-2.2448e-06	0.0000e+00
156	0.0000e+00	0.0000e+00	4.0621e-06	0.0000e+00
157	0.0000e+00	0.0000e+00	1.0373e-05	0.0000e+00
158	0.0000e+00	0.0000e+00	1.5432e-05	0.0000e+00
159	0.0000e+00	0.0000e+00	1.8053e-05	0.0000e+00
160	0.0000e+00	0.0000e+00	1.7354e-05	0.0000e+00
161	0.0000e+00	0.0000e+00	1.2973e-05	0.0000e+00
162	0.0000e+00	0.0000e+00	5.2148e-06	0.0000e+00
163	0.0000e+00	0.0000e+00	-4.9029e-06	0.0000e+00
164	0.0000e+00	0.0000e+00	-1.5724e-05	0.0000e+00
165	0.0000e+00	0.0000e+00	-2.5159e-05	0.0000e+00
166	0.0000e+00	0.0000e+00	-3.1010e-05	0.0000e+00
167	0.0000e+00	0.0000e+00	-3.1365e-05	0.0000e+00
168	0.0000e+00	0.0000e+00	-2.5024e-05	0.0000e+00
169	0.0000e+00	0.0000e+00	-1.1874e-05	0.0000e+00
170	0.0000e+00	0.0000e+00	6.8547e-06	0.0000e+00
171	0.0000e+00	0.0000e+00	2.8506e-05	0.0000e+00
172	0.0000e+00	0.0000e+00	4.9163e-05	0.0000e+00
173	0.0000e+00	0.0000e+00	6.4069e-05	0.0000e+00
174	0.0000e+00	0.0000e+00	6.8295e-05	0.0000e+00
175	0.0000e+00	0.0000e+00	5.7633e-05	0.0000e+00
176	0.0000e+00	0.0000e+00	2.9615e-05	0.0000e+00
177	0.0000e+00	0.0000e+00	-1.5427e-05	0.0000e+00
178	0.0000e+00	0.0000e+00	-7.3393e-05	0.0000e+00
179	0.0000e+00	0.0000e+00	-1.3566e-04	0.0000e+00
180	0.0000e+00	0.0000e+00	-1.8868e-04	0.0000e+00
181	0.0000e+00	0.0000e+00	-2.1395e-04	0.0000e+00
182	0.0000e+00	0.0000e+00	-1.8856e-04	0.0000e+00
183	0.0000e+00	0.0000e+00	-8.6172e-05	0.0000e+00
184	0.0000e+00	0.0000e+00	1.2153e-04	0.0000e+00
185	0.0000e+00	0.0000e+00	4.6297e-04	0.0000e+00
186	0.0000e+00	0.0000e+00	9.6461e-04	0.0000e+00
187	0.0000e+00	0.0000e+00	1.6488e-03	0.0000e+00
188	0.0000e+00	0.0000e+00	2.5317e-03	0.0000e+00
189	0.0000e+00	0.0000e+00	3.6214e-03	0.0000e+00
190	0.0000e+00	0.0000e+00	4.9171e-03	0.0000e+00
191	0.0000e+00	0.0000e+00	6.4075e-03	0.0000e+00
192	0.0000e+00	0.0000e+00	8.0716e-03	0.0000e+00
193	0.0000e+00	0.0000e+00	9.8791e-03	0.0000e+00
194	0.0000e+00	0.0000e+00	1.1792e-02	0.0000e+00
195	0.0000e+00	0.0000e+00	1.3765e-02	0.0000e+00
196	0.0000e+00	0.0000e+00	1.5750e-02	0.0000e+00
197	0.0000e+00	0.0000e+00	1.7699e-02	0.0000e+00
198	0.0000e+00	0.0000e+00	1.9565e-02	0.0000e+00
199	0.0000e+00	0.0000e+00	2.1305e-02	0.0000e+00
200	0.0000e+00	0.0000e+00	2.2884e-02	0.0000e+00
201	0.0000e+00	0.0000e+00	2.4275e-02	0.0000e+00
202	0.0000e+00	0.0000e+00	2.5462e-02	0.0000e+00
203	0.0000e+00	0.0000e+00	2.6438e-02	0.0000e+00
204	0.0000e+00	0.0000e+00	2.7208e-02	0.0000e+00
205	0.0000e+00	0.0000e+00	2.7786e-02	0.0000e+00
206	0.0000e+00	0.0000e+00	2.8195e-02	0.0000e+00
207	0.0000e+00	0.0000e+00	2.8461e-02	0.0000e+00
208	0.0000e+00	0.0000e+00	2.8617e-02	0.0000e+00
209	0.0000e+00	0.0000e+00	2.8693e-02	0.0000e+00
210	0.0000e+00	0.0000e+00	2.8720e-02	0.0000e+00
211	0.0000e+00	0.0000e+00	2.8725e-02	0.0000e+00
212	0.0000e+00	0.0000e+00	2.8725e-02	0.0000e+00
213	0.0000e+00	0.0000e+00	2.8732e-02	0.0000e+00
214	0.0000e+00	0.0000e+00	2.8749e-02	0.0000e+00
215	0.0000e+00	0.0000e+00	2.8768e-02	0.0000e+00
216	0.0000e+00	0.0000e+00	2.8774e-02	0.0000e+00
217	0.0000e+00	0.0000e+00	2.8744e-02	0.0000e+00
218	0.0000e+00	0.0000e+00	2.8649e-02	0.0000e+00
219	0.0000e+00	0.0000e+00	2.8458e-02	0.0000e+00
220	0.0000e+00	0.0000e+00	2.8138e-02	0.0000e+00
221	0.0000e+00	0.0000e+00	2.7659e-02	0.0000e+00
222	0.0000e+00	0.0000e+00	2.6995e-02	0.0000e+00
223	0.0000e+00	0.0000e+00	2.6128e-02	0.0000e+00
224	0.0000e+00	0.0000e+00	2.5048e-02	0.0000e+00
225	0.0000e+00	0.0000e+00	2.3757e-02	0.0000e+00
226	0.0000e+00	0.0000e+00	2.2266e-02	0.0000e+00
227	0.0000e+00	0.0000e+00	2.0599e-02	0.0000e+00
228	0.0000e+00	0.0000e+00	1.8786e-02	0.0000e+00
229	0.0000e+00	0.0000e+00	1.6870e-02	0.0000e+00
230	0.0000e+00	0.0000e+00	1.4895e-02	0.0000e+00
231	0.0000e+00	0.0000e+00	1.2909e-02	0.0000e+00
232	0.0000e+00	0.0000e+00	1.0963e-02	0.0000e+00
233	0.0000e+00	0.0000e+00	9.1026e-03	0.0000e+00
234	0.0000e+00	0.0000e+00	7.3679e-03	0.0000e+00
235	0.0000e+00	0.0000e+00	5.7930e-03	0.0000e+00
236	0.0000e+00	0.0000e+00	4.4023e-03	0.0000e+00
237	0.0000e+00	0.0000e+00	3.2107e-03	0.0000e+00
238	0.0000e+00	0.0000e+00	2.2231e-03	0.0000e+00
239	0.0000e+00	0.0000e+00	1.4349e-03	0.0000e+00
240	0.0000e+00	0.0000e+00	8.3345e-04	0.0000e+00
241	0.0000e+00	0.0000e+00	3.9943e-04	0.0000e+00
242	0.0000e+00	0.0000e+00	1.0888e-04	0.0000e+00
243	0.0000e+00	0.0000e+00	-6.4762e-05	0.0000e+00
244	0.0000e+00	0.0000e+00	-1.4862e-04	0.0000e+00
245	0.0000e+00	0.0000e+00	-1.6856e-04	0.0000e+00
246	0.0000e+00	0.0000e+00	-1.4776e-04	0.0000e+00
247	0.0000e+00	0.0000e+00	-1.0563e-04	0.0000e+00
248	0.0000e+00	0.0000e+00	-5.7220e-05	0.0000e+00
249	0.0000e+00	0.0000e+00	-1.3082e-05	0.0000e+00
250	0.0000e+00	0.0000e+00	2.0474e-05	0.0000e+00
251	0.0000e+00	0.0000e+00	4.0809e-05	0.0000e+00
252	0.0000e+00	0.0000e+00	4.8172e-05	0.0000e+00
253	0.0000e+00	0.0000e+00	4.4810e-05	0.0000e+00
254	0.0000e+00	0.0000e+00	3.4086e-05	0.0000e+00
255	0.0000e+00	0.0000e+00	1.9683e-05	0.0000e+00
256	0.0000e+00	0.0000e+00	4.9700e-06	0.0000e+00
257	0.0000e+00	0.0000e+00	-7.4310e-06	0.0000e+00
258	0.0000e+00	0.0000e+00	-1.5878e-05	0.0000e+00
259	0.0000e+00	0.0000e+00	-1.9742e-05	0.0000e+00
260	0.0000e+00	0.0000e+00	-1.9290e-05	0.0000e+00
261	0.0000e+00	0.0000e+00	-1.5454e-05	0.0000e+00
262	0.0000e+00	0.0000e+00	-9.5508e-06	0.0000e+00
263	0.0000e+00	0.0000e+00	-2.9919e-06	0.0000e+00
264	0.0000e+00	0.0000e+00	2.9603e-06	0.0000e+00
265	0.0000e+00	0.0000e+00	7.3722e-06	0.0000e+00
266	0.0000e+00	0.0000e+00	9.7343e-06	0.0000e+00
267	0.0000e+00	0.0000e+00	9.9719e-06	0.0000e+00
268	0.0000e+00	0.0000e+00	8.3854e-06	0.0000e+00
269	0.0000e+00	0.0000e+00	5.5389e-06	0.0000e+00
270	0.0000e+00	0.0000e+00	2.1248e-06	0.0000e+00
271	0.0000e+00	0.0000e+00	-1.1724e-06	0.0000e+00
272	0.0000e+00	0.0000e+00	-3.7898e-06	0.0000e+00
273	0.0000e+00	0.0000e+00	-5.3635e-06	0.0000e+00
274	0.0000e+00	0.0000e+00	-5.7616e-06	0.0000e+00
275	0.0000e+00	0.0000e+00	-5.0738e-06	0.0000e+00
276	0.0000e+00	0.0000e+00	-3.5663e-06	0.0000e+00
277	0.0000e+00	0.0000e+00	-1.6125e-06	0.0000e+00
278	0.0000e+00	0.0000e+00	3.8520e-07	0.0000e+00
279	0.0000e+00	0.0000e+00	2.0677e-06	0.0000e+00
280	0.0000e+00	0.0000e+00	3.1758e-06	0.0000e+00
281	0.0000e+00	0.0000e+00	3.5824e-06	0.0000e+00
282	0.0000e+00	0.0000e+00	3.2984e-06	0.0000e+00
283	0.0000e+00	0.0000e+00	2.4546e-06	0.0000e+00
284	0.0000e+00	0.0000e+00	1.2647e-06	0.0000e+00
285	0.0000e+00	0.0000e+00	-2.0775e-08	0.0000e+00
286	0.0000e+00	0.0000e+00	-1.1627e-06	0.0000e+00
287	0.0000e+00	0.0000e+00	-1.9734e-06	0.0000e+00
288	0.0000e+00	0.0000e+00	-2.3437e-06	0.0000e+00
289	0.0000e+00	0.0000e+00	-2.2540e-06	0.0000e+00
290	0.0000e+00	0.0000e+00	-1.7677e-06	0.0000e+00
291	0.0000e+00	0.0000e+00	-1.0121e-06	0.0000e+00
292	0.0000e+00	0.0000e+00	-1.4897e-07	0.0000e+00
293	0.0000e+00	0.0000e+00	6.5671e-07	0.0000e+00
294	0.0000e+00	0.0000e+00	1.2665e-06	0.0000e+00
295	0.0000e+00	0.0000e+00	1.5902e-06	0.0000e+00
296	0.0000e+00	0.0000e+00	1.5968e-06	0.0000e+00
297	0.0000e+00	0.0000e+00	1.3147e-06	0.0000e+00
298	0.0000e+00	0.0000e+00	8.2114e-07	0.0000e+00
299	0.0000e+00	0.0000e+00	2.2367e-07	0.0000e+00
300	0.0000e+00	0.0000e+00	-3.6121e-07	0.0000e+00
301	0.0000e+00	0.0000e+00	-8.2963e-07	0.0000e+00
302	0.0000e+00	0.0000e+00	-1.1077e-06	0.0000e+00
303	0.0000e+00	0.0000e+00	-1.1618e-06	0.0000e+00
304	0.0000e+00	0.0000e+00	-1.0013e-06	0.0000e+00
305	0.0000e+00	0.0000e+00	-6.7316e-07	0.0000e+00
306	0.0000e+00	0.0000e+00	-2.5026e-07	0.0000e+00
307	0.0000e+00	0.0000e+00	1.8351e-07	0.0000e+00
308	0.0000e+00	0.0000e+00	5.4916e-07	0.0000e+00
309	0.0000e+00	0.0000e+00	7.8631e-07	0.0000e+00
310	0.0000e+00	0.0000e+00	8.6242e-07	0.0000e+00
311	0.0000e+00	0.0000e+00	7.7640e-07	0.0000e+00
312	0.0000e+00	0.0000e+00	5.5632e-07	0.0000e+00
313	0.0000e+00	0.0000e+00	2.5217e-07	0.0000e+00
314	0.0000e+00	0.0000e+00	-7.4794e-08	0.0000e+00
315	0.0000e+00	0.0000e+00	-3.6383e-07	0.0000e+00
316	0.0000e+00	0.0000e+00	-5.6555e-07	0.0000e+00
317	0.0000e+00	0.0000e+00	-6.4995e-07	0.0000e+00
318	0.0000e+00	0.0000e+00	-6.1031e-07	0.0000e+00
319	0.0000e+00	0.0000e+00	-4.6272e-07	0.0000e+00
320	0.0000e+00	0.0000e+00	-2.4158e-07	0.0000e+00
321	0.0000e+00	0.0000e+00	7.9204e-09	0.0000e+00
322	0.0000e+00	0.0000e+00	2.3864e-07	0.0000e+00
323	0.0000e+00	0.0000e+00	4.1013e-07	0.0000e+00
324	0.0000e+00	0.0000e+00	4.9539e-07	0.0000e+00
325	0.0000e+00	0.0000e+00	4.8485e-07	0.0000e+00
326	0.0000e+00	0.0000e+00	3.8686e-07	0.0000e+00
327	0.0000e+00	0.0000e+00	2.2501e-07	0.0000e+00
328	0.0000e+00	0.0000e+00	3.2884e-08	0.0000e+00
329	0.0000e+00	0.0000e+00	-1.5271e-07	0.0000e+00
330	0.0000e+00	0.0000e+00	-2.9853e-07	0.0000e+00
331	0.0000e+00	0.0000e+00	-3.8068e-07	0.0000e+00
332	0.0000e+00	0.0000e+00	-3.8832e-07	0.0000e+00
333	0.0000e+00	0.0000e+00	-3.2476e-07	0.0000e+00
334	0.0000e+00	0.0000e+00	-2.0603e-07	0.0000e+00
335	0.0000e+00	0.0000e+00	-5.7114e-08	0.0000e+00
336	0.0000e+00	0.0000e+00	9.3066e-08	0.0000e+00
337	0.0000e+00	0.0000e+00	2.1714e-07	0.0000e+00
338	0.0000e+00	0.0000e+00	2.9415e-07	0.0000e+00
339	0.0000e+00	0.0000e+00	3.1292e-07	0.0000e+00
340	0.0000e+00	0.0000e+00	2.7352e-07	0.0000e+00
341	0.0000e+00	0.0000e+00	1.8656e-07	0.0000e+00
342	0.0000e+00	0.0000e+00	7.0660e-08	0.0000e+00
343	0.0000e+00	0.0000e+00	-5.1400e-08	0.0000e+00
344	0.0000e+00	0.0000e+00	-1.5705e-07	0.0000e+00
345	0.0000e+00	0.0000e+00	-2.2799e-07	0.0000e+00
346	0.0000e+00	0.0000e+00	-2.5329e-07	0.0000e+00
347	0.0000e+00	0.0000e+00	-2.3092e-07	0.0000e+00
348	0.0000e+00	0.0000e+00	-1.6764e-07	0.0000e+00
349	0.0000e+00	0.0000e+00	-7.7262e-08	0.0000e+00
350	0.0000e+00	0.0000e+00	2.2249e-08	0.0000e+00
351	0.0000e+00	0.0000e+00	1.1225e-07	0.0000e+00
352	0.0000e+00	0.0000e+00	1.7685e-07	0.0000e+00
353	0.0000e+00	0.0000e+00	2.0564e-07	0.0000e+00
354	0.0000e+00	0.0000e+00	1.9530e-07	0.0000e+00
355	0.0000e+00	0.0000e+00	1.4982e-07	0.0000e+00
356	0.0000e+00	0.0000e+00	7.9346e-08	0.0000e+00
357	0.0000e+00	0.0000e+00	-1.9345e-09	0.0000e+00
358	0.0000e+00	0.0000e+00	-7.8622e-08	0.0000e+00
359	0.0000e+00	0.0000e+00	-1.3695e-07	0.0000e+00
360	0.0000e+00	0.0000e+00	-1.6723e-07	0.0000e+00
361	0.0000e+00	0.0000e+00	-1.6536e-07	0.0000e+00
362	0.0000e+00	0.0000e+00	-1.3333e-07	0.0000e+00
363	0.0000e+00	0.0000e+00	-7.8510e-08	0.0000e+00
364	0.0000e+00	0.0000e+00	-1.2070e-08	0.0000e+00
365	0.0000e+00	0.0000e+00	5.3267e-08	0.0000e+00
366	0.0000e+00	0.0000e+00	1.0562e-07	0.0000e+00
367	0.0000e+00	0.0000e+00	1.3605e-07	0.0000e+00
368	0.0000e+00	0.0000e+00	1.4008e-07	0.0000e+00
369	0.0000e+00	0.0000e+00	1.1825e-07	0.0000e+00
370	0.0000e+00	0.0000e+00	7.5818e-08	0.0000e+00
371	0.0000e+00	0.0000e+00	2.1153e-08	0.0000e+00
372	0.0000e+00	0.0000e+00	-3.4923e-08	0.0000e+00
373	0.0000e+00	0.0000e+00	-8.2261e-08	0.0000e+00
374	0.0000e+00	0.0000e+00	-1.1248e-07	0.0000e+00
375	0.0000e+00	0.0000e+00	-1.2099e-07	0.0000e+00
376	0.0000e+00	0.0000e+00	-1.0713e-07	0.0000e+00
377	0.0000e+00	0.0000e+00	-7.4571e-08	0.0000e+00
378	0.0000e+00	0.0000e+00	-3.0047e-08	0.0000e+00
379	0.0000e+00	0.0000e+00	1.7662e-08	0.0000e+00
380	0.0000e+00	0.0000e+00	5.9761e-08	0.0000e+00
381	0.0000e+00	0.0000e+00	8.8724e-08	0.0000e+00
382	0.0000e+00	0.0000e+00	9.9913e-08	0.0000e+00
383	0.0000e+00	0.0000e+00	9.2014e-08	0.0000e+00
384	0.0000e+00	0.0000e+00	6.7395e-08	0.0000e+00
385	0.0000e+00	0.0000e+00	3.1249e-08	0.0000e+00
386	0.0000e+00	0.0000e+00	-9.2230e-09	0.0000e+00
387	0.0000e+00	0.0000e+00	-4.6466e-08	0.0000e+00
388	0.0000e+00	0.0000e+00	-7.3729e-08	0.0000e+00
389	0.0000e+00	0.0000e+00	-8.6492e-08	0.0000e+00
390	0.0000e+00	0.0000e+00	-8.2976e-08	0.0000e+00
391	0.0000e+00	0.0000e+00	-6.4565e-08	0.0000e+00
392	0.0000e+00	0.0000e+00	-3.5206e-08	0.0000e+00
393	0.0000e+00	0.0000e+00	-7.8679e-10	0.0000e+00
394	0.0000e+00	0.0000e+00	3.2226e-08	0.0000e+00
395	0.0000e+00	0.0000e+00	5.7801e-08	0.0000e+00
396	0.0000e+00	0.0000e+00	7.1612e-08	0.0000e+00
397	0.0000e+00	0.0000e+00	7.1581e-08	0.0000e+00
398	0.0000e+00	0.0000e+00	5.8339e-08	0.0000e+00
399	0.0000e+00	0.0000e+00	3.4826e-08	0.0000e+00
400	0.0000e+00	0.0000e+00	5.8307e-09	0.0000e+00
401	0.0000e+00	0.0000e+00	-2.3133e-08	0.0000e+00
402	0.0000e+00	0.0000e+00	-4.6699e-08	0.0000e+00
403	0.0000e+00	0.0000e+00	-6.0787e-08	0.0000e+00
404	0.0000e+00	0.0000e+00	-6.3141e-08	0.0000e+00
405	0.0000e+00	0.0000e+00	-5.3823e-08	0.0000e+00
406	0.0000e+00	0.0000e+00	-3.4702e-08	0.0000e+00
407	0.0000e+00	0.0000e+00	-9.8667e-09	0.0000e+00
408	0.0000e+00	0.0000e+00	1.6066e-08	0.0000e+00
409	0.0000e+00	0.0000e+00	3.8174e-08	0.0000e+00
410	0.0000e+00	0.0000e+00	5.2674e-08	0.0000e+00
411	0.0000e+00	0.0000e+00	5.7097e-08	0.0000e+00
412	0.0000e+00	0.0000e+00	5.1126e-08	0.0000e+00
413	0.0000e+00	0.0000e+00	3.6167e-08	0.0000e+00
414	0.0000e+00	0.0000e+00	1.5406e-08	0.0000e+00
415	0.0000e+00	0.0000e+00	-7.2040e-09	0.0000e+00
416	0.0000e+00	0.0000e+00	-2.7350e-08	0.0000e+00
417	0.0000e+00	0.0000e+00	-4.1498e-08	0.0000e+00
418	0.0000e+00	0.0000e+00	-4.7189e-08	0.0000e+00
419	0.0000e+00	0.0000e+00	-4.3764e-08	0.0000e+00
420	0.0000e+00	0.0000e+00	-3.2113e-08	0.0000e+00
421	0.0000e+00	0.0000e+00	-1.4752e-08	0.0000e+00
422	0.0000e+00	0.0000e+00	4.9890e-09	0.0000e+00
423	0.0000e+00	0.0000e+00	2.3324e-08	0.0000e+00
424	0.0000e+00	0.0000e+00	3.6997e-08	0.0000e+00
425	0.0000e+00	0.0000e+00	4.3595e-08	0.0000e+00
426	0.0000e+00	0.0000e+00	4.2220e-08	0.0000e+00
427	0.0000e+00	0.0000e+00	3.3345e-08	0.0000e+00
428	0.0000e+00	0.0000e+00	1.8929e-08	0.0000e+00
429	0.0000e+00	0.0000e+00	1.7570e-09	0.0000e+00
430	0.0000e+00	0.0000e+00	-1.4857e-08	0.0000e+00
431	0.0000e+00	0.0000e+00	-2.7938e-08	0.0000e+00
432	0.0000e+00	0.0000e+00	-3.5146e-08	0.0000e+00
433	0.0000e+00	0.0000e+00	-3.5420e-08	0.0000e+00
434	0.0000e+00	0.0000e+00	-2.8898e-08	0.0000e+00
435	0.0000e+00	0.0000e+00	-1.7073e-08	0.0000e+00
436	0.0000e+00	0.0000e+00	-2.2538e-09	0.0000e+00
437	0.0000e+00	0.0000e+00	1.2670e-08	0.0000e+00
438	0.0000e+00	0.0000e+00	2.4996e-08	0.0000e+00
439	0.0000e+00	0.0000e+00	3.2486e-08	0.0000e+00
440	0.0000e+00	0.0000e+00	3.3971e-08	0.0000e+00
441	0.0000e+00	0.0000e+00	2.9323e-08	0.0000e+00
442	0.0000e+00	0.0000e+00	1.9650e-08	0.0000e+00
443	0.0000e+00	0.0000e+00	6.8471e-09	0.0000e+00
444	0.0000e+00	0.0000e+00	-6.5800e-09	0.0000e+00
445	0.0000e+00	0.0000e+00	-1.8190e-08	0.0000e+00
446	0.0000e+00	0.0000e+00	-2.5862e-08	0.0000e+00
447	0.0000e+00	0.0000e+00	-2.8363e-08	0.0000e+00
448	0.0000e+00	0.0000e+00	-2.5360e-08	0.0000e+00
449	0.0000e+00	0.0000e+00	-1.7637e-08	0.0000e+00
450	0.0000e+00	0.0000e+00	-6.7294e-09	0.0000e+00
451	0.0000e+00	0.0000e+00	5.1989e-09	0.0000e+00
452	0.0000e+00	0.0000e+00	1.5957e-08	0.0000e+00
453	0.0000e+00	0.0000e+00	2.3549e-08	0.0000e+00
454	0.0000e+00	0.0000e+00	2.6716e-08	0.0000e+00
455	0.0000e+00	0.0000e+00	2.4967e-08	0.0000e+00
456	0.0000e+00	0.0000e+00	1.8817e-08	0.0000e+00
457	0.0000e+00	0.0000e+00	9.4910e-09	0.0000e+00
458	0.0000e+00	0.0000e+00	-1.1535e-09	0.0000e+00
459	0.0000e+00	0.0000e+00	-1.1160e-08	0.0000e+00
460	0.0000e+00	0.0000e+00	-1.8667e-08	0.0000e+00
461	0.0000e+00	0.0000e+00	-2.2413e-08	0.0000e+00
462	0.0000e+00	0.0000e+00	-2.1789e-08	0.0000e+00
463	0.0000e+00	0.0000e+00	-1.7090e-08	0.0000e+00
464	0.0000e+00	0.0000e+00	-9.2721e-09	0.0000e+00
465	0.0000e+00	0.0000e+00	8.1801e-11	0.0000e+00
466	0.0000e+00	0.0000e+00	9.2344e-09	0.0000e+00
467	0.0000e+00	0.0000e+00	1.6459e-08	0.0000e+00
468	0.0000e+00	0.0000e+00	2.0516e-08	0.0000e+00
469	0.0000e+00	0.0000e+00	2.0709e-08	0.0000e+00
470	0.0000e+00	0.0000e+00	1.7153e-08	0.0000e+00
471	0.0000e+00	0.0000e+00	1.0572e-08	0.0000e+00
472	0.0000e+00	0.0000e+00	2.3058e-09	0.0000e+00
473	0.0000e+00	0.0000e+00	-6.1127e-09	0.0000e+00
474	0.0000e+00	0.0000e+00	-1.3093e-08	0.0000e+00
475	0.0000e+00	0.0000e+00	-1.7429e-08	0.0000e+00
476	0.0000e+00	0.0000e+00	-1.8368e-08	0.0000e+00
477	0.0000e+00	0.0000e+00	-1.5875e-08	0.0000e+00
478	0.0000e+00	0.0000e+00	-1.0480e-08	0.0000e+00
479	0.0000e+00	0.0000e+00	-3.3020e-09	0.0000e+00
480	0.0000e+00	0.0000e+00	4.3126e-09	0.0000e+00
481	0.0000e+00	0.0000e+00	1.0907e-08	0.0000e+00
482	0.0000e+00	0.0000e+00	1.5323e-08	0.0000e+00
483	0.0000e+00	0.0000e+00	1.6771e-08	0.0000e+00
484	0.0000e+00	0.0000e+00	1.5098e-08	0.0000e+00
485	0.0000e+00	0.0000e+00	1.0664e-08	0.0000e+00
486	0.0000e+00	0.0000e+00	4.3977e-09	0.0000e+00
487	0.0000e+00	0.0000e+00	-2.5300e-09	0.0000e+00
488	0.0000e+00	0.0000e+00	-8.7907e-09	0.0000e+00
489	0.0000e+00	0.0000e+00	-1.3284e-08	0.0000e+00
490	0.0000e+00	0.0000e+00	-1.5199e-08	0.0000e+00
491	0.0000e+00	0.0000e+00	-1.4291e-08	0.0000e+00
492	0.0000e+00	0.0000e+00	-1.0776e-08	0.0000e+00
493	0.0000e+00	0.0000e+00	-5.4130e-09	0.0000e+00
494	0.0000e+00	0.0000e+00	7.8670e-10	0.0000e+00
495	0.0000e+00	0.0000e+00	6.6191e-09	0.0000e+00
496	0.0000e+00	0.0000e+00	1.1046e-08	0.0000e+00
497	0.0000e+00	0.0000e+00	1.3252e-08	0.0000e+00
498	0.0000e+00	0.0000e+00	1.2921e-08	0.0000e+00
499	0.0000e+00	0.0000e+00	1.0148e-08	0.0000e+00
500	0.0000e+00	0.0000e+00	5.5396e-09	0.0000e+00
501	0.0000e+00	0.0000e+00	-3.5714e-11	0.0000e+00
502	0.0000e+00	0.0000e+00	-5.4936e-09	0.0000e+00
503	0.0000e+00	0.0000e+00	-9.8616e-09	0.0000e+00
504	0.0000e+00	0.0000e+00	-1.2334e-08	0.0000e+00
505	0.0000e+00	0.0000e+00	-1.2536e-08	0.0000e+00
506	0.0000e+00	0.0000e+00	-1.0465e-08	0.0000e+00
507	0.0000e+00	0.0000e+00	-6.5939e-09	0.0000e+00
508	0.0000e+00	0.0000e+00	-1.6600e-09	0.0000e+00
509	0.0000e+00	0.0000e+00	3.3654e-09	0.0000e+00
510	0.0000e+00	0.0000e+00	7.5782e-09	0.0000e+00
511	0.0000e+00	0.0000e+00	1.0190e-08	0.0000e+00
512	0.0000e+00	0.0000e+00	1.0786e-08	0.0000e+00
513	0.0000e+00	0.0000e+00	9.2779e-09	0.0000e+00
514	0.0000e+00	0.0000e+00	6.0269e-09	0.0000e+00
515	0.0000e+00	0.0000e+00	1.6482e-09	0.0000e+00
516	0.0000e+00	0.0000e+00	-2.9924e-09	0.0000e+00
517	0.0000e+00	0.0000e+00	-7.0602e-09	0.0000e+00
518	0.0000e+00	0.0000e+00	-9.7908e-09	0.0000e+00
519	0.0000e+00	0.0000e+00	-1.0743e-08	0.0000e+00
520	0.0000e+00	0.0000e+00	-9.7599e-09	0.0000e+00
521	0.0000e+00	0.0000e+00	-7.1015e-09	0.0000e+00
522	0.0000e+00	0.0000e+00	-3.2756e-09	0.0000e+00
523	0.0000e+00	0.0000e+00	9.5171e-10	0.0000e+00
524	0.0000e+00	0.0000e+00	4.8146e-09	0.0000e+00
525	0.0000e+00	0.0000e+00	7.5790e-09	0.0000e+00
526	0.0000e+00	0.0000e+00	8.7873e-09	0.0000e+00
527	0.0000e+00	0.0000e+00	8.2265e-09	0.0000e+00
528	0.0000e+00	0.0000e+00	6.0705e-09	0.0000e+00
529	0.0000e+00	0.0000e+00	2.7298e-09	0.0000e+00
530	0.0000e+00	0.0000e+00	-1.1224e-09	0.0000e+00
531	0.0000e+00	0.0000e+00	-4.7881e-09	0.0000e+00
532	0.0000e+00	0.0000e+00	-7.5680e-09	0.0000e+00
533	0.0000e+00	0.0000e+00	-8.9967e-09	0.0000e+00
534	0.0000e+00	0.0000e+00	-8.8172e-09	0.0000e+00
535	0.0000e+00	0.0000e+00	-7.1289e-09	0.0000e+00
536	0.0000e+00	0.0000e+00	-4.2554e-09	0.0000e+00
537	0.0000e+00	0.0000e+00	-7.8387e-10	0.0000e+00
538	0.0000e+00	0.0000e+00	2.6541e-09	0.0000e+00
539	0.0000e+00	0.0000e+00	5.3969e-09	0.0000e+00
540	0.0000e+00	0.0000e+00	6.9786e-09	0.0000e+00
541	0.0000e+00	0.0000e+00	7.1086e-09	0.0000e+00
542	0.0000e+00	0.0000e+00	5.8224e-09	0.0000e+00
543	0.0000e+00	0.0000e+00	3.3664e-09	0.0000e+00
544	0.0000e+00	0.0000e+00	2.4785e-10	0.0000e+00
545	0.0000e+00	0.0000e+00	-2.9654e-09	0.0000e+00
546	0.0000e+00	0.0000e+00	-5.6516e-09	0.0000e+00
547	0.0000e+00	0.0000e+00	-7.3508e-09	0.0000e+00
548	0.0000e+00	0.0000e+00	-7.7470e-09	0.0000e+00
549	0.0000e+00	0.0000e+00	-6.8221e-09	0.0000e+00
550	0.0000e+00	0.0000e+00	-4.7537e-09	0.0000e+00
551	0.0000e+00	0.0000e+00	-1.9759e-09	0.0000e+00
552	0.0000e+00	0.0000e+00	1.0049e-09	0.0000e+00
553	0.0000e+00	0.0000e+00	3.6079e-09	0.0000e+00
554	0.0000e+00	0.0000e+00	5.3842e-09	0.0000e+00
555	0.0000e+00	0.0000e+00	6.0000e-09	0.0000e+00
556	0.0000e+00	0.0000e+00	5.3921e-09	0.0000e+00
557	0.0000e+00	0.0000e+00	3.6777e-09	0.0000e+00
558	0.0000e+00	0.0000e+00	1.2235e-09	0.0000e+00
559	0.0000e+00	0.0000e+00	-1.5224e-09	0.0000e+00
560	0.0000e+00	0.0000e+00	-4.0207e-09	0.0000e+00
561	0.0000e+00	0.0000e+00	-5.8376e-09	0.0000e+00
562	0.0000e+00	0.0000e+00	-6.6280e-09	0.0000e+00
563	0.0000e+00	0.0000e+00	-6.2918e-09	0.0000e+00
564	0.0000e+00	0.0000e+00	-4.8926e-09	0.0000e+00
565	0.0000e+00	0.0000e+00	-2.7363e-09	0.0000e+00
566	0.0000e+00	0.0000e+00	-2.1561e-10	0.0000e+00
567	0.0000e+00	0.0000e+00	2.1719e-09	0.0000e+00
568	0.0000e+00	0.0000e+00	4.0106e-09	0.0000e+00
569	0.0000e+00	0.0000e+00	4.9497e-09	0.0000e+00
570	0.0000e+00	0.0000e+00	4.8587e-09	0.0000e+00
571	0.0000e+00	0.0000e+00	3.7551e-09	0.0000e+00
572	0.0000e+00	0.0000e+00	1.8893e-09	0.0000e+00
573	0.0000e+00	0.0000e+00	-3.9821e-10	0.0000e+00
574	0.0000e+00	0.0000e+00	-2.6510e-09	0.0000e+00
575	0.0000e+00	0.0000e+00	-4.4740e-09	0.0000e+00
576	0.0000e+00	0.0000e+00	-5.5156e-09	0.0000e+00
577	0.0000e+00	0.0000e+00	-5.6213e-09	0.0000e+00
578	0.0000e+00	0.0000e+00	-4.7687e-09	0.0000e+00
579	0.0000e+00	0.0000e+00	-3.1578e-09	0.0000e+00
580	0.0000e+00	0.0000e+00	-1.0804e-09	0.0000e+00
581	0.0000e+00	0.0000e+00	1.0472e-09	0.0000e+00
582	0.0000e+00	0.0000e+00	2.8527e-09	0.0000e+00
583	0.0000e+00	0.0000e+00	3.9874e-09	0.0000e+00
584	0.0000e+00	0.0000e+00	4.2783e-09	0.0000e+00
585	0.0000e+00	0.0000e+00	3.6688e-09	0.0000e+00
586	0.0000e+00	0.0000e+00	2.3137e-09	0.0000e+00
587	0.0000e+00	0.0000e+00	4.5949e-10	0.0000e+00
588	0.0000e+00	0.0000e+00	-1.5168e-09	0.0000e+00
589	0.0000e+00	0.0000e+00	-3.2667e-09	0.0000e+00
590	0.0000e+00	0.0000e+00	-4.4480e-09	0.0000e+00
591	0.0000e+00	0.0000e+00	-4.8739e-09	0.0000e+00
592	0.0000e+00	0.0000e+00	-4.4588e-09	0.0000e+00
593	0.0000e+00	0.0000e+00	-3.3172e-09	0.0000e+00
594	0.0000e+00	0.0000e+00	-1.6537e-09	0.0000e+00
595	0.0000e+00	0.0000e+00	1.9274e-10	0.0000e+00
596	0.0000e+00	0.0000e+00	1.8982e-09	0.0000e+00
597	0.0000e+00	0.0000e+00	3.1297e-09	0.0000e+00
598	0.0000e+00	0.0000e+00	3.6909e-09	0.0000e+00
599	0.0000e+00	0.0000e+00	3.4721e-09	0.0000e+00
600	0.0000e+00	0.0000e+00	2.5519e-09	0.0000e+00
601	0.0000e+00	0.0000e+00	1.0960e-09	0.0000e+00
602	0.0000e+00	0.0000e+00	-5.9261e-10	0.0000e+00
603	0.0000e+00	0.0000e+00	-2.2154e-09	0.0000e+00
604	0.0000e+00	0.0000e+00	-3.4508e-09	0.0000e+00
605	0.0000e+00	0.0000e+00	-4.0968e-09	0.0000e+00
606	0.0000e+00	0.0000e+00	-4.0236e-09	0.0000e+00
607	0.0000e+00	0.0000e+00	-3.2784e-09	0.0000e+00
608	0.0000e+00	0.0000e+00	-1.9911e-09	0.0000e+00
609	0.0000e+00	0.0000e+00	-4.3044e-10	0.0000e+00
610	0.0000e+00	0.0000e+00	1.1306e-09	0.0000e+00
611	0.0000e+00	0.0000e+00	2.3834e-09	0.0000e+00
612	0.0000e+00	0.0000e+00	3.1237e-09	0.0000e+00
613	0.0000e+00	0.0000e+00	3.2056e-09	0.0000e+00
614	0.0000e+00	0.0000e+00	2.6486e-09	0.0000e+00
615	0.0000e+00	0.0000e+00	1.5502e-09	0.0000e+00
616	0.0000e+00	0.0000e+00	1.4633e-10	0.0000e+00
617	0.0000e+00	0.0000e+00	-1.3151e-09	0.0000e+00
618	0.0000e+00	0.0000e+00	-2.5402e-09	0.0000e+00
619	0.0000e+00	0.0000e+00	-3.3250e-09	0.0000e+00
620	0.0000e+00	0.0000e+00	-3.5110e-09	0.0000e+00
621	0.0000e+00	0.0000e+00	-3.0938e-09	0.0000e+00
622	0.0000e+00	0.0000e+00	-2.1413e-09	0.0000e+00
623	0.0000e+00	0.0000e+00	-8.5878e-10	0.0000e+00
624	0.0000e+00	0.0000e+00	5.3064e-10	0.0000e+00
625	0.0000e+00	0.0000e+00	1.7489e-09	0.0000e+00
626	0.0000e+00	0.0000e+00	2.5946e-09	0.0000e+00
627	0.0000e+00	0.0000e+00	2.8998e-09	0.0000e+00
628	0.0000e+00	0.0000e+00	2.6397e-09	0.0000e+00
629	0.0000e+00	0.0000e+00	1.8552e-09	0.0000e+00
630	0.0000e+00	0.0000e+00	7.2324e-10	0.0000e+00
631	0.0000e+00	0.0000e+00	-5.5758e-10	0.0000e+00
632	0.0000e+00	0.0000e+00	-1.7256e-09	0.0000e+00
633	0.0000e+00	0.0000e+00	-2.5841e-09	0.0000e+00
634	0.0000e+00	0.0000e+00	-2.9588e-09	0.0000e+00
635	0.0000e+00	0.0000e+00	-2.8070e-09	0.0000e+00
636	0.0000e+00	0.0000e+00	-2.1459e-09	0.0000e+00
637	0.0000e+00	0.0000e+00	-1.1258e-09	0.0000e+00
638	0.0000e+00	0.0000e+00	7.8357e-11	0.0000e+00
639	0.0000e+00	0.0000e+00	1.2218e-09	0.0000e+00
640	0.0000e+00	0.0000e+00	2.1143e-09	0.0000e+00
641	0.0000e+00	0.0000e+00	2.5773e-09	0.0000e+00
642	0.0000e+00	0.0000e+00	2.5537e-09	0.0000e+00
643	0.0000e+00	0.0000e+00	2.0393e-09	0.0000e+00
644	0.0000e+00	0.0000e+00	1.1595e-09	0.0000e+00
645	0.0000e+00	0.0000e+00	6.6807e-11	0.0000e+00
646	0.0000e+00	0.0000e+00	-1.0113e-09	0.0000e+00
647	0.0000e+00	0.0000e+00	-1.8926e-09	0.0000e+00
648	0.0000e+00	0.0000e+00	-2.3963e-09	0.0000e+00
649	0.0000e+00	0.0000e+00	-2.4536e-09	0.0000e+00
650	0.0000e+00	0.0000e+00	-2.0412e-09	0.0000e+00
651	0.0000e+00	0.0000e+00	-1.2620e-09	0.0000e+00
652	0.0000e+00	0.0000e+00	-2.4668e-10	0.0000e+00
653	0.0000e+00	0.0000e+00	7.9453e-10	0.0000e+00
654	0.0000e+00	0.0000e+00	1.6883e-09	0.0000e+00
655	0.0000e+00	0.0000e+00	2.2541e-09	0.0000e+00
656	0.0000e+00	0.0000e+00	2.4132e-09	0.0000e+00
657	0.0000e+00	0.0000e+00	2.1261e-09	0.0000e+00
658	0.0000e+00	0.0000e+00	1.4745e-09	0.0000e+00
659	0.0000e+00	0.0000e+00	5.6873e-10	0.0000e+00
660	0.0000e+00	0.0000e+00	-3.9820e-10	0.0000e+00
661	0.0000e+00	0.0000e+00	-1.2630e-09	0.0000e+00
662	0.0000e+00	0.0000e+00	-1.8465e-09	0.0000e+00
663	0.0000e+00	0.0000e+00	-2.0629e-09	0.0000e+00
664	0.0000e+00	0.0000e+00	-1.8581e-09	0.0000e+00
665	0.0000e+00	0.0000e+00	-1.2951e-09	0.0000e+00
666	0.0000e+00	0.0000e+00	-4.6454e-10	0.0000e+00
667	0.0000e+00	0.0000e+00	4.5735e-10	0.0000e+00
668	0.0000e+00	0.0000e+00	1.3179e-09	0.0000e+00
669	0.0000e+00	0.0000e+00	1.9411e-09	0.0000e+00
670	0.0000e+00	0.0000e+00	2.2356e-09	0.0000e+00
671	0.0000e+00	0.0000e+00	2.1352e-09	0.0000e+00
672	0.0000e+00	0.0000e+00	1.6855e-09	0.0000e+00
673	0.0000e+00	0.0000e+00	9.5897e-10	0.0000e+00
674	0.0000e+00	0.0000e+00	1.1536e-10	0.0000e+00
675	0.0000e+00	0.0000e+00	-7.0386e-10	0.0000e+00
676	0.0000e+00	0.0000e+00	-1.3270e-09	0.0000e+00
677	0.0000e+00	0.0000e+00	-1.6589e-09	0.0000e+00
678	0.0000e+00	0.0000e+00	-1.6232e-09	0.0000e+00
679	0.0000e+00	0.0000e+00	-1.2500e-09	0.0000e+00
680	0.0000e+00	0.0000e+00	-5.9468e-10	0.0000e+00
681	0.0000e+00	0.0000e+00	1.9898e-10	0.0000e+00
682	0.0000e+00	0.0000e+00	1.0010e-09	0.0000e+00
683	0.0000e+00	0.0000e+00	1.6450e-09	0.0000e+00
684	0.0000e+00	0.0000e+00	2.0340e-09	0.0000e+00
685	0.0000e+00	0.0000e+00	2.0825e-09	0.0000e+00
686	0.0000e+00	0.0000e+00	1.8074e-09	0.0000e+00
687	0.0000e+00	0.0000e+00	1.2479e-09	0.0000e+00
688	0.0000e+00	0.0000e+00	5.3249e-10	0.0000e+00
689	0.0000e+00	0.0000e+00	-2.2065e-10	0.0000e+00
690	0.0000e+00	0.0000e+00	-8.5118e-10	0.0000e+00
691	0.0000e+00	0.0000e+00	-1.2615e-09	0.0000e+00
692	0.0000e+00	0.0000e+00	-1.3593e-09	0.0000e+00
693	0.0000e+00	0.0000e+00	-1.1493e-09	0.0000e+00
694	0.0000e+00	0.0000e+00	-6.5581e-10	0.0000e+00
695	0.0000e+00	0.0000e+00	7.1209e-12	0.0000e+00
696	0.0000e+00	0.0000e+00	7.3322e-10	0.0000e+00
697	0.0000e+00	0.0000e+00	1.3689e-09	0.0000e+00
698	0.0000e+00	0.0000e+00	1.8174e-09	0.0000e+00
699	0.0000e+00	0.0000e+00	1.9807e-09	0.0000e+00
700	0.0000e+00	0.0000e+00	1.8529e-09	0.0000e+00
701	0.0000e+00	0.0000e+00	1.4450e-09	0.0000e+00
702	0.0000e+00	0.0000e+00	8.5702e-10	0.0000e+00
703	0.0000e+00	0.0000e+00	1.8341e-10	0.0000e+00
704	0.0000e+00	0.0000e+00	-4.2959e-10	0.0000e+00
705	0.0000e+00	0.0000e+00	-8.8690e-10	0.0000e+00
706	0.0000e+00	0.0000e+00	-1.0865e-09	0.0000e+00
707	0.0000e+00	0.0000e+00	-1.0134e-09	0.0000e+00
708	0.0000e+00	0.0000e+00	-6.6598e-10	0.0000e+00
709	0.0000e+00	0.0000e+00	-1.3136e-10	0.0000e+00
710	0.0000e+00	0.0000e+00	5.0773e-10	0.0000e+00
711	0.0000e+00	0.0000e+00	1.1127e-09	0.0000e+00
712	0.0000e+00	0.0000e+00	1.5914e-09	0.0000e+00
713	0.0000e+00	0.0000e+00	1.8387e-09	0.0000e+00
714	0.0000e+00	0.0000e+00	1.8320e-09	0.0000e+00
715	0.0000e+00	0.0000e+00	1.5584e-09	0.0000e+00
716	0.0000e+00	0.0000e+00	1.0928e-09	0.0000e+00
717	0.0000e+00	0.0000e+00	5.0621e-10	0.0000e+00
718	0.0000e+00	0.0000e+00	-7.0572e-11	0.0000e+00
719	0.0000e+00	0.0000e+00	-5.4905e-10	0.0000e+00
720	0.0000e+00	0.0000e+00	-8.2222e-10	0.0000e+00
721	0.0000e+00	0.0000e+00	-8.6118e-10	0.0000e+00
722	0.0000e+00	0.0000e+00	-6.4279e-10	0.0000e+00
723	0.0000e+00	0.0000e+00	-2.3045e-10	0.0000e+00
724	0.0000e+00	0.0000e+00	3.1579e-10	0.0000e+00
725	0.0000e+00	0.0000e+00	8.7341e-10	0.0000e+00
726	0.0000e+00	0.0000e+00	1.3583e-09	0.0000e+00
727	0.0000e+00	0.0000e+00	1.6624e-09	0.0000e+00
728	0.0000e+00	0.0000e+00	1.7519e-09	0.0000e+00
729	0.0000e+00	0.0000e+00	1.5943e-09	0.0000e+00
730	0.0000e+00	0.0000e+00	1.2426e-09	0.0000e+00
731	0.0000e+00	0.0000e+00	7.4580e-10	0.0000e+00
732	0.0000e+00	0.0000e+00	2.1842e-10	0.0000e+00
733	0.0000e+00	0.0000e+00	-2.6054e-10	0.0000e+00
734	0.0000e+00	0.0000e+00	-5.8297e-10	0.0000e+00
735	0.0000e+00	0.0000e+00	-7.1104e-10	0.0000e+00
736	0.0000e+00	0.0000e+00	-6.0409e-10	0.0000e+00
737	0.0000e+00	0.0000e+00	-3.0550e-10	0.0000e+00
738	0.0000e+00	0.0000e+00	1.4616e-10	0.0000e+00
739	0.0000e+00	0.0000e+00	6.4450e-10	0.0000e+00
740	0.0000e+00	0.0000e+00	1.1161e-09	0.0000e+00
741	0.0000e+00	0.0000e+00	1.4535e-09	0.0000e+00
742	0.0000e+00	0.0000e+00	1.6160e-09	0.0000e+00
743	0.0000e+00	0.0000e+00	1.5557e-09	0.0000e+00
744	0.0000e+00	0.0000e+00	1.3071e-09	0.0000e+00
745	0.0000e+00	0.0000e+00	8.9883e-10	0.0000e+00
746	0.0000e+00	0.0000e+00	4.2928e-10	0.0000e+00
747	0.0000e+00	0.0000e+00	-3.4290e-11	0.0000e+00
748	0.0000e+00	0.0000e+00	-3.8549e-10	0.0000e+00
749	0.0000e+00	0.0000e+00	-5.8204e-10	0.0000e+00
750	0.0000e+00	0.0000e+00	-5.6934e-10	0.0000e+00
751	0.0000e+00	0.0000e+00	-3.7453e-10	0.0000e+00
752	0.0000e+00	0.0000e+00	-1.6102e-11	0.0000e+00
753	0.0000e+00	0.0000e+00	4.1491e-10	0.0000e+00
754	0.0000e+00	0.0000e+00	8.5787e-10	0.0000e+00
755	0.0000e+00	0.0000e+00	1.2080e-09	0.0000e+00
756	0.0000e+00	0.0000e+00	1.4222e-09	0.0000e+00
757	0.0000e+00	0.0000e+00	1.4403e-09	0.0000e+00
758	0.0000e+00	0.0000e+00	1.2825e-09	0.0000e+00
759	0.0000e+00	0.0000e+00	9.5781e-10	0.0000e+00
760	0.0000e+00	0.0000e+00	5.5021e-10	0.0000e+00
761	0.0000e+00	0.0000e+00	1.1322e-10	0.0000e+00
762	0.0000e+00	0.0000e+00	-2.5024e-10	0.0000e+00
763	0.0000e+00	0.0000e+00	-4.9759e-10	0.0000e+00
764	0.0000e+00	0.0000e+00	-5.6317e-10	0.0000e+00
765	0.0000e+00	0.0000e+00	-4.6189e-10	0.0000e+00
766	0.0000e+00	0.0000e+00	-1.9346e-10	0.0000e+00
767	0.0000e+00	0.0000e+00	1.6475e-10	0.0000e+00
768	0.0000e+00	0.0000e+00	5.6665e-10	0.0000e+00
769	0.0000e+00	0.0000e+00	9.1124e-10	0.0000e+00
770	0.0000e+00	0.0000e+00	1.1574e-09	0.0000e+00
771	0.0000e+00	0.0000e+00	1.2345e-09	0.0000e+00
772	0.0000e+00	0.0000e+00	1.1530e-09	0.0000e+00
773	0.0000e+00	0.0000e+00	9.0353e-10	0.0000e+00
774	0.0000e+00	0.0000e+00	5.5752e-10	0.0000e+00
775	0.0000e+00	0.0000e+00	1.5293e-10	0.0000e+00
776	0.0000e+00	0.0000e+00	-2.1106e-10	0.0000e+00
777	0.0000e+00	0.0000e+00	-4.9612e-10	0.0000e+00
778	0.0000e+00	0.0000e+00	-6.2685e-10	0.0000e+00
779	0.0000e+00	0.0000e+00	-6.1107e-10	0.0000e+00
780	0.0000e+00	0.0000e+00	-4.2979e-10	0.0000e+00
781	0.0000e+00	0.0000e+00	-1.5030e-10	0.0000e+00
782	0.0000e+00	0.0000e+00	1.9863e-10	0.0000e+00
783	0.0000e+00	0.0000e+00	5.1841e-10	0.0000e+00
784	0.0000e+00	0.0000e+00	7.7531e-10	0.0000e+00
785	0.0000e+00	0.0000e+00	8.8792e-10	0.0000e+00
786	0.0000e+00	0.0000e+00	8.6355e-10	0.0000e+00
787	0.0000e+00	0.0000e+00	6.7190e-10	0.0000e+00
788	0.0000e+00	0.0000e+00	3.7828e-10	0.0000e+00
789	0.0000e+00	0.0000e+00	-1.0276e-12	0.0000e+00
790	0.0000e+00	0.0000e+00	-3.6550e-10	0.0000e+00
791	0.0000e+00	0.0000e+00	-6.9155e-10	0.0000e+00
792	0.0000e+00	0.0000e+00	-8.8826e-10	0.0000e+00
793	0.0000e+00	0.0000e+00	-9.7143e-10	0.0000e+00
794	0.0000e+00	0.0000e+00	-8.9311e-10	0.0000e+00
795	0.0000e+00	0.0000e+00	-7.3354e-10	0.0000e+00
796	0.0000e+00	0.0000e+00	-4.8291e-10	0.0000e+00
797	0.0000e+00	0.0000e+00	-3.0254e-10	0.0000e+00
798	0.0000e+00	0.0000e+00	-1.5778e-10	0.0000e+00
799	0.0000e+00	0.0000e+00	-9.1044e-11	0.0000e+00
800	0.0000e+00	0.0000e+00	-1.0136e-10	0.0000e+00
801	0.0000e+00	0.0000e+00	-2.0182e-10	0.0000e+00
802	0.0000e+00	0.0000e+00	-3.5957e-10	0.0000e+00
803	0.0000e+00	0.0000e+00	-5.6069e-10	0.0000e+00
804	0.0000e+00	0.0000e+00	-7.5359e-10	0.0000e+00
805	0.0000e+00	0.0000e+00	-9.1888e-10	0.0000e+00
806	0.0000e+00	0.0000e+00	-1.0119e-09	0.0000e+00
807	0.0000e+00	0.0000e+00	-1.0329e-09	0.0000e+00
808	0.0000e+00	0.0000e+00	-9.6397e-10	0.0000e+00
809	0.0000e+00	0.0000e+00	-8.3584e-10	0.0000e+00
810	0.0000e+00	0.0000e+00	-6.5719e-10	0.0000e+00
811	0.0000e+00	0.0000e+00	-4.7896e-10	0.0000e+00
812	0.0000e+00	0.0000e+00	-3.1722e-10	0.0000e+00
813	0.0000e+00	0.0000e+00	-2.1913e-10	0.0000e+00
814	0.0000e+00	0.0000e+00	-1.8372e-10	0.0000e+00
815	0.0000e+00	0.0000e+00	-2.3438e-10	0.0000e+00
816	0.0000e+00	0.0000e+00	-3.4073e-10	0.0000e+00
817	0.0000e+00	0.0000e+00	-5.0030e-10	0.0000e+00
818	0.0000e+00	0.0000e+00	-6.6120e-10	0.0000e+00
819	0.0000e+00	0.0000e+00	-8.1213e-10	0.0000e+00
820	0.0000e+00	0.0000e+00	-9.0161e-10	0.0000e+00
821	0.0000e+00	0.0000e+00	-9.3322e-10	0.0000e+00
822	0.0000e+00	0.0000e+00	-8.7572e-10	0.0000e+00
823	0.0000e+00	0.0000e+00	-7.6142e-10	0.0000e+00
824	0.0000e+00	0.0000e+00	-5.8277e-10	0.0000e+00
825	0.0000e+00	0.0000e+00	-3.9567e-10	0.0000e+00
826	0.0000e+00	0.0000e+00	-2.0059e-10	0.0000e+00
827	0.0000e+00	0.0000e+00	-5.7852e-11	0.0000e+00
828	0.0000e+00	0.0000e+00	4.8863e-11	0.0000e+00
829	0.0000e+00	0.0000e+00	7.2697e-11	0.0000e+00
830	0.0000e+00	0.0000e+00	6.7635e-11	0.0000e+00
831	0.0000e+00	0.0000e+00	0.0000e+00	0.0000e+00
832	0.0000e+00	0.0000e+00	0.0000e+00	0.0000e+00
833	0.0000e+00	0.0000e+00	0.0000e+00	0.0000e+00
834	0.0000e+00	0.0000e+00	0.0000e+00	0.0000e+00
835	0.0000e+00	0.0000e+00	0.0000e+00	0.0000e+00
836	0.0000e+00	0.0000e+00	0.0000e+00	0.0000e+00
837	0.0000e+00	0.0000e+00	0.0000e+00	0.0000e+00
838	0.0000e+00	0.0000e+00	0.0000e+00	0.0000e+00
839	0.0000e+00	0.0000e+00	0.0000e+00	0.0000e+00
840	0.0000e+00	0.0000e+00	0.0000e+00	0.0000e+00
841	0.0000e+00	0.0000e+00	0.0000e+00	0.0000e+00
842	0.0000e+00	0.0000e+00	0.0000e+00	0.0000e+00
843	0.0000e+00	0.0000e+00	0.0000e+00	0.0000e+00
844	0.0000e+00	0.0000e+00	0.0000e+00	0.0000e+00
845	0.0000e+00	0.0000e+00	0.0000e+00	0.0000e+00
846	0.0000e+00	0.0000e+00	0.0000e+00	0.0000e+00
847	0.0000e+00	0.0000e+00	0.0000e+00	0.0000e+00
848	0.0000e+00	0.0000e+00	0.0000e+00	0.0000e+00
849	0.0000e+00	0.0000e+00	0.0000e+00	0.0000e+00
850	0.0000e+00	0.0000e+00	0.0000e+00	0.0000e+00
851	0.0000e+00	0.0000e+00	0.0000e+00	0.0000e+00
852	0.0000e+00	0.0000e+00	0.0000e+00	0.0000e+00
853	0.0000e+00	0.0000e+00	0.0000e+00	0.0000e+00
854	0.0000e+00	0.0000e+00	0.0000e+00	0.0000e+00
855	0.0000e+00	0.0000e+00	0.0000e+00	0.0000e+00
856	0.0000e+00	0.0000e+00	0.0000e+00	0.0000e+00
857	0.0000e+00	0.0000e+00	0.0000e+00	0.0000e+00
858	0.0000e+00	0.0000e+00	0.0000e+00	0.0000e+00
859	0.0000e+00	0.0000e+00	0.0000e+00	0.0000e+00
860	0.0000e+00	0.0000e+00	0.0000e+00	0.0000e+00
861	0.0000e+00	0.0000e+00	0.0000e+00	0.0000e+00
862	0.0000e+00	0.0000e+00	0.0000e+00	0.0000e+00
863	0.0000e+00	0.0000e+00	0.0000e+00	0.0000e+00
864	0.0000e+00	0.0000e+00	0.0000e+00	0.0000e+00
865	0.0000e+00	0.0000e+00	0.0000e+00	0.0000e+00
866	0.0000e+00	0.0000e+00	0.0000e+00	0.0000e+00
867	0.0000e+00	0.0000e+00	0.0000e+00	0.0000e+00
868	0.0000e+00	0.0000e+00	0.0000e+00	0.0000e+00
869	0.0000e+00	0.0000e+00	0.0000e+00	0.0000e+00
870	0.0000e+00	0.0000e+00	0.0000e+00	0.0000e+00
871	0.0000e+00	0.0000e+00	0.0000e+00	0.0000e+00
872	0.0000e+00	0.0000e+00	0.0000e+00	0.0000e+00
873	0.0000e+00	0.0000e+00	0.0000e+00	0.0000e+00
874	0.0000e+00	0.0000e+00	0.0000e+00	0.0000e+00
875	0.0000e+00	0.0000e+00	0.0000e+00	0.0000e+00
876	0.0000e+00	0.0000e+00	0.0000e+00	0.0000e+00
877	0.0000e+00	0.0000e+00	0.0000e+00	0.0000e+00
878	0.0000e+00	0.0000e+00	0.0000e+00	0.0000e+00
879	0.0000e+00	0.0000e+00	0.0000e+00	0.0000e+00
880	0.0000e+00	0.0000e+00	0.0000e+00	0.0000e+00
881	0.0000e+00	0.0000e+00	0.0000e+00	0.0000e+00
882	0.0000e+00	0.0000e+00	0.0000e+00	0.0000e+00
883	0.0000e+00	0.0000e+00	0.0000e+00	0.0000e+00
884	0.0000e+00	0.0000e+00	0.0000e+00	0.0000e+00
885	0.0000e+00	0.0000e+00	0.0000e+00	0.0000e+00
886	0.0000e+00	0.0000e+00	0.0000e+00	0.0000e+00
887	0.0000e+00	0.0000e+00	0.0000e+00	0.0000e+00
888	0.0000e+00	0.0000e+00	0.0000e+00	0.0000e+00
889	0.0000e+00	0.0000e+00	0.0000e+00	0.0000e+00
890	0.0000e+00	0.0000e+00	0.0000e+00	0.0000e+00
891	0.0000e+00	0.0000e+00	0.0000e+00	0.0000e+00
892	0.0000e+00	0.0000e+00	0.0000e+00	0.0000e+00
893	0.0000e+00	0.0000e+00	0.0000e+00	0.0000e+00
894	0.0000e+00	0.0000e+00	0.0000e+00	0.0000e+00
895	0.0000e+00	0.0000e+00	0.0000e+00	0.0000e+00
896	0.0000e+00	0.0000e+00	0.0000e+00	0.0000e+00
897	0.0000e+00	0.0000e+00	0.0000e+00	0.0000e+00
898	0.0000e+00	0.0000e+00	0.0000e+00	0.0000e+00
899	0.0000e+00	0.0000e+00	0.0000e+00	0.0000e+00
900	0.0000e+00	0.0000e+00	0.0000e+00	0.0000e+00
901	0.0000e+00	0.0000e+00	0.0000e+00	0.0000e+00
902	0.0000e+00	0.0000e+00	0.0000e+00	0.0000e+00
903	0.0000e+00	0.0000e+00	0.0000e+00	0.0000e+00
904	0.0000e+00	0.0000e+00	0.0000e+00	0.0000e+00
905	0.0000e+00	0.0000e+00	0.0000e+00	0.0000e+00
906	0.0000e+00	0.0000e+00	0.0000e+00	0.0000e+00
907	0.0000e+00	0.0000e+00	0.0000e+00	0.0000e+00
908	0.0000e+00	0.0000e+00	0.0000e+00	0.0000e+00
909	0.0000e+00	0.0000e+00	0.0000e+00	0.0000e+00
910	0.0000e+00	0.0000e+00	0.0000e+00	0.0000e+00
911	0.0000e+00	0.0000e+00	0.0000e+00	0.0000e+00
912	0.0000e+00	0.0000e+00	0.0000e+00	0.0000e+00
913	0.0000e+00	0.0000e+00	0.0000e+00	0.0000e+00
914	0.0000e+00	0.0000e+00	0.0000e+00	0.0000e+00
915	0.0000e+00	0.0000e+00	0.0000e+00	0.0000e+00
916	0.0000e+00	0.0000e+00	0.0000e+00	0.0000e+00
917	0.0000e+00	0.0000e+00	0.0000e+00	0.0000e+00
918	0.0000e+00	0.0000e+00	0.0000e+00	0.0000e+00
919	0.0000e+00	0.0000e+00	0.0000e+00	0.0000e+00
920	0.0000e+00	0.0000e+00	0.0000e+00	0.0000e+00
921	0.0000e+00	0.0000e+00	0.0000e+00	0.0000e+00
922	0.0000e+00	0.0000e+00	0.0000e+00	0.0000e+00
923	0.0000e+00	0.0000e+00	0.0000e+00	0.0000e+00
924	0.0000e+00	0.0000e+00	0.0000e+00	0.0000e+00
925	0.0000e+00	0.0000e+00	0.0000e+00	0.0000e+00
926	0.0000e+00	0.0000e+00	0.0000e+00	0.0000e+00
927	0.0000e+00	0.0000e+00	0.0000e+00	0.0000e+00
928	0.0000e+00	0.0000e+00	0.0000e+00	0.0000e+00
929	0.0000e+00	0.0000e+00	0.0000e+00	0.0000e+00
930	0.0000e+00	0.0000e+00	0.0000e+00	0.0000e+00
931	0.0000e+00	0.0000e+00	0.0000e+00	0.0000e+00
932	0.0000e+00	0.0000e+00	0.0000e+00	0.0000e+00
933	0.0000e+00	0.0000e+00	0.0000e+00	0.0000e+00
934	0.0000e+00	0.0000e+00	0.0000e+00	0.0000e+00
935	0.0000e+00	0.0000e+00	0.0000e+00	0.0000e+00
936	0.0000e+00	0.0000e+00	0.0000e+00	0.0000e+00
937	0.0000e+00	0.0000e+00	0.0000e+00	0.0000e+00
938	0.0000e+00	0.0000e+00	0.0000e+00	0.0000e+00
939	0.0000e+00	0.0000e+00	0.0000e+00	0.0000e+00
940	0.0000e+00	0.0000e+00	0.0000e+00	0.0000e+00
941	0.0000e+00	0.0000e+00	0.0000e+00	0.0000e+00
942	0.0000e+00	0.0000e+00	0.0000e+00	0.0000e+00
943	0.0000e+00	0.0000e+00	0.0000e+00	0.0000e+00
944	0.0000e+00	0.0000e+00	0.0000e+00	0.0000e+00
945	0.0000e+00	0.0000e+00	0.0000e+00	0.0000e+00
946	0.0000e+00	0.0000e+00	0.0000e+00	0.0000e+00
947	0.0000e+00	0.0000e+00	0.0000e+00	0.0000e+00
948	0.0000e+00	0.0000e+00	0.0000e+00	0.0000e+00
949	0.0000e+00	0.0000e+00	0.0000e+00	0.0000e+00
950	0.0000e+00	0.0000e+00	0.0000e+00	0.0000e+00
951	0.0000e+00	0.0000e+00	0.0000e+00	0.0000e+00
952	0.0000e+00	0.0000e+00	0.0000e+00	0.0000e+00
953	0.0000e+00	0.0000e+00	0.0000e+00	0.0000e+00
954	0.0000e+00	0.0000e+00	0.0000e+00	0.0000e+00
955	0.0000e+00	0.0000e+00	0.0000e+00	0.0000e+00
956	0.0000e+00	0.0000e+00	0.0000e+00	0.0000e+00
957	0.0000e+00	0.0000e+00	0.0000e+00	0.0000e+00
958	0.0000e+00	0.0000e+00	0.0000e+00	0.0000e+00
959	0.0000e+00	0.0000e+00	0.0000e+00	0.0000e+00
960	0.0000e+00	0.0000e+00	0.0000e+00	0.0000e+00
961	0.0000e+00	0.0000e+00	0.0000e+00	0.0000e+00
962	0.0000e+00	0.0000e+00	0.0000e+00	0.0000e+00
963	0.0000e+00	0.0000e+00	0.0000e+00	0.0000e+00
964	0.0000e+00	0.0000e+00	0.0000e+00	0.0000e+00
965	0.0000e+00	0.0000e+00	0.0000e+00	0.0000e+00
966	0.0000e+00	0.0000e+00	0.0000e+00	0.0000e+00
967	0.0000e+00	0.0000e+00	0.0000e+00	0.0000e+00
968	0.0000e+00	0.0000e+00	0.0000e+00	0.0000e+00
969	0.0000e+00	0.0000e+00	0.0000e+00	0.0000e+00
970	0.0000e+00	0.0000e+00	0.0000e+00	0.0000e+00
971	0.0000e+00	0.0000e+00	0.0000e+00	0.0000e+00
972	0.0000e+00	0.0000e+00	0.0000e+00	0.0000e+00
973	0.0000e+00	0.0000e+00	0.0000e+00	0.0000e+00
974	0.0000e+00	0.0000e+00	0.0000e+00	0.0000e+00
975	0.0000e+00	0.0000e+00	0.0000e+00	0.0000e+00
976	0.0000e+00	0.0000e+00	0.0000e+00	0.0000e+00
977	0.0000e+00	0.0000e+00	0.0000e+00	0.0000e+00
978	0.0000e+00	0.0000e+00	0.0000e+00	0.0000e+00
979	0.0000e+00	0.0000e+00	0.0000e+00	0.0000e+00
980	0.0000e+00	0.0000e+00	0.0000e+00	0.0000e+00
981	0.0000e+00	0.0000e+00	0.0000e+00	0.0000e+00
982	0.0000e+00	0.0000e+00	0.0000e+00	0.0000e+00
983	0.0000e+00	0.0000e+00	0.0000e+00	0.0000e+00
984	0.0000e+00	0.0000e+00	0.0000e+00	0.0000e+00
985	0.0000e+00	0.0000e+00	0.0000e+00	0.0000e+00
986	0.0000e+00	0.0000e+00	0.0000e+00	0.0000e+00
987	0.0000e+00	0.0000e+00	0.0000e+00	0.0000e+00
988	0.0000e+00	0.0000e+00	0.0000e+00	0.0000e+00
989	0.0000e+00	0.0000e+00	0.0000e+00	0.0000e+00
990	0.0000e+00	0.0000e+00	0.0000e+00	0.0000e+00
991	0.0000e+00	0.0000e+00	0.0000e+00	0.0000e+00
992	0.0000e+00	0.0000e+00	0.0000e+00	0.0000e+00
993	0.0000e+00	0.0000e+00	0.0000e+00	0.0000e+00
994	0.0000e+00	0.0000e+00	0.0000e+00	0.0000e+00
995	0.0000e+00	0.0000e+00	0.0000e+00	0.0000e+00
996	0.0000e+00	0.0000e+00	0.0000e+00	0.0000e+00
997	0.0000e+00	0.0000e+00	0.0000e+00	0.0000e+00
998	0.0000e+00	0.0000e+00	0.0000e+00	0.0000e+00
999	0.0000e+00	0.0000e+00	0.0000e+00	0.0000e+00
1000	0.0000e+00	0.0000e+00	0.0000e+00	0.0000e+00
1001	0.0000e+00	0.0000e+00	0.0000e+00	0.0000e+00
1002	0.0000e+00	0.0000e+00	0.0000e+00	0.0000e+00
1003	0.0000e+00	0.0000e+00	0.0000e+00	0.0000e+00
1004	0.0000e+00	0.0000e+00	0.0000e+00	0.0000e+00
1005	0.0000e+00	0.0000e+00	0.0000e+00	0.0000e+00
1006	0.0000e+00	0.0000e+00	0.0000e+00	0.0000e+00
1007	0.0000e+00	0.0000e+00	0.0000e+00	0.0000e+00
1008	0.0000e+00	0.0000e+00	0.0000e+00	0.0000e+00
1009	0.0000e+00	0.0000e+00	0.0000e+00	0.0000e+00
1010	0.0000e+00	0.0000e+00	0.0000e+00	0.0000e+00
1011	0.0000e+00	0.0000e+00	0.0000e+00	0.0000e+00
1012	0.0000e+00	0.0000e+00	0.0000e+00	0.0000e+00
1013	0.0000e+00	0.0000e+00	0.0000e+00	0.0000e+00
1014	0.0000e+00	0.0000e+00	0.0000e+00	0.0000e+00
1015	0.0000e+00	0.0000e+00	0.0000e+00	0.0000e+00
1016	0.0000e+00	0.0000e+00	0.0000e+00	0.0000e+00
1017	0.0000e+00	0.0000e+00	0.0000e+00	0.0000e+00
1018	0.0000e+00	0.0000e+00	0.0000e+00	0.0000e+00
1019	0.0000e+00	0.0000e+00	0.0000e+00	0.0000e+00
1020	0.0000e+00	0.0000e+00	0.0000e+00	0.0000e+00
1021	0.0000e+00	0.0000e+00	0.0000e+00	0.0000e+00
1022	0.0000e+00	0.0000e+00	0.0000e+00	0.0000e+00
1023	0.0000e+00	0.0000e+00	0.0000e+00	0.0000e+00
1024	0.0000e+00	0.0000e+00	0.0000e+00	0.0000e+00
1025	0.0000e+00	0.0000e+00	0.0000e+00	0.0000e+00
1026	0.0000e+00	0.0000e+00	0.0000e+00	0.0000e+00
1027	0.0000e+00	0.0000e+00	0.0000e+00	0.0000e+00
1028	0.0000e+00	0.0000e+00	0.0000e+00	0.0000e+00
1029	0.0000e+00	0.0000e+00	0.0000e+00	0.0000e+00
1030	0.0000e+00	0.0000e+00	0.0000e+00	0.0000e+00
1031	0.0000e+00	0.0000e+00	0.0000e+00	0.0000e+00
1032	0.0000e+00	0.0000e+00	0.0000e+00	0.0000e+00
1033	0.0000e+00	0.0000e+00	0.0000e+00	0.0000e+00
1034	0.0000e+00	0.0000e+00	0.0000e+00	0.0000e+00
1035	0.0000e+00	0.0000e+00	0.0000e+00	0.0000e+00
1036	0.0000e+00	0.0000e+00	0.0000e+00	0.0000e+00
1037	0.0000e+00	0.0000e+00	0.0000e+00	0.0000e+00
1038	0.0000e+00	0.0000e+00	0.0000e+00	0.0000e+00
1039	0.0000e+00	0.0000e+00	0.0000e+00	0.0000e+00
1040	0.0000e+00	0.0000e+00	0.0000e+00	0.0000e+00
1041	0.0000e+00	0.0000e+00	0.0000e+00	0.0000e+00
1042	0.0000e+00	0.0000e+00	0.0000e+00	0.0000e+00
1043	0.0000e+00	0.0000e+00	0.0000e+00	0.0000e+00
1044	0.0000e+00	0.0000e+00	0.0000e+00	0.0000e+00
1045	0.0000e+00	0.0000e+00	0.0000e+00	0.0000e+00
1046	0.0000e+00	0.0000e+00	0.0000e+00	0.0000e+00
1047	0.0000e+00	0.0000e+00	0.0000e+00	0.0000e+00
1048	0.0000e+00	0.0000e+00	0.0000e+00	0.0000e+00
1049	0.0000e+00	0.0000e+00	0.0000e+00	0.0000e+00
1050	0.0000e+00	0.0000e+00	0.0000e+00	0.0000e+00
1051	0.0000e+00	0.0000e+00	0.0000e+00	0.0000e+00
1052	0.0000e+00	0.0000e+00	0.0000e+00	0.0000e+00
1053	0.0000e+00	0.0000e+00	0.0000e+00	0.0000e+00
1054	0.0000e+00	0.0000e+00	0.0000e+00	0.0000e+00
1055	0.0000e+00	0.0000e+00	0.0000e+00	0.0000e+00
1056	0.0000e+00	0.0000e+00	0.0000e+00	0.0000e+00
1057	0.0000e+00	0.0000e+00	0.0000e+00	0.0000e+00
1058	0.0000e+00	0.0000e+00	0.0000e+00	0.0000e+00
1059	0.0000e+00	0.0000e+00	0.0000e+00	0.0000e+00
1060	0.0000e+00	0.0000e+00	0.0000e+00	0.0000e+00
1061	0.0000e+00	0.0000e+00	0.0000e+00	0.0000e+00
1062	0.0000e+00	0.0000e+00	0.0000e+00	0.0000e+00
1063	0.0000e+00	0.0000e+00	0.0000e+00	0.0000e+00
1064	0.0000e+00	0.0000e+00	0.0000e+00	0.0000e+00
1065	0.0000e+00	0.0000e+00	0.0000e+00	0.0000e+00
1066	0.0000e+00	0.0000e+00	0.0000e+00	0.0000e+00
1067	0.0000e+00	0.0000e+00	0.0000e+00	0.0000e+00
1068	0.0000e+00	0.0000e+00	0.0000e+00	0.0000e+00
1069	0.0000e+00	0.0000e+00	0.0000e+00	0.0000e+00
1070	0.0000e+00	0.0000e+00	0.0000e+00	0.0000e+00
1071	0.0000e+00	0.0000e+00	0.0000e+00	0.0000e+00
1072	0.0000e+00	0.0000e+00	0.0000e+00	0.0000e+00
1073	0.0000e+00	0.0000e+00	0.0000e+00	0.0000e+00
1074	0.0000e+00	0.0000e+00	0.0000e+00	0.0000e+00
1075	0.0000e+00	0.0000e+00	0.0000e+00	0.0000e+00
1076	0.0000e+00	0.0000e+00	0.0000e+00	0.0000e+00
1077	0.0000e+00	0.0000e+00	0.0000e+00	0.0000e+00
1078	0.0000e+00	0.0000e+00	0.0000e+00	0.0000e+00
1079	0.0000e+00	0.0000e+00	0.0000e+00	0.0000e+00
1080	0.0000e+00	0.0000e+00	0.0000e+00	0.0000e+00
1081	0.0000e+00	0.0000e+00	0.0000e+00	0.0000e+00
1082	0.0000e+00	0.0000e+00	0.0000e+00	0.0000e+00
1083	0.0000e+00	0.0000e+00	0.0000e+00	0.0000e+00
1084	0.0000e+00	0.0000e+00	0.0000e+00	0.0000e+00
1085	0.0000e+00	0.0000e+00	0.0000e+00	0.0000e+00
1086	0.0000e+00	0.0000e+00	0.0000e+00	0.0000e+00
1087	0.0000e+00	0.0000e+00	0.0000e+00	0.0000e+00
1088	0.0000e+00	0.0000e+00	0.0000e+00	0.0000e+00
1089	0.0000e+00	0.0000e+00	0.0000e+00	0.0000e+00
1090	0.0000e+00	0.0000e+00	0.0000e+00	0.0000e+00
1091	0.0000e+00	0.0000e+00	0.0000e+00	0.0000e+00
1092	0.0000e+00	0.0000e+00	0.0000e+00	0.0000e+00
1093	0.0000e+00	0.0000e+00	0.0000e+00	0.0000e+00
1094	0.0000e+00	0.0000e+00	0.0000e+00	0.0000e+00
1095	0.0000e+00	0.0000e+00	0.0000e+00	0.0000e+00
1096	0.0000e+00	0.0000e+00	0.0000e+00	0.0000e+00
1097	0.0000e+00	0.0000e+00	0.0000e+00	0.0000e+00
1098	0.0000e+00	0.0000e+00	0.0000e+00	0.0000e+00
1099	0.0000e+00	0.0000e+00	0.0000e+00	0.0000e+00
1100	0.0000e+00	0.0000e+00	0.0000e+00	0.0000e+00
1101	0.0000e+00	0.0000e+00	0.0000e+00	0.0000e+00
1102	0.0000e+00	0.0000e+00	0.0000e+00	0.0000e+00
1103	0.0000e+00	0.0000e+00	0.0000e+00	0.0000e+00
1104	0.0000e+00	0.0000e+00	0.0000e+00	0.0000e+00
1105	0.0000e+00	0.0000e+00	0.0000e+00	0.0000e+00
1106	0.0000e+00	0.0000e+00	0.0000e+00	0.0000e+00
1107	0.0000e+00	0.0000e+00	0.0000e+00	0.0000e+00
1108	0.0000e+00	0.0000e+00	0.0000e+00	0.0000e+00
1109	0.0000e+00	0.0000e+00	0.0000e+00	0.0000e+00
1110	0.0000e+00	0.0000e+00	0.0000e+00	0.0000e+00
1111	0.0000e+00	0.0000e+00	0.0000e+00	0.0000e+00
1112	0.0000e+00	0.0000e+00	0.0000e+00	0.0000e+00
1113	0.0000e+00	0.0000e+00	0.0000e+00	0.0000e+00
1114	0.0000e+00	0.0000e+00	0.0000e+00	0.0000e+00
1115	0.0000e+00	0.0000e+00	0.0000e+00	0.0000e+00
1116	0.0000e+00	0.0000e+00	0.0000e+00	0.0000e+00
1117	0.0000e+00	0.0000e+00	0.0000e+00	0.0000e+00
1118	0.0000e+00	0.0000e+00	0.0000e+00	0.0000e+00
1119	0.0000e+00	0.0000e+00	0.0000e+00	0.0000e+00
1120	0.0000e+00	0.0000e+00	0.0000e+00	0.0000e+00
1121	0.0000e+00	0.0000e+00	0.0000e+00	0.0000e+00
1122	0.0000e+00	0.0000e+00	0.0000e+00	0.0000e+00
1123	0.0000e+00	0.0000e+00	0.0000e+00	0.0000e+00
1124	0.0000e+00	0.0000e+00	0.0000e+00	0.0000e+00
1125	0.0000e+00	0.0000e+00	0.0000e+00	0.0000e+00
1126	0.0000e+00	0.0000e+00	0.0000e+00	0.0000e+00
1127	0.0000e+00	0.0000e+00	0.0000e+00	0.0000e+00
1128	0.0000e+00	0.0000e+00	0.0000e+00	0.0000e+00
1129	0.0000e+00	0.0000e+00	0.0000e+00	0.0000e+00
1130	0.0000e+00	0.0000e+00	0.0000e+00	0.0000e+00
1131	0.0000e+00	0.0000e+00	0.0000e+00	0.0000e+00
1132	0.0000e+00	0.0000e+00	0.0000e+00	0.0000e+00
1133	0.0000e+00	0.0000e+00	0.0000e+00	0.0000e+00
1134	0.0000e+00	0.0000e+00	0.0000e+00	0.0000e+00
1135	0.0000e+00	0.0000e+00	0.0000e+00	0.0000e+00
1136	0.0000e+00	0.0000e+00	0.0000e+00	0.0000e+00
1137	0.0000e+00	0.0000e+00	0.0000e+00	0.0000e+00
1138	0.0000e+00	0.0000e+00	0.0000e+00	0.0000e+00
1139	0.0000e+00	0.0000e+00	0.0000e+00	0.0000e+00
1140	0.0000e+00	0.0000e+00	0.0000e+00	0.0000e+00
1141	0.0000e+00	0.0000e+00	0.0000e+00	0.0000e+00
1142	0.0000e+00	0.0000e+00	0.0000e+00	0.0000e+00
1143	0.0000e+00	0.0000e+00	0.0000e+00	0.0000e+00
1144	0.0000e+00	0.0000e+00	0.0000e+00	0.0000e+00
1145	0.0000e+00	0.0000e+00	0.0000e+00	0.0000e+00
1146	0.0000e+00	0.0000e+00	0.0000e+00	0.0000e+00
1147	0.0000e+00	0.0000e+00	0.0000e+00	0.0000e+00
1148	0.0000e+00	0.0000e+00	0.0000e+00	0.0000e+00
1149	0.0000e+00	0.0000e+00	0.0000e+00	0.0000e+00
1150	0.0000e+00	0.0000e+00	0.0000e+00	0.0000e+00
1151	0.0000e+00	0.0000e+00	0.0000e+00	0.0000e+00
1152	0.0000e+00	0.0000e+00	0.0000e+00	0.0000e+00
1153	0.0000e+00	0.0000e+00	0.0000e+00	0.0000e+00
1154	0.0000e+00	0.0000e+00	0.0000e+00	0.0000e+00
1155	0.0000e+00	0.0000e+00	0.0000e+00	0.0000e+00
1156	0.0000e+00	0.0000e+00	0.0000e+00	0.0000e+00
1157	0.0000e+00	0.0000e+00	0.0000e+00	0.0000e+00
1158	0.0000e+00	0.0000e+00	0.0000e+00	0.0000e+00
1159	0.0000e+00	0.0000e+00	0.0000e+00	0.0000e+00
1160	0.0000e+00	0.0000e+00	0.0000e+00	0.0000e+00
1161	0.0000e+00	0.0000e+00	0.0000e+00	0.0000e+00
1162	0.0000e+00	0.0000e+00	0.0000e+00	0.0000e+00
1163	0.0000e+00	0.0000e+00	0.0000e+00	0.0000e+00
1164	0.0000e+00	0.0000e+00	0.0000e+00	0.0000e+00
1165	0.0000e+00	0.0000e+00	0.0000e+00	0.0000e+00
1166	0.0000e+00	0.0000e+00	0.0000e+00	0.0000e+00
1167	0.0000e+00	0.0000e+00	0.0000e+00	0.0000e+00
1168	0.0000e+00	0.0000e+00	0.0000e+00	0.0000e+00
1169	0.0000e+00	0.0000e+00	0.0000e+00	0.0000e+00
1170	0.0000e+00	0.0000e+00	0.0000e+00	0.0000e+00
1171	0.0000e+00	0.0000e+00	0.0000e+00	0.0000e+00
1172	0.0000e+00	0.0000e+00	0.0000e+00	0.0000e+00
1173	0.0000e+00	0.0000e+00	0.0000e+00	0.0000e+00
1174	0.0000e+00	0.0000e+00	0.0000e+00	0.0000e+00
1175	0.0000e+00	0.0000e+00	0.0000e+00	0.0000e+00
1176	0.0000e+00	0.0000e+00	0.0000e+00	0.0000e+00
1177	0.0000e+00	0.0000e+00	0.0000e+00	0.0000e+00
1178	0.0000e+00	0.0000e+00	0.0000e+00	0.0000e+00
1179	0.0000e+00	0.0000e+00	0.0000e+00	0.0000e+00
1180	0.0000e+00	0.0000e+00	0.0000e+00	0.0000e+00
1181	0.0000e+00	0.0000e+00	0.0000e+00	0.0000e+00
1182	0.0000e+00	0.0000e+00	0.0000e+00	0.0000e+00
1183	0.0000e+00	0.0000e+00	0.0000e+00	0.0000e+00
1184	0.0000e+00	0.0000e+00	0.0000e+00	0.0000e+00
1185	0.0000e+00	0.0000e+00	0.0000e+00	0.0000e+00
1186	0.0000e+00	0.0000e+00	0.0000e+00	0.0000e+00
1187	0.0000e+00	0.0000e+00	0.0000e+00	0.0000e+00
1188	0.0000e+00	0.0000e+00	0.0000e+00	0.0000e+00
1189	0.0000e+00	0.0000e+00	0.0000e+00	0.0000e+00
1190	0.0000e+00	0.0000e+00	0.0000e+00	0.0000e+00
1191	0.0000e+00	0.0000e+00	0.0000e+00	0.0000e+00
1192	0.0000e+00	0.0000e+00	0.0000e+00	0.0000e+00
1193	0.0000e+00	0.0000e+00	0.0000e+00	0.0000e+00
1194	0.0000e+00	0.0000e+00	0.0000e+00	0.0000e+00
1195	0.0000e+00	0.0000e+00	0.0000e+00	0.0000e+00
1196	0.0000e+00	0.0000e+00	0.0000e+00	0.0000e+00
1197	0.0000e+00	0.0000e+00	0.0000e+00	0.0000e+00
1198	0.0000e+00	0.0000e+00	0.0000e+00	0.0000e+00
1199	0.0000e+00	0.0000e+00	0.0000e+00	0.0000e+00
1200	0.0000e+00	0.0000e+00	0.0000e+00	0.0000e+00
