2	0.0000e+00	0.0000e+00	6.8852e-07	0.0000e+00
3	0.0000e+00	0.0000e+00	2.1845e-06	0.0000e+00
4	0.0000e+00	0.0000e+00	4.5986e-06	0.0000e+00
5	0.0000e+00	0.0000e+00	7.8881e-06	0.0000e+00
6	0.0000e+00	0.0000e+00	1.1854e-05	0.0000e+00
7	0.0000e+00	0.0000e+00	1.6161e-05	0.0000e+00
8	0.0000e+00	0.0000e+00	2.0372e-05	0.0000e+00
9	0.0000e+00	0.0000e+00	2.4009e-05	0.0000e+00
10	0.0000e+00	0.0000e+00	2.6607e-05	0.0000e+00
11	0.0000e+00	0.0000e+00	2.7787e-05	0.0000e+00
12	0.0000e+00	0.0000e+00	2.7303e-05	0.0000e+00
13	0.0000e+00	0.0000e+00	2.5085e-05	0.0000e+00
14	0.0000e+00	0.0000e+00	2.1259e-05	0.0000e+00
15	0.0000e+00	0.0000e+00	1.6139e-05	0.0000e+00
16	0.0000e+00	0.0000e+00	1.0196e-05	0.0000e+00
17	0.0000e+00	0.0000e+00	4.0057e-06	0.0000e+00
18	0.0000e+00	0.0000e+00	-1.8202e-06	0.0000e+00
19	0.0000e+00	0.0000e+00	-6.7079e-06	0.0000e+00
20	0.0000e+00	0.0000e+00	-1.0194e-05	0.0000e+00
21	0.0000e+00	0.0000e+00	-1.1985e-05	0.0000e+00
22	0.0000e+00	0.0000e+00	-1.1994e-05	0.0000e+00
23	0.0000e+00	0.0000e+00	-1.0353e-05	0.0000e+00
24	0.0000e+00	0.0000e+00	-7.3932e-06	0.0000e+00
25	0.0000e+00	0.0000e+00	-3.6038e-06	0.0000e+00
26	0.0000e+00	0.0000e+00	4.3774e-07	0.0000e+00
27	0.0000e+00	0.0000e+00	4.1432e-06	0.0000e+00
28	0.0000e+00	0.0000e+00	6.9944e-06	0.0000e+00
29	0.0000e+00	0.0000e+00	8.6137e-06	0.0000e+00
30	0.0000e+00	0.0000e+00	8.8152e-06	0.0000e+00
31	0.0000e+00	0.0000e+00	7.6276e-06	0.0000e+00
32	0.0000e+00	0.0000e+00	5.2864e-06	0.0000e+00
33	0.0000e+00	0.0000e+00	2.1954e-06	0.0000e+00
34	0.0000e+00	0.0000e+00	-1.1364e-06	0.0000e+00
35	0.0000e+00	0.0000e+00	-4.1739e-06	0.0000e+00
36	0.0000e+00	0.0000e+00	-6.4383e-06	0.0000e+00
37	0.0000e+00	0.0000e+00	-7.5815e-06	0.0000e+00
38	0.0000e+00	0.0000e+00	-7.4391e-06	0.0000e+00
39	0.0000e+00	0.0000e+00	-6.0559e-06	0.0000e+00
40	0.0000e+00	0.0000e+00	-3.6776e-06	0.0000e+00
41	0.0000e+00	0.0000e+00	-7.1077e-07	0.0000e+00
42	0.0000e+00	0.0000e+00	2.3432e-06	0.0000e+00
43	0.0000e+00	0.0000e+00	4.9698e-06	0.0000e+00
44	0.0000e+00	0.0000e+00	6.7263e-06	0.0000e+00
45	0.0000e+00	0.0000e+00	7.3150e-06	0.0000e+00
46	0.0000e+00	0.0000e+00	6.6340e-06	0.0000e+00
47	0.0000e+00	0.0000e+00	4.7959e-06	0.0000e+00
48	0.0000e+00	0.0000e+00	2.1114e-06	0.0000e+00
49	0.0000e+00	0.0000e+00	-9.6093e-07	0.0000e+00
50	0.0000e+00	0.0000e+00	-3.8903e-06	0.0000e+00
51	0.0000e+00	0.0000e+00	-6.1630e-06	0.0000e+00
52	0.0000e+00	0.0000e+00	-7.3708e-06	0.0000e+00
53	0.0000e+00	0.0000e+00	-7.2832e-06	0.0000e+00
54	0.0000e+00	0.0000e+00	-5.8912e-06	0.0000e+00
55	0.0000e+00	0.0000e+00	-3.4141e-06	0.0000e+00
56	0.0000e+00	0.0000e+00	-2.6719e-07	0.0000e+00
57	0.0000e+00	0.0000e+00	3.0049e-06	0.0000e+00
58	0.0000e+00	0.0000e+00	5.8200e-06	0.0000e+00
59	0.0000e+00	0.0000e+00	7.6591e-06	0.0000e+00
60	0.0000e+00	0.0000e+00	8.1601e-06	0.0000e+00
61	0.0000e+00	0.0000e+00	7.1869e-06	0.0000e+00
62	0.0000e+00	0.0000e+00	4.8621e-06	0.0000e+00
63	0.0000e+00	0.0000e+00	1.5559e-06	0.0000e+00
64	0.0000e+00	0.0000e+00	-2.1701e-06	0.0000e+00
65	0.0000e+00	0.0000e+00	-5.6540e-06	0.0000e+00
66	0.0000e+00	0.0000e+00	-8.2476e-06	0.0000e+00
67	0.0000e+00	0.0000e+00	-9.4326e-06	0.0000e+00
68	0.0000e+00	0.0000e+00	-8.9207e-06	0.0000e+00
69	0.0000e+00	0.0000e+00	-6.7170e-06	0.0000e+00
70	0.0000e+00	0.0000e+00	-3.1353e-06	0.0000e+00
71	0.0000e+00	0.0000e+00	1.2406e-06	0.0000e+00
72	0.0000e+00	0.0000e+00	5.6463e-06	0.0000e+00
73	0.0000e+00	0.0000e+00	9.2640e-06	0.0000e+00
74	0.0000e+00	0.0000e+00	1.1367e-05	0.0000e+00
75	0.0000e+00	0.0000e+00	1.1459e-05	0.0000e+00
76	0.0000e+00	0.0000e+00	9.3780e-06	0.0000e+00
77	0.0000e+00	0.0000e+00	5.3532e-06	0.0000e+00
78	0.0000e+00	0.0000e+00	-8.6449e-09	0.0000e+00
79	0.0000e+00	0.0000e+00	-5.8038e-06	0.0000e+00
80	0.0000e+00	0.0000e+00	-1.0972e-05	0.0000e+00
81	0.0000e+00	0.0000e+00	-1.4477e-05	0.0000e+00
82	0.0000e+00	0.0000e+00	-1.5501e-05	0.0000e+00
83	0.0000e+00	0.0000e+00	-1.3610e-05	0.0000e+00
84	0.0000e+00	0.0000e+00	-8.8763e-06	0.0000e+00
85	0.0000e+00	0.0000e+00	-1.9138e-06	0.0000e+00
86	0.0000e+00	0.0000e+00	6.1789e-06	0.0000e+00
87	0.0000e+00	0.0000e+00	1.3967e-05	0.0000e+00
88	0.0000e+00	0.0000e+00	1.9905e-05	0.0000e+00
89	0.0000e+00	0.0000e+00	2.2612e-05	0.0000e+00
90	0.0000e+00	0.0000e+00	2.1144e-05	0.0000e+00
91	0.0000e+00	0.0000e+00	1.5229e-05	0.0000e+00
92	0.0000e+00	0.0000e+00	5.4041e-06	0.0000e+00
93	0.0000e+00	0.0000e+00	-6.9639e-06	0.0000e+00
94	0.0000e+00	0.0000e+00	-1.9812e-05	0.0000e+00
95	0.0000e+00	0.0000e+00	-3.0655e-05	0.0000e+00
96	0.0000e+00	0.0000e+00	-3.6975e-05	0.0000e+00
97	0.0000e+00	0.0000e+00	-3.6687e-05	0.0000e+00
98	0.0000e+00	0.0000e+00	-2.8603e-05	0.0000e+00
99	0.0000e+00	0.0000e+00	-1.2823e-05	0.0000e+00
100	0.0000e+00	0.0000e+00	9.0179e-06	0.0000e+00
101	0.0000e+00	0.0000e+00	3.3730e-05	0.0000e+00
102	0.0000e+00	0.0000e+00	5.6803e-05	0.0000e+00
103	0.0000e+00	0.0000e+00	7.2921e-05	0.0000e+00
104	0.0000e+00	0.0000e+00	7.6741e-05	0.0000e+00
105	0.0000e+00	0.0000e+00	6.3866e-05	0.0000e+00
106	0.0000e+00	0.0000e+00	3.1940e-05	0.0000e+00
107	0.0000e+00	0.0000e+00	-1.8265e-05	0.0000e+00
108	0.0000e+00	0.0000e+00	-8.1889e-05	0.0000e+00
109	0.0000e+00	0.0000e+00	-1.4929e-04	0.0000e+00
110	0.0000e+00	0.0000e+00	-2.0571e-04	0.0000e+00
111	0.0000e+00	0.0000e+00	-2.3144e-04	0.0000e+00
112	0.0000e+00	0.0000e+00	-2.0243e-04	0.0000e+00
113	0.0000e+00	0.0000e+00	-9.1437e-05	0.0000e+00
114	0.0000e+00	0.0000e+00	1.3034e-04	0.0000e+00
115	0.0000e+00	0.0000e+00	4.9140e-04	0.0000e+00
116	0.0000e+00	0.0000e+00	1.0177e-03	0.0000e+00
117	0.0000e+00	0.0000e+00	1.7307e-03	0.0000e+00
118	0.0000e+00	0.0000e+00	2.6451e-03	0.0000e+00
119	0.0000e+00	0.0000e+00	3.7674e-03	0.0000e+00
120	0.0000e+00	0.0000e+00	5.0946e-03	0.0000e+00
121	0.0000e+00	0.0000e+00	6.6136e-03	0.0000e+00
122	0.0000e+00	0.0000e+00	8.3017e-03	0.0000e+00
123	0.0000e+00	0.0000e+00	1.0127e-02	0.0000e+00
124	0.0000e+00	0.0000e+00	1.2050e-02	0.0000e+00
125	0.0000e+00	0.0000e+00	1.4025e-02	0.0000e+00
126	0.0000e+00	0.0000e+00	1.6005e-02	0.0000e+00
127	0.0000e+00	0.0000e+00	1.7941e-02	0.0000e+00
128	0.0000e+00	0.0000e+00	1.9788e-02	0.0000e+00
129	0.0000e+00	0.0000e+00	2.1503e-02	0.0000e+00
130	0.0000e+00	0.0000e+00	2.3053e-02	0.0000e+00
131	0.0000e+00	0.0000e+00	2.4414e-02	0.0000e+00
132	0.0000e+00	0.0000e+00	2.5570e-02	0.0000e+00
133	0.0000e+00	0.0000e+00	2.6518e-02	0.0000e+00
134	0.0000e+00	0.0000e+00	2.7262e-02	0.0000e+00
135	0.0000e+00	0.0000e+00	2.7818e-02	0.0000e+00
136	0.0000e+00	0.0000e+00	2.8208e-02	0.0000e+00
137	0.0000e+00	0.0000e+00	2.8462e-02	0.0000e+00
138	0.0000e+00	0.0000e+00	2.8609e-02	0.0000e+00
139	0.0000e+00	0.0000e+00	2.8682e-02	0.0000e+00
140	0.0000e+00	0.0000e+00	2.8710e-02	0.0000e+00
141	0.0000e+00	0.0000e+00	2.8717e-02	0.0000e+00
142	0.0000e+00	0.0000e+00	2.8722e-02	0.0000e+00
143	0.0000e+00	0.0000e+00	2.8735e-02	0.0000e+00
144	0.0000e+00	0.0000e+00	2.8757e-02	0.0000e+00
145	0.0000e+00	0.0000e+00	2.8780e-02	0.0000e+00
146	0.0000e+00	0.0000e+00	2.8787e-02	0.0000e+00
147	0.0000e+00	0.0000e+00	2.8755e-02	0.0000e+00
148	0.0000e+00	0.0000e+00	2.8654e-02	0.0000e+00
149	0.0000e+00	0.0000e+00	2.8454e-02	0.0000e+00
150	0.0000e+00	0.0000e+00	2.8120e-02	0.0000e+00
151	0.0000e+00	0.0000e+00	2.7624e-02	0.0000e+00
152	0.0000e+00	0.0000e+00	2.6940e-02	0.0000e+00
153	0.0000e+00	0.0000e+00	2.6052e-02	0.0000e+00
154	0.0000e+00	0.0000e+00	2.4950e-02	0.0000e+00
155	0.0000e+00	0.0000e+00	2.3638e-02	0.0000e+00
156	0.0000e+00	0.0000e+00	2.2128e-02	0.0000e+00
157	0.0000e+00	0.0000e+00	2.0445e-02	0.0000e+00
158	0.0000e+00	0.0000e+00	1.8621e-02	0.0000e+00
159	0.0000e+00	0.0000e+00	1.6698e-02	0.0000e+00
160	0.0000e+00	0.0000e+00	1.4721e-02	0.0000e+00
161	0.0000e+00	0.0000e+00	1.2740e-02	0.0000e+00
162	0.0000e+00	0.0000e+00	1.0803e-02	0.0000e+00
163	0.0000e+00	0.0000e+00	8.9556e-03	0.0000e+00
164	0.0000e+00	0.0000e+00	7.2379e-03	0.0000e+00
165	0.0000e+00	0.0000e+00	5.6823e-03	0.0000e+00
166	0.0000e+00	0.0000e+00	4.3120e-03	0.0000e+00
167	0.0000e+00	0.0000e+00	3.1407e-03	0.0000e+00
168	0.0000e+00	0.0000e+00	2.1722e-03	0.0000e+00
169	0.0000e+00	0.0000e+00	1.4010e-03	0.0000e+00
170	0.0000e+00	0.0000e+00	8.1386e-04	0.0000e+00
171	0.0000e+00	0.0000e+00	3.9100e-04	0.0000e+00
172	0.0000e+00	0.0000e+00	1.0841e-04	0.0000e+00
173	0.0000e+00	0.0000e+00	-6.0269e-05	0.0000e+00
174	0.0000e+00	0.0000e+00	-1.4176e-04	0.0000e+00
175	0.0000e+00	0.0000e+00	-1.6140e-04	0.0000e+00
176	0.0000e+00	0.0000e+00	-1.4175e-04	0.0000e+00
177	0.0000e+00	0.0000e+00	-1.0157e-04	0.0000e+00
178	0.0000e+00	0.0000e+00	-5.5383e-05	0.0000e+00
179	0.0000e+00	0.0000e+00	-1.3286e-05	0.0000e+00
180	0.0000e+00	0.0000e+00	1.8714e-05	0.0000e+00
181	0.0000e+00	0.0000e+00	3.8137e-05	0.0000e+00
182	0.0000e+00	0.0000e+00	4.5252e-05	0.0000e+00
183	0.0000e+00	0.0000e+00	4.2217e-05	0.0000e+00
184	0.0000e+00	0.0000e+00	3.2228e-05	0.0000e+00
185	0.0000e+00	0.0000e+00	1.8767e-05	0.0000e+00
186	0.0000e+00	0.0000e+00	5.0050e-06	0.0000e+00
187	0.0000e+00	0.0000e+00	-6.6046e-06	0.0000e+00
188	0.0000e+00	0.0000e+00	-1.4531e-05	0.0000e+00
189	0.0000e+00	0.0000e+00	-1.8194e-05	0.0000e+00
190	0.0000e+00	0.0000e+00	-1.7848e-05	0.0000e+00
191	0.0000e+00	0.0000e+00	-1.4363e-05	0.0000e+00
192	0.0000e+00	0.0000e+00	-8.9579e-06	0.0000e+00
193	0.0000e+00	0.0000e+00	-2.9380e-06	0.0000e+00
194	0.0000e+00	0.0000e+00	2.5348e-06	0.0000e+00
195	0.0000e+00	0.0000e+00	6.6039e-06	0.0000e+00
196	0.0000e+00	0.0000e+00	8.8031e-06	0.0000e+00
197	0.0000e+00	0.0000e+00	9.0648e-06	0.0000e+00
198	0.0000e+00	0.0000e+00	7.6626e-06	0.0000e+00
199	0.0000e+00	0.0000e+00	5.1097e-06	0.0000e+00
200	0.0000e+00	0.0000e+00	2.0337e-06	0.0000e+00
201	0.0000e+00	0.0000e+00	-9.4566e-07	0.0000e+00
202	0.0000e+00	0.0000e+00	-3.3200e-06	0.0000e+00
203	0.0000e+00	0.0000e+00	-4.7607e-06	0.0000e+00
204	0.0000e+00	0.0000e+00	-5.1481e-06	0.0000e+00
205	0.0000e+00	0.0000e+00	-4.5614e-06	0.0000e+00
206	0.0000e+00	0.0000e+00	-3.2375e-06	0.0000e+00
207	0.0000e+00	0.0000e+00	-1.5090e-06	0.0000e+00
208	0.0000e+00	0.0000e+00	2.6614e-07	0.0000e+00
209	0.0000e+00	0.0000e+00	1.7684e-06	0.0000e+00
210	0.0000e+00	0.0000e+00	2.7669e-06	0.0000e+00
211	0.0000e+00	0.0000e+00	3.1478e-06	0.0000e+00
212	0.0000e+00	0.0000e+00	2.9191e-06	0.0000e+00
213	0.0000e+00	0.0000e+00	2.1944e-06	0.0000e+00
214	0.0000e+00	0.0000e+00	1.1605e-06	0.0000e+00
215	0.0000e+00	0.0000e+00	3.6686e-08	0.0000e+00
216	0.0000e+00	0.0000e+00	-9.6751e-07	0.0000e+00
217	0.0000e+00	0.0000e+00	-1.6872e-06	0.0000e+00
218	0.0000e+00	0.0000e+00	-2.0259e-06	0.0000e+00
219	0.0000e+00	0.0000e+00	-1.9647e-06	0.0000e+00
220	0.0000e+00	0.0000e+00	-1.5573e-06	0.0000e+00
221	0.0000e+00	0.0000e+00	-9.1260e-07	0.0000e+00
222	0.0000e+00	0.0000e+00	-1.7000e-07	0.0000e+00
223	0.0000e+00	0.0000e+00	5.2817e-07	0.0000e+00
224	0.0000e+00	0.0000e+00	1.0619e-06	0.0000e+00
225	0.0000e+00	0.0000e+00	1.3524e-06	0.0000e+00
226	0.0000e+00	0.0000e+00	1.3715e-06	0.0000e+00
227	0.0000e+00	0.0000e+00	1.1421e-06	0.0000e+00
228	0.0000e+00	0.0000e+00	7.2883e-07	0.0000e+00
229	0.0000e+00	0.0000e+00	2.2283e-07	0.0000e+00
230	0.0000e+00	0.0000e+00	-2.7682e-07	0.0000e+00
231	0.0000e+00	0.0000e+00	-6.8129e-07	0.0000e+00
232	0.0000e+00	0.0000e+00	-9.2682e-07	0.0000e+00
233	0.0000e+00	0.0000e+00	-9.8362e-07	0.0000e+00
234	0.0000e+00	0.0000e+00	-8.5817e-07	0.0000e+00
235	0.0000e+00	0.0000e+00	-5.8884e-07	0.0000e+00
236	0.0000e+00	0.0000e+00	-2.3632e-07	0.0000e+00
237	0.0000e+00	0.0000e+00	1.2908e-07	0.0000e+00
238	0.0000e+00	0.0000e+00	4.4071e-07	0.0000e+00
239	0.0000e+00	0.0000e+00	6.4710e-07	0.0000e+00
240	0.0000e+00	0.0000e+00	7.1984e-07	0.0000e+00
241	0.0000e+00	0.0000e+00	6.5673e-07	0.0000e+00
242	0.0000e+00	0.0000e+00	4.8004e-07	0.0000e+00
243	0.0000e+00	0.0000e+00	2.3058e-07	0.0000e+00
244	0.0000e+00	0.0000e+00	-4.1053e-08	0.0000e+00
245	0.0000e+00	0.0000e+00	-2.8427e-07	0.0000e+00
246	0.0000e+00	0.0000e+00	-4.5747e-07	0.0000e+00
247	0.0000e+00	0.0000e+00	-5.3483e-07	0.0000e+00
248	0.0000e+00	0.0000e+00	-5.0966e-07	0.0000e+00
249	0.0000e+00	0.0000e+00	-3.9414e-07	0.0000e+00
250	0.0000e+00	0.0000e+00	-2.1580e-07	0.0000e+00
251	0.0000e+00	0.0000e+00	-1.1383e-08	0.0000e+00
252	0.0000e+00	0.0000e+00	1.8035e-07	0.0000e+00
253	0.0000e+00	0.0000e+00	3.2573e-07	0.0000e+00
254	0.0000e+00	0.0000e+00	4.0182e-07	0.0000e+00
255	0.0000e+00	0.0000e+00	3.9979e-07	0.0000e+00
256	0.0000e+00	0.0000e+00	3.2545e-07	0.0000e+00
257	0.0000e+00	0.0000e+00	1.9726e-07	0.0000e+00
258	0.0000e+00	0.0000e+00	4.2052e-08	0.0000e+00
259	0.0000e+00	0.0000e+00	-1.1028e-07	0.0000e+00
260	0.0000e+00	0.0000e+00	-2.3240e-07	0.0000e+00
261	0.0000e+00	0.0000e+00	-3.0425e-07	0.0000e+00
262	0.0000e+00	0.0000e+00	-3.1617e-07	0.0000e+00
263	0.0000e+00	0.0000e+00	-2.6994e-07	0.0000e+00
264	0.0000e+00	0.0000e+00	-1.7772e-07	0.0000e+00
265	0.0000e+00	0.0000e+00	-5.9164e-08	0.0000e+00
266	0.0000e+00	0.0000e+00	6.2576e-08	0.0000e+00
267	0.0000e+00	0.0000e+00	1.6526e-07	0.0000e+00
268	0.0000e+00	0.0000e+00	2.3149e-07	0.0000e+00
269	0.0000e+00	0.0000e+00	2.5155e-07	0.0000e+00
270	0.0000e+00	0.0000e+00	2.2467e-07	0.0000e+00
271	0.0000e+00	0.0000e+00	1.5861e-07	0.0000e+00
272	0.0000e+00	0.0000e+00	6.7739e-08	0.0000e+00
273	0.0000e+00	0.0000e+00	-2.9969e-08	0.0000e+00
274	0.0000e+00	0.0000e+00	-1.1638e-07	0.0000e+00
275	0.0000e+00	0.0000e+00	-1.7650e-07	0.0000e+00
276	0.0000e+00	0.0000e+00	-2.0098e-07	0.0000e+00
277	0.0000e+00	0.0000e+00	-1.8747e-07	0.0000e+00
278	0.0000e+00	0.0000e+00	-1.4064e-07	0.0000e+00
279	0.0000e+00	0.0000e+00	-7.0917e-08	0.0000e+00
280	0.0000e+00	0.0000e+00	7.7218e-09	0.0000e+00
281	0.0000e+00	0.0000e+00	8.0487e-08	0.0000e+00
282	0.0000e+00	0.0000e+00	1.3450e-07	0.0000e+00
283	0.0000e+00	0.0000e+00	1.6099e-07	0.0000e+00
284	0.0000e+00	0.0000e+00	1.5670e-07	0.0000e+00
285	0.0000e+00	0.0000e+00	1.2411e-07	0.0000e+00
286	0.0000e+00	0.0000e+00	7.0699e-08	0.0000e+00
287	0.0000e+00	0.0000e+00	7.3184e-09	0.0000e+00
288	0.0000e+00	0.0000e+00	-5.3966e-08	0.0000e+00
289	0.0000e+00	0.0000e+00	-1.0212e-07	0.0000e+00
290	0.0000e+00	0.0000e+00	-1.2910e-07	0.0000e+00
291	0.0000e+00	0.0000e+00	-1.3111e-07	0.0000e+00
292	0.0000e+00	0.0000e+00	-1.0912e-07	0.0000e+00
293	0.0000e+00	0.0000e+00	-6.8380e-08	0.0000e+00
294	0.0000e+00	0.0000e+00	-1.7293e-08	0.0000e+00
295	0.0000e+00	0.0000e+00	3.4308e-08	0.0000e+00
296	0.0000e+00	0.0000e+00	7.7002e-08	0.0000e+00
297	0.0000e+00	0.0000e+00	1.0347e-07	0.0000e+00
298	0.0000e+00	0.0000e+00	1.0972e-07	0.0000e+00
299	0.0000e+00	0.0000e+00	9.5638e-08	0.0000e+00
300	0.0000e+00	0.0000e+00	6.4807e-08	0.0000e+00
301	0.0000e+00	0.0000e+00	2.3682e-08	0.0000e+00
302	0.0000e+00	0.0000e+00	-1.9731e-08	0.0000e+00
303	0.0000e+00	0.0000e+00	-5.7408e-08	0.0000e+00
304	0.0000e+00	0.0000e+00	-8.2763e-08	0.0000e+00
305	0.0000e+00	0.0000e+00	-9.1774e-08	0.0000e+00
306	0.0000e+00	0.0000e+00	-8.3591e-08	0.0000e+00
307	0.0000e+00	0.0000e+00	-6.0535e-08	0.0000e+00
308	0.0000e+00	0.0000e+00	-2.7522e-08	0.0000e+00
309	0.0000e+00	0.0000e+00	8.9527e-09	0.0000e+00
310	0.0000e+00	0.0000e+00	4.2071e-08	0.0000e+00
311	0.0000e+00	0.0000e+00	6.5949e-08	0.0000e+00
312	0.0000e+00	0.0000e+00	7.6662e-08	0.0000e+00
313	0.0000e+00	0.0000e+00	7.2868e-08	0.0000e+00
314	0.0000e+00	0.0000e+00	5.5931e-08	0.0000e+00
315	0.0000e+00	0.0000e+00	2.9546e-08	0.0000e+00
316	0.0000e+00	0.0000e+00	-1.0365e-09	0.0000e+00
317	0.0000e+00	0.0000e+00	-3.0043e-08	0.0000e+00
318	0.0000e+00	0.0000e+00	-5.2248e-08	0.0000e+00
319	0.0000e+00	0.0000e+00	-6.3902e-08	0.0000e+00
320	0.0000e+00	0.0000e+00	-6.3350e-08	0.0000e+00
321	0.0000e+00	0.0000e+00	-5.1235e-08	0.0000e+00
322	0.0000e+00	0.0000e+00	-3.0283e-08	0.0000e+00
323	0.0000e+00	0.0000e+00	-4.7105e-09	0.0000e+00
324	0.0000e+00	0.0000e+00	2.0607e-08	0.0000e+00
325	0.0000e+00	0.0000e+00	4.1054e-08	0.0000e+00
326	0.0000e+00	0.0000e+00	5.3105e-08	0.0000e+00
327	0.0000e+00	0.0000e+00	5.4919e-08	0.0000e+00
328	0.0000e+00	0.0000e+00	4.6604e-08	0.0000e+00
329	0.0000e+00	0.0000e+00	3.0112e-08	0.0000e+00
330	0.0000e+00	0.0000e+00	8.8059e-09	0.0000e+00
331	0.0000e+00	0.0000e+00	-1.3215e-08	0.0000e+00
332	0.0000e+00	0.0000e+00	-3.1894e-08	0.0000e+00
333	0.0000e+00	0.0000e+00	-4.3953e-08	0.0000e+00
334	0.0000e+00	0.0000e+00	-4.7464e-08	0.0000e+00
335	0.0000e+00	0.0000e+00	-4.2137e-08	0.0000e+00
336	0.0000e+00	0.0000e+00	-2.9311e-08	0.0000e+00
337	0.0000e+00	0.0000e+00	-1.1640e-08	0.0000e+00
338	0.0000e+00	0.0000e+00	7.4438e-09	0.0000e+00
339	0.0000e+00	0.0000e+00	2.4392e-08	0.0000e+00
340	0.0000e+00	0.0000e+00	3.6188e-08	0.0000e+00
341	0.0000e+00	0.0000e+00	4.0880e-08	0.0000e+00
342	0.0000e+00	0.0000e+00	3.7894e-08	0.0000e+00
343	0.0000e+00	0.0000e+00	2.8082e-08	0.0000e+00
344	0.0000e+00	0.0000e+00	1.3511e-08	0.0000e+00
345	0.0000e+00	0.0000e+00	-2.9638e-09	0.0000e+00
346	0.0000e+00	0.0000e+00	-1.8250e-08	0.0000e+00
347	0.0000e+00	0.0000e+00	-2.9594e-08	0.0000e+00
348	0.0000e+00	0.0000e+00	-3.5073e-08	0.0000e+00
349	0.0000e+00	0.0000e+00	-3.3910e-08	0.0000e+00
350	0.0000e+00	0.0000e+00	-2.6573e-08	0.0000e+00
351	0.0000e+00	0.0000e+00	-1.4644e-08	0.0000e+00
352	0.0000e+00	0.0000e+00	-4.8425e-10	0.0000e+00
353	0.0000e+00	0.0000e+00	1.3228e-08	0.0000e+00
354	0.0000e+00	0.0000e+00	2.3996e-08	0.0000e+00
355	0.0000e+00	0.0000e+00	2.9958e-08	0.0000e+00
356	0.0000e+00	0.0000e+00	3.0201e-08	0.0000e+00
357	0.0000e+00	0.0000e+00	2.4894e-08	0.0000e+00
358	0.0000e+00	0.0000e+00	1.5217e-08	0.0000e+00
359	0.0000e+00	0.0000e+00	3.1051e-09	0.0000e+00
360	0.0000e+00	0.0000e+00	-9.1314e-09	0.0000e+00
361	0.0000e+00	0.0000e+00	-1.9244e-08	0.0000e+00
362	0.0000e+00	0.0000e+00	-2.5457e-08	0.0000e+00
363	0.0000e+00	0.0000e+00	-2.6771e-08	0.0000e+00
364	0.0000e+00	0.0000e+00	-2.3125e-08	0.0000e+00
365	0.0000e+00	0.0000e+00	-1.5365e-08	0.0000e+00
366	0.0000e+00	0.0000e+00	-5.0619e-09	0.0000e+00
367	0.0000e+00	0.0000e+00	5.8026e-09	0.0000e+00
368	0.0000e+00	0.0000e+00	1.5216e-08	0.0000e+00
369	0.0000e+00	0.0000e+00	2.1502e-08	0.0000e+00
370	0.0000e+00	0.0000e+00	2.3619e-08	0.0000e+00
371	0.0000e+00	0.0000e+00	2.1324e-08	0.0000e+00
372	0.0000e+00	0.0000e+00	1.5193e-08	0.0000e+00
373	0.0000e+00	0.0000e+00	6.4853e-09	0.0000e+00
374	0.0000e+00	0.0000e+00	-3.1118e-09	0.0000e+00
375	0.0000e+00	0.0000e+00	-1.1806e-08	0.0000e+00
376	0.0000e+00	0.0000e+00	-1.8033e-08	0.0000e+00
377	0.0000e+00	0.0000e+00	-2.0734e-08	0.0000e+00
378	0.0000e+00	0.0000e+00	-1.9533e-08	0.0000e+00
379	0.0000e+00	0.0000e+00	-1.4785e-08	0.0000e+00
380	0.0000e+00	0.0000e+00	-7.4805e-09	0.0000e+00
381	0.0000e+00	0.0000e+00	9.5219e-10	0.0000e+00
382	0.0000e+00	0.0000e+00	8.9269e-09	0.0000e+00
383	0.0000e+00	0.0000e+00	1.4995e-08	0.0000e+00
384	0.0000e+00	0.0000e+00	1.8104e-08	0.0000e+00
385	0.0000e+00	0.0000e+00	1.7784e-08	0.0000e+00
386	0.0000e+00	0.0000e+00	1.4205e-08	0.0000e+00
387	0.0000e+00	0.0000e+00	8.1326e-09	0.0000e+00
388	0.0000e+00	0.0000e+00	7.6464e-10	0.0000e+00
389	0.0000e+00	0.0000e+00	-6.5033e-09	0.0000e+00
390	0.0000e+00	0.0000e+00	-1.2339e-08	0.0000e+00
391	0.0000e+00	0.0000e+00	-1.5717e-08	0.0000e+00
392	0.0000e+00	0.0000e+00	-1.6096e-08	0.0000e+00
393	0.0000e+00	0.0000e+00	-1.3503e-08	0.0000e+00
394	0.0000e+00	0.0000e+00	-8.5106e-09	0.0000e+00
395	0.0000e+00	0.0000e+00	-2.1121e-09	0.0000e+00
396	0.0000e+00	0.0000e+00	4.4712e-09	0.0000e+00
397	0.0000e+00	0.0000e+00	1.0024e-08	0.0000e+00
398	0.0000e+00	0.0000e+00	1.3557e-08	0.0000e+00
399	0.0000e+00	0.0000e+00	1.4486e-08	0.0000e+00
400	0.0000e+00	0.0000e+00	1.2721e-08	0.0000e+00
401	0.0000e+00	0.0000e+00	8.6707e-09	0.0000e+00
402	0.0000e+00	0.0000e+00	3.1516e-09	0.0000e+00
403	0.0000e+00	0.0000e+00	-2.7761e-09	0.0000e+00
404	0.0000e+00	0.0000e+00	-8.0100e-09	0.0000e+00
405	0.0000e+00	0.0000e+00	-1.1609e-08	0.0000e+00
406	0.0000e+00	0.0000e+00	-1.2961e-08	0.0000e+00
407	0.0000e+00	0.0000e+00	-1.1888e-08	0.0000e+00
408	0.0000e+00	0.0000e+00	-8.6587e-09	0.0000e+00
409	0.0000e+00	0.0000e+00	-3.9344e-09	0.0000e+00
410	0.0000e+00	0.0000e+00	1.3711e-09	0.0000e+00
411	0.0000e+00	0.0000e+00	6.2644e-09	0.0000e+00
412	0.0000e+00	0.0000e+00	9.8578e-09	0.0000e+00
413	0.0000e+00	0.0000e+00	1.1529e-08	0.0000e+00
414	0.0000e+00	0.0000e+00	1.1028e-08	0.0000e+00
415	0.0000e+00	0.0000e+00	8.5123e-09	0.0000e+00
416	0.0000e+00	0.0000e+00	4.5037e-09	0.0000e+00
417	0.0000e+00	0.0000e+00	-2.1573e-10	0.0000e+00
418	0.0000e+00	0.0000e+00	-4.7567e-09	0.0000e+00
419	0.0000e+00	0.0000e+00	-8.2887e-09	0.0000e+00
420	0.0000e+00	0.0000e+00	-1.0191e-08	0.0000e+00
421	0.0000e+00	0.0000e+00	-1.0162e-08	0.0000e+00
422	0.0000e+00	0.0000e+00	-8.2623e-09	0.0000e+00
423	0.0000e+00	0.0000e+00	-4.8959e-09	0.0000e+00
424	0.0000e+00	0.0000e+00	-7.2481e-10	0.0000e+00
425	0.0000e+00	0.0000e+00	3.4599e-09	0.0000e+00
426	0.0000e+00	0.0000e+00	6.8876e-09	0.0000e+00
427	0.0000e+00	0.0000e+00	8.9489e-09	0.0000e+00
428	0.0000e+00	0.0000e+00	9.3032e-09	0.0000e+00
429	0.0000e+00	0.0000e+00	7.9337e-09	0.0000e+00
430	0.0000e+00	0.0000e+00	5.1415e-09	0.0000e+00
431	0.0000e+00	0.0000e+00	1.4807e-09	0.0000e+00
432	0.0000e+00	0.0000e+00	-2.3502e-09	0.0000e+00
433	0.0000e+00	0.0000e+00	-5.6409e-09	0.0000e+00
434	0.0000e+00	0.0000e+00	-7.8005e-09	0.0000e+00
435	0.0000e+00	0.0000e+00	-8.4628e-09	0.0000e+00
436	0.0000e+00	0.0000e+00	-7.5474e-09	0.0000e+00
437	0.0000e+00	0.0000e+00	-5.2665e-09	0.0000e+00
438	0.0000e+00	0.0000e+00	-2.0779e-09	0.0000e+00
439	0.0000e+00	0.0000e+00	1.4061e-09	0.0000e+00
440	0.0000e+00	0.0000e+00	4.5357e-09	0.0000e+00
441	0.0000e+00	0.0000e+00	6.5747e-09	0.0000e+00
442	0.0000e+00	0.0000e+00	7.2877e-09	0.0000e+00
443	0.0000e+00	0.0000e+00	6.5000e-09	0.0000e+00
444	0.0000e+00	0.0000e+00	4.4579e-09	0.0000e+00
445	0.0000e+00	0.0000e+00	1.5167e-09	0.0000e+00
446	0.0000e+00	0.0000e+00	-1.7084e-09	0.0000e+00
447	0.0000e+00	0.0000e+00	-4.6577e-09	0.0000e+00
448	0.0000e+00	0.0000e+00	-6.7514e-09	0.0000e+00
449	0.0000e+00	0.0000e+00	-7.6616e-09	0.0000e+00
450	0.0000e+00	0.0000e+00	-7.2121e-09	0.0000e+00
451	0.0000e+00	0.0000e+00	-5.5523e-09	0.0000e+00
452	0.0000e+00	0.0000e+00	-2.9837e-09	0.0000e+00
453	0.0000e+00	0.0000e+00	-3.0958e-11	0.0000e+00
454	0.0000e+00	0.0000e+00	2.7854e-09	0.0000e+00
455	0.0000e+00	0.0000e+00	4.9251e-09	0.0000e+00
456	0.0000e+00	0.0000e+00	6.0437e-09	0.0000e+00
457	0.0000e+00	0.0000e+00	5.9396e-09	0.0000e+00
458	0.0000e+00	0.0000e+00	4.6952e-09	0.0000e+00
459	0.0000e+00	0.0000e+00	2.5499e-09	0.0000e+00
460	0.0000e+00	0.0000e+00	-4.6468e-11	0.0000e+00
461	0.0000e+00	0.0000e+00	-2.6210e-09	0.0000e+00
462	0.0000e+00	0.0000e+00	-4.6695e-09	0.0000e+00
463	0.0000e+00	0.0000e+00	-5.8437e-09	0.0000e+00
464	0.0000e+00	0.0000e+00	-5.9206e-09	0.0000e+00
465	0.0000e+00	0.0000e+00	-4.9296e-09	0.0000e+00
466	0.0000e+00	0.0000e+00	-3.0534e-09	0.0000e+00
467	0.0000e+00	0.0000e+00	-6.7577e-10	0.0000e+00
468	0.0000e+00	0.0000e+00	1.7777e-09	0.0000e+00
469	0.0000e+00	0.0000e+00	3.8374e-09	0.0000e+00
470	0.0000e+00	0.0000e+00	5.1580e-09	0.0000e+00
471	0.0000e+00	0.0000e+00	5.4998e-09	0.0000e+00
472	0.0000e+00	0.0000e+00	4.8483e-09	0.0000e+00
473	0.0000e+00	0.0000e+00	3.3350e-09	0.0000e+00
474	0.0000e+00	0.0000e+00	1.2842e-09	0.0000e+00
475	0.0000e+00	0.0000e+00	-9.2512e-10	0.0000e+00
476	0.0000e+00	0.0000e+00	-2.7538e-09	0.0000e+00
477	0.0000e+00	0.0000e+00	-3.9556e-09	0.0000e+00
478	0.0000e+00	0.0000e+00	-4.2537e-09	0.0000e+00
479	0.0000e+00	0.0000e+00	-3.6660e-09	0.0000e+00
480	0.0000e+00	0.0000e+00	-2.2682e-09	0.0000e+00
481	0.0000e+00	0.0000e+00	-3.8211e-10	0.0000e+00
482	0.0000e+00	0.0000e+00	1.6776e-09	0.0000e+00
483	0.0000e+00	0.0000e+00	3.4857e-09	0.0000e+00
484	0.0000e+00	0.0000e+00	4.7544e-09	0.0000e+00
485	0.0000e+00	0.0000e+00	5.2240e-09	0.0000e+00
486	0.0000e+00	0.0000e+00	4.8637e-09	0.0000e+00
487	0.0000e+00	0.0000e+00	3.7237e-09	0.0000e+00
488	0.0000e+00	0.0000e+00	2.0676e-09	0.0000e+00
489	0.0000e+00	0.0000e+00	1.7917e-10	0.0000e+00
490	0.0000e+00	0.0000e+00	-1.5550e-09	0.0000e+00
491	0.0000e+00	0.0000e+00	-2.8511e-09	0.0000e+00
492	0.0000e+00	0.0000e+00	-3.4502e-09	0.0000e+00
493	0.0000e+00	0.0000e+00	-3.2904e-09	0.0000e+00
494	0.0000e+00	0.0000e+00	-2.3912e-09	0.0000e+00
495	0.0000e+00	0.0000e+00	-9.6837e-10	0.0000e+00
496	0.0000e+00	0.0000e+00	7.2882e-10	0.0000e+00
497	0.0000e+00	0.0000e+00	2.3485e-09	0.0000e+00
498	0.0000e+00	0.0000e+00	3.6176e-09	0.0000e+00
499	0.0000e+00	0.0000e+00	4.2786e-09	0.0000e+00
500	0.0000e+00	0.0000e+00	4.2469e-09	0.0000e+00
501	0.0000e+00	0.0000e+00	3.5144e-09	0.0000e+00
502	0.0000e+00	0.0000e+00	2.2556e-09	0.0000e+00
503	0.0000e+00	0.0000e+00	6.8645e-10	0.0000e+00
504	0.0000e+00	0.0000e+00	-8.7339e-10	0.0000e+00
505	0.0000e+00	0.0000e+00	-2.1638e-09	0.0000e+00
506	0.0000e+00	0.0000e+00	-2.9307e-09	0.0000e+00
507	0.0000e+00	0.0000e+00	-3.0717e-09	0.0000e+00
508	0.0000e+00	0.0000e+00	-2.5543e-09	0.0000e+00
509	0.0000e+00	0.0000e+00	-1.5164e-09	0.0000e+00
510	0.0000e+00	0.0000e+00	-1.4207e-10	0.0000e+00
511	0.0000e+00	0.0000e+00	1.2798e-09	0.0000e+00
512	0.0000e+00	0.0000e+00	2.5041e-09	0.0000e+00
513	0.0000e+00	0.0000e+00	3.2821e-09	0.0000e+00
514	0.0000e+00	0.0000e+00	3.4985e-09	0.0000e+00
515	0.0000e+00	0.0000e+00	3.0997e-09	0.0000e+00
516	0.0000e+00	0.0000e+00	2.1917e-09	0.0000e+00
517	0.0000e+00	0.0000e+00	9.2842e-10	0.0000e+00
518	0.0000e+00	0.0000e+00	-4.3002e-10	0.0000e+00
519	0.0000e+00	0.0000e+00	-1.6548e-09	0.0000e+00
520	0.0000e+00	0.0000e+00	-2.5041e-09	0.0000e+00
521	0.0000e+00	0.0000e+00	-2.8531e-09	0.0000e+00
522	0.0000e+00	0.0000e+00	-2.6305e-09	0.0000e+00
523	0.0000e+00	0.0000e+00	-1.9139e-09	0.0000e+00
524	0.0000e+00	0.0000e+00	-8.2949e-10	0.0000e+00
525	0.0000e+00	0.0000e+00	3.9022e-10	0.0000e+00
526	0.0000e+00	0.0000e+00	1.5333e-09	0.0000e+00
527	0.0000e+00	0.0000e+00	2.3665e-09	0.0000e+00
528	0.0000e+00	0.0000e+00	2.7587e-09	0.0000e+00
529	0.0000e+00	0.0000e+00	2.6240e-09	0.0000e+00
530	0.0000e+00	0.0000e+00	2.0150e-09	0.0000e+00
531	0.0000e+00	0.0000e+00	1.0325e-09	0.0000e+00
532	0.0000e+00	0.0000e+00	-1.1715e-10	0.0000e+00
533	0.0000e+00	0.0000e+00	-1.2392e-09	0.0000e+00
534	0.0000e+00	0.0000e+00	-2.1101e-09	0.0000e+00
535	0.0000e+00	0.0000e+00	-2.5950e-09	0.0000e+00
536	0.0000e+00	0.0000e+00	-2.5961e-09	0.0000e+00
537	0.0000e+00	0.0000e+00	-2.1445e-09	0.0000e+00
538	0.0000e+00	0.0000e+00	-1.3173e-09	0.0000e+00
539	0.0000e+00	0.0000e+00	-2.9644e-10	0.0000e+00
540	0.0000e+00	0.0000e+00	7.4068e-10	0.0000e+00
541	0.0000e+00	0.0000e+00	1.5810e-09	0.0000e+00
542	0.0000e+00	0.0000e+00	2.0887e-09	0.0000e+00
543	0.0000e+00	0.0000e+00	2.1563e-09	0.0000e+00
544	0.0000e+00	0.0000e+00	1.7960e-09	0.0000e+00
545	0.0000e+00	0.0000e+00	1.0639e-09	0.0000e+00
546	0.0000e+00	0.0000e+00	1.1873e-10	0.0000e+00
547	0.0000e+00	0.0000e+00	-8.7913e-10	0.0000e+00
548	0.0000e+00	0.0000e+00	-1.7281e-09	0.0000e+00
549	0.0000e+00	0.0000e+00	-2.2927e-09	0.0000e+00
550	0.0000e+00	0.0000e+00	-2.4586e-09	0.0000e+00
551	0.0000e+00	0.0000e+00	-2.2219e-09	0.0000e+00
552	0.0000e+00	0.0000e+00	-1.6190e-09	0.0000e+00
553	0.0000e+00	0.0000e+00	-7.8761e-10	0.0000e+00
554	0.0000e+00	0.0000e+00	1.2888e-10	0.0000e+00
555	0.0000e+00	0.0000e+00	9.4074e-10	0.0000e+00
556	0.0000e+00	0.0000e+00	1.5148e-09	0.0000e+00
557	0.0000e+00	0.0000e+00	1.7315e-09	0.0000e+00
558	0.0000e+00	0.0000e+00	1.5731e-09	0.0000e+00
559	0.0000e+00	0.0000e+00	1.0590e-09	0.0000e+00
560	0.0000e+00	0.0000e+00	3.0674e-10	0.0000e+00
561	0.0000e+00	0.0000e+00	-5.5657e-10	0.0000e+00
562	0.0000e+00	0.0000e+00	-1.3534e-09	0.0000e+00
563	0.0000e+00	0.0000e+00	-1.9542e-09	0.0000e+00
564	0.0000e+00	0.0000e+00	-2.2361e-09	0.0000e+00
565	0.0000e+00	0.0000e+00	-2.1698e-09	0.0000e+00
566	0.0000e+00	0.0000e+00	-1.7592e-09	0.0000e+00
567	0.0000e+00	0.0000e+00	-1.1036e-09	0.0000e+00
568	0.0000e+00	0.0000e+00	-3.1427e-10	0.0000e+00
569	0.0000e+00	0.0000e+00	4.4367e-10	0.0000e+00
570	0.0000e+00	0.0000e+00	1.0453e-09	0.0000e+00
571	0.0000e+00	0.0000e+00	1.3661e-09	0.0000e+00
572	0.0000e+00	0.0000e+00	1.3672e-09	0.0000e+00
573	0.0000e+00	0.0000e+00	1.0387e-09	0.0000e+00
574	0.0000e+00	0.0000e+00	4.6317e-10	0.0000e+00
575	0.0000e+00	0.0000e+00	-2.6337e-10	0.0000e+00
576	0.0000e+00	0.0000e+00	-9.8814e-10	0.0000e+00
577	0.0000e+00	0.0000e+00	-1.5918e-09	0.0000e+00
578	0.0000e+00	0.0000e+00	-1.9497e-09	0.0000e+00
579	0.0000e+00	0.0000e+00	-2.0150e-09	0.0000e+00
580	0.0000e+00	0.0000e+00	-1.7661e-09	0.0000e+00
581	0.0000e+00	0.0000e+00	-1.2698e-09	0.0000e+00
582	0.0000e+00	0.0000e+00	-6.0797e-10	0.0000e+00
583	0.0000e+00	0.0000e+00	7.9016e-11	0.0000e+00
584	0.0000e+00	0.0000e+00	6.7817e-10	0.0000e+00
585	0.0000e+00	0.0000e+00	1.0656e-09	0.0000e+00
586	0.0000e+00	0.0000e+00	1.1884e-09	0.0000e+00
587	0.0000e+00	0.0000e+00	1.0146e-09	0.0000e+00
588	0.0000e+00	0.0000e+00	5.9700e-10	0.0000e+00
589	0.0000e+00	0.0000e+00	3.6225e-12	0.0000e+00
590	0.0000e+00	0.0000e+00	-6.3709e-10	0.0000e+00
591	0.0000e+00	0.0000e+00	-1.2191e-09	0.0000e+00
592	0.0000e+00	0.0000e+00	-1.6205e-09	0.0000e+00
593	0.0000e+00	0.0000e+00	-1.7837e-09	0.0000e+00
594	0.0000e+00	0.0000e+00	-1.6678e-09	0.0000e+00
595	0.0000e+00	0.0000e+00	-1.3129e-09	0.0000e+00
596	0.0000e+00	0.0000e+00	-7.7432e-10	0.0000e+00
597	0.0000e+00	0.0000e+00	-1.6859e-10	0.0000e+00
598	0.0000e+00	0.0000e+00	4.0556e-10	0.0000e+00
599	0.0000e+00	0.0000e+00	8.2896e-10	0.0000e+00
600	0.0000e+00	0.0000e+00	1.0408e-09	0.0000e+00
601	0.0000e+00	0.0000e+00	9.9246e-10	0.0000e+00
602	0.0000e+00	0.0000e+00	7.1274e-10	0.0000e+00
603	0.0000e+00	0.0000e+00	2.4482e-10	0.0000e+00
604	0.0000e+00	0.0000e+00	-3.0602e-10	0.0000e+00
605	0.0000e+00	0.0000e+00	-8.4878e-10	0.0000e+00
606	0.0000e+00	0.0000e+00	-1.2678e-09	0.0000e+00
607	0.0000e+00	0.0000e+00	-1.5002e-09	0.0000e+00
608	0.0000e+00	0.0000e+00	-1.4912e-09	0.0000e+00
609	0.0000e+00	0.0000e+00	-1.2591e-09	0.0000e+00
610	0.0000e+00	0.0000e+00	-8.3624e-10	0.0000e+00
611	0.0000e+00	0.0000e+00	-3.1675e-10	0.0000e+00
612	0.0000e+00	0.0000e+00	2.1610e-10	0.0000e+00
613	0.0000e+00	0.0000e+00	6.5086e-10	0.0000e+00
614	0.0000e+00	0.0000e+00	9.2349e-10	0.0000e+00
615	0.0000e+00	0.0000e+00	9.7403e-10	0.0000e+00
616	0.0000e+00	0.0000e+00	8.1198e-10	0.0000e+00
617	0.0000e+00	0.0000e+00	4.5907e-10	0.0000e+00
618	0.0000e+00	0.0000e+00	-8.6853e-13	0.0000e+00
619	0.0000e+00	0.0000e+00	-4.9255e-10	0.0000e+00
620	0.0000e+00	0.0000e+00	-9.0916e-10	0.0000e+00
621	0.0000e+00	0.0000e+00	-1.1866e-09	0.0000e+00
622	0.0000e+00	0.0000e+00	-1.2607e-09	0.0000e+00
623	0.0000e+00	0.0000e+00	-1.1333e-09	0.0000e+00
624	0.0000e+00	0.0000e+00	-8.1638e-10	0.0000e+00
625	0.0000e+00	0.0000e+00	-3.8402e-10	0.0000e+00
626	0.0000e+00	0.0000e+00	9.6462e-11	0.0000e+00
627	0.0000e+00	0.0000e+00	5.2326e-10	0.0000e+00
628	0.0000e+00	0.0000e+00	8.3295e-10	0.0000e+00
629	0.0000e+00	0.0000e+00	9.5833e-10	0.0000e+00
630	0.0000e+00	0.0000e+00	8.9421e-10	0.0000e+00
631	0.0000e+00	0.0000e+00	6.4409e-10	0.0000e+00
632	0.0000e+00	0.0000e+00	2.7252e-10	0.0000e+00
633	0.0000e+00	0.0000e+00	-1.6101e-10	0.0000e+00
634	0.0000e+00	0.0000e+00	-5.6000e-10	0.0000e+00
635	0.0000e+00	0.0000e+00	-8.6249e-10	0.0000e+00
636	0.0000e+00	0.0000e+00	-9.9900e-10	0.0000e+00
637	0.0000e+00	0.0000e+00	-9.5854e-10	0.0000e+00
638	0.0000e+00	0.0000e+00	-7.3669e-10	0.0000e+00
639	0.0000e+00	0.0000e+00	-3.8925e-10	0.0000e+00
640	0.0000e+00	0.0000e+00	3.2028e-11	0.0000e+00
641	0.0000e+00	0.0000e+00	4.3612e-10	0.0000e+00
642	0.0000e+00	0.0000e+00	7.6313e-10	0.0000e+00
643	0.0000e+00	0.0000e+00	9.4209e-10	0.0000e+00
644	0.0000e+00	0.0000e+00	9.5710e-10	0.0000e+00
645	0.0000e+00	0.0000e+00	7.9659e-10	0.0000e+00
646	0.0000e+00	0.0000e+00	5.0818e-10	0.0000e+00
647	0.0000e+00	0.0000e+00	1.3605e-10	0.0000e+00
648	0.0000e+00	0.0000e+00	-2.3439e-10	0.0000e+00
649	0.0000e+00	0.0000e+00	-5.4588e-10	0.0000e+00
650	0.0000e+00	0.0000e+00	-7.2665e-10	0.0000e+00
651	0.0000e+00	0.0000e+00	-7.5682e-10	0.0000e+00
652	0.0000e+00	0.0000e+00	-6.1840e-10	0.0000e+00
653	0.0000e+00	0.0000e+00	-3.5145e-10	0.0000e+00
654	0.0000e+00	0.0000e+00	7.1588e-12	0.0000e+00
655	0.0000e+00	0.0000e+00	3.7767e-10	0.0000e+00
656	0.0000e+00	0.0000e+00	7.0589e-10	0.0000e+00
657	0.0000e+00	0.0000e+00	9.1983e-10	0.0000e+00
658	0.0000e+00	0.0000e+00	9.9646e-10	0.0000e+00
659	0.0000e+00	0.0000e+00	9.1199e-10	0.0000e+00
660	0.0000e+00	0.0000e+00	6.9961e-10	0.0000e+00
661	0.0000e+00	0.0000e+00	3.8903e-10	0.0000e+00
662	0.0000e+00	0.0000e+00	5.4410e-11	0.0000e+00
663	0.0000e+00	0.0000e+00	-2.5357e-10	0.0000e+00
664	0.0000e+00	0.0000e+00	-4.6323e-10	0.0000e+00
665	0.0000e+00	0.0000e+00	-5.4917e-10	0.0000e+00
666	0.0000e+00	0.0000e+00	-4.8253e-10	0.0000e+00
667	0.0000e+00	0.0000e+00	-2.9021e-10	0.0000e+00
668	0.0000e+00	0.0000e+00	4.9073e-12	0.0000e+00
669	0.0000e+00	0.0000e+00	3.3416e-10	0.0000e+00
670	0.0000e+00	0.0000e+00	6.5067e-10	0.0000e+00
671	0.0000e+00	0.0000e+00	8.8352e-10	0.0000e+00
672	0.0000e+00	0.0000e+00	1.0056e-09	0.0000e+00
673	0.0000e+00	0.0000e+00	9.8364e-10	0.0000e+00
674	0.0000e+00	0.0000e+00	8.3878e-10	0.0000e+00
675	0.0000e+00	0.0000e+00	5.8736e-10	0.0000e+00
676	0.0000e+00	0.0000e+00	2.9268e-10	0.0000e+00
677	0.0000e+00	0.0000e+00	-2.5186e-12	0.0000e+00
678	0.0000e+00	0.0000e+00	-2.2845e-10	0.0000e+00
679	0.0000e+00	0.0000e+00	-3.5707e-10	0.0000e+00
680	0.0000e+00	0.0000e+00	-3.5109e-10	0.0000e+00
681	0.0000e+00	0.0000e+00	-2.2675e-10	0.0000e+00
682	0.0000e+00	0.0000e+00	5.9057e-12	0.0000e+00
683	0.0000e+00	0.0000e+00	2.8870e-10	0.0000e+00
684	0.0000e+00	0.0000e+00	5.8324e-10	0.0000e+00
685	0.0000e+00	0.0000e+00	8.2112e-10	0.0000e+00
686	0.0000e+00	0.0000e+00	9.7398e-10	0.0000e+00
687	0.0000e+00	0.0000e+00	1.0010e-09	0.0000e+00
688	0.0000e+00	0.0000e+00	9.1411e-10	0.0000e+00
689	0.0000e+00	0.0000e+00	7.1726e-10	0.0000e+00
690	0.0000e+00	0.0000e+00	4.6380e-10	0.0000e+00
691	0.0000e+00	0.0000e+00	1.8747e-10	0.0000e+00
692	0.0000e+00	0.0000e+00	-4.4905e-11	0.0000e+00
693	0.0000e+00	0.0000e+00	-2.0533e-10	0.0000e+00
694	0.0000e+00	0.0000e+00	-2.4992e-10	0.0000e+00
695	0.0000e+00	0.0000e+00	-1.8704e-10	0.0000e+00
696	0.0000e+00	0.0000e+00	-1.4773e-11	0.0000e+00
697	0.0000e+00	0.0000e+00	2.1792e-10	0.0000e+00
698	0.0000e+00	0.0000e+00	4.8216e-10	0.0000e+00
699	0.0000e+00	0.0000e+00	7.1268e-10	0.0000e+00
700	0.0000e+00	0.0000e+00	8.8250e-10	0.0000e+00
701	0.0000e+00	0.0000e+00	9.4484e-10	0.0000e+00
702	0.0000e+00	0.0000e+00	9.0520e-10	0.0000e+00
703	0.0000e+00	0.0000e+00	7.5589e-10	0.0000e+00
704	0.0000e+00	0.0000e+00	5.4188e-10	0.0000e+00
705	0.0000e+00	0.0000e+00	2.8679e-10	0.0000e+00
706	0.0000e+00	0.0000e+00	5.4376e-11	0.0000e+00
707	0.0000e+00	0.0000e+00	-1.3028e-10	0.0000e+00
708	0.0000e+00	0.0000e+00	-2.1765e-10	0.0000e+00
709	0.0000e+00	0.0000e+00	-2.1148e-10	0.0000e+00
710	0.0000e+00	0.0000e+00	-9.8212e-11	0.0000e+00
711	0.0000e+00	0.0000e+00	8.0128e-11	0.0000e+00
712	0.0000e+00	0.0000e+00	3.0574e-10	0.0000e+00
713	0.0000e+00	0.0000e+00	5.1560e-10	0.0000e+00
714	0.0000e+00	0.0000e+00	6.8753e-10	0.0000e+00
715	0.0000e+00	0.0000e+00	7.6855e-10	0.0000e+00
716	0.0000e+00	0.0000e+00	7.6193e-10	0.0000e+00
717	0.0000e+00	0.0000e+00	6.4713e-10	0.0000e+00
718	0.0000e+00	0.0000e+00	4.6459e-10	0.0000e+00
719	0.0000e+00	0.0000e+00	2.2426e-10	0.0000e+00
720	0.0000e+00	0.0000e+00	-1.0114e-11	0.0000e+00
721	0.0000e+00	0.0000e+00	-2.2271e-10	0.0000e+00
722	0.0000e+00	0.0000e+00	-3.5506e-10	0.0000e+00
723	0.0000e+00	0.0000e+00	-4.1554e-10	0.0000e+00
724	0.0000e+00	0.0000e+00	-3.7302e-10	0.0000e+00
725	0.0000e+00	0.0000e+00	-2.7666e-10	0.0000e+00
726	0.0000e+00	0.0000e+00	-1.2071e-10	0.0000e+00
727	0.0000e+00	0.0000e+00	-5.2576e-12	0.0000e+00
728	0.0000e+00	0.0000e+00	8.8194e-11	0.0000e+00
729	0.0000e+00	0.0000e+00	1.3046e-10	0.0000e+00
730	0.0000e+00	0.0000e+00	1.2151e-10	0.0000e+00
731	0.0000e+00	0.0000e+00	5.1519e-11	0.0000e+00
732	0.0000e+00	0.0000e+00	-5.8152e-11	0.0000e+00
733	0.0000e+00	0.0000e+00	-1.9886e-10	0.0000e+00
734	0.0000e+00	0.0000e+00	-3.3613e-10	0.0000e+00
735	0.0000e+00	0.0000e+00	-4.5692e-10	0.0000e+00
736	0.0000e+00	0.0000e+00	-5.3068e-10	0.0000e+00
737	0.0000e+00	0.0000e+00	-5.5691e-10	0.0000e+00
738	0.0000e+00	0.0000e+00	-5.2259e-10	0.0000e+00
739	0.0000e+00	0.0000e+00	-4.4765e-10	0.0000e+00
740	0.0000e+00	0.0000e+00	-3.3715e-10	0.0000e+00
741	0.0000e+00	0.0000e+00	-2.2501e-10	0.0000e+00
742	0.0000e+00	0.0000e+00	-1.2194e-10	0.0000e+00
743	0.0000e+00	0.0000e+00	-6.0000e-11	0.0000e+00
744	0.0000e+00	0.0000e+00	-3.9130e-11	0.0000e+00
745	0.0000e+00	0.0000e+00	-7.5849e-11	0.0000e+00
746	0.0000e+00	0.0000e+00	-1.5053e-10	0.0000e+00
747	0.0000e+00	0.0000e+00	-2.6222e-10	0.0000e+00
748	0.0000e+00	0.0000e+00	-3.7645e-10	0.0000e+00
749	0.0000e+00	0.0000e+00	-4.8574e-10	0.0000e+00
750	0.0000e+00	0.0000e+00	-5.5523e-10	0.0000e+00
751	0.0000e+00	0.0000e+00	-5.8675e-10	0.0000e+00
752	0.0000e+00	0.0000e+00	-5.5859e-10	0.0000e+00
753	0.0000e+00	0.0000e+00	-4.9159e-10	0.0000e+00
754	0.0000e+00	0.0000e+00	-3.7999e-10	0.0000e+00
755	0.0000e+00	0.0000e+00	-2.6075e-10	0.0000e+00
756	0.0000e+00	0.0000e+00	-1.3404e-10	0.0000e+00
757	0.0000e+00	0.0000e+00	-4.0367e-11	0.0000e+00
758	0.0000e+00	0.0000e+00	3.0696e-11	0.0000e+00
759	0.0000e+00	0.0000e+00	4.7243e-11	0.0000e+00
760	0.0000e+00	0.0000e+00	4.4662e-11	0.0000e+00
761	0.0000e+00	0.0000e+00	0.0000e+00	0.0000e+00
762	0.0000e+00	0.0000e+00	0.0000e+00	0.0000e+00
763	0.0000e+00	0.0000e+00	0.0000e+00	0.0000e+00
764	0.0000e+00	0.0000e+00	0.0000e+00	0.0000e+00
765	0.0000e+00	0.0000e+00	0.0000e+00	0.0000e+00
766	0.0000e+00	0.0000e+00	0.0000e+00	0.0000e+00
767	0.0000e+00	0.0000e+00	0.0000e+00	0.0000e+00
768	0.0000e+00	0.0000e+00	0.0000e+00	0.0000e+00
769	0.0000e+00	0.0000e+00	0.0000e+00	0.0000e+00
770	0.0000e+00	0.0000e+00	0.0000e+00	0.0000e+00
771	0.0000e+00	0.0000e+00	0.0000e+00	0.0000e+00
772	0.0000e+00	0.0000e+00	0.0000e+00	0.0000e+00
773	0.0000e+00	0.0000e+00	0.0000e+00	0.0000e+00
774	0.0000e+00	0.0000e+00	0.0000e+00	0.0000e+00
775	0.0000e+00	0.0000e+00	0.0000e+00	0.0000e+00
776	0.0000e+00	0.0000e+00	0.0000e+00	0.0000e+00
777	0.0000e+00	0.0000e+00	0.0000e+00	0.0000e+00
778	0.0000e+00	0.0000e+00	0.0000e+00	0.0000e+00
779	0.0000e+00	0.0000e+00	0.0000e+00	0.0000e+00
780	0.0000e+00	0.0000e+00	0.0000e+00	0.0000e+00
781	0.0000e+00	0.0000e+00	0.0000e+00	0.0000e+00
782	0.0000e+00	0.0000e+00	0.0000e+00	0.0000e+00
783	0.0000e+00	0.0000e+00	0.0000e+00	0.0000e+00
784	0.0000e+00	0.0000e+00	0.0000e+00	0.0000e+00
785	0.0000e+00	0.0000e+00	0.0000e+00	0.0000e+00
786	0.0000e+00	0.0000e+00	0.0000e+00	0.0000e+00
787	0.0000e+00	0.0000e+00	0.0000e+00	0.0000e+00
788	0.0000e+00	0.0000e+00	0.0000e+00	0.0000e+00
789	0.0000e+00	0.0000e+00	0.0000e+00	0.0000e+00
790	0.0000e+00	0.0000e+00	0.0000e+00	0.0000e+00
791	0.0000e+00	0.0000e+00	0.0000e+00	0.0000e+00
792	0.0000e+00	0.0000e+00	0.0000e+00	0.0000e+00
793	0.0000e+00	0.0000e+00	0.0000e+00	0.0000e+00
794	0.0000e+00	0.0000e+00	0.0000e+00	0.0000e+00
795	0.0000e+00	0.0000e+00	0.0000e+00	0.0000e+00
796	0.0000e+00	0.0000e+00	0.0000e+00	0.0000e+00
797	0.0000e+00	0.0000e+00	0.0000e+00	0.0000e+00
798	0.0000e+00	0.0000e+00	0.0000e+00	0.0000e+00
799	0.0000e+00	0.0000e+00	0.0000e+00	0.0000e+00
800	0.0000e+00	0.0000e+00	0.0000e+00	0.0000e+00
801	0.0000e+00	0.0000e+00	0.0000e+00	0.0000e+00
802	0.0000e+00	0.0000e+00	0.0000e+00	0.0000e+00
803	0.0000e+00	0.0000e+00	0.0000e+00	0.0000e+00
804	0.0000e+00	0.0000e+00	0.0000e+00	0.0000e+00
805	0.0000e+00	0.0000e+00	0.0000e+00	0.0000e+00
806	0.0000e+00	0.0000e+00	0.0000e+00	0.0000e+00
807	0.0000e+00	0.0000e+00	0.0000e+00	0.0000e+00
808	0.0000e+00	0.0000e+00	0.0000e+00	0.0000e+00
809	0.0000e+00	0.0000e+00	0.0000e+00	0.0000e+00
810	0.0000e+00	0.0000e+00	0.0000e+00	0.0000e+00
811	0.0000e+00	0.0000e+00	0.0000e+00	0.0000e+00
812	0.0000e+00	0.0000e+00	0.0000e+00	0.0000e+00
813	0.0000e+00	0.0000e+00	0.0000e+00	0.0000e+00
814	0.0000e+00	0.0000e+00	0.0000e+00	0.0000e+00
815	0.0000e+00	0.0000e+00	0.0000e+00	0.0000e+00
816	0.0000e+00	0.0000e+00	0.0000e+00	0.0000e+00
817	0.0000e+00	0.0000e+00	0.0000e+00	0.0000e+00
818	0.0000e+00	0.0000e+00	0.0000e+00	0.0000e+00
819	0.0000e+00	0.0000e+00	0.0000e+00	0.0000e+00
820	0.0000e+00	0.0000e+00	0.0000e+00	0.0000e+00
821	0.0000e+00	0.0000e+00	0.0000e+00	0.0000e+00
822	0.0000e+00	0.0000e+00	0.0000e+00	0.0000e+00
823	0.0000e+00	0.0000e+00	0.0000e+00	0.0000e+00
824	0.0000e+00	0.0000e+00	0.0000e+00	0.0000e+00
825	0.0000e+00	0.0000e+00	0.0000e+00	0.0000e+00
826	0.0000e+00	0.0000e+00	0.0000e+00	0.0000e+00
827	0.0000e+00	0.0000e+00	0.0000e+00	0.0000e+00
828	0.0000e+00	0.0000e+00	0.0000e+00	0.0000e+00
829	0.0000e+00	0.0000e+00	0.0000e+00	0.0000e+00
830	0.0000e+00	0.0000e+00	0.0000e+00	0.0000e+00
831	0.0000e+00	0.0000e+00	0.0000e+00	0.0000e+00
832	0.0000e+00	0.0000e+00	0.0000e+00	0.0000e+00
833	0.0000e+00	0.0000e+00	0.0000e+00	0.0000e+00
834	0.0000e+00	0.0000e+00	0.0000e+00	0.0000e+00
835	0.0000e+00	0.0000e+00	0.0000e+00	0.0000e+00
836	0.0000e+00	0.0000e+00	0.0000e+00	0.0000e+00
837	0.0000e+00	0.0000e+00	0.0000e+00	0.0000e+00
838	0.0000e+00	0.0000e+00	0.0000e+00	0.0000e+00
839	0.0000e+00	0.0000e+00	0.0000e+00	0.0000e+00
840	0.0000e+00	0.0000e+00	0.0000e+00	0.0000e+00
841	0.0000e+00	0.0000e+00	0.0000e+00	0.0000e+00
842	0.0000e+00	0.0000e+00	0.0000e+00	0.0000e+00
843	0.0000e+00	0.0000e+00	0.0000e+00	0.0000e+00
844	0.0000e+00	0.0000e+00	0.0000e+00	0.0000e+00
845	0.0000e+00	0.0000e+00	0.0000e+00	0.0000e+00
846	0.0000e+00	0.0000e+00	0.0000e+00	0.0000e+00
847	0.0000e+00	0.0000e+00	0.0000e+00	0.0000e+00
848	0.0000e+00	0.0000e+00	0.0000e+00	0.0000e+00
849	0.0000e+00	0.0000e+00	0.0000e+00	0.0000e+00
850	0.0000e+00	0.0000e+00	0.0000e+00	0.0000e+00
851	0.0000e+00	0.0000e+00	0.0000e+00	0.0000e+00
852	0.0000e+00	0.0000e+00	0.0000e+00	0.0000e+00
853	0.0000e+00	0.0000e+00	0.0000e+00	0.0000e+00
854	0.0000e+00	0.0000e+00	0.0000e+00	0.0000e+00
855	0.0000e+00	0.0000e+00	0.0000e+00	0.0000e+00
856	0.0000e+00	0.0000e+00	0.0000e+00	0.0000e+00
857	0.0000e+00	0.0000e+00	0.0000e+00	0.0000e+00
858	0.0000e+00	0.0000e+00	0.0000e+00	0.0000e+00
859	0.0000e+00	0.0000e+00	0.0000e+00	0.0000e+00
860	0.0000e+00	0.0000e+00	0.0000e+00	0.0000e+00
861	0.0000e+00	0.0000e+00	0.0000e+00	0.0000e+00
862	0.0000e+00	0.0000e+00	0.0000e+00	0.0000e+00
863	0.0000e+00	0.0000e+00	0.0000e+00	0.0000e+00
864	0.0000e+00	0.0000e+00	0.0000e+00	0.0000e+00
865	0.0000e+00	0.0000e+00	0.0000e+00	0.0000e+00
866	0.0000e+00	0.0000e+00	0.0000e+00	0.0000e+00
867	0.0000e+00	0.0000e+00	0.0000e+00	0.0000e+00
868	0.0000e+00	0.0000e+00	0.0000e+00	0.0000e+00
869	0.0000e+00	0.0000e+00	0.0000e+00	0.0000e+00
870	0.0000e+00	0.0000e+00	0.0000e+00	0.0000e+00
871	0.0000e+00	0.0000e+00	0.0000e+00	0.0000e+00
872	0.0000e+00	0.0000e+00	0.0000e+00	0.0000e+00
873	0.0000e+00	0.0000e+00	0.0000e+00	0.0000e+00
874	0.0000e+00	0.0000e+00	0.0000e+00	0.0000e+00
875	0.0000e+00	0.0000e+00	0.0000e+00	0.0000e+00
876	0.0000e+00	0.0000e+00	0.0000e+00	0.0000e+00
877	0.0000e+00	0.0000e+00	0.0000e+00	0.0000e+00
878	0.0000e+00	0.0000e+00	0.0000e+00	0.0000e+00
879	0.0000e+00	0.0000e+00	0.0000e+00	0.0000e+00
880	0.0000e+00	0.0000e+00	0.0000e+00	0.0000e+00
881	0.0000e+00	0.0000e+00	0.0000e+00	0.0000e+00
882	0.0000e+00	0.0000e+00	0.0000e+00	0.0000e+00
883	0.0000e+00	0.0000e+00	0.0000e+00	0.0000e+00
884	0.0000e+00	0.0000e+00	0.0000e+00	0.0000e+00
885	0.0000e+00	0.0000e+00	0.0000e+00	0.0000e+00
886	0.0000e+00	0.0000e+00	0.0000e+00	0.0000e+00
887	0.0000e+00	0.0000e+00	0.0000e+00	0.0000e+00
888	0.0000e+00	0.0000e+00	0.0000e+00	0.0000e+00
889	0.0000e+00	0.0000e+00	0.0000e+00	0.0000e+00
890	0.0000e+00	0.0000e+00	0.0000e+00	0.0000e+00
891	0.0000e+00	0.0000e+00	0.0000e+00	0.0000e+00
892	0.0000e+00	0.0000e+00	0.0000e+00	0.0000e+00
893	0.0000e+00	0.0000e+00	0.0000e+00	0.0000e+00
894	0.0000e+00	0.0000e+00	0.0000e+00	0.0000e+00
895	0.0000e+00	0.0000e+00	0.0000e+00	0.0000e+00
896	0.0000e+00	0.0000e+00	0.0000e+00	0.0000e+00
897	0.0000e+00	0.0000e+00	0.0000e+00	0.0000e+00
898	0.0000e+00	0.0000e+00	0.0000e+00	0.0000e+00
899	0.0000e+00	0.0000e+00	0.0000e+00	0.0000e+00
900	0.0000e+00	0.0000e+00	0.0000e+00	0.0000e+00
901	0.0000e+00	0.0000e+00	0.0000e+00	0.0000e+00
902	0.0000e+00	0.0000e+00	0.0000e+00	0.0000e+00
903	0.0000e+00	0.0000e+00	0.0000e+00	0.0000e+00
904	0.0000e+00	0.0000e+00	0.0000e+00	0.0000e+00
905	0.0000e+00	0.0000e+00	0.0000e+00	0.0000e+00
906	0.0000e+00	0.0000e+00	0.0000e+00	0.0000e+00
907	0.0000e+00	0.0000e+00	0.0000e+00	0.0000e+00
908	0.0000e+00	0.0000e+00	0.0000e+00	0.0000e+00
909	0.0000e+00	0.0000e+00	0.0000e+00	0.0000e+00
910	0.0000e+00	0.0000e+00	0.0000e+00	0.0000e+00
911	0.0000e+00	0.0000e+00	0.0000e+00	0.0000e+00
912	0.0000e+00	0.0000e+00	0.0000e+00	0.0000e+00
913	0.0000e+00	0.0000e+00	0.0000e+00	0.0000e+00
914	0.0000e+00	0.0000e+00	0.0000e+00	0.0000e+00
915	0.0000e+00	0.0000e+00	0.0000e+00	0.0000e+00
916	0.0000e+00	0.0000e+00	0.0000e+00	0.0000e+00
917	0.0000e+00	0.0000e+00	0.0000e+00	0.0000e+00
918	0.0000e+00	0.0000e+00	0.0000e+00	0.0000e+00
919	0.0000e+00	0.0000e+00	0.0000e+00	0.0000e+00
920	0.0000e+00	0.0000e+00	0.0000e+00	0.0000e+00
921	0.0000e+00	0.0000e+00	0.0000e+00	0.0000e+00
922	0.0000e+00	0.0000e+00	0.0000e+00	0.0000e+00
923	0.0000e+00	0.0000e+00	0.0000e+00	0.0000e+00
924	0.0000e+00	0.0000e+00	0.0000e+00	0.0000e+00
925	0.0000e+00	0.0000e+00	0.0000e+00	0.0000e+00
926	0.0000e+00	0.0000e+00	0.0000e+00	0.0000e+00
927	0.0000e+00	0.0000e+00	0.0000e+00	0.0000e+00
928	0.0000e+00	0.0000e+00	0.0000e+00	0.0000e+00
929	0.0000e+00	0.0000e+00	0.0000e+00	0.0000e+00
930	0.0000e+00	0.0000e+00	0.0000e+00	0.0000e+00
931	0.0000e+00	0.0000e+00	0.0000e+00	0.0000e+00
932	0.0000e+00	0.0000e+00	0.0000e+00	0.0000e+00
933	0.0000e+00	0.0000e+00	0.0000e+00	0.0000e+00
934	0.0000e+00	0.0000e+00	0.0000e+00	0.0000e+00
935	0.0000e+00	0.0000e+00	0.0000e+00	0.0000e+00
936	0.0000e+00	0.0000e+00	0.0000e+00	0.0000e+00
937	0.0000e+00	0.0000e+00	0.0000e+00	0.0000e+00
938	0.0000e+00	0.0000e+00	0.0000e+00	0.0000e+00
939	0.0000e+00	0.0000e+00	0.0000e+00	0.0000e+00
940	0.0000e+00	0.0000e+00	0.0000e+00	0.0000e+00
941	0.0000e+00	0.0000e+00	0.0000e+00	0.0000e+00
942	0.0000e+00	0.0000e+00	0.0000e+00	0.0000e+00
943	0.0000e+00	0.0000e+00	0.0000e+00	0.0000e+00
944	0.0000e+00	0.0000e+00	0.0000e+00	0.0000e+00
945	0.0000e+00	0.0000e+00	0.0000e+00	0.0000e+00
946	0.0000e+00	0.0000e+00	0.0000e+00	0.0000e+00
947	0.0000e+00	0.0000e+00	0.0000e+00	0.0000e+00
948	0.0000e+00	0.0000e+00	0.0000e+00	0.0000e+00
949	0.0000e+00	0.0000e+00	0.0000e+00	0.0000e+00
950	0.0000e+00	0.0000e+00	0.0000e+00	0.0000e+00
951	0.0000e+00	0.0000e+00	0.0000e+00	0.0000e+00
952	0.0000e+00	0.0000e+00	0.0000e+00	0.0000e+00
953	0.0000e+00	0.0000e+00	0.0000e+00	0.0000e+00
954	0.0000e+00	0.0000e+00	0.0000e+00	0.0000e+00
955	0.0000e+00	0.0000e+00	0.0000e+00	0.0000e+00
956	0.0000e+00	0.0000e+00	0.0000e+00	0.0000e+00
957	0.0000e+00	0.0000e+00	0.0000e+00	0.0000e+00
958	0.0000e+00	0.0000e+00	0.0000e+00	0.0000e+00
959	0.0000e+00	0.0000e+00	0.0000e+00	0.0000e+00
960	0.0000e+00	0.0000e+00	0.0000e+00	0.0000e+00
961	0.0000e+00	0.0000e+00	0.0000e+00	0.0000e+00
962	0.0000e+00	0.0000e+00	0.0000e+00	0.0000e+00
963	0.0000e+00	0.0000e+00	0.0000e+00	0.0000e+00
964	0.0000e+00	0.0000e+00	0.0000e+00	0.0000e+00
965	0.0000e+00	0.0000e+00	0.0000e+00	0.0000e+00
966	0.0000e+00	0.0000e+00	0.0000e+00	0.0000e+00
967	0.0000e+00	0.0000e+00	0.0000e+00	0.0000e+00
968	0.0000e+00	0.0000e+00	0.0000e+00	0.0000e+00
969	0.0000e+00	0.0000e+00	0.0000e+00	0.0000e+00
970	0.0000e+00	0.0000e+00	0.0000e+00	0.0000e+00
971	0.0000e+00	0.0000e+00	0.0000e+00	0.0000e+00
972	0.0000e+00	0.0000e+00	0.0000e+00	0.0000e+00
973	0.0000e+00	0.0000e+00	0.0000e+00	0.0000e+00
974	0.0000e+00	0.0000e+00	0.0000e+00	0.0000e+00
975	0.0000e+00	0.0000e+00	0.0000e+00	0.0000e+00
976	0.0000e+00	0.0000e+00	0.0000e+00	0.0000e+00
977	0.0000e+00	0.0000e+00	0.0000e+00	0.0000e+00
978	0.0000e+00	0.0000e+00	0.0000e+00	0.0000e+00
979	0.0000e+00	0.0000e+00	0.0000e+00	0.0000e+00
980	0.0000e+00	0.0000e+00	0.0000e+00	0.0000e+00
981	0.0000e+00	0.0000e+00	0.0000e+00	0.0000e+00
982	0.0000e+00	0.0000e+00	0.0000e+00	0.0000e+00
983	0.0000e+00	0.0000e+00	0.0000e+00	0.0000e+00
984	0.0000e+00	0.0000e+00	0.0000e+00	0.0000e+00
985	0.0000e+00	0.0000e+00	0.0000e+00	0.0000e+00
986	0.0000e+00	0.0000e+00	0.0000e+00	0.0000e+00
987	0.0000e+00	0.0000e+00	0.0000e+00	0.0000e+00
988	0.0000e+00	0.0000e+00	0.0000e+00	0.0000e+00
989	0.0000e+00	0.0000e+00	0.0000e+00	0.0000e+00
990	0.0000e+00	0.0000e+00	0.0000e+00	0.0000e+00
991	0.0000e+00	0.0000e+00	0.0000e+00	0.0000e+00
992	0.0000e+00	0.0000e+00	0.0000e+00	0.0000e+00
993	0.0000e+00	0.0000e+00	0.0000e+00	0.0000e+00
994	0.0000e+00	0.0000e+00	0.0000e+00	0.0000e+00
995	0.0000e+00	0.0000e+00	0.0000e+00	0.0000e+00
996	0.0000e+00	0.0000e+00	0.0000e+00	0.0000e+00
997	0.0000e+00	0.0000e+00	0.0000e+00	0.0000e+00
998	0.0000e+00	0.0000e+00	0.0000e+00	0.0000e+00
999	0.0000e+00	0.0000e+00	0.0000e+00	0.0000e+00
1000	0.0000e+00	0.0000e+00	0.0000e+00	0.0000e+00
1001	0.0000e+00	0.0000e+00	0.0000e+00	0.0000e+00
1002	0.0000e+00	0.0000e+00	0.0000e+00	0.0000e+00
1003	0.0000e+00	0.0000e+00	0.0000e+00	0.0000e+00
1004	0.0000e+00	0.0000e+00	0.0000e+00	0.0000e+00
1005	0.0000e+00	0.0000e+00	0.0000e+00	0.0000e+00
1006	0.0000e+00	0.0000e+00	0.0000e+00	0.0000e+00
1007	0.0000e+00	0.0000e+00	0.0000e+00	0.0000e+00
1008	0.0000e+00	0.0000e+00	0.0000e+00	0.0000e+00
1009	0.0000e+00	0.0000e+00	0.0000e+00	0.0000e+00
1010	0.0000e+00	0.0000e+00	0.0000e+00	0.0000e+00
1011	0.0000e+00	0.0000e+00	0.0000e+00	0.0000e+00
1012	0.0000e+00	0.0000e+00	0.0000e+00	0.0000e+00
1013	0.0000e+00	0.0000e+00	0.0000e+00	0.0000e+00
1014	0.0000e+00	0.0000e+00	0.0000e+00	0.0000e+00
1015	0.0000e+00	0.0000e+00	0.0000e+00	0.0000e+00
1016	0.0000e+00	0.0000e+00	0.0000e+00	0.0000e+00
1017	0.0000e+00	0.0000e+00	0.0000e+00	0.0000e+00
1018	0.0000e+00	0.0000e+00	0.0000e+00	0.0000e+00
1019	0.0000e+00	0.0000e+00	0.0000e+00	0.0000e+00
1020	0.0000e+00	0.0000e+00	0.0000e+00	0.0000e+00
1021	0.0000e+00	0.0000e+00	0.0000e+00	0.0000e+00
1022	0.0000e+00	0.0000e+00	0.0000e+00	0.0000e+00
1023	0.0000e+00	0.0000e+00	0.0000e+00	0.0000e+00
1024	0.0000e+00	0.0000e+00	0.0000e+00	0.0000e+00
1025	0.0000e+00	0.0000e+00	0.0000e+00	0.0000e+00
1026	0.0000e+00	0.0000e+00	0.0000e+00	0.0000e+00
1027	0.0000e+00	0.0000e+00	0.0000e+00	0.0000e+00
1028	0.0000e+00	0.0000e+00	0.0000e+00	0.0000e+00
1029	0.0000e+00	0.0000e+00	0.0000e+00	0.0000e+00
1030	0.0000e+00	0.0000e+00	0.0000e+00	0.0000e+00
1031	0.0000e+00	0.0000e+00	0.0000e+00	0.0000e+00
1032	0.0000e+00	0.0000e+00	0.0000e+00	0.0000e+00
1033	0.0000e+00	0.0000e+00	0.0000e+00	0.0000e+00
1034	0.0000e+00	0.0000e+00	0.0000e+00	0.0000e+00
1035	0.0000e+00	0.0000e+00	0.0000e+00	0.0000e+00
1036	0.0000e+00	0.0000e+00	0.0000e+00	0.0000e+00
1037	0.0000e+00	0.0000e+00	0.0000e+00	0.0000e+00
1038	0.0000e+00	0.0000e+00	0.0000e+00	0.0000e+00
1039	0.0000e+00	0.0000e+00	0.0000e+00	0.0000e+00
1040	0.0000e+00	0.0000e+00	0.0000e+00	0.0000e+00
1041	0.0000e+00	0.0000e+00	0.0000e+00	0.0000e+00
1042	0.0000e+00	0.0000e+00	0.0000e+00	0.0000e+00
1043	0.0000e+00	0.0000e+00	0.0000e+00	0.0000e+00
1044	0.0000e+00	0.0000e+00	0.0000e+00	0.0000e+00
1045	0.0000e+00	0.0000e+00	0.0000e+00	0.0000e+00
1046	0.0000e+00	0.0000e+00	0.0000e+00	0.0000e+00
1047	0.0000e+00	0.0000e+00	0.0000e+00	0.0000e+00
1048	0.0000e+00	0.0000e+00	0.0000e+00	0.0000e+00
1049	0.0000e+00	0.0000e+00	0.0000e+00	0.0000e+00
1050	0.0000e+00	0.0000e+00	0.0000e+00	0.0000e+00
1051	0.0000e+00	0.0000e+00	0.0000e+00	0.0000e+00
1052	0.0000e+00	0.0000e+00	0.0000e+00	0.0000e+00
1053	0.0000e+00	0.0000e+00	0.0000e+00	0.0000e+00
1054	0.0000e+00	0.0000e+00	0.0000e+00	0.0000e+00
1055	0.0000e+00	0.0000e+00	0.0000e+00	0.0000e+00
1056	0.0000e+00	0.0000e+00	0.0000e+00	0.0000e+00
1057	0.0000e+00	0.0000e+00	0.0000e+00	0.0000e+00
1058	0.0000e+00	0.0000e+00	0.0000e+00	0.0000e+00
1059	0.0000e+00	0.0000e+00	0.0000e+00	0.0000e+00
1060	0.0000e+00	0.0000e+00	0.0000e+00	0.0000e+00
1061	0.0000e+00	0.0000e+00	0.0000e+00	0.0000e+00
1062	0.0000e+00	0.0000e+00	0.0000e+00	0.0000e+00
1063	0.0000e+00	0.0000e+00	0.0000e+00	0.0000e+00
1064	0.0000e+00	0.0000e+00	0.0000e+00	0.0000e+00
1065	0.0000e+00	0.0000e+00	0.0000e+00	0.0000e+00
1066	0.0000e+00	0.0000e+00	0.0000e+00	0.0000e+00
1067	0.0000e+00	0.0000e+00	0.0000e+00	0.0000e+00
1068	0.0000e+00	0.0000e+00	0.0000e+00	0.0000e+00
1069	0.0000e+00	0.0000e+00	0.0000e+00	0.0000e+00
1070	0.0000e+00	0.0000e+00	0.0000e+00	0.0000e+00
1071	0.0000e+00	0.0000e+00	0.0000e+00	0.0000e+00
1072	0.0000e+00	0.0000e+00	0.0000e+00	0.0000e+00
1073	0.0000e+00	0.0000e+00	0.0000e+00	0.0000e+00
1074	0.0000e+00	0.0000e+00	0.0000e+00	0.0000e+00
1075	0.0000e+00	0.0000e+00	0.0000e+00	0.0000e+00
1076	0.0000e+00	0.0000e+00	0.0000e+00	0.0000e+00
1077	0.0000e+00	0.0000e+00	0.0000e+00	0.0000e+00
1078	0.0000e+00	0.0000e+00	0.0000e+00	0.0000e+00
1079	0.0000e+00	0.0000e+00	0.0000e+00	0.0000e+00
1080	0.0000e+00	0.0000e+00	0.0000e+00	0.0000e+00
1081	0.0000e+00	0.0000e+00	0.0000e+00	0.0000e+00
1082	0.0000e+00	0.0000e+00	0.0000e+00	0.0000e+00
1083	0.0000e+00	0.0000e+00	0.0000e+00	0.0000e+00
1084	0.0000e+00	0.0000e+00	0.0000e+00	0.0000e+00
1085	0.0000e+00	0.0000e+00	0.0000e+00	0.0000e+00
1086	0.0000e+00	0.0000e+00	0.0000e+00	0.0000e+00
1087	0.0000e+00	0.0000e+00	0.0000e+00	0.0000e+00
1088	0.0000e+00	0.0000e+00	0.0000e+00	0.0000e+00
1089	0.0000e+00	0.0000e+00	0.0000e+00	0.0000e+00
1090	0.0000e+00	0.0000e+00	0.0000e+00	0.0000e+00
1091	0.0000e+00	0.0000e+00	0.0000e+00	0.0000e+00
1092	0.0000e+00	0.0000e+00	0.0000e+00	0.0000e+00
1093	0.0000e+00	0.0000e+00	0.0000e+00	0.0000e+00
1094	0.0000e+00	0.0000e+00	0.0000e+00	0.0000e+00
1095	0.0000e+00	0.0000e+00	0.0000e+00	0.0000e+00
1096	0.0000e+00	0.0000e+00	0.0000e+00	0.0000e+00
1097	0.0000e+00	0.0000e+00	0.0000e+00	0.0000e+00
1098	0.0000e+00	0.0000e+00	0.0000e+00	0.0000e+00
1099	0.0000e+00	0.0000e+00	0.0000e+00	0.0000e+00
1100	0.0000e+00	0.0000e+00	0.0000e+00	0.0000e+00
1101	0.0000e+00	0.0000e+00	0.0000e+00	0.0000e+00
1102	0.0000e+00	0.0000e+00	0.0000e+00	0.0000e+00
1103	0.0000e+00	0.0000e+00	0.0000e+00	0.0000e+00
1104	0.0000e+00	0.0000e+00	0.0000e+00	0.0000e+00
1105	0.0000e+00	0.0000e+00	0.0000e+00	0.0000e+00
1106	0.0000e+00	0.0000e+00	0.0000e+00	0.0000e+00
1107	0.0000e+00	0.0000e+00	0.0000e+00	0.0000e+00
1108	0.0000e+00	0.0000e+00	0.0000e+00	0.0000e+00
1109	0.0000e+00	0.0000e+00	0.0000e+00	0.0000e+00
1110	0.0000e+00	0.0000e+00	0.0000e+00	0.0000e+00
1111	0.0000e+00	0.0000e+00	0.0000e+00	0.0000e+00
1112	0.0000e+00	0.0000e+00	0.0000e+00	0.0000e+00
1113	0.0000e+00	0.0000e+00	0.0000e+00	0.0000e+00
1114	0.0000e+00	0.0000e+00	0.0000e+00	0.0000e+00
1115	0.0000e+00	0.0000e+00	0.0000e+00	0.0000e+00
1116	0.0000e+00	0.0000e+00	0.0000e+00	0.0000e+00
1117	0.0000e+00	0.0000e+00	0.0000e+00	0.0000e+00
1118	0.0000e+00	0.0000e+00	0.0000e+00	0.0000e+00
1119	0.0000e+00	0.0000e+00	0.0000e+00	0.0000e+00
1120	0.0000e+00	0.0000e+00	0.0000e+00	0.0000e+00
1121	0.0000e+00	0.0000e+00	0.0000e+00	0.0000e+00
1122	0.0000e+00	0.0000e+00	0.0000e+00	0.0000e+00
1123	0.0000e+00	0.0000e+00	0.0000e+00	0.0000e+00
1124	0.0000e+00	0.0000e+00	0.0000e+00	0.0000e+00
1125	0.0000e+00	0.0000e+00	0.0000e+00	0.0000e+00
1126	0.0000e+00	0.0000e+00	0.0000e+00	0.0000e+00
1127	0.0000e+00	0.0000e+00	0.0000e+00	0.0000e+00
1128	0.0000e+00	0.0000e+00	0.0000e+00	0.0000e+00
1129	0.0000e+00	0.0000e+00	0.0000e+00	0.0000e+00
1130	0.0000e+00	0.0000e+00	0.0000e+00	0.0000e+00
1131	0.0000e+00	0.0000e+00	0.0000e+00	0.0000e+00
1132	0.0000e+00	0.0000e+00	0.0000e+00	0.0000e+00
1133	0.0000e+00	0.0000e+00	0.0000e+00	0.0000e+00
1134	0.0000e+00	0.0000e+00	0.0000e+00	0.0000e+00
1135	0.0000e+00	0.0000e+00	0.0000e+00	0.0000e+00
1136	0.0000e+00	0.0000e+00	0.0000e+00	0.0000e+00
1137	0.0000e+00	0.0000e+00	0.0000e+00	0.0000e+00
1138	0.0000e+00	0.0000e+00	0.0000e+00	0.0000e+00
1139	0.0000e+00	0.0000e+00	0.0000e+00	0.0000e+00
1140	0.0000e+00	0.0000e+00	0.0000e+00	0.0000e+00
1141	0.0000e+00	0.0000e+00	0.0000e+00	0.0000e+00
1142	0.0000e+00	0.0000e+00	0.0000e+00	0.0000e+00
1143	0.0000e+00	0.0000e+00	0.0000e+00	0.0000e+00
1144	0.0000e+00	0.0000e+00	0.0000e+00	0.0000e+00
1145	0.0000e+00	0.0000e+00	0.0000e+00	0.0000e+00
1146	0.0000e+00	0.0000e+00	0.0000e+00	0.0000e+00
1147	0.0000e+00	0.0000e+00	0.0000e+00	0.0000e+00
1148	0.0000e+00	0.0000e+00	0.0000e+00	0.0000e+00
1149	0.0000e+00	0.0000e+00	0.0000e+00	0.0000e+00
1150	0.0000e+00	0.0000e+00	0.0000e+00	0.0000e+00
1151	0.0000e+00	0.0000e+00	0.0000e+00	0.0000e+00
1152	0.0000e+00	0.0000e+00	0.0000e+00	0.0000e+00
1153	0.0000e+00	0.0000e+00	0.0000e+00	0.0000e+00
1154	0.0000e+00	0.0000e+00	0.0000e+00	0.0000e+00
1155	0.0000e+00	0.0000e+00	0.0000e+00	0.0000e+00
1156	0.0000e+00	0.0000e+00	0.0000e+00	0.0000e+00
1157	0.0000e+00	0.0000e+00	0.0000e+00	0.0000e+00
1158	0.0000e+00	0.0000e+00	0.0000e+00	0.0000e+00
1159	0.0000e+00	0.0000e+00	0.0000e+00	0.0000e+00
1160	0.0000e+00	0.0000e+00	0.0000e+00	0.0000e+00
1161	0.0000e+00	0.0000e+00	0.0000e+00	0.0000e+00
1162	0.0000e+00	0.0000e+00	0.0000e+00	0.0000e+00
1163	0.0000e+00	0.0000e+00	0.0000e+00	0.0000e+00
1164	0.0000e+00	0.0000e+00	0.0000e+00	0.0000e+00
1165	0.0000e+00	0.0000e+00	0.0000e+00	0.0000e+00
1166	0.0000e+00	0.0000e+00	0.0000e+00	0.0000e+00
1167	0.0000e+00	0.0000e+00	0.0000e+00	0.0000e+00
1168	0.0000e+00	0.0000e+00	0.0000e+00	0.0000e+00
1169	0.0000e+00	0.0000e+00	0.0000e+00	0.0000e+00
1170	0.0000e+00	0.0000e+00	0.0000e+00	0.0000e+00
1171	0.0000e+00	0.0000e+00	0.0000e+00	0.0000e+00
1172	0.0000e+00	0.0000e+00	0.0000e+00	0.0000e+00
1173	0.0000e+00	0.0000e+00	0.0000e+00	0.0000e+00
1174	0.0000e+00	0.0000e+00	0.0000e+00	0.0000e+00
1175	0.0000e+00	0.0000e+00	0.0000e+00	0.0000e+00
1176	0.0000e+00	0.0000e+00	0.0000e+00	0.0000e+00
1177	0.0000e+00	0.0000e+00	0.0000e+00	0.0000e+00
1178	0.0000e+00	0.0000e+00	0.0000e+00	0.0000e+00
1179	0.0000e+00	0.0000e+00	0.0000e+00	0.0000e+00
1180	0.0000e+00	0.0000e+00	0.0000e+00	0.0000e+00
1181	0.0000e+00	0.0000e+00	0.0000e+00	0.0000e+00
1182	0.0000e+00	0.0000e+00	0.0000e+00	0.0000e+00
1183	0.0000e+00	0.0000e+00	0.0000e+00	0.0000e+00
1184	0.0000e+00	0.0000e+00	0.0000e+00	0.0000e+00
1185	0.0000e+00	0.0000e+00	0.0000e+00	0.0000e+00
1186	0.0000e+00	0.0000e+00	0.0000e+00	0.0000e+00
1187	0.0000e+00	0.0000e+00	0.0000e+00	0.0000e+00
1188	0.0000e+00	0.0000e+00	0.0000e+00	0.0000e+00
1189	0.0000e+00	0.0000e+00	0.0000e+00	0.0000e+00
1190	0.0000e+00	0.0000e+00	0.0000e+00	0.0000e+00
1191	0.0000e+00	0.0000e+00	0.0000e+00	0.0000e+00
1192	0.0000e+00	0.0000e+00	0.0000e+00	0.0000e+00
1193	0.0000e+00	0.0000e+00	0.0000e+00	0.0000e+00
1194	0.0000e+00	0.0000e+00	0.0000e+00	0.0000e+00
1195	0.0000e+00	0.0000e+00	0.0000e+00	0.0000e+00
1196	0.0000e+00	0.0000e+00	0.0000e+00	0.0000e+00
1197	0.0000e+00	0.0000e+00	0.0000e+00	0.0000e+00
1198	0.0000e+00	0.0000e+00	0.0000e+00	0.0000e+00
1199	0.0000e+00	0.0000e+00	0.0000e+00	0.0000e+00
1200	0.0000e+00	0.0000e+00	0.0000e+00	0.0000e+00
