2	0.0000e+00	0.0000e+00	-7.4839e-07	0.0000e+00
3	0.0000e+00	0.0000e+00	-2.3603e-06	0.0000e+00
4	0.0000e+00	0.0000e+00	-4.9285e-06	0.0000e+00
5	0.0000e+00	0.0000e+00	-8.3677e-06	0.0000e+00
6	0.0000e+00	0.0000e+00	-1.2418e-05	0.0000e+00
7	0.0000e+00	0.0000e+00	-1.6678e-05	0.0000e+00
8	0.0000e+00	0.0000e+00	-2.0654e-05	0.0000e+00
9	0.0000e+00	0.0000e+00	-2.3839e-05	0.0000e+00
10	0.0000e+00	0.0000e+00	-2.5780e-05	0.0000e+00
11	0.0000e+00	0.0000e+00	-2.6147e-05	0.0000e+00
12	0.0000e+00	0.0000e+00	-2.4793e-05	0.0000e+00
13	0.0000e+00	0.0000e+00	-2.1773e-05	0.0000e+00
14	0.0000e+00	0.0000e+00	-1.7349e-05	0.0000e+00
15	0.0000e+00	0.0000e+00	-1.1958e-05	0.0000e+00
16	0.0000e+00	0.0000e+00	-6.1569e-06	0.0000e+00
17	0.0000e+00	0.0000e+00	-5.5031e-07	0.0000e+00
18	0.0000e+00	0.0000e+00	4.2874e-06	0.0000e+00
19	0.0000e+00	0.0000e+00	7.8885e-06	0.0000e+00
20	0.0000e+00	0.0000e+00	9.9511e-06	0.0000e+00
21	0.0000e+00	0.0000e+00	1.0376e-05	0.0000e+00
22	0.0000e+00	0.0000e+00	9.2735e-06	0.0000e+00
23	0.0000e+00	0.0000e+00	6.9442e-06	0.0000e+00
24	0.0000e+00	0.0000e+00	3.8295e-06	0.0000e+00
25	0.0000e+00	0.0000e+00	4.4646e-07	0.0000e+00
26	0.0000e+00	0.0000e+00	-2.6870e-06	0.0000e+00
27	0.0000e+00	0.0000e+00	-5.1250e-06	0.0000e+00
28	0.0000e+00	0.0000e+00	-6.5534e-06	0.0000e+00
29	0.0000e+00	0.0000e+00	-6.8285e-06	0.0000e+00
30	0.0000e+00	0.0000e+00	-5.9899e-06	0.0000e+00
31	0.0000e+00	0.0000e+00	-4.2445e-06	0.0000e+00
32	0.0000e+00	0.0000e+00	-1.9275e-06	0.0000e+00
33	0.0000e+00	0.0000e+00	5.5539e-07	0.0000e+00
34	0.0000e+00	0.0000e+00	2.7940e-06	0.0000e+00
35	0.0000e+00	0.0000e+00	4.4381e-06	0.0000e+00
36	0.0000e+00	0.0000e+00	5.2499e-06	0.0000e+00
37	0.0000e+00	0.0000e+00	5.1371e-06	0.0000e+00
38	0.0000e+00	0.0000e+00	4.1622e-06	0.0000e+00
39	0.0000e+00	0.0000e+00	2.5263e-06	0.0000e+00
40	0.0000e+00	0.0000e+00	5.3167e-07	0.0000e+00
41	0.0000e+00	0.0000e+00	-1.4714e-06	0.0000e+00
42	0.0000e+00	0.0000e+00	-3.1436e-06	0.0000e+00
43	0.0000e+00	0.0000e+00	-4.2123e-06	0.0000e+00
44	0.0000e+00	0.0000e+00	-4.5150e-06	0.0000e+00
45	0.0000e+00	0.0000e+00	-4.0236e-06	0.0000e+00
46	0.0000e+00	0.0000e+00	-2.8454e-06	0.0000e+00
47	0.0000e+00	0.0000e+00	-1.2023e-06	0.0000e+00
48	0.0000e+00	0.0000e+00	6.0950e-07	0.0000e+00
49	0.0000e+00	0.0000e+00	2.2713e-06	0.0000e+00
50	0.0000e+00	0.0000e+00	3.4966e-06	0.0000e+00
51	0.0000e+00	0.0000e+00	4.0795e-06	0.0000e+00
52	0.0000e+00	0.0000e+00	3.9289e-06	0.0000e+00
53	0.0000e+00	0.0000e+00	3.0827e-06	0.0000e+00
54	0.0000e+00	0.0000e+00	1.6996e-06	0.0000e+00
55	0.0000e+00	0.0000e+00	3.0319e-08	0.0000e+00
56	0.0000e+00	0.0000e+00	-1.6264e-06	0.0000e+00
57	0.0000e+00	0.0000e+00	-2.9767e-06	0.0000e+00
58	0.0000e+00	0.0000e+00	-3.7824e-06	0.0000e+00
59	0.0000e+00	0.0000e+00	-3.9028e-06	0.0000e+00
60	0.0000e+00	0.0000e+00	-3.3191e-06	0.0000e+00
61	0.0000e+00	0.0000e+00	-2.1374e-06	0.0000e+00
62	0.0000e+00	0.0000e+00	-5.6987e-07	0.0000e+00
63	0.0000e+00	0.0000e+00	1.1019e-06	0.0000e+00
64	0.0000e+00	0.0000e+00	2.5773e-06	0.0000e+00
65	0.0000e+00	0.0000e+00	3.5895e-06	0.0000e+00
66	0.0000e+00	0.0000e+00	3.9530e-06	0.0000e+00
67	0.0000e+00	0.0000e+00	3.5977e-06	0.0000e+00
68	0.0000e+00	0.0000e+00	2.5820e-06	0.0000e+00
69	0.0000e+00	0.0000e+00	1.0837e-06	0.0000e+00
70	0.0000e+00	0.0000e+00	-6.2991e-07	0.0000e+00
71	0.0000e+00	0.0000e+00	-2.2497e-06	0.0000e+00
72	0.0000e+00	0.0000e+00	-3.4787e-06	0.0000e+00
73	0.0000e+00	0.0000e+00	-4.0865e-06	0.0000e+00
74	0.0000e+00	0.0000e+00	-3.9513e-06	0.0000e+00
75	0.0000e+00	0.0000e+00	-3.0841e-06	0.0000e+00
76	0.0000e+00	0.0000e+00	-1.6294e-06	0.0000e+00
77	0.0000e+00	0.0000e+00	1.5810e-07	0.0000e+00
78	0.0000e+00	0.0000e+00	1.9572e-06	0.0000e+00
79	0.0000e+00	0.0000e+00	3.4369e-06	0.0000e+00
80	0.0000e+00	0.0000e+00	4.3161e-06	0.0000e+00
81	0.0000e+00	0.0000e+00	4.4160e-06	0.0000e+00
82	0.0000e+00	0.0000e+00	3.6960e-06	0.0000e+00
83	0.0000e+00	0.0000e+00	2.2645e-06	0.0000e+00
84	0.0000e+00	0.0000e+00	3.6443e-07	0.0000e+00
85	0.0000e+00	0.0000e+00	-1.6672e-06	0.0000e+00
86	0.0000e+00	0.0000e+00	-3.4573e-06	0.0000e+00
87	0.0000e+00	0.0000e+00	-4.6643e-06	0.0000e+00
88	0.0000e+00	0.0000e+00	-5.0413e-06	0.0000e+00
89	0.0000e+00	0.0000e+00	-4.4853e-06	0.0000e+00
90	0.0000e+00	0.0000e+00	-3.0619e-06	0.0000e+00
91	0.0000e+00	0.0000e+00	-1.0003e-06	0.0000e+00
92	0.0000e+00	0.0000e+00	1.3419e-06	0.0000e+00
93	0.0000e+00	0.0000e+00	3.5387e-06	0.0000e+00
94	0.0000e+00	0.0000e+00	5.1710e-06	0.0000e+00
95	0.0000e+00	0.0000e+00	5.9044e-06	0.0000e+00
96	0.0000e+00	0.0000e+00	5.5549e-06	0.0000e+00
97	0.0000e+00	0.0000e+00	4.1310e-06	0.0000e+00
98	0.0000e+00	0.0000e+00	1.8423e-06	0.0000e+00
99	0.0000e+00	0.0000e+00	-9.2827e-07	0.0000e+00
100	0.0000e+00	0.0000e+00	-3.6853e-06	0.0000e+00
101	0.0000e+00	0.0000e+00	-5.9061e-06	0.0000e+00
102	0.0000e+00	0.0000e+00	-7.1361e-06	0.0000e+00
103	0.0000e+00	0.0000e+00	-7.0779e-06	0.0000e+00
104	0.0000e+00	0.0000e+00	-5.6560e-06	0.0000e+00
105	0.0000e+00	0.0000e+00	-3.0467e-06	0.0000e+00
106	0.0000e+00	0.0000e+00	3.3777e-07	0.0000e+00
107	0.0000e+00	0.0000e+00	3.9087e-06	0.0000e+00
108	0.0000e+00	0.0000e+00	6.9978e-06	0.0000e+00
109	0.0000e+00	0.0000e+00	8.9758e-06	0.0000e+00
110	0.0000e+00	0.0000e+00	9.3726e-06	0.0000e+00
111	0.0000e+00	0.0000e+00	7.9788e-06	0.0000e+00
112	0.0000e+00	0.0000e+00	4.9065e-06	0.0000e+00
113	0.0000e+00	0.0000e+00	5.9650e-07	0.0000e+00
114	0.0000e+00	0.0000e+00	-4.2342e-06	0.0000e+00
115	0.0000e+00	0.0000e+00	-8.7013e-06	0.0000e+00
116	0.0000e+00	0.0000e+00	-1.1903e-05	0.0000e+00
117	0.0000e+00	0.0000e+00	-1.3085e-05	0.0000e+00
118	0.0000e+00	0.0000e+00	-1.1803e-05	0.0000e+00
119	0.0000e+00	0.0000e+00	-8.0320e-06	0.0000e+00
120	0.0000e+00	0.0000e+00	-2.2250e-06	0.0000e+00
121	0.0000e+00	0.0000e+00	4.7222e-06	0.0000e+00
122	0.0000e+00	0.0000e+00	1.1584e-05	0.0000e+00
123	0.0000e+00	0.0000e+00	1.6996e-05	0.0000e+00
124	0.0000e+00	0.0000e+00	1.9694e-05	0.0000e+00
125	0.0000e+00	0.0000e+00	1.8762e-05	0.0000e+00
126	0.0000e+00	0.0000e+00	1.3863e-05	0.0000e+00
127	0.0000e+00	0.0000e+00	5.3764e-06	0.0000e+00
128	0.0000e+00	0.0000e+00	-5.5578e-06	0.0000e+00
129	0.0000e+00	0.0000e+00	-1.7136e-05	0.0000e+00
130	0.0000e+00	0.0000e+00	-2.7121e-05	0.0000e+00
131	0.0000e+00	0.0000e+00	-3.3189e-05	0.0000e+00
132	0.0000e+00	0.0000e+00	-3.3357e-05	0.0000e+00
133	0.0000e+00	0.0000e+00	-2.6416e-05	0.0000e+00
134	0.0000e+00	0.0000e+00	-1.2322e-05	0.0000e+00
135	0.0000e+00	0.0000e+00	7.5517e-06	0.0000e+00
136	0.0000e+00	0.0000e+00	3.0354e-05	0.0000e+00
137	0.0000e+00	0.0000e+00	5.1947e-05	0.0000e+00
138	0.0000e+00	0.0000e+00	6.7357e-05	0.0000e+00
139	0.0000e+00	0.0000e+00	7.1490e-05	0.0000e+00
140	0.0000e+00	0.0000e+00	6.0054e-05	0.0000e+00
141	0.0000e+00	0.0000e+00	3.0609e-05	0.0000e+00
142	0.0000e+00	0.0000e+00	-1.6361e-05	0.0000e+00
143	0.0000e+00	0.0000e+00	-7.6479e-05	0.0000e+00
144	0.0000e+00	0.0000e+00	-1.4074e-04	0.0000e+00
145	0.0000e+00	0.0000e+00	-1.9512e-04	0.0000e+00
146	0.0000e+00	0.0000e+00	-2.2066e-04	0.0000e+00
147	0.0000e+00	0.0000e+00	-1.9399e-04	0.0000e+00
148	0.0000e+00	0.0000e+00	-8.8392e-05	0.0000e+00
149	0.0000e+00	0.0000e+00	1.2466e-04	0.0000e+00
150	0.0000e+00	0.0000e+00	4.7366e-04	0.0000e+00
151	0.0000e+00	0.0000e+00	9.8493e-04	0.0000e+00
152	0.0000e+00	0.0000e+00	1.6805e-03	0.0000e+00
153	0.0000e+00	0.0000e+00	2.5759e-03	0.0000e+00
154	0.0000e+00	0.0000e+00	3.6787e-03	0.0000e+00
155	0.0000e+00	0.0000e+00	4.9873e-03	0.0000e+00
156	0.0000e+00	0.0000e+00	6.4896e-03	0.0000e+00
157	0.0000e+00	0.0000e+00	8.1640e-03	0.0000e+00
158	0.0000e+00	0.0000e+00	9.9794e-03	0.0000e+00
159	0.0000e+00	0.0000e+00	1.1897e-02	0.0000e+00
160	0.0000e+00	0.0000e+00	1.3872e-02	0.0000e+00
161	0.0000e+00	0.0000e+00	1.5857e-02	0.0000e+00
162	0.0000e+00	0.0000e+00	1.7802e-02	0.0000e+00
163	0.0000e+00	0.0000e+00	1.9661e-02	0.0000e+00
164	0.0000e+00	0.0000e+00	2.1392e-02	0.0000e+00
165	0.0000e+00	0.0000e+00	2.2960e-02	0.0000e+00
166	0.0000e+00	0.0000e+00	2.4340e-02	0.0000e+00
167	0.0000e+00	0.0000e+00	2.5515e-02	0.0000e+00
168	0.0000e+00	0.0000e+00	2.6480e-02	0.0000e+00
169	0.0000e+00	0.0000e+00	2.7240e-02	0.0000e+00
170	0.0000e+00	0.0000e+00	2.7810e-02	0.0000e+00
171	0.0000e+00	0.0000e+00	2.8211e-02	0.0000e+00
172	0.0000e+00	0.0000e+00	2.8473e-02	0.0000e+00
173	0.0000e+00	0.0000e+00	2.8625e-02	0.0000e+00
174	0.0000e+00	0.0000e+00	2.8700e-02	0.0000e+00
175	0.0000e+00	0.0000e+00	2.8727e-02	0.0000e+00
176	0.0000e+00	0.0000e+00	2.8733e-02	0.0000e+00
177	0.0000e+00	0.0000e+00	2.8735e-02	0.0000e+00
178	0.0000e+00	0.0000e+00	2.8745e-02	0.0000e+00
179	0.0000e+00	0.0000e+00	2.8763e-02	0.0000e+00
180	0.0000e+00	0.0000e+00	2.8784e-02	0.0000e+00
181	0.0000e+00	0.0000e+00	2.8791e-02	0.0000e+00
182	0.0000e+00	0.0000e+00	2.8760e-02	0.0000e+00
183	0.0000e+00	0.0000e+00	2.8663e-02	0.0000e+00
184	0.0000e+00	0.0000e+00	2.8468e-02	0.0000e+00
185	0.0000e+00	0.0000e+00	2.8142e-02	0.0000e+00
186	0.0000e+00	0.0000e+00	2.7656e-02	0.0000e+00
187	0.0000e+00	0.0000e+00	2.6984e-02	0.0000e+00
188	0.0000e+00	0.0000e+00	2.6108e-02	0.0000e+00
189	0.0000e+00	0.0000e+00	2.5018e-02	0.0000e+00
190	0.0000e+00	0.0000e+00	2.3718e-02	0.0000e+00
191	0.0000e+00	0.0000e+00	2.2219e-02	0.0000e+00
192	0.0000e+00	0.0000e+00	2.0544e-02	0.0000e+00
193	0.0000e+00	0.0000e+00	1.8726e-02	0.0000e+00
194	0.0000e+00	0.0000e+00	1.6806e-02	0.0000e+00
195	0.0000e+00	0.0000e+00	1.4829e-02	0.0000e+00
196	0.0000e+00	0.0000e+00	1.2845e-02	0.0000e+00
197	0.0000e+00	0.0000e+00	1.0902e-02	0.0000e+00
198	0.0000e+00	0.0000e+00	9.0455e-03	0.0000e+00
199	0.0000e+00	0.0000e+00	7.3170e-03	0.0000e+00
200	0.0000e+00	0.0000e+00	5.7493e-03	0.0000e+00
201	0.0000e+00	0.0000e+00	4.3665e-03	0.0000e+00
202	0.0000e+00	0.0000e+00	3.1828e-03	0.0000e+00
203	0.0000e+00	0.0000e+00	2.2027e-03	0.0000e+00
204	0.0000e+00	0.0000e+00	1.4212e-03	0.0000e+00
205	0.0000e+00	0.0000e+00	8.2550e-04	0.0000e+00
206	0.0000e+00	0.0000e+00	3.9599e-04	0.0000e+00
207	0.0000e+00	0.0000e+00	1.0867e-04	0.0000e+00
208	0.0000e+00	0.0000e+00	-6.2940e-05	0.0000e+00
209	0.0000e+00	0.0000e+00	-1.4581e-04	0.0000e+00
210	0.0000e+00	0.0000e+00	-1.6562e-04	0.0000e+00
211	0.0000e+00	0.0000e+00	-1.4527e-04	0.0000e+00
212	0.0000e+00	0.0000e+00	-1.0394e-04	0.0000e+00
213	0.0000e+00	0.0000e+00	-5.6446e-05	0.0000e+00
214	0.0000e+00	0.0000e+00	-1.3154e-05	0.0000e+00
215	0.0000e+00	0.0000e+00	1.9751e-05	0.0000e+00
216	0.0000e+00	0.0000e+00	3.9700e-05	0.0000e+00
217	0.0000e+00	0.0000e+00	4.6952e-05	0.0000e+00
218	0.0000e+00	0.0000e+00	4.3721e-05	0.0000e+00
219	0.0000e+00	0.0000e+00	3.3300e-05	0.0000e+00
220	0.0000e+00	0.0000e+00	1.9290e-05	0.0000e+00
221	0.0000e+00	0.0000e+00	4.9772e-06	0.0000e+00
222	0.0000e+00	0.0000e+00	-7.0883e-06	0.0000e+00
223	0.0000e+00	0.0000e+00	-1.5312e-05	0.0000e+00
224	0.0000e+00	0.0000e+00	-1.9087e-05	0.0000e+00
225	0.0000e+00	0.0000e+00	-1.8676e-05	0.0000e+00
226	0.0000e+00	0.0000e+00	-1.4987e-05	0.0000e+00
227	0.0000e+00	0.0000e+00	-9.2934e-06	0.0000e+00
228	0.0000e+00	0.0000e+00	-2.9638e-06	0.0000e+00
229	0.0000e+00	0.0000e+00	2.7827e-06	0.0000e+00
230	0.0000e+00	0.0000e+00	7.0460e-06	0.0000e+00
231	0.0000e+00	0.0000e+00	9.3358e-06	0.0000e+00
232	0.0000e+00	0.0000e+00	9.5813e-06	0.0000e+00
233	0.0000e+00	0.0000e+00	8.0720e-06	0.0000e+00
234	0.0000e+00	0.0000e+00	5.3506e-06	0.0000e+00
235	0.0000e+00	0.0000e+00	2.0820e-06	0.0000e+00
236	0.0000e+00	0.0000e+00	-1.0774e-06	0.0000e+00
237	0.0000e+00	0.0000e+00	-3.5885e-06	0.0000e+00
238	0.0000e+00	0.0000e+00	-5.1029e-06	0.0000e+00
239	0.0000e+00	0.0000e+00	-5.4946e-06	0.0000e+00
240	0.0000e+00	0.0000e+00	-4.8492e-06	0.0000e+00
241	0.0000e+00	0.0000e+00	-3.4207e-06	0.0000e+00
242	0.0000e+00	0.0000e+00	-1.5647e-06	0.0000e+00
243	0.0000e+00	0.0000e+00	3.3553e-07	0.0000e+00
244	0.0000e+00	0.0000e+00	1.9384e-06	0.0000e+00
245	0.0000e+00	0.0000e+00	2.9973e-06	0.0000e+00
246	0.0000e+00	0.0000e+00	3.3913e-06	0.0000e+00
247	0.0000e+00	0.0000e+00	3.1305e-06	0.0000e+00
248	0.0000e+00	0.0000e+00	2.3383e-06	0.0000e+00
249	0.0000e+00	0.0000e+00	1.2168e-06	0.0000e+00
250	0.0000e+00	0.0000e+00	2.7326e-09	0.0000e+00
251	0.0000e+00	0.0000e+00	-1.0778e-06	0.0000e+00
252	0.0000e+00	0.0000e+00	-1.8473e-06	0.0000e+00
253	0.0000e+00	0.0000e+00	-2.2027e-06	0.0000e+00
254	0.0000e+00	0.0000e+00	-2.1247e-06	0.0000e+00
255	0.0000e+00	0.0000e+00	-1.6728e-06	0.0000e+00
256	0.0000e+00	0.0000e+00	-9.6619e-07	0.0000e+00
257	0.0000e+00	0.0000e+00	-1.5684e-07	0.0000e+00
258	0.0000e+00	0.0000e+00	6.0047e-07	0.0000e+00
259	0.0000e+00	0.0000e+00	1.1756e-06	0.0000e+00
260	0.0000e+00	0.0000e+00	1.4837e-06	0.0000e+00
261	0.0000e+00	0.0000e+00	1.4952e-06	0.0000e+00
262	0.0000e+00	0.0000e+00	1.2362e-06	0.0000e+00
263	0.0000e+00	0.0000e+00	7.7836e-07	0.0000e+00
264	0.0000e+00	0.0000e+00	2.2204e-07	0.0000e+00
265	0.0000e+00	0.0000e+00	-3.2415e-07	0.0000e+00
266	0.0000e+00	0.0000e+00	-7.6322e-07	0.0000e+00
267	0.0000e+00	0.0000e+00	-1.0260e-06	0.0000e+00
268	0.0000e+00	0.0000e+00	-1.0807e-06	0.0000e+00
269	0.0000e+00	0.0000e+00	-9.3561e-07	0.0000e+00
270	0.0000e+00	0.0000e+00	-6.3385e-07	0.0000e+00
271	0.0000e+00	0.0000e+00	-2.4288e-07	0.0000e+00
272	0.0000e+00	0.0000e+00	1.5959e-07	0.0000e+00
273	0.0000e+00	0.0000e+00	5.0026e-07	0.0000e+00
274	0.0000e+00	0.0000e+00	7.2289e-07	0.0000e+00
275	0.0000e+00	0.0000e+00	7.9696e-07	0.0000e+00
276	0.0000e+00	0.0000e+00	7.2099e-07	0.0000e+00
277	0.0000e+00	0.0000e+00	5.2052e-07	0.0000e+00
278	0.0000e+00	0.0000e+00	2.4138e-07	0.0000e+00
279	0.0000e+00	0.0000e+00	-6.0046e-08	0.0000e+00
280	0.0000e+00	0.0000e+00	-3.2772e-07	0.0000e+00
281	0.0000e+00	0.0000e+00	-5.1591e-07	0.0000e+00
282	0.0000e+00	0.0000e+00	-5.9665e-07	0.0000e+00
283	0.0000e+00	0.0000e+00	-5.6331e-07	0.0000e+00
284	0.0000e+00	0.0000e+00	-4.3030e-07	0.0000e+00
285	0.0000e+00	0.0000e+00	-2.2889e-07	0.0000e+00
286	0.0000e+00	0.0000e+00	-3.6346e-10	0.0000e+00
287	0.0000e+00	0.0000e+00	2.1204e-07	0.0000e+00
288	0.0000e+00	0.0000e+00	3.7107e-07	0.0000e+00
289	0.0000e+00	0.0000e+00	4.5170e-07	0.0000e+00
290	0.0000e+00	0.0000e+00	4.4480e-07	0.0000e+00
291	0.0000e+00	0.0000e+00	3.5762e-07	0.0000e+00
292	0.0000e+00	0.0000e+00	2.1140e-07	0.0000e+00
293	0.0000e+00	0.0000e+00	3.6581e-08	0.0000e+00
294	0.0000e+00	0.0000e+00	-1.3326e-07	0.0000e+00
295	0.0000e+00	0.0000e+00	-2.6770e-07	0.0000e+00
296	0.0000e+00	0.0000e+00	-3.4471e-07	0.0000e+00
297	0.0000e+00	0.0000e+00	-3.5408e-07	0.0000e+00
298	0.0000e+00	0.0000e+00	-2.9846e-07	0.0000e+00
299	0.0000e+00	0.0000e+00	-1.9212e-07	0.0000e+00
300	0.0000e+00	0.0000e+00	-5.7553e-08	0.0000e+00
301	0.0000e+00	0.0000e+00	7.9055e-08	0.0000e+00
302	0.0000e+00	0.0000e+00	1.9279e-07	0.0000e+00
303	0.0000e+00	0.0000e+00	2.6443e-07	0.0000e+00
304	0.0000e+00	0.0000e+00	2.8356e-07	0.0000e+00
305	0.0000e+00	0.0000e+00	2.4991e-07	0.0000e+00
306	0.0000e+00	0.0000e+00	1.7278e-07	0.0000e+00
307	0.0000e+00	0.0000e+00	6.8796e-08	0.0000e+00
308	0.0000e+00	0.0000e+00	-4.1555e-08	0.0000e+00
309	0.0000e+00	0.0000e+00	-1.3784e-07	0.0000e+00
310	0.0000e+00	0.0000e+00	-2.0339e-07	0.0000e+00
311	0.0000e+00	0.0000e+00	-2.2808e-07	0.0000e+00
312	0.0000e+00	0.0000e+00	-2.0977e-07	0.0000e+00
313	0.0000e+00	0.0000e+00	-1.5427e-07	0.0000e+00
314	0.0000e+00	0.0000e+00	-7.3790e-08	0.0000e+00
315	0.0000e+00	0.0000e+00	1.5612e-08	0.0000e+00
316	0.0000e+00	0.0000e+00	9.7167e-08	0.0000e+00
317	0.0000e+00	0.0000e+00	1.5647e-07	0.0000e+00
318	0.0000e+00	0.0000e+00	1.8396e-07	0.0000e+00
319	0.0000e+00	0.0000e+00	1.7637e-07	0.0000e+00
320	0.0000e+00	0.0000e+00	1.3702e-07	0.0000e+00
321	0.0000e+00	0.0000e+00	7.4776e-08	0.0000e+00
322	0.0000e+00	0.0000e+00	2.2275e-09	0.0000e+00
323	0.0000e+00	0.0000e+00	-6.6861e-08	0.0000e+00
324	0.0000e+00	0.0000e+00	-1.2008e-07	0.0000e+00
325	0.0000e+00	0.0000e+00	-1.4857e-07	0.0000e+00
326	0.0000e+00	0.0000e+00	-1.4844e-07	0.0000e+00
327	0.0000e+00	0.0000e+00	-1.2120e-07	0.0000e+00
328	0.0000e+00	0.0000e+00	-7.3219e-08	0.0000e+00
329	0.0000e+00	0.0000e+00	-1.4321e-08	0.0000e+00
330	0.0000e+00	0.0000e+00	4.4193e-08	0.0000e+00
331	0.0000e+00	0.0000e+00	9.1668e-08	0.0000e+00
332	0.0000e+00	0.0000e+00	1.2000e-07	0.0000e+00
333	0.0000e+00	0.0000e+00	1.2497e-07	0.0000e+00
334	0.0000e+00	0.0000e+00	1.0685e-07	0.0000e+00
335	0.0000e+00	0.0000e+00	7.0087e-08	0.0000e+00
336	0.0000e+00	0.0000e+00	2.2309e-08	0.0000e+00
337	0.0000e+00	0.0000e+00	-2.7217e-08	0.0000e+00
338	0.0000e+00	0.0000e+00	-6.9360e-08	0.0000e+00
339	0.0000e+00	0.0000e+00	-9.6782e-08	0.0000e+00
340	0.0000e+00	0.0000e+00	-1.0518e-07	0.0000e+00
341	0.0000e+00	0.0000e+00	-9.3930e-08	0.0000e+00
342	0.0000e+00	0.0000e+00	-6.6024e-08	0.0000e+00
343	0.0000e+00	0.0000e+00	-2.7348e-08	0.0000e+00
344	0.0000e+00	0.0000e+00	1.4521e-08	0.0000e+00
345	0.0000e+00	0.0000e+00	5.1780e-08	0.0000e+00
346	0.0000e+00	0.0000e+00	7.7832e-08	0.0000e+00
347	0.0000e+00	0.0000e+00	8.8431e-08	0.0000e+00
348	0.0000e+00	0.0000e+00	8.2349e-08	0.0000e+00
349	0.0000e+00	0.0000e+00	6.1462e-08	0.0000e+00
350	0.0000e+00	0.0000e+00	3.0264e-08	0.0000e+00
351	0.0000e+00	0.0000e+00	-5.0717e-09	0.0000e+00
352	0.0000e+00	0.0000e+00	-3.7893e-08	0.0000e+00
353	0.0000e+00	0.0000e+00	-6.2307e-08	0.0000e+00
354	0.0000e+00	0.0000e+00	-7.4220e-08	0.0000e+00
355	0.0000e+00	0.0000e+00	-7.2005e-08	0.0000e+00
356	0.0000e+00	0.0000e+00	-5.6690e-08	0.0000e+00
357	0.0000e+00	0.0000e+00	-3.1652e-08	0.0000e+00
358	0.0000e+00	0.0000e+00	-1.9005e-09	0.0000e+00
359	0.0000e+00	0.0000e+00	2.6913e-08	0.0000e+00
360	0.0000e+00	0.0000e+00	4.9553e-08	0.0000e+00
361	0.0000e+00	0.0000e+00	6.2137e-08	0.0000e+00
362	0.0000e+00	0.0000e+00	6.2790e-08	0.0000e+00
363	0.0000e+00	0.0000e+00	5.1899e-08	0.0000e+00
364	0.0000e+00	0.0000e+00	3.1948e-08	0.0000e+00
365	0.0000e+00	0.0000e+00	6.9731e-09	0.0000e+00
366	0.0000e+00	0.0000e+00	-1.8238e-08	0.0000e+00
367	0.0000e+00	0.0000e+00	-3.9056e-08	0.0000e+00
368	0.0000e+00	0.0000e+00	-5.1846e-08	0.0000e+00
369	0.0000e+00	0.0000e+00	-5.4597e-08	0.0000e+00
370	0.0000e+00	0.0000e+00	-4.7215e-08	0.0000e+00
371	0.0000e+00	0.0000e+00	-3.1468e-08	0.0000e+00
372	0.0000e+00	0.0000e+00	-1.0584e-08	0.0000e+00
373	0.0000e+00	0.0000e+00	1.1400e-08	0.0000e+00
374	0.0000e+00	0.0000e+00	3.0407e-08	0.0000e+00
375	0.0000e+00	0.0000e+00	4.3072e-08	0.0000e+00
376	0.0000e+00	0.0000e+00	4.7325e-08	0.0000e+00
377	0.0000e+00	0.0000e+00	4.2718e-08	0.0000e+00
378	0.0000e+00	0.0000e+00	3.0449e-08	0.0000e+00
379	0.0000e+00	0.0000e+00	1.3069e-08	0.0000e+00
380	0.0000e+00	0.0000e+00	-6.0318e-09	0.0000e+00
381	0.0000e+00	0.0000e+00	-2.3281e-08	0.0000e+00
382	0.0000e+00	0.0000e+00	-3.5586e-08	0.0000e+00
383	0.0000e+00	0.0000e+00	-4.0879e-08	0.0000e+00
384	0.0000e+00	0.0000e+00	-3.8458e-08	0.0000e+00
385	0.0000e+00	0.0000e+00	-2.9063e-08	0.0000e+00
386	0.0000e+00	0.0000e+00	-1.4685e-08	0.0000e+00
387	0.0000e+00	0.0000e+00	1.8461e-09	0.0000e+00
388	0.0000e+00	0.0000e+00	1.7415e-08	0.0000e+00
389	0.0000e+00	0.0000e+00	2.9198e-08	0.0000e+00
390	0.0000e+00	0.0000e+00	3.5173e-08	0.0000e+00
391	0.0000e+00	0.0000e+00	3.4461e-08	0.0000e+00
392	0.0000e+00	0.0000e+00	2.7440e-08	0.0000e+00
393	0.0000e+00	0.0000e+00	1.5633e-08	0.0000e+00
394	0.0000e+00	0.0000e+00	1.3867e-09	0.0000e+00
395	0.0000e+00	0.0000e+00	-1.2593e-08	0.0000e+00
396	0.0000e+00	0.0000e+00	-2.3747e-08	0.0000e+00
397	0.0000e+00	0.0000e+00	-3.0130e-08	0.0000e+00
398	0.0000e+00	0.0000e+00	-3.0740e-08	0.0000e+00
399	0.0000e+00	0.0000e+00	-2.5675e-08	0.0000e+00
400	0.0000e+00	0.0000e+00	-1.6069e-08	0.0000e+00
401	0.0000e+00	0.0000e+00	-3.8500e-09	0.0000e+00
402	0.0000e+00	0.0000e+00	8.6419e-09	0.0000e+00
403	0.0000e+00	0.0000e+00	1.9101e-08	0.0000e+00
404	0.0000e+00	0.0000e+00	2.5677e-08	0.0000e+00
405	0.0000e+00	0.0000e+00	2.7298e-08	0.0000e+00
406	0.0000e+00	0.0000e+00	2.3580e-08	0.0000e+00
407	0.0000e+00	0.0000e+00	1.5559e-08	0.0000e+00
408	0.0000e+00	0.0000e+00	4.7386e-09	0.0000e+00
409	0.0000e+00	0.0000e+00	-6.7058e-09	0.0000e+00
410	0.0000e+00	0.0000e+00	-1.6731e-08	0.0000e+00
411	0.0000e+00	0.0000e+00	-2.3470e-08	0.0000e+00
412	0.0000e+00	0.0000e+00	-2.5859e-08	0.0000e+00
413	0.0000e+00	0.0000e+00	-2.3541e-08	0.0000e+00
414	0.0000e+00	0.0000e+00	-1.7158e-08	0.0000e+00
415	0.0000e+00	0.0000e+00	-7.9615e-09	0.0000e+00
416	0.0000e+00	0.0000e+00	2.2143e-09	0.0000e+00
417	0.0000e+00	0.0000e+00	1.1518e-08	0.0000e+00
418	0.0000e+00	0.0000e+00	1.8222e-08	0.0000e+00
419	0.0000e+00	0.0000e+00	2.1231e-08	0.0000e+00
420	0.0000e+00	0.0000e+00	2.0072e-08	0.0000e+00
421	0.0000e+00	0.0000e+00	1.5145e-08	0.0000e+00
422	0.0000e+00	0.0000e+00	7.4454e-09	0.0000e+00
423	0.0000e+00	0.0000e+00	-1.4729e-09	0.0000e+00
424	0.0000e+00	0.0000e+00	-9.9583e-09	0.0000e+00
425	0.0000e+00	0.0000e+00	-1.6417e-08	0.0000e+00
426	0.0000e+00	0.0000e+00	-1.9753e-08	0.0000e+00
427	0.0000e+00	0.0000e+00	-1.9408e-08	0.0000e+00
428	0.0000e+00	0.0000e+00	-1.5588e-08	0.0000e+00
429	0.0000e+00	0.0000e+00	-9.0657e-09	0.0000e+00
430	0.0000e+00	0.0000e+00	-1.1525e-09	0.0000e+00
431	0.0000e+00	0.0000e+00	6.6898e-09	0.0000e+00
432	0.0000e+00	0.0000e+00	1.2996e-08	0.0000e+00
433	0.0000e+00	0.0000e+00	1.6689e-08	0.0000e+00
434	0.0000e+00	0.0000e+00	1.7150e-08	0.0000e+00
435	0.0000e+00	0.0000e+00	1.4429e-08	0.0000e+00
436	0.0000e+00	0.0000e+00	9.1068e-09	0.0000e+00
437	0.0000e+00	0.0000e+00	2.2791e-09	0.0000e+00
438	0.0000e+00	0.0000e+00	-4.7689e-09	0.0000e+00
439	0.0000e+00	0.0000e+00	-1.0697e-08	0.0000e+00
440	0.0000e+00	0.0000e+00	-1.4464e-08	0.0000e+00
441	0.0000e+00	0.0000e+00	-1.5240e-08	0.0000e+00
442	0.0000e+00	0.0000e+00	-1.3100e-08	0.0000e+00
443	0.0000e+00	0.0000e+00	-8.4139e-09	0.0000e+00
444	0.0000e+00	0.0000e+00	-2.2012e-09	0.0000e+00
445	0.0000e+00	0.0000e+00	4.4333e-09	0.0000e+00
446	0.0000e+00	0.0000e+00	1.0186e-08	0.0000e+00
447	0.0000e+00	0.0000e+00	1.4096e-08	0.0000e+00
448	0.0000e+00	0.0000e+00	1.5434e-08	0.0000e+00
449	0.0000e+00	0.0000e+00	1.4094e-08	0.0000e+00
450	0.0000e+00	0.0000e+00	1.0344e-08	0.0000e+00
451	0.0000e+00	0.0000e+00	5.0049e-09	0.0000e+00
452	0.0000e+00	0.0000e+00	-9.4459e-10	0.0000e+00
453	0.0000e+00	0.0000e+00	-6.3347e-09	0.0000e+00
454	0.0000e+00	0.0000e+00	-1.0238e-08	0.0000e+00
455	0.0000e+00	0.0000e+00	-1.1925e-08	0.0000e+00
456	0.0000e+00	0.0000e+00	-1.1199e-08	0.0000e+00
457	0.0000e+00	0.0000e+00	-8.2129e-09	0.0000e+00
458	0.0000e+00	0.0000e+00	-3.6320e-09	0.0000e+00
459	0.0000e+00	0.0000e+00	1.6976e-09	0.0000e+00
460	0.0000e+00	0.0000e+00	6.7236e-09	0.0000e+00
461	0.0000e+00	0.0000e+00	1.0568e-08	0.0000e+00
462	0.0000e+00	0.0000e+00	1.2508e-08	0.0000e+00
463	0.0000e+00	0.0000e+00	1.2278e-08	0.0000e+00
464	0.0000e+00	0.0000e+00	9.9359e-09	0.0000e+00
465	0.0000e+00	0.0000e+00	6.0108e-09	0.0000e+00
466	0.0000e+00	0.0000e+00	1.2277e-09	0.0000e+00
467	0.0000e+00	0.0000e+00	-3.4697e-09	0.0000e+00
468	0.0000e+00	0.0000e+00	-7.2585e-09	0.0000e+00
469	0.0000e+00	0.0000e+00	-9.4284e-09	0.0000e+00
470	0.0000e+00	0.0000e+00	-9.6642e-09	0.0000e+00
471	0.0000e+00	0.0000e+00	-7.9409e-09	0.0000e+00
472	0.0000e+00	0.0000e+00	-4.6709e-09	0.0000e+00
473	0.0000e+00	0.0000e+00	-4.6744e-10	0.0000e+00
474	0.0000e+00	0.0000e+00	3.8274e-09	0.0000e+00
475	0.0000e+00	0.0000e+00	7.4491e-09	0.0000e+00
476	0.0000e+00	0.0000e+00	9.7068e-09	0.0000e+00
477	0.0000e+00	0.0000e+00	1.0250e-08	0.0000e+00
478	0.0000e+00	0.0000e+00	8.9852e-09	0.0000e+00
479	0.0000e+00	0.0000e+00	6.2238e-09	0.0000e+00
480	0.0000e+00	0.0000e+00	2.4776e-09	0.0000e+00
481	0.0000e+00	0.0000e+00	-1.5057e-09	0.0000e+00
482	0.0000e+00	0.0000e+00	-5.0210e-09	0.0000e+00
483	0.0000e+00	0.0000e+00	-7.4020e-09	0.0000e+00
484	0.0000e+00	0.0000e+00	-8.2746e-09	0.0000e+00
485	0.0000e+00	0.0000e+00	-7.4888e-09	0.0000e+00
486	0.0000e+00	0.0000e+00	-5.2688e-09	0.0000e+00
487	0.0000e+00	0.0000e+00	-2.0348e-09	0.0000e+00
488	0.0000e+00	0.0000e+00	1.5538e-09	0.0000e+00
489	0.0000e+00	0.0000e+00	4.8509e-09	0.0000e+00
490	0.0000e+00	0.0000e+00	7.2194e-09	0.0000e+00
491	0.0000e+00	0.0000e+00	8.2712e-09	0.0000e+00
492	0.0000e+00	0.0000e+00	7.8110e-09	0.0000e+00
493	0.0000e+00	0.0000e+00	5.9879e-09	0.0000e+00
494	0.0000e+00	0.0000e+00	3.1401e-09	0.0000e+00
495	0.0000e+00	0.0000e+00	-1.5480e-10	0.0000e+00
496	0.0000e+00	0.0000e+00	-3.3089e-09	0.0000e+00
497	0.0000e+00	0.0000e+00	-5.7174e-09	0.0000e+00
498	0.0000e+00	0.0000e+00	-6.9857e-09	0.0000e+00
499	0.0000e+00	0.0000e+00	-6.8831e-09	0.0000e+00
500	0.0000e+00	0.0000e+00	-5.4944e-09	0.0000e+00
501	0.0000e+00	0.0000e+00	-3.0842e-09	0.0000e+00
502	0.0000e+00	0.0000e+00	-1.5478e-10	0.0000e+00
503	0.0000e+00	0.0000e+00	2.7627e-09	0.0000e+00
504	0.0000e+00	0.0000e+00	5.0981e-09	0.0000e+00
505	0.0000e+00	0.0000e+00	6.4570e-09	0.0000e+00
506	0.0000e+00	0.0000e+00	6.5814e-09	0.0000e+00
507	0.0000e+00	0.0000e+00	5.5016e-09	0.0000e+00
508	0.0000e+00	0.0000e+00	3.4169e-09	0.0000e+00
509	0.0000e+00	0.0000e+00	7.6030e-10	0.0000e+00
510	0.0000e+00	0.0000e+00	-1.9919e-09	0.0000e+00
511	0.0000e+00	0.0000e+00	-4.3053e-09	0.0000e+00
512	0.0000e+00	0.0000e+00	-5.7911e-09	0.0000e+00
513	0.0000e+00	0.0000e+00	-6.1714e-09	0.0000e+00
514	0.0000e+00	0.0000e+00	-5.4306e-09	0.0000e+00
515	0.0000e+00	0.0000e+00	-3.7102e-09	0.0000e+00
516	0.0000e+00	0.0000e+00	-1.3796e-09	0.0000e+00
517	0.0000e+00	0.0000e+00	1.1374e-09	0.0000e+00
518	0.0000e+00	0.0000e+00	3.3429e-09	0.0000e+00
519	0.0000e+00	0.0000e+00	4.8580e-09	0.0000e+00
520	0.0000e+00	0.0000e+00	5.3913e-09	0.0000e+00
521	0.0000e+00	0.0000e+00	4.8889e-09	0.0000e+00
522	0.0000e+00	0.0000e+00	3.4412e-09	0.0000e+00
523	0.0000e+00	0.0000e+00	1.3601e-09	0.0000e+00
524	0.0000e+00	0.0000e+00	-9.8077e-10	0.0000e+00
525	0.0000e+00	0.0000e+00	-3.1204e-09	0.0000e+00
526	0.0000e+00	0.0000e+00	-4.6929e-09	0.0000e+00
527	0.0000e+00	0.0000e+00	-5.3990e-09	0.0000e+00
528	0.0000e+00	0.0000e+00	-5.1530e-09	0.0000e+00
529	0.0000e+00	0.0000e+00	-4.0012e-09	0.0000e+00
530	0.0000e+00	0.0000e+00	-2.2026e-09	0.0000e+00
531	0.0000e+00	0.0000e+00	-8.3873e-11	0.0000e+00
532	0.0000e+00	0.0000e+00	1.9306e-09	0.0000e+00
533	0.0000e+00	0.0000e+00	3.4910e-09	0.0000e+00
534	0.0000e+00	0.0000e+00	4.2944e-09	0.0000e+00
535	0.0000e+00	0.0000e+00	4.2298e-09	0.0000e+00
536	0.0000e+00	0.0000e+00	3.3047e-09	0.0000e+00
537	0.0000e+00	0.0000e+00	1.7305e-09	0.0000e+00
538	0.0000e+00	0.0000e+00	-2.1015e-10	0.0000e+00
539	0.0000e+00	0.0000e+00	-2.1291e-09	0.0000e+00
540	0.0000e+00	0.0000e+00	-3.6945e-09	0.0000e+00
541	0.0000e+00	0.0000e+00	-4.6036e-09	0.0000e+00
542	0.0000e+00	0.0000e+00	-4.7255e-09	0.0000e+00
543	0.0000e+00	0.0000e+00	-4.0346e-09	0.0000e+00
544	0.0000e+00	0.0000e+00	-2.6993e-09	0.0000e+00
545	0.0000e+00	0.0000e+00	-9.6081e-10	0.0000e+00
546	0.0000e+00	0.0000e+00	8.2764e-10	0.0000e+00
547	0.0000e+00	0.0000e+00	2.3538e-09	0.0000e+00
548	0.0000e+00	0.0000e+00	3.3186e-09	0.0000e+00
549	0.0000e+00	0.0000e+00	3.5757e-09	0.0000e+00
550	0.0000e+00	0.0000e+00	3.0711e-09	0.0000e+00
551	0.0000e+00	0.0000e+00	1.9348e-09	0.0000e+00
552	0.0000e+00	0.0000e+00	3.6978e-10	0.0000e+00
553	0.0000e+00	0.0000e+00	-1.3048e-09	0.0000e+00
554	0.0000e+00	0.0000e+00	-2.7973e-09	0.0000e+00
555	0.0000e+00	0.0000e+00	-3.8151e-09	0.0000e+00
556	0.0000e+00	0.0000e+00	-4.2004e-09	0.0000e+00
557	0.0000e+00	0.0000e+00	-3.8756e-09	0.0000e+00
558	0.0000e+00	0.0000e+00	-2.9364e-09	0.0000e+00
559	0.0000e+00	0.0000e+00	-1.5501e-09	0.0000e+00
560	0.0000e+00	0.0000e+00	-3.5082e-12	0.0000e+00
561	0.0000e+00	0.0000e+00	1.4331e-09	0.0000e+00
562	0.0000e+00	0.0000e+00	2.4757e-09	0.0000e+00
563	0.0000e+00	0.0000e+00	2.9589e-09	0.0000e+00
564	0.0000e+00	0.0000e+00	2.7852e-09	0.0000e+00
565	0.0000e+00	0.0000e+00	2.0200e-09	0.0000e+00
566	0.0000e+00	0.0000e+00	7.9801e-10	0.0000e+00
567	0.0000e+00	0.0000e+00	-6.2524e-10	0.0000e+00
568	0.0000e+00	0.0000e+00	-2.0009e-09	0.0000e+00
569	0.0000e+00	0.0000e+00	-3.0556e-09	0.0000e+00
570	0.0000e+00	0.0000e+00	-3.6193e-09	0.0000e+00
571	0.0000e+00	0.0000e+00	-3.5783e-09	0.0000e+00
572	0.0000e+00	0.0000e+00	-2.9715e-09	0.0000e+00
573	0.0000e+00	0.0000e+00	-1.9036e-09	0.0000e+00
574	0.0000e+00	0.0000e+00	-6.0066e-10	0.0000e+00
575	0.0000e+00	0.0000e+00	7.1012e-10	0.0000e+00
576	0.0000e+00	0.0000e+00	1.7672e-09	0.0000e+00
577	0.0000e+00	0.0000e+00	2.3988e-09	0.0000e+00
578	0.0000e+00	0.0000e+00	2.4784e-09	0.0000e+00
579	0.0000e+00	0.0000e+00	2.0214e-09	0.0000e+00
580	0.0000e+00	0.0000e+00	1.1055e-09	0.0000e+00
581	0.0000e+00	0.0000e+00	-7.1247e-11	0.0000e+00
582	0.0000e+00	0.0000e+00	-1.3030e-09	0.0000e+00
583	0.0000e+00	0.0000e+00	-2.3413e-09	0.0000e+00
584	0.0000e+00	0.0000e+00	-3.0149e-09	0.0000e+00
585	0.0000e+00	0.0000e+00	-3.1873e-09	0.0000e+00
586	0.0000e+00	0.0000e+00	-2.8538e-09	0.0000e+00
587	0.0000e+00	0.0000e+00	-2.0674e-09	0.0000e+00
588	0.0000e+00	0.0000e+00	-1.0002e-09	0.0000e+00
589	0.0000e+00	0.0000e+00	1.6314e-10	0.0000e+00
590	0.0000e+00	0.0000e+00	1.1879e-09	0.0000e+00
591	0.0000e+00	0.0000e+00	1.9056e-09	0.0000e+00
592	0.0000e+00	0.0000e+00	2.1721e-09	0.0000e+00
593	0.0000e+00	0.0000e+00	1.9656e-09	0.0000e+00
594	0.0000e+00	0.0000e+00	1.3169e-09	0.0000e+00
595	0.0000e+00	0.0000e+00	3.7378e-10	0.0000e+00
596	0.0000e+00	0.0000e+00	-6.9976e-10	0.0000e+00
597	0.0000e+00	0.0000e+00	-1.6833e-09	0.0000e+00
598	0.0000e+00	0.0000e+00	-2.4126e-09	0.0000e+00
599	0.0000e+00	0.0000e+00	-2.7385e-09	0.0000e+00
600	0.0000e+00	0.0000e+00	-2.6248e-09	0.0000e+00
601	0.0000e+00	0.0000e+00	-2.0823e-09	0.0000e+00
602	0.0000e+00	0.0000e+00	-1.2362e-09	0.0000e+00
603	0.0000e+00	0.0000e+00	-2.3071e-10	0.0000e+00
604	0.0000e+00	0.0000e+00	7.2851e-10	0.0000e+00
605	0.0000e+00	0.0000e+00	1.4829e-09	0.0000e+00
606	0.0000e+00	0.0000e+00	1.8803e-09	0.0000e+00
607	0.0000e+00	0.0000e+00	1.8723e-09	0.0000e+00
608	0.0000e+00	0.0000e+00	1.4523e-09	0.0000e+00
609	0.0000e+00	0.0000e+00	7.2431e-10	0.0000e+00
610	0.0000e+00	0.0000e+00	-1.8635e-10	0.0000e+00
611	0.0000e+00	0.0000e+00	-1.0889e-09	0.0000e+00
612	0.0000e+00	0.0000e+00	-1.8316e-09	0.0000e+00
613	0.0000e+00	0.0000e+00	-2.2612e-09	0.0000e+00
614	0.0000e+00	0.0000e+00	-2.3194e-09	0.0000e+00
615	0.0000e+00	0.0000e+00	-1.9839e-09	0.0000e+00
616	0.0000e+00	0.0000e+00	-1.3399e-09	0.0000e+00
617	0.0000e+00	0.0000e+00	-4.9422e-10	0.0000e+00
618	0.0000e+00	0.0000e+00	3.7705e-10	0.0000e+00
619	0.0000e+00	0.0000e+00	1.1300e-09	0.0000e+00
620	0.0000e+00	0.0000e+00	1.6117e-09	0.0000e+00
621	0.0000e+00	0.0000e+00	1.7561e-09	0.0000e+00
622	0.0000e+00	0.0000e+00	1.5273e-09	0.0000e+00
623	0.0000e+00	0.0000e+00	9.9288e-10	0.0000e+00
624	0.0000e+00	0.0000e+00	2.4254e-10	0.0000e+00
625	0.0000e+00	0.0000e+00	-5.6237e-10	0.0000e+00
626	0.0000e+00	0.0000e+00	-1.2864e-09	0.0000e+00
627	0.0000e+00	0.0000e+00	-1.7786e-09	0.0000e+00
628	0.0000e+00	0.0000e+00	-1.9666e-09	0.0000e+00
629	0.0000e+00	0.0000e+00	-1.8031e-09	0.0000e+00
630	0.0000e+00	0.0000e+00	-1.3396e-09	0.0000e+00
631	0.0000e+00	0.0000e+00	-6.4951e-10	0.0000e+00
632	0.0000e+00	0.0000e+00	1.2008e-10	0.0000e+00
633	0.0000e+00	0.0000e+00	8.4285e-10	0.0000e+00
634	0.0000e+00	0.0000e+00	1.3707e-09	0.0000e+00
635	0.0000e+00	0.0000e+00	1.6271e-09	0.0000e+00
636	0.0000e+00	0.0000e+00	1.5545e-09	0.0000e+00
637	0.0000e+00	0.0000e+00	1.1902e-09	0.0000e+00
638	0.0000e+00	0.0000e+00	5.9241e-10	0.0000e+00
639	0.0000e+00	0.0000e+00	-1.0589e-10	0.0000e+00
640	0.0000e+00	0.0000e+00	-7.8786e-10	0.0000e+00
641	0.0000e+00	0.0000e+00	-1.3093e-09	0.0000e+00
642	0.0000e+00	0.0000e+00	-1.5908e-09	0.0000e+00
643	0.0000e+00	0.0000e+00	-1.5665e-09	0.0000e+00
644	0.0000e+00	0.0000e+00	-1.2608e-09	0.0000e+00
645	0.0000e+00	0.0000e+00	-7.1771e-10	0.0000e+00
646	0.0000e+00	0.0000e+00	-5.6689e-11	0.0000e+00
647	0.0000e+00	0.0000e+00	6.1516e-10	0.0000e+00
648	0.0000e+00	0.0000e+00	1.1584e-09	0.0000e+00
649	0.0000e+00	0.0000e+00	1.4920e-09	0.0000e+00
650	0.0000e+00	0.0000e+00	1.5433e-09	0.0000e+00
651	0.0000e+00	0.0000e+00	1.3252e-09	0.0000e+00
652	0.0000e+00	0.0000e+00	8.6855e-10	0.0000e+00
653	0.0000e+00	0.0000e+00	2.7982e-10	0.0000e+00
654	0.0000e+00	0.0000e+00	-3.4378e-10	0.0000e+00
655	0.0000e+00	0.0000e+00	-8.6820e-10	0.0000e+00
656	0.0000e+00	0.0000e+00	-1.2122e-09	0.0000e+00
657	0.0000e+00	0.0000e+00	-1.2974e-09	0.0000e+00
658	0.0000e+00	0.0000e+00	-1.1267e-09	0.0000e+00
659	0.0000e+00	0.0000e+00	-7.1886e-10	0.0000e+00
660	0.0000e+00	0.0000e+00	-1.6796e-10	0.0000e+00
661	0.0000e+00	0.0000e+00	4.3872e-10	0.0000e+00
662	0.0000e+00	0.0000e+00	9.7307e-10	0.0000e+00
663	0.0000e+00	0.0000e+00	1.3546e-09	0.0000e+00
664	0.0000e+00	0.0000e+00	1.5004e-09	0.0000e+00
665	0.0000e+00	0.0000e+00	1.4050e-09	0.0000e+00
666	0.0000e+00	0.0000e+00	1.0756e-09	0.0000e+00
667	0.0000e+00	0.0000e+00	5.9480e-10	0.0000e+00
668	0.0000e+00	0.0000e+00	3.9931e-11	0.0000e+00
669	0.0000e+00	0.0000e+00	-4.6724e-10	0.0000e+00
670	0.0000e+00	0.0000e+00	-8.4785e-10	0.0000e+00
671	0.0000e+00	0.0000e+00	-1.0159e-09	0.0000e+00
672	0.0000e+00	0.0000e+00	-9.5823e-10	0.0000e+00
673	0.0000e+00	0.0000e+00	-6.7198e-10	0.0000e+00
674	0.0000e+00	0.0000e+00	-2.2874e-10	0.0000e+00
675	0.0000e+00	0.0000e+00	3.0391e-10	0.0000e+00
676	0.0000e+00	0.0000e+00	8.1084e-10	0.0000e+00
677	0.0000e+00	0.0000e+00	1.2156e-09	0.0000e+00
678	0.0000e+00	0.0000e+00	1.4300e-09	0.0000e+00
679	0.0000e+00	0.0000e+00	1.4346e-09	0.0000e+00
680	0.0000e+00	0.0000e+00	1.2172e-09	0.0000e+00
681	0.0000e+00	0.0000e+00	8.3922e-10	0.0000e+00
682	0.0000e+00	0.0000e+00	3.5854e-10	0.0000e+00
683	0.0000e+00	0.0000e+00	-1.1644e-10	0.0000e+00
684	0.0000e+00	0.0000e+00	-5.1254e-10	0.0000e+00
685	0.0000e+00	0.0000e+00	-7.4009e-10	0.0000e+00
686	0.0000e+00	0.0000e+00	-7.7458e-10	0.0000e+00
687	0.0000e+00	0.0000e+00	-5.9539e-10	0.0000e+00
688	0.0000e+00	0.0000e+00	-2.5444e-10	0.0000e+00
689	0.0000e+00	0.0000e+00	1.9965e-10	0.0000e+00
690	0.0000e+00	0.0000e+00	6.6542e-10	0.0000e+00
691	0.0000e+00	0.0000e+00	1.0734e-09	0.0000e+00
692	0.0000e+00	0.0000e+00	1.3335e-09	0.0000e+00
693	0.0000e+00	0.0000e+00	1.4169e-09	0.0000e+00
694	0.0000e+00	0.0000e+00	1.2955e-09	0.0000e+00
695	0.0000e+00	0.0000e+00	1.0125e-09	0.0000e+00
696	0.0000e+00	0.0000e+00	6.0753e-10	0.0000e+00
697	0.0000e+00	0.0000e+00	1.7507e-10	0.0000e+00
698	0.0000e+00	0.0000e+00	-2.1976e-10	0.0000e+00
699	0.0000e+00	0.0000e+00	-4.8680e-10	0.0000e+00
700	0.0000e+00	0.0000e+00	-5.9429e-10	0.0000e+00
701	0.0000e+00	0.0000e+00	-5.0740e-10	0.0000e+00
702	0.0000e+00	0.0000e+00	-2.6135e-10	0.0000e+00
703	0.0000e+00	0.0000e+00	1.1302e-10	0.0000e+00
704	0.0000e+00	0.0000e+00	5.2792e-10	0.0000e+00
705	0.0000e+00	0.0000e+00	9.2302e-10	0.0000e+00
706	0.0000e+00	0.0000e+00	1.2088e-09	0.0000e+00
707	0.0000e+00	0.0000e+00	1.3514e-09	0.0000e+00
708	0.0000e+00	0.0000e+00	1.3099e-09	0.0000e+00
709	0.0000e+00	0.0000e+00	1.1123e-09	0.0000e+00
710	0.0000e+00	0.0000e+00	7.8119e-10	0.0000e+00
711	0.0000e+00	0.0000e+00	3.9761e-10	0.0000e+00
712	0.0000e+00	0.0000e+00	1.6750e-11	0.0000e+00
713	0.0000e+00	0.0000e+00	-2.7306e-10	0.0000e+00
714	0.0000e+00	0.0000e+00	-4.3653e-10	0.0000e+00
715	0.0000e+00	0.0000e+00	-4.2759e-10	0.0000e+00
716	0.0000e+00	0.0000e+00	-2.6798e-10	0.0000e+00
717	0.0000e+00	0.0000e+00	2.7983e-11	0.0000e+00
718	0.0000e+00	0.0000e+00	3.8549e-10	0.0000e+00
719	0.0000e+00	0.0000e+00	7.5489e-10	0.0000e+00
720	0.0000e+00	0.0000e+00	1.0493e-09	0.0000e+00
721	0.0000e+00	0.0000e+00	1.2330e-09	0.0000e+00
722	0.0000e+00	0.0000e+00	1.2552e-09	0.0000e+00
723	0.0000e+00	0.0000e+00	1.1320e-09	0.0000e+00
724	0.0000e+00	0.0000e+00	8.7012e-10	0.0000e+00
725	0.0000e+00	0.0000e+00	5.3819e-10	0.0000e+00
726	0.0000e+00	0.0000e+00	1.8003e-10	0.0000e+00
727	0.0000e+00	0.0000e+00	-1.1925e-10	0.0000e+00
728	0.0000e+00	0.0000e+00	-3.2426e-10	0.0000e+00
729	0.0000e+00	0.0000e+00	-3.8008e-10	0.0000e+00
730	0.0000e+00	0.0000e+00	-2.9837e-10	0.0000e+00
731	0.0000e+00	0.0000e+00	-7.8033e-11	0.0000e+00
732	0.0000e+00	0.0000e+00	2.1763e-10	0.0000e+00
733	0.0000e+00	0.0000e+00	5.5101e-10	0.0000e+00
734	0.0000e+00	0.0000e+00	8.3878e-10	0.0000e+00
735	0.0000e+00	0.0000e+00	1.0468e-09	0.0000e+00
736	0.0000e+00	0.0000e+00	1.1161e-09	0.0000e+00
737	0.0000e+00	0.0000e+00	1.0549e-09	0.0000e+00
738	0.0000e+00	0.0000e+00	8.5446e-10	0.0000e+00
739	0.0000e+00	0.0000e+00	5.7318e-10	0.0000e+00
740	0.0000e+00	0.0000e+00	2.4190e-10	0.0000e+00
741	0.0000e+00	0.0000e+00	-5.7664e-11	0.0000e+00
742	0.0000e+00	0.0000e+00	-2.9375e-10	0.0000e+00
743	0.0000e+00	0.0000e+00	-4.0374e-10	0.0000e+00
744	0.0000e+00	0.0000e+00	-3.9340e-10	0.0000e+00
745	0.0000e+00	0.0000e+00	-2.4643e-10	0.0000e+00
746	0.0000e+00	0.0000e+00	-1.7593e-11	0.0000e+00
747	0.0000e+00	0.0000e+00	2.6975e-10	0.0000e+00
748	0.0000e+00	0.0000e+00	5.3461e-10	0.0000e+00
749	0.0000e+00	0.0000e+00	7.4897e-10	0.0000e+00
750	0.0000e+00	0.0000e+00	8.4546e-10	0.0000e+00
751	0.0000e+00	0.0000e+00	8.2939e-10	0.0000e+00
752	0.0000e+00	0.0000e+00	6.7526e-10	0.0000e+00
753	0.0000e+00	0.0000e+00	4.3607e-10	0.0000e+00
754	0.0000e+00	0.0000e+00	1.2496e-10	0.0000e+00
755	0.0000e+00	0.0000e+00	-1.7575e-10	0.0000e+00
756	0.0000e+00	0.0000e+00	-4.4629e-10	0.0000e+00
757	0.0000e+00	0.0000e+00	-6.1183e-10	0.0000e+00
758	0.0000e+00	0.0000e+00	-6.8444e-10	0.0000e+00
759	0.0000e+00	0.0000e+00	-6.2450e-10	0.0000e+00
760	0.0000e+00	0.0000e+00	-4.9684e-10	0.0000e+00
761	0.0000e+00	0.0000e+00	-2.9366e-10	0.0000e+00
762	0.0000e+00	0.0000e+00	-1.4589e-10	0.0000e+00
763	0.0000e+00	0.0000e+00	-2.6977e-11	0.0000e+00
764	0.0000e+00	0.0000e+00	2.7174e-11	0.0000e+00
765	0.0000e+00	0.0000e+00	1.7027e-11	0.0000e+00
766	0.0000e+00	0.0000e+00	-6.8903e-11	0.0000e+00
767	0.0000e+00	0.0000e+00	-2.0345e-10	0.0000e+00
768	0.0000e+00	0.0000e+00	-3.7529e-10	0.0000e+00
769	0.0000e+00	0.0000e+00	-5.4128e-10	0.0000e+00
770	0.0000e+00	0.0000e+00	-6.8514e-10	0.0000e+00
771	0.0000e+00	0.0000e+00	-7.6919e-10	0.0000e+00
772	0.0000e+00	0.0000e+00	-7.9329e-10	0.0000e+00
773	0.0000e+00	0.0000e+00	-7.4188e-10	0.0000e+00
774	0.0000e+00	0.0000e+00	-6.4041e-10	0.0000e+00
775	0.0000e+00	0.0000e+00	-4.9576e-10	0.0000e+00
776	0.0000e+00	0.0000e+00	-3.5046e-10	0.0000e+00
777	0.0000e+00	0.0000e+00	-2.1795e-10	0.0000e+00
778	0.0000e+00	0.0000e+00	-1.3794e-10	0.0000e+00
779	0.0000e+00	0.0000e+00	-1.0993e-10	0.0000e+00
780	0.0000e+00	0.0000e+00	-1.5392e-10	0.0000e+00
781	0.0000e+00	0.0000e+00	-2.4486e-10	0.0000e+00
782	0.0000e+00	0.0000e+00	-3.8101e-10	0.0000e+00
783	0.0000e+00	0.0000e+00	-5.1911e-10	0.0000e+00
784	0.0000e+00	0.0000e+00	-6.4973e-10	0.0000e+00
785	0.0000e+00	0.0000e+00	-7.2959e-10	0.0000e+00
786	0.0000e+00	0.0000e+00	-7.6140e-10	0.0000e+00
787	0.0000e+00	0.0000e+00	-7.1860e-10	0.0000e+00
788	0.0000e+00	0.0000e+00	-6.2785e-10	0.0000e+00
789	0.0000e+00	0.0000e+00	-4.8245e-10	0.0000e+00
790	0.0000e+00	0.0000e+00	-3.2898e-10	0.0000e+00
791	0.0000e+00	0.0000e+00	-1.6773e-10	0.0000e+00
792	0.0000e+00	0.0000e+00	-4.9251e-11	0.0000e+00
793	0.0000e+00	0.0000e+00	3.9851e-11	0.0000e+00
794	0.0000e+00	0.0000e+00	6.0097e-11	0.0000e+00
795	0.0000e+00	0.0000e+00	5.6275e-11	0.0000e+00
796	0.0000e+00	0.0000e+00	0.0000e+00	0.0000e+00
797	0.0000e+00	0.0000e+00	0.0000e+00	0.0000e+00
798	0.0000e+00	0.0000e+00	0.0000e+00	0.0000e+00
799	0.0000e+00	0.0000e+00	0.0000e+00	0.0000e+00
800	0.0000e+00	0.0000e+00	0.0000e+00	0.0000e+00
801	0.0000e+00	0.0000e+00	0.0000e+00	0.0000e+00
802	0.0000e+00	0.0000e+00	0.0000e+00	0.0000e+00
803	0.0000e+00	0.0000e+00	0.0000e+00	0.0000e+00
804	0.0000e+00	0.0000e+00	0.0000e+00	0.0000e+00
805	0.0000e+00	0.0000e+00	0.0000e+00	0.0000e+00
806	0.0000e+00	0.0000e+00	0.0000e+00	0.0000e+00
807	0.0000e+00	0.0000e+00	0.0000e+00	0.0000e+00
808	0.0000e+00	0.0000e+00	0.0000e+00	0.0000e+00
809	0.0000e+00	0.0000e+00	0.0000e+00	0.0000e+00
810	0.0000e+00	0.0000e+00	0.0000e+00	0.0000e+00
811	0.0000e+00	0.0000e+00	0.0000e+00	0.0000e+00
812	0.0000e+00	0.0000e+00	0.0000e+00	0.0000e+00
813	0.0000e+00	0.0000e+00	0.0000e+00	0.0000e+00
814	0.0000e+00	0.0000e+00	0.0000e+00	0.0000e+00
815	0.0000e+00	0.0000e+00	0.0000e+00	0.0000e+00
816	0.0000e+00	0.0000e+00	0.0000e+00	0.0000e+00
817	0.0000e+00	0.0000e+00	0.0000e+00	0.0000e+00
818	0.0000e+00	0.0000e+00	0.0000e+00	0.0000e+00
819	0.0000e+00	0.0000e+00	0.0000e+00	0.0000e+00
820	0.0000e+00	0.0000e+00	0.0000e+00	0.0000e+00
821	0.0000e+00	0.0000e+00	0.0000e+00	0.0000e+00
822	0.0000e+00	0.0000e+00	0.0000e+00	0.0000e+00
823	0.0000e+00	0.0000e+00	0.0000e+00	0.0000e+00
824	0.0000e+00	0.0000e+00	0.0000e+00	0.0000e+00
825	0.0000e+00	0.0000e+00	0.0000e+00	0.0000e+00
826	0.0000e+00	0.0000e+00	0.0000e+00	0.0000e+00
827	0.0000e+00	0.0000e+00	0.0000e+00	0.0000e+00
828	0.0000e+00	0.0000e+00	0.0000e+00	0.0000e+00
829	0.0000e+00	0.0000e+00	0.0000e+00	0.0000e+00
830	0.0000e+00	0.0000e+00	0.0000e+00	0.0000e+00
831	0.0000e+00	0.0000e+00	0.0000e+00	0.0000e+00
832	0.0000e+00	0.0000e+00	0.0000e+00	0.0000e+00
833	0.0000e+00	0.0000e+00	0.0000e+00	0.0000e+00
834	0.0000e+00	0.0000e+00	0.0000e+00	0.0000e+00
835	0.0000e+00	0.0000e+00	0.0000e+00	0.0000e+00
836	0.0000e+00	0.0000e+00	0.0000e+00	0.0000e+00
837	0.0000e+00	0.0000e+00	0.0000e+00	0.0000e+00
838	0.0000e+00	0.0000e+00	0.0000e+00	0.0000e+00
839	0.0000e+00	0.0000e+00	0.0000e+00	0.0000e+00
840	0.0000e+00	0.0000e+00	0.0000e+00	0.0000e+00
841	0.0000e+00	0.0000e+00	0.0000e+00	0.0000e+00
842	0.0000e+00	0.0000e+00	0.0000e+00	0.0000e+00
843	0.0000e+00	0.0000e+00	0.0000e+00	0.0000e+00
844	0.0000e+00	0.0000e+00	0.0000e+00	0.0000e+00
845	0.0000e+00	0.0000e+00	0.0000e+00	0.0000e+00
846	0.0000e+00	0.0000e+00	0.0000e+00	0.0000e+00
847	0.0000e+00	0.0000e+00	0.0000e+00	0.0000e+00
848	0.0000e+00	0.0000e+00	0.0000e+00	0.0000e+00
849	0.0000e+00	0.0000e+00	0.0000e+00	0.0000e+00
850	0.0000e+00	0.0000e+00	0.0000e+00	0.0000e+00
851	0.0000e+00	0.0000e+00	0.0000e+00	0.0000e+00
852	0.0000e+00	0.0000e+00	0.0000e+00	0.0000e+00
853	0.0000e+00	0.0000e+00	0.0000e+00	0.0000e+00
854	0.0000e+00	0.0000e+00	0.0000e+00	0.0000e+00
855	0.0000e+00	0.0000e+00	0.0000e+00	0.0000e+00
856	0.0000e+00	0.0000e+00	0.0000e+00	0.0000e+00
857	0.0000e+00	0.0000e+00	0.0000e+00	0.0000e+00
858	0.0000e+00	0.0000e+00	0.0000e+00	0.0000e+00
859	0.0000e+00	0.0000e+00	0.0000e+00	0.0000e+00
860	0.0000e+00	0.0000e+00	0.0000e+00	0.0000e+00
861	0.0000e+00	0.0000e+00	0.0000e+00	0.0000e+00
862	0.0000e+00	0.0000e+00	0.0000e+00	0.0000e+00
863	0.0000e+00	0.0000e+00	0.0000e+00	0.0000e+00
864	0.0000e+00	0.0000e+00	0.0000e+00	0.0000e+00
865	0.0000e+00	0.0000e+00	0.0000e+00	0.0000e+00
866	0.0000e+00	0.0000e+00	0.0000e+00	0.0000e+00
867	0.0000e+00	0.0000e+00	0.0000e+00	0.0000e+00
868	0.0000e+00	0.0000e+00	0.0000e+00	0.0000e+00
869	0.0000e+00	0.0000e+00	0.0000e+00	0.0000e+00
870	0.0000e+00	0.0000e+00	0.0000e+00	0.0000e+00
871	0.0000e+00	0.0000e+00	0.0000e+00	0.0000e+00
872	0.0000e+00	0.0000e+00	0.0000e+00	0.0000e+00
873	0.0000e+00	0.0000e+00	0.0000e+00	0.0000e+00
874	0.0000e+00	0.0000e+00	0.0000e+00	0.0000e+00
875	0.0000e+00	0.0000e+00	0.0000e+00	0.0000e+00
876	0.0000e+00	0.0000e+00	0.0000e+00	0.0000e+00
877	0.0000e+00	0.0000e+00	0.0000e+00	0.0000e+00
878	0.0000e+00	0.0000e+00	0.0000e+00	0.0000e+00
879	0.0000e+00	0.0000e+00	0.0000e+00	0.0000e+00
880	0.0000e+00	0.0000e+00	0.0000e+00	0.0000e+00
881	0.0000e+00	0.0000e+00	0.0000e+00	0.0000e+00
882	0.0000e+00	0.0000e+00	0.0000e+00	0.0000e+00
883	0.0000e+00	0.0000e+00	0.0000e+00	0.0000e+00
884	0.0000e+00	0.0000e+00	0.0000e+00	0.0000e+00
885	0.0000e+00	0.0000e+00	0.0000e+00	0.0000e+00
886	0.0000e+00	0.0000e+00	0.0000e+00	0.0000e+00
887	0.0000e+00	0.0000e+00	0.0000e+00	0.0000e+00
888	0.0000e+00	0.0000e+00	0.0000e+00	0.0000e+00
889	0.0000e+00	0.0000e+00	0.0000e+00	0.0000e+00
890	0.0000e+00	0.0000e+00	0.0000e+00	0.0000e+00
891	0.0000e+00	0.0000e+00	0.0000e+00	0.0000e+00
892	0.0000e+00	0.0000e+00	0.0000e+00	0.0000e+00
893	0.0000e+00	0.0000e+00	0.0000e+00	0.0000e+00
894	0.0000e+00	0.0000e+00	0.0000e+00	0.0000e+00
895	0.0000e+00	0.0000e+00	0.0000e+00	0.0000e+00
896	0.0000e+00	0.0000e+00	0.0000e+00	0.0000e+00
897	0.0000e+00	0.0000e+00	0.0000e+00	0.0000e+00
898	0.0000e+00	0.0000e+00	0.0000e+00	0.0000e+00
899	0.0000e+00	0.0000e+00	0.0000e+00	0.0000e+00
900	0.0000e+00	0.0000e+00	0.0000e+00	0.0000e+00
901	0.0000e+00	0.0000e+00	0.0000e+00	0.0000e+00
902	0.0000e+00	0.0000e+00	0.0000e+00	0.0000e+00
903	0.0000e+00	0.0000e+00	0.0000e+00	0.0000e+00
904	0.0000e+00	0.0000e+00	0.0000e+00	0.0000e+00
905	0.0000e+00	0.0000e+00	0.0000e+00	0.0000e+00
906	0.0000e+00	0.0000e+00	0.0000e+00	0.0000e+00
907	0.0000e+00	0.0000e+00	0.0000e+00	0.0000e+00
908	0.0000e+00	0.0000e+00	0.0000e+00	0.0000e+00
909	0.0000e+00	0.0000e+00	0.0000e+00	0.0000e+00
910	0.0000e+00	0.0000e+00	0.0000e+00	0.0000e+00
911	0.0000e+00	0.0000e+00	0.0000e+00	0.0000e+00
912	0.0000e+00	0.0000e+00	0.0000e+00	0.0000e+00
913	0.0000e+00	0.0000e+00	0.0000e+00	0.0000e+00
914	0.0000e+00	0.0000e+00	0.0000e+00	0.0000e+00
915	0.0000e+00	0.0000e+00	0.0000e+00	0.0000e+00
916	0.0000e+00	0.0000e+00	0.0000e+00	0.0000e+00
917	0.0000e+00	0.0000e+00	0.0000e+00	0.0000e+00
918	0.0000e+00	0.0000e+00	0.0000e+00	0.0000e+00
919	0.0000e+00	0.0000e+00	0.0000e+00	0.0000e+00
920	0.0000e+00	0.0000e+00	0.0000e+00	0.0000e+00
921	0.0000e+00	0.0000e+00	0.0000e+00	0.0000e+00
922	0.0000e+00	0.0000e+00	0.0000e+00	0.0000e+00
923	0.0000e+00	0.0000e+00	0.0000e+00	0.0000e+00
924	0.0000e+00	0.0000e+00	0.0000e+00	0.0000e+00
925	0.0000e+00	0.0000e+00	0.0000e+00	0.0000e+00
926	0.0000e+00	0.0000e+00	0.0000e+00	0.0000e+00
927	0.0000e+00	0.0000e+00	0.0000e+00	0.0000e+00
928	0.0000e+00	0.0000e+00	0.0000e+00	0.0000e+00
929	0.0000e+00	0.0000e+00	0.0000e+00	0.0000e+00
930	0.0000e+00	0.0000e+00	0.0000e+00	0.0000e+00
931	0.0000e+00	0.0000e+00	0.0000e+00	0.0000e+00
932	0.0000e+00	0.0000e+00	0.0000e+00	0.0000e+00
933	0.0000e+00	0.0000e+00	0.0000e+00	0.0000e+00
934	0.0000e+00	0.0000e+00	0.0000e+00	0.0000e+00
935	0.0000e+00	0.0000e+00	0.0000e+00	0.0000e+00
936	0.0000e+00	0.0000e+00	0.0000e+00	0.0000e+00
937	0.0000e+00	0.0000e+00	0.0000e+00	0.0000e+00
938	0.0000e+00	0.0000e+00	0.0000e+00	0.0000e+00
939	0.0000e+00	0.0000e+00	0.0000e+00	0.0000e+00
940	0.0000e+00	0.0000e+00	0.0000e+00	0.0000e+00
941	0.0000e+00	0.0000e+00	0.0000e+00	0.0000e+00
942	0.0000e+00	0.0000e+00	0.0000e+00	0.0000e+00
943	0.0000e+00	0.0000e+00	0.0000e+00	0.0000e+00
944	0.0000e+00	0.0000e+00	0.0000e+00	0.0000e+00
945	0.0000e+00	0.0000e+00	0.0000e+00	0.0000e+00
946	0.0000e+00	0.0000e+00	0.0000e+00	0.0000e+00
947	0.0000e+00	0.0000e+00	0.0000e+00	0.0000e+00
948	0.0000e+00	0.0000e+00	0.0000e+00	0.0000e+00
949	0.0000e+00	0.0000e+00	0.0000e+00	0.0000e+00
950	0.0000e+00	0.0000e+00	0.0000e+00	0.0000e+00
951	0.0000e+00	0.0000e+00	0.0000e+00	0.0000e+00
952	0.0000e+00	0.0000e+00	0.0000e+00	0.0000e+00
953	0.0000e+00	0.0000e+00	0.0000e+00	0.0000e+00
954	0.0000e+00	0.0000e+00	0.0000e+00	0.0000e+00
955	0.0000e+00	0.0000e+00	0.0000e+00	0.0000e+00
956	0.0000e+00	0.0000e+00	0.0000e+00	0.0000e+00
957	0.0000e+00	0.0000e+00	0.0000e+00	0.0000e+00
958	0.0000e+00	0.0000e+00	0.0000e+00	0.0000e+00
959	0.0000e+00	0.0000e+00	0.0000e+00	0.0000e+00
960	0.0000e+00	0.0000e+00	0.0000e+00	0.0000e+00
961	0.0000e+00	0.0000e+00	0.0000e+00	0.0000e+00
962	0.0000e+00	0.0000e+00	0.0000e+00	0.0000e+00
963	0.0000e+00	0.0000e+00	0.0000e+00	0.0000e+00
964	0.0000e+00	0.0000e+00	0.0000e+00	0.0000e+00
965	0.0000e+00	0.0000e+00	0.0000e+00	0.0000e+00
966	0.0000e+00	0.0000e+00	0.0000e+00	0.0000e+00
967	0.0000e+00	0.0000e+00	0.0000e+00	0.0000e+00
968	0.0000e+00	0.0000e+00	0.0000e+00	0.0000e+00
969	0.0000e+00	0.0000e+00	0.0000e+00	0.0000e+00
970	0.0000e+00	0.0000e+00	0.0000e+00	0.0000e+00
971	0.0000e+00	0.0000e+00	0.0000e+00	0.0000e+00
972	0.0000e+00	0.0000e+00	0.0000e+00	0.0000e+00
973	0.0000e+00	0.0000e+00	0.0000e+00	0.0000e+00
974	0.0000e+00	0.0000e+00	0.0000e+00	0.0000e+00
975	0.0000e+00	0.0000e+00	0.0000e+00	0.0000e+00
976	0.0000e+00	0.0000e+00	0.0000e+00	0.0000e+00
977	0.0000e+00	0.0000e+00	0.0000e+00	0.0000e+00
978	0.0000e+00	0.0000e+00	0.0000e+00	0.0000e+00
979	0.0000e+00	0.0000e+00	0.0000e+00	0.0000e+00
980	0.0000e+00	0.0000e+00	0.0000e+00	0.0000e+00
981	0.0000e+00	0.0000e+00	0.0000e+00	0.0000e+00
982	0.0000e+00	0.0000e+00	0.0000e+00	0.0000e+00
983	0.0000e+00	0.0000e+00	0.0000e+00	0.0000e+00
984	0.0000e+00	0.0000e+00	0.0000e+00	0.0000e+00
985	0.0000e+00	0.0000e+00	0.0000e+00	0.0000e+00
986	0.0000e+00	0.0000e+00	0.0000e+00	0.0000e+00
987	0.0000e+00	0.0000e+00	0.0000e+00	0.0000e+00
988	0.0000e+00	0.0000e+00	0.0000e+00	0.0000e+00
989	0.0000e+00	0.0000e+00	0.0000e+00	0.0000e+00
990	0.0000e+00	0.0000e+00	0.0000e+00	0.0000e+00
991	0.0000e+00	0.0000e+00	0.0000e+00	0.0000e+00
992	0.0000e+00	0.0000e+00	0.0000e+00	0.0000e+00
993	0.0000e+00	0.0000e+00	0.0000e+00	0.0000e+00
994	0.0000e+00	0.0000e+00	0.0000e+00	0.0000e+00
995	0.0000e+00	0.0000e+00	0.0000e+00	0.0000e+00
996	0.0000e+00	0.0000e+00	0.0000e+00	0.0000e+00
997	0.0000e+00	0.0000e+00	0.0000e+00	0.0000e+00
998	0.0000e+00	0.0000e+00	0.0000e+00	0.0000e+00
999	0.0000e+00	0.0000e+00	0.0000e+00	0.0000e+00
1000	0.0000e+00	0.0000e+00	0.0000e+00	0.0000e+00
1001	0.0000e+00	0.0000e+00	0.0000e+00	0.0000e+00
1002	0.0000e+00	0.0000e+00	0.0000e+00	0.0000e+00
1003	0.0000e+00	0.0000e+00	0.0000e+00	0.0000e+00
1004	0.0000e+00	0.0000e+00	0.0000e+00	0.0000e+00
1005	0.0000e+00	0.0000e+00	0.0000e+00	0.0000e+00
1006	0.0000e+00	0.0000e+00	0.0000e+00	0.0000e+00
1007	0.0000e+00	0.0000e+00	0.0000e+00	0.0000e+00
1008	0.0000e+00	0.0000e+00	0.0000e+00	0.0000e+00
1009	0.0000e+00	0.0000e+00	0.0000e+00	0.0000e+00
1010	0.0000e+00	0.0000e+00	0.0000e+00	0.0000e+00
1011	0.0000e+00	0.0000e+00	0.0000e+00	0.0000e+00
1012	0.0000e+00	0.0000e+00	0.0000e+00	0.0000e+00
1013	0.0000e+00	0.0000e+00	0.0000e+00	0.0000e+00
1014	0.0000e+00	0.0000e+00	0.0000e+00	0.0000e+00
1015	0.0000e+00	0.0000e+00	0.0000e+00	0.0000e+00
1016	0.0000e+00	0.0000e+00	0.0000e+00	0.0000e+00
1017	0.0000e+00	0.0000e+00	0.0000e+00	0.0000e+00
1018	0.0000e+00	0.0000e+00	0.0000e+00	0.0000e+00
1019	0.0000e+00	0.0000e+00	0.0000e+00	0.0000e+00
1020	0.0000e+00	0.0000e+00	0.0000e+00	0.0000e+00
1021	0.0000e+00	0.0000e+00	0.0000e+00	0.0000e+00
1022	0.0000e+00	0.0000e+00	0.0000e+00	0.0000e+00
1023	0.0000e+00	0.0000e+00	0.0000e+00	0.0000e+00
1024	0.0000e+00	0.0000e+00	0.0000e+00	0.0000e+00
1025	0.0000e+00	0.0000e+00	0.0000e+00	0.0000e+00
1026	0.0000e+00	0.0000e+00	0.0000e+00	0.0000e+00
1027	0.0000e+00	0.0000e+00	0.0000e+00	0.0000e+00
1028	0.0000e+00	0.0000e+00	0.0000e+00	0.0000e+00
1029	0.0000e+00	0.0000e+00	0.0000e+00	0.0000e+00
1030	0.0000e+00	0.0000e+00	0.0000e+00	0.0000e+00
1031	0.0000e+00	0.0000e+00	0.0000e+00	0.0000e+00
1032	0.0000e+00	0.0000e+00	0.0000e+00	0.0000e+00
1033	0.0000e+00	0.0000e+00	0.0000e+00	0.0000e+00
1034	0.0000e+00	0.0000e+00	0.0000e+00	0.0000e+00
1035	0.0000e+00	0.0000e+00	0.0000e+00	0.0000e+00
1036	0.0000e+00	0.0000e+00	0.0000e+00	0.0000e+00
1037	0.0000e+00	0.0000e+00	0.0000e+00	0.0000e+00
1038	0.0000e+00	0.0000e+00	0.0000e+00	0.0000e+00
1039	0.0000e+00	0.0000e+00	0.0000e+00	0.0000e+00
1040	0.0000e+00	0.0000e+00	0.0000e+00	0.0000e+00
1041	0.0000e+00	0.0000e+00	0.0000e+00	0.0000e+00
1042	0.0000e+00	0.0000e+00	0.0000e+00	0.0000e+00
1043	0.0000e+00	0.0000e+00	0.0000e+00	0.0000e+00
1044	0.0000e+00	0.0000e+00	0.0000e+00	0.0000e+00
1045	0.0000e+00	0.0000e+00	0.0000e+00	0.0000e+00
1046	0.0000e+00	0.0000e+00	0.0000e+00	0.0000e+00
1047	0.0000e+00	0.0000e+00	0.0000e+00	0.0000e+00
1048	0.0000e+00	0.0000e+00	0.0000e+00	0.0000e+00
1049	0.0000e+00	0.0000e+00	0.0000e+00	0.0000e+00
1050	0.0000e+00	0.0000e+00	0.0000e+00	0.0000e+00
1051	0.0000e+00	0.0000e+00	0.0000e+00	0.0000e+00
1052	0.0000e+00	0.0000e+00	0.0000e+00	0.0000e+00
1053	0.0000e+00	0.0000e+00	0.0000e+00	0.0000e+00
1054	0.0000e+00	0.0000e+00	0.0000e+00	0.0000e+00
1055	0.0000e+00	0.0000e+00	0.0000e+00	0.0000e+00
1056	0.0000e+00	0.0000e+00	0.0000e+00	0.0000e+00
1057	0.0000e+00	0.0000e+00	0.0000e+00	0.0000e+00
1058	0.0000e+00	0.0000e+00	0.0000e+00	0.0000e+00
1059	0.0000e+00	0.0000e+00	0.0000e+00	0.0000e+00
1060	0.0000e+00	0.0000e+00	0.0000e+00	0.0000e+00
1061	0.0000e+00	0.0000e+00	0.0000e+00	0.0000e+00
1062	0.0000e+00	0.0000e+00	0.0000e+00	0.0000e+00
1063	0.0000e+00	0.0000e+00	0.0000e+00	0.0000e+00
1064	0.0000e+00	0.0000e+00	0.0000e+00	0.0000e+00
1065	0.0000e+00	0.0000e+00	0.0000e+00	0.0000e+00
1066	0.0000e+00	0.0000e+00	0.0000e+00	0.0000e+00
1067	0.0000e+00	0.0000e+00	0.0000e+00	0.0000e+00
1068	0.0000e+00	0.0000e+00	0.0000e+00	0.0000e+00
1069	0.0000e+00	0.0000e+00	0.0000e+00	0.0000e+00
1070	0.0000e+00	0.0000e+00	0.0000e+00	0.0000e+00
1071	0.0000e+00	0.0000e+00	0.0000e+00	0.0000e+00
1072	0.0000e+00	0.0000e+00	0.0000e+00	0.0000e+00
1073	0.0000e+00	0.0000e+00	0.0000e+00	0.0000e+00
1074	0.0000e+00	0.0000e+00	0.0000e+00	0.0000e+00
1075	0.0000e+00	0.0000e+00	0.0000e+00	0.0000e+00
1076	0.0000e+00	0.0000e+00	0.0000e+00	0.0000e+00
1077	0.0000e+00	0.0000e+00	0.0000e+00	0.0000e+00
1078	0.0000e+00	0.0000e+00	0.0000e+00	0.0000e+00
1079	0.0000e+00	0.0000e+00	0.0000e+00	0.0000e+00
1080	0.0000e+00	0.0000e+00	0.0000e+00	0.0000e+00
1081	0.0000e+00	0.0000e+00	0.0000e+00	0.0000e+00
1082	0.0000e+00	0.0000e+00	0.0000e+00	0.0000e+00
1083	0.0000e+00	0.0000e+00	0.0000e+00	0.0000e+00
1084	0.0000e+00	0.0000e+00	0.0000e+00	0.0000e+00
1085	0.0000e+00	0.0000e+00	0.0000e+00	0.0000e+00
1086	0.0000e+00	0.0000e+00	0.0000e+00	0.0000e+00
1087	0.0000e+00	0.0000e+00	0.0000e+00	0.0000e+00
1088	0.0000e+00	0.0000e+00	0.0000e+00	0.0000e+00
1089	0.0000e+00	0.0000e+00	0.0000e+00	0.0000e+00
1090	0.0000e+00	0.0000e+00	0.0000e+00	0.0000e+00
1091	0.0000e+00	0.0000e+00	0.0000e+00	0.0000e+00
1092	0.0000e+00	0.0000e+00	0.0000e+00	0.0000e+00
1093	0.0000e+00	0.0000e+00	0.0000e+00	0.0000e+00
1094	0.0000e+00	0.0000e+00	0.0000e+00	0.0000e+00
1095	0.0000e+00	0.0000e+00	0.0000e+00	0.0000e+00
1096	0.0000e+00	0.0000e+00	0.0000e+00	0.0000e+00
1097	0.0000e+00	0.0000e+00	0.0000e+00	0.0000e+00
1098	0.0000e+00	0.0000e+00	0.0000e+00	0.0000e+00
1099	0.0000e+00	0.0000e+00	0.0000e+00	0.0000e+00
1100	0.0000e+00	0.0000e+00	0.0000e+00	0.0000e+00
1101	0.0000e+00	0.0000e+00	0.0000e+00	0.0000e+00
1102	0.0000e+00	0.0000e+00	0.0000e+00	0.0000e+00
1103	0.0000e+00	0.0000e+00	0.0000e+00	0.0000e+00
1104	0.0000e+00	0.0000e+00	0.0000e+00	0.0000e+00
1105	0.0000e+00	0.0000e+00	0.0000e+00	0.0000e+00
1106	0.0000e+00	0.0000e+00	0.0000e+00	0.0000e+00
1107	0.0000e+00	0.0000e+00	0.0000e+00	0.0000e+00
1108	0.0000e+00	0.0000e+00	0.0000e+00	0.0000e+00
1109	0.0000e+00	0.0000e+00	0.0000e+00	0.0000e+00
1110	0.0000e+00	0.0000e+00	0.0000e+00	0.0000e+00
1111	0.0000e+00	0.0000e+00	0.0000e+00	0.0000e+00
1112	0.0000e+00	0.0000e+00	0.0000e+00	0.0000e+00
1113	0.0000e+00	0.0000e+00	0.0000e+00	0.0000e+00
1114	0.0000e+00	0.0000e+00	0.0000e+00	0.0000e+00
1115	0.0000e+00	0.0000e+00	0.0000e+00	0.0000e+00
1116	0.0000e+00	0.0000e+00	0.0000e+00	0.0000e+00
1117	0.0000e+00	0.0000e+00	0.0000e+00	0.0000e+00
1118	0.0000e+00	0.0000e+00	0.0000e+00	0.0000e+00
1119	0.0000e+00	0.0000e+00	0.0000e+00	0.0000e+00
1120	0.0000e+00	0.0000e+00	0.0000e+00	0.0000e+00
1121	0.0000e+00	0.0000e+00	0.0000e+00	0.0000e+00
1122	0.0000e+00	0.0000e+00	0.0000e+00	0.0000e+00
1123	0.0000e+00	0.0000e+00	0.0000e+00	0.0000e+00
1124	0.0000e+00	0.0000e+00	0.0000e+00	0.0000e+00
1125	0.0000e+00	0.0000e+00	0.0000e+00	0.0000e+00
1126	0.0000e+00	0.0000e+00	0.0000e+00	0.0000e+00
1127	0.0000e+00	0.0000e+00	0.0000e+00	0.0000e+00
1128	0.0000e+00	0.0000e+00	0.0000e+00	0.0000e+00
1129	0.0000e+00	0.0000e+00	0.0000e+00	0.0000e+00
1130	0.0000e+00	0.0000e+00	0.0000e+00	0.0000e+00
1131	0.0000e+00	0.0000e+00	0.0000e+00	0.0000e+00
1132	0.0000e+00	0.0000e+00	0.0000e+00	0.0000e+00
1133	0.0000e+00	0.0000e+00	0.0000e+00	0.0000e+00
1134	0.0000e+00	0.0000e+00	0.0000e+00	0.0000e+00
1135	0.0000e+00	0.0000e+00	0.0000e+00	0.0000e+00
1136	0.0000e+00	0.0000e+00	0.0000e+00	0.0000e+00
1137	0.0000e+00	0.0000e+00	0.0000e+00	0.0000e+00
1138	0.0000e+00	0.0000e+00	0.0000e+00	0.0000e+00
1139	0.0000e+00	0.0000e+00	0.0000e+00	0.0000e+00
1140	0.0000e+00	0.0000e+00	0.0000e+00	0.0000e+00
1141	0.0000e+00	0.0000e+00	0.0000e+00	0.0000e+00
1142	0.0000e+00	0.0000e+00	0.0000e+00	0.0000e+00
1143	0.0000e+00	0.0000e+00	0.0000e+00	0.0000e+00
1144	0.0000e+00	0.0000e+00	0.0000e+00	0.0000e+00
1145	0.0000e+00	0.0000e+00	0.0000e+00	0.0000e+00
1146	0.0000e+00	0.0000e+00	0.0000e+00	0.0000e+00
1147	0.0000e+00	0.0000e+00	0.0000e+00	0.0000e+00
1148	0.0000e+00	0.0000e+00	0.0000e+00	0.0000e+00
1149	0.0000e+00	0.0000e+00	0.0000e+00	0.0000e+00
1150	0.0000e+00	0.0000e+00	0.0000e+00	0.0000e+00
1151	0.0000e+00	0.0000e+00	0.0000e+00	0.0000e+00
1152	0.0000e+00	0.0000e+00	0.0000e+00	0.0000e+00
1153	0.0000e+00	0.0000e+00	0.0000e+00	0.0000e+00
1154	0.0000e+00	0.0000e+00	0.0000e+00	0.0000e+00
1155	0.0000e+00	0.0000e+00	0.0000e+00	0.0000e+00
1156	0.0000e+00	0.0000e+00	0.0000e+00	0.0000e+00
1157	0.0000e+00	0.0000e+00	0.0000e+00	0.0000e+00
1158	0.0000e+00	0.0000e+00	0.0000e+00	0.0000e+00
1159	0.0000e+00	0.0000e+00	0.0000e+00	0.0000e+00
1160	0.0000e+00	0.0000e+00	0.0000e+00	0.0000e+00
1161	0.0000e+00	0.0000e+00	0.0000e+00	0.0000e+00
1162	0.0000e+00	0.0000e+00	0.0000e+00	0.0000e+00
1163	0.0000e+00	0.0000e+00	0.0000e+00	0.0000e+00
1164	0.0000e+00	0.0000e+00	0.0000e+00	0.0000e+00
1165	0.0000e+00	0.0000e+00	0.0000e+00	0.0000e+00
1166	0.0000e+00	0.0000e+00	0.0000e+00	0.0000e+00
1167	0.0000e+00	0.0000e+00	0.0000e+00	0.0000e+00
1168	0.0000e+00	0.0000e+00	0.0000e+00	0.0000e+00
1169	0.0000e+00	0.0000e+00	0.0000e+00	0.0000e+00
1170	0.0000e+00	0.0000e+00	0.0000e+00	0.0000e+00
1171	0.0000e+00	0.0000e+00	0.0000e+00	0.0000e+00
1172	0.0000e+00	0.0000e+00	0.0000e+00	0.0000e+00
1173	0.0000e+00	0.0000e+00	0.0000e+00	0.0000e+00
1174	0.0000e+00	0.0000e+00	0.0000e+00	0.0000e+00
1175	0.0000e+00	0.0000e+00	0.0000e+00	0.0000e+00
1176	0.0000e+00	0.0000e+00	0.0000e+00	0.0000e+00
1177	0.0000e+00	0.0000e+00	0.0000e+00	0.0000e+00
1178	0.0000e+00	0.0000e+00	0.0000e+00	0.0000e+00
1179	0.0000e+00	0.0000e+00	0.0000e+00	0.0000e+00
1180	0.0000e+00	0.0000e+00	0.0000e+00	0.0000e+00
1181	0.0000e+00	0.0000e+00	0.0000e+00	0.0000e+00
1182	0.0000e+00	0.0000e+00	0.0000e+00	0.0000e+00
1183	0.0000e+00	0.0000e+00	0.0000e+00	0.0000e+00
1184	0.0000e+00	0.0000e+00	0.0000e+00	0.0000e+00
1185	0.0000e+00	0.0000e+00	0.0000e+00	0.0000e+00
1186	0.0000e+00	0.0000e+00	0.0000e+00	0.0000e+00
1187	0.0000e+00	0.0000e+00	0.0000e+00	0.0000e+00
1188	0.0000e+00	0.0000e+00	0.0000e+00	0.0000e+00
1189	0.0000e+00	0.0000e+00	0.0000e+00	0.0000e+00
1190	0.0000e+00	0.0000e+00	0.0000e+00	0.0000e+00
1191	0.0000e+00	0.0000e+00	0.0000e+00	0.0000e+00
1192	0.0000e+00	0.0000e+00	0.0000e+00	0.0000e+00
1193	0.0000e+00	0.0000e+00	0.0000e+00	0.0000e+00
1194	0.0000e+00	0.0000e+00	0.0000e+00	0.0000e+00
1195	0.0000e+00	0.0000e+00	0.0000e+00	0.0000e+00
1196	0.0000e+00	0.0000e+00	0.0000e+00	0.0000e+00
1197	0.0000e+00	0.0000e+00	0.0000e+00	0.0000e+00
1198	0.0000e+00	0.0000e+00	0.0000e+00	0.0000e+00
1199	0.0000e+00	0.0000e+00	0.0000e+00	0.0000e+00
1200	0.0000e+00	0.0000e+00	0.0000e+00	0.0000e+00
