2	0.0000e+00	3.6401e-05	0.0000e+00	0.0000e+00
3	0.0000e+00	4.4293e-05	0.0000e+00	0.0000e+00
4	0.0000e+00	4.2251e-05	0.0000e+00	0.0000e+00
5	0.0000e+00	3.1823e-05	0.0000e+00	0.0000e+00
6	0.0000e+00	1.4922e-05	0.0000e+00	0.0000e+00
7	0.0000e+00	-5.7203e-06	0.0000e+00	0.0000e+00
8	0.0000e+00	-2.6803e-05	0.0000e+00	0.0000e+00
9	0.0000e+00	-4.4906e-05	0.0000e+00	0.0000e+00
10	0.0000e+00	-5.7009e-05	0.0000e+00	0.0000e+00
11	0.0000e+00	-6.0970e-05	0.0000e+00	0.0000e+00
12	0.0000e+00	-5.5884e-05	0.0000e+00	0.0000e+00
13	0.0000e+00	-4.2267e-05	0.0000e+00	0.0000e+00
14	0.0000e+00	-2.2021e-05	0.0000e+00	0.0000e+00
15	0.0000e+00	1.8181e-06	0.0000e+00	0.0000e+00
16	0.0000e+00	2.5518e-05	0.0000e+00	0.0000e+00
17	0.0000e+00	4.5213e-05	0.0000e+00	0.0000e+00
18	0.0000e+00	5.7519e-05	0.0000e+00	0.0000e+00
19	0.0000e+00	6.0100e-05	0.0000e+00	0.0000e+00
20	0.0000e+00	5.2098e-05	0.0000e+00	0.0000e+00
21	0.0000e+00	3.4365e-05	0.0000e+00	0.0000e+00
22	0.0000e+00	9.4299e-06	0.0000e+00	0.0000e+00
23	0.0000e+00	-1.8789e-05	0.0000e+00	0.0000e+00
24	0.0000e+00	-4.5523e-05	0.0000e+00	0.0000e+00
25	0.0000e+00	-6.5853e-05	0.0000e+00	0.0000e+00
26	0.0000e+00	-7.5512e-05	0.0000e+00	0.0000e+00
27	0.0000e+00	-7.1647e-05	0.0000e+00	0.0000e+00
28	0.0000e+00	-5.3444e-05	0.0000e+00	0.0000e+00
29	0.0000e+00	-2.2508e-05	0.0000e+00	0.0000e+00
30	0.0000e+00	1.7089e-05	0.0000e+00	0.0000e+00
31	0.0000e+00	5.9129e-05	0.0000e+00	0.0000e+00
32	0.0000e+00	9.5941e-05	0.0000e+00	0.0000e+00
33	0.0000e+00	1.1942e-04	0.0000e+00	0.0000e+00
34	0.0000e+00	1.2229e-04	0.0000e+00	0.0000e+00
35	0.0000e+00	9.9435e-05	0.0000e+00	0.0000e+00
36	0.0000e+00	4.9273e-05	0.0000e+00	0.0000e+00
37	0.0000e+00	-2.5150e-05	0.0000e+00	0.0000e+00
38	0.0000e+00	-1.1534e-04	0.0000e+00	0.0000e+00
39	0.0000e+00	-2.0699e-04	0.0000e+00	0.0000e+00
40	0.0000e+00	-2.8021e-04	0.0000e+00	0.0000e+00
41	0.0000e+00	-3.1017e-04	0.0000e+00	0.0000e+00
42	0.0000e+00	-2.6843e-04	0.0000e+00	0.0000e+00
43	0.0000e+00	-1.2461e-04	0.0000e+00	0.0000e+00
44	0.0000e+00	1.5156e-04	0.0000e+00	0.0000e+00
45	0.0000e+00	5.8809e-04	0.0000e+00	0.0000e+00
46	0.0000e+00	1.2085e-03	0.0000e+00	0.0000e+00
47	0.0000e+00	2.0297e-03	0.0000e+00	0.0000e+00
48	0.0000e+00	3.0606e-03	0.0000e+00	0.0000e+00
49	0.0000e+00	4.3008e-03	0.0000e+00	0.0000e+00
50	0.0000e+00	5.7400e-03	0.0000e+00	0.0000e+00
51	0.0000e+00	7.3580e-03	0.0000e+00	0.0000e+00
52	0.0000e+00	9.1258e-03	0.0000e+00	0.0000e+00
53	0.0000e+00	1.1006e-02	0.0000e+00	0.0000e+00
54	0.0000e+00	1.2957e-02	0.0000e+00	0.0000e+00
55	0.0000e+00	1.4932e-02	0.0000e+00	0.0000e+00
56	0.0000e+00	1.6883e-02	0.0000e+00	0.0000e+00
57	0.0000e+00	1.8765e-02	0.0000e+00	0.0000e+00
58	0.0000e+00	2.0535e-02	0.0000e+00	0.0000e+00
59	0.0000e+00	2.2158e-02	0.0000e+00	0.0000e+00
60	0.0000e+00	2.3605e-02	0.0000e+00	0.0000e+00
61	0.0000e+00	2.4857e-02	0.0000e+00	0.0000e+00
62	0.0000e+00	2.5906e-02	0.0000e+00	0.0000e+00
63	0.0000e+00	2.6752e-02	0.0000e+00	0.0000e+00
64	0.0000e+00	2.7404e-02	0.0000e+00	0.0000e+00
65	0.0000e+00	2.7883e-02	0.0000e+00	0.0000e+00
66	0.0000e+00	2.8211e-02	0.0000e+00	0.0000e+00
67	0.0000e+00	2.8417e-02	0.0000e+00	0.0000e+00
68	0.0000e+00	2.8534e-02	0.0000e+00	0.0000e+00
69	0.0000e+00	2.8590e-02	0.0000e+00	0.0000e+00
70	0.0000e+00	2.8613e-02	0.0000e+00	0.0000e+00
71	0.0000e+00	2.8625e-02	0.0000e+00	0.0000e+00
72	0.0000e+00	2.8641e-02	0.0000e+00	0.0000e+00
73	0.0000e+00	2.8668e-02	0.0000e+00	0.0000e+00
74	0.0000e+00	2.8703e-02	0.0000e+00	0.0000e+00
75	0.0000e+00	2.8735e-02	0.0000e+00	0.0000e+00
76	0.0000e+00	2.8746e-02	0.0000e+00	0.0000e+00
77	0.0000e+00	2.8709e-02	0.0000e+00	0.0000e+00
78	0.0000e+00	2.8594e-02	0.0000e+00	0.0000e+00
79	0.0000e+00	2.8368e-02	0.0000e+00	0.0000e+00
80	0.0000e+00	2.8000e-02	0.0000e+00	0.0000e+00
81	0.0000e+00	2.7461e-02	0.0000e+00	0.0000e+00
82	0.0000e+00	2.6728e-02	0.0000e+00	0.0000e+00
83	0.0000e+00	2.5786e-02	0.0000e+00	0.0000e+00
84	0.0000e+00	2.4630e-02	0.0000e+00	0.0000e+00
85	0.0000e+00	2.3266e-02	0.0000e+00	0.0000e+00
86	0.0000e+00	2.1711e-02	0.0000e+00	0.0000e+00
87	0.0000e+00	1.9991e-02	0.0000e+00	0.0000e+00
88	0.0000e+00	1.8141e-02	0.0000e+00	0.0000e+00
89	0.0000e+00	1.6206e-02	0.0000e+00	0.0000e+00
90	0.0000e+00	1.4231e-02	0.0000e+00	0.0000e+00
91	0.0000e+00	1.2265e-02	0.0000e+00	0.0000e+00
92	0.0000e+00	1.0357e-02	0.0000e+00	0.0000e+00
93	0.0000e+00	8.5490e-03	0.0000e+00	0.0000e+00
94	0.0000e+00	6.8792e-03	0.0000e+00	0.0000e+00
95	0.0000e+00	5.3770e-03	0.0000e+00	0.0000e+00
96	0.0000e+00	4.0625e-03	0.0000e+00	0.0000e+00
97	0.0000e+00	2.9463e-03	0.0000e+00	0.0000e+00
98	0.0000e+00	2.0293e-03	0.0000e+00	0.0000e+00
99	0.0000e+00	1.3039e-03	0.0000e+00	0.0000e+00
100	0.0000e+00	7.5521e-04	0.0000e+00	0.0000e+00
101	0.0000e+00	3.6264e-04	0.0000e+00	0.0000e+00
102	0.0000e+00	1.0203e-04	0.0000e+00	0.0000e+00
103	0.0000e+00	-5.2472e-05	0.0000e+00	0.0000e+00
104	0.0000e+00	-1.2657e-04	0.0000e+00	0.0000e+00
105	0.0000e+00	-1.4421e-04	0.0000e+00	0.0000e+00
106	0.0000e+00	-1.2641e-04	0.0000e+00	0.0000e+00
107	0.0000e+00	-9.0416e-05	0.0000e+00	0.0000e+00
108	0.0000e+00	-4.9338e-05	0.0000e+00	0.0000e+00
109	0.0000e+00	-1.2167e-05	0.0000e+00	0.0000e+00
110	0.0000e+00	1.5880e-05	0.0000e+00	0.0000e+00
111	0.0000e+00	3.2759e-05	0.0000e+00	0.0000e+00
112	0.0000e+00	3.8850e-05	0.0000e+00	0.0000e+00
113	0.0000e+00	3.6153e-05	0.0000e+00	0.0000e+00
114	0.0000e+00	2.7524e-05	0.0000e+00	0.0000e+00
115	0.0000e+00	1.6007e-05	0.0000e+00	0.0000e+00
116	0.0000e+00	4.3259e-06	0.0000e+00	0.0000e+00
117	0.0000e+00	-5.4480e-06	0.0000e+00	0.0000e+00
118	0.0000e+00	-1.2058e-05	0.0000e+00	0.0000e+00
119	0.0000e+00	-1.5064e-05	0.0000e+00	0.0000e+00
120	0.0000e+00	-1.4725e-05	0.0000e+00	0.0000e+00
121	0.0000e+00	-1.1802e-05	0.0000e+00	0.0000e+00
122	0.0000e+00	-7.3310e-06	0.0000e+00	0.0000e+00
123	0.0000e+00	-2.3979e-06	0.0000e+00	0.0000e+00
124	0.0000e+00	2.0473e-06	0.0000e+00	0.0000e+00
125	0.0000e+00	5.3192e-06	0.0000e+00	0.0000e+00
126	0.0000e+00	7.0590e-06	0.0000e+00	0.0000e+00
127	0.0000e+00	7.2335e-06	0.0000e+00	0.0000e+00
128	0.0000e+00	6.0822e-06	0.0000e+00	0.0000e+00
129	0.0000e+00	4.0303e-06	0.0000e+00	0.0000e+00
130	0.0000e+00	1.5856e-06	0.0000e+00	0.0000e+00
131	0.0000e+00	-7.5956e-07	0.0000e+00	0.0000e+00
132	0.0000e+00	-2.6088e-06	0.0000e+00	0.0000e+00
133	0.0000e+00	-3.7131e-06	0.0000e+00	0.0000e+00
134	0.0000e+00	-3.9899e-06	0.0000e+00	0.0000e+00
135	0.0000e+00	-3.5123e-06	0.0000e+00	0.0000e+00
136	0.0000e+00	-2.4730e-06	0.0000e+00	0.0000e+00
137	0.0000e+00	-1.1347e-06	0.0000e+00	0.0000e+00
138	0.0000e+00	2.2499e-07	0.0000e+00	0.0000e+00
139	0.0000e+00	1.3630e-06	0.0000e+00	0.0000e+00
140	0.0000e+00	2.1078e-06	0.0000e+00	0.0000e+00
141	0.0000e+00	2.3789e-06	0.0000e+00	0.0000e+00
142	0.0000e+00	2.1893e-06	0.0000e+00	0.0000e+00
143	0.0000e+00	1.6306e-06	0.0000e+00	0.0000e+00
144	0.0000e+00	8.4762e-07	0.0000e+00	0.0000e+00
145	0.0000e+00	6.6181e-09	0.0000e+00	0.0000e+00
146	0.0000e+00	-7.3621e-07	0.0000e+00	0.0000e+00
147	0.0000e+00	-1.2605e-06	0.0000e+00	0.0000e+00
148	0.0000e+00	-1.4985e-06	0.0000e+00	0.0000e+00
149	0.0000e+00	-1.4405e-06	0.0000e+00	0.0000e+00
150	0.0000e+00	-1.1302e-06	0.0000e+00	0.0000e+00
151	0.0000e+00	-6.5070e-07	0.0000e+00	0.0000e+00
152	0.0000e+00	-1.0588e-07	0.0000e+00	0.0000e+00
153	0.0000e+00	4.0014e-07	0.0000e+00	0.0000e+00
154	0.0000e+00	7.8124e-07	0.0000e+00	0.0000e+00
155	0.0000e+00	9.8246e-07	0.0000e+00	0.0000e+00
156	0.0000e+00	9.8641e-07	0.0000e+00	0.0000e+00
157	0.0000e+00	8.1239e-07	0.0000e+00	0.0000e+00
158	0.0000e+00	5.0934e-07	0.0000e+00	0.0000e+00
159	0.0000e+00	1.4417e-07	0.0000e+00	0.0000e+00
160	0.0000e+00	-2.1174e-07	0.0000e+00	0.0000e+00
161	0.0000e+00	-4.9559e-07	0.0000e+00	0.0000e+00
162	0.0000e+00	-6.6342e-07	0.0000e+00	0.0000e+00
163	0.0000e+00	-6.9603e-07	0.0000e+00	0.0000e+00
164	0.0000e+00	-6.0012e-07	0.0000e+00	0.0000e+00
165	0.0000e+00	-4.0463e-07	0.0000e+00	0.0000e+00
166	0.0000e+00	-1.5362e-07	0.0000e+00	0.0000e+00
167	0.0000e+00	1.0291e-07	0.0000e+00	0.0000e+00
168	0.0000e+00	3.1842e-07	0.0000e+00	0.0000e+00
169	0.0000e+00	4.5780e-07	0.0000e+00	0.0000e+00
170	0.0000e+00	5.0256e-07	0.0000e+00	0.0000e+00
171	0.0000e+00	4.5273e-07	0.0000e+00	0.0000e+00
172	0.0000e+00	3.2522e-07	0.0000e+00	0.0000e+00
173	0.0000e+00	1.4946e-07	0.0000e+00	0.0000e+00
174	0.0000e+00	-3.8964e-08	0.0000e+00	0.0000e+00
175	0.0000e+00	-2.0510e-07	0.0000e+00	0.0000e+00
176	0.0000e+00	-3.2083e-07	0.0000e+00	0.0000e+00
177	0.0000e+00	-3.6934e-07	0.0000e+00	0.0000e+00
178	0.0000e+00	-3.4718e-07	0.0000e+00	0.0000e+00
179	0.0000e+00	-2.6388e-07	0.0000e+00	0.0000e+00
180	0.0000e+00	-1.3918e-07	0.0000e+00	0.0000e+00
181	0.0000e+00	1.2530e-09	0.0000e+00	0.0000e+00
182	0.0000e+00	1.3089e-07	0.0000e+00	0.0000e+00
183	0.0000e+00	2.2715e-07	0.0000e+00	0.0000e+00
184	0.0000e+00	2.7512e-07	0.0000e+00	0.0000e+00
185	0.0000e+00	2.6970e-07	0.0000e+00	0.0000e+00
186	0.0000e+00	2.1576e-07	0.0000e+00	0.0000e+00
187	0.0000e+00	1.2655e-07	0.0000e+00	0.0000e+00
188	0.0000e+00	2.0711e-08	0.0000e+00	0.0000e+00
189	0.0000e+00	-8.1435e-08	0.0000e+00	0.0000e+00
190	0.0000e+00	-1.6167e-07	0.0000e+00	0.0000e+00
191	0.0000e+00	-2.0701e-07	0.0000e+00	0.0000e+00
192	0.0000e+00	-2.1165e-07	0.0000e+00	0.0000e+00
193	0.0000e+00	-1.7753e-07	0.0000e+00	0.0000e+00
194	0.0000e+00	-1.1345e-07	0.0000e+00	0.0000e+00
195	0.0000e+00	-3.3033e-08	0.0000e+00	0.0000e+00
196	0.0000e+00	4.8071e-08	0.0000e+00	0.0000e+00
197	0.0000e+00	1.1512e-07	0.0000e+00	0.0000e+00
198	0.0000e+00	1.5687e-07	0.0000e+00	0.0000e+00
199	0.0000e+00	1.6741e-07	0.0000e+00	0.0000e+00
200	0.0000e+00	1.4682e-07	0.0000e+00	0.0000e+00
201	0.0000e+00	1.0082e-07	0.0000e+00	0.0000e+00
202	0.0000e+00	3.9375e-08	0.0000e+00	0.0000e+00
203	0.0000e+00	-2.5405e-08	0.0000e+00	0.0000e+00
204	0.0000e+00	-8.1551e-08	0.0000e+00	0.0000e+00
205	0.0000e+00	-1.1940e-07	0.0000e+00	0.0000e+00
206	0.0000e+00	-1.3321e-07	0.0000e+00	0.0000e+00
207	0.0000e+00	-1.2191e-07	0.0000e+00	0.0000e+00
208	0.0000e+00	-8.9090e-08	0.0000e+00	0.0000e+00
209	0.0000e+00	-4.1989e-08	0.0000e+00	0.0000e+00
210	0.0000e+00	9.9827e-09	0.0000e+00	0.0000e+00
211	0.0000e+00	5.7089e-08	0.0000e+00	0.0000e+00
212	0.0000e+00	9.1048e-08	0.0000e+00	0.0000e+00
213	0.0000e+00	1.0645e-07	0.0000e+00	0.0000e+00
214	0.0000e+00	1.0155e-07	0.0000e+00	0.0000e+00
215	0.0000e+00	7.8416e-08	0.0000e+00	0.0000e+00
216	0.0000e+00	4.2283e-08	0.0000e+00	0.0000e+00
217	0.0000e+00	4.6122e-10	0.0000e+00	0.0000e+00
218	0.0000e+00	-3.9116e-08	0.0000e+00	0.0000e+00
219	0.0000e+00	-6.9367e-08	0.0000e+00	0.0000e+00
220	0.0000e+00	-8.5297e-08	0.0000e+00	0.0000e+00
221	0.0000e+00	-8.4788e-08	0.0000e+00	0.0000e+00
222	0.0000e+00	-6.8825e-08	0.0000e+00	0.0000e+00
223	0.0000e+00	-4.1153e-08	0.0000e+00	0.0000e+00
224	0.0000e+00	-7.4428e-09	0.0000e+00	0.0000e+00
225	0.0000e+00	2.5840e-08	0.0000e+00	0.0000e+00
226	0.0000e+00	5.2649e-08	0.0000e+00	0.0000e+00
227	0.0000e+00	6.8436e-08	0.0000e+00	0.0000e+00
228	0.0000e+00	7.0897e-08	0.0000e+00	0.0000e+00
229	0.0000e+00	6.0274e-08	0.0000e+00	0.0000e+00
230	0.0000e+00	3.9178e-08	0.0000e+00	0.0000e+00
231	0.0000e+00	1.1995e-08	0.0000e+00	0.0000e+00
232	0.0000e+00	-1.6006e-08	0.0000e+00	0.0000e+00
233	0.0000e+00	-3.9671e-08	0.0000e+00	0.0000e+00
234	0.0000e+00	-5.4898e-08	0.0000e+00	0.0000e+00
235	0.0000e+00	-5.9327e-08	0.0000e+00	0.0000e+00
236	0.0000e+00	-5.2685e-08	0.0000e+00	0.0000e+00
237	0.0000e+00	-3.6730e-08	0.0000e+00	0.0000e+00
238	0.0000e+00	-1.4831e-08	0.0000e+00	0.0000e+00
239	0.0000e+00	8.7215e-09	0.0000e+00	0.0000e+00
240	0.0000e+00	2.9544e-08	0.0000e+00	0.0000e+00
241	0.0000e+00	4.3961e-08	0.0000e+00	0.0000e+00
242	0.0000e+00	4.9645e-08	0.0000e+00	0.0000e+00
243	0.0000e+00	4.5971e-08	0.0000e+00	0.0000e+00
244	0.0000e+00	3.4051e-08	0.0000e+00	0.0000e+00
245	0.0000e+00	1.6452e-08	0.0000e+00	0.0000e+00
246	0.0000e+00	-3.3435e-09	0.0000e+00	0.0000e+00
247	0.0000e+00	-2.1612e-08	0.0000e+00	0.0000e+00
248	0.0000e+00	-3.5083e-08	0.0000e+00	0.0000e+00
249	0.0000e+00	-4.1511e-08	0.0000e+00	0.0000e+00
250	0.0000e+00	-4.0040e-08	0.0000e+00	0.0000e+00
251	0.0000e+00	-3.1298e-08	0.0000e+00	0.0000e+00
252	0.0000e+00	-1.7212e-08	0.0000e+00	0.0000e+00
253	0.0000e+00	-5.9871e-10	0.0000e+00	0.0000e+00
254	0.0000e+00	1.5387e-08	0.0000e+00	0.0000e+00
255	0.0000e+00	2.7847e-08	0.0000e+00	0.0000e+00
256	0.0000e+00	3.4653e-08	0.0000e+00	0.0000e+00
257	0.0000e+00	3.4808e-08	0.0000e+00	0.0000e+00
258	0.0000e+00	2.8573e-08	0.0000e+00	0.0000e+00
259	0.0000e+00	1.7365e-08	0.0000e+00	0.0000e+00
260	0.0000e+00	3.4530e-09	0.0000e+00	0.0000e+00
261	0.0000e+00	-1.0499e-08	0.0000e+00	0.0000e+00
262	0.0000e+00	-2.1932e-08	0.0000e+00	0.0000e+00
263	0.0000e+00	-2.8857e-08	0.0000e+00	0.0000e+00
264	0.0000e+00	-3.0196e-08	0.0000e+00	0.0000e+00
265	0.0000e+00	-2.5937e-08	0.0000e+00	0.0000e+00
266	0.0000e+00	-1.7094e-08	0.0000e+00	0.0000e+00
267	0.0000e+00	-5.4792e-09	0.0000e+00	0.0000e+00
268	0.0000e+00	6.6639e-09	0.0000e+00	0.0000e+00
269	0.0000e+00	1.7086e-08	0.0000e+00	0.0000e+00
270	0.0000e+00	2.3947e-08	0.0000e+00	0.0000e+00
271	0.0000e+00	2.6132e-08	0.0000e+00	0.0000e+00
272	0.0000e+00	2.3430e-08	0.0000e+00	0.0000e+00
273	0.0000e+00	1.6532e-08	0.0000e+00	0.0000e+00
274	0.0000e+00	6.8733e-09	0.0000e+00	0.0000e+00
275	0.0000e+00	-3.6646e-09	0.0000e+00	0.0000e+00
276	0.0000e+00	-1.3113e-08	0.0000e+00	0.0000e+00
277	0.0000e+00	-1.9780e-08	0.0000e+00	0.0000e+00
278	0.0000e+00	-2.2552e-08	0.0000e+00	0.0000e+00
279	0.0000e+00	-2.1071e-08	0.0000e+00	0.0000e+00
280	0.0000e+00	-1.5776e-08	0.0000e+00	0.0000e+00
281	0.0000e+00	-7.7844e-09	0.0000e+00	0.0000e+00
282	0.0000e+00	1.3310e-09	0.0000e+00	0.0000e+00
283	0.0000e+00	9.8535e-09	0.0000e+00	0.0000e+00
284	0.0000e+00	1.6240e-08	0.0000e+00	0.0000e+00
285	0.0000e+00	1.9400e-08	0.0000e+00	0.0000e+00
286	0.0000e+00	1.8873e-08	0.0000e+00	0.0000e+00
287	0.0000e+00	1.4895e-08	0.0000e+00	0.0000e+00
288	0.0000e+00	8.3263e-09	0.0000e+00	0.0000e+00
289	0.0000e+00	4.7020e-10	0.0000e+00	0.0000e+00
290	0.0000e+00	-7.1819e-09	0.0000e+00	0.0000e+00
291	0.0000e+00	-1.3231e-08	0.0000e+00	0.0000e+00
292	0.0000e+00	-1.6625e-08	0.0000e+00	0.0000e+00
293	0.0000e+00	-1.6836e-08	0.0000e+00	0.0000e+00
294	0.0000e+00	-1.3942e-08	0.0000e+00	0.0000e+00
295	0.0000e+00	-8.5870e-09	0.0000e+00	0.0000e+00
296	0.0000e+00	-1.8444e-09	0.0000e+00	0.0000e+00
297	0.0000e+00	4.9961e-09	0.0000e+00	0.0000e+00
298	0.0000e+00	1.0673e-08	0.0000e+00	0.0000e+00
299	0.0000e+00	1.4184e-08	0.0000e+00	0.0000e+00
300	0.0000e+00	1.4960e-08	0.0000e+00	0.0000e+00
301	0.0000e+00	1.2955e-08	0.0000e+00	0.0000e+00
302	0.0000e+00	8.6344e-09	0.0000e+00	0.0000e+00
303	0.0000e+00	2.8753e-09	0.0000e+00	0.0000e+00
304	0.0000e+00	-3.2132e-09	0.0000e+00	0.0000e+00
305	0.0000e+00	-8.4994e-09	0.0000e+00	0.0000e+00
306	0.0000e+00	-1.2038e-08	0.0000e+00	0.0000e+00
307	0.0000e+00	-1.3239e-08	0.0000e+00	0.0000e+00
308	0.0000e+00	-1.1960e-08	0.0000e+00	0.0000e+00
309	0.0000e+00	-8.5216e-09	0.0000e+00	0.0000e+00
310	0.0000e+00	-3.6300e-09	0.0000e+00	0.0000e+00
311	0.0000e+00	1.7652e-09	0.0000e+00	0.0000e+00
312	0.0000e+00	6.6541e-09	0.0000e+00	0.0000e+00
313	0.0000e+00	1.0153e-08	0.0000e+00	0.0000e+00
314	0.0000e+00	1.1665e-08	0.0000e+00	0.0000e+00
315	0.0000e+00	1.0978e-08	0.0000e+00	0.0000e+00
316	0.0000e+00	8.2897e-09	0.0000e+00	0.0000e+00
317	0.0000e+00	4.1625e-09	0.0000e+00	0.0000e+00
318	0.0000e+00	-5.9656e-10	0.0000e+00	0.0000e+00
319	0.0000e+00	-5.0903e-09	0.0000e+00	0.0000e+00
320	0.0000e+00	-8.4997e-09	0.0000e+00	0.0000e+00
321	0.0000e+00	-1.0232e-08	0.0000e+00	0.0000e+00
322	0.0000e+00	-1.0022e-08	0.0000e+00	0.0000e+00
323	0.0000e+00	-7.9712e-09	0.0000e+00	0.0000e+00
324	0.0000e+00	-4.5164e-09	0.0000e+00	0.0000e+00
325	0.0000e+00	-3.3896e-10	0.0000e+00	0.0000e+00
326	0.0000e+00	3.7683e-09	0.0000e+00	0.0000e+00
327	0.0000e+00	7.0507e-09	0.0000e+00	0.0000e+00
328	0.0000e+00	8.9295e-09	0.0000e+00	0.0000e+00
329	0.0000e+00	9.1025e-09	0.0000e+00	0.0000e+00
330	0.0000e+00	7.5913e-09	0.0000e+00	0.0000e+00
331	0.0000e+00	4.7269e-09	0.0000e+00	0.0000e+00
332	0.0000e+00	1.0796e-09	0.0000e+00	0.0000e+00
333	0.0000e+00	-2.6542e-09	0.0000e+00	0.0000e+00
334	0.0000e+00	-5.7833e-09	0.0000e+00	0.0000e+00
335	0.0000e+00	-7.7495e-09	0.0000e+00	0.0000e+00
336	0.0000e+00	-8.2259e-09	0.0000e+00	0.0000e+00
337	0.0000e+00	-7.1699e-09	0.0000e+00	0.0000e+00
338	0.0000e+00	-4.8231e-09	0.0000e+00	0.0000e+00
339	0.0000e+00	-1.6572e-09	0.0000e+00	0.0000e+00
340	0.0000e+00	1.7192e-09	0.0000e+00	0.0000e+00
341	0.0000e+00	4.6770e-09	0.0000e+00	0.0000e+00
342	0.0000e+00	6.6832e-09	0.0000e+00	0.0000e+00
343	0.0000e+00	7.3961e-09	0.0000e+00	0.0000e+00
344	0.0000e+00	6.7227e-09	0.0000e+00	0.0000e+00
345	0.0000e+00	4.8284e-09	0.0000e+00	0.0000e+00
346	0.0000e+00	2.0985e-09	0.0000e+00	0.0000e+00
347	0.0000e+00	-9.3858e-10	0.0000e+00	0.0000e+00
348	0.0000e+00	-3.7135e-09	0.0000e+00	0.0000e+00
349	0.0000e+00	-5.7220e-09	0.0000e+00	0.0000e+00
350	0.0000e+00	-6.6156e-09	0.0000e+00	0.0000e+00
351	0.0000e+00	-6.2619e-09	0.0000e+00	0.0000e+00
352	0.0000e+00	-4.7621e-09	0.0000e+00	0.0000e+00
353	0.0000e+00	-2.4260e-09	0.0000e+00	0.0000e+00
354	0.0000e+00	2.9118e-10	0.0000e+00	0.0000e+00
355	0.0000e+00	2.8770e-09	0.0000e+00	0.0000e+00
356	0.0000e+00	4.8579e-09	0.0000e+00	0.0000e+00
357	0.0000e+00	5.8854e-09	0.0000e+00	0.0000e+00
358	0.0000e+00	5.7968e-09	0.0000e+00	0.0000e+00
359	0.0000e+00	4.6400e-09	0.0000e+00	0.0000e+00
360	0.0000e+00	2.6585e-09	0.0000e+00	0.0000e+00
361	0.0000e+00	2.4130e-10	0.0000e+00	0.0000e+00
362	0.0000e+00	-2.1531e-09	0.0000e+00	0.0000e+00
363	0.0000e+00	-4.0832e-09	0.0000e+00	0.0000e+00
364	0.0000e+00	-5.2055e-09	0.0000e+00	0.0000e+00
365	0.0000e+00	-5.3350e-09	0.0000e+00	0.0000e+00
366	0.0000e+00	-4.4752e-09	0.0000e+00	0.0000e+00
367	0.0000e+00	-2.8120e-09	0.0000e+00	0.0000e+00
368	0.0000e+00	-6.7462e-10	0.0000e+00	0.0000e+00
369	0.0000e+00	1.5292e-09	0.0000e+00	0.0000e+00
370	0.0000e+00	3.3907e-09	0.0000e+00	0.0000e+00
371	0.0000e+00	4.5751e-09	0.0000e+00	0.0000e+00
372	0.0000e+00	4.8820e-09	0.0000e+00	0.0000e+00
373	0.0000e+00	4.2783e-09	0.0000e+00	0.0000e+00
374	0.0000e+00	2.9000e-09	0.0000e+00	0.0000e+00
375	0.0000e+00	1.0225e-09	0.0000e+00	0.0000e+00
376	0.0000e+00	-9.9416e-10	0.0000e+00	0.0000e+00
377	0.0000e+00	-2.7735e-09	0.0000e+00	0.0000e+00
378	0.0000e+00	-3.9930e-09	0.0000e+00	0.0000e+00
379	0.0000e+00	-4.4422e-09	0.0000e+00	0.0000e+00
380	0.0000e+00	-4.0583e-09	0.0000e+00	0.0000e+00
381	0.0000e+00	-2.9340e-09	0.0000e+00	0.0000e+00
382	0.0000e+00	-1.2967e-09	0.0000e+00	0.0000e+00
383	0.0000e+00	5.3785e-10	0.0000e+00	0.0000e+00
384	0.0000e+00	2.2253e-09	0.0000e+00	0.0000e+00
385	0.0000e+00	3.4576e-09	0.0000e+00	0.0000e+00
386	0.0000e+00	4.0187e-09	0.0000e+00	0.0000e+00
387	0.0000e+00	3.8222e-09	0.0000e+00	0.0000e+00
388	0.0000e+00	2.9238e-09	0.0000e+00	0.0000e+00
389	0.0000e+00	1.5076e-09	0.0000e+00	0.0000e+00
390	0.0000e+00	-1.5139e-10	0.0000e+00	0.0000e+00
391	0.0000e+00	-1.7402e-09	0.0000e+00	0.0000e+00
392	0.0000e+00	-2.9670e-09	0.0000e+00	0.0000e+00
393	0.0000e+00	-3.6139e-09	0.0000e+00	0.0000e+00
394	0.0000e+00	-3.5760e-09	0.0000e+00	0.0000e+00
395	0.0000e+00	-2.8775e-09	0.0000e+00	0.0000e+00
396	0.0000e+00	-1.6642e-09	0.0000e+00	0.0000e+00
397	0.0000e+00	-1.7319e-10	0.0000e+00	0.0000e+00
398	0.0000e+00	1.3128e-09	0.0000e+00	0.0000e+00
399	0.0000e+00	2.5190e-09	0.0000e+00	0.0000e+00
400	0.0000e+00	3.2293e-09	0.0000e+00	0.0000e+00
401	0.0000e+00	3.3246e-09	0.0000e+00	0.0000e+00
402	0.0000e+00	2.8023e-09	0.0000e+00	0.0000e+00
403	0.0000e+00	1.7743e-09	0.0000e+00	0.0000e+00
404	0.0000e+00	4.4304e-10	0.0000e+00	0.0000e+00
405	0.0000e+00	-9.3780e-10	0.0000e+00	0.0000e+00
406	0.0000e+00	-2.1116e-09	0.0000e+00	0.0000e+00
407	0.0000e+00	-2.8661e-09	0.0000e+00	0.0000e+00
408	0.0000e+00	-3.0719e-09	0.0000e+00	0.0000e+00
409	0.0000e+00	-2.7042e-09	0.0000e+00	0.0000e+00
410	0.0000e+00	-1.8448e-09	0.0000e+00	0.0000e+00
411	0.0000e+00	-6.6452e-10	0.0000e+00	0.0000e+00
412	0.0000e+00	6.1064e-10	0.0000e+00	0.0000e+00
413	0.0000e+00	1.7424e-09	0.0000e+00	0.0000e+00
414	0.0000e+00	2.5248e-09	0.0000e+00	0.0000e+00
415	0.0000e+00	2.8212e-09	0.0000e+00	0.0000e+00
416	0.0000e+00	2.5883e-09	0.0000e+00	0.0000e+00
417	0.0000e+00	1.8818e-09	0.0000e+00	0.0000e+00
418	0.0000e+00	8.4336e-10	0.0000e+00	0.0000e+00
419	0.0000e+00	-3.2689e-10	0.0000e+00	0.0000e+00
420	0.0000e+00	-1.4093e-09	0.0000e+00	0.0000e+00
421	0.0000e+00	-2.2056e-09	0.0000e+00	0.0000e+00
422	0.0000e+00	-2.5750e-09	0.0000e+00	0.0000e+00
423	0.0000e+00	-2.4590e-09	0.0000e+00	0.0000e+00
424	0.0000e+00	-1.8903e-09	0.0000e+00	0.0000e+00
425	0.0000e+00	-9.8468e-10	0.0000e+00	0.0000e+00
426	0.0000e+00	8.2541e-11	0.0000e+00	0.0000e+00
427	0.0000e+00	1.1100e-09	0.0000e+00	0.0000e+00
428	0.0000e+00	1.9085e-09	0.0000e+00	0.0000e+00
429	0.0000e+00	2.3353e-09	0.0000e+00	0.0000e+00
430	0.0000e+00	2.3199e-09	0.0000e+00	0.0000e+00
431	0.0000e+00	1.8751e-09	0.0000e+00	0.0000e+00
432	0.0000e+00	1.0931e-09	0.0000e+00	0.0000e+00
433	0.0000e+00	1.2615e-10	0.0000e+00	0.0000e+00
434	0.0000e+00	-8.4241e-10	0.0000e+00	0.0000e+00
435	0.0000e+00	-1.6332e-09	0.0000e+00	0.0000e+00
436	0.0000e+00	-2.1038e-09	0.0000e+00	0.0000e+00
437	0.0000e+00	-2.1742e-09	0.0000e+00	0.0000e+00
438	0.0000e+00	-1.8402e-09	0.0000e+00	0.0000e+00
439	0.0000e+00	-1.1727e-09	0.0000e+00	0.0000e+00
440	0.0000e+00	-3.0263e-10	0.0000e+00	0.0000e+00
441	0.0000e+00	6.0428e-10	0.0000e+00	0.0000e+00
442	0.0000e+00	1.3793e-09	0.0000e+00	0.0000e+00
443	0.0000e+00	1.8817e-09	0.0000e+00	0.0000e+00
444	0.0000e+00	2.0245e-09	0.0000e+00	0.0000e+00
445	0.0000e+00	1.7890e-09	0.0000e+00	0.0000e+00
446	0.0000e+00	1.2271e-09	0.0000e+00	0.0000e+00
447	0.0000e+00	4.5007e-10	0.0000e+00	0.0000e+00
448	0.0000e+00	-3.9359e-10	0.0000e+00	0.0000e+00
449	0.0000e+00	-1.1461e-09	0.0000e+00	0.0000e+00
450	0.0000e+00	-1.6700e-09	0.0000e+00	0.0000e+00
451	0.0000e+00	-1.8731e-09	0.0000e+00	0.0000e+00
452	0.0000e+00	-1.7247e-09	0.0000e+00	0.0000e+00
453	0.0000e+00	-1.2599e-09	0.0000e+00	0.0000e+00
454	0.0000e+00	-5.7139e-10	0.0000e+00	0.0000e+00
455	0.0000e+00	2.0834e-10	0.0000e+00	0.0000e+00
456	0.0000e+00	9.3291e-10	0.0000e+00	0.0000e+00
457	0.0000e+00	1.4692e-09	0.0000e+00	0.0000e+00
458	0.0000e+00	1.7219e-09	0.0000e+00	0.0000e+00
459	0.0000e+00	1.6500e-09	0.0000e+00	0.0000e+00
460	0.0000e+00	1.2738e-09	0.0000e+00	0.0000e+00
461	0.0000e+00	6.6930e-10	0.0000e+00	0.0000e+00
462	0.0000e+00	-4.6622e-11	0.0000e+00	0.0000e+00
463	0.0000e+00	-7.3897e-10	0.0000e+00	0.0000e+00
464	0.0000e+00	-1.2799e-09	0.0000e+00	0.0000e+00
465	0.0000e+00	-1.5723e-09	0.0000e+00	0.0000e+00
466	0.0000e+00	-1.5672e-09	0.0000e+00	0.0000e+00
467	0.0000e+00	-1.2716e-09	0.0000e+00	0.0000e+00
468	0.0000e+00	-7.4628e-10	0.0000e+00	0.0000e+00
469	0.0000e+00	-9.3397e-11	0.0000e+00	0.0000e+00
470	0.0000e+00	5.6342e-10	0.0000e+00	0.0000e+00
471	0.0000e+00	1.1023e-09	0.0000e+00	0.0000e+00
472	0.0000e+00	1.4258e-09	0.0000e+00	0.0000e+00
473	0.0000e+00	1.4784e-09	0.0000e+00	0.0000e+00
474	0.0000e+00	1.2557e-09	0.0000e+00	0.0000e+00
475	0.0000e+00	8.0462e-10	0.0000e+00	0.0000e+00
476	0.0000e+00	2.1346e-10	0.0000e+00	0.0000e+00
477	0.0000e+00	-4.0537e-10	0.0000e+00	0.0000e+00
478	0.0000e+00	-9.3657e-10	0.0000e+00	0.0000e+00
479	0.0000e+00	-1.2834e-09	0.0000e+00	0.0000e+00
480	0.0000e+00	-1.3853e-09	0.0000e+00	0.0000e+00
481	0.0000e+00	-1.2282e-09	0.0000e+00	0.0000e+00
482	0.0000e+00	-8.4641e-10	0.0000e+00	0.0000e+00
483	0.0000e+00	-3.1522e-10	0.0000e+00	0.0000e+00
484	0.0000e+00	2.6390e-10	0.0000e+00	0.0000e+00
485	0.0000e+00	7.8262e-10	0.0000e+00	0.0000e+00
486	0.0000e+00	1.1459e-09	0.0000e+00	0.0000e+00
487	0.0000e+00	1.2895e-09	0.0000e+00	0.0000e+00
488	0.0000e+00	1.1911e-09	0.0000e+00	0.0000e+00
489	0.0000e+00	8.7359e-10	0.0000e+00	0.0000e+00
490	0.0000e+00	4.0026e-10	0.0000e+00	0.0000e+00
491	0.0000e+00	-1.3809e-10	0.0000e+00	0.0000e+00
492	0.0000e+00	-6.4035e-10	0.0000e+00	0.0000e+00
493	0.0000e+00	-1.0140e-09	0.0000e+00	0.0000e+00
494	0.0000e+00	-1.1924e-09	0.0000e+00	0.0000e+00
495	0.0000e+00	-1.1460e-09	0.0000e+00	0.0000e+00
496	0.0000e+00	-8.8793e-10	0.0000e+00	0.0000e+00
497	0.0000e+00	-4.7006e-10	0.0000e+00	0.0000e+00
498	0.0000e+00	2.7009e-11	0.0000e+00	0.0000e+00
499	0.0000e+00	5.0955e-10	0.0000e+00	0.0000e+00
500	0.0000e+00	8.8831e-10	0.0000e+00	0.0000e+00
501	0.0000e+00	1.0950e-09	0.0000e+00	0.0000e+00
502	0.0000e+00	1.0946e-09	0.0000e+00	0.0000e+00
503	0.0000e+00	8.9106e-10	0.0000e+00	0.0000e+00
504	0.0000e+00	5.2602e-10	0.0000e+00	0.0000e+00
505	0.0000e+00	7.0267e-11	0.0000e+00	0.0000e+00
506	0.0000e+00	-3.8993e-10	0.0000e+00	0.0000e+00
507	0.0000e+00	-7.6911e-10	0.0000e+00	0.0000e+00
508	0.0000e+00	-9.9842e-10	0.0000e+00	0.0000e+00
509	0.0000e+00	-1.0381e-09	0.0000e+00	0.0000e+00
510	0.0000e+00	-8.8445e-10	0.0000e+00	0.0000e+00
511	0.0000e+00	-6.2690e-10	0.0000e+00	0.0000e+00
512	0.0000e+00	-2.8090e-10	0.0000e+00	0.0000e+00
513	0.0000e+00	6.2427e-11	0.0000e+00	0.0000e+00
514	0.0000e+00	3.5531e-10	0.0000e+00	0.0000e+00
515	0.0000e+00	5.2793e-10	0.0000e+00	0.0000e+00
516	0.0000e+00	5.6150e-10	0.0000e+00	0.0000e+00
517	0.0000e+00	4.4076e-10	0.0000e+00	0.0000e+00
518	0.0000e+00	1.9938e-10	0.0000e+00	0.0000e+00
519	0.0000e+00	-1.2407e-10	0.0000e+00	0.0000e+00
520	0.0000e+00	-4.6140e-10	0.0000e+00	0.0000e+00
521	0.0000e+00	-7.5594e-10	0.0000e+00	0.0000e+00
522	0.0000e+00	-9.4847e-10	0.0000e+00	0.0000e+00
523	0.0000e+00	-1.0096e-09	0.0000e+00	0.0000e+00
524	0.0000e+00	-9.2604e-10	0.0000e+00	0.0000e+00
525	0.0000e+00	-7.1900e-10	0.0000e+00	0.0000e+00
526	0.0000e+00	-4.2566e-10	0.0000e+00	0.0000e+00
527	0.0000e+00	-1.0383e-10	0.0000e+00	0.0000e+00
528	0.0000e+00	1.8910e-10	0.0000e+00	0.0000e+00
529	0.0000e+00	3.9856e-10	0.0000e+00	0.0000e+00
530	0.0000e+00	4.8952e-10	0.0000e+00	0.0000e+00
531	0.0000e+00	4.4744e-10	0.0000e+00	0.0000e+00
532	0.0000e+00	2.8438e-10	0.0000e+00	0.0000e+00
533	0.0000e+00	3.3784e-11	0.0000e+00	0.0000e+00
534	0.0000e+00	-2.5486e-10	0.0000e+00	0.0000e+00
535	0.0000e+00	-5.2565e-10	0.0000e+00	0.0000e+00
536	0.0000e+00	-7.2770e-10	0.0000e+00	0.0000e+00
537	0.0000e+00	-8.2252e-10	0.0000e+00	0.0000e+00
538	0.0000e+00	-7.9388e-10	0.0000e+00	0.0000e+00
539	0.0000e+00	-6.4663e-10	0.0000e+00	0.0000e+00
540	0.0000e+00	-4.1001e-10	0.0000e+00	0.0000e+00
541	0.0000e+00	-1.2639e-10	0.0000e+00	0.0000e+00
542	0.0000e+00	1.5065e-10	0.0000e+00	0.0000e+00
543	0.0000e+00	3.7338e-10	0.0000e+00	0.0000e+00
544	0.0000e+00	5.0108e-10	0.0000e+00	0.0000e+00
545	0.0000e+00	5.1568e-10	0.0000e+00	0.0000e+00
546	0.0000e+00	4.4084e-10	0.0000e+00	0.0000e+00
547	0.0000e+00	2.8117e-10	0.0000e+00	0.0000e+00
548	0.0000e+00	7.7222e-11	0.0000e+00	0.0000e+00
549	0.0000e+00	-1.3450e-10	0.0000e+00	0.0000e+00
550	0.0000e+00	-3.0956e-10	0.0000e+00	0.0000e+00
551	0.0000e+00	-4.1573e-10	0.0000e+00	0.0000e+00
552	0.0000e+00	-4.3203e-10	0.0000e+00	0.0000e+00
553	0.0000e+00	-3.5522e-10	0.0000e+00	0.0000e+00
554	0.0000e+00	-2.0044e-10	0.0000e+00	0.0000e+00
555	0.0000e+00	5.0253e-12	0.0000e+00	0.0000e+00
556	0.0000e+00	2.2159e-10	0.0000e+00	0.0000e+00
557	0.0000e+00	4.1250e-10	0.0000e+00	0.0000e+00
558	0.0000e+00	5.4117e-10	0.0000e+00	0.0000e+00
559	0.0000e+00	5.8911e-10	0.0000e+00	0.0000e+00
560	0.0000e+00	5.4640e-10	0.0000e+00	0.0000e+00
561	0.0000e+00	4.2740e-10	0.0000e+00	0.0000e+00
562	0.0000e+00	2.5237e-10	0.0000e+00	0.0000e+00
563	0.0000e+00	6.0057e-11	0.0000e+00	0.0000e+00
564	0.0000e+00	-1.1732e-10	0.0000e+00	0.0000e+00
565	0.0000e+00	-2.4147e-10	0.0000e+00	0.0000e+00
566	0.0000e+00	-2.9461e-10	0.0000e+00	0.0000e+00
567	0.0000e+00	-2.6218e-10	0.0000e+00	0.0000e+00
568	0.0000e+00	-1.5654e-10	0.0000e+00	0.0000e+00
569	0.0000e+00	7.6224e-12	0.0000e+00	0.0000e+00
570	0.0000e+00	1.9356e-10	0.0000e+00	0.0000e+00
571	0.0000e+00	3.7279e-10	0.0000e+00	0.0000e+00
572	0.0000e+00	5.0653e-10	0.0000e+00	0.0000e+00
573	0.0000e+00	5.7737e-10	0.0000e+00	0.0000e+00
574	0.0000e+00	5.6732e-10	0.0000e+00	0.0000e+00
575	0.0000e+00	4.8643e-10	0.0000e+00	0.0000e+00
576	0.0000e+00	3.4478e-10	0.0000e+00	0.0000e+00
577	0.0000e+00	1.7663e-10	0.0000e+00	0.0000e+00
578	0.0000e+00	7.2876e-12	0.0000e+00	0.0000e+00
579	0.0000e+00	-1.2477e-10	0.0000e+00	0.0000e+00
580	0.0000e+00	-2.0224e-10	0.0000e+00	0.0000e+00
581	0.0000e+00	-2.0457e-10	0.0000e+00	0.0000e+00
582	0.0000e+00	-1.3939e-10	0.0000e+00	0.0000e+00
583	0.0000e+00	-1.2798e-11	0.0000e+00	0.0000e+00
584	0.0000e+00	1.4372e-10	0.0000e+00	0.0000e+00
585	0.0000e+00	3.0778e-10	0.0000e+00	0.0000e+00
586	0.0000e+00	4.4171e-10	0.0000e+00	0.0000e+00
587	0.0000e+00	5.2836e-10	0.0000e+00	0.0000e+00
588	0.0000e+00	5.4529e-10	0.0000e+00	0.0000e+00
589	0.0000e+00	4.9773e-10	0.0000e+00	0.0000e+00
590	0.0000e+00	3.8839e-10	0.0000e+00	0.0000e+00
591	0.0000e+00	2.4581e-10	0.0000e+00	0.0000e+00
592	0.0000e+00	8.9794e-11	0.0000e+00	0.0000e+00
593	0.0000e+00	-4.3307e-11	0.0000e+00	0.0000e+00
594	0.0000e+00	-1.3642e-10	0.0000e+00	0.0000e+00
595	0.0000e+00	-1.6582e-10	0.0000e+00	0.0000e+00
596	0.0000e+00	-1.3439e-10	0.0000e+00	0.0000e+00
597	0.0000e+00	-4.1959e-11	0.0000e+00	0.0000e+00
598	0.0000e+00	8.6000e-11	0.0000e+00	0.0000e+00
599	0.0000e+00	2.3206e-10	0.0000e+00	0.0000e+00
600	0.0000e+00	3.6150e-10	0.0000e+00	0.0000e+00
601	0.0000e+00	4.5740e-10	0.0000e+00	0.0000e+00
602	0.0000e+00	4.9524e-10	0.0000e+00	0.0000e+00
603	0.0000e+00	4.7566e-10	0.0000e+00	0.0000e+00
604	0.0000e+00	3.9609e-10	0.0000e+00	0.0000e+00
605	0.0000e+00	2.7886e-10	0.0000e+00	0.0000e+00
606	0.0000e+00	1.3929e-10	0.0000e+00	0.0000e+00
607	0.0000e+00	1.0129e-11	0.0000e+00	0.0000e+00
608	0.0000e+00	-9.1801e-11	0.0000e+00	0.0000e+00
609	0.0000e+00	-1.4171e-10	0.0000e+00	0.0000e+00
610	0.0000e+00	-1.3807e-10	0.0000e+00	0.0000e+00
611	0.0000e+00	-7.6314e-11	0.0000e+00	0.0000e+00
612	0.0000e+00	2.4356e-11	0.0000e+00	0.0000e+00
613	0.0000e+00	1.5052e-10	0.0000e+00	0.0000e+00
614	0.0000e+00	2.7165e-10	0.0000e+00	0.0000e+00
615	0.0000e+00	3.7104e-10	0.0000e+00	0.0000e+00
616	0.0000e+00	4.2404e-10	0.0000e+00	0.0000e+00
617	0.0000e+00	4.2704e-10	0.0000e+00	0.0000e+00
618	0.0000e+00	3.7392e-10	0.0000e+00	0.0000e+00
619	0.0000e+00	2.8071e-10	0.0000e+00	0.0000e+00
620	0.0000e+00	1.5919e-10	0.0000e+00	0.0000e+00
621	0.0000e+00	3.7408e-11	0.0000e+00	0.0000e+00
622	0.0000e+00	-6.7975e-11	0.0000e+00	0.0000e+00
623	0.0000e+00	-1.3291e-10	0.0000e+00	0.0000e+00
624	0.0000e+00	-1.5172e-10	0.0000e+00	0.0000e+00
625	0.0000e+00	-1.1722e-10	0.0000e+00	0.0000e+00
626	0.0000e+00	-4.2207e-11	0.0000e+00	0.0000e+00
627	0.0000e+00	6.2861e-11	0.0000e+00	0.0000e+00
628	0.0000e+00	1.7267e-10	0.0000e+00	0.0000e+00
629	0.0000e+00	2.7051e-10	0.0000e+00	0.0000e+00
630	0.0000e+00	3.3333e-10	0.0000e+00	0.0000e+00
631	0.0000e+00	3.5341e-10	0.0000e+00	0.0000e+00
632	0.0000e+00	3.2292e-10	0.0000e+00	0.0000e+00
633	0.0000e+00	2.5134e-10	0.0000e+00	0.0000e+00
634	0.0000e+00	1.4814e-10	0.0000e+00	0.0000e+00
635	0.0000e+00	3.5613e-11	0.0000e+00	0.0000e+00
636	0.0000e+00	-6.9327e-11	0.0000e+00	0.0000e+00
637	0.0000e+00	-1.4513e-10	0.0000e+00	0.0000e+00
638	0.0000e+00	-1.8196e-10	0.0000e+00	0.0000e+00
639	0.0000e+00	-1.7192e-10	0.0000e+00	0.0000e+00
640	0.0000e+00	-1.2101e-10	0.0000e+00	0.0000e+00
641	0.0000e+00	-3.8231e-11	0.0000e+00	0.0000e+00
642	0.0000e+00	5.7514e-11	0.0000e+00	0.0000e+00
643	0.0000e+00	1.4870e-10	0.0000e+00	0.0000e+00
644	0.0000e+00	2.1588e-10	0.0000e+00	0.0000e+00
645	0.0000e+00	2.4668e-10	0.0000e+00	0.0000e+00
646	0.0000e+00	2.3388e-10	0.0000e+00	0.0000e+00
647	0.0000e+00	1.7945e-10	0.0000e+00	0.0000e+00
648	0.0000e+00	9.2672e-11	0.0000e+00	0.0000e+00
649	0.0000e+00	-1.1913e-11	0.0000e+00	0.0000e+00
650	0.0000e+00	-1.1538e-10	0.0000e+00	0.0000e+00
651	0.0000e+00	-2.0187e-10	0.0000e+00	0.0000e+00
652	0.0000e+00	-2.5551e-10	0.0000e+00	0.0000e+00
653	0.0000e+00	-2.7202e-10	0.0000e+00	0.0000e+00
654	0.0000e+00	-2.4770e-10	0.0000e+00	0.0000e+00
655	0.0000e+00	-1.9613e-10	0.0000e+00	0.0000e+00
656	0.0000e+00	-1.2419e-10	0.0000e+00	0.0000e+00
657	0.0000e+00	-6.5184e-11	0.0000e+00	0.0000e+00
658	0.0000e+00	-2.0455e-11	0.0000e+00	0.0000e+00
659	0.0000e+00	1.4299e-12	0.0000e+00	0.0000e+00
660	0.0000e+00	-4.5479e-12	0.0000e+00	0.0000e+00
661	0.0000e+00	-3.7490e-11	0.0000e+00	0.0000e+00
662	0.0000e+00	-9.1796e-11	0.0000e+00	0.0000e+00
663	0.0000e+00	-1.5786e-10	0.0000e+00	0.0000e+00
664	0.0000e+00	-2.2376e-10	0.0000e+00	0.0000e+00
665	0.0000e+00	-2.7824e-10	0.0000e+00	0.0000e+00
666	0.0000e+00	-3.1147e-10	0.0000e+00	0.0000e+00
667	0.0000e+00	-3.1879e-10	0.0000e+00	0.0000e+00
668	0.0000e+00	-2.9889e-10	0.0000e+00	0.0000e+00
669	0.0000e+00	-2.5731e-10	0.0000e+00	0.0000e+00
670	0.0000e+00	-2.0128e-10	0.0000e+00	0.0000e+00
671	0.0000e+00	-1.4312e-10	0.0000e+00	0.0000e+00
672	0.0000e+00	-9.2292e-11	0.0000e+00	0.0000e+00
673	0.0000e+00	-6.0103e-11	0.0000e+00	0.0000e+00
674	0.0000e+00	-5.0282e-11	0.0000e+00	0.0000e+00
675	0.0000e+00	-6.6572e-11	0.0000e+00	0.0000e+00
676	0.0000e+00	-1.0289e-10	0.0000e+00	0.0000e+00
677	0.0000e+00	-1.5478e-10	0.0000e+00	0.0000e+00
678	0.0000e+00	-2.0890e-10	0.0000e+00	0.0000e+00
679	0.0000e+00	-2.5812e-10	0.0000e+00	0.0000e+00
680	0.0000e+00	-2.8897e-10	0.0000e+00	0.0000e+00
681	0.0000e+00	-2.9943e-10	0.0000e+00	0.0000e+00
682	0.0000e+00	-2.8233e-10	0.0000e+00	0.0000e+00
683	0.0000e+00	-2.4526e-10	0.0000e+00	0.0000e+00
684	0.0000e+00	-1.8850e-10	0.0000e+00	0.0000e+00
685	0.0000e+00	-1.2761e-10	0.0000e+00	0.0000e+00
686	0.0000e+00	-6.5159e-11	0.0000e+00	0.0000e+00
687	0.0000e+00	-1.8522e-11	0.0000e+00	0.0000e+00
688	0.0000e+00	1.5550e-11	0.0000e+00	0.0000e+00
689	0.0000e+00	2.3639e-11	0.0000e+00	0.0000e+00
690	0.0000e+00	2.1681e-11	0.0000e+00	0.0000e+00
691	0.0000e+00	0.0000e+00	0.0000e+00	0.0000e+00
692	0.0000e+00	0.0000e+00	0.0000e+00	0.0000e+00
693	0.0000e+00	0.0000e+00	0.0000e+00	0.0000e+00
694	0.0000e+00	0.0000e+00	0.0000e+00	0.0000e+00
695	0.0000e+00	0.0000e+00	0.0000e+00	0.0000e+00
696	0.0000e+00	0.0000e+00	0.0000e+00	0.0000e+00
697	0.0000e+00	0.0000e+00	0.0000e+00	0.0000e+00
698	0.0000e+00	0.0000e+00	0.0000e+00	0.0000e+00
699	0.0000e+00	0.0000e+00	0.0000e+00	0.0000e+00
700	0.0000e+00	0.0000e+00	0.0000e+00	0.0000e+00
701	0.0000e+00	0.0000e+00	0.0000e+00	0.0000e+00
702	0.0000e+00	0.0000e+00	0.0000e+00	0.0000e+00
703	0.0000e+00	0.0000e+00	0.0000e+00	0.0000e+00
704	0.0000e+00	0.0000e+00	0.0000e+00	0.0000e+00
705	0.0000e+00	0.0000e+00	0.0000e+00	0.0000e+00
706	0.0000e+00	0.0000e+00	0.0000e+00	0.0000e+00
707	0.0000e+00	0.0000e+00	0.0000e+00	0.0000e+00
708	0.0000e+00	0.0000e+00	0.0000e+00	0.0000e+00
709	0.0000e+00	0.0000e+00	0.0000e+00	0.0000e+00
710	0.0000e+00	0.0000e+00	0.0000e+00	0.0000e+00
711	0.0000e+00	0.0000e+00	0.0000e+00	0.0000e+00
712	0.0000e+00	0.0000e+00	0.0000e+00	0.0000e+00
713	0.0000e+00	0.0000e+00	0.0000e+00	0.0000e+00
714	0.0000e+00	0.0000e+00	0.0000e+00	0.0000e+00
715	0.0000e+00	0.0000e+00	0.0000e+00	0.0000e+00
716	0.0000e+00	0.0000e+00	0.0000e+00	0.0000e+00
717	0.0000e+00	0.0000e+00	0.0000e+00	0.0000e+00
718	0.0000e+00	0.0000e+00	0.0000e+00	0.0000e+00
719	0.0000e+00	0.0000e+00	0.0000e+00	0.0000e+00
720	0.0000e+00	0.0000e+00	0.0000e+00	0.0000e+00
721	0.0000e+00	0.0000e+00	0.0000e+00	0.0000e+00
722	0.0000e+00	0.0000e+00	0.0000e+00	0.0000e+00
723	0.0000e+00	0.0000e+00	0.0000e+00	0.0000e+00
724	0.0000e+00	0.0000e+00	0.0000e+00	0.0000e+00
725	0.0000e+00	0.0000e+00	0.0000e+00	0.0000e+00
726	0.0000e+00	0.0000e+00	0.0000e+00	0.0000e+00
727	0.0000e+00	0.0000e+00	0.0000e+00	0.0000e+00
728	0.0000e+00	0.0000e+00	0.0000e+00	0.0000e+00
729	0.0000e+00	0.0000e+00	0.0000e+00	0.0000e+00
730	0.0000e+00	0.0000e+00	0.0000e+00	0.0000e+00
731	0.0000e+00	0.0000e+00	0.0000e+00	0.0000e+00
732	0.0000e+00	0.0000e+00	0.0000e+00	0.0000e+00
733	0.0000e+00	0.0000e+00	0.0000e+00	0.0000e+00
734	0.0000e+00	0.0000e+00	0.0000e+00	0.0000e+00
735	0.0000e+00	0.0000e+00	0.0000e+00	0.0000e+00
736	0.0000e+00	0.0000e+00	0.0000e+00	0.0000e+00
737	0.0000e+00	0.0000e+00	0.0000e+00	0.0000e+00
738	0.0000e+00	0.0000e+00	0.0000e+00	0.0000e+00
739	0.0000e+00	0.0000e+00	0.0000e+00	0.0000e+00
740	0.0000e+00	0.0000e+00	0.0000e+00	0.0000e+00
741	0.0000e+00	0.0000e+00	0.0000e+00	0.0000e+00
742	0.0000e+00	0.0000e+00	0.0000e+00	0.0000e+00
743	0.0000e+00	0.0000e+00	0.0000e+00	0.0000e+00
744	0.0000e+00	0.0000e+00	0.0000e+00	0.0000e+00
745	0.0000e+00	0.0000e+00	0.0000e+00	0.0000e+00
746	0.0000e+00	0.0000e+00	0.0000e+00	0.0000e+00
747	0.0000e+00	0.0000e+00	0.0000e+00	0.0000e+00
748	0.0000e+00	0.0000e+00	0.0000e+00	0.0000e+00
749	0.0000e+00	0.0000e+00	0.0000e+00	0.0000e+00
750	0.0000e+00	0.0000e+00	0.0000e+00	0.0000e+00
751	0.0000e+00	0.0000e+00	0.0000e+00	0.0000e+00
752	0.0000e+00	0.0000e+00	0.0000e+00	0.0000e+00
753	0.0000e+00	0.0000e+00	0.0000e+00	0.0000e+00
754	0.0000e+00	0.0000e+00	0.0000e+00	0.0000e+00
755	0.0000e+00	0.0000e+00	0.0000e+00	0.0000e+00
756	0.0000e+00	0.0000e+00	0.0000e+00	0.0000e+00
757	0.0000e+00	0.0000e+00	0.0000e+00	0.0000e+00
758	0.0000e+00	0.0000e+00	0.0000e+00	0.0000e+00
759	0.0000e+00	0.0000e+00	0.0000e+00	0.0000e+00
760	0.0000e+00	0.0000e+00	0.0000e+00	0.0000e+00
761	0.0000e+00	0.0000e+00	0.0000e+00	0.0000e+00
762	0.0000e+00	0.0000e+00	0.0000e+00	0.0000e+00
763	0.0000e+00	0.0000e+00	0.0000e+00	0.0000e+00
764	0.0000e+00	0.0000e+00	0.0000e+00	0.0000e+00
765	0.0000e+00	0.0000e+00	0.0000e+00	0.0000e+00
766	0.0000e+00	0.0000e+00	0.0000e+00	0.0000e+00
767	0.0000e+00	0.0000e+00	0.0000e+00	0.0000e+00
768	0.0000e+00	0.0000e+00	0.0000e+00	0.0000e+00
769	0.0000e+00	0.0000e+00	0.0000e+00	0.0000e+00
770	0.0000e+00	0.0000e+00	0.0000e+00	0.0000e+00
771	0.0000e+00	0.0000e+00	0.0000e+00	0.0000e+00
772	0.0000e+00	0.0000e+00	0.0000e+00	0.0000e+00
773	0.0000e+00	0.0000e+00	0.0000e+00	0.0000e+00
774	0.0000e+00	0.0000e+00	0.0000e+00	0.0000e+00
775	0.0000e+00	0.0000e+00	0.0000e+00	0.0000e+00
776	0.0000e+00	0.0000e+00	0.0000e+00	0.0000e+00
777	0.0000e+00	0.0000e+00	0.0000e+00	0.0000e+00
778	0.0000e+00	0.0000e+00	0.0000e+00	0.0000e+00
779	0.0000e+00	0.0000e+00	0.0000e+00	0.0000e+00
780	0.0000e+00	0.0000e+00	0.0000e+00	0.0000e+00
781	0.0000e+00	0.0000e+00	0.0000e+00	0.0000e+00
782	0.0000e+00	0.0000e+00	0.0000e+00	0.0000e+00
783	0.0000e+00	0.0000e+00	0.0000e+00	0.0000e+00
784	0.0000e+00	0.0000e+00	0.0000e+00	0.0000e+00
785	0.0000e+00	0.0000e+00	0.0000e+00	0.0000e+00
786	0.0000e+00	0.0000e+00	0.0000e+00	0.0000e+00
787	0.0000e+00	0.0000e+00	0.0000e+00	0.0000e+00
788	0.0000e+00	0.0000e+00	0.0000e+00	0.0000e+00
789	0.0000e+00	0.0000e+00	0.0000e+00	0.0000e+00
790	0.0000e+00	0.0000e+00	0.0000e+00	0.0000e+00
791	0.0000e+00	0.0000e+00	0.0000e+00	0.0000e+00
792	0.0000e+00	0.0000e+00	0.0000e+00	0.0000e+00
793	0.0000e+00	0.0000e+00	0.0000e+00	0.0000e+00
794	0.0000e+00	0.0000e+00	0.0000e+00	0.0000e+00
795	0.0000e+00	0.0000e+00	0.0000e+00	0.0000e+00
796	0.0000e+00	0.0000e+00	0.0000e+00	0.0000e+00
797	0.0000e+00	0.0000e+00	0.0000e+00	0.0000e+00
798	0.0000e+00	0.0000e+00	0.0000e+00	0.0000e+00
799	0.0000e+00	0.0000e+00	0.0000e+00	0.0000e+00
800	0.0000e+00	0.0000e+00	0.0000e+00	0.0000e+00
801	0.0000e+00	0.0000e+00	0.0000e+00	0.0000e+00
802	0.0000e+00	0.0000e+00	0.0000e+00	0.0000e+00
803	0.0000e+00	0.0000e+00	0.0000e+00	0.0000e+00
804	0.0000e+00	0.0000e+00	0.0000e+00	0.0000e+00
805	0.0000e+00	0.0000e+00	0.0000e+00	0.0000e+00
806	0.0000e+00	0.0000e+00	0.0000e+00	0.0000e+00
807	0.0000e+00	0.0000e+00	0.0000e+00	0.0000e+00
808	0.0000e+00	0.0000e+00	0.0000e+00	0.0000e+00
809	0.0000e+00	0.0000e+00	0.0000e+00	0.0000e+00
810	0.0000e+00	0.0000e+00	0.0000e+00	0.0000e+00
811	0.0000e+00	0.0000e+00	0.0000e+00	0.0000e+00
812	0.0000e+00	0.0000e+00	0.0000e+00	0.0000e+00
813	0.0000e+00	0.0000e+00	0.0000e+00	0.0000e+00
814	0.0000e+00	0.0000e+00	0.0000e+00	0.0000e+00
815	0.0000e+00	0.0000e+00	0.0000e+00	0.0000e+00
816	0.0000e+00	0.0000e+00	0.0000e+00	0.0000e+00
817	0.0000e+00	0.0000e+00	0.0000e+00	0.0000e+00
818	0.0000e+00	0.0000e+00	0.0000e+00	0.0000e+00
819	0.0000e+00	0.0000e+00	0.0000e+00	0.0000e+00
820	0.0000e+00	0.0000e+00	0.0000e+00	0.0000e+00
821	0.0000e+00	0.0000e+00	0.0000e+00	0.0000e+00
822	0.0000e+00	0.0000e+00	0.0000e+00	0.0000e+00
823	0.0000e+00	0.0000e+00	0.0000e+00	0.0000e+00
824	0.0000e+00	0.0000e+00	0.0000e+00	0.0000e+00
825	0.0000e+00	0.0000e+00	0.0000e+00	0.0000e+00
826	0.0000e+00	0.0000e+00	0.0000e+00	0.0000e+00
827	0.0000e+00	0.0000e+00	0.0000e+00	0.0000e+00
828	0.0000e+00	0.0000e+00	0.0000e+00	0.0000e+00
829	0.0000e+00	0.0000e+00	0.0000e+00	0.0000e+00
830	0.0000e+00	0.0000e+00	0.0000e+00	0.0000e+00
831	0.0000e+00	0.0000e+00	0.0000e+00	0.0000e+00
832	0.0000e+00	0.0000e+00	0.0000e+00	0.0000e+00
833	0.0000e+00	0.0000e+00	0.0000e+00	0.0000e+00
834	0.0000e+00	0.0000e+00	0.0000e+00	0.0000e+00
835	0.0000e+00	0.0000e+00	0.0000e+00	0.0000e+00
836	0.0000e+00	0.0000e+00	0.0000e+00	0.0000e+00
837	0.0000e+00	0.0000e+00	0.0000e+00	0.0000e+00
838	0.0000e+00	0.0000e+00	0.0000e+00	0.0000e+00
839	0.0000e+00	0.0000e+00	0.0000e+00	0.0000e+00
840	0.0000e+00	0.0000e+00	0.0000e+00	0.0000e+00
841	0.0000e+00	0.0000e+00	0.0000e+00	0.0000e+00
842	0.0000e+00	0.0000e+00	0.0000e+00	0.0000e+00
843	0.0000e+00	0.0000e+00	0.0000e+00	0.0000e+00
844	0.0000e+00	0.0000e+00	0.0000e+00	0.0000e+00
845	0.0000e+00	0.0000e+00	0.0000e+00	0.0000e+00
846	0.0000e+00	0.0000e+00	0.0000e+00	0.0000e+00
847	0.0000e+00	0.0000e+00	0.0000e+00	0.0000e+00
848	0.0000e+00	0.0000e+00	0.0000e+00	0.0000e+00
849	0.0000e+00	0.0000e+00	0.0000e+00	0.0000e+00
850	0.0000e+00	0.0000e+00	0.0000e+00	0.0000e+00
851	0.0000e+00	0.0000e+00	0.0000e+00	0.0000e+00
852	0.0000e+00	0.0000e+00	0.0000e+00	0.0000e+00
853	0.0000e+00	0.0000e+00	0.0000e+00	0.0000e+00
854	0.0000e+00	0.0000e+00	0.0000e+00	0.0000e+00
855	0.0000e+00	0.0000e+00	0.0000e+00	0.0000e+00
856	0.0000e+00	0.0000e+00	0.0000e+00	0.0000e+00
857	0.0000e+00	0.0000e+00	0.0000e+00	0.0000e+00
858	0.0000e+00	0.0000e+00	0.0000e+00	0.0000e+00
859	0.0000e+00	0.0000e+00	0.0000e+00	0.0000e+00
860	0.0000e+00	0.0000e+00	0.0000e+00	0.0000e+00
861	0.0000e+00	0.0000e+00	0.0000e+00	0.0000e+00
862	0.0000e+00	0.0000e+00	0.0000e+00	0.0000e+00
863	0.0000e+00	0.0000e+00	0.0000e+00	0.0000e+00
864	0.0000e+00	0.0000e+00	0.0000e+00	0.0000e+00
865	0.0000e+00	0.0000e+00	0.0000e+00	0.0000e+00
866	0.0000e+00	0.0000e+00	0.0000e+00	0.0000e+00
867	0.0000e+00	0.0000e+00	0.0000e+00	0.0000e+00
868	0.0000e+00	0.0000e+00	0.0000e+00	0.0000e+00
869	0.0000e+00	0.0000e+00	0.0000e+00	0.0000e+00
870	0.0000e+00	0.0000e+00	0.0000e+00	0.0000e+00
871	0.0000e+00	0.0000e+00	0.0000e+00	0.0000e+00
872	0.0000e+00	0.0000e+00	0.0000e+00	0.0000e+00
873	0.0000e+00	0.0000e+00	0.0000e+00	0.0000e+00
874	0.0000e+00	0.0000e+00	0.0000e+00	0.0000e+00
875	0.0000e+00	0.0000e+00	0.0000e+00	0.0000e+00
876	0.0000e+00	0.0000e+00	0.0000e+00	0.0000e+00
877	0.0000e+00	0.0000e+00	0.0000e+00	0.0000e+00
878	0.0000e+00	0.0000e+00	0.0000e+00	0.0000e+00
879	0.0000e+00	0.0000e+00	0.0000e+00	0.0000e+00
880	0.0000e+00	0.0000e+00	0.0000e+00	0.0000e+00
881	0.0000e+00	0.0000e+00	0.0000e+00	0.0000e+00
882	0.0000e+00	0.0000e+00	0.0000e+00	0.0000e+00
883	0.0000e+00	0.0000e+00	0.0000e+00	0.0000e+00
884	0.0000e+00	0.0000e+00	0.0000e+00	0.0000e+00
885	0.0000e+00	0.0000e+00	0.0000e+00	0.0000e+00
886	0.0000e+00	0.0000e+00	0.0000e+00	0.0000e+00
887	0.0000e+00	0.0000e+00	0.0000e+00	0.0000e+00
888	0.0000e+00	0.0000e+00	0.0000e+00	0.0000e+00
889	0.0000e+00	0.0000e+00	0.0000e+00	0.0000e+00
890	0.0000e+00	0.0000e+00	0.0000e+00	0.0000e+00
891	0.0000e+00	0.0000e+00	0.0000e+00	0.0000e+00
892	0.0000e+00	0.0000e+00	0.0000e+00	0.0000e+00
893	0.0000e+00	0.0000e+00	0.0000e+00	0.0000e+00
894	0.0000e+00	0.0000e+00	0.0000e+00	0.0000e+00
895	0.0000e+00	0.0000e+00	0.0000e+00	0.0000e+00
896	0.0000e+00	0.0000e+00	0.0000e+00	0.0000e+00
897	0.0000e+00	0.0000e+00	0.0000e+00	0.0000e+00
898	0.0000e+00	0.0000e+00	0.0000e+00	0.0000e+00
899	0.0000e+00	0.0000e+00	0.0000e+00	0.0000e+00
900	0.0000e+00	0.0000e+00	0.0000e+00	0.0000e+00
901	0.0000e+00	0.0000e+00	0.0000e+00	0.0000e+00
902	0.0000e+00	0.0000e+00	0.0000e+00	0.0000e+00
903	0.0000e+00	0.0000e+00	0.0000e+00	0.0000e+00
904	0.0000e+00	0.0000e+00	0.0000e+00	0.0000e+00
905	0.0000e+00	0.0000e+00	0.0000e+00	0.0000e+00
906	0.0000e+00	0.0000e+00	0.0000e+00	0.0000e+00
907	0.0000e+00	0.0000e+00	0.0000e+00	0.0000e+00
908	0.0000e+00	0.0000e+00	0.0000e+00	0.0000e+00
909	0.0000e+00	0.0000e+00	0.0000e+00	0.0000e+00
910	0.0000e+00	0.0000e+00	0.0000e+00	0.0000e+00
911	0.0000e+00	0.0000e+00	0.0000e+00	0.0000e+00
912	0.0000e+00	0.0000e+00	0.0000e+00	0.0000e+00
913	0.0000e+00	0.0000e+00	0.0000e+00	0.0000e+00
914	0.0000e+00	0.0000e+00	0.0000e+00	0.0000e+00
915	0.0000e+00	0.0000e+00	0.0000e+00	0.0000e+00
916	0.0000e+00	0.0000e+00	0.0000e+00	0.0000e+00
917	0.0000e+00	0.0000e+00	0.0000e+00	0.0000e+00
918	0.0000e+00	0.0000e+00	0.0000e+00	0.0000e+00
919	0.0000e+00	0.0000e+00	0.0000e+00	0.0000e+00
920	0.0000e+00	0.0000e+00	0.0000e+00	0.0000e+00
921	0.0000e+00	0.0000e+00	0.0000e+00	0.0000e+00
922	0.0000e+00	0.0000e+00	0.0000e+00	0.0000e+00
923	0.0000e+00	0.0000e+00	0.0000e+00	0.0000e+00
924	0.0000e+00	0.0000e+00	0.0000e+00	0.0000e+00
925	0.0000e+00	0.0000e+00	0.0000e+00	0.0000e+00
926	0.0000e+00	0.0000e+00	0.0000e+00	0.0000e+00
927	0.0000e+00	0.0000e+00	0.0000e+00	0.0000e+00
928	0.0000e+00	0.0000e+00	0.0000e+00	0.0000e+00
929	0.0000e+00	0.0000e+00	0.0000e+00	0.0000e+00
930	0.0000e+00	0.0000e+00	0.0000e+00	0.0000e+00
931	0.0000e+00	0.0000e+00	0.0000e+00	0.0000e+00
932	0.0000e+00	0.0000e+00	0.0000e+00	0.0000e+00
933	0.0000e+00	0.0000e+00	0.0000e+00	0.0000e+00
934	0.0000e+00	0.0000e+00	0.0000e+00	0.0000e+00
935	0.0000e+00	0.0000e+00	0.0000e+00	0.0000e+00
936	0.0000e+00	0.0000e+00	0.0000e+00	0.0000e+00
937	0.0000e+00	0.0000e+00	0.0000e+00	0.0000e+00
938	0.0000e+00	0.0000e+00	0.0000e+00	0.0000e+00
939	0.0000e+00	0.0000e+00	0.0000e+00	0.0000e+00
940	0.0000e+00	0.0000e+00	0.0000e+00	0.0000e+00
941	0.0000e+00	0.0000e+00	0.0000e+00	0.0000e+00
942	0.0000e+00	0.0000e+00	0.0000e+00	0.0000e+00
943	0.0000e+00	0.0000e+00	0.0000e+00	0.0000e+00
944	0.0000e+00	0.0000e+00	0.0000e+00	0.0000e+00
945	0.0000e+00	0.0000e+00	0.0000e+00	0.0000e+00
946	0.0000e+00	0.0000e+00	0.0000e+00	0.0000e+00
947	0.0000e+00	0.0000e+00	0.0000e+00	0.0000e+00
948	0.0000e+00	0.0000e+00	0.0000e+00	0.0000e+00
949	0.0000e+00	0.0000e+00	0.0000e+00	0.0000e+00
950	0.0000e+00	0.0000e+00	0.0000e+00	0.0000e+00
951	0.0000e+00	0.0000e+00	0.0000e+00	0.0000e+00
952	0.0000e+00	0.0000e+00	0.0000e+00	0.0000e+00
953	0.0000e+00	0.0000e+00	0.0000e+00	0.0000e+00
954	0.0000e+00	0.0000e+00	0.0000e+00	0.0000e+00
955	0.0000e+00	0.0000e+00	0.0000e+00	0.0000e+00
956	0.0000e+00	0.0000e+00	0.0000e+00	0.0000e+00
957	0.0000e+00	0.0000e+00	0.0000e+00	0.0000e+00
958	0.0000e+00	0.0000e+00	0.0000e+00	0.0000e+00
959	0.0000e+00	0.0000e+00	0.0000e+00	0.0000e+00
960	0.0000e+00	0.0000e+00	0.0000e+00	0.0000e+00
961	0.0000e+00	0.0000e+00	0.0000e+00	0.0000e+00
962	0.0000e+00	0.0000e+00	0.0000e+00	0.0000e+00
963	0.0000e+00	0.0000e+00	0.0000e+00	0.0000e+00
964	0.0000e+00	0.0000e+00	0.0000e+00	0.0000e+00
965	0.0000e+00	0.0000e+00	0.0000e+00	0.0000e+00
966	0.0000e+00	0.0000e+00	0.0000e+00	0.0000e+00
967	0.0000e+00	0.0000e+00	0.0000e+00	0.0000e+00
968	0.0000e+00	0.0000e+00	0.0000e+00	0.0000e+00
969	0.0000e+00	0.0000e+00	0.0000e+00	0.0000e+00
970	0.0000e+00	0.0000e+00	0.0000e+00	0.0000e+00
971	0.0000e+00	0.0000e+00	0.0000e+00	0.0000e+00
972	0.0000e+00	0.0000e+00	0.0000e+00	0.0000e+00
973	0.0000e+00	0.0000e+00	0.0000e+00	0.0000e+00
974	0.0000e+00	0.0000e+00	0.0000e+00	0.0000e+00
975	0.0000e+00	0.0000e+00	0.0000e+00	0.0000e+00
976	0.0000e+00	0.0000e+00	0.0000e+00	0.0000e+00
977	0.0000e+00	0.0000e+00	0.0000e+00	0.0000e+00
978	0.0000e+00	0.0000e+00	0.0000e+00	0.0000e+00
979	0.0000e+00	0.0000e+00	0.0000e+00	0.0000e+00
980	0.0000e+00	0.0000e+00	0.0000e+00	0.0000e+00
981	0.0000e+00	0.0000e+00	0.0000e+00	0.0000e+00
982	0.0000e+00	0.0000e+00	0.0000e+00	0.0000e+00
983	0.0000e+00	0.0000e+00	0.0000e+00	0.0000e+00
984	0.0000e+00	0.0000e+00	0.0000e+00	0.0000e+00
985	0.0000e+00	0.0000e+00	0.0000e+00	0.0000e+00
986	0.0000e+00	0.0000e+00	0.0000e+00	0.0000e+00
987	0.0000e+00	0.0000e+00	0.0000e+00	0.0000e+00
988	0.0000e+00	0.0000e+00	0.0000e+00	0.0000e+00
989	0.0000e+00	0.0000e+00	0.0000e+00	0.0000e+00
990	0.0000e+00	0.0000e+00	0.0000e+00	0.0000e+00
991	0.0000e+00	0.0000e+00	0.0000e+00	0.0000e+00
992	0.0000e+00	0.0000e+00	0.0000e+00	0.0000e+00
993	0.0000e+00	0.0000e+00	0.0000e+00	0.0000e+00
994	0.0000e+00	0.0000e+00	0.0000e+00	0.0000e+00
995	0.0000e+00	0.0000e+00	0.0000e+00	0.0000e+00
996	0.0000e+00	0.0000e+00	0.0000e+00	0.0000e+00
997	0.0000e+00	0.0000e+00	0.0000e+00	0.0000e+00
998	0.0000e+00	0.0000e+00	0.0000e+00	0.0000e+00
999	0.0000e+00	0.0000e+00	0.0000e+00	0.0000e+00
1000	0.0000e+00	0.0000e+00	0.0000e+00	0.0000e+00
1001	0.0000e+00	0.0000e+00	0.0000e+00	0.0000e+00
1002	0.0000e+00	0.0000e+00	0.0000e+00	0.0000e+00
1003	0.0000e+00	0.0000e+00	0.0000e+00	0.0000e+00
1004	0.0000e+00	0.0000e+00	0.0000e+00	0.0000e+00
1005	0.0000e+00	0.0000e+00	0.0000e+00	0.0000e+00
1006	0.0000e+00	0.0000e+00	0.0000e+00	0.0000e+00
1007	0.0000e+00	0.0000e+00	0.0000e+00	0.0000e+00
1008	0.0000e+00	0.0000e+00	0.0000e+00	0.0000e+00
1009	0.0000e+00	0.0000e+00	0.0000e+00	0.0000e+00
1010	0.0000e+00	0.0000e+00	0.0000e+00	0.0000e+00
1011	0.0000e+00	0.0000e+00	0.0000e+00	0.0000e+00
1012	0.0000e+00	0.0000e+00	0.0000e+00	0.0000e+00
1013	0.0000e+00	0.0000e+00	0.0000e+00	0.0000e+00
1014	0.0000e+00	0.0000e+00	0.0000e+00	0.0000e+00
1015	0.0000e+00	0.0000e+00	0.0000e+00	0.0000e+00
1016	0.0000e+00	0.0000e+00	0.0000e+00	0.0000e+00
1017	0.0000e+00	0.0000e+00	0.0000e+00	0.0000e+00
1018	0.0000e+00	0.0000e+00	0.0000e+00	0.0000e+00
1019	0.0000e+00	0.0000e+00	0.0000e+00	0.0000e+00
1020	0.0000e+00	0.0000e+00	0.0000e+00	0.0000e+00
1021	0.0000e+00	0.0000e+00	0.0000e+00	0.0000e+00
1022	0.0000e+00	0.0000e+00	0.0000e+00	0.0000e+00
1023	0.0000e+00	0.0000e+00	0.0000e+00	0.0000e+00
1024	0.0000e+00	0.0000e+00	0.0000e+00	0.0000e+00
1025	0.0000e+00	0.0000e+00	0.0000e+00	0.0000e+00
1026	0.0000e+00	0.0000e+00	0.0000e+00	0.0000e+00
1027	0.0000e+00	0.0000e+00	0.0000e+00	0.0000e+00
1028	0.0000e+00	0.0000e+00	0.0000e+00	0.0000e+00
1029	0.0000e+00	0.0000e+00	0.0000e+00	0.0000e+00
1030	0.0000e+00	0.0000e+00	0.0000e+00	0.0000e+00
1031	0.0000e+00	0.0000e+00	0.0000e+00	0.0000e+00
1032	0.0000e+00	0.0000e+00	0.0000e+00	0.0000e+00
1033	0.0000e+00	0.0000e+00	0.0000e+00	0.0000e+00
1034	0.0000e+00	0.0000e+00	0.0000e+00	0.0000e+00
1035	0.0000e+00	0.0000e+00	0.0000e+00	0.0000e+00
1036	0.0000e+00	0.0000e+00	0.0000e+00	0.0000e+00
1037	0.0000e+00	0.0000e+00	0.0000e+00	0.0000e+00
1038	0.0000e+00	0.0000e+00	0.0000e+00	0.0000e+00
1039	0.0000e+00	0.0000e+00	0.0000e+00	0.0000e+00
1040	0.0000e+00	0.0000e+00	0.0000e+00	0.0000e+00
1041	0.0000e+00	0.0000e+00	0.0000e+00	0.0000e+00
1042	0.0000e+00	0.0000e+00	0.0000e+00	0.0000e+00
1043	0.0000e+00	0.0000e+00	0.0000e+00	0.0000e+00
1044	0.0000e+00	0.0000e+00	0.0000e+00	0.0000e+00
1045	0.0000e+00	0.0000e+00	0.0000e+00	0.0000e+00
1046	0.0000e+00	0.0000e+00	0.0000e+00	0.0000e+00
1047	0.0000e+00	0.0000e+00	0.0000e+00	0.0000e+00
1048	0.0000e+00	0.0000e+00	0.0000e+00	0.0000e+00
1049	0.0000e+00	0.0000e+00	0.0000e+00	0.0000e+00
1050	0.0000e+00	0.0000e+00	0.0000e+00	0.0000e+00
1051	0.0000e+00	0.0000e+00	0.0000e+00	0.0000e+00
1052	0.0000e+00	0.0000e+00	0.0000e+00	0.0000e+00
1053	0.0000e+00	0.0000e+00	0.0000e+00	0.0000e+00
1054	0.0000e+00	0.0000e+00	0.0000e+00	0.0000e+00
1055	0.0000e+00	0.0000e+00	0.0000e+00	0.0000e+00
1056	0.0000e+00	0.0000e+00	0.0000e+00	0.0000e+00
1057	0.0000e+00	0.0000e+00	0.0000e+00	0.0000e+00
1058	0.0000e+00	0.0000e+00	0.0000e+00	0.0000e+00
1059	0.0000e+00	0.0000e+00	0.0000e+00	0.0000e+00
1060	0.0000e+00	0.0000e+00	0.0000e+00	0.0000e+00
1061	0.0000e+00	0.0000e+00	0.0000e+00	0.0000e+00
1062	0.0000e+00	0.0000e+00	0.0000e+00	0.0000e+00
1063	0.0000e+00	0.0000e+00	0.0000e+00	0.0000e+00
1064	0.0000e+00	0.0000e+00	0.0000e+00	0.0000e+00
1065	0.0000e+00	0.0000e+00	0.0000e+00	0.0000e+00
1066	0.0000e+00	0.0000e+00	0.0000e+00	0.0000e+00
1067	0.0000e+00	0.0000e+00	0.0000e+00	0.0000e+00
1068	0.0000e+00	0.0000e+00	0.0000e+00	0.0000e+00
1069	0.0000e+00	0.0000e+00	0.0000e+00	0.0000e+00
1070	0.0000e+00	0.0000e+00	0.0000e+00	0.0000e+00
1071	0.0000e+00	0.0000e+00	0.0000e+00	0.0000e+00
1072	0.0000e+00	0.0000e+00	0.0000e+00	0.0000e+00
1073	0.0000e+00	0.0000e+00	0.0000e+00	0.0000e+00
1074	0.0000e+00	0.0000e+00	0.0000e+00	0.0000e+00
1075	0.0000e+00	0.0000e+00	0.0000e+00	0.0000e+00
1076	0.0000e+00	0.0000e+00	0.0000e+00	0.0000e+00
1077	0.0000e+00	0.0000e+00	0.0000e+00	0.0000e+00
1078	0.0000e+00	0.0000e+00	0.0000e+00	0.0000e+00
1079	0.0000e+00	0.0000e+00	0.0000e+00	0.0000e+00
1080	0.0000e+00	0.0000e+00	0.0000e+00	0.0000e+00
1081	0.0000e+00	0.0000e+00	0.0000e+00	0.0000e+00
1082	0.0000e+00	0.0000e+00	0.0000e+00	0.0000e+00
1083	0.0000e+00	0.0000e+00	0.0000e+00	0.0000e+00
1084	0.0000e+00	0.0000e+00	0.0000e+00	0.0000e+00
1085	0.0000e+00	0.0000e+00	0.0000e+00	0.0000e+00
1086	0.0000e+00	0.0000e+00	0.0000e+00	0.0000e+00
1087	0.0000e+00	0.0000e+00	0.0000e+00	0.0000e+00
1088	0.0000e+00	0.0000e+00	0.0000e+00	0.0000e+00
1089	0.0000e+00	0.0000e+00	0.0000e+00	0.0000e+00
1090	0.0000e+00	0.0000e+00	0.0000e+00	0.0000e+00
1091	0.0000e+00	0.0000e+00	0.0000e+00	0.0000e+00
1092	0.0000e+00	0.0000e+00	0.0000e+00	0.0000e+00
1093	0.0000e+00	0.0000e+00	0.0000e+00	0.0000e+00
1094	0.0000e+00	0.0000e+00	0.0000e+00	0.0000e+00
1095	0.0000e+00	0.0000e+00	0.0000e+00	0.0000e+00
1096	0.0000e+00	0.0000e+00	0.0000e+00	0.0000e+00
1097	0.0000e+00	0.0000e+00	0.0000e+00	0.0000e+00
1098	0.0000e+00	0.0000e+00	0.0000e+00	0.0000e+00
1099	0.0000e+00	0.0000e+00	0.0000e+00	0.0000e+00
1100	0.0000e+00	0.0000e+00	0.0000e+00	0.0000e+00
1101	0.0000e+00	0.0000e+00	0.0000e+00	0.0000e+00
1102	0.0000e+00	0.0000e+00	0.0000e+00	0.0000e+00
1103	0.0000e+00	0.0000e+00	0.0000e+00	0.0000e+00
1104	0.0000e+00	0.0000e+00	0.0000e+00	0.0000e+00
1105	0.0000e+00	0.0000e+00	0.0000e+00	0.0000e+00
1106	0.0000e+00	0.0000e+00	0.0000e+00	0.0000e+00
1107	0.0000e+00	0.0000e+00	0.0000e+00	0.0000e+00
1108	0.0000e+00	0.0000e+00	0.0000e+00	0.0000e+00
1109	0.0000e+00	0.0000e+00	0.0000e+00	0.0000e+00
1110	0.0000e+00	0.0000e+00	0.0000e+00	0.0000e+00
1111	0.0000e+00	0.0000e+00	0.0000e+00	0.0000e+00
1112	0.0000e+00	0.0000e+00	0.0000e+00	0.0000e+00
1113	0.0000e+00	0.0000e+00	0.0000e+00	0.0000e+00
1114	0.0000e+00	0.0000e+00	0.0000e+00	0.0000e+00
1115	0.0000e+00	0.0000e+00	0.0000e+00	0.0000e+00
1116	0.0000e+00	0.0000e+00	0.0000e+00	0.0000e+00
1117	0.0000e+00	0.0000e+00	0.0000e+00	0.0000e+00
1118	0.0000e+00	0.0000e+00	0.0000e+00	0.0000e+00
1119	0.0000e+00	0.0000e+00	0.0000e+00	0.0000e+00
1120	0.0000e+00	0.0000e+00	0.0000e+00	0.0000e+00
1121	0.0000e+00	0.0000e+00	0.0000e+00	0.0000e+00
1122	0.0000e+00	0.0000e+00	0.0000e+00	0.0000e+00
1123	0.0000e+00	0.0000e+00	0.0000e+00	0.0000e+00
1124	0.0000e+00	0.0000e+00	0.0000e+00	0.0000e+00
1125	0.0000e+00	0.0000e+00	0.0000e+00	0.0000e+00
1126	0.0000e+00	0.0000e+00	0.0000e+00	0.0000e+00
1127	0.0000e+00	0.0000e+00	0.0000e+00	0.0000e+00
1128	0.0000e+00	0.0000e+00	0.0000e+00	0.0000e+00
1129	0.0000e+00	0.0000e+00	0.0000e+00	0.0000e+00
1130	0.0000e+00	0.0000e+00	0.0000e+00	0.0000e+00
1131	0.0000e+00	0.0000e+00	0.0000e+00	0.0000e+00
1132	0.0000e+00	0.0000e+00	0.0000e+00	0.0000e+00
1133	0.0000e+00	0.0000e+00	0.0000e+00	0.0000e+00
1134	0.0000e+00	0.0000e+00	0.0000e+00	0.0000e+00
1135	0.0000e+00	0.0000e+00	0.0000e+00	0.0000e+00
1136	0.0000e+00	0.0000e+00	0.0000e+00	0.0000e+00
1137	0.0000e+00	0.0000e+00	0.0000e+00	0.0000e+00
1138	0.0000e+00	0.0000e+00	0.0000e+00	0.0000e+00
1139	0.0000e+00	0.0000e+00	0.0000e+00	0.0000e+00
1140	0.0000e+00	0.0000e+00	0.0000e+00	0.0000e+00
1141	0.0000e+00	0.0000e+00	0.0000e+00	0.0000e+00
1142	0.0000e+00	0.0000e+00	0.0000e+00	0.0000e+00
1143	0.0000e+00	0.0000e+00	0.0000e+00	0.0000e+00
1144	0.0000e+00	0.0000e+00	0.0000e+00	0.0000e+00
1145	0.0000e+00	0.0000e+00	0.0000e+00	0.0000e+00
1146	0.0000e+00	0.0000e+00	0.0000e+00	0.0000e+00
1147	0.0000e+00	0.0000e+00	0.0000e+00	0.0000e+00
1148	0.0000e+00	0.0000e+00	0.0000e+00	0.0000e+00
1149	0.0000e+00	0.0000e+00	0.0000e+00	0.0000e+00
1150	0.0000e+00	0.0000e+00	0.0000e+00	0.0000e+00
1151	0.0000e+00	0.0000e+00	0.0000e+00	0.0000e+00
1152	0.0000e+00	0.0000e+00	0.0000e+00	0.0000e+00
1153	0.0000e+00	0.0000e+00	0.0000e+00	0.0000e+00
1154	0.0000e+00	0.0000e+00	0.0000e+00	0.0000e+00
1155	0.0000e+00	0.0000e+00	0.0000e+00	0.0000e+00
1156	0.0000e+00	0.0000e+00	0.0000e+00	0.0000e+00
1157	0.0000e+00	0.0000e+00	0.0000e+00	0.0000e+00
1158	0.0000e+00	0.0000e+00	0.0000e+00	0.0000e+00
1159	0.0000e+00	0.0000e+00	0.0000e+00	0.0000e+00
1160	0.0000e+00	0.0000e+00	0.0000e+00	0.0000e+00
1161	0.0000e+00	0.0000e+00	0.0000e+00	0.0000e+00
1162	0.0000e+00	0.0000e+00	0.0000e+00	0.0000e+00
1163	0.0000e+00	0.0000e+00	0.0000e+00	0.0000e+00
1164	0.0000e+00	0.0000e+00	0.0000e+00	0.0000e+00
1165	0.0000e+00	0.0000e+00	0.0000e+00	0.0000e+00
1166	0.0000e+00	0.0000e+00	0.0000e+00	0.0000e+00
1167	0.0000e+00	0.0000e+00	0.0000e+00	0.0000e+00
1168	0.0000e+00	0.0000e+00	0.0000e+00	0.0000e+00
1169	0.0000e+00	0.0000e+00	0.0000e+00	0.0000e+00
1170	0.0000e+00	0.0000e+00	0.0000e+00	0.0000e+00
1171	0.0000e+00	0.0000e+00	0.0000e+00	0.0000e+00
1172	0.0000e+00	0.0000e+00	0.0000e+00	0.0000e+00
1173	0.0000e+00	0.0000e+00	0.0000e+00	0.0000e+00
1174	0.0000e+00	0.0000e+00	0.0000e+00	0.0000e+00
1175	0.0000e+00	0.0000e+00	0.0000e+00	0.0000e+00
1176	0.0000e+00	0.0000e+00	0.0000e+00	0.0000e+00
1177	0.0000e+00	0.0000e+00	0.0000e+00	0.0000e+00
1178	0.0000e+00	0.0000e+00	0.0000e+00	0.0000e+00
1179	0.0000e+00	0.0000e+00	0.0000e+00	0.0000e+00
1180	0.0000e+00	0.0000e+00	0.0000e+00	0.0000e+00
1181	0.0000e+00	0.0000e+00	0.0000e+00	0.0000e+00
1182	0.0000e+00	0.0000e+00	0.0000e+00	0.0000e+00
1183	0.0000e+00	0.0000e+00	0.0000e+00	0.0000e+00
1184	0.0000e+00	0.0000e+00	0.0000e+00	0.0000e+00
1185	0.0000e+00	0.0000e+00	0.0000e+00	0.0000e+00
1186	0.0000e+00	0.0000e+00	0.0000e+00	0.0000e+00
1187	0.0000e+00	0.0000e+00	0.0000e+00	0.0000e+00
1188	0.0000e+00	0.0000e+00	0.0000e+00	0.0000e+00
1189	0.0000e+00	0.0000e+00	0.0000e+00	0.0000e+00
1190	0.0000e+00	0.0000e+00	0.0000e+00	0.0000e+00
1191	0.0000e+00	0.0000e+00	0.0000e+00	0.0000e+00
1192	0.0000e+00	0.0000e+00	0.0000e+00	0.0000e+00
1193	0.0000e+00	0.0000e+00	0.0000e+00	0.0000e+00
1194	0.0000e+00	0.0000e+00	0.0000e+00	0.0000e+00
1195	0.0000e+00	0.0000e+00	0.0000e+00	0.0000e+00
1196	0.0000e+00	0.0000e+00	0.0000e+00	0.0000e+00
1197	0.0000e+00	0.0000e+00	0.0000e+00	0.0000e+00
1198	0.0000e+00	0.0000e+00	0.0000e+00	0.0000e+00
1199	0.0000e+00	0.0000e+00	0.0000e+00	0.0000e+00
1200	0.0000e+00	0.0000e+00	0.0000e+00	0.0000e+00
