2	-1.2090e-04	0.0000e+00	0.0000e+00	0.0000e+00
3	-5.3827e-05	0.0000e+00	0.0000e+00	0.0000e+00
4	-1.8343e-05	0.0000e+00	0.0000e+00	0.0000e+00
5	2.0566e-06	0.0000e+00	0.0000e+00	0.0000e+00
6	1.3064e-05	0.0000e+00	0.0000e+00	0.0000e+00
7	1.7529e-05	0.0000e+00	0.0000e+00	0.0000e+00
8	1.7382e-05	0.0000e+00	0.0000e+00	0.0000e+00
9	1.4208e-05	0.0000e+00	0.0000e+00	0.0000e+00
10	9.3867e-06	0.0000e+00	0.0000e+00	0.0000e+00
11	4.1037e-06	0.0000e+00	0.0000e+00	0.0000e+00
12	-6.9577e-07	0.0000e+00	0.0000e+00	0.0000e+00
13	-4.3486e-06	0.0000e+00	0.0000e+00	0.0000e+00
14	-6.4952e-06	0.0000e+00	0.0000e+00	0.0000e+00
15	-7.0701e-06	0.0000e+00	0.0000e+00	0.0000e+00
16	-6.2603e-06	0.0000e+00	0.0000e+00	0.0000e+00
17	-4.4388e-06	0.0000e+00	0.0000e+00	0.0000e+00
18	-2.0809e-06	0.0000e+00	0.0000e+00	0.0000e+00
19	3.2233e-07	0.0000e+00	0.0000e+00	0.0000e+00
20	2.3422e-06	0.0000e+00	0.0000e+00	0.0000e+00
21	3.6726e-06	0.0000e+00	0.0000e+00	0.0000e+00
22	4.1634e-06	0.0000e+00	0.0000e+00	0.0000e+00
23	3.8270e-06	0.0000e+00	0.0000e+00	0.0000e+00
24	2.8175e-06	0.0000e+00	0.0000e+00	0.0000e+00
25	1.3893e-06	0.0000e+00	0.0000e+00	0.0000e+00
26	-1.5603e-07	0.0000e+00	0.0000e+00	0.0000e+00
27	-1.5265e-06	0.0000e+00	0.0000e+00	0.0000e+00
28	-2.4886e-06	0.0000e+00	0.0000e+00	0.0000e+00
29	-2.9031e-06	0.0000e+00	0.0000e+00	0.0000e+00
30	-2.7404e-06	0.0000e+00	0.0000e+00	0.0000e+00
31	-2.0775e-06	0.0000e+00	0.0000e+00	0.0000e+00
32	-1.0751e-06	0.0000e+00	0.0000e+00	0.0000e+00
33	5.6746e-08	0.0000e+00	0.0000e+00	0.0000e+00
34	1.0998e-06	0.0000e+00	0.0000e+00	0.0000e+00
35	1.8672e-06	0.0000e+00	0.0000e+00	0.0000e+00
36	2.2349e-06	0.0000e+00	0.0000e+00	0.0000e+00
37	2.1598e-06	0.0000e+00	0.0000e+00	0.0000e+00
38	1.6825e-06	0.0000e+00	0.0000e+00	0.0000e+00
39	9.1492e-07	0.0000e+00	0.0000e+00	0.0000e+00
40	1.6013e-08	0.0000e+00	0.0000e+00	0.0000e+00
41	-8.3975e-07	0.0000e+00	0.0000e+00	0.0000e+00
42	-1.4950e-06	0.0000e+00	0.0000e+00	0.0000e+00
43	-1.8371e-06	0.0000e+00	0.0000e+00	0.0000e+00
44	-1.8170e-06	0.0000e+00	0.0000e+00	0.0000e+00
45	-1.4546e-06	0.0000e+00	0.0000e+00	0.0000e+00
46	-8.3247e-07	0.0000e+00	0.0000e+00	0.0000e+00
47	-7.7834e-08	0.0000e+00	0.0000e+00	0.0000e+00
48	6.6271e-07	0.0000e+00	0.0000e+00	0.0000e+00
49	1.2509e-06	0.0000e+00	0.0000e+00	0.0000e+00
50	1.5820e-06	0.0000e+00	0.0000e+00	0.0000e+00
51	1.6027e-06	0.0000e+00	0.0000e+00	0.0000e+00
52	1.3196e-06	0.0000e+00	0.0000e+00	0.0000e+00
53	7.9546e-07	0.0000e+00	0.0000e+00	0.0000e+00
54	1.3605e-07	0.0000e+00	0.0000e+00	0.0000e+00
55	-5.3076e-07	0.0000e+00	0.0000e+00	0.0000e+00
56	-1.0794e-06	0.0000e+00	0.0000e+00	0.0000e+00
57	-1.4098e-06	0.0000e+00	0.0000e+00	0.0000e+00
58	-1.4654e-06	0.0000e+00	0.0000e+00	0.0000e+00
59	-1.2421e-06	0.0000e+00	0.0000e+00	0.0000e+00
60	-7.8846e-07	0.0000e+00	0.0000e+00	0.0000e+00
61	-1.9477e-07	0.0000e+00	0.0000e+00	0.0000e+00
62	4.2429e-07	0.0000e+00	0.0000e+00	0.0000e+00
63	9.5162e-07	0.0000e+00	0.0000e+00	0.0000e+00
64	1.2896e-06	0.0000e+00	0.0000e+00	0.0000e+00
65	1.3777e-06	0.0000e+00	0.0000e+00	0.0000e+00
66	1.2034e-06	0.0000e+00	0.0000e+00	0.0000e+00
67	8.0356e-07	0.0000e+00	0.0000e+00	0.0000e+00
68	2.5676e-07	0.0000e+00	0.0000e+00	0.0000e+00
69	-3.3196e-07	0.0000e+00	0.0000e+00	0.0000e+00
70	-8.5104e-07	0.0000e+00	0.0000e+00	0.0000e+00
71	-1.2034e-06	0.0000e+00	0.0000e+00	0.0000e+00
72	-1.3242e-06	0.0000e+00	0.0000e+00	0.0000e+00
73	-1.1930e-06	0.0000e+00	0.0000e+00	0.0000e+00
74	-8.3670e-07	0.0000e+00	0.0000e+00	0.0000e+00
75	-3.2425e-07	0.0000e+00	0.0000e+00	0.0000e+00
76	2.4649e-07	0.0000e+00	0.0000e+00	0.0000e+00
77	7.6743e-07	0.0000e+00	0.0000e+00	0.0000e+00
78	1.1405e-06	0.0000e+00	0.0000e+00	0.0000e+00
79	1.2959e-06	0.0000e+00	0.0000e+00	0.0000e+00
80	1.2051e-06	0.0000e+00	0.0000e+00	0.0000e+00
81	8.8602e-07	0.0000e+00	0.0000e+00	0.0000e+00
82	3.9937e-07	0.0000e+00	0.0000e+00	0.0000e+00
83	-1.6267e-07	0.0000e+00	0.0000e+00	0.0000e+00
84	-6.9388e-07	0.0000e+00	0.0000e+00	0.0000e+00
85	-1.0939e-06	0.0000e+00	0.0000e+00	0.0000e+00
86	-1.2870e-06	0.0000e+00	0.0000e+00	0.0000e+00
87	-1.2364e-06	0.0000e+00	0.0000e+00	0.0000e+00
88	-9.5115e-07	0.0000e+00	0.0000e+00	0.0000e+00
89	-4.8440e-07	0.0000e+00	0.0000e+00	0.0000e+00
90	7.6265e-08	0.0000e+00	0.0000e+00	0.0000e+00
91	6.2526e-07	0.0000e+00	0.0000e+00	0.0000e+00
92	1.0587e-06	0.0000e+00	0.0000e+00	0.0000e+00
93	1.2941e-06	0.0000e+00	0.0000e+00	0.0000e+00
94	1.2855e-06	0.0000e+00	0.0000e+00	0.0000e+00
95	1.0328e-06	0.0000e+00	0.0000e+00	0.0000e+00
96	5.8201e-07	0.0000e+00	0.0000e+00	0.0000e+00
97	1.6655e-08	0.0000e+00	0.0000e+00	0.0000e+00
98	-5.5735e-07	0.0000e+00	0.0000e+00	0.0000e+00
99	-1.0315e-06	0.0000e+00	0.0000e+00	0.0000e+00
100	-1.3150e-06	0.0000e+00	0.0000e+00	0.0000e+00
101	-1.3521e-06	0.0000e+00	0.0000e+00	0.0000e+00
102	-1.1328e-06	0.0000e+00	0.0000e+00	0.0000e+00
103	-6.9555e-07	0.0000e+00	0.0000e+00	0.0000e+00
104	-1.2020e-07	0.0000e+00	0.0000e+00	0.0000e+00
105	4.8620e-07	0.0000e+00	0.0000e+00	0.0000e+00
106	1.0093e-06	0.0000e+00	0.0000e+00	0.0000e+00
107	1.3486e-06	0.0000e+00	0.0000e+00	0.0000e+00
108	1.4372e-06	0.0000e+00	0.0000e+00	0.0000e+00
109	1.2541e-06	0.0000e+00	0.0000e+00	0.0000e+00
110	8.2928e-07	0.0000e+00	0.0000e+00	0.0000e+00
111	2.3911e-07	0.0000e+00	0.0000e+00	0.0000e+00
112	-4.0763e-07	0.0000e+00	0.0000e+00	0.0000e+00
113	-9.8942e-07	0.0000e+00	0.0000e+00	0.0000e+00
114	-1.3947e-06	0.0000e+00	0.0000e+00	0.0000e+00
115	-1.5430e-06	0.0000e+00	0.0000e+00	0.0000e+00
116	-1.4008e-06	0.0000e+00	0.0000e+00	0.0000e+00
117	-9.8889e-07	0.0000e+00	0.0000e+00	0.0000e+00
118	-3.7932e-07	0.0000e+00	0.0000e+00	0.0000e+00
119	3.1676e-07	0.0000e+00	0.0000e+00	0.0000e+00
120	9.6928e-07	0.0000e+00	0.0000e+00	0.0000e+00
121	1.4533e-06	0.0000e+00	0.0000e+00	0.0000e+00
122	1.6728e-06	0.0000e+00	0.0000e+00	0.0000e+00
123	1.5792e-06	0.0000e+00	0.0000e+00	0.0000e+00
124	1.1821e-06	0.0000e+00	0.0000e+00	0.0000e+00
125	5.4862e-07	0.0000e+00	0.0000e+00	0.0000e+00
126	-2.0735e-07	0.0000e+00	0.0000e+00	0.0000e+00
127	-9.4566e-07	0.0000e+00	0.0000e+00	0.0000e+00
128	-1.5254e-06	0.0000e+00	0.0000e+00	0.0000e+00
129	-1.8317e-06	0.0000e+00	0.0000e+00	0.0000e+00
130	-1.7978e-06	0.0000e+00	0.0000e+00	0.0000e+00
131	-1.4195e-06	0.0000e+00	0.0000e+00	0.0000e+00
132	-7.5775e-07	0.0000e+00	0.0000e+00	0.0000e+00
133	7.0931e-08	0.0000e+00	0.0000e+00	0.0000e+00
134	9.1436e-07	0.0000e+00	0.0000e+00	0.0000e+00
135	1.6124e-06	0.0000e+00	0.0000e+00	0.0000e+00
136	2.0271e-06	0.0000e+00	0.0000e+00	0.0000e+00
137	2.0690e-06	0.0000e+00	0.0000e+00	0.0000e+00
138	1.7166e-06	0.0000e+00	0.0000e+00	0.0000e+00
139	1.0220e-06	0.0000e+00	0.0000e+00	0.0000e+00
140	1.0460e-07	0.0000e+00	0.0000e+00	0.0000e+00
141	-8.6943e-07	0.0000e+00	0.0000e+00	0.0000e+00
142	-1.7165e-06	0.0000e+00	0.0000e+00	0.0000e+00
143	-2.2697e-06	0.0000e+00	0.0000e+00	0.0000e+00
144	-2.4110e-06	0.0000e+00	0.0000e+00	0.0000e+00
145	-2.0957e-06	0.0000e+00	0.0000e+00	0.0000e+00
146	-1.3641e-06	0.0000e+00	0.0000e+00	0.0000e+00
147	-3.3730e-07	0.0000e+00	0.0000e+00	0.0000e+00
148	8.0183e-07	0.0000e+00	0.0000e+00	0.0000e+00
149	1.8406e-06	0.0000e+00	0.0000e+00	0.0000e+00
150	2.5755e-06	0.0000e+00	0.0000e+00	0.0000e+00
151	2.8509e-06	0.0000e+00	0.0000e+00	0.0000e+00
152	2.5911e-06	0.0000e+00	0.0000e+00	0.0000e+00
153	1.8188e-06	0.0000e+00	0.0000e+00	0.0000e+00
154	6.5520e-07	0.0000e+00	0.0000e+00	0.0000e+00
155	-6.9715e-07	0.0000e+00	0.0000e+00	0.0000e+00
156	-1.9890e-06	0.0000e+00	0.0000e+00	0.0000e+00
157	-2.9690e-06	0.0000e+00	0.0000e+00	0.0000e+00
158	-3.4312e-06	0.0000e+00	0.0000e+00	0.0000e+00
159	-3.2567e-06	0.0000e+00	0.0000e+00	0.0000e+00
160	-2.4415e-06	0.0000e+00	0.0000e+00	0.0000e+00
161	-1.1037e-06	0.0000e+00	0.0000e+00	0.0000e+00
162	5.3137e-07	0.0000e+00	0.0000e+00	0.0000e+00
163	2.1675e-06	0.0000e+00	0.0000e+00	0.0000e+00
164	3.4894e-06	0.0000e+00	0.0000e+00	0.0000e+00
165	4.2212e-06	0.0000e+00	0.0000e+00	0.0000e+00
166	4.1818e-06	0.0000e+00	0.0000e+00	0.0000e+00
167	3.3256e-06	0.0000e+00	0.0000e+00	0.0000e+00
168	1.7603e-06	0.0000e+00	0.0000e+00	0.0000e+00
169	-2.6239e-07	0.0000e+00	0.0000e+00	0.0000e+00
170	-2.3847e-06	0.0000e+00	0.0000e+00	0.0000e+00
171	-4.2027e-06	0.0000e+00	0.0000e+00	0.0000e+00
172	-5.3403e-06	0.0000e+00	0.0000e+00	0.0000e+00
173	-5.5225e-06	0.0000e+00	0.0000e+00	0.0000e+00
174	-4.6361e-06	0.0000e+00	0.0000e+00	0.0000e+00
175	-2.7644e-06	0.0000e+00	0.0000e+00	0.0000e+00
176	-1.8768e-07	0.0000e+00	0.0000e+00	0.0000e+00
177	2.6535e-06	0.0000e+00	0.0000e+00	0.0000e+00
178	5.2284e-06	0.0000e+00	0.0000e+00	0.0000e+00
179	7.0091e-06	0.0000e+00	0.0000e+00	0.0000e+00
180	7.5720e-06	0.0000e+00	0.0000e+00	0.0000e+00
181	6.6881e-06	0.0000e+00	0.0000e+00	0.0000e+00
182	4.3862e-06	0.0000e+00	0.0000e+00	0.0000e+00
183	9.7288e-07	0.0000e+00	0.0000e+00	0.0000e+00
184	-2.9975e-06	0.0000e+00	0.0000e+00	0.0000e+00
185	-6.8028e-06	0.0000e+00	0.0000e+00	0.0000e+00
186	-9.6729e-06	0.0000e+00	0.0000e+00	0.0000e+00
187	-1.0932e-05	0.0000e+00	0.0000e+00	0.0000e+00
188	-1.0138e-05	0.0000e+00	0.0000e+00	0.0000e+00
189	-7.1978e-06	0.0000e+00	0.0000e+00	0.0000e+00
190	-2.4244e-06	0.0000e+00	0.0000e+00	0.0000e+00
191	3.4689e-06	0.0000e+00	0.0000e+00	0.0000e+00
192	9.4542e-06	0.0000e+00	0.0000e+00	0.0000e+00
193	1.4343e-05	0.0000e+00	0.0000e+00	0.0000e+00
194	1.6992e-05	0.0000e+00	0.0000e+00	0.0000e+00
195	1.6529e-05	0.0000e+00	0.0000e+00	0.0000e+00
196	1.2564e-05	0.0000e+00	0.0000e+00	0.0000e+00
197	5.3356e-06	0.0000e+00	0.0000e+00	0.0000e+00
198	-4.2295e-06	0.0000e+00	0.0000e+00	0.0000e+00
199	-1.4579e-05	0.0000e+00	0.0000e+00	0.0000e+00
200	-2.3722e-05	0.0000e+00	0.0000e+00	0.0000e+00
201	-2.9536e-05	0.0000e+00	0.0000e+00	0.0000e+00
202	-3.0142e-05	0.0000e+00	0.0000e+00	0.0000e+00
203	-2.4324e-05	0.0000e+00	0.0000e+00	0.0000e+00
204	-1.1900e-05	0.0000e+00	0.0000e+00	0.0000e+00
205	6.0129e-06	0.0000e+00	0.0000e+00	0.0000e+00
206	2.6907e-05	0.0000e+00	0.0000e+00	0.0000e+00
207	4.7023e-05	0.0000e+00	0.0000e+00	0.0000e+00
208	6.1742e-05	0.0000e+00	0.0000e+00	0.0000e+00
209	6.6232e-05	0.0000e+00	0.0000e+00	0.0000e+00
210	5.6314e-05	0.0000e+00	0.0000e+00	0.0000e+00
211	2.9467e-05	0.0000e+00	0.0000e+00	0.0000e+00
212	-1.4123e-05	0.0000e+00	0.0000e+00	0.0000e+00
213	-7.0584e-05	0.0000e+00	0.0000e+00	0.0000e+00
214	-1.3159e-04	0.0000e+00	0.0000e+00	0.0000e+00
215	-1.8391e-04	0.0000e+00	0.0000e+00	0.0000e+00
216	-2.0938e-04	0.0000e+00	0.0000e+00	0.0000e+00
217	-1.8538e-04	0.0000e+00	0.0000e+00	0.0000e+00
218	-8.5787e-05	0.0000e+00	0.0000e+00	0.0000e+00
219	1.1761e-04	0.0000e+00	0.0000e+00	0.0000e+00
220	4.5328e-04	0.0000e+00	0.0000e+00	0.0000e+00
221	9.4784e-04	0.0000e+00	0.0000e+00	0.0000e+00
222	1.6240e-03	0.0000e+00	0.0000e+00	0.0000e+00
223	2.4982e-03	0.0000e+00	0.0000e+00	0.0000e+00
224	3.5792e-03	0.0000e+00	0.0000e+00	0.0000e+00
225	4.8666e-03	0.0000e+00	0.0000e+00	0.0000e+00
226	6.3498e-03	0.0000e+00	0.0000e+00	0.0000e+00
227	8.0082e-03	0.0000e+00	0.0000e+00	0.0000e+00
228	9.8118e-03	0.0000e+00	0.0000e+00	0.0000e+00
229	1.1723e-02	0.0000e+00	0.0000e+00	0.0000e+00
230	1.3696e-02	0.0000e+00	0.0000e+00	0.0000e+00
231	1.5684e-02	0.0000e+00	0.0000e+00	0.0000e+00
232	1.7638e-02	0.0000e+00	0.0000e+00	0.0000e+00
233	1.9510e-02	0.0000e+00	0.0000e+00	0.0000e+00
234	2.1258e-02	0.0000e+00	0.0000e+00	0.0000e+00
235	2.2845e-02	0.0000e+00	0.0000e+00	0.0000e+00
236	2.4245e-02	0.0000e+00	0.0000e+00	0.0000e+00
237	2.5440e-02	0.0000e+00	0.0000e+00	0.0000e+00
238	2.6424e-02	0.0000e+00	0.0000e+00	0.0000e+00
239	2.7201e-02	0.0000e+00	0.0000e+00	0.0000e+00
240	2.7785e-02	0.0000e+00	0.0000e+00	0.0000e+00
241	2.8198e-02	0.0000e+00	0.0000e+00	0.0000e+00
242	2.8467e-02	0.0000e+00	0.0000e+00	0.0000e+00
243	2.8624e-02	0.0000e+00	0.0000e+00	0.0000e+00
244	2.8701e-02	0.0000e+00	0.0000e+00	0.0000e+00
245	2.8728e-02	0.0000e+00	0.0000e+00	0.0000e+00
246	2.8731e-02	0.0000e+00	0.0000e+00	0.0000e+00
247	2.8729e-02	0.0000e+00	0.0000e+00	0.0000e+00
248	2.8735e-02	0.0000e+00	0.0000e+00	0.0000e+00
249	2.8750e-02	0.0000e+00	0.0000e+00	0.0000e+00
250	2.8768e-02	0.0000e+00	0.0000e+00	0.0000e+00
251	2.8774e-02	0.0000e+00	0.0000e+00	0.0000e+00
252	2.8745e-02	0.0000e+00	0.0000e+00	0.0000e+00
253	2.8653e-02	0.0000e+00	0.0000e+00	0.0000e+00
254	2.8465e-02	0.0000e+00	0.0000e+00	0.0000e+00
255	2.8150e-02	0.0000e+00	0.0000e+00	0.0000e+00
256	2.7676e-02	0.0000e+00	0.0000e+00	0.0000e+00
257	2.7018e-02	0.0000e+00	0.0000e+00	0.0000e+00
258	2.6157e-02	0.0000e+00	0.0000e+00	0.0000e+00
259	2.5084e-02	0.0000e+00	0.0000e+00	0.0000e+00
260	2.3799e-02	0.0000e+00	0.0000e+00	0.0000e+00
261	2.2313e-02	0.0000e+00	0.0000e+00	0.0000e+00
262	2.0650e-02	0.0000e+00	0.0000e+00	0.0000e+00
263	1.8840e-02	0.0000e+00	0.0000e+00	0.0000e+00
264	1.6925e-02	0.0000e+00	0.0000e+00	0.0000e+00
265	1.4949e-02	0.0000e+00	0.0000e+00	0.0000e+00
266	1.2962e-02	0.0000e+00	0.0000e+00	0.0000e+00
267	1.1012e-02	0.0000e+00	0.0000e+00	0.0000e+00
268	9.1461e-03	0.0000e+00	0.0000e+00	0.0000e+00
269	7.4057e-03	0.0000e+00	0.0000e+00	0.0000e+00
270	5.8243e-03	0.0000e+00	0.0000e+00	0.0000e+00
271	4.4272e-03	0.0000e+00	0.0000e+00	0.0000e+00
272	3.2293e-03	0.0000e+00	0.0000e+00	0.0000e+00
273	2.2360e-03	0.0000e+00	0.0000e+00	0.0000e+00
274	1.4429e-03	0.0000e+00	0.0000e+00	0.0000e+00
275	8.3743e-04	0.0000e+00	0.0000e+00	0.0000e+00
276	4.0045e-04	0.0000e+00	0.0000e+00	0.0000e+00
277	1.0792e-04	0.0000e+00	0.0000e+00	0.0000e+00
278	-6.6799e-05	0.0000e+00	0.0000e+00	0.0000e+00
279	-1.5099e-04	0.0000e+00	0.0000e+00	0.0000e+00
280	-1.7072e-04	0.0000e+00	0.0000e+00	0.0000e+00
281	-1.4935e-04	0.0000e+00	0.0000e+00	0.0000e+00
282	-1.0650e-04	0.0000e+00	0.0000e+00	0.0000e+00
283	-5.7378e-05	0.0000e+00	0.0000e+00	0.0000e+00
284	-1.2651e-05	0.0000e+00	0.0000e+00	0.0000e+00
285	2.1294e-05	0.0000e+00	0.0000e+00	0.0000e+00
286	4.1795e-05	0.0000e+00	0.0000e+00	0.0000e+00
287	4.9114e-05	0.0000e+00	0.0000e+00	0.0000e+00
288	4.5548e-05	0.0000e+00	0.0000e+00	0.0000e+00
289	3.4521e-05	0.0000e+00	0.0000e+00	0.0000e+00
290	1.9786e-05	0.0000e+00	0.0000e+00	0.0000e+00
291	4.7753e-06	0.0000e+00	0.0000e+00	0.0000e+00
292	-7.8445e-06	0.0000e+00	0.0000e+00	0.0000e+00
293	-1.6404e-05	0.0000e+00	0.0000e+00	0.0000e+00
294	-2.0271e-05	0.0000e+00	0.0000e+00	0.0000e+00
295	-1.9727e-05	0.0000e+00	0.0000e+00	0.0000e+00
296	-1.5733e-05	0.0000e+00	0.0000e+00	0.0000e+00
297	-9.6416e-06	0.0000e+00	0.0000e+00	0.0000e+00
298	-2.9016e-06	0.0000e+00	0.0000e+00	0.0000e+00
299	3.1936e-06	0.0000e+00	0.0000e+00	0.0000e+00
300	7.6900e-06	0.0000e+00	0.0000e+00	0.0000e+00
301	1.0070e-05	0.0000e+00	0.0000e+00	0.0000e+00
302	1.0263e-05	0.0000e+00	0.0000e+00	0.0000e+00
303	8.5850e-06	0.0000e+00	0.0000e+00	0.0000e+00
304	5.6208e-06	0.0000e+00	0.0000e+00	0.0000e+00
305	2.0864e-06	0.0000e+00	0.0000e+00	0.0000e+00
306	-1.3120e-06	0.0000e+00	0.0000e+00	0.0000e+00
307	-3.9955e-06	0.0000e+00	0.0000e+00	0.0000e+00
308	-5.5919e-06	0.0000e+00	0.0000e+00	0.0000e+00
309	-5.9694e-06	0.0000e+00	0.0000e+00	0.0000e+00
310	-5.2255e-06	0.0000e+00	0.0000e+00	0.0000e+00
311	-3.6398e-06	0.0000e+00	0.0000e+00	0.0000e+00
312	-1.6015e-06	0.0000e+00	0.0000e+00	0.0000e+00
313	4.7117e-07	0.0000e+00	0.0000e+00	0.0000e+00
314	2.2067e-06	0.0000e+00	0.0000e+00	0.0000e+00
315	3.3383e-06	0.0000e+00	0.0000e+00	0.0000e+00
316	3.7371e-06	0.0000e+00	0.0000e+00	0.0000e+00
317	3.4180e-06	0.0000e+00	0.0000e+00	0.0000e+00
318	2.5203e-06	0.0000e+00	0.0000e+00	0.0000e+00
319	1.2691e-06	0.0000e+00	0.0000e+00	0.0000e+00
320	-7.3877e-08	0.0000e+00	0.0000e+00	0.0000e+00
321	-1.2592e-06	0.0000e+00	0.0000e+00	0.0000e+00
322	-2.0925e-06	0.0000e+00	0.0000e+00	0.0000e+00
323	-2.4623e-06	0.0000e+00	0.0000e+00	0.0000e+00
324	-2.3505e-06	0.0000e+00	0.0000e+00	0.0000e+00
325	-1.8263e-06	0.0000e+00	0.0000e+00	0.0000e+00
326	-1.0249e-06	0.0000e+00	0.0000e+00	0.0000e+00
327	-1.1690e-07	0.0000e+00	0.0000e+00	0.0000e+00
328	7.2472e-07	0.0000e+00	0.0000e+00	0.0000e+00
329	1.3557e-06	0.0000e+00	0.0000e+00	0.0000e+00
330	1.6828e-06	0.0000e+00	0.0000e+00	0.0000e+00
331	1.6759e-06	0.0000e+00	0.0000e+00	0.0000e+00
332	1.3669e-06	0.0000e+00	0.0000e+00	0.0000e+00
333	8.3858e-07	0.0000e+00	0.0000e+00	0.0000e+00
334	2.0548e-07	0.0000e+00	0.0000e+00	0.0000e+00
335	-4.0944e-07	0.0000e+00	0.0000e+00	0.0000e+00
336	-8.9782e-07	0.0000e+00	0.0000e+00	0.0000e+00
337	-1.1824e-06	0.0000e+00	0.0000e+00	0.0000e+00
338	-1.2296e-06	0.0000e+00	0.0000e+00	0.0000e+00
339	-1.0507e-06	0.0000e+00	0.0000e+00	0.0000e+00
340	-6.9675e-07	0.0000e+00	0.0000e+00	0.0000e+00
341	-2.4575e-07	0.0000e+00	0.0000e+00	0.0000e+00
342	2.1305e-07	0.0000e+00	0.0000e+00	0.0000e+00
343	5.9643e-07	0.0000e+00	0.0000e+00	0.0000e+00
344	8.4107e-07	0.0000e+00	0.0000e+00	0.0000e+00
345	9.1377e-07	0.0000e+00	0.0000e+00	0.0000e+00
346	8.1454e-07	0.0000e+00	0.0000e+00	0.0000e+00
347	5.7450e-07	0.0000e+00	0.0000e+00	0.0000e+00
348	2.4752e-07	0.0000e+00	0.0000e+00	0.0000e+00
349	-1.0076e-07	0.0000e+00	0.0000e+00	0.0000e+00
350	-4.0593e-07	0.0000e+00	0.0000e+00	0.0000e+00
351	-6.1588e-07	0.0000e+00	0.0000e+00	0.0000e+00
352	-6.9963e-07	0.0000e+00	0.0000e+00	0.0000e+00
353	-6.5098e-07	0.0000e+00	0.0000e+00	0.0000e+00
354	-4.8821e-07	0.0000e+00	0.0000e+00	0.0000e+00
355	-2.4872e-07	0.0000e+00	0.0000e+00	0.0000e+00
356	1.8701e-08	0.0000e+00	0.0000e+00	0.0000e+00
357	2.6375e-07	0.0000e+00	0.0000e+00	0.0000e+00
358	4.4347e-07	0.0000e+00	0.0000e+00	0.0000e+00
359	5.2974e-07	0.0000e+00	0.0000e+00	0.0000e+00
360	5.1307e-07	0.0000e+00	0.0000e+00	0.0000e+00
361	4.0337e-07	0.0000e+00	0.0000e+00	0.0000e+00
362	2.2655e-07	0.0000e+00	0.0000e+00	0.0000e+00
363	1.9130e-08	0.0000e+00	0.0000e+00	0.0000e+00
364	-1.7935e-07	0.0000e+00	0.0000e+00	0.0000e+00
365	-3.3335e-07	0.0000e+00	0.0000e+00	0.0000e+00
366	-4.1779e-07	0.0000e+00	0.0000e+00	0.0000e+00
367	-4.2162e-07	0.0000e+00	0.0000e+00	0.0000e+00
368	-3.4922e-07	0.0000e+00	0.0000e+00	0.0000e+00
369	-2.1839e-07	0.0000e+00	0.0000e+00	0.0000e+00
370	-5.6556e-08	0.0000e+00	0.0000e+00	0.0000e+00
371	1.0542e-07	0.0000e+00	0.0000e+00	0.0000e+00
372	2.3779e-07	0.0000e+00	0.0000e+00	0.0000e+00
373	3.1847e-07	0.0000e+00	0.0000e+00	0.0000e+00
374	3.3567e-07	0.0000e+00	0.0000e+00	0.0000e+00
375	2.9014e-07	0.0000e+00	0.0000e+00	0.0000e+00
376	1.9370e-07	0.0000e+00	0.0000e+00	0.0000e+00
377	6.6973e-08	0.0000e+00	0.0000e+00	0.0000e+00
378	-6.5337e-08	0.0000e+00	0.0000e+00	0.0000e+00
379	-1.7868e-07	0.0000e+00	0.0000e+00	0.0000e+00
380	-2.5358e-07	0.0000e+00	0.0000e+00	0.0000e+00
381	-2.7841e-07	0.0000e+00	0.0000e+00	0.0000e+00
382	-2.5152e-07	0.0000e+00	0.0000e+00	0.0000e+00
383	-1.8055e-07	0.0000e+00	0.0000e+00	0.0000e+00
384	-8.0926e-08	0.0000e+00	0.0000e+00	0.0000e+00
385	2.7732e-08	0.0000e+00	0.0000e+00	0.0000e+00
386	1.2503e-07	0.0000e+00	0.0000e+00	0.0000e+00
387	1.9392e-07	0.0000e+00	0.0000e+00	0.0000e+00
388	2.2326e-07	0.0000e+00	0.0000e+00	0.0000e+00
389	2.0988e-07	0.0000e+00	0.0000e+00	0.0000e+00
390	1.5836e-07	0.0000e+00	0.0000e+00	0.0000e+00
391	8.0186e-08	0.0000e+00	0.0000e+00	0.0000e+00
392	-9.0706e-09	0.0000e+00	0.0000e+00	0.0000e+00
393	-9.2451e-08	0.0000e+00	0.0000e+00	0.0000e+00
394	-1.5510e-07	0.0000e+00	0.0000e+00	0.0000e+00
395	-1.8654e-07	0.0000e+00	0.0000e+00	0.0000e+00
396	-1.8265e-07	0.0000e+00	0.0000e+00	0.0000e+00
397	-1.4584e-07	0.0000e+00	0.0000e+00	0.0000e+00
398	-8.4519e-08	0.0000e+00	0.0000e+00	0.0000e+00
399	-1.1034e-08	0.0000e+00	0.0000e+00	0.0000e+00
400	6.0515e-08	0.0000e+00	0.0000e+00	0.0000e+00
401	1.1722e-07	0.0000e+00	0.0000e+00	0.0000e+00
402	1.4935e-07	0.0000e+00	0.0000e+00	0.0000e+00
403	1.5229e-07	0.0000e+00	0.0000e+00	0.0000e+00
404	1.2682e-07	0.0000e+00	0.0000e+00	0.0000e+00
405	7.9015e-08	0.0000e+00	0.0000e+00	0.0000e+00
406	1.8617e-08	0.0000e+00	0.0000e+00	0.0000e+00
407	-4.2661e-08	0.0000e+00	0.0000e+00	0.0000e+00
408	-9.3625e-08	0.0000e+00	0.0000e+00	0.0000e+00
409	-1.2535e-07	0.0000e+00	0.0000e+00	0.0000e+00
410	-1.3297e-07	0.0000e+00	0.0000e+00	0.0000e+00
411	-1.1612e-07	0.0000e+00	0.0000e+00	0.0000e+00
412	-7.9068e-08	0.0000e+00	0.0000e+00	0.0000e+00
413	-2.9432e-08	0.0000e+00	0.0000e+00	0.0000e+00
414	2.3064e-08	0.0000e+00	0.0000e+00	0.0000e+00
415	6.8740e-08	0.0000e+00	0.0000e+00	0.0000e+00
416	9.9468e-08	0.0000e+00	0.0000e+00	0.0000e+00
417	1.1034e-07	0.0000e+00	0.0000e+00	0.0000e+00
418	1.0017e-07	0.0000e+00	0.0000e+00	0.0000e+00
419	7.1809e-08	0.0000e+00	0.0000e+00	0.0000e+00
420	3.1183e-08	0.0000e+00	0.0000e+00	0.0000e+00
421	-1.3668e-08	0.0000e+00	0.0000e+00	0.0000e+00
422	-5.4393e-08	0.0000e+00	0.0000e+00	0.0000e+00
423	-8.3637e-08	0.0000e+00	0.0000e+00	0.0000e+00
424	-9.6578e-08	0.0000e+00	0.0000e+00	0.0000e+00
425	-9.1468e-08	0.0000e+00	0.0000e+00	0.0000e+00
426	-7.0056e-08	0.0000e+00	0.0000e+00	0.0000e+00
427	-3.6891e-08	0.0000e+00	0.0000e+00	0.0000e+00
428	1.3989e-09	0.0000e+00	0.0000e+00	0.0000e+00
429	3.7633e-08	0.0000e+00	0.0000e+00	0.0000e+00
430	6.5192e-08	0.0000e+00	0.0000e+00	0.0000e+00
431	7.9426e-08	0.0000e+00	0.0000e+00	0.0000e+00
432	7.8211e-08	0.0000e+00	0.0000e+00	0.0000e+00
433	6.2450e-08	0.0000e+00	0.0000e+00	0.0000e+00
434	3.5569e-08	0.0000e+00	0.0000e+00	0.0000e+00
435	3.0048e-09	0.0000e+00	0.0000e+00	0.0000e+00
436	-2.9086e-08	0.0000e+00	0.0000e+00	0.0000e+00
437	-5.4773e-08	0.0000e+00	0.0000e+00	0.0000e+00
438	-6.9639e-08	0.0000e+00	0.0000e+00	0.0000e+00
439	-7.1324e-08	0.0000e+00	0.0000e+00	0.0000e+00
440	-6.0080e-08	0.0000e+00	0.0000e+00	0.0000e+00
441	-3.8423e-08	0.0000e+00	0.0000e+00	0.0000e+00
442	-1.0783e-08	0.0000e+00	0.0000e+00	0.0000e+00
443	1.7582e-08	0.0000e+00	0.0000e+00	0.0000e+00
444	4.1381e-08	0.0000e+00	0.0000e+00	0.0000e+00
445	5.6465e-08	0.0000e+00	0.0000e+00	0.0000e+00
446	6.0342e-08	0.0000e+00	0.0000e+00	0.0000e+00
447	5.2772e-08	0.0000e+00	0.0000e+00	0.0000e+00
448	3.5530e-08	0.0000e+00	0.0000e+00	0.0000e+00
449	1.2195e-08	0.0000e+00	0.0000e+00	0.0000e+00
450	-1.2759e-08	0.0000e+00	0.0000e+00	0.0000e+00
451	-3.4634e-08	0.0000e+00	0.0000e+00	0.0000e+00
452	-4.9565e-08	0.0000e+00	0.0000e+00	0.0000e+00
453	-5.5012e-08	0.0000e+00	0.0000e+00	0.0000e+00
454	-5.0362e-08	0.0000e+00	0.0000e+00	0.0000e+00
455	-3.6791e-08	0.0000e+00	0.0000e+00	0.0000e+00
456	-1.7161e-08	0.0000e+00	0.0000e+00	0.0000e+00
457	4.7431e-09	0.0000e+00	0.0000e+00	0.0000e+00
458	2.4766e-08	0.0000e+00	0.0000e+00	0.0000e+00
459	3.9334e-08	0.0000e+00	0.0000e+00	0.0000e+00
460	4.5917e-08	0.0000e+00	0.0000e+00	0.0000e+00
461	4.3631e-08	0.0000e+00	0.0000e+00	0.0000e+00
462	3.3165e-08	0.0000e+00	0.0000e+00	0.0000e+00
463	1.6777e-08	0.0000e+00	0.0000e+00	0.0000e+00
464	-2.3499e-09	0.0000e+00	0.0000e+00	0.0000e+00
465	-2.0555e-08	0.0000e+00	0.0000e+00	0.0000e+00
466	-3.4560e-08	0.0000e+00	0.0000e+00	0.0000e+00
467	-4.1885e-08	0.0000e+00	0.0000e+00	0.0000e+00
468	-4.1451e-08	0.0000e+00	0.0000e+00	0.0000e+00
469	-3.3560e-08	0.0000e+00	0.0000e+00	0.0000e+00
470	-1.9959e-08	0.0000e+00	0.0000e+00	0.0000e+00
471	-3.3046e-09	0.0000e+00	0.0000e+00	0.0000e+00
472	1.3192e-08	0.0000e+00	0.0000e+00	0.0000e+00
473	2.6539e-08	0.0000e+00	0.0000e+00	0.0000e+00
474	3.4343e-08	0.0000e+00	0.0000e+00	0.0000e+00
475	3.5390e-08	0.0000e+00	0.0000e+00	0.0000e+00
476	2.9674e-08	0.0000e+00	0.0000e+00	0.0000e+00
477	1.8511e-08	0.0000e+00	0.0000e+00	0.0000e+00
478	4.0991e-09	0.0000e+00	0.0000e+00	0.0000e+00
479	-1.0758e-08	0.0000e+00	0.0000e+00	0.0000e+00
480	-2.3346e-08	0.0000e+00	0.0000e+00	0.0000e+00
481	-3.1377e-08	0.0000e+00	0.0000e+00	0.0000e+00
482	-3.3556e-08	0.0000e+00	0.0000e+00	0.0000e+00
483	-2.9630e-08	0.0000e+00	0.0000e+00	0.0000e+00
484	-2.0556e-08	0.0000e+00	0.0000e+00	0.0000e+00
485	-8.1333e-09	0.0000e+00	0.0000e+00	0.0000e+00
486	5.2044e-09	0.0000e+00	0.0000e+00	0.0000e+00
487	1.7007e-08	0.0000e+00	0.0000e+00	0.0000e+00
488	2.5109e-08	0.0000e+00	0.0000e+00	0.0000e+00
489	2.8171e-08	0.0000e+00	0.0000e+00	0.0000e+00
490	2.5750e-08	0.0000e+00	0.0000e+00	0.0000e+00
491	1.8501e-08	0.0000e+00	0.0000e+00	0.0000e+00
492	7.8761e-09	0.0000e+00	0.0000e+00	0.0000e+00
493	-4.0229e-09	0.0000e+00	0.0000e+00	0.0000e+00
494	-1.4997e-08	0.0000e+00	0.0000e+00	0.0000e+00
495	-2.3012e-08	0.0000e+00	0.0000e+00	0.0000e+00
496	-2.6715e-08	0.0000e+00	0.0000e+00	0.0000e+00
497	-2.5519e-08	0.0000e+00	0.0000e+00	0.0000e+00
498	-1.9826e-08	0.0000e+00	0.0000e+00	0.0000e+00
499	-1.0789e-08	0.0000e+00	0.0000e+00	0.0000e+00
500	-2.0925e-10	0.0000e+00	0.0000e+00	0.0000e+00
501	9.9487e-09	0.0000e+00	0.0000e+00	0.0000e+00
502	1.7789e-08	0.0000e+00	0.0000e+00	0.0000e+00
503	2.1968e-08	0.0000e+00	0.0000e+00	0.0000e+00
504	2.1791e-08	0.0000e+00	0.0000e+00	0.0000e+00
505	1.7453e-08	0.0000e+00	0.0000e+00	0.0000e+00
506	9.8460e-09	0.0000e+00	0.0000e+00	0.0000e+00
507	5.0407e-10	0.0000e+00	0.0000e+00	0.0000e+00
508	-8.8295e-09	0.0000e+00	0.0000e+00	0.0000e+00
509	-1.6397e-08	0.0000e+00	0.0000e+00	0.0000e+00
510	-2.0886e-08	0.0000e+00	0.0000e+00	0.0000e+00
511	-2.1522e-08	0.0000e+00	0.0000e+00	0.0000e+00
512	-1.8331e-08	0.0000e+00	0.0000e+00	0.0000e+00
513	-1.1979e-08	0.0000e+00	0.0000e+00	0.0000e+00
514	-3.7631e-09	0.0000e+00	0.0000e+00	0.0000e+00
515	4.7802e-09	0.0000e+00	0.0000e+00	0.0000e+00
516	1.2031e-08	0.0000e+00	0.0000e+00	0.0000e+00
517	1.6720e-08	0.0000e+00	0.0000e+00	0.0000e+00
518	1.8022e-08	0.0000e+00	0.0000e+00	0.0000e+00
519	1.5824e-08	0.0000e+00	0.0000e+00	0.0000e+00
520	1.0600e-08	0.0000e+00	0.0000e+00	0.0000e+00
521	3.4320e-09	0.0000e+00	0.0000e+00	0.0000e+00
522	-4.3326e-09	0.0000e+00	0.0000e+00	0.0000e+00
523	-1.1210e-08	0.0000e+00	0.0000e+00	0.0000e+00
524	-1.5985e-08	0.0000e+00	0.0000e+00	0.0000e+00
525	-1.7800e-08	0.0000e+00	0.0000e+00	0.0000e+00
526	-1.6434e-08	0.0000e+00	0.0000e+00	0.0000e+00
527	-1.2193e-08	0.0000e+00	0.0000e+00	0.0000e+00
528	-5.9712e-09	0.0000e+00	0.0000e+00	0.0000e+00
529	1.0594e-09	0.0000e+00	0.0000e+00	0.0000e+00
530	7.5470e-09	0.0000e+00	0.0000e+00	0.0000e+00
531	1.2338e-08	0.0000e+00	0.0000e+00	0.0000e+00
532	1.4563e-08	0.0000e+00	0.0000e+00	0.0000e+00
533	1.3911e-08	0.0000e+00	0.0000e+00	0.0000e+00
534	1.0549e-08	0.0000e+00	0.0000e+00	0.0000e+00
535	5.2020e-09	0.0000e+00	0.0000e+00	0.0000e+00
536	-1.1174e-09	0.0000e+00	0.0000e+00	0.0000e+00
537	-7.1847e-09	0.0000e+00	0.0000e+00	0.0000e+00
538	-1.1914e-08	0.0000e+00	0.0000e+00	0.0000e+00
539	-1.4436e-08	0.0000e+00	0.0000e+00	0.0000e+00
540	-1.4371e-08	0.0000e+00	0.0000e+00	0.0000e+00
541	-1.1770e-08	0.0000e+00	0.0000e+00	0.0000e+00
542	-7.2080e-09	0.0000e+00	0.0000e+00	0.0000e+00
543	-1.5507e-09	0.0000e+00	0.0000e+00	0.0000e+00
544	4.0986e-09	0.0000e+00	0.0000e+00	0.0000e+00
545	8.7247e-09	0.0000e+00	0.0000e+00	0.0000e+00
546	1.1470e-08	0.0000e+00	0.0000e+00	0.0000e+00
547	1.1904e-08	0.0000e+00	0.0000e+00	0.0000e+00
548	9.9780e-09	0.0000e+00	0.0000e+00	0.0000e+00
549	6.1375e-09	0.0000e+00	0.0000e+00	0.0000e+00
550	1.1140e-09	0.0000e+00	0.0000e+00	0.0000e+00
551	-4.1044e-09	0.0000e+00	0.0000e+00	0.0000e+00
552	-8.5750e-09	0.0000e+00	0.0000e+00	0.0000e+00
553	-1.1461e-08	0.0000e+00	0.0000e+00	0.0000e+00
554	-1.2296e-08	0.0000e+00	0.0000e+00	0.0000e+00
555	-1.0948e-08	0.0000e+00	0.0000e+00	0.0000e+00
556	-7.7496e-09	0.0000e+00	0.0000e+00	0.0000e+00
557	-3.3100e-09	0.0000e+00	0.0000e+00	0.0000e+00
558	1.4910e-09	0.0000e+00	0.0000e+00	0.0000e+00
559	5.7839e-09	0.0000e+00	0.0000e+00	0.0000e+00
560	8.7597e-09	0.0000e+00	0.0000e+00	0.0000e+00
561	9.9280e-09	0.0000e+00	0.0000e+00	0.0000e+00
562	9.0901e-09	0.0000e+00	0.0000e+00	0.0000e+00
563	6.4781e-09	0.0000e+00	0.0000e+00	0.0000e+00
564	2.5920e-09	0.0000e+00	0.0000e+00	0.0000e+00
565	-1.7903e-09	0.0000e+00	0.0000e+00	0.0000e+00
566	-5.8720e-09	0.0000e+00	0.0000e+00	0.0000e+00
567	-8.8776e-09	0.0000e+00	0.0000e+00	0.0000e+00
568	-1.0303e-08	0.0000e+00	0.0000e+00	0.0000e+00
569	-9.8956e-09	0.0000e+00	0.0000e+00	0.0000e+00
570	-7.8009e-09	0.0000e+00	0.0000e+00	0.0000e+00
571	-4.4203e-09	0.0000e+00	0.0000e+00	0.0000e+00
572	-4.3652e-10	0.0000e+00	0.0000e+00	0.0000e+00
573	3.4251e-09	0.0000e+00	0.0000e+00	0.0000e+00
574	6.4267e-09	0.0000e+00	0.0000e+00	0.0000e+00
575	8.0592e-09	0.0000e+00	0.0000e+00	0.0000e+00
576	8.0271e-09	0.0000e+00	0.0000e+00	0.0000e+00
577	6.4019e-09	0.0000e+00	0.0000e+00	0.0000e+00
578	3.4965e-09	0.0000e+00	0.0000e+00	0.0000e+00
579	-9.4931e-11	0.0000e+00	0.0000e+00	0.0000e+00
580	-3.7166e-09	0.0000e+00	0.0000e+00	0.0000e+00
581	-6.6710e-09	0.0000e+00	0.0000e+00	0.0000e+00
582	-8.4517e-09	0.0000e+00	0.0000e+00	0.0000e+00
583	-8.7303e-09	0.0000e+00	0.0000e+00	0.0000e+00
584	-7.5150e-09	0.0000e+00	0.0000e+00	0.0000e+00
585	-5.0396e-09	0.0000e+00	0.0000e+00	0.0000e+00
586	-1.8167e-09	0.0000e+00	0.0000e+00	0.0000e+00
587	1.5652e-09	0.0000e+00	0.0000e+00	0.0000e+00
588	4.4512e-09	0.0000e+00	0.0000e+00	0.0000e+00
589	6.3432e-09	0.0000e+00	0.0000e+00	0.0000e+00
590	6.8888e-09	0.0000e+00	0.0000e+00	0.0000e+00
591	6.0426e-09	0.0000e+00	0.0000e+00	0.0000e+00
592	3.9683e-09	0.0000e+00	0.0000e+00	0.0000e+00
593	1.1032e-09	0.0000e+00	0.0000e+00	0.0000e+00
594	-2.0287e-09	0.0000e+00	0.0000e+00	0.0000e+00
595	-4.8161e-09	0.0000e+00	0.0000e+00	0.0000e+00
596	-6.7744e-09	0.0000e+00	0.0000e+00	0.0000e+00
597	-7.5345e-09	0.0000e+00	0.0000e+00	0.0000e+00
598	-7.0065e-09	0.0000e+00	0.0000e+00	0.0000e+00
599	-5.2920e-09	0.0000e+00	0.0000e+00	0.0000e+00
600	-2.7592e-09	0.0000e+00	0.0000e+00	0.0000e+00
601	1.2919e-10	0.0000e+00	0.0000e+00	0.0000e+00
602	2.8059e-09	0.0000e+00	0.0000e+00	0.0000e+00
603	4.8041e-09	0.0000e+00	0.0000e+00	0.0000e+00
604	5.7445e-09	0.0000e+00	0.0000e+00	0.0000e+00
605	5.5001e-09	0.0000e+00	0.0000e+00	0.0000e+00
606	4.1185e-09	0.0000e+00	0.0000e+00	0.0000e+00
607	1.9046e-09	0.0000e+00	0.0000e+00	0.0000e+00
608	-7.3677e-10	0.0000e+00	0.0000e+00	0.0000e+00
609	-3.2826e-09	0.0000e+00	0.0000e+00	0.0000e+00
610	-5.2867e-09	0.0000e+00	0.0000e+00	0.0000e+00
611	-6.3651e-09	0.0000e+00	0.0000e+00	0.0000e+00
612	-6.3613e-09	0.0000e+00	0.0000e+00	0.0000e+00
613	-5.2752e-09	0.0000e+00	0.0000e+00	0.0000e+00
614	-3.3548e-09	0.0000e+00	0.0000e+00	0.0000e+00
615	-9.4995e-10	0.0000e+00	0.0000e+00	0.0000e+00
616	1.4599e-09	0.0000e+00	0.0000e+00	0.0000e+00
617	3.4515e-09	0.0000e+00	0.0000e+00	0.0000e+00
618	4.6413e-09	0.0000e+00	0.0000e+00	0.0000e+00
619	4.8492e-09	0.0000e+00	0.0000e+00	0.0000e+00
620	4.0343e-09	0.0000e+00	0.0000e+00	0.0000e+00
621	2.3926e-09	0.0000e+00	0.0000e+00	0.0000e+00
622	2.2289e-10	0.0000e+00	0.0000e+00	0.0000e+00
623	-2.0381e-09	0.0000e+00	0.0000e+00	0.0000e+00
624	-3.9921e-09	0.0000e+00	0.0000e+00	0.0000e+00
625	-5.2598e-09	0.0000e+00	0.0000e+00	0.0000e+00
626	-5.6433e-09	0.0000e+00	0.0000e+00	0.0000e+00
627	-5.0664e-09	0.0000e+00	0.0000e+00	0.0000e+00
628	-3.6788e-09	0.0000e+00	0.0000e+00	0.0000e+00
629	-1.7313e-09	0.0000e+00	0.0000e+00	0.0000e+00
630	3.8064e-10	0.0000e+00	0.0000e+00	0.0000e+00
631	2.2850e-09	0.0000e+00	0.0000e+00	0.0000e+00
632	3.6103e-09	0.0000e+00	0.0000e+00	0.0000e+00
633	4.1455e-09	0.0000e+00	0.0000e+00	0.0000e+00
634	3.7847e-09	0.0000e+00	0.0000e+00	0.0000e+00
635	2.6361e-09	0.0000e+00	0.0000e+00	0.0000e+00
636	9.0618e-10	0.0000e+00	0.0000e+00	0.0000e+00
637	-1.0497e-09	0.0000e+00	0.0000e+00	0.0000e+00
638	-2.8864e-09	0.0000e+00	0.0000e+00	0.0000e+00
639	-4.2431e-09	0.0000e+00	0.0000e+00	0.0000e+00
640	-4.8998e-09	0.0000e+00	0.0000e+00	0.0000e+00
641	-4.7263e-09	0.0000e+00	0.0000e+00	0.0000e+00
642	-3.7935e-09	0.0000e+00	0.0000e+00	0.0000e+00
643	-2.2670e-09	0.0000e+00	0.0000e+00	0.0000e+00
644	-4.6396e-10	0.0000e+00	0.0000e+00	0.0000e+00
645	1.2980e-09	0.0000e+00	0.0000e+00	0.0000e+00
646	2.6708e-09	0.0000e+00	0.0000e+00	0.0000e+00
647	3.4296e-09	0.0000e+00	0.0000e+00	0.0000e+00
648	3.4239e-09	0.0000e+00	0.0000e+00	0.0000e+00
649	2.6920e-09	0.0000e+00	0.0000e+00	0.0000e+00
650	1.3620e-09	0.0000e+00	0.0000e+00	0.0000e+00
651	-2.8545e-10	0.0000e+00	0.0000e+00	0.0000e+00
652	-1.9603e-09	0.0000e+00	0.0000e+00	0.0000e+00
653	-3.3290e-09	0.0000e+00	0.0000e+00	0.0000e+00
654	-4.1655e-09	0.0000e+00	0.0000e+00	0.0000e+00
655	-4.3027e-09	0.0000e+00	0.0000e+00	0.0000e+00
656	-3.7503e-09	0.0000e+00	0.0000e+00	0.0000e+00
657	-2.6024e-09	0.0000e+00	0.0000e+00	0.0000e+00
658	-1.1049e-09	0.0000e+00	0.0000e+00	0.0000e+00
659	4.7927e-10	0.0000e+00	0.0000e+00	0.0000e+00
660	1.8330e-09	0.0000e+00	0.0000e+00	0.0000e+00
661	2.7311e-09	0.0000e+00	0.0000e+00	0.0000e+00
662	2.9942e-09	0.0000e+00	0.0000e+00	0.0000e+00
663	2.6073e-09	0.0000e+00	0.0000e+00	0.0000e+00
664	1.6329e-09	0.0000e+00	0.0000e+00	0.0000e+00
665	2.8492e-10	0.0000e+00	0.0000e+00	0.0000e+00
666	-1.2009e-09	0.0000e+00	0.0000e+00	0.0000e+00
667	-2.5246e-09	0.0000e+00	0.0000e+00	0.0000e+00
668	-3.4648e-09	0.0000e+00	0.0000e+00	0.0000e+00
669	-3.8326e-09	0.0000e+00	0.0000e+00	0.0000e+00
670	-3.5919e-09	0.0000e+00	0.0000e+00	0.0000e+00
671	-2.7771e-09	0.0000e+00	0.0000e+00	0.0000e+00
672	-1.5715e-09	0.0000e+00	0.0000e+00	0.0000e+00
673	-1.8481e-10	0.0000e+00	0.0000e+00	0.0000e+00
674	1.1010e-09	0.0000e+00	0.0000e+00	0.0000e+00
675	2.0705e-09	0.0000e+00	0.0000e+00	0.0000e+00
676	2.5284e-09	0.0000e+00	0.0000e+00	0.0000e+00
677	2.4203e-09	0.0000e+00	0.0000e+00	0.0000e+00
678	1.7558e-09	0.0000e+00	0.0000e+00	0.0000e+00
679	6.8963e-10	0.0000e+00	0.0000e+00	0.0000e+00
680	-5.9396e-10	0.0000e+00	0.0000e+00	0.0000e+00
681	-1.8314e-09	0.0000e+00	0.0000e+00	0.0000e+00
682	-2.8148e-09	0.0000e+00	0.0000e+00	0.0000e+00
683	-3.3451e-09	0.0000e+00	0.0000e+00	0.0000e+00
684	-3.3530e-09	0.0000e+00	0.0000e+00	0.0000e+00
685	-2.8254e-09	0.0000e+00	0.0000e+00	0.0000e+00
686	-1.8910e-09	0.0000e+00	0.0000e+00	0.0000e+00
687	-7.0947e-10	0.0000e+00	0.0000e+00	0.0000e+00
688	4.7425e-10	0.0000e+00	0.0000e+00	0.0000e+00
689	1.4615e-09	0.0000e+00	0.0000e+00	0.0000e+00
690	2.0514e-09	0.0000e+00	0.0000e+00	0.0000e+00
691	2.1626e-09	0.0000e+00	0.0000e+00	0.0000e+00
692	1.7622e-09	0.0000e+00	0.0000e+00	0.0000e+00
693	9.5455e-10	0.0000e+00	0.0000e+00	0.0000e+00
694	-1.2394e-10	0.0000e+00	0.0000e+00	0.0000e+00
695	-1.2471e-09	0.0000e+00	0.0000e+00	0.0000e+00
696	-2.2266e-09	0.0000e+00	0.0000e+00	0.0000e+00
697	-2.8619e-09	0.0000e+00	0.0000e+00	0.0000e+00
698	-3.0622e-09	0.0000e+00	0.0000e+00	0.0000e+00
699	-2.7768e-09	0.0000e+00	0.0000e+00	0.0000e+00
700	-2.0883e-09	0.0000e+00	0.0000e+00	0.0000e+00
701	-1.1106e-09	0.0000e+00	0.0000e+00	0.0000e+00
702	-5.1336e-11	0.0000e+00	0.0000e+00	0.0000e+00
703	9.1226e-10	0.0000e+00	0.0000e+00	0.0000e+00
704	1.5819e-09	0.0000e+00	0.0000e+00	0.0000e+00
705	1.8594e-09	0.0000e+00	0.0000e+00	0.0000e+00
706	1.6790e-09	0.0000e+00	0.0000e+00	0.0000e+00
707	1.1031e-09	0.0000e+00	0.0000e+00	0.0000e+00
708	2.2462e-10	0.0000e+00	0.0000e+00	0.0000e+00
709	-7.6705e-10	0.0000e+00	0.0000e+00	0.0000e+00
710	-1.7067e-09	0.0000e+00	0.0000e+00	0.0000e+00
711	-2.3998e-09	0.0000e+00	0.0000e+00	0.0000e+00
712	-2.7426e-09	0.0000e+00	0.0000e+00	0.0000e+00
713	-2.6566e-09	0.0000e+00	0.0000e+00	0.0000e+00
714	-2.1861e-09	0.0000e+00	0.0000e+00	0.0000e+00
715	-1.4041e-09	0.0000e+00	0.0000e+00	0.0000e+00
716	-4.8219e-10	0.0000e+00	0.0000e+00	0.0000e+00
717	4.2694e-10	0.0000e+00	0.0000e+00	0.0000e+00
718	1.1336e-09	0.0000e+00	0.0000e+00	0.0000e+00
719	1.5308e-09	0.0000e+00	0.0000e+00	0.0000e+00
720	1.5290e-09	0.0000e+00	0.0000e+00	0.0000e+00
721	1.1562e-09	0.0000e+00	0.0000e+00	0.0000e+00
722	4.6685e-10	0.0000e+00	0.0000e+00	0.0000e+00
723	-3.8460e-10	0.0000e+00	0.0000e+00	0.0000e+00
724	-1.2584e-09	0.0000e+00	0.0000e+00	0.0000e+00
725	-1.9707e-09	0.0000e+00	0.0000e+00	0.0000e+00
726	-2.4130e-09	0.0000e+00	0.0000e+00	0.0000e+00
727	-2.4867e-09	0.0000e+00	0.0000e+00	0.0000e+00
728	-2.2052e-09	0.0000e+00	0.0000e+00	0.0000e+00
729	-1.6059e-09	0.0000e+00	0.0000e+00	0.0000e+00
730	-8.2648e-10	0.0000e+00	0.0000e+00	0.0000e+00
731	6.2349e-12	0.0000e+00	0.0000e+00	0.0000e+00
732	7.1539e-10	0.0000e+00	0.0000e+00	0.0000e+00
733	1.1923e-09	0.0000e+00	0.0000e+00	0.0000e+00
734	1.3309e-09	0.0000e+00	0.0000e+00	0.0000e+00
735	1.1321e-09	0.0000e+00	0.0000e+00	0.0000e+00
736	6.1701e-10	0.0000e+00	0.0000e+00	0.0000e+00
737	-9.2286e-11	0.0000e+00	0.0000e+00	0.0000e+00
738	-8.8218e-10	0.0000e+00	0.0000e+00	0.0000e+00
739	-1.5834e-09	0.0000e+00	0.0000e+00	0.0000e+00
740	-2.0884e-09	0.0000e+00	0.0000e+00	0.0000e+00
741	-2.2854e-09	0.0000e+00	0.0000e+00	0.0000e+00
742	-2.1642e-09	0.0000e+00	0.0000e+00	0.0000e+00
743	-1.7313e-09	0.0000e+00	0.0000e+00	0.0000e+00
744	-1.0936e-09	0.0000e+00	0.0000e+00	0.0000e+00
745	-3.5184e-10	0.0000e+00	0.0000e+00	0.0000e+00
746	3.3292e-10	0.0000e+00	0.0000e+00	0.0000e+00
747	8.5566e-10	0.0000e+00	0.0000e+00	0.0000e+00
748	1.1001e-09	0.0000e+00	0.0000e+00	0.0000e+00
749	1.0466e-09	0.0000e+00	0.0000e+00	0.0000e+00
750	6.8813e-10	0.0000e+00	0.0000e+00	0.0000e+00
751	1.1767e-10	0.0000e+00	0.0000e+00	0.0000e+00
752	-5.7729e-10	0.0000e+00	0.0000e+00	0.0000e+00
753	-1.2440e-09	0.0000e+00	0.0000e+00	0.0000e+00
754	-1.7810e-09	0.0000e+00	0.0000e+00	0.0000e+00
755	-2.0688e-09	0.0000e+00	0.0000e+00	0.0000e+00
756	-2.0800e-09	0.0000e+00	0.0000e+00	0.0000e+00
757	-1.7952e-09	0.0000e+00	0.0000e+00	0.0000e+00
758	-1.2941e-09	0.0000e+00	0.0000e+00	0.0000e+00
759	-6.5160e-10	0.0000e+00	0.0000e+00	0.0000e+00
760	-1.1631e-11	0.0000e+00	0.0000e+00	0.0000e+00
761	5.2875e-10	0.0000e+00	0.0000e+00	0.0000e+00
762	8.4815e-10	0.0000e+00	0.0000e+00	0.0000e+00
763	9.1263e-10	0.0000e+00	0.0000e+00	0.0000e+00
764	6.9157e-10	0.0000e+00	0.0000e+00	0.0000e+00
765	2.5260e-10	0.0000e+00	0.0000e+00	0.0000e+00
766	-3.4202e-10	0.0000e+00	0.0000e+00	0.0000e+00
767	-9.5711e-10	0.0000e+00	0.0000e+00	0.0000e+00
768	-1.5009e-09	0.0000e+00	0.0000e+00	0.0000e+00
769	-1.8510e-09	0.0000e+00	0.0000e+00	0.0000e+00
770	-1.9685e-09	0.0000e+00	0.0000e+00	0.0000e+00
771	-1.8125e-09	0.0000e+00	0.0000e+00	0.0000e+00
772	-1.4395e-09	0.0000e+00	0.0000e+00	0.0000e+00
773	-8.9966e-10	0.0000e+00	0.0000e+00	0.0000e+00
774	-3.1930e-10	0.0000e+00	0.0000e+00	0.0000e+00
775	2.1578e-10	0.0000e+00	0.0000e+00	0.0000e+00
776	5.8313e-10	0.0000e+00	0.0000e+00	0.0000e+00
777	7.3988e-10	0.0000e+00	0.0000e+00	0.0000e+00
778	6.3623e-10	0.0000e+00	0.0000e+00	0.0000e+00
779	3.1848e-10	0.0000e+00	0.0000e+00	0.0000e+00
780	-1.7513e-10	0.0000e+00	0.0000e+00	0.0000e+00
781	-7.2689e-10	0.0000e+00	0.0000e+00	0.0000e+00
782	-1.2577e-09	0.0000e+00	0.0000e+00	0.0000e+00
783	-1.6456e-09	0.0000e+00	0.0000e+00	0.0000e+00
784	-1.8453e-09	0.0000e+00	0.0000e+00	0.0000e+00
785	-1.7988e-09	0.0000e+00	0.0000e+00	0.0000e+00
786	-1.5433e-09	0.0000e+00	0.0000e+00	0.0000e+00
787	-1.1057e-09	0.0000e+00	0.0000e+00	0.0000e+00
788	-5.9510e-10	0.0000e+00	0.0000e+00	0.0000e+00
789	-8.3615e-11	0.0000e+00	0.0000e+00	0.0000e+00
790	3.0815e-10	0.0000e+00	0.0000e+00	0.0000e+00
791	5.3344e-10	0.0000e+00	0.0000e+00	0.0000e+00
792	5.2695e-10	0.0000e+00	0.0000e+00	0.0000e+00
793	3.1793e-10	0.0000e+00	0.0000e+00	0.0000e+00
794	-7.7994e-11	0.0000e+00	0.0000e+00	0.0000e+00
795	-5.5953e-10	0.0000e+00	0.0000e+00	0.0000e+00
796	-1.0625e-09	0.0000e+00	0.0000e+00	0.0000e+00
797	-1.4679e-09	0.0000e+00	0.0000e+00	0.0000e+00
798	-1.7288e-09	0.0000e+00	0.0000e+00	0.0000e+00
799	-1.7732e-09	0.0000e+00	0.0000e+00	0.0000e+00
800	-1.6237e-09	0.0000e+00	0.0000e+00	0.0000e+00
801	-1.2851e-09	0.0000e+00	0.0000e+00	0.0000e+00
802	-8.5115e-10	0.0000e+00	0.0000e+00	0.0000e+00
803	-3.7775e-10	0.0000e+00	0.0000e+00	0.0000e+00
804	1.7697e-11	0.0000e+00	0.0000e+00	0.0000e+00
805	2.8954e-10	0.0000e+00	0.0000e+00	0.0000e+00
806	3.5951e-10	0.0000e+00	0.0000e+00	0.0000e+00
807	2.4479e-10	0.0000e+00	0.0000e+00	0.0000e+00
808	-6.0855e-11	0.0000e+00	0.0000e+00	0.0000e+00
809	-4.7000e-10	0.0000e+00	0.0000e+00	0.0000e+00
810	-9.3615e-10	0.0000e+00	0.0000e+00	0.0000e+00
811	-1.3433e-09	0.0000e+00	0.0000e+00	0.0000e+00
812	-1.6487e-09	0.0000e+00	0.0000e+00	0.0000e+00
813	-1.7679e-09	0.0000e+00	0.0000e+00	0.0000e+00
814	-1.7145e-09	0.0000e+00	0.0000e+00	0.0000e+00
815	-1.4710e-09	0.0000e+00	0.0000e+00	0.0000e+00
816	-1.1201e-09	0.0000e+00	0.0000e+00	0.0000e+00
817	-6.9779e-10	0.0000e+00	0.0000e+00	0.0000e+00
818	-3.1973e-10	0.0000e+00	0.0000e+00	0.0000e+00
819	-2.3825e-11	0.0000e+00	0.0000e+00	0.0000e+00
820	9.7930e-11	0.0000e+00	0.0000e+00	0.0000e+00
821	5.8484e-11	0.0000e+00	0.0000e+00	0.0000e+00
822	-1.7313e-10	0.0000e+00	0.0000e+00	0.0000e+00
823	-5.1639e-10	0.0000e+00	0.0000e+00	0.0000e+00
824	-9.4970e-10	0.0000e+00	0.0000e+00	0.0000e+00
825	-1.3544e-09	0.0000e+00	0.0000e+00	0.0000e+00
826	-1.7040e-09	0.0000e+00	0.0000e+00	0.0000e+00
827	-1.8947e-09	0.0000e+00	0.0000e+00	0.0000e+00
828	-1.9490e-09	0.0000e+00	0.0000e+00	0.0000e+00
829	-1.8147e-09	0.0000e+00	0.0000e+00	0.0000e+00
830	-1.5899e-09	0.0000e+00	0.0000e+00	0.0000e+00
831	-1.2648e-09	0.0000e+00	0.0000e+00	0.0000e+00
832	-1.0302e-09	0.0000e+00	0.0000e+00	0.0000e+00
833	-8.4195e-10	0.0000e+00	0.0000e+00	0.0000e+00
834	-7.4717e-10	0.0000e+00	0.0000e+00	0.0000e+00
835	-7.4255e-10	0.0000e+00	0.0000e+00	0.0000e+00
836	-8.4071e-10	0.0000e+00	0.0000e+00	0.0000e+00
837	-1.0017e-09	0.0000e+00	0.0000e+00	0.0000e+00
838	-1.2079e-09	0.0000e+00	0.0000e+00	0.0000e+00
839	-1.3996e-09	0.0000e+00	0.0000e+00	0.0000e+00
840	-1.5548e-09	0.0000e+00	0.0000e+00	0.0000e+00
841	-1.6235e-09	0.0000e+00	0.0000e+00	0.0000e+00
842	-1.6082e-09	0.0000e+00	0.0000e+00	0.0000e+00
843	-1.4904e-09	0.0000e+00	0.0000e+00	0.0000e+00
844	-1.3079e-09	0.0000e+00	0.0000e+00	0.0000e+00
845	-1.0723e-09	0.0000e+00	0.0000e+00	0.0000e+00
846	-8.4285e-10	0.0000e+00	0.0000e+00	0.0000e+00
847	-6.3794e-10	0.0000e+00	0.0000e+00	0.0000e+00
848	-5.1073e-10	0.0000e+00	0.0000e+00	0.0000e+00
849	-4.5823e-10	0.0000e+00	0.0000e+00	0.0000e+00
850	-5.0523e-10	0.0000e+00	0.0000e+00	0.0000e+00
851	-6.1459e-10	0.0000e+00	0.0000e+00	0.0000e+00
852	-7.8189e-10	0.0000e+00	0.0000e+00	0.0000e+00
853	-9.4646e-10	0.0000e+00	0.0000e+00	0.0000e+00
854	-1.0954e-09	0.0000e+00	0.0000e+00	0.0000e+00
855	-1.1703e-09	0.0000e+00	0.0000e+00	0.0000e+00
856	-1.1772e-09	0.0000e+00	0.0000e+00	0.0000e+00
857	-1.0820e-09	0.0000e+00	0.0000e+00	0.0000e+00
858	-9.2422e-10	0.0000e+00	0.0000e+00	0.0000e+00
859	-6.9684e-10	0.0000e+00	0.0000e+00	0.0000e+00
860	-4.6550e-10	0.0000e+00	0.0000e+00	0.0000e+00
861	-2.3085e-10	0.0000e+00	0.0000e+00	0.0000e+00
862	-6.1899e-11	0.0000e+00	0.0000e+00	0.0000e+00
863	6.1616e-11	0.0000e+00	0.0000e+00	0.0000e+00
864	8.7306e-11	0.0000e+00	0.0000e+00	0.0000e+00
865	7.9309e-11	0.0000e+00	0.0000e+00	0.0000e+00
866	0.0000e+00	0.0000e+00	0.0000e+00	0.0000e+00
867	0.0000e+00	0.0000e+00	0.0000e+00	0.0000e+00
868	0.0000e+00	0.0000e+00	0.0000e+00	0.0000e+00
869	0.0000e+00	0.0000e+00	0.0000e+00	0.0000e+00
870	0.0000e+00	0.0000e+00	0.0000e+00	0.0000e+00
871	0.0000e+00	0.0000e+00	0.0000e+00	0.0000e+00
872	0.0000e+00	0.0000e+00	0.0000e+00	0.0000e+00
873	0.0000e+00	0.0000e+00	0.0000e+00	0.0000e+00
874	0.0000e+00	0.0000e+00	0.0000e+00	0.0000e+00
875	0.0000e+00	0.0000e+00	0.0000e+00	0.0000e+00
876	0.0000e+00	0.0000e+00	0.0000e+00	0.0000e+00
877	0.0000e+00	0.0000e+00	0.0000e+00	0.0000e+00
878	0.0000e+00	0.0000e+00	0.0000e+00	0.0000e+00
879	0.0000e+00	0.0000e+00	0.0000e+00	0.0000e+00
880	0.0000e+00	0.0000e+00	0.0000e+00	0.0000e+00
881	0.0000e+00	0.0000e+00	0.0000e+00	0.0000e+00
882	0.0000e+00	0.0000e+00	0.0000e+00	0.0000e+00
883	0.0000e+00	0.0000e+00	0.0000e+00	0.0000e+00
884	0.0000e+00	0.0000e+00	0.0000e+00	0.0000e+00
885	0.0000e+00	0.0000e+00	0.0000e+00	0.0000e+00
886	0.0000e+00	0.0000e+00	0.0000e+00	0.0000e+00
887	0.0000e+00	0.0000e+00	0.0000e+00	0.0000e+00
888	0.0000e+00	0.0000e+00	0.0000e+00	0.0000e+00
889	0.0000e+00	0.0000e+00	0.0000e+00	0.0000e+00
890	0.0000e+00	0.0000e+00	0.0000e+00	0.0000e+00
891	0.0000e+00	0.0000e+00	0.0000e+00	0.0000e+00
892	0.0000e+00	0.0000e+00	0.0000e+00	0.0000e+00
893	0.0000e+00	0.0000e+00	0.0000e+00	0.0000e+00
894	0.0000e+00	0.0000e+00	0.0000e+00	0.0000e+00
895	0.0000e+00	0.0000e+00	0.0000e+00	0.0000e+00
896	0.0000e+00	0.0000e+00	0.0000e+00	0.0000e+00
897	0.0000e+00	0.0000e+00	0.0000e+00	0.0000e+00
898	0.0000e+00	0.0000e+00	0.0000e+00	0.0000e+00
899	0.0000e+00	0.0000e+00	0.0000e+00	0.0000e+00
900	0.0000e+00	0.0000e+00	0.0000e+00	0.0000e+00
901	0.0000e+00	0.0000e+00	0.0000e+00	0.0000e+00
902	0.0000e+00	0.0000e+00	0.0000e+00	0.0000e+00
903	0.0000e+00	0.0000e+00	0.0000e+00	0.0000e+00
904	0.0000e+00	0.0000e+00	0.0000e+00	0.0000e+00
905	0.0000e+00	0.0000e+00	0.0000e+00	0.0000e+00
906	0.0000e+00	0.0000e+00	0.0000e+00	0.0000e+00
907	0.0000e+00	0.0000e+00	0.0000e+00	0.0000e+00
908	0.0000e+00	0.0000e+00	0.0000e+00	0.0000e+00
909	0.0000e+00	0.0000e+00	0.0000e+00	0.0000e+00
910	0.0000e+00	0.0000e+00	0.0000e+00	0.0000e+00
911	0.0000e+00	0.0000e+00	0.0000e+00	0.0000e+00
912	0.0000e+00	0.0000e+00	0.0000e+00	0.0000e+00
913	0.0000e+00	0.0000e+00	0.0000e+00	0.0000e+00
914	0.0000e+00	0.0000e+00	0.0000e+00	0.0000e+00
915	0.0000e+00	0.0000e+00	0.0000e+00	0.0000e+00
916	0.0000e+00	0.0000e+00	0.0000e+00	0.0000e+00
917	0.0000e+00	0.0000e+00	0.0000e+00	0.0000e+00
918	0.0000e+00	0.0000e+00	0.0000e+00	0.0000e+00
919	0.0000e+00	0.0000e+00	0.0000e+00	0.0000e+00
920	0.0000e+00	0.0000e+00	0.0000e+00	0.0000e+00
921	0.0000e+00	0.0000e+00	0.0000e+00	0.0000e+00
922	0.0000e+00	0.0000e+00	0.0000e+00	0.0000e+00
923	0.0000e+00	0.0000e+00	0.0000e+00	0.0000e+00
924	0.0000e+00	0.0000e+00	0.0000e+00	0.0000e+00
925	0.0000e+00	0.0000e+00	0.0000e+00	0.0000e+00
926	0.0000e+00	0.0000e+00	0.0000e+00	0.0000e+00
927	0.0000e+00	0.0000e+00	0.0000e+00	0.0000e+00
928	0.0000e+00	0.0000e+00	0.0000e+00	0.0000e+00
929	0.0000e+00	0.0000e+00	0.0000e+00	0.0000e+00
930	0.0000e+00	0.0000e+00	0.0000e+00	0.0000e+00
931	0.0000e+00	0.0000e+00	0.0000e+00	0.0000e+00
932	0.0000e+00	0.0000e+00	0.0000e+00	0.0000e+00
933	0.0000e+00	0.0000e+00	0.0000e+00	0.0000e+00
934	0.0000e+00	0.0000e+00	0.0000e+00	0.0000e+00
935	0.0000e+00	0.0000e+00	0.0000e+00	0.0000e+00
936	0.0000e+00	0.0000e+00	0.0000e+00	0.0000e+00
937	0.0000e+00	0.0000e+00	0.0000e+00	0.0000e+00
938	0.0000e+00	0.0000e+00	0.0000e+00	0.0000e+00
939	0.0000e+00	0.0000e+00	0.0000e+00	0.0000e+00
940	0.0000e+00	0.0000e+00	0.0000e+00	0.0000e+00
941	0.0000e+00	0.0000e+00	0.0000e+00	0.0000e+00
942	0.0000e+00	0.0000e+00	0.0000e+00	0.0000e+00
943	0.0000e+00	0.0000e+00	0.0000e+00	0.0000e+00
944	0.0000e+00	0.0000e+00	0.0000e+00	0.0000e+00
945	0.0000e+00	0.0000e+00	0.0000e+00	0.0000e+00
946	0.0000e+00	0.0000e+00	0.0000e+00	0.0000e+00
947	0.0000e+00	0.0000e+00	0.0000e+00	0.0000e+00
948	0.0000e+00	0.0000e+00	0.0000e+00	0.0000e+00
949	0.0000e+00	0.0000e+00	0.0000e+00	0.0000e+00
950	0.0000e+00	0.0000e+00	0.0000e+00	0.0000e+00
951	0.0000e+00	0.0000e+00	0.0000e+00	0.0000e+00
952	0.0000e+00	0.0000e+00	0.0000e+00	0.0000e+00
953	0.0000e+00	0.0000e+00	0.0000e+00	0.0000e+00
954	0.0000e+00	0.0000e+00	0.0000e+00	0.0000e+00
955	0.0000e+00	0.0000e+00	0.0000e+00	0.0000e+00
956	0.0000e+00	0.0000e+00	0.0000e+00	0.0000e+00
957	0.0000e+00	0.0000e+00	0.0000e+00	0.0000e+00
958	0.0000e+00	0.0000e+00	0.0000e+00	0.0000e+00
959	0.0000e+00	0.0000e+00	0.0000e+00	0.0000e+00
960	0.0000e+00	0.0000e+00	0.0000e+00	0.0000e+00
961	0.0000e+00	0.0000e+00	0.0000e+00	0.0000e+00
962	0.0000e+00	0.0000e+00	0.0000e+00	0.0000e+00
963	0.0000e+00	0.0000e+00	0.0000e+00	0.0000e+00
964	0.0000e+00	0.0000e+00	0.0000e+00	0.0000e+00
965	0.0000e+00	0.0000e+00	0.0000e+00	0.0000e+00
966	0.0000e+00	0.0000e+00	0.0000e+00	0.0000e+00
967	0.0000e+00	0.0000e+00	0.0000e+00	0.0000e+00
968	0.0000e+00	0.0000e+00	0.0000e+00	0.0000e+00
969	0.0000e+00	0.0000e+00	0.0000e+00	0.0000e+00
970	0.0000e+00	0.0000e+00	0.0000e+00	0.0000e+00
971	0.0000e+00	0.0000e+00	0.0000e+00	0.0000e+00
972	0.0000e+00	0.0000e+00	0.0000e+00	0.0000e+00
973	0.0000e+00	0.0000e+00	0.0000e+00	0.0000e+00
974	0.0000e+00	0.0000e+00	0.0000e+00	0.0000e+00
975	0.0000e+00	0.0000e+00	0.0000e+00	0.0000e+00
976	0.0000e+00	0.0000e+00	0.0000e+00	0.0000e+00
977	0.0000e+00	0.0000e+00	0.0000e+00	0.0000e+00
978	0.0000e+00	0.0000e+00	0.0000e+00	0.0000e+00
979	0.0000e+00	0.0000e+00	0.0000e+00	0.0000e+00
980	0.0000e+00	0.0000e+00	0.0000e+00	0.0000e+00
981	0.0000e+00	0.0000e+00	0.0000e+00	0.0000e+00
982	0.0000e+00	0.0000e+00	0.0000e+00	0.0000e+00
983	0.0000e+00	0.0000e+00	0.0000e+00	0.0000e+00
984	0.0000e+00	0.0000e+00	0.0000e+00	0.0000e+00
985	0.0000e+00	0.0000e+00	0.0000e+00	0.0000e+00
986	0.0000e+00	0.0000e+00	0.0000e+00	0.0000e+00
987	0.0000e+00	0.0000e+00	0.0000e+00	0.0000e+00
988	0.0000e+00	0.0000e+00	0.0000e+00	0.0000e+00
989	0.0000e+00	0.0000e+00	0.0000e+00	0.0000e+00
990	0.0000e+00	0.0000e+00	0.0000e+00	0.0000e+00
991	0.0000e+00	0.0000e+00	0.0000e+00	0.0000e+00
992	0.0000e+00	0.0000e+00	0.0000e+00	0.0000e+00
993	0.0000e+00	0.0000e+00	0.0000e+00	0.0000e+00
994	0.0000e+00	0.0000e+00	0.0000e+00	0.0000e+00
995	0.0000e+00	0.0000e+00	0.0000e+00	0.0000e+00
996	0.0000e+00	0.0000e+00	0.0000e+00	0.0000e+00
997	0.0000e+00	0.0000e+00	0.0000e+00	0.0000e+00
998	0.0000e+00	0.0000e+00	0.0000e+00	0.0000e+00
999	0.0000e+00	0.0000e+00	0.0000e+00	0.0000e+00
1000	0.0000e+00	0.0000e+00	0.0000e+00	0.0000e+00
1001	0.0000e+00	0.0000e+00	0.0000e+00	0.0000e+00
1002	0.0000e+00	0.0000e+00	0.0000e+00	0.0000e+00
1003	0.0000e+00	0.0000e+00	0.0000e+00	0.0000e+00
1004	0.0000e+00	0.0000e+00	0.0000e+00	0.0000e+00
1005	0.0000e+00	0.0000e+00	0.0000e+00	0.0000e+00
1006	0.0000e+00	0.0000e+00	0.0000e+00	0.0000e+00
1007	0.0000e+00	0.0000e+00	0.0000e+00	0.0000e+00
1008	0.0000e+00	0.0000e+00	0.0000e+00	0.0000e+00
1009	0.0000e+00	0.0000e+00	0.0000e+00	0.0000e+00
1010	0.0000e+00	0.0000e+00	0.0000e+00	0.0000e+00
1011	0.0000e+00	0.0000e+00	0.0000e+00	0.0000e+00
1012	0.0000e+00	0.0000e+00	0.0000e+00	0.0000e+00
1013	0.0000e+00	0.0000e+00	0.0000e+00	0.0000e+00
1014	0.0000e+00	0.0000e+00	0.0000e+00	0.0000e+00
1015	0.0000e+00	0.0000e+00	0.0000e+00	0.0000e+00
1016	0.0000e+00	0.0000e+00	0.0000e+00	0.0000e+00
1017	0.0000e+00	0.0000e+00	0.0000e+00	0.0000e+00
1018	0.0000e+00	0.0000e+00	0.0000e+00	0.0000e+00
1019	0.0000e+00	0.0000e+00	0.0000e+00	0.0000e+00
1020	0.0000e+00	0.0000e+00	0.0000e+00	0.0000e+00
1021	0.0000e+00	0.0000e+00	0.0000e+00	0.0000e+00
1022	0.0000e+00	0.0000e+00	0.0000e+00	0.0000e+00
1023	0.0000e+00	0.0000e+00	0.0000e+00	0.0000e+00
1024	0.0000e+00	0.0000e+00	0.0000e+00	0.0000e+00
1025	0.0000e+00	0.0000e+00	0.0000e+00	0.0000e+00
1026	0.0000e+00	0.0000e+00	0.0000e+00	0.0000e+00
1027	0.0000e+00	0.0000e+00	0.0000e+00	0.0000e+00
1028	0.0000e+00	0.0000e+00	0.0000e+00	0.0000e+00
1029	0.0000e+00	0.0000e+00	0.0000e+00	0.0000e+00
1030	0.0000e+00	0.0000e+00	0.0000e+00	0.0000e+00
1031	0.0000e+00	0.0000e+00	0.0000e+00	0.0000e+00
1032	0.0000e+00	0.0000e+00	0.0000e+00	0.0000e+00
1033	0.0000e+00	0.0000e+00	0.0000e+00	0.0000e+00
1034	0.0000e+00	0.0000e+00	0.0000e+00	0.0000e+00
1035	0.0000e+00	0.0000e+00	0.0000e+00	0.0000e+00
1036	0.0000e+00	0.0000e+00	0.0000e+00	0.0000e+00
1037	0.0000e+00	0.0000e+00	0.0000e+00	0.0000e+00
1038	0.0000e+00	0.0000e+00	0.0000e+00	0.0000e+00
1039	0.0000e+00	0.0000e+00	0.0000e+00	0.0000e+00
1040	0.0000e+00	0.0000e+00	0.0000e+00	0.0000e+00
1041	0.0000e+00	0.0000e+00	0.0000e+00	0.0000e+00
1042	0.0000e+00	0.0000e+00	0.0000e+00	0.0000e+00
1043	0.0000e+00	0.0000e+00	0.0000e+00	0.0000e+00
1044	0.0000e+00	0.0000e+00	0.0000e+00	0.0000e+00
1045	0.0000e+00	0.0000e+00	0.0000e+00	0.0000e+00
1046	0.0000e+00	0.0000e+00	0.0000e+00	0.0000e+00
1047	0.0000e+00	0.0000e+00	0.0000e+00	0.0000e+00
1048	0.0000e+00	0.0000e+00	0.0000e+00	0.0000e+00
1049	0.0000e+00	0.0000e+00	0.0000e+00	0.0000e+00
1050	0.0000e+00	0.0000e+00	0.0000e+00	0.0000e+00
1051	0.0000e+00	0.0000e+00	0.0000e+00	0.0000e+00
1052	0.0000e+00	0.0000e+00	0.0000e+00	0.0000e+00
1053	0.0000e+00	0.0000e+00	0.0000e+00	0.0000e+00
1054	0.0000e+00	0.0000e+00	0.0000e+00	0.0000e+00
1055	0.0000e+00	0.0000e+00	0.0000e+00	0.0000e+00
1056	0.0000e+00	0.0000e+00	0.0000e+00	0.0000e+00
1057	0.0000e+00	0.0000e+00	0.0000e+00	0.0000e+00
1058	0.0000e+00	0.0000e+00	0.0000e+00	0.0000e+00
1059	0.0000e+00	0.0000e+00	0.0000e+00	0.0000e+00
1060	0.0000e+00	0.0000e+00	0.0000e+00	0.0000e+00
1061	0.0000e+00	0.0000e+00	0.0000e+00	0.0000e+00
1062	0.0000e+00	0.0000e+00	0.0000e+00	0.0000e+00
1063	0.0000e+00	0.0000e+00	0.0000e+00	0.0000e+00
1064	0.0000e+00	0.0000e+00	0.0000e+00	0.0000e+00
1065	0.0000e+00	0.0000e+00	0.0000e+00	0.0000e+00
1066	0.0000e+00	0.0000e+00	0.0000e+00	0.0000e+00
1067	0.0000e+00	0.0000e+00	0.0000e+00	0.0000e+00
1068	0.0000e+00	0.0000e+00	0.0000e+00	0.0000e+00
1069	0.0000e+00	0.0000e+00	0.0000e+00	0.0000e+00
1070	0.0000e+00	0.0000e+00	0.0000e+00	0.0000e+00
1071	0.0000e+00	0.0000e+00	0.0000e+00	0.0000e+00
1072	0.0000e+00	0.0000e+00	0.0000e+00	0.0000e+00
1073	0.0000e+00	0.0000e+00	0.0000e+00	0.0000e+00
1074	0.0000e+00	0.0000e+00	0.0000e+00	0.0000e+00
1075	0.0000e+00	0.0000e+00	0.0000e+00	0.0000e+00
1076	0.0000e+00	0.0000e+00	0.0000e+00	0.0000e+00
1077	0.0000e+00	0.0000e+00	0.0000e+00	0.0000e+00
1078	0.0000e+00	0.0000e+00	0.0000e+00	0.0000e+00
1079	0.0000e+00	0.0000e+00	0.0000e+00	0.0000e+00
1080	0.0000e+00	0.0000e+00	0.0000e+00	0.0000e+00
1081	0.0000e+00	0.0000e+00	0.0000e+00	0.0000e+00
1082	0.0000e+00	0.0000e+00	0.0000e+00	0.0000e+00
1083	0.0000e+00	0.0000e+00	0.0000e+00	0.0000e+00
1084	0.0000e+00	0.0000e+00	0.0000e+00	0.0000e+00
1085	0.0000e+00	0.0000e+00	0.0000e+00	0.0000e+00
1086	0.0000e+00	0.0000e+00	0.0000e+00	0.0000e+00
1087	0.0000e+00	0.0000e+00	0.0000e+00	0.0000e+00
1088	0.0000e+00	0.0000e+00	0.0000e+00	0.0000e+00
1089	0.0000e+00	0.0000e+00	0.0000e+00	0.0000e+00
1090	0.0000e+00	0.0000e+00	0.0000e+00	0.0000e+00
1091	0.0000e+00	0.0000e+00	0.0000e+00	0.0000e+00
1092	0.0000e+00	0.0000e+00	0.0000e+00	0.0000e+00
1093	0.0000e+00	0.0000e+00	0.0000e+00	0.0000e+00
1094	0.0000e+00	0.0000e+00	0.0000e+00	0.0000e+00
1095	0.0000e+00	0.0000e+00	0.0000e+00	0.0000e+00
1096	0.0000e+00	0.0000e+00	0.0000e+00	0.0000e+00
1097	0.0000e+00	0.0000e+00	0.0000e+00	0.0000e+00
1098	0.0000e+00	0.0000e+00	0.0000e+00	0.0000e+00
1099	0.0000e+00	0.0000e+00	0.0000e+00	0.0000e+00
1100	0.0000e+00	0.0000e+00	0.0000e+00	0.0000e+00
1101	0.0000e+00	0.0000e+00	0.0000e+00	0.0000e+00
1102	0.0000e+00	0.0000e+00	0.0000e+00	0.0000e+00
1103	0.0000e+00	0.0000e+00	0.0000e+00	0.0000e+00
1104	0.0000e+00	0.0000e+00	0.0000e+00	0.0000e+00
1105	0.0000e+00	0.0000e+00	0.0000e+00	0.0000e+00
1106	0.0000e+00	0.0000e+00	0.0000e+00	0.0000e+00
1107	0.0000e+00	0.0000e+00	0.0000e+00	0.0000e+00
1108	0.0000e+00	0.0000e+00	0.0000e+00	0.0000e+00
1109	0.0000e+00	0.0000e+00	0.0000e+00	0.0000e+00
1110	0.0000e+00	0.0000e+00	0.0000e+00	0.0000e+00
1111	0.0000e+00	0.0000e+00	0.0000e+00	0.0000e+00
1112	0.0000e+00	0.0000e+00	0.0000e+00	0.0000e+00
1113	0.0000e+00	0.0000e+00	0.0000e+00	0.0000e+00
1114	0.0000e+00	0.0000e+00	0.0000e+00	0.0000e+00
1115	0.0000e+00	0.0000e+00	0.0000e+00	0.0000e+00
1116	0.0000e+00	0.0000e+00	0.0000e+00	0.0000e+00
1117	0.0000e+00	0.0000e+00	0.0000e+00	0.0000e+00
1118	0.0000e+00	0.0000e+00	0.0000e+00	0.0000e+00
1119	0.0000e+00	0.0000e+00	0.0000e+00	0.0000e+00
1120	0.0000e+00	0.0000e+00	0.0000e+00	0.0000e+00
1121	0.0000e+00	0.0000e+00	0.0000e+00	0.0000e+00
1122	0.0000e+00	0.0000e+00	0.0000e+00	0.0000e+00
1123	0.0000e+00	0.0000e+00	0.0000e+00	0.0000e+00
1124	0.0000e+00	0.0000e+00	0.0000e+00	0.0000e+00
1125	0.0000e+00	0.0000e+00	0.0000e+00	0.0000e+00
1126	0.0000e+00	0.0000e+00	0.0000e+00	0.0000e+00
1127	0.0000e+00	0.0000e+00	0.0000e+00	0.0000e+00
1128	0.0000e+00	0.0000e+00	0.0000e+00	0.0000e+00
1129	0.0000e+00	0.0000e+00	0.0000e+00	0.0000e+00
1130	0.0000e+00	0.0000e+00	0.0000e+00	0.0000e+00
1131	0.0000e+00	0.0000e+00	0.0000e+00	0.0000e+00
1132	0.0000e+00	0.0000e+00	0.0000e+00	0.0000e+00
1133	0.0000e+00	0.0000e+00	0.0000e+00	0.0000e+00
1134	0.0000e+00	0.0000e+00	0.0000e+00	0.0000e+00
1135	0.0000e+00	0.0000e+00	0.0000e+00	0.0000e+00
1136	0.0000e+00	0.0000e+00	0.0000e+00	0.0000e+00
1137	0.0000e+00	0.0000e+00	0.0000e+00	0.0000e+00
1138	0.0000e+00	0.0000e+00	0.0000e+00	0.0000e+00
1139	0.0000e+00	0.0000e+00	0.0000e+00	0.0000e+00
1140	0.0000e+00	0.0000e+00	0.0000e+00	0.0000e+00
1141	0.0000e+00	0.0000e+00	0.0000e+00	0.0000e+00
1142	0.0000e+00	0.0000e+00	0.0000e+00	0.0000e+00
1143	0.0000e+00	0.0000e+00	0.0000e+00	0.0000e+00
1144	0.0000e+00	0.0000e+00	0.0000e+00	0.0000e+00
1145	0.0000e+00	0.0000e+00	0.0000e+00	0.0000e+00
1146	0.0000e+00	0.0000e+00	0.0000e+00	0.0000e+00
1147	0.0000e+00	0.0000e+00	0.0000e+00	0.0000e+00
1148	0.0000e+00	0.0000e+00	0.0000e+00	0.0000e+00
1149	0.0000e+00	0.0000e+00	0.0000e+00	0.0000e+00
1150	0.0000e+00	0.0000e+00	0.0000e+00	0.0000e+00
1151	0.0000e+00	0.0000e+00	0.0000e+00	0.0000e+00
1152	0.0000e+00	0.0000e+00	0.0000e+00	0.0000e+00
1153	0.0000e+00	0.0000e+00	0.0000e+00	0.0000e+00
1154	0.0000e+00	0.0000e+00	0.0000e+00	0.0000e+00
1155	0.0000e+00	0.0000e+00	0.0000e+00	0.0000e+00
1156	0.0000e+00	0.0000e+00	0.0000e+00	0.0000e+00
1157	0.0000e+00	0.0000e+00	0.0000e+00	0.0000e+00
1158	0.0000e+00	0.0000e+00	0.0000e+00	0.0000e+00
1159	0.0000e+00	0.0000e+00	0.0000e+00	0.0000e+00
1160	0.0000e+00	0.0000e+00	0.0000e+00	0.0000e+00
1161	0.0000e+00	0.0000e+00	0.0000e+00	0.0000e+00
1162	0.0000e+00	0.0000e+00	0.0000e+00	0.0000e+00
1163	0.0000e+00	0.0000e+00	0.0000e+00	0.0000e+00
1164	0.0000e+00	0.0000e+00	0.0000e+00	0.0000e+00
1165	0.0000e+00	0.0000e+00	0.0000e+00	0.0000e+00
1166	0.0000e+00	0.0000e+00	0.0000e+00	0.0000e+00
1167	0.0000e+00	0.0000e+00	0.0000e+00	0.0000e+00
1168	0.0000e+00	0.0000e+00	0.0000e+00	0.0000e+00
1169	0.0000e+00	0.0000e+00	0.0000e+00	0.0000e+00
1170	0.0000e+00	0.0000e+00	0.0000e+00	0.0000e+00
1171	0.0000e+00	0.0000e+00	0.0000e+00	0.0000e+00
1172	0.0000e+00	0.0000e+00	0.0000e+00	0.0000e+00
1173	0.0000e+00	0.0000e+00	0.0000e+00	0.0000e+00
1174	0.0000e+00	0.0000e+00	0.0000e+00	0.0000e+00
1175	0.0000e+00	0.0000e+00	0.0000e+00	0.0000e+00
1176	0.0000e+00	0.0000e+00	0.0000e+00	0.0000e+00
1177	0.0000e+00	0.0000e+00	0.0000e+00	0.0000e+00
1178	0.0000e+00	0.0000e+00	0.0000e+00	0.0000e+00
1179	0.0000e+00	0.0000e+00	0.0000e+00	0.0000e+00
1180	0.0000e+00	0.0000e+00	0.0000e+00	0.0000e+00
1181	0.0000e+00	0.0000e+00	0.0000e+00	0.0000e+00
1182	0.0000e+00	0.0000e+00	0.0000e+00	0.0000e+00
1183	0.0000e+00	0.0000e+00	0.0000e+00	0.0000e+00
1184	0.0000e+00	0.0000e+00	0.0000e+00	0.0000e+00
1185	0.0000e+00	0.0000e+00	0.0000e+00	0.0000e+00
1186	0.0000e+00	0.0000e+00	0.0000e+00	0.0000e+00
1187	0.0000e+00	0.0000e+00	0.0000e+00	0.0000e+00
1188	0.0000e+00	0.0000e+00	0.0000e+00	0.0000e+00
1189	0.0000e+00	0.0000e+00	0.0000e+00	0.0000e+00
1190	0.0000e+00	0.0000e+00	0.0000e+00	0.0000e+00
1191	0.0000e+00	0.0000e+00	0.0000e+00	0.0000e+00
1192	0.0000e+00	0.0000e+00	0.0000e+00	0.0000e+00
1193	0.0000e+00	0.0000e+00	0.0000e+00	0.0000e+00
1194	0.0000e+00	0.0000e+00	0.0000e+00	0.0000e+00
1195	0.0000e+00	0.0000e+00	0.0000e+00	0.0000e+00
1196	0.0000e+00	0.0000e+00	0.0000e+00	0.0000e+00
1197	0.0000e+00	0.0000e+00	0.0000e+00	0.0000e+00
1198	0.0000e+00	0.0000e+00	0.0000e+00	0.0000e+00
1199	0.0000e+00	0.0000e+00	0.0000e+00	0.0000e+00
1200	0.0000e+00	0.0000e+00	0.0000e+00	0.0000e+00
