2	0.0000e+00	4.6236e-07	0.0000e+00	0.0000e+00
3	0.0000e+00	5.2443e-07	0.0000e+00	0.0000e+00
4	0.0000e+00	4.3334e-07	0.0000e+00	0.0000e+00
5	0.0000e+00	2.1700e-07	0.0000e+00	0.0000e+00
6	0.0000e+00	-8.6846e-08	0.0000e+00	0.0000e+00
7	0.0000e+00	-4.2716e-07	0.0000e+00	0.0000e+00
8	0.0000e+00	-7.4611e-07	0.0000e+00	0.0000e+00
9	0.0000e+00	-9.8835e-07	0.0000e+00	0.0000e+00
10	0.0000e+00	-1.1104e-06	0.0000e+00	0.0000e+00
11	0.0000e+00	-1.0882e-06	0.0000e+00	0.0000e+00
12	0.0000e+00	-9.2154e-07	0.0000e+00	0.0000e+00
13	0.0000e+00	-6.3394e-07	0.0000e+00	0.0000e+00
14	0.0000e+00	-2.6921e-07	0.0000e+00	0.0000e+00
15	0.0000e+00	1.1609e-07	0.0000e+00	0.0000e+00
16	0.0000e+00	4.6215e-07	0.0000e+00	0.0000e+00
17	0.0000e+00	7.1594e-07	0.0000e+00	0.0000e+00
18	0.0000e+00	8.4009e-07	0.0000e+00	0.0000e+00
19	0.0000e+00	8.1909e-07	0.0000e+00	0.0000e+00
20	0.0000e+00	6.6163e-07	0.0000e+00	0.0000e+00
21	0.0000e+00	3.9884e-07	0.0000e+00	0.0000e+00
22	0.0000e+00	7.8679e-08	0.0000e+00	0.0000e+00
23	0.0000e+00	-2.4245e-07	0.0000e+00	0.0000e+00
24	0.0000e+00	-5.0949e-07	0.0000e+00	0.0000e+00
25	0.0000e+00	-6.7812e-07	0.0000e+00	0.0000e+00
26	0.0000e+00	-7.2213e-07	0.0000e+00	0.0000e+00
27	0.0000e+00	-6.3759e-07	0.0000e+00	0.0000e+00
28	0.0000e+00	-4.4305e-07	0.0000e+00	0.0000e+00
29	0.0000e+00	-1.7585e-07	0.0000e+00	0.0000e+00
30	0.0000e+00	1.1486e-07	0.0000e+00	0.0000e+00
31	0.0000e+00	3.7692e-07	0.0000e+00	0.0000e+00
32	0.0000e+00	5.6447e-07	0.0000e+00	0.0000e+00
33	0.0000e+00	6.4587e-07	0.0000e+00	0.0000e+00
34	0.0000e+00	6.0910e-07	0.0000e+00	0.0000e+00
35	0.0000e+00	4.6344e-07	0.0000e+00	0.0000e+00
36	0.0000e+00	2.3744e-07	0.0000e+00	0.0000e+00
37	0.0000e+00	-2.6498e-08	0.0000e+00	0.0000e+00
38	0.0000e+00	-2.8001e-07	0.0000e+00	0.0000e+00
39	0.0000e+00	-4.7749e-07	0.0000e+00	0.0000e+00
40	0.0000e+00	-5.8428e-07	0.0000e+00	0.0000e+00
41	0.0000e+00	-5.8271e-07	0.0000e+00	0.0000e+00
42	0.0000e+00	-4.7497e-07	0.0000e+00	0.0000e+00
43	0.0000e+00	-2.8247e-07	0.0000e+00	0.0000e+00
44	0.0000e+00	-4.1634e-08	0.0000e+00	0.0000e+00
45	0.0000e+00	2.0288e-07	0.0000e+00	0.0000e+00
46	0.0000e+00	4.0642e-07	0.0000e+00	0.0000e+00
47	0.0000e+00	5.3243e-07	0.0000e+00	0.0000e+00
48	0.0000e+00	5.5897e-07	0.0000e+00	0.0000e+00
49	0.0000e+00	4.8256e-07	0.0000e+00	0.0000e+00
50	0.0000e+00	3.1853e-07	0.0000e+00	0.0000e+00
51	0.0000e+00	9.8057e-08	0.0000e+00	0.0000e+00
52	0.0000e+00	-1.3774e-07	0.0000e+00	0.0000e+00
53	0.0000e+00	-3.4539e-07	0.0000e+00	0.0000e+00
54	0.0000e+00	-4.8706e-07	0.0000e+00	0.0000e+00
55	0.0000e+00	-5.3742e-07	0.0000e+00	0.0000e+00
56	0.0000e+00	-4.8813e-07	0.0000e+00	0.0000e+00
57	0.0000e+00	-3.4926e-07	0.0000e+00	0.0000e+00
58	0.0000e+00	-1.4720e-07	0.0000e+00	0.0000e+00
59	0.0000e+00	8.0231e-08	0.0000e+00	0.0000e+00
60	0.0000e+00	2.9088e-07	0.0000e+00	0.0000e+00
61	0.0000e+00	4.4601e-07	0.0000e+00	0.0000e+00
62	0.0000e+00	5.1742e-07	0.0000e+00	0.0000e+00
63	0.0000e+00	4.9252e-07	0.0000e+00	0.0000e+00
64	0.0000e+00	3.7658e-07	0.0000e+00	0.0000e+00
65	0.0000e+00	1.9163e-07	0.0000e+00	0.0000e+00
66	0.0000e+00	-2.7706e-08	0.0000e+00	0.0000e+00
67	0.0000e+00	-2.4064e-07	0.0000e+00	0.0000e+00
68	0.0000e+00	-4.0778e-07	0.0000e+00	0.0000e+00
69	0.0000e+00	-4.9841e-07	0.0000e+00	0.0000e+00
70	0.0000e+00	-4.9609e-07	0.0000e+00	0.0000e+00
71	0.0000e+00	-4.0165e-07	0.0000e+00	0.0000e+00
72	0.0000e+00	-2.3297e-07	0.0000e+00	0.0000e+00
73	0.0000e+00	-2.1601e-08	0.0000e+00	0.0000e+00
74	0.0000e+00	1.9310e-07	0.0000e+00	0.0000e+00
75	0.0000e+00	3.7126e-07	0.0000e+00	0.0000e+00
76	0.0000e+00	4.7991e-07	0.0000e+00	0.0000e+00
77	0.0000e+00	4.9901e-07	0.0000e+00	0.0000e+00
78	0.0000e+00	4.2519e-07	0.0000e+00	0.0000e+00
79	0.0000e+00	2.7233e-07	0.0000e+00	0.0000e+00
80	0.0000e+00	6.8943e-08	0.0000e+00	0.0000e+00
81	0.0000e+00	-1.4709e-07	0.0000e+00	0.0000e+00
82	0.0000e+00	-3.3559e-07	0.0000e+00	0.0000e+00
83	0.0000e+00	-4.6147e-07	0.0000e+00	0.0000e+00
84	0.0000e+00	-5.0131e-07	0.0000e+00	0.0000e+00
85	0.0000e+00	-4.4768e-07	0.0000e+00	0.0000e+00
86	0.0000e+00	-3.1051e-07	0.0000e+00	0.0000e+00
87	0.0000e+00	-1.1527e-07	0.0000e+00	0.0000e+00
88	0.0000e+00	1.0171e-07	0.0000e+00	0.0000e+00
89	0.0000e+00	3.0003e-07	0.0000e+00	0.0000e+00
90	0.0000e+00	4.4269e-07	0.0000e+00	0.0000e+00
91	0.0000e+00	5.0298e-07	0.0000e+00	0.0000e+00
92	0.0000e+00	4.6945e-07	0.0000e+00	0.0000e+00
93	0.0000e+00	3.4812e-07	0.0000e+00	0.0000e+00
94	0.0000e+00	1.6137e-07	0.0000e+00	0.0000e+00
95	0.0000e+00	-5.6160e-08	0.0000e+00	0.0000e+00
96	0.0000e+00	-2.6396e-07	0.0000e+00	0.0000e+00
97	0.0000e+00	-4.2320e-07	0.0000e+00	0.0000e+00
98	0.0000e+00	-5.0394e-07	0.0000e+00	0.0000e+00
99	0.0000e+00	-4.9076e-07	0.0000e+00	0.0000e+00
100	0.0000e+00	-3.8568e-07	0.0000e+00	0.0000e+00
101	0.0000e+00	-2.0790e-07	0.0000e+00	0.0000e+00
102	0.0000e+00	9.7421e-09	0.0000e+00	0.0000e+00
103	0.0000e+00	2.2676e-07	0.0000e+00	0.0000e+00
104	0.0000e+00	4.0258e-07	0.0000e+00	0.0000e+00
105	0.0000e+00	5.0407e-07	0.0000e+00	0.0000e+00
106	0.0000e+00	5.1177e-07	0.0000e+00	0.0000e+00
107	0.0000e+00	4.2363e-07	0.0000e+00	0.0000e+00
108	0.0000e+00	2.5548e-07	0.0000e+00	0.0000e+00
109	0.0000e+00	3.8225e-08	0.0000e+00	0.0000e+00
110	0.0000e+00	-1.8783e-07	0.0000e+00	0.0000e+00
111	0.0000e+00	-3.8042e-07	0.0000e+00	0.0000e+00
112	0.0000e+00	-5.0322e-07	0.0000e+00	0.0000e+00
113	0.0000e+00	-5.3264e-07	0.0000e+00	0.0000e+00
114	0.0000e+00	-4.6238e-07	0.0000e+00	0.0000e+00
115	0.0000e+00	-3.0473e-07	0.0000e+00	0.0000e+00
116	0.0000e+00	-8.8434e-08	0.0000e+00	0.0000e+00
117	0.0000e+00	1.4651e-07	0.0000e+00	0.0000e+00
118	0.0000e+00	3.5623e-07	0.0000e+00	0.0000e+00
119	0.0000e+00	5.0116e-07	0.0000e+00	0.0000e+00
120	0.0000e+00	5.5345e-07	0.0000e+00	0.0000e+00
121	0.0000e+00	5.0232e-07	0.0000e+00	0.0000e+00
122	0.0000e+00	3.5626e-07	0.0000e+00	0.0000e+00
123	0.0000e+00	1.4162e-07	0.0000e+00	0.0000e+00
124	0.0000e+00	-1.0209e-07	0.0000e+00	0.0000e+00
125	0.0000e+00	-3.2946e-07	0.0000e+00	0.0000e+00
126	0.0000e+00	-4.9762e-07	0.0000e+00	0.0000e+00
127	0.0000e+00	-5.7426e-07	0.0000e+00	0.0000e+00
128	0.0000e+00	-5.4385e-07	0.0000e+00	0.0000e+00
129	0.0000e+00	-4.1075e-07	0.0000e+00	0.0000e+00
130	0.0000e+00	-1.9861e-07	0.0000e+00	0.0000e+00
131	0.0000e+00	5.3746e-08	0.0000e+00	0.0000e+00
132	0.0000e+00	2.9945e-07	0.0000e+00	0.0000e+00
133	0.0000e+00	4.9223e-07	0.0000e+00	0.0000e+00
134	0.0000e+00	5.9510e-07	0.0000e+00	0.0000e+00
135	0.0000e+00	5.8739e-07	0.0000e+00	0.0000e+00
136	0.0000e+00	4.6894e-07	0.0000e+00	0.0000e+00
137	0.0000e+00	2.6035e-07	0.0000e+00	0.0000e+00
138	0.0000e+00	-5.2033e-10	0.0000e+00	0.0000e+00
139	0.0000e+00	-2.6542e-07	0.0000e+00	0.0000e+00
140	0.0000e+00	-4.8455e-07	0.0000e+00	0.0000e+00
141	0.0000e+00	-6.1594e-07	0.0000e+00	0.0000e+00
142	0.0000e+00	-6.3339e-07	0.0000e+00	0.0000e+00
143	0.0000e+00	-5.3170e-07	0.0000e+00	0.0000e+00
144	0.0000e+00	-3.2796e-07	0.0000e+00	0.0000e+00
145	0.0000e+00	-5.8755e-08	0.0000e+00	0.0000e+00
146	0.0000e+00	2.2637e-07	0.0000e+00	0.0000e+00
147	0.0000e+00	4.7398e-07	0.0000e+00	0.0000e+00
148	0.0000e+00	6.3673e-07	0.0000e+00	0.0000e+00
149	0.0000e+00	6.8236e-07	0.0000e+00	0.0000e+00
150	0.0000e+00	6.0003e-07	0.0000e+00	0.0000e+00
151	0.0000e+00	4.0277e-07	0.0000e+00	0.0000e+00
152	0.0000e+00	1.2551e-07	0.0000e+00	0.0000e+00
153	0.0000e+00	-1.8106e-07	0.0000e+00	0.0000e+00
154	0.0000e+00	-4.5972e-07	0.0000e+00	0.0000e+00
155	0.0000e+00	-6.5732e-07	0.0000e+00	0.0000e+00
156	0.0000e+00	-7.3486e-07	0.0000e+00	0.0000e+00
157	0.0000e+00	-6.7514e-07	0.0000e+00	0.0000e+00
158	0.0000e+00	-4.8645e-07	0.0000e+00	0.0000e+00
159	0.0000e+00	-2.0155e-07	0.0000e+00	0.0000e+00
160	0.0000e+00	1.2792e-07	0.0000e+00	0.0000e+00
161	0.0000e+00	4.4075e-07	0.0000e+00	0.0000e+00
162	0.0000e+00	6.7747e-07	0.0000e+00	0.0000e+00
163	0.0000e+00	7.9156e-07	0.0000e+00	0.0000e+00
164	0.0000e+00	7.5854e-07	0.0000e+00	0.0000e+00
165	0.0000e+00	5.8108e-07	0.0000e+00	0.0000e+00
166	0.0000e+00	2.8916e-07	0.0000e+00	0.0000e+00
167	0.0000e+00	-6.4889e-08	0.0000e+00	0.0000e+00
168	0.0000e+00	-4.1569e-07	0.0000e+00	0.0000e+00
169	0.0000e+00	-6.9681e-07	0.0000e+00	0.0000e+00
170	0.0000e+00	-8.5325e-07	0.0000e+00	0.0000e+00
171	0.0000e+00	-8.5209e-07	0.0000e+00	0.0000e+00
172	0.0000e+00	-6.8931e-07	0.0000e+00	0.0000e+00
173	0.0000e+00	-3.9130e-07	0.0000e+00	0.0000e+00
174	0.0000e+00	-1.0723e-08	0.0000e+00	0.0000e+00
175	0.0000e+00	3.8268e-07	0.0000e+00	0.0000e+00
176	0.0000e+00	7.1477e-07	0.0000e+00	0.0000e+00
177	0.0000e+00	9.2085e-07	0.0000e+00	0.0000e+00
178	0.0000e+00	9.5817e-07	0.0000e+00	0.0000e+00
179	0.0000e+00	8.1460e-07	0.0000e+00	0.0000e+00
180	0.0000e+00	5.1189e-07	0.0000e+00	0.0000e+00
181	0.0000e+00	1.0253e-07	0.0000e+00	0.0000e+00
182	0.0000e+00	-3.3917e-07	0.0000e+00	0.0000e+00
183	0.0000e+00	-7.3047e-07	0.0000e+00	0.0000e+00
184	0.0000e+00	-9.9549e-07	0.0000e+00	0.0000e+00
185	0.0000e+00	-1.0798e-06	0.0000e+00	0.0000e+00
186	0.0000e+00	-9.6151e-07	0.0000e+00	0.0000e+00
187	0.0000e+00	-6.5618e-07	0.0000e+00	0.0000e+00
188	0.0000e+00	-2.1546e-07	0.0000e+00	0.0000e+00
189	0.0000e+00	2.8161e-07	0.0000e+00	0.0000e+00
190	0.0000e+00	7.4258e-07	0.0000e+00	0.0000e+00
191	0.0000e+00	1.0786e-06	0.0000e+00	0.0000e+00
192	0.0000e+00	1.2212e-06	0.0000e+00	0.0000e+00
193	0.0000e+00	1.1362e-06	0.0000e+00	0.0000e+00
194	0.0000e+00	8.3136e-07	0.0000e+00	0.0000e+00
195	0.0000e+00	3.5636e-07	0.0000e+00	0.0000e+00
196	0.0000e+00	-2.0495e-07	0.0000e+00	0.0000e+00
197	0.0000e+00	-7.4908e-07	0.0000e+00	0.0000e+00
198	0.0000e+00	-1.1717e-06	0.0000e+00	0.0000e+00
199	0.0000e+00	-1.3876e-06	0.0000e+00	0.0000e+00
200	0.0000e+00	-1.3471e-06	0.0000e+00	0.0000e+00
201	0.0000e+00	-1.0475e-06	0.0000e+00	0.0000e+00
202	0.0000e+00	-5.3492e-07	0.0000e+00	0.0000e+00
203	0.0000e+00	1.0189e-07	0.0000e+00	0.0000e+00
204	0.0000e+00	7.4684e-07	0.0000e+00	0.0000e+00
205	0.0000e+00	1.2772e-06	0.0000e+00	0.0000e+00
206	0.0000e+00	1.5868e-06	0.0000e+00	0.0000e+00
207	0.0000e+00	1.6064e-06	0.0000e+00	0.0000e+00
208	0.0000e+00	1.3190e-06	0.0000e+00	0.0000e+00
209	0.0000e+00	7.6528e-07	0.0000e+00	0.0000e+00
210	0.0000e+00	3.8411e-08	0.0000e+00	0.0000e+00
211	0.0000e+00	-7.3095e-07	0.0000e+00	0.0000e+00
212	0.0000e+00	-1.3978e-06	0.0000e+00	0.0000e+00
213	0.0000e+00	-1.8294e-06	0.0000e+00	0.0000e+00
214	0.0000e+00	-1.9313e-06	0.0000e+00	0.0000e+00
215	0.0000e+00	-1.6672e-06	0.0000e+00	0.0000e+00
216	0.0000e+00	-1.0686e-06	0.0000e+00	0.0000e+00
217	0.0000e+00	-2.3250e-07	0.0000e+00	0.0000e+00
218	0.0000e+00	6.9355e-07	0.0000e+00	0.0000e+00
219	0.0000e+00	1.5369e-06	0.0000e+00	0.0000e+00
220	0.0000e+00	2.1311e-06	0.0000e+00	0.0000e+00
221	0.0000e+00	2.3481e-06	0.0000e+00	0.0000e+00
222	0.0000e+00	2.1245e-06	0.0000e+00	0.0000e+00
223	0.0000e+00	1.4776e-06	0.0000e+00	0.0000e+00
224	0.0000e+00	5.0647e-07	0.0000e+00	0.0000e+00
225	0.0000e+00	-6.2166e-07	0.0000e+00	0.0000e+00
226	0.0000e+00	-1.6994e-06	0.0000e+00	0.0000e+00
227	0.0000e+00	-2.5161e-06	0.0000e+00	0.0000e+00
228	0.0000e+00	-2.8977e-06	0.0000e+00	0.0000e+00
229	0.0000e+00	-2.7425e-06	0.0000e+00	0.0000e+00
230	0.0000e+00	-2.0449e-06	0.0000e+00	0.0000e+00
231	0.0000e+00	-9.0304e-07	0.0000e+00	0.0000e+00
232	0.0000e+00	4.9317e-07	0.0000e+00	0.0000e+00
233	0.0000e+00	1.8917e-06	0.0000e+00	0.0000e+00
234	0.0000e+00	3.0223e-06	0.0000e+00	0.0000e+00
235	0.0000e+00	3.6467e-06	0.0000e+00	0.0000e+00
236	0.0000e+00	3.6066e-06	0.0000e+00	0.0000e+00
237	0.0000e+00	2.8594e-06	0.0000e+00	0.0000e+00
238	0.0000e+00	1.4955e-06	0.0000e+00	0.0000e+00
239	0.0000e+00	-2.6879e-07	0.0000e+00	0.0000e+00
240	0.0000e+00	-2.1231e-06	0.0000e+00	0.0000e+00
241	0.0000e+00	-3.7142e-06	0.0000e+00	0.0000e+00
242	0.0000e+00	-4.7104e-06	0.0000e+00	0.0000e+00
243	0.0000e+00	-4.8668e-06	0.0000e+00	0.0000e+00
244	0.0000e+00	-4.0793e-06	0.0000e+00	0.0000e+00
245	0.0000e+00	-2.4171e-06	0.0000e+00	0.0000e+00
246	0.0000e+00	-1.2494e-07	0.0000e+00	0.0000e+00
247	0.0000e+00	2.4078e-06	0.0000e+00	0.0000e+00
248	0.0000e+00	4.7082e-06	0.0000e+00	0.0000e+00
249	0.0000e+00	6.3023e-06	0.0000e+00	0.0000e+00
250	0.0000e+00	6.8059e-06	0.0000e+00	0.0000e+00
251	0.0000e+00	6.0077e-06	0.0000e+00	0.0000e+00
252	0.0000e+00	3.9268e-06	0.0000e+00	0.0000e+00
253	0.0000e+00	8.3461e-07	0.0000e+00	0.0000e+00
254	0.0000e+00	-2.7709e-06	0.0000e+00	0.0000e+00
255	0.0000e+00	-6.2351e-06	0.0000e+00	0.0000e+00
256	0.0000e+00	-8.8545e-06	0.0000e+00	0.0000e+00
257	0.0000e+00	-1.0007e-05	0.0000e+00	0.0000e+00
258	0.0000e+00	-9.2793e-06	0.0000e+00	0.0000e+00
259	0.0000e+00	-6.5766e-06	0.0000e+00	0.0000e+00
260	0.0000e+00	-2.1776e-06	0.0000e+00	0.0000e+00
261	0.0000e+00	3.2674e-06	0.0000e+00	0.0000e+00
262	0.0000e+00	8.8114e-06	0.0000e+00	0.0000e+00
263	0.0000e+00	1.3352e-05	0.0000e+00	0.0000e+00
264	0.0000e+00	1.5820e-05	0.0000e+00	0.0000e+00
265	0.0000e+00	1.5392e-05	0.0000e+00	0.0000e+00
266	0.0000e+00	1.1688e-05	0.0000e+00	0.0000e+00
267	0.0000e+00	4.9165e-06	0.0000e+00	0.0000e+00
268	0.0000e+00	-4.0673e-06	0.0000e+00	0.0000e+00
269	0.0000e+00	-1.3812e-05	0.0000e+00	0.0000e+00
270	0.0000e+00	-2.2443e-05	0.0000e+00	0.0000e+00
271	0.0000e+00	-2.7947e-05	0.0000e+00	0.0000e+00
272	0.0000e+00	-2.8530e-05	0.0000e+00	0.0000e+00
273	0.0000e+00	-2.3013e-05	0.0000e+00	0.0000e+00
274	0.0000e+00	-1.1194e-05	0.0000e+00	0.0000e+00
275	0.0000e+00	5.8885e-06	0.0000e+00	0.0000e+00
276	0.0000e+00	2.5861e-05	0.0000e+00	0.0000e+00
277	0.0000e+00	4.5135e-05	0.0000e+00	0.0000e+00
278	0.0000e+00	5.9273e-05	0.0000e+00	0.0000e+00
279	0.0000e+00	6.3604e-05	0.0000e+00	0.0000e+00
280	0.0000e+00	5.4058e-05	0.0000e+00	0.0000e+00
281	0.0000e+00	2.8140e-05	0.0000e+00	0.0000e+00
282	0.0000e+00	-1.4036e-05	0.0000e+00	0.0000e+00
283	0.0000e+00	-6.8781e-05	0.0000e+00	0.0000e+00
284	0.0000e+00	-1.2805e-04	0.0000e+00	0.0000e+00
285	0.0000e+00	-1.7899e-04	0.0000e+00	0.0000e+00
286	0.0000e+00	-2.0385e-04	0.0000e+00	0.0000e+00
287	0.0000e+00	-1.8041e-04	0.0000e+00	0.0000e+00
288	0.0000e+00	-8.2923e-05	0.0000e+00	0.0000e+00
289	0.0000e+00	1.1656e-04	0.0000e+00	0.0000e+00
290	0.0000e+00	4.4635e-04	0.0000e+00	0.0000e+00
291	0.0000e+00	9.3313e-04	0.0000e+00	0.0000e+00
292	0.0000e+00	1.5997e-03	0.0000e+00	0.0000e+00
293	0.0000e+00	2.4632e-03	0.0000e+00	0.0000e+00
294	0.0000e+00	3.5326e-03	0.0000e+00	0.0000e+00
295	0.0000e+00	4.8083e-03	0.0000e+00	0.0000e+00
296	0.0000e+00	6.2803e-03	0.0000e+00	0.0000e+00
297	0.0000e+00	7.9287e-03	0.0000e+00	0.0000e+00
298	0.0000e+00	9.7242e-03	0.0000e+00	0.0000e+00
299	0.0000e+00	1.1629e-02	0.0000e+00	0.0000e+00
300	0.0000e+00	1.3600e-02	0.0000e+00	0.0000e+00
301	0.0000e+00	1.5588e-02	0.0000e+00	0.0000e+00
302	0.0000e+00	1.7544e-02	0.0000e+00	0.0000e+00
303	0.0000e+00	1.9422e-02	0.0000e+00	0.0000e+00
304	0.0000e+00	2.1177e-02	0.0000e+00	0.0000e+00
305	0.0000e+00	2.2773e-02	0.0000e+00	0.0000e+00
306	0.0000e+00	2.4183e-02	0.0000e+00	0.0000e+00
307	0.0000e+00	2.5389e-02	0.0000e+00	0.0000e+00
308	0.0000e+00	2.6384e-02	0.0000e+00	0.0000e+00
309	0.0000e+00	2.7171e-02	0.0000e+00	0.0000e+00
310	0.0000e+00	2.7763e-02	0.0000e+00	0.0000e+00
311	0.0000e+00	2.8183e-02	0.0000e+00	0.0000e+00
312	0.0000e+00	2.8458e-02	0.0000e+00	0.0000e+00
313	0.0000e+00	2.8618e-02	0.0000e+00	0.0000e+00
314	0.0000e+00	2.8697e-02	0.0000e+00	0.0000e+00
315	0.0000e+00	2.8724e-02	0.0000e+00	0.0000e+00
316	0.0000e+00	2.8726e-02	0.0000e+00	0.0000e+00
317	0.0000e+00	2.8723e-02	0.0000e+00	0.0000e+00
318	0.0000e+00	2.8726e-02	0.0000e+00	0.0000e+00
319	0.0000e+00	2.8739e-02	0.0000e+00	0.0000e+00
320	0.0000e+00	2.8756e-02	0.0000e+00	0.0000e+00
321	0.0000e+00	2.8761e-02	0.0000e+00	0.0000e+00
322	0.0000e+00	2.8732e-02	0.0000e+00	0.0000e+00
323	0.0000e+00	2.8641e-02	0.0000e+00	0.0000e+00
324	0.0000e+00	2.8457e-02	0.0000e+00	0.0000e+00
325	0.0000e+00	2.8146e-02	0.0000e+00	0.0000e+00
326	0.0000e+00	2.7679e-02	0.0000e+00	0.0000e+00
327	0.0000e+00	2.7029e-02	0.0000e+00	0.0000e+00
328	0.0000e+00	2.6177e-02	0.0000e+00	0.0000e+00
329	0.0000e+00	2.5113e-02	0.0000e+00	0.0000e+00
330	0.0000e+00	2.3837e-02	0.0000e+00	0.0000e+00
331	0.0000e+00	2.2360e-02	0.0000e+00	0.0000e+00
332	0.0000e+00	2.0704e-02	0.0000e+00	0.0000e+00
333	0.0000e+00	1.8901e-02	0.0000e+00	0.0000e+00
334	0.0000e+00	1.6990e-02	0.0000e+00	0.0000e+00
335	0.0000e+00	1.5016e-02	0.0000e+00	0.0000e+00
336	0.0000e+00	1.3029e-02	0.0000e+00	0.0000e+00
337	0.0000e+00	1.1077e-02	0.0000e+00	0.0000e+00
338	0.0000e+00	9.2071e-03	0.0000e+00	0.0000e+00
339	0.0000e+00	7.4607e-03	0.0000e+00	0.0000e+00
340	0.0000e+00	5.8722e-03	0.0000e+00	0.0000e+00
341	0.0000e+00	4.4671e-03	0.0000e+00	0.0000e+00
342	0.0000e+00	3.2610e-03	0.0000e+00	0.0000e+00
343	0.0000e+00	2.2596e-03	0.0000e+00	0.0000e+00
344	0.0000e+00	1.4592e-03	0.0000e+00	0.0000e+00
345	0.0000e+00	8.4742e-04	0.0000e+00	0.0000e+00
346	0.0000e+00	4.0530e-04	0.0000e+00	0.0000e+00
347	0.0000e+00	1.0896e-04	0.0000e+00	0.0000e+00
348	0.0000e+00	-6.8290e-05	0.0000e+00	0.0000e+00
349	0.0000e+00	-1.5384e-04	0.0000e+00	0.0000e+00
350	0.0000e+00	-1.7395e-04	0.0000e+00	0.0000e+00
351	0.0000e+00	-1.5226e-04	0.0000e+00	0.0000e+00
352	0.0000e+00	-1.0864e-04	0.0000e+00	0.0000e+00
353	0.0000e+00	-5.8532e-05	0.0000e+00	0.0000e+00
354	0.0000e+00	-1.2842e-05	0.0000e+00	0.0000e+00
355	0.0000e+00	2.1892e-05	0.0000e+00	0.0000e+00
356	0.0000e+00	4.2911e-05	0.0000e+00	0.0000e+00
357	0.0000e+00	5.0448e-05	0.0000e+00	0.0000e+00
358	0.0000e+00	4.6819e-05	0.0000e+00	0.0000e+00
359	0.0000e+00	3.5513e-05	0.0000e+00	0.0000e+00
360	0.0000e+00	2.0368e-05	0.0000e+00	0.0000e+00
361	0.0000e+00	4.9091e-06	0.0000e+00	0.0000e+00
362	0.0000e+00	-8.1125e-06	0.0000e+00	0.0000e+00
363	0.0000e+00	-1.6966e-05	0.0000e+00	0.0000e+00
364	0.0000e+00	-2.0983e-05	0.0000e+00	0.0000e+00
365	0.0000e+00	-2.0441e-05	0.0000e+00	0.0000e+00
366	0.0000e+00	-1.6321e-05	0.0000e+00	0.0000e+00
367	0.0000e+00	-1.0014e-05	0.0000e+00	0.0000e+00
368	0.0000e+00	-3.0193e-06	0.0000e+00	0.0000e+00
369	0.0000e+00	3.3204e-06	0.0000e+00	0.0000e+00
370	0.0000e+00	8.0095e-06	0.0000e+00	0.0000e+00
371	0.0000e+00	1.0503e-05	0.0000e+00	0.0000e+00
372	0.0000e+00	1.0719e-05	0.0000e+00	0.0000e+00
373	0.0000e+00	8.9796e-06	0.0000e+00	0.0000e+00
374	0.0000e+00	5.8903e-06	0.0000e+00	0.0000e+00
375	0.0000e+00	2.1959e-06	0.0000e+00	0.0000e+00
376	0.0000e+00	-1.3654e-06	0.0000e+00	0.0000e+00
377	0.0000e+00	-4.1856e-06	0.0000e+00	0.0000e+00
378	0.0000e+00	-5.8709e-06	0.0000e+00	0.0000e+00
379	0.0000e+00	-6.2783e-06	0.0000e+00	0.0000e+00
380	0.0000e+00	-5.5058e-06	0.0000e+00	0.0000e+00
381	0.0000e+00	-3.8435e-06	0.0000e+00	0.0000e+00
382	0.0000e+00	-1.6987e-06	0.0000e+00	0.0000e+00
383	0.0000e+00	4.8871e-07	0.0000e+00	0.0000e+00
384	0.0000e+00	2.3260e-06	0.0000e+00	0.0000e+00
385	0.0000e+00	3.5292e-06	0.0000e+00	0.0000e+00
386	0.0000e+00	3.9594e-06	0.0000e+00	0.0000e+00
387	0.0000e+00	3.6293e-06	0.0000e+00	0.0000e+00
388	0.0000e+00	2.6836e-06	0.0000e+00	0.0000e+00
389	0.0000e+00	1.3589e-06	0.0000e+00	0.0000e+00
390	0.0000e+00	-6.7542e-08	0.0000e+00	0.0000e+00
391	0.0000e+00	-1.3309e-06	0.0000e+00	0.0000e+00
392	0.0000e+00	-2.2230e-06	0.0000e+00	0.0000e+00
393	0.0000e+00	-2.6233e-06	0.0000e+00	0.0000e+00
394	0.0000e+00	-2.5104e-06	0.0000e+00	0.0000e+00
395	0.0000e+00	-1.9562e-06	0.0000e+00	0.0000e+00
396	0.0000e+00	-1.1030e-06	0.0000e+00	0.0000e+00
397	0.0000e+00	-1.3276e-07	0.0000e+00	0.0000e+00
398	0.0000e+00	7.6992e-07	0.0000e+00	0.0000e+00
399	0.0000e+00	1.4497e-06	0.0000e+00	0.0000e+00
400	0.0000e+00	1.8056e-06	0.0000e+00	0.0000e+00
401	0.0000e+00	1.8034e-06	0.0000e+00	0.0000e+00
402	0.0000e+00	1.4760e-06	0.0000e+00	0.0000e+00
403	0.0000e+00	9.1093e-07	0.0000e+00	0.0000e+00
404	0.0000e+00	2.3064e-07	0.0000e+00	0.0000e+00
405	0.0000e+00	-4.3279e-07	0.0000e+00	0.0000e+00
406	0.0000e+00	-9.6151e-07	0.0000e+00	0.0000e+00
407	0.0000e+00	-1.2719e-06	0.0000e+00	0.0000e+00
408	0.0000e+00	-1.3262e-06	0.0000e+00	0.0000e+00
409	0.0000e+00	-1.1359e-06	0.0000e+00	0.0000e+00
410	0.0000e+00	-7.5495e-07	0.0000e+00	0.0000e+00
411	0.0000e+00	-2.6735e-07	0.0000e+00	0.0000e+00
412	0.0000e+00	2.3064e-07	0.0000e+00	0.0000e+00
413	0.0000e+00	6.4839e-07	0.0000e+00	0.0000e+00
414	0.0000e+00	9.1681e-07	0.0000e+00	0.0000e+00
415	0.0000e+00	9.9886e-07	0.0000e+00	0.0000e+00
416	0.0000e+00	8.9386e-07	0.0000e+00	0.0000e+00
417	0.0000e+00	6.3472e-07	0.0000e+00	0.0000e+00
418	0.0000e+00	2.7967e-07	0.0000e+00	0.0000e+00
419	0.0000e+00	-1.0015e-07	0.0000e+00	0.0000e+00
420	0.0000e+00	-4.3426e-07	0.0000e+00	0.0000e+00
421	0.0000e+00	-6.6557e-07	0.0000e+00	0.0000e+00
422	0.0000e+00	-7.5946e-07	0.0000e+00	0.0000e+00
423	0.0000e+00	-7.0861e-07	0.0000e+00	0.0000e+00
424	0.0000e+00	-5.3223e-07	0.0000e+00	0.0000e+00
425	0.0000e+00	-2.7091e-07	0.0000e+00	0.0000e+00
426	0.0000e+00	2.2300e-08	0.0000e+00	0.0000e+00
427	0.0000e+00	2.9208e-07	0.0000e+00	0.0000e+00
428	0.0000e+00	4.9114e-07	0.0000e+00	0.0000e+00
429	0.0000e+00	5.8801e-07	0.0000e+00	0.0000e+00
430	0.0000e+00	5.7186e-07	0.0000e+00	0.0000e+00
431	0.0000e+00	4.5286e-07	0.0000e+00	0.0000e+00
432	0.0000e+00	2.5927e-07	0.0000e+00	0.0000e+00
433	0.0000e+00	3.0891e-08	0.0000e+00	0.0000e+00
434	0.0000e+00	-1.8856e-07	0.0000e+00	0.0000e+00
435	0.0000e+00	-3.5984e-07	0.0000e+00	0.0000e+00
436	0.0000e+00	-4.5477e-07	0.0000e+00	0.0000e+00
437	0.0000e+00	-4.6082e-07	0.0000e+00	0.0000e+00
438	0.0000e+00	-3.8224e-07	0.0000e+00	0.0000e+00
439	0.0000e+00	-2.3846e-07	0.0000e+00	0.0000e+00
440	0.0000e+00	-5.9468e-08	0.0000e+00	0.0000e+00
441	0.0000e+00	1.2005e-07	0.0000e+00	0.0000e+00
442	0.0000e+00	2.6746e-07	0.0000e+00	0.0000e+00
443	0.0000e+00	3.5774e-07	0.0000e+00	0.0000e+00
444	0.0000e+00	3.7782e-07	0.0000e+00	0.0000e+00
445	0.0000e+00	3.2800e-07	0.0000e+00	0.0000e+00
446	0.0000e+00	2.2138e-07	0.0000e+00	0.0000e+00
447	0.0000e+00	8.0515e-08	0.0000e+00	0.0000e+00
448	0.0000e+00	-6.6963e-08	0.0000e+00	0.0000e+00
449	0.0000e+00	-1.9387e-07	0.0000e+00	0.0000e+00
450	0.0000e+00	-2.7815e-07	0.0000e+00	0.0000e+00
451	0.0000e+00	-3.0683e-07	0.0000e+00	0.0000e+00
452	0.0000e+00	-2.7763e-07	0.0000e+00	0.0000e+00
453	0.0000e+00	-1.9904e-07	0.0000e+00	0.0000e+00
454	0.0000e+00	-8.7984e-08	0.0000e+00	0.0000e+00
455	0.0000e+00	3.3511e-08	0.0000e+00	0.0000e+00
456	0.0000e+00	1.4278e-07	0.0000e+00	0.0000e+00
457	0.0000e+00	2.2046e-07	0.0000e+00	0.0000e+00
458	0.0000e+00	2.5406e-07	0.0000e+00	0.0000e+00
459	0.0000e+00	2.3967e-07	0.0000e+00	0.0000e+00
460	0.0000e+00	1.8241e-07	0.0000e+00	0.0000e+00
461	0.0000e+00	9.4857e-08	0.0000e+00	0.0000e+00
462	0.0000e+00	-5.4132e-09	0.0000e+00	0.0000e+00
463	0.0000e+00	-9.9498e-08	0.0000e+00	0.0000e+00
464	0.0000e+00	-1.7046e-07	0.0000e+00	0.0000e+00
465	0.0000e+00	-2.0653e-07	0.0000e+00	0.0000e+00
466	0.0000e+00	-2.0277e-07	0.0000e+00	0.0000e+00
467	0.0000e+00	-1.6185e-07	0.0000e+00	0.0000e+00
468	0.0000e+00	-9.3004e-08	0.0000e+00	0.0000e+00
469	0.0000e+00	-1.0216e-08	0.0000e+00	0.0000e+00
470	0.0000e+00	7.0757e-08	0.0000e+00	0.0000e+00
471	0.0000e+00	1.3514e-07	0.0000e+00	0.0000e+00
472	0.0000e+00	1.7198e-07	0.0000e+00	0.0000e+00
473	0.0000e+00	1.7577e-07	0.0000e+00	0.0000e+00
474	0.0000e+00	1.4741e-07	0.0000e+00	0.0000e+00
475	0.0000e+00	9.3523e-08	0.0000e+00	0.0000e+00
476	0.0000e+00	2.5192e-08	0.0000e+00	0.0000e+00
477	0.0000e+00	-4.4458e-08	0.0000e+00	0.0000e+00
478	0.0000e+00	-1.0257e-07	0.0000e+00	0.0000e+00
479	0.0000e+00	-1.3906e-07	0.0000e+00	0.0000e+00
480	0.0000e+00	-1.4817e-07	0.0000e+00	0.0000e+00
481	0.0000e+00	-1.2951e-07	0.0000e+00	0.0000e+00
482	0.0000e+00	-8.7660e-08	0.0000e+00	0.0000e+00
483	0.0000e+00	-3.1370e-08	0.0000e+00	0.0000e+00
484	0.0000e+00	2.8459e-08	0.0000e+00	0.0000e+00
485	0.0000e+00	8.0661e-08	0.0000e+00	0.0000e+00
486	0.0000e+00	1.1604e-07	0.0000e+00	0.0000e+00
487	0.0000e+00	1.2879e-07	0.0000e+00	0.0000e+00
488	0.0000e+00	1.1758e-07	0.0000e+00	0.0000e+00
489	0.0000e+00	8.5437e-08	0.0000e+00	0.0000e+00
490	0.0000e+00	3.9189e-08	0.0000e+00	0.0000e+00
491	0.0000e+00	-1.2135e-08	0.0000e+00	0.0000e+00
492	0.0000e+00	-5.8863e-08	0.0000e+00	0.0000e+00
493	0.0000e+00	-9.2658e-08	0.0000e+00	0.0000e+00
494	0.0000e+00	-1.0781e-07	0.0000e+00	0.0000e+00
495	0.0000e+00	-1.0235e-07	0.0000e+00	0.0000e+00
496	0.0000e+00	-7.8073e-08	0.0000e+00	0.0000e+00
497	0.0000e+00	-4.0252e-08	0.0000e+00	0.0000e+00
498	0.0000e+00	3.6675e-09	0.0000e+00	0.0000e+00
499	0.0000e+00	4.5332e-08	0.0000e+00	0.0000e+00
500	0.0000e+00	7.7225e-08	0.0000e+00	0.0000e+00
501	0.0000e+00	9.3833e-08	0.0000e+00	0.0000e+00
502	0.0000e+00	9.2754e-08	0.0000e+00	0.0000e+00
503	0.0000e+00	7.4839e-08	0.0000e+00	0.0000e+00
504	0.0000e+00	4.4079e-08	0.0000e+00	0.0000e+00
505	0.0000e+00	6.5839e-09	0.0000e+00	0.0000e+00
506	0.0000e+00	-3.0455e-08	0.0000e+00	0.0000e+00
507	0.0000e+00	-6.0291e-08	0.0000e+00	0.0000e+00
508	0.0000e+00	-7.7678e-08	0.0000e+00	0.0000e+00
509	0.0000e+00	-7.9937e-08	0.0000e+00	0.0000e+00
510	0.0000e+00	-6.7188e-08	0.0000e+00	0.0000e+00
511	0.0000e+00	-4.2383e-08	0.0000e+00	0.0000e+00
512	0.0000e+00	-1.0496e-08	0.0000e+00	0.0000e+00
513	0.0000e+00	2.2303e-08	0.0000e+00	0.0000e+00
514	0.0000e+00	4.9990e-08	0.0000e+00	0.0000e+00
515	0.0000e+00	6.7621e-08	0.0000e+00	0.0000e+00
516	0.0000e+00	7.2363e-08	0.0000e+00	0.0000e+00
517	0.0000e+00	6.3778e-08	0.0000e+00	0.0000e+00
518	0.0000e+00	4.3971e-08	0.0000e+00	0.0000e+00
519	0.0000e+00	1.6952e-08	0.0000e+00	0.0000e+00
520	0.0000e+00	-1.2006e-08	0.0000e+00	0.0000e+00
521	0.0000e+00	-3.7547e-08	0.0000e+00	0.0000e+00
522	0.0000e+00	-5.5055e-08	0.0000e+00	0.0000e+00
523	0.0000e+00	-6.1634e-08	0.0000e+00	0.0000e+00
524	0.0000e+00	-5.6424e-08	0.0000e+00	0.0000e+00
525	0.0000e+00	-4.0841e-08	0.0000e+00	0.0000e+00
526	0.0000e+00	-1.8079e-08	0.0000e+00	0.0000e+00
527	0.0000e+00	7.3788e-09	0.0000e+00	0.0000e+00
528	0.0000e+00	3.0791e-08	0.0000e+00	0.0000e+00
529	0.0000e+00	4.7877e-08	0.0000e+00	0.0000e+00
530	0.0000e+00	5.5749e-08	0.0000e+00	0.0000e+00
531	0.0000e+00	5.3235e-08	0.0000e+00	0.0000e+00
532	0.0000e+00	4.1191e-08	0.0000e+00	0.0000e+00
533	0.0000e+00	2.2121e-08	0.0000e+00	0.0000e+00
534	0.0000e+00	-1.8498e-10	0.0000e+00	0.0000e+00
535	0.0000e+00	-2.1549e-08	0.0000e+00	0.0000e+00
536	0.0000e+00	-3.8029e-08	0.0000e+00	0.0000e+00
537	0.0000e+00	-4.6792e-08	0.0000e+00	0.0000e+00
538	0.0000e+00	-4.6444e-08	0.0000e+00	0.0000e+00
539	0.0000e+00	-3.7391e-08	0.0000e+00	0.0000e+00
540	0.0000e+00	-2.1552e-08	0.0000e+00	0.0000e+00
541	0.0000e+00	-2.1080e-09	0.0000e+00	0.0000e+00
542	0.0000e+00	1.7275e-08	0.0000e+00	0.0000e+00
543	0.0000e+00	3.2990e-08	0.0000e+00	0.0000e+00
544	0.0000e+00	4.2295e-08	0.0000e+00	0.0000e+00
545	0.0000e+00	4.3646e-08	0.0000e+00	0.0000e+00
546	0.0000e+00	3.7085e-08	0.0000e+00	0.0000e+00
547	0.0000e+00	2.4041e-08	0.0000e+00	0.0000e+00
548	0.0000e+00	7.1604e-09	0.0000e+00	0.0000e+00
549	0.0000e+00	-1.0358e-08	0.0000e+00	0.0000e+00
550	0.0000e+00	-2.5229e-08	0.0000e+00	0.0000e+00
551	0.0000e+00	-3.4830e-08	0.0000e+00	0.0000e+00
552	0.0000e+00	-3.7522e-08	0.0000e+00	0.0000e+00
553	0.0000e+00	-3.3062e-08	0.0000e+00	0.0000e+00
554	0.0000e+00	-2.2462e-08	0.0000e+00	0.0000e+00
555	0.0000e+00	-7.9027e-09	0.0000e+00	0.0000e+00
556	0.0000e+00	7.8399e-09	0.0000e+00	0.0000e+00
557	0.0000e+00	2.1790e-08	0.0000e+00	0.0000e+00
558	0.0000e+00	3.1464e-08	0.0000e+00	0.0000e+00
559	0.0000e+00	3.5171e-08	0.0000e+00	0.0000e+00
560	0.0000e+00	3.2445e-08	0.0000e+00	0.0000e+00
561	0.0000e+00	2.3948e-08	0.0000e+00	0.0000e+00
562	0.0000e+00	1.1457e-08	0.0000e+00	0.0000e+00
563	0.0000e+00	-2.6368e-09	0.0000e+00	0.0000e+00
564	0.0000e+00	-1.5652e-08	0.0000e+00	0.0000e+00
565	0.0000e+00	-2.5252e-08	0.0000e+00	0.0000e+00
566	0.0000e+00	-2.9735e-08	0.0000e+00	0.0000e+00
567	0.0000e+00	-2.8460e-08	0.0000e+00	0.0000e+00
568	0.0000e+00	-2.1800e-08	0.0000e+00	0.0000e+00
569	0.0000e+00	-1.1177e-08	0.0000e+00	0.0000e+00
570	0.0000e+00	1.3626e-09	0.0000e+00	0.0000e+00
571	0.0000e+00	1.3415e-08	0.0000e+00	0.0000e+00
572	0.0000e+00	2.2799e-08	0.0000e+00	0.0000e+00
573	0.0000e+00	2.7829e-08	0.0000e+00	0.0000e+00
574	0.0000e+00	2.7731e-08	0.0000e+00	0.0000e+00
575	0.0000e+00	2.2641e-08	0.0000e+00	0.0000e+00
576	0.0000e+00	1.3672e-08	0.0000e+00	0.0000e+00
577	0.0000e+00	2.5608e-09	0.0000e+00	0.0000e+00
578	0.0000e+00	-8.5503e-09	0.0000e+00	0.0000e+00
579	0.0000e+00	-1.7640e-08	0.0000e+00	0.0000e+00
580	0.0000e+00	-2.3056e-08	0.0000e+00	0.0000e+00
581	0.0000e+00	-2.3935e-08	0.0000e+00	0.0000e+00
582	0.0000e+00	-2.0211e-08	0.0000e+00	0.0000e+00
583	0.0000e+00	-1.2732e-08	0.0000e+00	0.0000e+00
584	0.0000e+00	-2.9569e-09	0.0000e+00	0.0000e+00
585	0.0000e+00	7.2145e-09	0.0000e+00	0.0000e+00
586	0.0000e+00	1.5921e-08	0.0000e+00	0.0000e+00
587	0.0000e+00	2.1563e-08	0.0000e+00	0.0000e+00
588	0.0000e+00	2.3212e-08	0.0000e+00	0.0000e+00
589	0.0000e+00	2.0643e-08	0.0000e+00	0.0000e+00
590	0.0000e+00	1.4475e-08	0.0000e+00	0.0000e+00
591	0.0000e+00	5.9154e-09	0.0000e+00	0.0000e+00
592	0.0000e+00	-3.3596e-09	0.0000e+00	0.0000e+00
593	0.0000e+00	-1.1646e-08	0.0000e+00	0.0000e+00
594	0.0000e+00	-1.7411e-08	0.0000e+00	0.0000e+00
595	0.0000e+00	-1.9687e-08	0.0000e+00	0.0000e+00
596	0.0000e+00	-1.8118e-08	0.0000e+00	0.0000e+00
597	0.0000e+00	-1.3126e-08	0.0000e+00	0.0000e+00
598	0.0000e+00	-5.6992e-09	0.0000e+00	0.0000e+00
599	0.0000e+00	2.6971e-09	0.0000e+00	0.0000e+00
600	0.0000e+00	1.0511e-08	0.0000e+00	0.0000e+00
601	0.0000e+00	1.6286e-08	0.0000e+00	0.0000e+00
602	0.0000e+00	1.9033e-08	0.0000e+00	0.0000e+00
603	0.0000e+00	1.8297e-08	0.0000e+00	0.0000e+00
604	0.0000e+00	1.4331e-08	0.0000e+00	0.0000e+00
605	0.0000e+00	7.9246e-09	0.0000e+00	0.0000e+00
606	0.0000e+00	3.5249e-10	0.0000e+00	0.0000e+00
607	0.0000e+00	-6.9819e-09	0.0000e+00	0.0000e+00
608	0.0000e+00	-1.2703e-08	0.0000e+00	0.0000e+00
609	0.0000e+00	-1.5820e-08	0.0000e+00	0.0000e+00
610	0.0000e+00	-1.5800e-08	0.0000e+00	0.0000e+00
611	0.0000e+00	-1.2751e-08	0.0000e+00	0.0000e+00
612	0.0000e+00	-7.2914e-09	0.0000e+00	0.0000e+00
613	0.0000e+00	-5.1757e-10	0.0000e+00	0.0000e+00
614	0.0000e+00	6.3083e-09	0.0000e+00	0.0000e+00
615	0.0000e+00	1.1896e-08	0.0000e+00	0.0000e+00
616	0.0000e+00	1.5268e-08	0.0000e+00	0.0000e+00
617	0.0000e+00	1.5829e-08	0.0000e+00	0.0000e+00
618	0.0000e+00	1.3571e-08	0.0000e+00	0.0000e+00
619	0.0000e+00	8.9562e-09	0.0000e+00	0.0000e+00
620	0.0000e+00	2.9209e-09	0.0000e+00	0.0000e+00
621	0.0000e+00	-3.4078e-09	0.0000e+00	0.0000e+00
622	0.0000e+00	-8.8280e-09	0.0000e+00	0.0000e+00
623	0.0000e+00	-1.2384e-08	0.0000e+00	0.0000e+00
624	0.0000e+00	-1.3440e-08	0.0000e+00	0.0000e+00
625	0.0000e+00	-1.1886e-08	0.0000e+00	0.0000e+00
626	0.0000e+00	-8.0514e-09	0.0000e+00	0.0000e+00
627	0.0000e+00	-2.7250e-09	0.0000e+00	0.0000e+00
628	0.0000e+00	3.0933e-09	0.0000e+00	0.0000e+00
629	0.0000e+00	8.2909e-09	0.0000e+00	0.0000e+00
630	0.0000e+00	1.1943e-08	0.0000e+00	0.0000e+00
631	0.0000e+00	1.3387e-08	0.0000e+00	0.0000e+00
632	0.0000e+00	1.2431e-08	0.0000e+00	0.0000e+00
633	0.0000e+00	9.2852e-09	0.0000e+00	0.0000e+00
634	0.0000e+00	4.6069e-09	0.0000e+00	0.0000e+00
635	0.0000e+00	-7.2439e-10	0.0000e+00	0.0000e+00
636	0.0000e+00	-5.6850e-09	0.0000e+00	0.0000e+00
637	0.0000e+00	-9.3875e-09	0.0000e+00	0.0000e+00
638	0.0000e+00	-1.1155e-08	0.0000e+00	0.0000e+00
639	0.0000e+00	-1.0729e-08	0.0000e+00	0.0000e+00
640	0.0000e+00	-8.2173e-09	0.0000e+00	0.0000e+00
641	0.0000e+00	-4.1570e-09	0.0000e+00	0.0000e+00
642	0.0000e+00	6.8432e-10	0.0000e+00	0.0000e+00
643	0.0000e+00	5.3706e-09	0.0000e+00	0.0000e+00
644	0.0000e+00	9.0573e-09	0.0000e+00	0.0000e+00
645	0.0000e+00	1.1064e-08	0.0000e+00	0.0000e+00
646	0.0000e+00	1.1076e-08	0.0000e+00	0.0000e+00
647	0.0000e+00	9.1183e-09	0.0000e+00	0.0000e+00
648	0.0000e+00	5.6163e-09	0.0000e+00	0.0000e+00
649	0.0000e+00	1.2341e-09	0.0000e+00	0.0000e+00
650	0.0000e+00	-3.1777e-09	0.0000e+00	0.0000e+00
651	0.0000e+00	-6.8212e-09	0.0000e+00	0.0000e+00
652	0.0000e+00	-9.0203e-09	0.0000e+00	0.0000e+00
653	0.0000e+00	-9.4201e-09	0.0000e+00	0.0000e+00
654	0.0000e+00	-7.9689e-09	0.0000e+00	0.0000e+00
655	0.0000e+00	-4.9967e-09	0.0000e+00	0.0000e+00
656	0.0000e+00	-1.0702e-09	0.0000e+00	0.0000e+00
657	0.0000e+00	3.0424e-09	0.0000e+00	0.0000e+00
658	0.0000e+00	6.5927e-09	0.0000e+00	0.0000e+00
659	0.0000e+00	8.9164e-09	0.0000e+00	0.0000e+00
660	0.0000e+00	9.6276e-09	0.0000e+00	0.0000e+00
661	0.0000e+00	8.6115e-09	0.0000e+00	0.0000e+00
662	0.0000e+00	6.1118e-09	0.0000e+00	0.0000e+00
663	0.0000e+00	2.6059e-09	0.0000e+00	0.0000e+00
664	0.0000e+00	-1.2175e-09	0.0000e+00	0.0000e+00
665	0.0000e+00	-4.6609e-09	0.0000e+00	0.0000e+00
666	0.0000e+00	-7.0780e-09	0.0000e+00	0.0000e+00
667	0.0000e+00	-8.0609e-09	0.0000e+00	0.0000e+00
668	0.0000e+00	-7.4423e-09	0.0000e+00	0.0000e+00
669	0.0000e+00	-5.3891e-09	0.0000e+00	0.0000e+00
670	0.0000e+00	-2.2969e-09	0.0000e+00	0.0000e+00
671	0.0000e+00	1.2216e-09	0.0000e+00	0.0000e+00
672	0.0000e+00	4.5207e-09	0.0000e+00	0.0000e+00
673	0.0000e+00	6.9766e-09	0.0000e+00	0.0000e+00
674	0.0000e+00	8.1675e-09	0.0000e+00	0.0000e+00
675	0.0000e+00	7.8831e-09	0.0000e+00	0.0000e+00
676	0.0000e+00	6.2226e-09	0.0000e+00	0.0000e+00
677	0.0000e+00	3.5067e-09	0.0000e+00	0.0000e+00
678	0.0000e+00	2.7609e-10	0.0000e+00	0.0000e+00
679	0.0000e+00	-2.8754e-09	0.0000e+00	0.0000e+00
680	0.0000e+00	-5.3507e-09	0.0000e+00	0.0000e+00
681	0.0000e+00	-6.7208e-09	0.0000e+00	0.0000e+00
682	0.0000e+00	-6.7405e-09	0.0000e+00	0.0000e+00
683	0.0000e+00	-5.4499e-09	0.0000e+00	0.0000e+00
684	0.0000e+00	-3.1017e-09	0.0000e+00	0.0000e+00
685	0.0000e+00	-1.6847e-10	0.0000e+00	0.0000e+00
686	0.0000e+00	2.8074e-09	0.0000e+00	0.0000e+00
687	0.0000e+00	5.2583e-09	0.0000e+00	0.0000e+00
688	0.0000e+00	6.7540e-09	0.0000e+00	0.0000e+00
689	0.0000e+00	7.0222e-09	0.0000e+00	0.0000e+00
690	0.0000e+00	6.0514e-09	0.0000e+00	0.0000e+00
691	0.0000e+00	4.0329e-09	0.0000e+00	0.0000e+00
692	0.0000e+00	1.3752e-09	0.0000e+00	0.0000e+00
693	0.0000e+00	-1.4297e-09	0.0000e+00	0.0000e+00
694	0.0000e+00	-3.8462e-09	0.0000e+00	0.0000e+00
695	0.0000e+00	-5.4475e-09	0.0000e+00	0.0000e+00
696	0.0000e+00	-5.9410e-09	0.0000e+00	0.0000e+00
697	0.0000e+00	-5.2710e-09	0.0000e+00	0.0000e+00
698	0.0000e+00	-3.5732e-09	0.0000e+00	0.0000e+00
699	0.0000e+00	-1.1964e-09	0.0000e+00	0.0000e+00
700	0.0000e+00	1.4166e-09	0.0000e+00	0.0000e+00
701	0.0000e+00	3.7635e-09	0.0000e+00	0.0000e+00
702	0.0000e+00	5.4256e-09	0.0000e+00	0.0000e+00
703	0.0000e+00	6.0956e-09	0.0000e+00	0.0000e+00
704	0.0000e+00	5.6800e-09	0.0000e+00	0.0000e+00
705	0.0000e+00	4.2652e-09	0.0000e+00	0.0000e+00
706	0.0000e+00	2.1442e-09	0.0000e+00	0.0000e+00
707	0.0000e+00	-2.8756e-10	0.0000e+00	0.0000e+00
708	0.0000e+00	-2.5623e-09	0.0000e+00	0.0000e+00
709	0.0000e+00	-4.2727e-09	0.0000e+00	0.0000e+00
710	0.0000e+00	-5.1022e-09	0.0000e+00	0.0000e+00
711	0.0000e+00	-4.9257e-09	0.0000e+00	0.0000e+00
712	0.0000e+00	-3.7855e-09	0.0000e+00	0.0000e+00
713	0.0000e+00	-1.9231e-09	0.0000e+00	0.0000e+00
714	0.0000e+00	3.1163e-10	0.0000e+00	0.0000e+00
715	0.0000e+00	2.4858e-09	0.0000e+00	0.0000e+00
716	0.0000e+00	4.2067e-09	0.0000e+00	0.0000e+00
717	0.0000e+00	5.1529e-09	0.0000e+00	0.0000e+00
718	0.0000e+00	5.1730e-09	0.0000e+00	0.0000e+00
719	0.0000e+00	4.2706e-09	0.0000e+00	0.0000e+00
720	0.0000e+00	2.6398e-09	0.0000e+00	0.0000e+00
721	0.0000e+00	5.8703e-10	0.0000e+00	0.0000e+00
722	0.0000e+00	-1.4901e-09	0.0000e+00	0.0000e+00
723	0.0000e+00	-3.2154e-09	0.0000e+00	0.0000e+00
724	0.0000e+00	-4.2670e-09	0.0000e+00	0.0000e+00
725	0.0000e+00	-4.4720e-09	0.0000e+00	0.0000e+00
726	0.0000e+00	-3.8004e-09	0.0000e+00	0.0000e+00
727	0.0000e+00	-2.4024e-09	0.0000e+00	0.0000e+00
728	0.0000e+00	-5.4361e-10	0.0000e+00	0.0000e+00
729	0.0000e+00	1.4135e-09	0.0000e+00	0.0000e+00
730	0.0000e+00	3.1111e-09	0.0000e+00	0.0000e+00
731	0.0000e+00	4.2304e-09	0.0000e+00	0.0000e+00
732	0.0000e+00	4.5814e-09	0.0000e+00	0.0000e+00
733	0.0000e+00	4.1051e-09	0.0000e+00	0.0000e+00
734	0.0000e+00	2.9119e-09	0.0000e+00	0.0000e+00
735	0.0000e+00	1.2287e-09	0.0000e+00	0.0000e+00
736	0.0000e+00	-6.1659e-10	0.0000e+00	0.0000e+00
737	0.0000e+00	-2.2860e-09	0.0000e+00	0.0000e+00
738	0.0000e+00	-3.4667e-09	0.0000e+00	0.0000e+00
739	0.0000e+00	-3.9558e-09	0.0000e+00	0.0000e+00
740	0.0000e+00	-3.6693e-09	0.0000e+00	0.0000e+00
741	0.0000e+00	-2.6817e-09	0.0000e+00	0.0000e+00
742	0.0000e+00	-1.1835e-09	0.0000e+00	0.0000e+00
743	0.0000e+00	5.3100e-10	0.0000e+00	0.0000e+00
744	0.0000e+00	2.1448e-09	0.0000e+00	0.0000e+00
745	0.0000e+00	3.3536e-09	0.0000e+00	0.0000e+00
746	0.0000e+00	3.9452e-09	0.0000e+00	0.0000e+00
747	0.0000e+00	3.8147e-09	0.0000e+00	0.0000e+00
748	0.0000e+00	3.0041e-09	0.0000e+00	0.0000e+00
749	0.0000e+00	1.6701e-09	0.0000e+00	0.0000e+00
750	0.0000e+00	7.4210e-11	0.0000e+00	0.0000e+00
751	0.0000e+00	-1.4881e-09	0.0000e+00	0.0000e+00
752	0.0000e+00	-2.7232e-09	0.0000e+00	0.0000e+00
753	0.0000e+00	-3.4129e-09	0.0000e+00	0.0000e+00
754	0.0000e+00	-3.4350e-09	0.0000e+00	0.0000e+00
755	0.0000e+00	-2.8023e-09	0.0000e+00	0.0000e+00
756	0.0000e+00	-1.6404e-09	0.0000e+00	0.0000e+00
757	0.0000e+00	-1.7919e-10	0.0000e+00	0.0000e+00
758	0.0000e+00	1.3079e-09	0.0000e+00	0.0000e+00
759	0.0000e+00	2.5398e-09	0.0000e+00	0.0000e+00
760	0.0000e+00	3.2949e-09	0.0000e+00	0.0000e+00
761	0.0000e+00	3.4374e-09	0.0000e+00	0.0000e+00
762	0.0000e+00	2.9539e-09	0.0000e+00	0.0000e+00
763	0.0000e+00	1.9415e-09	0.0000e+00	0.0000e+00
764	0.0000e+00	5.9953e-10	0.0000e+00	0.0000e+00
765	0.0000e+00	-8.2044e-10	0.0000e+00	0.0000e+00
766	0.0000e+00	-2.0514e-09	0.0000e+00	0.0000e+00
767	0.0000e+00	-2.8711e-09	0.0000e+00	0.0000e+00
768	0.0000e+00	-3.1328e-09	0.0000e+00	0.0000e+00
769	0.0000e+00	-2.8004e-09	0.0000e+00	0.0000e+00
770	0.0000e+00	-1.9446e-09	0.0000e+00	0.0000e+00
771	0.0000e+00	-7.3584e-10	0.0000e+00	0.0000e+00
772	0.0000e+00	5.9614e-10	0.0000e+00	0.0000e+00
773	0.0000e+00	1.7995e-09	0.0000e+00	0.0000e+00
774	0.0000e+00	2.6537e-09	0.0000e+00	0.0000e+00
775	0.0000e+00	3.0038e-09	0.0000e+00	0.0000e+00
776	0.0000e+00	2.7938e-09	0.0000e+00	0.0000e+00
777	0.0000e+00	2.0706e-09	0.0000e+00	0.0000e+00
778	0.0000e+00	9.7710e-10	0.0000e+00	0.0000e+00
779	0.0000e+00	-2.7847e-10	0.0000e+00	0.0000e+00
780	0.0000e+00	-1.4604e-09	0.0000e+00	0.0000e+00
781	0.0000e+00	-2.3515e-09	0.0000e+00	0.0000e+00
782	0.0000e+00	-2.7915e-09	0.0000e+00	0.0000e+00
783	0.0000e+00	-2.7071e-09	0.0000e+00	0.0000e+00
784	0.0000e+00	-2.1236e-09	0.0000e+00	0.0000e+00
785	0.0000e+00	-1.1582e-09	0.0000e+00	0.0000e+00
786	0.0000e+00	2.1224e-12	0.0000e+00	0.0000e+00
787	0.0000e+00	1.1384e-09	0.0000e+00	0.0000e+00
788	0.0000e+00	2.0382e-09	0.0000e+00	0.0000e+00
789	0.0000e+00	2.5385e-09	0.0000e+00	0.0000e+00
790	0.0000e+00	2.5511e-09	0.0000e+00	0.0000e+00
791	0.0000e+00	2.0821e-09	0.0000e+00	0.0000e+00
792	0.0000e+00	1.2244e-09	0.0000e+00	0.0000e+00
793	0.0000e+00	1.4470e-10	0.0000e+00	0.0000e+00
794	0.0000e+00	-9.5544e-10	0.0000e+00	0.0000e+00
795	0.0000e+00	-1.8699e-09	0.0000e+00	0.0000e+00
796	0.0000e+00	-2.4349e-09	0.0000e+00	0.0000e+00
797	0.0000e+00	-2.5494e-09	0.0000e+00	0.0000e+00
798	0.0000e+00	-2.2029e-09	0.0000e+00	0.0000e+00
799	0.0000e+00	-1.4653e-09	0.0000e+00	0.0000e+00
800	0.0000e+00	-4.8389e-10	0.0000e+00	0.0000e+00
801	0.0000e+00	5.5737e-10	0.0000e+00	0.0000e+00
802	0.0000e+00	1.4599e-09	0.0000e+00	0.0000e+00
803	0.0000e+00	2.0607e-09	0.0000e+00	0.0000e+00
804	0.0000e+00	2.2485e-09	0.0000e+00	0.0000e+00
805	0.0000e+00	1.9981e-09	0.0000e+00	0.0000e+00
806	0.0000e+00	1.3582e-09	0.0000e+00	0.0000e+00
807	0.0000e+00	4.5724e-10	0.0000e+00	0.0000e+00
808	0.0000e+00	-5.3829e-10	0.0000e+00	0.0000e+00
809	0.0000e+00	-1.4382e-09	0.0000e+00	0.0000e+00
810	0.0000e+00	-2.0822e-09	0.0000e+00	0.0000e+00
811	0.0000e+00	-2.3508e-09	0.0000e+00	0.0000e+00
812	0.0000e+00	-2.2058e-09	0.0000e+00	0.0000e+00
813	0.0000e+00	-1.6764e-09	0.0000e+00	0.0000e+00
814	0.0000e+00	-8.7343e-10	0.0000e+00	0.0000e+00
815	0.0000e+00	5.4279e-11	0.0000e+00	0.0000e+00
816	0.0000e+00	9.2554e-10	0.0000e+00	0.0000e+00
817	0.0000e+00	1.5844e-09	0.0000e+00	0.0000e+00
818	0.0000e+00	1.9046e-09	0.0000e+00	0.0000e+00
819	0.0000e+00	1.8373e-09	0.0000e+00	0.0000e+00
820	0.0000e+00	1.3936e-09	0.0000e+00	0.0000e+00
821	0.0000e+00	6.6778e-10	0.0000e+00	0.0000e+00
822	0.0000e+00	-2.0891e-10	0.0000e+00	0.0000e+00
823	0.0000e+00	-1.0648e-09	0.0000e+00	0.0000e+00
824	0.0000e+00	-1.7494e-09	0.0000e+00	0.0000e+00
825	0.0000e+00	-2.1316e-09	0.0000e+00	0.0000e+00
826	0.0000e+00	-2.1537e-09	0.0000e+00	0.0000e+00
827	0.0000e+00	-1.8100e-09	0.0000e+00	0.0000e+00
828	0.0000e+00	-1.1795e-09	0.0000e+00	0.0000e+00
829	0.0000e+00	-3.7631e-10	0.0000e+00	0.0000e+00
830	0.0000e+00	4.3787e-10	0.0000e+00	0.0000e+00
831	0.0000e+00	1.1194e-09	0.0000e+00	0.0000e+00
832	0.0000e+00	1.5333e-09	0.0000e+00	0.0000e+00
833	0.0000e+00	1.6151e-09	0.0000e+00	0.0000e+00
834	0.0000e+00	1.3440e-09	0.0000e+00	0.0000e+00
835	0.0000e+00	7.8440e-10	0.0000e+00	0.0000e+00
836	0.0000e+00	3.3656e-11	0.0000e+00	0.0000e+00
837	0.0000e+00	-7.5647e-10	0.0000e+00	0.0000e+00
838	0.0000e+00	-1.4502e-09	0.0000e+00	0.0000e+00
839	0.0000e+00	-1.9103e-09	0.0000e+00	0.0000e+00
840	0.0000e+00	-2.0669e-09	0.0000e+00	0.0000e+00
841	0.0000e+00	-1.8852e-09	0.0000e+00	0.0000e+00
842	0.0000e+00	-1.4170e-09	0.0000e+00	0.0000e+00
843	0.0000e+00	-7.4294e-10	0.0000e+00	0.0000e+00
844	0.0000e+00	-4.7839e-12	0.0000e+00	0.0000e+00
845	0.0000e+00	6.7042e-10	0.0000e+00	0.0000e+00
846	0.0000e+00	1.1441e-09	0.0000e+00	0.0000e+00
847	0.0000e+00	1.3428e-09	0.0000e+00	0.0000e+00
848	0.0000e+00	1.2193e-09	0.0000e+00	0.0000e+00
849	0.0000e+00	8.1337e-10	0.0000e+00	0.0000e+00
850	0.0000e+00	1.8969e-10	0.0000e+00	0.0000e+00
851	0.0000e+00	-5.1978e-10	0.0000e+00	0.0000e+00
852	0.0000e+00	-1.1976e-09	0.0000e+00	0.0000e+00
853	0.0000e+00	-1.7048e-09	0.0000e+00	0.0000e+00
854	0.0000e+00	-1.9660e-09	0.0000e+00	0.0000e+00
855	0.0000e+00	-1.9224e-09	0.0000e+00	0.0000e+00
856	0.0000e+00	-1.6035e-09	0.0000e+00	0.0000e+00
857	0.0000e+00	-1.0584e-09	0.0000e+00	0.0000e+00
858	0.0000e+00	-4.0948e-10	0.0000e+00	0.0000e+00
859	0.0000e+00	2.3613e-10	0.0000e+00	0.0000e+00
860	0.0000e+00	7.3975e-10	0.0000e+00	0.0000e+00
861	0.0000e+00	1.0256e-09	0.0000e+00	0.0000e+00
862	0.0000e+00	1.0242e-09	0.0000e+00	0.0000e+00
863	0.0000e+00	7.5642e-10	0.0000e+00	0.0000e+00
864	0.0000e+00	2.5574e-10	0.0000e+00	0.0000e+00
865	0.0000e+00	-3.6420e-10	0.0000e+00	0.0000e+00
866	0.0000e+00	-1.0075e-09	0.0000e+00	0.0000e+00
867	0.0000e+00	-1.5362e-09	0.0000e+00	0.0000e+00
868	0.0000e+00	-1.8757e-09	0.0000e+00	0.0000e+00
869	0.0000e+00	-1.9469e-09	0.0000e+00	0.0000e+00
870	0.0000e+00	-1.7635e-09	0.0000e+00	0.0000e+00
871	0.0000e+00	-1.3436e-09	0.0000e+00	0.0000e+00
872	0.0000e+00	-7.9302e-10	0.0000e+00	0.0000e+00
873	0.0000e+00	-1.9562e-10	0.0000e+00	0.0000e+00
874	0.0000e+00	3.1149e-10	0.0000e+00	0.0000e+00
875	0.0000e+00	6.5651e-10	0.0000e+00	0.0000e+00
876	0.0000e+00	7.5101e-10	0.0000e+00	0.0000e+00
877	0.0000e+00	6.0321e-10	0.0000e+00	0.0000e+00
878	0.0000e+00	2.1613e-10	0.0000e+00	0.0000e+00
879	0.0000e+00	-3.1151e-10	0.0000e+00	0.0000e+00
880	0.0000e+00	-9.0898e-10	0.0000e+00	0.0000e+00
881	0.0000e+00	-1.4396e-09	0.0000e+00	0.0000e+00
882	0.0000e+00	-1.8368e-09	0.0000e+00	0.0000e+00
883	0.0000e+00	-2.0027e-09	0.0000e+00	0.0000e+00
884	0.0000e+00	-1.9426e-09	0.0000e+00	0.0000e+00
885	0.0000e+00	-1.6439e-09	0.0000e+00	0.0000e+00
886	0.0000e+00	-1.2004e-09	0.0000e+00	0.0000e+00
887	0.0000e+00	-6.6818e-10	0.0000e+00	0.0000e+00
888	0.0000e+00	-1.8499e-10	0.0000e+00	0.0000e+00
889	0.0000e+00	1.9033e-10	0.0000e+00	0.0000e+00
890	0.0000e+00	3.4883e-10	0.0000e+00	0.0000e+00
891	0.0000e+00	2.9653e-10	0.0000e+00	0.0000e+00
892	0.0000e+00	1.7414e-12	0.0000e+00	0.0000e+00
893	0.0000e+00	-4.4229e-10	0.0000e+00	0.0000e+00
894	0.0000e+00	-1.0000e-09	0.0000e+00	0.0000e+00
895	0.0000e+00	-1.5279e-09	0.0000e+00	0.0000e+00
896	0.0000e+00	-1.9839e-09	0.0000e+00	0.0000e+00
897	0.0000e+00	-2.2418e-09	0.0000e+00	0.0000e+00
898	0.0000e+00	-2.3222e-09	0.0000e+00	0.0000e+00
899	0.0000e+00	-2.1640e-09	0.0000e+00	0.0000e+00
900	0.0000e+00	-1.8859e-09	0.0000e+00	0.0000e+00
901	0.0000e+00	-1.4804e-09	0.0000e+00	0.0000e+00
902	0.0000e+00	-1.1888e-09	0.0000e+00	0.0000e+00
903	0.0000e+00	-9.5753e-10	0.0000e+00	0.0000e+00
904	0.0000e+00	-8.4068e-10	0.0000e+00	0.0000e+00
905	0.0000e+00	-8.3980e-10	0.0000e+00	0.0000e+00
906	0.0000e+00	-9.6582e-10	0.0000e+00	0.0000e+00
907	0.0000e+00	-1.1740e-09	0.0000e+00	0.0000e+00
908	0.0000e+00	-1.4372e-09	0.0000e+00	0.0000e+00
909	0.0000e+00	-1.6851e-09	0.0000e+00	0.0000e+00
910	0.0000e+00	-1.8852e-09	0.0000e+00	0.0000e+00
911	0.0000e+00	-1.9792e-09	0.0000e+00	0.0000e+00
912	0.0000e+00	-1.9649e-09	0.0000e+00	0.0000e+00
913	0.0000e+00	-1.8235e-09	0.0000e+00	0.0000e+00
914	0.0000e+00	-1.5977e-09	0.0000e+00	0.0000e+00
915	0.0000e+00	-1.3063e-09	0.0000e+00	0.0000e+00
916	0.0000e+00	-1.0198e-09	0.0000e+00	0.0000e+00
917	0.0000e+00	-7.6546e-10	0.0000e+00	0.0000e+00
918	0.0000e+00	-6.0649e-10	0.0000e+00	0.0000e+00
919	0.0000e+00	-5.4341e-10	0.0000e+00	0.0000e+00
920	0.0000e+00	-6.0389e-10	0.0000e+00	0.0000e+00
921	0.0000e+00	-7.4515e-10	0.0000e+00	0.0000e+00
922	0.0000e+00	-9.5819e-10	0.0000e+00	0.0000e+00
923	0.0000e+00	-1.1700e-09	0.0000e+00	0.0000e+00
924	0.0000e+00	-1.3610e-09	0.0000e+00	0.0000e+00
925	0.0000e+00	-1.4605e-09	0.0000e+00	0.0000e+00
926	0.0000e+00	-1.4727e-09	0.0000e+00	0.0000e+00
927	0.0000e+00	-1.3572e-09	0.0000e+00	0.0000e+00
928	0.0000e+00	-1.1609e-09	0.0000e+00	0.0000e+00
929	0.0000e+00	-8.7723e-10	0.0000e+00	0.0000e+00
930	0.0000e+00	-5.8651e-10	0.0000e+00	0.0000e+00
931	0.0000e+00	-2.9188e-10	0.0000e+00	0.0000e+00
932	0.0000e+00	-7.8495e-11	0.0000e+00	0.0000e+00
933	0.0000e+00	7.7071e-11	0.0000e+00	0.0000e+00
934	0.0000e+00	1.1010e-10	0.0000e+00	0.0000e+00
935	0.0000e+00	9.9926e-11	0.0000e+00	0.0000e+00
936	0.0000e+00	0.0000e+00	0.0000e+00	0.0000e+00
937	0.0000e+00	0.0000e+00	0.0000e+00	0.0000e+00
938	0.0000e+00	0.0000e+00	0.0000e+00	0.0000e+00
939	0.0000e+00	0.0000e+00	0.0000e+00	0.0000e+00
940	0.0000e+00	0.0000e+00	0.0000e+00	0.0000e+00
941	0.0000e+00	0.0000e+00	0.0000e+00	0.0000e+00
942	0.0000e+00	0.0000e+00	0.0000e+00	0.0000e+00
943	0.0000e+00	0.0000e+00	0.0000e+00	0.0000e+00
944	0.0000e+00	0.0000e+00	0.0000e+00	0.0000e+00
945	0.0000e+00	0.0000e+00	0.0000e+00	0.0000e+00
946	0.0000e+00	0.0000e+00	0.0000e+00	0.0000e+00
947	0.0000e+00	0.0000e+00	0.0000e+00	0.0000e+00
948	0.0000e+00	0.0000e+00	0.0000e+00	0.0000e+00
949	0.0000e+00	0.0000e+00	0.0000e+00	0.0000e+00
950	0.0000e+00	0.0000e+00	0.0000e+00	0.0000e+00
951	0.0000e+00	0.0000e+00	0.0000e+00	0.0000e+00
952	0.0000e+00	0.0000e+00	0.0000e+00	0.0000e+00
953	0.0000e+00	0.0000e+00	0.0000e+00	0.0000e+00
954	0.0000e+00	0.0000e+00	0.0000e+00	0.0000e+00
955	0.0000e+00	0.0000e+00	0.0000e+00	0.0000e+00
956	0.0000e+00	0.0000e+00	0.0000e+00	0.0000e+00
957	0.0000e+00	0.0000e+00	0.0000e+00	0.0000e+00
958	0.0000e+00	0.0000e+00	0.0000e+00	0.0000e+00
959	0.0000e+00	0.0000e+00	0.0000e+00	0.0000e+00
960	0.0000e+00	0.0000e+00	0.0000e+00	0.0000e+00
961	0.0000e+00	0.0000e+00	0.0000e+00	0.0000e+00
962	0.0000e+00	0.0000e+00	0.0000e+00	0.0000e+00
963	0.0000e+00	0.0000e+00	0.0000e+00	0.0000e+00
964	0.0000e+00	0.0000e+00	0.0000e+00	0.0000e+00
965	0.0000e+00	0.0000e+00	0.0000e+00	0.0000e+00
966	0.0000e+00	0.0000e+00	0.0000e+00	0.0000e+00
967	0.0000e+00	0.0000e+00	0.0000e+00	0.0000e+00
968	0.0000e+00	0.0000e+00	0.0000e+00	0.0000e+00
969	0.0000e+00	0.0000e+00	0.0000e+00	0.0000e+00
970	0.0000e+00	0.0000e+00	0.0000e+00	0.0000e+00
971	0.0000e+00	0.0000e+00	0.0000e+00	0.0000e+00
972	0.0000e+00	0.0000e+00	0.0000e+00	0.0000e+00
973	0.0000e+00	0.0000e+00	0.0000e+00	0.0000e+00
974	0.0000e+00	0.0000e+00	0.0000e+00	0.0000e+00
975	0.0000e+00	0.0000e+00	0.0000e+00	0.0000e+00
976	0.0000e+00	0.0000e+00	0.0000e+00	0.0000e+00
977	0.0000e+00	0.0000e+00	0.0000e+00	0.0000e+00
978	0.0000e+00	0.0000e+00	0.0000e+00	0.0000e+00
979	0.0000e+00	0.0000e+00	0.0000e+00	0.0000e+00
980	0.0000e+00	0.0000e+00	0.0000e+00	0.0000e+00
981	0.0000e+00	0.0000e+00	0.0000e+00	0.0000e+00
982	0.0000e+00	0.0000e+00	0.0000e+00	0.0000e+00
983	0.0000e+00	0.0000e+00	0.0000e+00	0.0000e+00
984	0.0000e+00	0.0000e+00	0.0000e+00	0.0000e+00
985	0.0000e+00	0.0000e+00	0.0000e+00	0.0000e+00
986	0.0000e+00	0.0000e+00	0.0000e+00	0.0000e+00
987	0.0000e+00	0.0000e+00	0.0000e+00	0.0000e+00
988	0.0000e+00	0.0000e+00	0.0000e+00	0.0000e+00
989	0.0000e+00	0.0000e+00	0.0000e+00	0.0000e+00
990	0.0000e+00	0.0000e+00	0.0000e+00	0.0000e+00
991	0.0000e+00	0.0000e+00	0.0000e+00	0.0000e+00
992	0.0000e+00	0.0000e+00	0.0000e+00	0.0000e+00
993	0.0000e+00	0.0000e+00	0.0000e+00	0.0000e+00
994	0.0000e+00	0.0000e+00	0.0000e+00	0.0000e+00
995	0.0000e+00	0.0000e+00	0.0000e+00	0.0000e+00
996	0.0000e+00	0.0000e+00	0.0000e+00	0.0000e+00
997	0.0000e+00	0.0000e+00	0.0000e+00	0.0000e+00
998	0.0000e+00	0.0000e+00	0.0000e+00	0.0000e+00
999	0.0000e+00	0.0000e+00	0.0000e+00	0.0000e+00
1000	0.0000e+00	0.0000e+00	0.0000e+00	0.0000e+00
1001	0.0000e+00	0.0000e+00	0.0000e+00	0.0000e+00
1002	0.0000e+00	0.0000e+00	0.0000e+00	0.0000e+00
1003	0.0000e+00	0.0000e+00	0.0000e+00	0.0000e+00
1004	0.0000e+00	0.0000e+00	0.0000e+00	0.0000e+00
1005	0.0000e+00	0.0000e+00	0.0000e+00	0.0000e+00
1006	0.0000e+00	0.0000e+00	0.0000e+00	0.0000e+00
1007	0.0000e+00	0.0000e+00	0.0000e+00	0.0000e+00
1008	0.0000e+00	0.0000e+00	0.0000e+00	0.0000e+00
1009	0.0000e+00	0.0000e+00	0.0000e+00	0.0000e+00
1010	0.0000e+00	0.0000e+00	0.0000e+00	0.0000e+00
1011	0.0000e+00	0.0000e+00	0.0000e+00	0.0000e+00
1012	0.0000e+00	0.0000e+00	0.0000e+00	0.0000e+00
1013	0.0000e+00	0.0000e+00	0.0000e+00	0.0000e+00
1014	0.0000e+00	0.0000e+00	0.0000e+00	0.0000e+00
1015	0.0000e+00	0.0000e+00	0.0000e+00	0.0000e+00
1016	0.0000e+00	0.0000e+00	0.0000e+00	0.0000e+00
1017	0.0000e+00	0.0000e+00	0.0000e+00	0.0000e+00
1018	0.0000e+00	0.0000e+00	0.0000e+00	0.0000e+00
1019	0.0000e+00	0.0000e+00	0.0000e+00	0.0000e+00
1020	0.0000e+00	0.0000e+00	0.0000e+00	0.0000e+00
1021	0.0000e+00	0.0000e+00	0.0000e+00	0.0000e+00
1022	0.0000e+00	0.0000e+00	0.0000e+00	0.0000e+00
1023	0.0000e+00	0.0000e+00	0.0000e+00	0.0000e+00
1024	0.0000e+00	0.0000e+00	0.0000e+00	0.0000e+00
1025	0.0000e+00	0.0000e+00	0.0000e+00	0.0000e+00
1026	0.0000e+00	0.0000e+00	0.0000e+00	0.0000e+00
1027	0.0000e+00	0.0000e+00	0.0000e+00	0.0000e+00
1028	0.0000e+00	0.0000e+00	0.0000e+00	0.0000e+00
1029	0.0000e+00	0.0000e+00	0.0000e+00	0.0000e+00
1030	0.0000e+00	0.0000e+00	0.0000e+00	0.0000e+00
1031	0.0000e+00	0.0000e+00	0.0000e+00	0.0000e+00
1032	0.0000e+00	0.0000e+00	0.0000e+00	0.0000e+00
1033	0.0000e+00	0.0000e+00	0.0000e+00	0.0000e+00
1034	0.0000e+00	0.0000e+00	0.0000e+00	0.0000e+00
1035	0.0000e+00	0.0000e+00	0.0000e+00	0.0000e+00
1036	0.0000e+00	0.0000e+00	0.0000e+00	0.0000e+00
1037	0.0000e+00	0.0000e+00	0.0000e+00	0.0000e+00
1038	0.0000e+00	0.0000e+00	0.0000e+00	0.0000e+00
1039	0.0000e+00	0.0000e+00	0.0000e+00	0.0000e+00
1040	0.0000e+00	0.0000e+00	0.0000e+00	0.0000e+00
1041	0.0000e+00	0.0000e+00	0.0000e+00	0.0000e+00
1042	0.0000e+00	0.0000e+00	0.0000e+00	0.0000e+00
1043	0.0000e+00	0.0000e+00	0.0000e+00	0.0000e+00
1044	0.0000e+00	0.0000e+00	0.0000e+00	0.0000e+00
1045	0.0000e+00	0.0000e+00	0.0000e+00	0.0000e+00
1046	0.0000e+00	0.0000e+00	0.0000e+00	0.0000e+00
1047	0.0000e+00	0.0000e+00	0.0000e+00	0.0000e+00
1048	0.0000e+00	0.0000e+00	0.0000e+00	0.0000e+00
1049	0.0000e+00	0.0000e+00	0.0000e+00	0.0000e+00
1050	0.0000e+00	0.0000e+00	0.0000e+00	0.0000e+00
1051	0.0000e+00	0.0000e+00	0.0000e+00	0.0000e+00
1052	0.0000e+00	0.0000e+00	0.0000e+00	0.0000e+00
1053	0.0000e+00	0.0000e+00	0.0000e+00	0.0000e+00
1054	0.0000e+00	0.0000e+00	0.0000e+00	0.0000e+00
1055	0.0000e+00	0.0000e+00	0.0000e+00	0.0000e+00
1056	0.0000e+00	0.0000e+00	0.0000e+00	0.0000e+00
1057	0.0000e+00	0.0000e+00	0.0000e+00	0.0000e+00
1058	0.0000e+00	0.0000e+00	0.0000e+00	0.0000e+00
1059	0.0000e+00	0.0000e+00	0.0000e+00	0.0000e+00
1060	0.0000e+00	0.0000e+00	0.0000e+00	0.0000e+00
1061	0.0000e+00	0.0000e+00	0.0000e+00	0.0000e+00
1062	0.0000e+00	0.0000e+00	0.0000e+00	0.0000e+00
1063	0.0000e+00	0.0000e+00	0.0000e+00	0.0000e+00
1064	0.0000e+00	0.0000e+00	0.0000e+00	0.0000e+00
1065	0.0000e+00	0.0000e+00	0.0000e+00	0.0000e+00
1066	0.0000e+00	0.0000e+00	0.0000e+00	0.0000e+00
1067	0.0000e+00	0.0000e+00	0.0000e+00	0.0000e+00
1068	0.0000e+00	0.0000e+00	0.0000e+00	0.0000e+00
1069	0.0000e+00	0.0000e+00	0.0000e+00	0.0000e+00
1070	0.0000e+00	0.0000e+00	0.0000e+00	0.0000e+00
1071	0.0000e+00	0.0000e+00	0.0000e+00	0.0000e+00
1072	0.0000e+00	0.0000e+00	0.0000e+00	0.0000e+00
1073	0.0000e+00	0.0000e+00	0.0000e+00	0.0000e+00
1074	0.0000e+00	0.0000e+00	0.0000e+00	0.0000e+00
1075	0.0000e+00	0.0000e+00	0.0000e+00	0.0000e+00
1076	0.0000e+00	0.0000e+00	0.0000e+00	0.0000e+00
1077	0.0000e+00	0.0000e+00	0.0000e+00	0.0000e+00
1078	0.0000e+00	0.0000e+00	0.0000e+00	0.0000e+00
1079	0.0000e+00	0.0000e+00	0.0000e+00	0.0000e+00
1080	0.0000e+00	0.0000e+00	0.0000e+00	0.0000e+00
1081	0.0000e+00	0.0000e+00	0.0000e+00	0.0000e+00
1082	0.0000e+00	0.0000e+00	0.0000e+00	0.0000e+00
1083	0.0000e+00	0.0000e+00	0.0000e+00	0.0000e+00
1084	0.0000e+00	0.0000e+00	0.0000e+00	0.0000e+00
1085	0.0000e+00	0.0000e+00	0.0000e+00	0.0000e+00
1086	0.0000e+00	0.0000e+00	0.0000e+00	0.0000e+00
1087	0.0000e+00	0.0000e+00	0.0000e+00	0.0000e+00
1088	0.0000e+00	0.0000e+00	0.0000e+00	0.0000e+00
1089	0.0000e+00	0.0000e+00	0.0000e+00	0.0000e+00
1090	0.0000e+00	0.0000e+00	0.0000e+00	0.0000e+00
1091	0.0000e+00	0.0000e+00	0.0000e+00	0.0000e+00
1092	0.0000e+00	0.0000e+00	0.0000e+00	0.0000e+00
1093	0.0000e+00	0.0000e+00	0.0000e+00	0.0000e+00
1094	0.0000e+00	0.0000e+00	0.0000e+00	0.0000e+00
1095	0.0000e+00	0.0000e+00	0.0000e+00	0.0000e+00
1096	0.0000e+00	0.0000e+00	0.0000e+00	0.0000e+00
1097	0.0000e+00	0.0000e+00	0.0000e+00	0.0000e+00
1098	0.0000e+00	0.0000e+00	0.0000e+00	0.0000e+00
1099	0.0000e+00	0.0000e+00	0.0000e+00	0.0000e+00
1100	0.0000e+00	0.0000e+00	0.0000e+00	0.0000e+00
1101	0.0000e+00	0.0000e+00	0.0000e+00	0.0000e+00
1102	0.0000e+00	0.0000e+00	0.0000e+00	0.0000e+00
1103	0.0000e+00	0.0000e+00	0.0000e+00	0.0000e+00
1104	0.0000e+00	0.0000e+00	0.0000e+00	0.0000e+00
1105	0.0000e+00	0.0000e+00	0.0000e+00	0.0000e+00
1106	0.0000e+00	0.0000e+00	0.0000e+00	0.0000e+00
1107	0.0000e+00	0.0000e+00	0.0000e+00	0.0000e+00
1108	0.0000e+00	0.0000e+00	0.0000e+00	0.0000e+00
1109	0.0000e+00	0.0000e+00	0.0000e+00	0.0000e+00
1110	0.0000e+00	0.0000e+00	0.0000e+00	0.0000e+00
1111	0.0000e+00	0.0000e+00	0.0000e+00	0.0000e+00
1112	0.0000e+00	0.0000e+00	0.0000e+00	0.0000e+00
1113	0.0000e+00	0.0000e+00	0.0000e+00	0.0000e+00
1114	0.0000e+00	0.0000e+00	0.0000e+00	0.0000e+00
1115	0.0000e+00	0.0000e+00	0.0000e+00	0.0000e+00
1116	0.0000e+00	0.0000e+00	0.0000e+00	0.0000e+00
1117	0.0000e+00	0.0000e+00	0.0000e+00	0.0000e+00
1118	0.0000e+00	0.0000e+00	0.0000e+00	0.0000e+00
1119	0.0000e+00	0.0000e+00	0.0000e+00	0.0000e+00
1120	0.0000e+00	0.0000e+00	0.0000e+00	0.0000e+00
1121	0.0000e+00	0.0000e+00	0.0000e+00	0.0000e+00
1122	0.0000e+00	0.0000e+00	0.0000e+00	0.0000e+00
1123	0.0000e+00	0.0000e+00	0.0000e+00	0.0000e+00
1124	0.0000e+00	0.0000e+00	0.0000e+00	0.0000e+00
1125	0.0000e+00	0.0000e+00	0.0000e+00	0.0000e+00
1126	0.0000e+00	0.0000e+00	0.0000e+00	0.0000e+00
1127	0.0000e+00	0.0000e+00	0.0000e+00	0.0000e+00
1128	0.0000e+00	0.0000e+00	0.0000e+00	0.0000e+00
1129	0.0000e+00	0.0000e+00	0.0000e+00	0.0000e+00
1130	0.0000e+00	0.0000e+00	0.0000e+00	0.0000e+00
1131	0.0000e+00	0.0000e+00	0.0000e+00	0.0000e+00
1132	0.0000e+00	0.0000e+00	0.0000e+00	0.0000e+00
1133	0.0000e+00	0.0000e+00	0.0000e+00	0.0000e+00
1134	0.0000e+00	0.0000e+00	0.0000e+00	0.0000e+00
1135	0.0000e+00	0.0000e+00	0.0000e+00	0.0000e+00
1136	0.0000e+00	0.0000e+00	0.0000e+00	0.0000e+00
1137	0.0000e+00	0.0000e+00	0.0000e+00	0.0000e+00
1138	0.0000e+00	0.0000e+00	0.0000e+00	0.0000e+00
1139	0.0000e+00	0.0000e+00	0.0000e+00	0.0000e+00
1140	0.0000e+00	0.0000e+00	0.0000e+00	0.0000e+00
1141	0.0000e+00	0.0000e+00	0.0000e+00	0.0000e+00
1142	0.0000e+00	0.0000e+00	0.0000e+00	0.0000e+00
1143	0.0000e+00	0.0000e+00	0.0000e+00	0.0000e+00
1144	0.0000e+00	0.0000e+00	0.0000e+00	0.0000e+00
1145	0.0000e+00	0.0000e+00	0.0000e+00	0.0000e+00
1146	0.0000e+00	0.0000e+00	0.0000e+00	0.0000e+00
1147	0.0000e+00	0.0000e+00	0.0000e+00	0.0000e+00
1148	0.0000e+00	0.0000e+00	0.0000e+00	0.0000e+00
1149	0.0000e+00	0.0000e+00	0.0000e+00	0.0000e+00
1150	0.0000e+00	0.0000e+00	0.0000e+00	0.0000e+00
1151	0.0000e+00	0.0000e+00	0.0000e+00	0.0000e+00
1152	0.0000e+00	0.0000e+00	0.0000e+00	0.0000e+00
1153	0.0000e+00	0.0000e+00	0.0000e+00	0.0000e+00
1154	0.0000e+00	0.0000e+00	0.0000e+00	0.0000e+00
1155	0.0000e+00	0.0000e+00	0.0000e+00	0.0000e+00
1156	0.0000e+00	0.0000e+00	0.0000e+00	0.0000e+00
1157	0.0000e+00	0.0000e+00	0.0000e+00	0.0000e+00
1158	0.0000e+00	0.0000e+00	0.0000e+00	0.0000e+00
1159	0.0000e+00	0.0000e+00	0.0000e+00	0.0000e+00
1160	0.0000e+00	0.0000e+00	0.0000e+00	0.0000e+00
1161	0.0000e+00	0.0000e+00	0.0000e+00	0.0000e+00
1162	0.0000e+00	0.0000e+00	0.0000e+00	0.0000e+00
1163	0.0000e+00	0.0000e+00	0.0000e+00	0.0000e+00
1164	0.0000e+00	0.0000e+00	0.0000e+00	0.0000e+00
1165	0.0000e+00	0.0000e+00	0.0000e+00	0.0000e+00
1166	0.0000e+00	0.0000e+00	0.0000e+00	0.0000e+00
1167	0.0000e+00	0.0000e+00	0.0000e+00	0.0000e+00
1168	0.0000e+00	0.0000e+00	0.0000e+00	0.0000e+00
1169	0.0000e+00	0.0000e+00	0.0000e+00	0.0000e+00
1170	0.0000e+00	0.0000e+00	0.0000e+00	0.0000e+00
1171	0.0000e+00	0.0000e+00	0.0000e+00	0.0000e+00
1172	0.0000e+00	0.0000e+00	0.0000e+00	0.0000e+00
1173	0.0000e+00	0.0000e+00	0.0000e+00	0.0000e+00
1174	0.0000e+00	0.0000e+00	0.0000e+00	0.0000e+00
1175	0.0000e+00	0.0000e+00	0.0000e+00	0.0000e+00
1176	0.0000e+00	0.0000e+00	0.0000e+00	0.0000e+00
1177	0.0000e+00	0.0000e+00	0.0000e+00	0.0000e+00
1178	0.0000e+00	0.0000e+00	0.0000e+00	0.0000e+00
1179	0.0000e+00	0.0000e+00	0.0000e+00	0.0000e+00
1180	0.0000e+00	0.0000e+00	0.0000e+00	0.0000e+00
1181	0.0000e+00	0.0000e+00	0.0000e+00	0.0000e+00
1182	0.0000e+00	0.0000e+00	0.0000e+00	0.0000e+00
1183	0.0000e+00	0.0000e+00	0.0000e+00	0.0000e+00
1184	0.0000e+00	0.0000e+00	0.0000e+00	0.0000e+00
1185	0.0000e+00	0.0000e+00	0.0000e+00	0.0000e+00
1186	0.0000e+00	0.0000e+00	0.0000e+00	0.0000e+00
1187	0.0000e+00	0.0000e+00	0.0000e+00	0.0000e+00
1188	0.0000e+00	0.0000e+00	0.0000e+00	0.0000e+00
1189	0.0000e+00	0.0000e+00	0.0000e+00	0.0000e+00
1190	0.0000e+00	0.0000e+00	0.0000e+00	0.0000e+00
1191	0.0000e+00	0.0000e+00	0.0000e+00	0.0000e+00
1192	0.0000e+00	0.0000e+00	0.0000e+00	0.0000e+00
1193	0.0000e+00	0.0000e+00	0.0000e+00	0.0000e+00
1194	0.0000e+00	0.0000e+00	0.0000e+00	0.0000e+00
1195	0.0000e+00	0.0000e+00	0.0000e+00	0.0000e+00
1196	0.0000e+00	0.0000e+00	0.0000e+00	0.0000e+00
1197	0.0000e+00	0.0000e+00	0.0000e+00	0.0000e+00
1198	0.0000e+00	0.0000e+00	0.0000e+00	0.0000e+00
1199	0.0000e+00	0.0000e+00	0.0000e+00	0.0000e+00
1200	0.0000e+00	0.0000e+00	0.0000e+00	0.0000e+00
