2	1.9678e-04	0.0000e+00	0.0000e+00	0.0000e+00
3	8.9060e-05	0.0000e+00	0.0000e+00	0.0000e+00
4	3.1908e-05	0.0000e+00	0.0000e+00	0.0000e+00
5	-1.2408e-06	0.0000e+00	0.0000e+00	0.0000e+00
6	-1.9501e-05	0.0000e+00	0.0000e+00	0.0000e+00
7	-2.7373e-05	0.0000e+00	0.0000e+00	0.0000e+00
8	-2.7863e-05	0.0000e+00	0.0000e+00	0.0000e+00
9	-2.3408e-05	0.0000e+00	0.0000e+00	0.0000e+00
10	-1.6139e-05	0.0000e+00	0.0000e+00	0.0000e+00
11	-7.9000e-06	0.0000e+00	0.0000e+00	0.0000e+00
12	-1.8771e-07	0.0000e+00	0.0000e+00	0.0000e+00
13	5.9129e-06	0.0000e+00	0.0000e+00	0.0000e+00
14	9.7679e-06	0.0000e+00	0.0000e+00	0.0000e+00
15	1.1190e-05	0.0000e+00	0.0000e+00	0.0000e+00
16	1.0387e-05	0.0000e+00	0.0000e+00	0.0000e+00
17	7.8687e-06	0.0000e+00	0.0000e+00	0.0000e+00
18	4.3316e-06	0.0000e+00	0.0000e+00	0.0000e+00
19	5.2742e-07	0.0000e+00	0.0000e+00	0.0000e+00
20	-2.8565e-06	0.0000e+00	0.0000e+00	0.0000e+00
21	-5.2939e-06	0.0000e+00	0.0000e+00	0.0000e+00
22	-6.4824e-06	0.0000e+00	0.0000e+00	0.0000e+00
23	-6.3642e-06	0.0000e+00	0.0000e+00	0.0000e+00
24	-5.1084e-06	0.0000e+00	0.0000e+00	0.0000e+00
25	-3.0581e-06	0.0000e+00	0.0000e+00	0.0000e+00
26	-6.5659e-07	0.0000e+00	0.0000e+00	0.0000e+00
27	1.6367e-06	0.0000e+00	0.0000e+00	0.0000e+00
28	3.4246e-06	0.0000e+00	0.0000e+00	0.0000e+00
29	4.4335e-06	0.0000e+00	0.0000e+00	0.0000e+00
30	4.5494e-06	0.0000e+00	0.0000e+00	0.0000e+00
31	3.8241e-06	0.0000e+00	0.0000e+00	0.0000e+00
32	2.4532e-06	0.0000e+00	0.0000e+00	0.0000e+00
33	7.3133e-07	0.0000e+00	0.0000e+00	0.0000e+00
34	-1.0059e-06	0.0000e+00	0.0000e+00	0.0000e+00
35	-2.4434e-06	0.0000e+00	0.0000e+00	0.0000e+00
36	-3.3404e-06	0.0000e+00	0.0000e+00	0.0000e+00
37	-3.5680e-06	0.0000e+00	0.0000e+00	0.0000e+00
38	-3.1246e-06	0.0000e+00	0.0000e+00	0.0000e+00
39	-2.1292e-06	0.0000e+00	0.0000e+00	0.0000e+00
40	-7.9342e-07	0.0000e+00	0.0000e+00	0.0000e+00
41	6.2122e-07	0.0000e+00	0.0000e+00	0.0000e+00
42	1.8522e-06	0.0000e+00	0.0000e+00	0.0000e+00
43	2.6832e-06	0.0000e+00	0.0000e+00	0.0000e+00
44	2.9802e-06	0.0000e+00	0.0000e+00	0.0000e+00
45	2.7120e-06	0.0000e+00	0.0000e+00	0.0000e+00
46	1.9514e-06	0.0000e+00	0.0000e+00	0.0000e+00
47	8.5787e-07	0.0000e+00	0.0000e+00	0.0000e+00
48	-3.5490e-07	0.0000e+00	0.0000e+00	0.0000e+00
49	-1.4593e-06	0.0000e+00	0.0000e+00	0.0000e+00
50	-2.2554e-06	0.0000e+00	0.0000e+00	0.0000e+00
51	-2.6066e-06	0.0000e+00	0.0000e+00	0.0000e+00
52	-2.4618e-06	0.0000e+00	0.0000e+00	0.0000e+00
53	-1.8624e-06	0.0000e+00	0.0000e+00	0.0000e+00
54	-9.3183e-07	0.0000e+00	0.0000e+00	0.0000e+00
55	1.4895e-07	0.0000e+00	0.0000e+00	0.0000e+00
56	1.1761e-06	0.0000e+00	0.0000e+00	0.0000e+00
57	1.9605e-06	0.0000e+00	0.0000e+00	0.0000e+00
58	2.3622e-06	0.0000e+00	0.0000e+00	0.0000e+00
59	2.3144e-06	0.0000e+00	0.0000e+00	0.0000e+00
60	1.8347e-06	0.0000e+00	0.0000e+00	0.0000e+00
61	1.0200e-06	0.0000e+00	0.0000e+00	0.0000e+00
62	2.7132e-08	0.0000e+00	0.0000e+00	0.0000e+00
63	-9.5639e-07	0.0000e+00	0.0000e+00	0.0000e+00
64	-1.7477e-06	0.0000e+00	0.0000e+00	0.0000e+00
65	-2.2020e-06	0.0000e+00	0.0000e+00	0.0000e+00
66	-2.2386e-06	0.0000e+00	0.0000e+00	0.0000e+00
67	-1.8549e-06	0.0000e+00	0.0000e+00	0.0000e+00
68	-1.1264e-06	0.0000e+00	0.0000e+00	0.0000e+00
69	-1.9187e-07	0.0000e+00	0.0000e+00	0.0000e+00
70	7.7294e-07	0.0000e+00	0.0000e+00	0.0000e+00
71	1.5877e-06	0.0000e+00	0.0000e+00	0.0000e+00
72	2.1008e-06	0.0000e+00	0.0000e+00	0.0000e+00
73	2.2175e-06	0.0000e+00	0.0000e+00	0.0000e+00
74	1.9169e-06	0.0000e+00	0.0000e+00	0.0000e+00
75	1.2560e-06	0.0000e+00	0.0000e+00	0.0000e+00
76	3.5841e-07	0.0000e+00	0.0000e+00	0.0000e+00
77	-6.0785e-07	0.0000e+00	0.0000e+00	0.0000e+00
78	-1.4619e-06	0.0000e+00	0.0000e+00	0.0000e+00
79	-2.0435e-06	0.0000e+00	0.0000e+00	0.0000e+00
80	-2.2425e-06	0.0000e+00	0.0000e+00	0.0000e+00
81	-2.0197e-06	0.0000e+00	0.0000e+00	0.0000e+00
82	-1.4145e-06	0.0000e+00	0.0000e+00	0.0000e+00
83	-5.3795e-07	0.0000e+00	0.0000e+00	0.0000e+00
84	4.4760e-07	0.0000e+00	0.0000e+00	0.0000e+00
85	1.3579e-06	0.0000e+00	0.0000e+00	0.0000e+00
86	2.0212e-06	0.0000e+00	0.0000e+00	0.0000e+00
87	2.3101e-06	0.0000e+00	0.0000e+00	0.0000e+00
88	2.1659e-06	0.0000e+00	0.0000e+00	0.0000e+00
89	1.6101e-06	0.0000e+00	0.0000e+00	0.0000e+00
90	7.4180e-07	0.0000e+00	0.0000e+00	0.0000e+00
91	-2.8020e-07	0.0000e+00	0.0000e+00	0.0000e+00
92	-1.2658e-06	0.0000e+00	0.0000e+00	0.0000e+00
93	-2.0286e-06	0.0000e+00	0.0000e+00	0.0000e+00
94	-2.4210e-06	0.0000e+00	0.0000e+00	0.0000e+00
95	-2.3620e-06	0.0000e+00	0.0000e+00	0.0000e+00
96	-1.8539e-06	0.0000e+00	0.0000e+00	0.0000e+00
97	-9.8330e-07	0.0000e+00	0.0000e+00	0.0000e+00
98	9.3130e-08	0.0000e+00	0.0000e+00	0.0000e+00
99	1.1768e-06	0.0000e+00	0.0000e+00	0.0000e+00
100	2.0630e-06	0.0000e+00	0.0000e+00	0.0000e+00
101	2.5795e-06	0.0000e+00	0.0000e+00	0.0000e+00
102	2.6191e-06	0.0000e+00	0.0000e+00	0.0000e+00
103	2.1616e-06	0.0000e+00	0.0000e+00	0.0000e+00
104	1.2799e-06	0.0000e+00	0.0000e+00	0.0000e+00
105	1.2884e-07	0.0000e+00	0.0000e+00	0.0000e+00
106	-1.0815e-06	0.0000e+00	0.0000e+00	0.0000e+00
107	-2.1236e-06	0.0000e+00	0.0000e+00	0.0000e+00
108	-2.7944e-06	0.0000e+00	0.0000e+00	0.0000e+00
109	-2.9547e-06	0.0000e+00	0.0000e+00	0.0000e+00
110	-2.5566e-06	0.0000e+00	0.0000e+00	0.0000e+00
111	-1.6562e-06	0.0000e+00	0.0000e+00	0.0000e+00
112	-4.0641e-07	0.0000e+00	0.0000e+00	0.0000e+00
113	9.6822e-07	0.0000e+00	0.0000e+00	0.0000e+00
114	2.2111e-06	0.0000e+00	0.0000e+00	0.0000e+00
115	3.0806e-06	0.0000e+00	0.0000e+00	0.0000e+00
116	3.3961e-06	0.0000e+00	0.0000e+00	0.0000e+00
117	3.0743e-06	0.0000e+00	0.0000e+00	0.0000e+00
118	2.1491e-06	0.0000e+00	0.0000e+00	0.0000e+00
119	7.7015e-07	0.0000e+00	0.0000e+00	0.0000e+00
120	-8.2016e-07	0.0000e+00	0.0000e+00	0.0000e+00
121	-2.3282e-06	0.0000e+00	0.0000e+00	0.0000e+00
122	-3.4621e-06	0.0000e+00	0.0000e+00	0.0000e+00
123	-3.9866e-06	0.0000e+00	0.0000e+00	0.0000e+00
124	-3.7706e-06	0.0000e+00	0.0000e+00	0.0000e+00
125	-2.8168e-06	0.0000e+00	0.0000e+00	0.0000e+00
126	-1.2684e-06	0.0000e+00	0.0000e+00	0.0000e+00
127	6.1088e-07	0.0000e+00	0.0000e+00	0.0000e+00
128	2.4793e-06	0.0000e+00	0.0000e+00	0.0000e+00
129	3.9779e-06	0.0000e+00	0.0000e+00	0.0000e+00
130	4.7970e-06	0.0000e+00	0.0000e+00	0.0000e+00
131	4.7377e-06	0.0000e+00	0.0000e+00	0.0000e+00
132	3.7562e-06	0.0000e+00	0.0000e+00	0.0000e+00
133	1.9821e-06	0.0000e+00	0.0000e+00	0.0000e+00
134	-2.9548e-07	0.0000e+00	0.0000e+00	0.0000e+00
135	-2.6718e-06	0.0000e+00	0.0000e+00	0.0000e+00
136	-4.6952e-06	0.0000e+00	0.0000e+00	0.0000e+00
137	-5.9498e-06	0.0000e+00	0.0000e+00	0.0000e+00
138	-6.1364e-06	0.0000e+00	0.0000e+00	0.0000e+00
139	-5.1382e-06	0.0000e+00	0.0000e+00	0.0000e+00
140	-3.0563e-06	0.0000e+00	0.0000e+00	0.0000e+00
141	-2.0778e-07	0.0000e+00	0.0000e+00	0.0000e+00
142	2.9174e-06	0.0000e+00	0.0000e+00	0.0000e+00
143	5.7354e-06	0.0000e+00	0.0000e+00	0.0000e+00
144	7.6709e-06	0.0000e+00	0.0000e+00	0.0000e+00
145	8.2681e-06	0.0000e+00	0.0000e+00	0.0000e+00
146	7.2870e-06	0.0000e+00	0.0000e+00	0.0000e+00
147	4.7698e-06	0.0000e+00	0.0000e+00	0.0000e+00
148	1.0590e-06	0.0000e+00	0.0000e+00	0.0000e+00
149	-3.2383e-06	0.0000e+00	0.0000e+00	0.0000e+00
150	-7.3392e-06	0.0000e+00	0.0000e+00	0.0000e+00
151	-1.0416e-05	0.0000e+00	0.0000e+00	0.0000e+00
152	-1.1749e-05	0.0000e+00	0.0000e+00	0.0000e+00
153	-1.0876e-05	0.0000e+00	0.0000e+00	0.0000e+00
154	-7.7106e-06	0.0000e+00	0.0000e+00	0.0000e+00
155	-2.5999e-06	0.0000e+00	0.0000e+00	0.0000e+00
156	3.6849e-06	0.0000e+00	0.0000e+00	0.0000e+00
157	1.0044e-05	0.0000e+00	0.0000e+00	0.0000e+00
158	1.5217e-05	0.0000e+00	0.0000e+00	0.0000e+00
159	1.8000e-05	0.0000e+00	0.0000e+00	0.0000e+00
160	1.7484e-05	0.0000e+00	0.0000e+00	0.0000e+00
161	1.3276e-05	0.0000e+00	0.0000e+00	0.0000e+00
162	5.6449e-06	0.0000e+00	0.0000e+00	0.0000e+00
163	-4.4169e-06	0.0000e+00	0.0000e+00	0.0000e+00
164	-1.5270e-05	0.0000e+00	0.0000e+00	0.0000e+00
165	-2.4827e-05	0.0000e+00	0.0000e+00	0.0000e+00
166	-3.0875e-05	0.0000e+00	0.0000e+00	0.0000e+00
167	-3.1473e-05	0.0000e+00	0.0000e+00	0.0000e+00
168	-2.5380e-05	0.0000e+00	0.0000e+00	0.0000e+00
169	-1.2436e-05	0.0000e+00	0.0000e+00	0.0000e+00
170	6.1690e-06	0.0000e+00	0.0000e+00	0.0000e+00
171	2.7814e-05	0.0000e+00	0.0000e+00	0.0000e+00
172	4.8599e-05	0.0000e+00	0.0000e+00	0.0000e+00
173	6.3760e-05	0.0000e+00	0.0000e+00	0.0000e+00
174	6.8341e-05	0.0000e+00	0.0000e+00	0.0000e+00
175	5.8085e-05	0.0000e+00	0.0000e+00	0.0000e+00
176	3.0457e-05	0.0000e+00	0.0000e+00	0.0000e+00
177	-1.4284e-05	0.0000e+00	0.0000e+00	0.0000e+00
178	-7.2113e-05	0.0000e+00	0.0000e+00	0.0000e+00
179	-1.3447e-04	0.0000e+00	0.0000e+00	0.0000e+00
180	-1.8784e-04	0.0000e+00	0.0000e+00	0.0000e+00
181	-2.1373e-04	0.0000e+00	0.0000e+00	0.0000e+00
182	-1.8922e-04	0.0000e+00	0.0000e+00	0.0000e+00
183	-8.7901e-05	0.0000e+00	0.0000e+00	0.0000e+00
184	1.1861e-04	0.0000e+00	0.0000e+00	0.0000e+00
185	4.5885e-04	0.0000e+00	0.0000e+00	0.0000e+00
186	9.5940e-04	0.0000e+00	0.0000e+00	0.0000e+00
187	1.6427e-03	0.0000e+00	0.0000e+00	0.0000e+00
188	2.5250e-03	0.0000e+00	0.0000e+00	0.0000e+00
189	3.6146e-03	0.0000e+00	0.0000e+00	0.0000e+00
190	4.9105e-03	0.0000e+00	0.0000e+00	0.0000e+00
191	6.4016e-03	0.0000e+00	0.0000e+00	0.0000e+00
192	8.0668e-03	0.0000e+00	0.0000e+00	0.0000e+00
193	9.8757e-03	0.0000e+00	0.0000e+00	0.0000e+00
194	1.1790e-02	0.0000e+00	0.0000e+00	0.0000e+00
195	1.3764e-02	0.0000e+00	0.0000e+00	0.0000e+00
196	1.5752e-02	0.0000e+00	0.0000e+00	0.0000e+00
197	1.7703e-02	0.0000e+00	0.0000e+00	0.0000e+00
198	1.9570e-02	0.0000e+00	0.0000e+00	0.0000e+00
199	2.1311e-02	0.0000e+00	0.0000e+00	0.0000e+00
200	2.2890e-02	0.0000e+00	0.0000e+00	0.0000e+00
201	2.4281e-02	0.0000e+00	0.0000e+00	0.0000e+00
202	2.5468e-02	0.0000e+00	0.0000e+00	0.0000e+00
203	2.6443e-02	0.0000e+00	0.0000e+00	0.0000e+00
204	2.7213e-02	0.0000e+00	0.0000e+00	0.0000e+00
205	2.7790e-02	0.0000e+00	0.0000e+00	0.0000e+00
206	2.8197e-02	0.0000e+00	0.0000e+00	0.0000e+00
207	2.8462e-02	0.0000e+00	0.0000e+00	0.0000e+00
208	2.8616e-02	0.0000e+00	0.0000e+00	0.0000e+00
209	2.8692e-02	0.0000e+00	0.0000e+00	0.0000e+00
210	2.8718e-02	0.0000e+00	0.0000e+00	0.0000e+00
211	2.8722e-02	0.0000e+00	0.0000e+00	0.0000e+00
212	2.8722e-02	0.0000e+00	0.0000e+00	0.0000e+00
213	2.8729e-02	0.0000e+00	0.0000e+00	0.0000e+00
214	2.8746e-02	0.0000e+00	0.0000e+00	0.0000e+00
215	2.8766e-02	0.0000e+00	0.0000e+00	0.0000e+00
216	2.8772e-02	0.0000e+00	0.0000e+00	0.0000e+00
217	2.8743e-02	0.0000e+00	0.0000e+00	0.0000e+00
218	2.8649e-02	0.0000e+00	0.0000e+00	0.0000e+00
219	2.8459e-02	0.0000e+00	0.0000e+00	0.0000e+00
220	2.8140e-02	0.0000e+00	0.0000e+00	0.0000e+00
221	2.7662e-02	0.0000e+00	0.0000e+00	0.0000e+00
222	2.6998e-02	0.0000e+00	0.0000e+00	0.0000e+00
223	2.6131e-02	0.0000e+00	0.0000e+00	0.0000e+00
224	2.5052e-02	0.0000e+00	0.0000e+00	0.0000e+00
225	2.3760e-02	0.0000e+00	0.0000e+00	0.0000e+00
226	2.2269e-02	0.0000e+00	0.0000e+00	0.0000e+00
227	2.0601e-02	0.0000e+00	0.0000e+00	0.0000e+00
228	1.8788e-02	0.0000e+00	0.0000e+00	0.0000e+00
229	1.6870e-02	0.0000e+00	0.0000e+00	0.0000e+00
230	1.4893e-02	0.0000e+00	0.0000e+00	0.0000e+00
231	1.2907e-02	0.0000e+00	0.0000e+00	0.0000e+00
232	1.0960e-02	0.0000e+00	0.0000e+00	0.0000e+00
233	9.0983e-03	0.0000e+00	0.0000e+00	0.0000e+00
234	7.3630e-03	0.0000e+00	0.0000e+00	0.0000e+00
235	5.7877e-03	0.0000e+00	0.0000e+00	0.0000e+00
236	4.3969e-03	0.0000e+00	0.0000e+00	0.0000e+00
237	3.2055e-03	0.0000e+00	0.0000e+00	0.0000e+00
238	2.2184e-03	0.0000e+00	0.0000e+00	0.0000e+00
239	1.4308e-03	0.0000e+00	0.0000e+00	0.0000e+00
240	8.3018e-04	0.0000e+00	0.0000e+00	0.0000e+00
241	3.9700e-04	0.0000e+00	0.0000e+00	0.0000e+00
242	1.0727e-04	0.0000e+00	0.0000e+00	0.0000e+00
243	-6.5631e-05	0.0000e+00	0.0000e+00	0.0000e+00
244	-1.4887e-04	0.0000e+00	0.0000e+00	0.0000e+00
245	-1.6835e-04	0.0000e+00	0.0000e+00	0.0000e+00
246	-1.4726e-04	0.0000e+00	0.0000e+00	0.0000e+00
247	-1.0500e-04	0.0000e+00	0.0000e+00	0.0000e+00
248	-5.6591e-05	0.0000e+00	0.0000e+00	0.0000e+00
249	-1.2558e-05	0.0000e+00	0.0000e+00	0.0000e+00
250	2.0829e-05	0.0000e+00	0.0000e+00	0.0000e+00
251	4.0971e-05	0.0000e+00	0.0000e+00	0.0000e+00
252	4.8152e-05	0.0000e+00	0.0000e+00	0.0000e+00
253	4.4646e-05	0.0000e+00	0.0000e+00	0.0000e+00
254	3.3832e-05	0.0000e+00	0.0000e+00	0.0000e+00
255	1.9397e-05	0.0000e+00	0.0000e+00	0.0000e+00
256	4.7064e-06	0.0000e+00	0.0000e+00	0.0000e+00
257	-7.6310e-06	0.0000e+00	0.0000e+00	0.0000e+00
258	-1.5989e-05	0.0000e+00	0.0000e+00	0.0000e+00
259	-1.9759e-05	0.0000e+00	0.0000e+00	0.0000e+00
260	-1.9223e-05	0.0000e+00	0.0000e+00	0.0000e+00
261	-1.5327e-05	0.0000e+00	0.0000e+00	0.0000e+00
262	-9.3930e-06	0.0000e+00	0.0000e+00	0.0000e+00
263	-2.8348e-06	0.0000e+00	0.0000e+00	0.0000e+00
264	3.0892e-06	0.0000e+00	0.0000e+00	0.0000e+00
265	7.4540e-06	0.0000e+00	0.0000e+00	0.0000e+00
266	9.7603e-06	0.0000e+00	0.0000e+00	0.0000e+00
267	9.9441e-06	0.0000e+00	0.0000e+00	0.0000e+00
268	8.3148e-06	0.0000e+00	0.0000e+00	0.0000e+00
269	5.4426e-06	0.0000e+00	0.0000e+00	0.0000e+00
270	2.0226e-06	0.0000e+00	0.0000e+00	0.0000e+00
271	-1.2619e-06	0.0000e+00	0.0000e+00	0.0000e+00
272	-3.8522e-06	0.0000e+00	0.0000e+00	0.0000e+00
273	-5.3905e-06	0.0000e+00	0.0000e+00	0.0000e+00
274	-5.7518e-06	0.0000e+00	0.0000e+00	0.0000e+00
275	-5.0327e-06	0.0000e+00	0.0000e+00	0.0000e+00
276	-3.5041e-06	0.0000e+00	0.0000e+00	0.0000e+00
277	-1.5422e-06	0.0000e+00	0.0000e+00	0.0000e+00
278	4.5031e-07	0.0000e+00	0.0000e+00	0.0000e+00
279	2.1165e-06	0.0000e+00	0.0000e+00	0.0000e+00
280	3.2011e-06	0.0000e+00	0.0000e+00	0.0000e+00
281	3.5817e-06	0.0000e+00	0.0000e+00	0.0000e+00
282	3.2741e-06	0.0000e+00	0.0000e+00	0.0000e+00
283	2.4130e-06	0.0000e+00	0.0000e+00	0.0000e+00
284	1.2147e-06	0.0000e+00	0.0000e+00	0.0000e+00
285	-6.9609e-08	0.0000e+00	0.0000e+00	0.0000e+00
286	-1.2017e-06	0.0000e+00	0.0000e+00	0.0000e+00
287	-1.9964e-06	0.0000e+00	0.0000e+00	0.0000e+00
288	-2.3478e-06	0.0000e+00	0.0000e+00	0.0000e+00
289	-2.2399e-06	0.0000e+00	0.0000e+00	0.0000e+00
290	-1.7393e-06	0.0000e+00	0.0000e+00	0.0000e+00
291	-9.7559e-07	0.0000e+00	0.0000e+00	0.0000e+00
292	-1.1155e-07	0.0000e+00	0.0000e+00	0.0000e+00
293	6.8828e-07	0.0000e+00	0.0000e+00	0.0000e+00
294	1.2870e-06	0.0000e+00	0.0000e+00	0.0000e+00
295	1.5966e-06	0.0000e+00	0.0000e+00	0.0000e+00
296	1.5891e-06	0.0000e+00	0.0000e+00	0.0000e+00
297	1.2952e-06	0.0000e+00	0.0000e+00	0.0000e+00
298	7.9414e-07	0.0000e+00	0.0000e+00	0.0000e+00
299	1.9455e-07	0.0000e+00	0.0000e+00	0.0000e+00
300	-3.8704e-07	0.0000e+00	0.0000e+00	0.0000e+00
301	-8.4774e-07	0.0000e+00	0.0000e+00	0.0000e+00
302	-1.1153e-06	0.0000e+00	0.0000e+00	0.0000e+00
303	-1.1582e-06	0.0000e+00	0.0000e+00	0.0000e+00
304	-9.8792e-07	0.0000e+00	0.0000e+00	0.0000e+00
305	-6.5297e-07	0.0000e+00	0.0000e+00	0.0000e+00
306	-2.2736e-07	0.0000e+00	0.0000e+00	0.0000e+00
307	2.0481e-07	0.0000e+00	0.0000e+00	0.0000e+00
308	5.6511e-07	0.0000e+00	0.0000e+00	0.0000e+00
309	7.9434e-07	0.0000e+00	0.0000e+00	0.0000e+00
310	8.6155e-07	0.0000e+00	0.0000e+00	0.0000e+00
311	7.6732e-07	0.0000e+00	0.0000e+00	0.0000e+00
312	5.4116e-07	0.0000e+00	0.0000e+00	0.0000e+00
313	2.3402e-07	0.0000e+00	0.0000e+00	0.0000e+00
314	-9.2455e-08	0.0000e+00	0.0000e+00	0.0000e+00
315	-3.7783e-07	0.0000e+00	0.0000e+00	0.0000e+00
316	-5.7357e-07	0.0000e+00	0.0000e+00	0.0000e+00
317	-6.5086e-07	0.0000e+00	0.0000e+00	0.0000e+00
318	-6.0433e-07	0.0000e+00	0.0000e+00	0.0000e+00
319	-4.5133e-07	0.0000e+00	0.0000e+00	0.0000e+00
320	-2.2714e-07	0.0000e+00	0.0000e+00	0.0000e+00
321	2.2622e-08	0.0000e+00	0.0000e+00	0.0000e+00
322	2.5092e-07	0.0000e+00	0.0000e+00	0.0000e+00
323	4.1788e-07	0.0000e+00	0.0000e+00	0.0000e+00
324	4.9744e-07	0.0000e+00	0.0000e+00	0.0000e+00
325	4.8112e-07	0.0000e+00	0.0000e+00	0.0000e+00
326	3.7834e-07	0.0000e+00	0.0000e+00	0.0000e+00
327	2.1350e-07	0.0000e+00	0.0000e+00	0.0000e+00
328	2.0614e-08	0.0000e+00	0.0000e+00	0.0000e+00
329	-1.6346e-07	0.0000e+00	0.0000e+00	0.0000e+00
330	-3.0588e-07	0.0000e+00	0.0000e+00	0.0000e+00
331	-3.8346e-07	0.0000e+00	0.0000e+00	0.0000e+00
332	-3.8624e-07	0.0000e+00	0.0000e+00	0.0000e+00
333	-3.1845e-07	0.0000e+00	0.0000e+00	0.0000e+00
334	-1.9684e-07	0.0000e+00	0.0000e+00	0.0000e+00
335	-4.6861e-08	0.0000e+00	0.0000e+00	0.0000e+00
336	1.0246e-07	0.0000e+00	0.0000e+00	0.0000e+00
337	2.2401e-07	0.0000e+00	0.0000e+00	0.0000e+00
338	2.9735e-07	0.0000e+00	0.0000e+00	0.0000e+00
339	3.1205e-07	0.0000e+00	0.0000e+00	0.0000e+00
340	2.6892e-07	0.0000e+00	0.0000e+00	0.0000e+00
341	1.7924e-07	0.0000e+00	0.0000e+00	0.0000e+00
342	6.2091e-08	0.0000e+00	0.0000e+00	0.0000e+00
343	-5.9602e-08	0.0000e+00	0.0000e+00	0.0000e+00
344	-1.6340e-07	0.0000e+00	0.0000e+00	0.0000e+00
345	-2.3142e-07	0.0000e+00	0.0000e+00	0.0000e+00
346	-2.5330e-07	0.0000e+00	0.0000e+00	0.0000e+00
347	-2.2766e-07	0.0000e+00	0.0000e+00	0.0000e+00
348	-1.6185e-07	0.0000e+00	0.0000e+00	0.0000e+00
349	-7.0107e-08	0.0000e+00	0.0000e+00	0.0000e+00
350	2.9397e-08	0.0000e+00	0.0000e+00	0.0000e+00
351	1.1808e-07	0.0000e+00	0.0000e+00	0.0000e+00
352	1.8036e-07	0.0000e+00	0.0000e+00	0.0000e+00
353	2.0628e-07	0.0000e+00	0.0000e+00	0.0000e+00
354	1.9309e-07	0.0000e+00	0.0000e+00	0.0000e+00
355	1.4526e-07	0.0000e+00	0.0000e+00	0.0000e+00
356	7.3385e-08	0.0000e+00	0.0000e+00	0.0000e+00
357	-8.1514e-09	0.0000e+00	0.0000e+00	0.0000e+00
358	-8.3946e-08	0.0000e+00	0.0000e+00	0.0000e+00
359	-1.4045e-07	0.0000e+00	0.0000e+00	0.0000e+00
360	-1.6833e-07	0.0000e+00	0.0000e+00	0.0000e+00
361	-1.6396e-07	0.0000e+00	0.0000e+00	0.0000e+00
362	-1.2978e-07	0.0000e+00	0.0000e+00	0.0000e+00
363	-7.3559e-08	0.0000e+00	0.0000e+00	0.0000e+00
364	-6.6764e-09	0.0000e+00	0.0000e+00	0.0000e+00
365	5.8099e-08	0.0000e+00	0.0000e+00	0.0000e+00
366	1.0902e-07	0.0000e+00	0.0000e+00	0.0000e+00
367	1.3746e-07	0.0000e+00	0.0000e+00	0.0000e+00
368	1.3931e-07	0.0000e+00	0.0000e+00	0.0000e+00
369	1.1554e-07	0.0000e+00	0.0000e+00	0.0000e+00
370	7.1726e-08	0.0000e+00	0.0000e+00	0.0000e+00
371	1.6477e-08	0.0000e+00	0.0000e+00	0.0000e+00
372	-3.9329e-08	0.0000e+00	0.0000e+00	0.0000e+00
373	-8.5638e-08	0.0000e+00	0.0000e+00	0.0000e+00
374	-1.1431e-07	0.0000e+00	0.0000e+00	0.0000e+00
375	-1.2105e-07	0.0000e+00	0.0000e+00	0.0000e+00
376	-1.0557e-07	0.0000e+00	0.0000e+00	0.0000e+00
377	-7.1836e-08	0.0000e+00	0.0000e+00	0.0000e+00
378	-2.6806e-08	0.0000e+00	0.0000e+00	0.0000e+00
379	2.0660e-08	0.0000e+00	0.0000e+00	0.0000e+00
380	6.1820e-08	0.0000e+00	0.0000e+00	0.0000e+00
381	8.9328e-08	0.0000e+00	0.0000e+00	0.0000e+00
382	9.8815e-08	0.0000e+00	0.0000e+00	0.0000e+00
383	8.9269e-08	0.0000e+00	0.0000e+00	0.0000e+00
384	6.3339e-08	0.0000e+00	0.0000e+00	0.0000e+00
385	2.6432e-08	0.0000e+00	0.0000e+00	0.0000e+00
386	-1.4153e-08	0.0000e+00	0.0000e+00	0.0000e+00
387	-5.0880e-08	0.0000e+00	0.0000e+00	0.0000e+00
388	-7.7134e-08	0.0000e+00	0.0000e+00	0.0000e+00
389	-8.8615e-08	0.0000e+00	0.0000e+00	0.0000e+00
390	-8.3808e-08	0.0000e+00	0.0000e+00	0.0000e+00
391	-6.4350e-08	0.0000e+00	0.0000e+00	0.0000e+00
392	-3.4394e-08	0.0000e+00	0.0000e+00	0.0000e+00
393	6.5557e-11	0.0000e+00	0.0000e+00	0.0000e+00
394	3.2554e-08	0.0000e+00	0.0000e+00	0.0000e+00
395	5.7139e-08	0.0000e+00	0.0000e+00	0.0000e+00
396	6.9677e-08	0.0000e+00	0.0000e+00	0.0000e+00
397	6.8316e-08	0.0000e+00	0.0000e+00	0.0000e+00
398	5.3918e-08	0.0000e+00	0.0000e+00	0.0000e+00
399	2.9613e-08	0.0000e+00	0.0000e+00	0.0000e+00
400	3.0821e-10	0.0000e+00	0.0000e+00	0.0000e+00
401	-2.8457e-08	0.0000e+00	0.0000e+00	0.0000e+00
402	-5.1385e-08	0.0000e+00	0.0000e+00	0.0000e+00
403	-6.4543e-08	0.0000e+00	0.0000e+00	0.0000e+00
404	-6.5867e-08	0.0000e+00	0.0000e+00	0.0000e+00
405	-5.5630e-08	0.0000e+00	0.0000e+00	0.0000e+00
406	-3.5870e-08	0.0000e+00	0.0000e+00	0.0000e+00
407	-1.0787e-08	0.0000e+00	0.0000e+00	0.0000e+00
408	1.4965e-08	0.0000e+00	0.0000e+00	0.0000e+00
409	3.6511e-08	0.0000e+00	0.0000e+00	0.0000e+00
410	5.0182e-08	0.0000e+00	0.0000e+00	0.0000e+00
411	5.3670e-08	0.0000e+00	0.0000e+00	0.0000e+00
412	4.6835e-08	0.0000e+00	0.0000e+00	0.0000e+00
413	3.1239e-08	0.0000e+00	0.0000e+00	0.0000e+00
414	1.0182e-08	0.0000e+00	0.0000e+00	0.0000e+00
415	-1.2337e-08	0.0000e+00	0.0000e+00	0.0000e+00
416	-3.2032e-08	0.0000e+00	0.0000e+00	0.0000e+00
417	-4.5461e-08	0.0000e+00	0.0000e+00	0.0000e+00
418	-5.0300e-08	0.0000e+00	0.0000e+00	0.0000e+00
419	-4.6049e-08	0.0000e+00	0.0000e+00	0.0000e+00
420	-3.3744e-08	0.0000e+00	0.0000e+00	0.0000e+00
421	-1.6011e-08	0.0000e+00	0.0000e+00	0.0000e+00
422	3.7648e-09	0.0000e+00	0.0000e+00	0.0000e+00
423	2.1807e-08	0.0000e+00	0.0000e+00	0.0000e+00
424	3.4930e-08	0.0000e+00	0.0000e+00	0.0000e+00
425	4.0835e-08	0.0000e+00	0.0000e+00	0.0000e+00
426	3.8763e-08	0.0000e+00	0.0000e+00	0.0000e+00
427	2.9321e-08	0.0000e+00	0.0000e+00	0.0000e+00
428	1.4575e-08	0.0000e+00	0.0000e+00	0.0000e+00
429	-2.6290e-09	0.0000e+00	0.0000e+00	0.0000e+00
430	-1.8974e-08	0.0000e+00	0.0000e+00	0.0000e+00
431	-3.1537e-08	0.0000e+00	0.0000e+00	0.0000e+00
432	-3.8074e-08	0.0000e+00	0.0000e+00	0.0000e+00
433	-3.7645e-08	0.0000e+00	0.0000e+00	0.0000e+00
434	-3.0512e-08	0.0000e+00	0.0000e+00	0.0000e+00
435	-1.8270e-08	0.0000e+00	0.0000e+00	0.0000e+00
436	-3.2940e-09	0.0000e+00	0.0000e+00	0.0000e+00
437	1.1514e-08	0.0000e+00	0.0000e+00	0.0000e+00
438	2.3489e-08	0.0000e+00	0.0000e+00	0.0000e+00
439	3.0470e-08	0.0000e+00	0.0000e+00	0.0000e+00
440	3.1394e-08	0.0000e+00	0.0000e+00	0.0000e+00
441	2.6247e-08	0.0000e+00	0.0000e+00	0.0000e+00
442	1.6233e-08	0.0000e+00	0.0000e+00	0.0000e+00
443	3.3126e-09	0.0000e+00	0.0000e+00	0.0000e+00
444	-9.9849e-09	0.0000e+00	0.0000e+00	0.0000e+00
445	-2.1243e-08	0.0000e+00	0.0000e+00	0.0000e+00
446	-2.8403e-08	0.0000e+00	0.0000e+00	0.0000e+00
447	-3.0325e-08	0.0000e+00	0.0000e+00	0.0000e+00
448	-2.6777e-08	0.0000e+00	0.0000e+00	0.0000e+00
449	-1.8636e-08	0.0000e+00	0.0000e+00	0.0000e+00
450	-7.5041e-09	0.0000e+00	0.0000e+00	0.0000e+00
451	4.4272e-09	0.0000e+00	0.0000e+00	0.0000e+00
452	1.4979e-08	0.0000e+00	0.0000e+00	0.0000e+00
453	2.2206e-08	0.0000e+00	0.0000e+00	0.0000e+00
454	2.4929e-08	0.0000e+00	0.0000e+00	0.0000e+00
455	2.2747e-08	0.0000e+00	0.0000e+00	0.0000e+00
456	1.6263e-08	0.0000e+00	0.0000e+00	0.0000e+00
457	6.7670e-09	0.0000e+00	0.0000e+00	0.0000e+00
458	-3.8502e-09	0.0000e+00	0.0000e+00	0.0000e+00
459	-1.3635e-08	0.0000e+00	0.0000e+00	0.0000e+00
460	-2.0766e-08	0.0000e+00	0.0000e+00	0.0000e+00
461	-2.4049e-08	0.0000e+00	0.0000e+00	0.0000e+00
462	-2.2955e-08	0.0000e+00	0.0000e+00	0.0000e+00
463	-1.7860e-08	0.0000e+00	0.0000e+00	0.0000e+00
464	-9.7866e-09	0.0000e+00	0.0000e+00	0.0000e+00
465	-3.5272e-10	0.0000e+00	0.0000e+00	0.0000e+00
466	8.6996e-09	0.0000e+00	0.0000e+00	0.0000e+00
467	1.5674e-08	0.0000e+00	0.0000e+00	0.0000e+00
468	1.9386e-08	0.0000e+00	0.0000e+00	0.0000e+00
469	1.9212e-08	0.0000e+00	0.0000e+00	0.0000e+00
470	1.5340e-08	0.0000e+00	0.0000e+00	0.0000e+00
471	8.5603e-09	0.0000e+00	0.0000e+00	0.0000e+00
472	2.4913e-10	0.0000e+00	0.0000e+00	0.0000e+00
473	-8.0494e-09	0.0000e+00	0.0000e+00	0.0000e+00
474	-1.4765e-08	0.0000e+00	0.0000e+00	0.0000e+00
475	-1.8741e-08	0.0000e+00	0.0000e+00	0.0000e+00
476	-1.9285e-08	0.0000e+00	0.0000e+00	0.0000e+00
477	-1.6434e-08	0.0000e+00	0.0000e+00	0.0000e+00
478	-1.0775e-08	0.0000e+00	0.0000e+00	0.0000e+00
479	-3.4695e-09	0.0000e+00	0.0000e+00	0.0000e+00
480	4.1213e-09	0.0000e+00	0.0000e+00	0.0000e+00
481	1.0554e-08	0.0000e+00	0.0000e+00	0.0000e+00
482	1.4709e-08	0.0000e+00	0.0000e+00	0.0000e+00
483	1.5851e-08	0.0000e+00	0.0000e+00	0.0000e+00
484	1.3891e-08	0.0000e+00	0.0000e+00	0.0000e+00
485	9.2471e-09	0.0000e+00	0.0000e+00	0.0000e+00
486	2.8873e-09	0.0000e+00	0.0000e+00	0.0000e+00
487	-3.9972e-09	0.0000e+00	0.0000e+00	0.0000e+00
488	-1.0085e-08	0.0000e+00	0.0000e+00	0.0000e+00
489	-1.4306e-08	0.0000e+00	0.0000e+00	0.0000e+00
490	-1.5899e-08	0.0000e+00	0.0000e+00	0.0000e+00
491	-1.4675e-08	0.0000e+00	0.0000e+00	0.0000e+00
492	-1.0905e-08	0.0000e+00	0.0000e+00	0.0000e+00
493	-5.3877e-09	0.0000e+00	0.0000e+00	0.0000e+00
494	8.4182e-10	0.0000e+00	0.0000e+00	0.0000e+00
495	6.5816e-09	0.0000e+00	0.0000e+00	0.0000e+00
496	1.0817e-08	0.0000e+00	0.0000e+00	0.0000e+00
497	1.2775e-08	0.0000e+00	0.0000e+00	0.0000e+00
498	1.2190e-08	0.0000e+00	0.0000e+00	0.0000e+00
499	9.2069e-09	0.0000e+00	0.0000e+00	0.0000e+00
500	4.4753e-09	0.0000e+00	0.0000e+00	0.0000e+00
501	-1.1132e-09	0.0000e+00	0.0000e+00	0.0000e+00
502	-6.4708e-09	0.0000e+00	0.0000e+00	0.0000e+00
503	-1.0643e-08	0.0000e+00	0.0000e+00	0.0000e+00
504	-1.2859e-08	0.0000e+00	0.0000e+00	0.0000e+00
505	-1.2791e-08	0.0000e+00	0.0000e+00	0.0000e+00
506	-1.0481e-08	0.0000e+00	0.0000e+00	0.0000e+00
507	-6.4455e-09	0.0000e+00	0.0000e+00	0.0000e+00
508	-1.4456e-09	0.0000e+00	0.0000e+00	0.0000e+00
509	3.5399e-09	0.0000e+00	0.0000e+00	0.0000e+00
510	7.6195e-09	0.0000e+00	0.0000e+00	0.0000e+00
511	1.0034e-08	0.0000e+00	0.0000e+00	0.0000e+00
512	1.0410e-08	0.0000e+00	0.0000e+00	0.0000e+00
513	8.7027e-09	0.0000e+00	0.0000e+00	0.0000e+00
514	5.3118e-09	0.0000e+00	0.0000e+00	0.0000e+00
515	8.8003e-10	0.0000e+00	0.0000e+00	0.0000e+00
516	-3.7169e-09	0.0000e+00	0.0000e+00	0.0000e+00
517	-7.6521e-09	0.0000e+00	0.0000e+00	0.0000e+00
518	-1.0186e-08	0.0000e+00	0.0000e+00	0.0000e+00
519	-1.0912e-08	0.0000e+00	0.0000e+00	0.0000e+00
520	-9.7148e-09	0.0000e+00	0.0000e+00	0.0000e+00
521	-6.8911e-09	0.0000e+00	0.0000e+00	0.0000e+00
522	-2.9765e-09	0.0000e+00	0.0000e+00	0.0000e+00
523	1.2502e-09	0.0000e+00	0.0000e+00	0.0000e+00
524	5.0271e-09	0.0000e+00	0.0000e+00	0.0000e+00
525	7.6400e-09	0.0000e+00	0.0000e+00	0.0000e+00
526	8.6621e-09	0.0000e+00	0.0000e+00	0.0000e+00
527	7.9178e-09	0.0000e+00	0.0000e+00	0.0000e+00
528	5.6160e-09	0.0000e+00	0.0000e+00	0.0000e+00
529	2.1954e-09	0.0000e+00	0.0000e+00	0.0000e+00
530	-1.6561e-09	0.0000e+00	0.0000e+00	0.0000e+00
531	-5.2411e-09	0.0000e+00	0.0000e+00	0.0000e+00
532	-7.8756e-09	0.0000e+00	0.0000e+00	0.0000e+00
533	-9.1211e-09	0.0000e+00	0.0000e+00	0.0000e+00
534	-8.7543e-09	0.0000e+00	0.0000e+00	0.0000e+00
535	-6.9080e-09	0.0000e+00	0.0000e+00	0.0000e+00
536	-3.9335e-09	0.0000e+00	0.0000e+00	0.0000e+00
537	-4.3406e-10	0.0000e+00	0.0000e+00	0.0000e+00
538	2.9559e-09	0.0000e+00	0.0000e+00	0.0000e+00
539	5.5864e-09	0.0000e+00	0.0000e+00	0.0000e+00
540	7.0146e-09	0.0000e+00	0.0000e+00	0.0000e+00
541	6.9801e-09	0.0000e+00	0.0000e+00	0.0000e+00
542	5.5501e-09	0.0000e+00	0.0000e+00	0.0000e+00
543	2.9978e-09	0.0000e+00	0.0000e+00	0.0000e+00
544	-1.5189e-10	0.0000e+00	0.0000e+00	0.0000e+00
545	-3.3261e-09	0.0000e+00	0.0000e+00	0.0000e+00
546	-5.9111e-09	0.0000e+00	0.0000e+00	0.0000e+00
547	-7.4664e-09	0.0000e+00	0.0000e+00	0.0000e+00
548	-7.7031e-09	0.0000e+00	0.0000e+00	0.0000e+00
549	-6.6325e-09	0.0000e+00	0.0000e+00	0.0000e+00
550	-4.4584e-09	0.0000e+00	0.0000e+00	0.0000e+00
551	-1.6333e-09	0.0000e+00	0.0000e+00	0.0000e+00
552	1.3293e-09	0.0000e+00	0.0000e+00	0.0000e+00
553	3.8535e-09	0.0000e+00	0.0000e+00	0.0000e+00
554	5.5067e-09	0.0000e+00	0.0000e+00	0.0000e+00
555	5.9789e-09	0.0000e+00	0.0000e+00	0.0000e+00
556	5.2343e-09	0.0000e+00	0.0000e+00	0.0000e+00
557	3.4154e-09	0.0000e+00	0.0000e+00	0.0000e+00
558	9.0766e-10	0.0000e+00	0.0000e+00	0.0000e+00
559	-1.8317e-09	0.0000e+00	0.0000e+00	0.0000e+00
560	-4.2661e-09	0.0000e+00	0.0000e+00	0.0000e+00
561	-5.9744e-09	0.0000e+00	0.0000e+00	0.0000e+00
562	-6.6329e-09	0.0000e+00	0.0000e+00	0.0000e+00
563	-6.1662e-09	0.0000e+00	0.0000e+00	0.0000e+00
564	-4.6625e-09	0.0000e+00	0.0000e+00	0.0000e+00
565	-2.4465e-09	0.0000e+00	0.0000e+00	0.0000e+00
566	7.8615e-11	0.0000e+00	0.0000e+00	0.0000e+00
567	2.4155e-09	0.0000e+00	0.0000e+00	0.0000e+00
568	4.1585e-09	0.0000e+00	0.0000e+00	0.0000e+00
569	4.9754e-09	0.0000e+00	0.0000e+00	0.0000e+00
570	4.7585e-09	0.0000e+00	0.0000e+00	0.0000e+00
571	3.5484e-09	0.0000e+00	0.0000e+00	0.0000e+00
572	1.6144e-09	0.0000e+00	0.0000e+00	0.0000e+00
573	-6.9154e-10	0.0000e+00	0.0000e+00	0.0000e+00
574	-2.9109e-09	0.0000e+00	0.0000e+00	0.0000e+00
575	-4.6565e-09	0.0000e+00	0.0000e+00	0.0000e+00
576	-5.5923e-09	0.0000e+00	0.0000e+00	0.0000e+00
577	-5.5846e-09	0.0000e+00	0.0000e+00	0.0000e+00
578	-4.6327e-09	0.0000e+00	0.0000e+00	0.0000e+00
579	-2.9554e-09	0.0000e+00	0.0000e+00	0.0000e+00
580	-8.5682e-10	0.0000e+00	0.0000e+00	0.0000e+00
581	1.2431e-09	0.0000e+00	0.0000e+00	0.0000e+00
582	2.9775e-09	0.0000e+00	0.0000e+00	0.0000e+00
583	4.0109e-09	0.0000e+00	0.0000e+00	0.0000e+00
584	4.1890e-09	0.0000e+00	0.0000e+00	0.0000e+00
585	3.4755e-09	0.0000e+00	0.0000e+00	0.0000e+00
586	2.0437e-09	0.0000e+00	0.0000e+00	0.0000e+00
587	1.5291e-10	0.0000e+00	0.0000e+00	0.0000e+00
588	-1.8147e-09	0.0000e+00	0.0000e+00	0.0000e+00
589	-3.5139e-09	0.0000e+00	0.0000e+00	0.0000e+00
590	-4.6136e-09	0.0000e+00	0.0000e+00	0.0000e+00
591	-4.9435e-09	0.0000e+00	0.0000e+00	0.0000e+00
592	-4.4372e-09	0.0000e+00	0.0000e+00	0.0000e+00
593	-3.2270e-09	0.0000e+00	0.0000e+00	0.0000e+00
594	-1.5305e-09	0.0000e+00	0.0000e+00	0.0000e+00
595	3.0669e-10	0.0000e+00	0.0000e+00	0.0000e+00
596	1.9622e-09	0.0000e+00	0.0000e+00	0.0000e+00
597	3.1122e-09	0.0000e+00	0.0000e+00	0.0000e+00
598	3.5749e-09	0.0000e+00	0.0000e+00	0.0000e+00
599	3.2581e-09	0.0000e+00	0.0000e+00	0.0000e+00
600	2.2576e-09	0.0000e+00	0.0000e+00	0.0000e+00
601	7.5260e-10	0.0000e+00	0.0000e+00	0.0000e+00
602	-9.4655e-10	0.0000e+00	0.0000e+00	0.0000e+00
603	-2.5412e-09	0.0000e+00	0.0000e+00	0.0000e+00
604	-3.7168e-09	0.0000e+00	0.0000e+00	0.0000e+00
605	-4.2842e-09	0.0000e+00	0.0000e+00	0.0000e+00
606	-4.1297e-09	0.0000e+00	0.0000e+00	0.0000e+00
607	-3.3168e-09	0.0000e+00	0.0000e+00	0.0000e+00
608	-1.9891e-09	0.0000e+00	0.0000e+00	0.0000e+00
609	-4.2326e-10	0.0000e+00	0.0000e+00	0.0000e+00
610	1.1059e-09	0.0000e+00	0.0000e+00	0.0000e+00
611	2.2955e-09	0.0000e+00	0.0000e+00	0.0000e+00
612	2.9519e-09	0.0000e+00	0.0000e+00	0.0000e+00
613	2.9442e-09	0.0000e+00	0.0000e+00	0.0000e+00
614	2.3072e-09	0.0000e+00	0.0000e+00	0.0000e+00
615	1.1518e-09	0.0000e+00	0.0000e+00	0.0000e+00
616	-2.7708e-10	0.0000e+00	0.0000e+00	0.0000e+00
617	-1.7288e-09	0.0000e+00	0.0000e+00	0.0000e+00
618	-2.9134e-09	0.0000e+00	0.0000e+00	0.0000e+00
619	-3.6361e-09	0.0000e+00	0.0000e+00	0.0000e+00
620	-3.7517e-09	0.0000e+00	0.0000e+00	0.0000e+00
621	-3.2704e-09	0.0000e+00	0.0000e+00	0.0000e+00
622	-2.2732e-09	0.0000e+00	0.0000e+00	0.0000e+00
623	-9.7474e-10	0.0000e+00	0.0000e+00	0.0000e+00
624	3.9803e-10	0.0000e+00	0.0000e+00	0.0000e+00
625	1.5694e-09	0.0000e+00	0.0000e+00	0.0000e+00
626	2.3457e-09	0.0000e+00	0.0000e+00	0.0000e+00
627	2.5712e-09	0.0000e+00	0.0000e+00	0.0000e+00
628	2.2342e-09	0.0000e+00	0.0000e+00	0.0000e+00
629	1.3888e-09	0.0000e+00	0.0000e+00	0.0000e+00
630	2.2141e-10	0.0000e+00	0.0000e+00	0.0000e+00
631	-1.0646e-09	0.0000e+00	0.0000e+00	0.0000e+00
632	-2.2086e-09	0.0000e+00	0.0000e+00	0.0000e+00
633	-3.0203e-09	0.0000e+00	0.0000e+00	0.0000e+00
634	-3.3357e-09	0.0000e+00	0.0000e+00	0.0000e+00
635	-3.1251e-09	0.0000e+00	0.0000e+00	0.0000e+00
636	-2.4179e-09	0.0000e+00	0.0000e+00	0.0000e+00
637	-1.3740e-09	0.0000e+00	0.0000e+00	0.0000e+00
638	-1.7419e-10	0.0000e+00	0.0000e+00	0.0000e+00
639	9.3689e-10	0.0000e+00	0.0000e+00	0.0000e+00
640	1.7740e-09	0.0000e+00	0.0000e+00	0.0000e+00
641	2.1677e-09	0.0000e+00	0.0000e+00	0.0000e+00
642	2.0726e-09	0.0000e+00	0.0000e+00	0.0000e+00
643	1.4965e-09	0.0000e+00	0.0000e+00	0.0000e+00
644	5.7444e-10	0.0000e+00	0.0000e+00	0.0000e+00
645	-5.3488e-10	0.0000e+00	0.0000e+00	0.0000e+00
646	-1.6029e-09	0.0000e+00	0.0000e+00	0.0000e+00
647	-2.4509e-09	0.0000e+00	0.0000e+00	0.0000e+00
648	-2.9066e-09	0.0000e+00	0.0000e+00	0.0000e+00
649	-2.9113e-09	0.0000e+00	0.0000e+00	0.0000e+00
650	-2.4535e-09	0.0000e+00	0.0000e+00	0.0000e+00
651	-1.6454e-09	0.0000e+00	0.0000e+00	0.0000e+00
652	-6.2455e-10	0.0000e+00	0.0000e+00	0.0000e+00
653	3.9689e-10	0.0000e+00	0.0000e+00	0.0000e+00
654	1.2482e-09	0.0000e+00	0.0000e+00	0.0000e+00
655	1.7556e-09	0.0000e+00	0.0000e+00	0.0000e+00
656	1.8501e-09	0.0000e+00	0.0000e+00	0.0000e+00
657	1.5029e-09	0.0000e+00	0.0000e+00	0.0000e+00
658	8.0527e-10	0.0000e+00	0.0000e+00	0.0000e+00
659	-1.2553e-10	0.0000e+00	0.0000e+00	0.0000e+00
660	-1.0936e-09	0.0000e+00	0.0000e+00	0.0000e+00
661	-1.9373e-09	0.0000e+00	0.0000e+00	0.0000e+00
662	-2.4832e-09	0.0000e+00	0.0000e+00	0.0000e+00
663	-2.6540e-09	0.0000e+00	0.0000e+00	0.0000e+00
664	-2.4059e-09	0.0000e+00	0.0000e+00	0.0000e+00
665	-1.8110e-09	0.0000e+00	0.0000e+00	0.0000e+00
666	-9.6736e-10	0.0000e+00	0.0000e+00	0.0000e+00
667	-5.4546e-11	0.0000e+00	0.0000e+00	0.0000e+00
668	7.7532e-10	0.0000e+00	0.0000e+00	0.0000e+00
669	1.3510e-09	0.0000e+00	0.0000e+00	0.0000e+00
670	1.5887e-09	0.0000e+00	0.0000e+00	0.0000e+00
671	1.4318e-09	0.0000e+00	0.0000e+00	0.0000e+00
672	9.3478e-10	0.0000e+00	0.0000e+00	0.0000e+00
673	1.7756e-10	0.0000e+00	0.0000e+00	0.0000e+00
674	-6.7609e-10	0.0000e+00	0.0000e+00	0.0000e+00
675	-1.4845e-09	0.0000e+00	0.0000e+00	0.0000e+00
676	-2.0796e-09	0.0000e+00	0.0000e+00	0.0000e+00
677	-2.3731e-09	0.0000e+00	0.0000e+00	0.0000e+00
678	-2.2972e-09	0.0000e+00	0.0000e+00	0.0000e+00
679	-1.8910e-09	0.0000e+00	0.0000e+00	0.0000e+00
680	-1.2169e-09	0.0000e+00	0.0000e+00	0.0000e+00
681	-4.2339e-10	0.0000e+00	0.0000e+00	0.0000e+00
682	3.5860e-10	0.0000e+00	0.0000e+00	0.0000e+00
683	9.6548e-10	0.0000e+00	0.0000e+00	0.0000e+00
684	1.3061e-09	0.0000e+00	0.0000e+00	0.0000e+00
685	1.3031e-09	0.0000e+00	0.0000e+00	0.0000e+00
686	9.8151e-10	0.0000e+00	0.0000e+00	0.0000e+00
687	3.8800e-10	0.0000e+00	0.0000e+00	0.0000e+00
688	-3.4404e-10	0.0000e+00	0.0000e+00	0.0000e+00
689	-1.0948e-09	0.0000e+00	0.0000e+00	0.0000e+00
690	-1.7059e-09	0.0000e+00	0.0000e+00	0.0000e+00
691	-2.0848e-09	0.0000e+00	0.0000e+00	0.0000e+00
692	-2.1464e-09	0.0000e+00	0.0000e+00	0.0000e+00
693	-1.9032e-09	0.0000e+00	0.0000e+00	0.0000e+00
694	-1.3871e-09	0.0000e+00	0.0000e+00	0.0000e+00
695	-7.1704e-10	0.0000e+00	0.0000e+00	0.0000e+00
696	-1.6409e-12	0.0000e+00	0.0000e+00	0.0000e+00
697	6.0680e-10	0.0000e+00	0.0000e+00	0.0000e+00
698	1.0155e-09	0.0000e+00	0.0000e+00	0.0000e+00
699	1.1333e-09	0.0000e+00	0.0000e+00	0.0000e+00
700	9.6164e-10	0.0000e+00	0.0000e+00	0.0000e+00
701	5.1854e-10	0.0000e+00	0.0000e+00	0.0000e+00
702	-9.0578e-11	0.0000e+00	0.0000e+00	0.0000e+00
703	-7.6846e-10	0.0000e+00	0.0000e+00	0.0000e+00
704	-1.3694e-09	0.0000e+00	0.0000e+00	0.0000e+00
705	-1.8018e-09	0.0000e+00	0.0000e+00	0.0000e+00
706	-1.9694e-09	0.0000e+00	0.0000e+00	0.0000e+00
707	-1.8641e-09	0.0000e+00	0.0000e+00	0.0000e+00
708	-1.4915e-09	0.0000e+00	0.0000e+00	0.0000e+00
709	-9.4391e-10	0.0000e+00	0.0000e+00	0.0000e+00
710	-3.0735e-10	0.0000e+00	0.0000e+00	0.0000e+00
711	2.7955e-10	0.0000e+00	0.0000e+00	0.0000e+00
712	7.2720e-10	0.0000e+00	0.0000e+00	0.0000e+00
713	9.3574e-10	0.0000e+00	0.0000e+00	0.0000e+00
714	8.8898e-10	0.0000e+00	0.0000e+00	0.0000e+00
715	5.8078e-10	0.0000e+00	0.0000e+00	0.0000e+00
716	9.1390e-11	0.0000e+00	0.0000e+00	0.0000e+00
717	-5.0434e-10	0.0000e+00	0.0000e+00	0.0000e+00
718	-1.0752e-09	0.0000e+00	0.0000e+00	0.0000e+00
719	-1.5345e-09	0.0000e+00	0.0000e+00	0.0000e+00
720	-1.7799e-09	0.0000e+00	0.0000e+00	0.0000e+00
721	-1.7883e-09	0.0000e+00	0.0000e+00	0.0000e+00
722	-1.5431e-09	0.0000e+00	0.0000e+00	0.0000e+00
723	-1.1132e-09	0.0000e+00	0.0000e+00	0.0000e+00
724	-5.6244e-10	0.0000e+00	0.0000e+00	0.0000e+00
725	-1.4498e-11	0.0000e+00	0.0000e+00	0.0000e+00
726	4.4783e-10	0.0000e+00	0.0000e+00	0.0000e+00
727	7.2048e-10	0.0000e+00	0.0000e+00	0.0000e+00
728	7.7487e-10	0.0000e+00	0.0000e+00	0.0000e+00
729	5.8476e-10	0.0000e+00	0.0000e+00	0.0000e+00
730	2.0852e-10	0.0000e+00	0.0000e+00	0.0000e+00
731	-3.0066e-10	0.0000e+00	0.0000e+00	0.0000e+00
732	-8.2675e-10	0.0000e+00	0.0000e+00	0.0000e+00
733	-1.2915e-09	0.0000e+00	0.0000e+00	0.0000e+00
734	-1.5901e-09	0.0000e+00	0.0000e+00	0.0000e+00
735	-1.6895e-09	0.0000e+00	0.0000e+00	0.0000e+00
736	-1.5549e-09	0.0000e+00	0.0000e+00	0.0000e+00
737	-1.2351e-09	0.0000e+00	0.0000e+00	0.0000e+00
738	-7.7277e-10	0.0000e+00	0.0000e+00	0.0000e+00
739	-2.7635e-10	0.0000e+00	0.0000e+00	0.0000e+00
740	1.8100e-10	0.0000e+00	0.0000e+00	0.0000e+00
741	4.9448e-10	0.0000e+00	0.0000e+00	0.0000e+00
742	6.2779e-10	0.0000e+00	0.0000e+00	0.0000e+00
743	5.3838e-10	0.0000e+00	0.0000e+00	0.0000e+00
744	2.6621e-10	0.0000e+00	0.0000e+00	0.0000e+00
745	-1.5604e-10	0.0000e+00	0.0000e+00	0.0000e+00
746	-6.2750e-10	0.0000e+00	0.0000e+00	0.0000e+00
747	-1.0807e-09	0.0000e+00	0.0000e+00	0.0000e+00
748	-1.4113e-09	0.0000e+00	0.0000e+00	0.0000e+00
749	-1.5810e-09	0.0000e+00	0.0000e+00	0.0000e+00
750	-1.5403e-09	0.0000e+00	0.0000e+00	0.0000e+00
751	-1.3212e-09	0.0000e+00	0.0000e+00	0.0000e+00
752	-9.4671e-10	0.0000e+00	0.0000e+00	0.0000e+00
753	-5.1040e-10	0.0000e+00	0.0000e+00	0.0000e+00
754	-7.3625e-11	0.0000e+00	0.0000e+00	0.0000e+00
755	2.6049e-10	0.0000e+00	0.0000e+00	0.0000e+00
756	4.5228e-10	0.0000e+00	0.0000e+00	0.0000e+00
757	4.4603e-10	0.0000e+00	0.0000e+00	0.0000e+00
758	2.6703e-10	0.0000e+00	0.0000e+00	0.0000e+00
759	-7.1341e-11	0.0000e+00	0.0000e+00	0.0000e+00
760	-4.8239e-10	0.0000e+00	0.0000e+00	0.0000e+00
761	-9.1142e-10	0.0000e+00	0.0000e+00	0.0000e+00
762	-1.2567e-09	0.0000e+00	0.0000e+00	0.0000e+00
763	-1.4785e-09	0.0000e+00	0.0000e+00	0.0000e+00
764	-1.5155e-09	0.0000e+00	0.0000e+00	0.0000e+00
765	-1.3871e-09	0.0000e+00	0.0000e+00	0.0000e+00
766	-1.0975e-09	0.0000e+00	0.0000e+00	0.0000e+00
767	-7.2699e-10	0.0000e+00	0.0000e+00	0.0000e+00
768	-3.2310e-10	0.0000e+00	0.0000e+00	0.0000e+00
769	1.3934e-11	0.0000e+00	0.0000e+00	0.0000e+00
770	2.4532e-10	0.0000e+00	0.0000e+00	0.0000e+00
771	3.0442e-10	0.0000e+00	0.0000e+00	0.0000e+00
772	2.0607e-10	0.0000e+00	0.0000e+00	0.0000e+00
773	-5.4908e-11	0.0000e+00	0.0000e+00	0.0000e+00
774	-4.0383e-10	0.0000e+00	0.0000e+00	0.0000e+00
775	-8.0101e-10	0.0000e+00	0.0000e+00	0.0000e+00
776	-1.1476e-09	0.0000e+00	0.0000e+00	0.0000e+00
777	-1.4071e-09	0.0000e+00	0.0000e+00	0.0000e+00
778	-1.5078e-09	0.0000e+00	0.0000e+00	0.0000e+00
779	-1.4614e-09	0.0000e+00	0.0000e+00	0.0000e+00
780	-1.2533e-09	0.0000e+00	0.0000e+00	0.0000e+00
781	-9.5375e-10	0.0000e+00	0.0000e+00	0.0000e+00
782	-5.9369e-10	0.0000e+00	0.0000e+00	0.0000e+00
783	-2.7164e-10	0.0000e+00	0.0000e+00	0.0000e+00
784	-1.9853e-11	0.0000e+00	0.0000e+00	0.0000e+00
785	8.3495e-11	0.0000e+00	0.0000e+00	0.0000e+00
786	4.9477e-11	0.0000e+00	0.0000e+00	0.0000e+00
787	-1.4801e-10	0.0000e+00	0.0000e+00	0.0000e+00
788	-4.4039e-10	0.0000e+00	0.0000e+00	0.0000e+00
789	-8.0905e-10	0.0000e+00	0.0000e+00	0.0000e+00
790	-1.1531e-09	0.0000e+00	0.0000e+00	0.0000e+00
791	-1.4499e-09	0.0000e+00	0.0000e+00	0.0000e+00
792	-1.6113e-09	0.0000e+00	0.0000e+00	0.0000e+00
793	-1.6563e-09	0.0000e+00	0.0000e+00	0.0000e+00
794	-1.5409e-09	0.0000e+00	0.0000e+00	0.0000e+00
795	-1.3482e-09	0.0000e+00	0.0000e+00	0.0000e+00
796	-1.0707e-09	0.0000e+00	0.0000e+00	0.0000e+00
797	-8.6910e-10	0.0000e+00	0.0000e+00	0.0000e+00
798	-7.0730e-10	0.0000e+00	0.0000e+00	0.0000e+00
799	-6.2609e-10	0.0000e+00	0.0000e+00	0.0000e+00
800	-6.2259e-10	0.0000e+00	0.0000e+00	0.0000e+00
801	-7.0778e-10	0.0000e+00	0.0000e+00	0.0000e+00
802	-8.4718e-10	0.0000e+00	0.0000e+00	0.0000e+00
803	-1.0258e-09	0.0000e+00	0.0000e+00	0.0000e+00
804	-1.1918e-09	0.0000e+00	0.0000e+00	0.0000e+00
805	-1.3266e-09	0.0000e+00	0.0000e+00	0.0000e+00
806	-1.3868e-09	0.0000e+00	0.0000e+00	0.0000e+00
807	-1.3746e-09	0.0000e+00	0.0000e+00	0.0000e+00
808	-1.2741e-09	0.0000e+00	0.0000e+00	0.0000e+00
809	-1.1177e-09	0.0000e+00	0.0000e+00	0.0000e+00
810	-9.1536e-10	0.0000e+00	0.0000e+00	0.0000e+00
811	-7.1829e-10	0.0000e+00	0.0000e+00	0.0000e+00
812	-5.4219e-10	0.0000e+00	0.0000e+00	0.0000e+00
813	-4.3296e-10	0.0000e+00	0.0000e+00	0.0000e+00
814	-3.8804e-10	0.0000e+00	0.0000e+00	0.0000e+00
815	-4.2884e-10	0.0000e+00	0.0000e+00	0.0000e+00
816	-5.2340e-10	0.0000e+00	0.0000e+00	0.0000e+00
817	-6.6795e-10	0.0000e+00	0.0000e+00	0.0000e+00
818	-8.1022e-10	0.0000e+00	0.0000e+00	0.0000e+00
819	-9.3914e-10	0.0000e+00	0.0000e+00	0.0000e+00
820	-1.0044e-09	0.0000e+00	0.0000e+00	0.0000e+00
821	-1.0110e-09	0.0000e+00	0.0000e+00	0.0000e+00
822	-9.2973e-10	0.0000e+00	0.0000e+00	0.0000e+00
823	-7.9453e-10	0.0000e+00	0.0000e+00	0.0000e+00
824	-5.9928e-10	0.0000e+00	0.0000e+00	0.0000e+00
825	-4.0051e-10	0.0000e+00	0.0000e+00	0.0000e+00
826	-1.9874e-10	0.0000e+00	0.0000e+00	0.0000e+00
827	-5.3414e-11	0.0000e+00	0.0000e+00	0.0000e+00
828	5.2894e-11	0.0000e+00	0.0000e+00	0.0000e+00
829	7.5044e-11	0.0000e+00	0.0000e+00	0.0000e+00
830	6.8218e-11	0.0000e+00	0.0000e+00	0.0000e+00
831	0.0000e+00	0.0000e+00	0.0000e+00	0.0000e+00
832	0.0000e+00	0.0000e+00	0.0000e+00	0.0000e+00
833	0.0000e+00	0.0000e+00	0.0000e+00	0.0000e+00
834	0.0000e+00	0.0000e+00	0.0000e+00	0.0000e+00
835	0.0000e+00	0.0000e+00	0.0000e+00	0.0000e+00
836	0.0000e+00	0.0000e+00	0.0000e+00	0.0000e+00
837	0.0000e+00	0.0000e+00	0.0000e+00	0.0000e+00
838	0.0000e+00	0.0000e+00	0.0000e+00	0.0000e+00
839	0.0000e+00	0.0000e+00	0.0000e+00	0.0000e+00
840	0.0000e+00	0.0000e+00	0.0000e+00	0.0000e+00
841	0.0000e+00	0.0000e+00	0.0000e+00	0.0000e+00
842	0.0000e+00	0.0000e+00	0.0000e+00	0.0000e+00
843	0.0000e+00	0.0000e+00	0.0000e+00	0.0000e+00
844	0.0000e+00	0.0000e+00	0.0000e+00	0.0000e+00
845	0.0000e+00	0.0000e+00	0.0000e+00	0.0000e+00
846	0.0000e+00	0.0000e+00	0.0000e+00	0.0000e+00
847	0.0000e+00	0.0000e+00	0.0000e+00	0.0000e+00
848	0.0000e+00	0.0000e+00	0.0000e+00	0.0000e+00
849	0.0000e+00	0.0000e+00	0.0000e+00	0.0000e+00
850	0.0000e+00	0.0000e+00	0.0000e+00	0.0000e+00
851	0.0000e+00	0.0000e+00	0.0000e+00	0.0000e+00
852	0.0000e+00	0.0000e+00	0.0000e+00	0.0000e+00
853	0.0000e+00	0.0000e+00	0.0000e+00	0.0000e+00
854	0.0000e+00	0.0000e+00	0.0000e+00	0.0000e+00
855	0.0000e+00	0.0000e+00	0.0000e+00	0.0000e+00
856	0.0000e+00	0.0000e+00	0.0000e+00	0.0000e+00
857	0.0000e+00	0.0000e+00	0.0000e+00	0.0000e+00
858	0.0000e+00	0.0000e+00	0.0000e+00	0.0000e+00
859	0.0000e+00	0.0000e+00	0.0000e+00	0.0000e+00
860	0.0000e+00	0.0000e+00	0.0000e+00	0.0000e+00
861	0.0000e+00	0.0000e+00	0.0000e+00	0.0000e+00
862	0.0000e+00	0.0000e+00	0.0000e+00	0.0000e+00
863	0.0000e+00	0.0000e+00	0.0000e+00	0.0000e+00
864	0.0000e+00	0.0000e+00	0.0000e+00	0.0000e+00
865	0.0000e+00	0.0000e+00	0.0000e+00	0.0000e+00
866	0.0000e+00	0.0000e+00	0.0000e+00	0.0000e+00
867	0.0000e+00	0.0000e+00	0.0000e+00	0.0000e+00
868	0.0000e+00	0.0000e+00	0.0000e+00	0.0000e+00
869	0.0000e+00	0.0000e+00	0.0000e+00	0.0000e+00
870	0.0000e+00	0.0000e+00	0.0000e+00	0.0000e+00
871	0.0000e+00	0.0000e+00	0.0000e+00	0.0000e+00
872	0.0000e+00	0.0000e+00	0.0000e+00	0.0000e+00
873	0.0000e+00	0.0000e+00	0.0000e+00	0.0000e+00
874	0.0000e+00	0.0000e+00	0.0000e+00	0.0000e+00
875	0.0000e+00	0.0000e+00	0.0000e+00	0.0000e+00
876	0.0000e+00	0.0000e+00	0.0000e+00	0.0000e+00
877	0.0000e+00	0.0000e+00	0.0000e+00	0.0000e+00
878	0.0000e+00	0.0000e+00	0.0000e+00	0.0000e+00
879	0.0000e+00	0.0000e+00	0.0000e+00	0.0000e+00
880	0.0000e+00	0.0000e+00	0.0000e+00	0.0000e+00
881	0.0000e+00	0.0000e+00	0.0000e+00	0.0000e+00
882	0.0000e+00	0.0000e+00	0.0000e+00	0.0000e+00
883	0.0000e+00	0.0000e+00	0.0000e+00	0.0000e+00
884	0.0000e+00	0.0000e+00	0.0000e+00	0.0000e+00
885	0.0000e+00	0.0000e+00	0.0000e+00	0.0000e+00
886	0.0000e+00	0.0000e+00	0.0000e+00	0.0000e+00
887	0.0000e+00	0.0000e+00	0.0000e+00	0.0000e+00
888	0.0000e+00	0.0000e+00	0.0000e+00	0.0000e+00
889	0.0000e+00	0.0000e+00	0.0000e+00	0.0000e+00
890	0.0000e+00	0.0000e+00	0.0000e+00	0.0000e+00
891	0.0000e+00	0.0000e+00	0.0000e+00	0.0000e+00
892	0.0000e+00	0.0000e+00	0.0000e+00	0.0000e+00
893	0.0000e+00	0.0000e+00	0.0000e+00	0.0000e+00
894	0.0000e+00	0.0000e+00	0.0000e+00	0.0000e+00
895	0.0000e+00	0.0000e+00	0.0000e+00	0.0000e+00
896	0.0000e+00	0.0000e+00	0.0000e+00	0.0000e+00
897	0.0000e+00	0.0000e+00	0.0000e+00	0.0000e+00
898	0.0000e+00	0.0000e+00	0.0000e+00	0.0000e+00
899	0.0000e+00	0.0000e+00	0.0000e+00	0.0000e+00
900	0.0000e+00	0.0000e+00	0.0000e+00	0.0000e+00
901	0.0000e+00	0.0000e+00	0.0000e+00	0.0000e+00
902	0.0000e+00	0.0000e+00	0.0000e+00	0.0000e+00
903	0.0000e+00	0.0000e+00	0.0000e+00	0.0000e+00
904	0.0000e+00	0.0000e+00	0.0000e+00	0.0000e+00
905	0.0000e+00	0.0000e+00	0.0000e+00	0.0000e+00
906	0.0000e+00	0.0000e+00	0.0000e+00	0.0000e+00
907	0.0000e+00	0.0000e+00	0.0000e+00	0.0000e+00
908	0.0000e+00	0.0000e+00	0.0000e+00	0.0000e+00
909	0.0000e+00	0.0000e+00	0.0000e+00	0.0000e+00
910	0.0000e+00	0.0000e+00	0.0000e+00	0.0000e+00
911	0.0000e+00	0.0000e+00	0.0000e+00	0.0000e+00
912	0.0000e+00	0.0000e+00	0.0000e+00	0.0000e+00
913	0.0000e+00	0.0000e+00	0.0000e+00	0.0000e+00
914	0.0000e+00	0.0000e+00	0.0000e+00	0.0000e+00
915	0.0000e+00	0.0000e+00	0.0000e+00	0.0000e+00
916	0.0000e+00	0.0000e+00	0.0000e+00	0.0000e+00
917	0.0000e+00	0.0000e+00	0.0000e+00	0.0000e+00
918	0.0000e+00	0.0000e+00	0.0000e+00	0.0000e+00
919	0.0000e+00	0.0000e+00	0.0000e+00	0.0000e+00
920	0.0000e+00	0.0000e+00	0.0000e+00	0.0000e+00
921	0.0000e+00	0.0000e+00	0.0000e+00	0.0000e+00
922	0.0000e+00	0.0000e+00	0.0000e+00	0.0000e+00
923	0.0000e+00	0.0000e+00	0.0000e+00	0.0000e+00
924	0.0000e+00	0.0000e+00	0.0000e+00	0.0000e+00
925	0.0000e+00	0.0000e+00	0.0000e+00	0.0000e+00
926	0.0000e+00	0.0000e+00	0.0000e+00	0.0000e+00
927	0.0000e+00	0.0000e+00	0.0000e+00	0.0000e+00
928	0.0000e+00	0.0000e+00	0.0000e+00	0.0000e+00
929	0.0000e+00	0.0000e+00	0.0000e+00	0.0000e+00
930	0.0000e+00	0.0000e+00	0.0000e+00	0.0000e+00
931	0.0000e+00	0.0000e+00	0.0000e+00	0.0000e+00
932	0.0000e+00	0.0000e+00	0.0000e+00	0.0000e+00
933	0.0000e+00	0.0000e+00	0.0000e+00	0.0000e+00
934	0.0000e+00	0.0000e+00	0.0000e+00	0.0000e+00
935	0.0000e+00	0.0000e+00	0.0000e+00	0.0000e+00
936	0.0000e+00	0.0000e+00	0.0000e+00	0.0000e+00
937	0.0000e+00	0.0000e+00	0.0000e+00	0.0000e+00
938	0.0000e+00	0.0000e+00	0.0000e+00	0.0000e+00
939	0.0000e+00	0.0000e+00	0.0000e+00	0.0000e+00
940	0.0000e+00	0.0000e+00	0.0000e+00	0.0000e+00
941	0.0000e+00	0.0000e+00	0.0000e+00	0.0000e+00
942	0.0000e+00	0.0000e+00	0.0000e+00	0.0000e+00
943	0.0000e+00	0.0000e+00	0.0000e+00	0.0000e+00
944	0.0000e+00	0.0000e+00	0.0000e+00	0.0000e+00
945	0.0000e+00	0.0000e+00	0.0000e+00	0.0000e+00
946	0.0000e+00	0.0000e+00	0.0000e+00	0.0000e+00
947	0.0000e+00	0.0000e+00	0.0000e+00	0.0000e+00
948	0.0000e+00	0.0000e+00	0.0000e+00	0.0000e+00
949	0.0000e+00	0.0000e+00	0.0000e+00	0.0000e+00
950	0.0000e+00	0.0000e+00	0.0000e+00	0.0000e+00
951	0.0000e+00	0.0000e+00	0.0000e+00	0.0000e+00
952	0.0000e+00	0.0000e+00	0.0000e+00	0.0000e+00
953	0.0000e+00	0.0000e+00	0.0000e+00	0.0000e+00
954	0.0000e+00	0.0000e+00	0.0000e+00	0.0000e+00
955	0.0000e+00	0.0000e+00	0.0000e+00	0.0000e+00
956	0.0000e+00	0.0000e+00	0.0000e+00	0.0000e+00
957	0.0000e+00	0.0000e+00	0.0000e+00	0.0000e+00
958	0.0000e+00	0.0000e+00	0.0000e+00	0.0000e+00
959	0.0000e+00	0.0000e+00	0.0000e+00	0.0000e+00
960	0.0000e+00	0.0000e+00	0.0000e+00	0.0000e+00
961	0.0000e+00	0.0000e+00	0.0000e+00	0.0000e+00
962	0.0000e+00	0.0000e+00	0.0000e+00	0.0000e+00
963	0.0000e+00	0.0000e+00	0.0000e+00	0.0000e+00
964	0.0000e+00	0.0000e+00	0.0000e+00	0.0000e+00
965	0.0000e+00	0.0000e+00	0.0000e+00	0.0000e+00
966	0.0000e+00	0.0000e+00	0.0000e+00	0.0000e+00
967	0.0000e+00	0.0000e+00	0.0000e+00	0.0000e+00
968	0.0000e+00	0.0000e+00	0.0000e+00	0.0000e+00
969	0.0000e+00	0.0000e+00	0.0000e+00	0.0000e+00
970	0.0000e+00	0.0000e+00	0.0000e+00	0.0000e+00
971	0.0000e+00	0.0000e+00	0.0000e+00	0.0000e+00
972	0.0000e+00	0.0000e+00	0.0000e+00	0.0000e+00
973	0.0000e+00	0.0000e+00	0.0000e+00	0.0000e+00
974	0.0000e+00	0.0000e+00	0.0000e+00	0.0000e+00
975	0.0000e+00	0.0000e+00	0.0000e+00	0.0000e+00
976	0.0000e+00	0.0000e+00	0.0000e+00	0.0000e+00
977	0.0000e+00	0.0000e+00	0.0000e+00	0.0000e+00
978	0.0000e+00	0.0000e+00	0.0000e+00	0.0000e+00
979	0.0000e+00	0.0000e+00	0.0000e+00	0.0000e+00
980	0.0000e+00	0.0000e+00	0.0000e+00	0.0000e+00
981	0.0000e+00	0.0000e+00	0.0000e+00	0.0000e+00
982	0.0000e+00	0.0000e+00	0.0000e+00	0.0000e+00
983	0.0000e+00	0.0000e+00	0.0000e+00	0.0000e+00
984	0.0000e+00	0.0000e+00	0.0000e+00	0.0000e+00
985	0.0000e+00	0.0000e+00	0.0000e+00	0.0000e+00
986	0.0000e+00	0.0000e+00	0.0000e+00	0.0000e+00
987	0.0000e+00	0.0000e+00	0.0000e+00	0.0000e+00
988	0.0000e+00	0.0000e+00	0.0000e+00	0.0000e+00
989	0.0000e+00	0.0000e+00	0.0000e+00	0.0000e+00
990	0.0000e+00	0.0000e+00	0.0000e+00	0.0000e+00
991	0.0000e+00	0.0000e+00	0.0000e+00	0.0000e+00
992	0.0000e+00	0.0000e+00	0.0000e+00	0.0000e+00
993	0.0000e+00	0.0000e+00	0.0000e+00	0.0000e+00
994	0.0000e+00	0.0000e+00	0.0000e+00	0.0000e+00
995	0.0000e+00	0.0000e+00	0.0000e+00	0.0000e+00
996	0.0000e+00	0.0000e+00	0.0000e+00	0.0000e+00
997	0.0000e+00	0.0000e+00	0.0000e+00	0.0000e+00
998	0.0000e+00	0.0000e+00	0.0000e+00	0.0000e+00
999	0.0000e+00	0.0000e+00	0.0000e+00	0.0000e+00
1000	0.0000e+00	0.0000e+00	0.0000e+00	0.0000e+00
1001	0.0000e+00	0.0000e+00	0.0000e+00	0.0000e+00
1002	0.0000e+00	0.0000e+00	0.0000e+00	0.0000e+00
1003	0.0000e+00	0.0000e+00	0.0000e+00	0.0000e+00
1004	0.0000e+00	0.0000e+00	0.0000e+00	0.0000e+00
1005	0.0000e+00	0.0000e+00	0.0000e+00	0.0000e+00
1006	0.0000e+00	0.0000e+00	0.0000e+00	0.0000e+00
1007	0.0000e+00	0.0000e+00	0.0000e+00	0.0000e+00
1008	0.0000e+00	0.0000e+00	0.0000e+00	0.0000e+00
1009	0.0000e+00	0.0000e+00	0.0000e+00	0.0000e+00
1010	0.0000e+00	0.0000e+00	0.0000e+00	0.0000e+00
1011	0.0000e+00	0.0000e+00	0.0000e+00	0.0000e+00
1012	0.0000e+00	0.0000e+00	0.0000e+00	0.0000e+00
1013	0.0000e+00	0.0000e+00	0.0000e+00	0.0000e+00
1014	0.0000e+00	0.0000e+00	0.0000e+00	0.0000e+00
1015	0.0000e+00	0.0000e+00	0.0000e+00	0.0000e+00
1016	0.0000e+00	0.0000e+00	0.0000e+00	0.0000e+00
1017	0.0000e+00	0.0000e+00	0.0000e+00	0.0000e+00
1018	0.0000e+00	0.0000e+00	0.0000e+00	0.0000e+00
1019	0.0000e+00	0.0000e+00	0.0000e+00	0.0000e+00
1020	0.0000e+00	0.0000e+00	0.0000e+00	0.0000e+00
1021	0.0000e+00	0.0000e+00	0.0000e+00	0.0000e+00
1022	0.0000e+00	0.0000e+00	0.0000e+00	0.0000e+00
1023	0.0000e+00	0.0000e+00	0.0000e+00	0.0000e+00
1024	0.0000e+00	0.0000e+00	0.0000e+00	0.0000e+00
1025	0.0000e+00	0.0000e+00	0.0000e+00	0.0000e+00
1026	0.0000e+00	0.0000e+00	0.0000e+00	0.0000e+00
1027	0.0000e+00	0.0000e+00	0.0000e+00	0.0000e+00
1028	0.0000e+00	0.0000e+00	0.0000e+00	0.0000e+00
1029	0.0000e+00	0.0000e+00	0.0000e+00	0.0000e+00
1030	0.0000e+00	0.0000e+00	0.0000e+00	0.0000e+00
1031	0.0000e+00	0.0000e+00	0.0000e+00	0.0000e+00
1032	0.0000e+00	0.0000e+00	0.0000e+00	0.0000e+00
1033	0.0000e+00	0.0000e+00	0.0000e+00	0.0000e+00
1034	0.0000e+00	0.0000e+00	0.0000e+00	0.0000e+00
1035	0.0000e+00	0.0000e+00	0.0000e+00	0.0000e+00
1036	0.0000e+00	0.0000e+00	0.0000e+00	0.0000e+00
1037	0.0000e+00	0.0000e+00	0.0000e+00	0.0000e+00
1038	0.0000e+00	0.0000e+00	0.0000e+00	0.0000e+00
1039	0.0000e+00	0.0000e+00	0.0000e+00	0.0000e+00
1040	0.0000e+00	0.0000e+00	0.0000e+00	0.0000e+00
1041	0.0000e+00	0.0000e+00	0.0000e+00	0.0000e+00
1042	0.0000e+00	0.0000e+00	0.0000e+00	0.0000e+00
1043	0.0000e+00	0.0000e+00	0.0000e+00	0.0000e+00
1044	0.0000e+00	0.0000e+00	0.0000e+00	0.0000e+00
1045	0.0000e+00	0.0000e+00	0.0000e+00	0.0000e+00
1046	0.0000e+00	0.0000e+00	0.0000e+00	0.0000e+00
1047	0.0000e+00	0.0000e+00	0.0000e+00	0.0000e+00
1048	0.0000e+00	0.0000e+00	0.0000e+00	0.0000e+00
1049	0.0000e+00	0.0000e+00	0.0000e+00	0.0000e+00
1050	0.0000e+00	0.0000e+00	0.0000e+00	0.0000e+00
1051	0.0000e+00	0.0000e+00	0.0000e+00	0.0000e+00
1052	0.0000e+00	0.0000e+00	0.0000e+00	0.0000e+00
1053	0.0000e+00	0.0000e+00	0.0000e+00	0.0000e+00
1054	0.0000e+00	0.0000e+00	0.0000e+00	0.0000e+00
1055	0.0000e+00	0.0000e+00	0.0000e+00	0.0000e+00
1056	0.0000e+00	0.0000e+00	0.0000e+00	0.0000e+00
1057	0.0000e+00	0.0000e+00	0.0000e+00	0.0000e+00
1058	0.0000e+00	0.0000e+00	0.0000e+00	0.0000e+00
1059	0.0000e+00	0.0000e+00	0.0000e+00	0.0000e+00
1060	0.0000e+00	0.0000e+00	0.0000e+00	0.0000e+00
1061	0.0000e+00	0.0000e+00	0.0000e+00	0.0000e+00
1062	0.0000e+00	0.0000e+00	0.0000e+00	0.0000e+00
1063	0.0000e+00	0.0000e+00	0.0000e+00	0.0000e+00
1064	0.0000e+00	0.0000e+00	0.0000e+00	0.0000e+00
1065	0.0000e+00	0.0000e+00	0.0000e+00	0.0000e+00
1066	0.0000e+00	0.0000e+00	0.0000e+00	0.0000e+00
1067	0.0000e+00	0.0000e+00	0.0000e+00	0.0000e+00
1068	0.0000e+00	0.0000e+00	0.0000e+00	0.0000e+00
1069	0.0000e+00	0.0000e+00	0.0000e+00	0.0000e+00
1070	0.0000e+00	0.0000e+00	0.0000e+00	0.0000e+00
1071	0.0000e+00	0.0000e+00	0.0000e+00	0.0000e+00
1072	0.0000e+00	0.0000e+00	0.0000e+00	0.0000e+00
1073	0.0000e+00	0.0000e+00	0.0000e+00	0.0000e+00
1074	0.0000e+00	0.0000e+00	0.0000e+00	0.0000e+00
1075	0.0000e+00	0.0000e+00	0.0000e+00	0.0000e+00
1076	0.0000e+00	0.0000e+00	0.0000e+00	0.0000e+00
1077	0.0000e+00	0.0000e+00	0.0000e+00	0.0000e+00
1078	0.0000e+00	0.0000e+00	0.0000e+00	0.0000e+00
1079	0.0000e+00	0.0000e+00	0.0000e+00	0.0000e+00
1080	0.0000e+00	0.0000e+00	0.0000e+00	0.0000e+00
1081	0.0000e+00	0.0000e+00	0.0000e+00	0.0000e+00
1082	0.0000e+00	0.0000e+00	0.0000e+00	0.0000e+00
1083	0.0000e+00	0.0000e+00	0.0000e+00	0.0000e+00
1084	0.0000e+00	0.0000e+00	0.0000e+00	0.0000e+00
1085	0.0000e+00	0.0000e+00	0.0000e+00	0.0000e+00
1086	0.0000e+00	0.0000e+00	0.0000e+00	0.0000e+00
1087	0.0000e+00	0.0000e+00	0.0000e+00	0.0000e+00
1088	0.0000e+00	0.0000e+00	0.0000e+00	0.0000e+00
1089	0.0000e+00	0.0000e+00	0.0000e+00	0.0000e+00
1090	0.0000e+00	0.0000e+00	0.0000e+00	0.0000e+00
1091	0.0000e+00	0.0000e+00	0.0000e+00	0.0000e+00
1092	0.0000e+00	0.0000e+00	0.0000e+00	0.0000e+00
1093	0.0000e+00	0.0000e+00	0.0000e+00	0.0000e+00
1094	0.0000e+00	0.0000e+00	0.0000e+00	0.0000e+00
1095	0.0000e+00	0.0000e+00	0.0000e+00	0.0000e+00
1096	0.0000e+00	0.0000e+00	0.0000e+00	0.0000e+00
1097	0.0000e+00	0.0000e+00	0.0000e+00	0.0000e+00
1098	0.0000e+00	0.0000e+00	0.0000e+00	0.0000e+00
1099	0.0000e+00	0.0000e+00	0.0000e+00	0.0000e+00
1100	0.0000e+00	0.0000e+00	0.0000e+00	0.0000e+00
1101	0.0000e+00	0.0000e+00	0.0000e+00	0.0000e+00
1102	0.0000e+00	0.0000e+00	0.0000e+00	0.0000e+00
1103	0.0000e+00	0.0000e+00	0.0000e+00	0.0000e+00
1104	0.0000e+00	0.0000e+00	0.0000e+00	0.0000e+00
1105	0.0000e+00	0.0000e+00	0.0000e+00	0.0000e+00
1106	0.0000e+00	0.0000e+00	0.0000e+00	0.0000e+00
1107	0.0000e+00	0.0000e+00	0.0000e+00	0.0000e+00
1108	0.0000e+00	0.0000e+00	0.0000e+00	0.0000e+00
1109	0.0000e+00	0.0000e+00	0.0000e+00	0.0000e+00
1110	0.0000e+00	0.0000e+00	0.0000e+00	0.0000e+00
1111	0.0000e+00	0.0000e+00	0.0000e+00	0.0000e+00
1112	0.0000e+00	0.0000e+00	0.0000e+00	0.0000e+00
1113	0.0000e+00	0.0000e+00	0.0000e+00	0.0000e+00
1114	0.0000e+00	0.0000e+00	0.0000e+00	0.0000e+00
1115	0.0000e+00	0.0000e+00	0.0000e+00	0.0000e+00
1116	0.0000e+00	0.0000e+00	0.0000e+00	0.0000e+00
1117	0.0000e+00	0.0000e+00	0.0000e+00	0.0000e+00
1118	0.0000e+00	0.0000e+00	0.0000e+00	0.0000e+00
1119	0.0000e+00	0.0000e+00	0.0000e+00	0.0000e+00
1120	0.0000e+00	0.0000e+00	0.0000e+00	0.0000e+00
1121	0.0000e+00	0.0000e+00	0.0000e+00	0.0000e+00
1122	0.0000e+00	0.0000e+00	0.0000e+00	0.0000e+00
1123	0.0000e+00	0.0000e+00	0.0000e+00	0.0000e+00
1124	0.0000e+00	0.0000e+00	0.0000e+00	0.0000e+00
1125	0.0000e+00	0.0000e+00	0.0000e+00	0.0000e+00
1126	0.0000e+00	0.0000e+00	0.0000e+00	0.0000e+00
1127	0.0000e+00	0.0000e+00	0.0000e+00	0.0000e+00
1128	0.0000e+00	0.0000e+00	0.0000e+00	0.0000e+00
1129	0.0000e+00	0.0000e+00	0.0000e+00	0.0000e+00
1130	0.0000e+00	0.0000e+00	0.0000e+00	0.0000e+00
1131	0.0000e+00	0.0000e+00	0.0000e+00	0.0000e+00
1132	0.0000e+00	0.0000e+00	0.0000e+00	0.0000e+00
1133	0.0000e+00	0.0000e+00	0.0000e+00	0.0000e+00
1134	0.0000e+00	0.0000e+00	0.0000e+00	0.0000e+00
1135	0.0000e+00	0.0000e+00	0.0000e+00	0.0000e+00
1136	0.0000e+00	0.0000e+00	0.0000e+00	0.0000e+00
1137	0.0000e+00	0.0000e+00	0.0000e+00	0.0000e+00
1138	0.0000e+00	0.0000e+00	0.0000e+00	0.0000e+00
1139	0.0000e+00	0.0000e+00	0.0000e+00	0.0000e+00
1140	0.0000e+00	0.0000e+00	0.0000e+00	0.0000e+00
1141	0.0000e+00	0.0000e+00	0.0000e+00	0.0000e+00
1142	0.0000e+00	0.0000e+00	0.0000e+00	0.0000e+00
1143	0.0000e+00	0.0000e+00	0.0000e+00	0.0000e+00
1144	0.0000e+00	0.0000e+00	0.0000e+00	0.0000e+00
1145	0.0000e+00	0.0000e+00	0.0000e+00	0.0000e+00
1146	0.0000e+00	0.0000e+00	0.0000e+00	0.0000e+00
1147	0.0000e+00	0.0000e+00	0.0000e+00	0.0000e+00
1148	0.0000e+00	0.0000e+00	0.0000e+00	0.0000e+00
1149	0.0000e+00	0.0000e+00	0.0000e+00	0.0000e+00
1150	0.0000e+00	0.0000e+00	0.0000e+00	0.0000e+00
1151	0.0000e+00	0.0000e+00	0.0000e+00	0.0000e+00
1152	0.0000e+00	0.0000e+00	0.0000e+00	0.0000e+00
1153	0.0000e+00	0.0000e+00	0.0000e+00	0.0000e+00
1154	0.0000e+00	0.0000e+00	0.0000e+00	0.0000e+00
1155	0.0000e+00	0.0000e+00	0.0000e+00	0.0000e+00
1156	0.0000e+00	0.0000e+00	0.0000e+00	0.0000e+00
1157	0.0000e+00	0.0000e+00	0.0000e+00	0.0000e+00
1158	0.0000e+00	0.0000e+00	0.0000e+00	0.0000e+00
1159	0.0000e+00	0.0000e+00	0.0000e+00	0.0000e+00
1160	0.0000e+00	0.0000e+00	0.0000e+00	0.0000e+00
1161	0.0000e+00	0.0000e+00	0.0000e+00	0.0000e+00
1162	0.0000e+00	0.0000e+00	0.0000e+00	0.0000e+00
1163	0.0000e+00	0.0000e+00	0.0000e+00	0.0000e+00
1164	0.0000e+00	0.0000e+00	0.0000e+00	0.0000e+00
1165	0.0000e+00	0.0000e+00	0.0000e+00	0.0000e+00
1166	0.0000e+00	0.0000e+00	0.0000e+00	0.0000e+00
1167	0.0000e+00	0.0000e+00	0.0000e+00	0.0000e+00
1168	0.0000e+00	0.0000e+00	0.0000e+00	0.0000e+00
1169	0.0000e+00	0.0000e+00	0.0000e+00	0.0000e+00
1170	0.0000e+00	0.0000e+00	0.0000e+00	0.0000e+00
1171	0.0000e+00	0.0000e+00	0.0000e+00	0.0000e+00
1172	0.0000e+00	0.0000e+00	0.0000e+00	0.0000e+00
1173	0.0000e+00	0.0000e+00	0.0000e+00	0.0000e+00
1174	0.0000e+00	0.0000e+00	0.0000e+00	0.0000e+00
1175	0.0000e+00	0.0000e+00	0.0000e+00	0.0000e+00
1176	0.0000e+00	0.0000e+00	0.0000e+00	0.0000e+00
1177	0.0000e+00	0.0000e+00	0.0000e+00	0.0000e+00
1178	0.0000e+00	0.0000e+00	0.0000e+00	0.0000e+00
1179	0.0000e+00	0.0000e+00	0.0000e+00	0.0000e+00
1180	0.0000e+00	0.0000e+00	0.0000e+00	0.0000e+00
1181	0.0000e+00	0.0000e+00	0.0000e+00	0.0000e+00
1182	0.0000e+00	0.0000e+00	0.0000e+00	0.0000e+00
1183	0.0000e+00	0.0000e+00	0.0000e+00	0.0000e+00
1184	0.0000e+00	0.0000e+00	0.0000e+00	0.0000e+00
1185	0.0000e+00	0.0000e+00	0.0000e+00	0.0000e+00
1186	0.0000e+00	0.0000e+00	0.0000e+00	0.0000e+00
1187	0.0000e+00	0.0000e+00	0.0000e+00	0.0000e+00
1188	0.0000e+00	0.0000e+00	0.0000e+00	0.0000e+00
1189	0.0000e+00	0.0000e+00	0.0000e+00	0.0000e+00
1190	0.0000e+00	0.0000e+00	0.0000e+00	0.0000e+00
1191	0.0000e+00	0.0000e+00	0.0000e+00	0.0000e+00
1192	0.0000e+00	0.0000e+00	0.0000e+00	0.0000e+00
1193	0.0000e+00	0.0000e+00	0.0000e+00	0.0000e+00
1194	0.0000e+00	0.0000e+00	0.0000e+00	0.0000e+00
1195	0.0000e+00	0.0000e+00	0.0000e+00	0.0000e+00
1196	0.0000e+00	0.0000e+00	0.0000e+00	0.0000e+00
1197	0.0000e+00	0.0000e+00	0.0000e+00	0.0000e+00
1198	0.0000e+00	0.0000e+00	0.0000e+00	0.0000e+00
1199	0.0000e+00	0.0000e+00	0.0000e+00	0.0000e+00
1200	0.0000e+00	0.0000e+00	0.0000e+00	0.0000e+00
