  377    0.10000E+01
  378    0.10000E+01
  379    0.10000E+01
  380    0.10000E+01
  381    0.10000E+01
  382    0.10000E+01
  383    0.10000E+01
  384    0.10000E+01
  385    0.10000E+01
  386    0.10000E+01
  387    0.10000E+01
  388    0.10000E+01
  389    0.10000E+01
  390    0.10000E+01
  391    0.10000E+01
  392    0.10000E+01
  393    0.10000E+01
  394    0.10000E+01
  395    0.10000E+01
  396    0.10000E+01
  397    0.10000E+01
  398    0.10000E+01
  399    0.10000E+01
  400    0.10000E+01
  401    0.10000E+01
  402    0.10000E+01
  403    0.10000E+01
  404    0.10000E+01
  405    0.10000E+01
  406    0.10000E+01
  407    0.10000E+01
  408    0.10000E+01
  409    0.10000E+01
  410    0.10000E+01
  411    0.10000E+01
  412    0.10000E+01
  413    0.10000E+01
  414    0.10000E+01
  415    0.10000E+01
  416    0.10000E+01
  417    0.10000E+01
  418    0.10000E+01
  419    0.10000E+01
  420    0.10000E+01
  421    0.10000E+01
  422    0.10000E+01
  423    0.10000E+01
  424    0.10000E+01
