  227    0.10000E+01
  228    0.10000E+01
  229    0.10000E+01
  230    0.10000E+01
  231    0.10000E+01
  232    0.10000E+01
  233    0.10000E+01
  234    0.10000E+01
  235    0.10000E+01
  236    0.10000E+01
  237    0.10000E+01
  238    0.10000E+01
  239    0.10000E+01
  240    0.10000E+01
  241    0.10000E+01
  242    0.10000E+01
  243    0.10000E+01
  244    0.10000E+01
  245    0.10000E+01
  246    0.10000E+01
  247    0.10000E+01
  248    0.10000E+01
  249    0.10000E+01
  250    0.10000E+01
  251    0.10000E+01
  252    0.10000E+01
  253    0.10000E+01
  254    0.10000E+01
  255    0.10000E+01
  256    0.10000E+01
  257    0.10000E+01
  258    0.10000E+01
  259    0.10000E+01
  260    0.10000E+01
  261    0.10000E+01
  262    0.10000E+01
  263    0.10000E+01
  264    0.10000E+01
  265    0.10000E+01
  266    0.10000E+01
  267    0.10000E+01
  268    0.10000E+01
  269    0.10000E+01
  270    0.10000E+01
  271    0.10000E+01
  272    0.10000E+01
  273    0.10000E+01
  274    0.10000E+01
