  727    0.10000E+01
  728    0.10000E+01
  729    0.10000E+01
  730    0.10000E+01
  731    0.10000E+01
  732    0.10000E+01
  733    0.10000E+01
  734    0.10000E+01
  735    0.10000E+01
  736    0.10000E+01
  737    0.10000E+01
  738    0.10000E+01
  739    0.10000E+01
  740    0.10000E+01
  741    0.10000E+01
  742    0.10000E+01
  743    0.10000E+01
  744    0.10000E+01
  745    0.10000E+01
  746    0.10000E+01
  747    0.10000E+01
  748    0.10000E+01
  749    0.10000E+01
  750    0.10000E+01
  751    0.10000E+01
  752    0.10000E+01
  753    0.10000E+01
  754    0.10000E+01
  755    0.10000E+01
  756    0.10000E+01
  757    0.10000E+01
  758    0.10000E+01
  759    0.10000E+01
  760    0.10000E+01
  761    0.10000E+01
  762    0.10000E+01
  763    0.10000E+01
  764    0.10000E+01
  765    0.10000E+01
  766    0.10000E+01
  767    0.10000E+01
  768    0.10000E+01
  769    0.10000E+01
  770    0.10000E+01
  771    0.10000E+01
  772    0.10000E+01
  773    0.10000E+01
  774    0.10000E+01
