  177    0.10000E+01
  178    0.10000E+01
  179    0.10000E+01
  180    0.10000E+01
  181    0.10000E+01
  182    0.10000E+01
  183    0.10000E+01
  184    0.10000E+01
  185    0.10000E+01
  186    0.10000E+01
  187    0.10000E+01
  188    0.10000E+01
  189    0.10000E+01
  190    0.10000E+01
  191    0.10000E+01
  192    0.10000E+01
  193    0.10000E+01
  194    0.10000E+01
  195    0.10000E+01
  196    0.10000E+01
  197    0.10000E+01
  198    0.10000E+01
  199    0.10000E+01
  200    0.10000E+01
  201    0.10000E+01
  202    0.10000E+01
  203    0.10000E+01
  204    0.10000E+01
  205    0.10000E+01
  206    0.10000E+01
  207    0.10000E+01
  208    0.10000E+01
  209    0.10000E+01
  210    0.10000E+01
  211    0.10000E+01
  212    0.10000E+01
  213    0.10000E+01
  214    0.10000E+01
  215    0.10000E+01
  216    0.10000E+01
  217    0.10000E+01
  218    0.10000E+01
  219    0.10000E+01
  220    0.10000E+01
  221    0.10000E+01
  222    0.10000E+01
  223    0.10000E+01
  224    0.10000E+01
