  977    0.10000E+01
  978    0.10000E+01
  979    0.10000E+01
  980    0.10000E+01
  981    0.10000E+01
  982    0.10000E+01
  983    0.10000E+01
  984    0.10000E+01
  985    0.10000E+01
  986    0.10000E+01
  987    0.10000E+01
  988    0.10000E+01
  989    0.10000E+01
  990    0.10000E+01
  991    0.10000E+01
  992    0.10000E+01
  993    0.10000E+01
  994    0.10000E+01
  995    0.10000E+01
  996    0.10000E+01
  997    0.10000E+01
  998    0.10000E+01
  999    0.10000E+01
 1000    0.10000E+01
 1001    0.10000E+01
 1002    0.10000E+01
 1003    0.10000E+01
 1004    0.10000E+01
 1005    0.10000E+01
 1006    0.10000E+01
 1007    0.10000E+01
 1008    0.10000E+01
 1009    0.10000E+01
 1010    0.10000E+01
 1011    0.10000E+01
 1012    0.10000E+01
 1013    0.10000E+01
 1014    0.10000E+01
 1015    0.10000E+01
 1016    0.10000E+01
 1017    0.10000E+01
 1018    0.10000E+01
 1019    0.10000E+01
 1020    0.10000E+01
 1021    0.10000E+01
 1022    0.10000E+01
 1023    0.10000E+01
 1024    0.10000E+01
