   2    5.444e-09
   3    5.641e-09
   4    5.829e-09
   5    6.008e-09
   6    6.178e-09
   7    6.339e-09
   8    6.491e-09
   9    6.635e-09
  10     6.77e-09
  11    6.898e-09
  12    7.017e-09
  13    7.128e-09
  14    7.231e-09
  15    7.327e-09
  16    7.416e-09
  17    7.496e-09
  18     7.57e-09
  19    7.637e-09
  20    7.697e-09
  21     7.75e-09
  22    7.797e-09
  23    7.837e-09
  24    7.871e-09
  25    7.899e-09
  26    7.921e-09
  27    7.937e-09
  28    7.947e-09
  29    7.952e-09
  30    7.951e-09
  31    7.946e-09
  32    7.935e-09
  33    7.919e-09
  34    7.898e-09
  35    7.873e-09
  36    7.843e-09
  37    7.809e-09
  38    7.771e-09
  39    7.729e-09
  40    7.683e-09
  41    7.633e-09
  42     7.58e-09
  43    7.523e-09
  44    7.463e-09
  45      7.4e-09
  46    7.334e-09
  47    7.264e-09
  48    7.193e-09
  49    7.119e-09
  50    7.042e-09
  51    6.963e-09
  52    6.882e-09
  53    6.799e-09
  54    6.715e-09
  55    6.629e-09
  56    6.541e-09
  57    6.452e-09
  58    6.361e-09
  59     6.27e-09
  60    6.178e-09
  61    6.086e-09
  62    5.992e-09
  63    5.898e-09
  64    5.804e-09
  65     5.71e-09
  66    5.616e-09
  67    5.522e-09
  68    5.428e-09
  69    5.335e-09
  70    5.242e-09
  71     5.15e-09
  72    5.059e-09
  73    4.969e-09
  74    4.881e-09
  75    4.793e-09
  76    4.708e-09
  77    4.624e-09
  78    4.541e-09
  79    4.461e-09
  80    4.383e-09
  81    4.307e-09
  82    4.234e-09
  83    4.163e-09
  84    4.095e-09
  85    4.029e-09
  86    3.967e-09
  87    3.908e-09
  88    3.852e-09
  89      3.8e-09
  90    3.751e-09
  91    3.706e-09
  92    3.666e-09
  93    3.629e-09
  94    3.596e-09
  95    3.568e-09
  96    3.544e-09
  97    3.525e-09
  98     3.51e-09
  99    3.501e-09
 100    3.497e-09
 101    3.498e-09
 102    3.504e-09
 103    3.517e-09
 104    3.534e-09
 105    3.558e-09
 106    3.588e-09
 107    3.624e-09
 108    3.666e-09
 109    3.715e-09
 110     3.77e-09
 111    3.832e-09
 112    3.901e-09
 113    3.977e-09
 114     4.06e-09
 115    4.151e-09
 116    4.249e-09
 117    4.355e-09
 118    4.469e-09
 119     4.59e-09
 120     4.72e-09
 121    4.858e-09
 122    5.005e-09
 123     5.16e-09
 124    5.323e-09
 125    5.496e-09
 126    5.678e-09
 127    5.869e-09
 128    6.069e-09
 129    6.278e-09
 130    6.498e-09
 131    6.727e-09
 132    6.965e-09
 133    7.214e-09
 134    7.474e-09
 135    7.743e-09
 136    8.024e-09
 137    8.314e-09
 138    8.616e-09
 139    8.929e-09
 140    9.252e-09
 141    9.587e-09
 142    9.934e-09
 143    1.029e-08
 144    1.066e-08
 145    1.104e-08
 146    1.144e-08
 147    1.184e-08
 148    1.225e-08
 149    1.267e-08
 150     1.31e-08
 151    1.354e-08
 152    1.398e-08
 153    1.443e-08
 154    1.488e-08
 155    1.533e-08
 156    1.579e-08
 157    1.624e-08
 158     1.67e-08
 159    1.716e-08
 160    1.761e-08
 161    1.806e-08
 162    1.851e-08
 163    1.895e-08
 164    1.938e-08
 165    1.981e-08
 166    2.023e-08
 167    2.065e-08
 168    2.105e-08
 169    2.144e-08
 170    2.182e-08
 171    2.219e-08
 172    2.255e-08
 173    2.289e-08
 174    2.321e-08
 175    2.352e-08
 176    2.382e-08
 177     2.41e-08
 178    2.436e-08
 179    2.461e-08
 180    2.484e-08
 181    2.507e-08
 182    2.528e-08
 183    2.548e-08
 184    2.567e-08
 185    2.585e-08
 186    2.602e-08
 187    2.619e-08
 188    2.634e-08
 189    2.649e-08
 190    2.663e-08
 191    2.677e-08
 192     2.69e-08
 193    2.703e-08
 194    2.715e-08
 195    2.727e-08
 196    2.739e-08
 197    2.751e-08
 198    2.763e-08
 199    2.775e-08
 200    2.786e-08
 201    2.798e-08
 202     2.81e-08
 203    2.823e-08
 204    2.836e-08
 205    2.849e-08
 206    2.862e-08
 207    2.875e-08
 208    2.888e-08
 209      2.9e-08
 210     2.91e-08
 211     2.92e-08
 212    2.928e-08
 213    2.934e-08
 214    2.938e-08
 215     2.94e-08
 216    2.939e-08
 217    2.935e-08
 218    2.928e-08
 219    2.918e-08
 220    2.904e-08
 221    2.885e-08
 222    2.863e-08
 223    2.835e-08
 224    2.803e-08
 225    2.766e-08
 226    2.723e-08
 227    2.675e-08
 228    2.621e-08
 229     2.56e-08
 230    2.493e-08
 231    2.419e-08
 232    2.338e-08
 233     2.25e-08
 234    2.154e-08
 235     2.05e-08
 236    1.939e-08
 237     1.82e-08
 238    1.694e-08
 239     1.56e-08
 240    1.419e-08
 241    1.271e-08
 242    1.115e-08
 243    9.529e-09
 244    7.837e-09
 245    6.077e-09
 246     4.25e-09
 247    2.357e-09
 248    3.981e-10
 249   -1.625e-09
 250    -3.71e-09
 251   -5.859e-09
 252   -8.068e-09
 253   -1.034e-08
 254   -1.267e-08
 255   -1.506e-08
 256    -1.75e-08
 257       -2e-08
 258   -2.256e-08
 259   -2.517e-08
 260   -2.784e-08
 261   -3.056e-08
 262   -3.333e-08
 263   -3.615e-08
 264   -3.902e-08
 265   -4.192e-08
 266   -4.483e-08
 267   -4.773e-08
 268   -5.058e-08
 269   -5.337e-08
 270   -5.607e-08
 271   -5.865e-08
 272    -6.11e-08
 273   -6.339e-08
 274   -6.549e-08
 275   -6.737e-08
 276   -6.903e-08
 277   -7.043e-08
 278   -7.154e-08
 279   -7.234e-08
 280   -7.281e-08
 281   -7.293e-08
 282   -7.267e-08
 283     -7.2e-08
 284    -7.09e-08
 285   -6.935e-08
 286   -6.733e-08
 287    -6.48e-08
 288   -6.174e-08
 289   -5.814e-08
 290   -5.395e-08
 291   -4.918e-08
 292   -4.378e-08
 293   -3.773e-08
 294   -3.102e-08
 295    -2.37e-08
 296   -1.581e-08
 297   -7.411e-09
 298    1.446e-09
 299    1.071e-08
 300    2.033e-08
 301    3.024e-08
 302    4.041e-08
 303    5.077e-08
 304    6.127e-08
 305    7.187e-08
 306     8.25e-08
 307    9.311e-08
 308    1.037e-07
 309    1.141e-07
 310    1.243e-07
 311    1.344e-07
 312    1.441e-07
 313    1.535e-07
 314    1.626e-07
 315    1.712e-07
 316    1.793e-07
 317    1.869e-07
 318    1.938e-07
 319    2.002e-07
 320    2.058e-07
 321    2.107e-07
 322    2.148e-07
 323     2.18e-07
 324    2.203e-07
 325    2.218e-07
 326    2.225e-07
 327    2.223e-07
 328    2.214e-07
 329    2.197e-07
 330    2.173e-07
 331    2.142e-07
 332    2.104e-07
 333     2.06e-07
 334     2.01e-07
 335    1.953e-07
 336    1.891e-07
 337    1.824e-07
 338    1.751e-07
 339    1.674e-07
 340    1.592e-07
 341    1.506e-07
 342    1.415e-07
 343    1.321e-07
 344    1.223e-07
 345    1.122e-07
 346    1.018e-07
 347     9.11e-08
 348    8.016e-08
 349      6.9e-08
 350    5.764e-08
 351    4.611e-08
 352    3.443e-08
 353    2.264e-08
 354    1.075e-08
 355   -1.198e-09
 356   -1.318e-08
 357   -2.516e-08
 358   -3.712e-08
 359   -4.903e-08
 360   -6.085e-08
 361   -7.256e-08
 362   -8.413e-08
 363   -9.553e-08
 364   -1.067e-07
 365   -1.177e-07
 366   -1.284e-07
 367   -1.389e-07
 368    -1.49e-07
 369   -1.588e-07
 370   -1.682e-07
 371   -1.772e-07
 372   -1.858e-07
 373   -1.939e-07
 374   -2.015e-07
 375   -2.086e-07
 376   -2.152e-07
 377   -2.212e-07
 378   -2.266e-07
 379   -2.314e-07
 380   -2.355e-07
 381   -2.389e-07
 382   -2.416e-07
 383   -2.435e-07
 384   -2.448e-07
 385   -2.455e-07
 386   -2.456e-07
 387   -2.451e-07
 388   -2.443e-07
 389    -2.43e-07
 390   -2.414e-07
 391   -2.396e-07
 392   -2.376e-07
 393   -2.354e-07
 394   -2.331e-07
 395   -2.308e-07
 396   -2.286e-07
 397   -2.265e-07
 398   -2.245e-07
 399   -2.228e-07
 400   -2.213e-07
 401   -2.202e-07
 402   -2.195e-07
 403   -2.193e-07
 404   -2.196e-07
 405   -2.205e-07
 406    -2.22e-07
 407   -2.242e-07
 408   -2.273e-07
 409   -2.311e-07
 410   -2.359e-07
 411   -2.416e-07
 412   -2.483e-07
 413   -2.561e-07
 414   -2.647e-07
 415   -2.742e-07
 416   -2.844e-07
 417   -2.951e-07
 418   -3.063e-07
 419   -3.179e-07
 420   -3.297e-07
 421   -3.416e-07
 422   -3.535e-07
 423   -3.654e-07
 424   -3.771e-07
 425   -3.884e-07
 426   -3.993e-07
 427   -4.097e-07
 428   -4.194e-07
 429   -4.283e-07
 430   -4.363e-07
 431   -4.434e-07
 432   -4.494e-07
 433   -4.541e-07
 434   -4.575e-07
 435   -4.595e-07
 436   -4.599e-07
 437   -4.587e-07
 438   -4.557e-07
 439   -4.507e-07
 440   -4.438e-07
 441   -4.348e-07
 442   -4.235e-07
 443   -4.101e-07
 444   -3.945e-07
 445    -3.77e-07
 446   -3.576e-07
 447   -3.365e-07
 448   -3.138e-07
 449   -2.896e-07
 450    -2.64e-07
 451   -2.372e-07
 452   -2.092e-07
 453   -1.802e-07
 454   -1.503e-07
 455   -1.196e-07
 456   -8.819e-08
 457   -5.626e-08
 458   -2.389e-08
 459    8.801e-09
 460    4.169e-08
 461    7.466e-08
 462    1.076e-07
 463    1.404e-07
 464    1.729e-07
 465     2.05e-07
 466    2.366e-07
 467    2.676e-07
 468    2.979e-07
 469    3.273e-07
 470    3.557e-07
 471     3.83e-07
 472    4.091e-07
 473     4.34e-07
 474    4.575e-07
 475    4.798e-07
 476    5.007e-07
 477    5.203e-07
 478    5.384e-07
 479    5.551e-07
 480    5.703e-07
 481    5.841e-07
 482    5.963e-07
 483    6.069e-07
 484     6.16e-07
 485    6.234e-07
 486    6.292e-07
 487    6.333e-07
 488    6.357e-07
 489    6.364e-07
 490    6.352e-07
 491    6.323e-07
 492    6.275e-07
 493    6.209e-07
 494    6.124e-07
 495    6.019e-07
 496    5.895e-07
 497    5.751e-07
 498    5.587e-07
 499    5.402e-07
 500    5.196e-07
 501    4.969e-07
 502    4.722e-07
 503    4.455e-07
 504     4.17e-07
 505    3.868e-07
 506    3.552e-07
 507    3.222e-07
 508     2.88e-07
 509    2.527e-07
 510    2.166e-07
 511    1.797e-07
 512    1.422e-07
 513    1.043e-07
 514    6.609e-08
 515    2.775e-08
 516   -1.059e-08
 517   -4.876e-08
 518   -8.661e-08
 519    -1.24e-07
 520   -1.608e-07
 521   -1.968e-07
 522   -2.319e-07
 523   -2.659e-07
 524   -2.987e-07
 525   -3.301e-07
 526   -3.601e-07
 527   -3.883e-07
 528   -4.147e-07
 529   -4.391e-07
 530   -4.614e-07
 531   -4.815e-07
 532   -4.992e-07
 533   -5.146e-07
 534   -5.279e-07
 535   -5.389e-07
 536   -5.478e-07
 537   -5.546e-07
 538   -5.593e-07
 539    -5.62e-07
 540   -5.628e-07
 541   -5.616e-07
 542   -5.586e-07
 543   -5.537e-07
 544   -5.471e-07
 545   -5.388e-07
 546   -5.287e-07
 547    -5.17e-07
 548   -5.037e-07
 549   -4.889e-07
 550   -4.726e-07
 551   -4.548e-07
 552   -4.356e-07
 553    -4.15e-07
 554   -3.931e-07
 555   -3.699e-07
 556   -3.455e-07
 557   -3.199e-07
 558   -2.931e-07
 559   -2.653e-07
 560   -2.364e-07
 561   -2.065e-07
 562   -1.756e-07
 563    -1.44e-07
 564   -1.117e-07
 565   -7.882e-08
 566   -4.544e-08
 567   -1.167e-08
 568    2.236e-08
 569    5.656e-08
 570    9.082e-08
 571     1.25e-07
 572    1.591e-07
 573    1.929e-07
 574    2.263e-07
 575    2.593e-07
 576    2.917e-07
 577    3.234e-07
 578    3.543e-07
 579    3.843e-07
 580    4.133e-07
 581    4.412e-07
 582    4.679e-07
 583    4.933e-07
 584    5.172e-07
 585    5.396e-07
 586    5.604e-07
 587    5.794e-07
 588    5.966e-07
 589    6.118e-07
 590    6.249e-07
 591    6.359e-07
 592    6.449e-07
 593    6.518e-07
 594    6.568e-07
 595    6.599e-07
 596    6.612e-07
 597    6.608e-07
 598    6.587e-07
 599    6.549e-07
 600    6.497e-07
 601    6.429e-07
 602    6.348e-07
 603    6.253e-07
 604    6.146e-07
 605    6.026e-07
 606    5.895e-07
 607    5.754e-07
 608    5.602e-07
 609    5.442e-07
 610    5.272e-07
 611    5.094e-07
 612    4.909e-07
 613    4.718e-07
 614     4.52e-07
 615    4.317e-07
 616     4.11e-07
 617    3.898e-07
 618    3.683e-07
 619    3.466e-07
 620    3.246e-07
 621    3.026e-07
 622    2.804e-07
 623    2.582e-07
 624    2.359e-07
 625    2.137e-07
 626    1.916e-07
 627    1.696e-07
 628    1.477e-07
 629    1.261e-07
 630    1.047e-07
 631    8.367e-08
 632    6.293e-08
 633    4.257e-08
 634    2.264e-08
 635    3.184e-09
 636   -1.576e-08
 637   -3.415e-08
 638   -5.193e-08
 639   -6.907e-08
 640   -8.552e-08
 641   -1.012e-07
 642   -1.162e-07
 643   -1.303e-07
 644   -1.436e-07
 645   -1.559e-07
 646   -1.673e-07
 647   -1.777e-07
 648   -1.871e-07
 649   -1.954e-07
 650   -2.026e-07
 651   -2.087e-07
 652   -2.137e-07
 653   -2.178e-07
 654    -2.21e-07
 655   -2.233e-07
 656   -2.248e-07
 657   -2.256e-07
 658   -2.257e-07
 659   -2.251e-07
 660    -2.24e-07
 661   -2.224e-07
 662   -2.203e-07
 663   -2.178e-07
 664    -2.15e-07
 665   -2.119e-07
 666   -2.086e-07
 667   -2.052e-07
 668   -2.016e-07
 669    -1.98e-07
 670   -1.944e-07
 671   -1.908e-07
 672   -1.874e-07
 673   -1.842e-07
 674   -1.812e-07
 675   -1.785e-07
 676   -1.761e-07
 677   -1.742e-07
 678   -1.727e-07
 679   -1.718e-07
 680   -1.714e-07
 681   -1.716e-07
 682   -1.722e-07
 683   -1.732e-07
 684   -1.745e-07
 685    -1.76e-07
 686   -1.778e-07
 687   -1.797e-07
 688   -1.816e-07
 689   -1.836e-07
 690   -1.855e-07
 691   -1.873e-07
 692   -1.888e-07
 693   -1.902e-07
 694   -1.912e-07
 695   -1.918e-07
 696    -1.92e-07
 697   -1.917e-07
 698   -1.908e-07
 699   -1.892e-07
 700    -1.87e-07
 701    -1.84e-07
 702   -1.802e-07
 703   -1.755e-07
 704   -1.699e-07
 705   -1.632e-07
 706   -1.554e-07
 707   -1.465e-07
 708   -1.364e-07
 709    -1.25e-07
 710   -1.124e-07
 711   -9.853e-08
 712   -8.358e-08
 713   -6.761e-08
 714   -5.071e-08
 715   -3.295e-08
 716   -1.444e-08
 717    4.755e-09
 718    2.454e-08
 719    4.484e-08
 720    6.555e-08
 721    8.661e-08
 722    1.079e-07
 723    1.294e-07
 724    1.509e-07
 725    1.725e-07
 726    1.939e-07
 727    2.152e-07
 728    2.362e-07
 729    2.569e-07
 730    2.771e-07
 731    2.968e-07
 732     3.16e-07
 733    3.344e-07
 734    3.521e-07
 735    3.688e-07
 736    3.847e-07
 737    3.995e-07
 738    4.132e-07
 739    4.257e-07
 740     4.37e-07
 741     4.47e-07
 742    4.557e-07
 743    4.632e-07
 744    4.693e-07
 745     4.74e-07
 746    4.774e-07
 747    4.794e-07
 748      4.8e-07
 749    4.792e-07
 750    4.769e-07
 751    4.732e-07
 752    4.679e-07
 753    4.612e-07
 754    4.529e-07
 755    4.431e-07
 756    4.317e-07
 757    4.187e-07
 758    4.041e-07
 759    3.879e-07
 760      3.7e-07
 761    3.504e-07
 762    3.292e-07
 763    3.062e-07
 764    2.815e-07
 765     2.55e-07
 766    2.268e-07
 767    1.967e-07
 768    1.648e-07
 769    1.311e-07
 770    9.577e-08
 771     5.89e-08
 772    2.068e-08
 773   -1.871e-08
 774   -5.913e-08
 775   -1.004e-07
 776   -1.423e-07
 777   -1.848e-07
 778   -2.277e-07
 779   -2.707e-07
 780   -3.138e-07
 781   -3.567e-07
 782   -3.994e-07
 783   -4.416e-07
 784   -4.831e-07
 785   -5.239e-07
 786   -5.637e-07
 787   -6.025e-07
 788   -6.399e-07
 789   -6.759e-07
 790   -7.103e-07
 791   -7.429e-07
 792   -7.736e-07
 793   -8.022e-07
 794   -8.285e-07
 795   -8.524e-07
 796   -8.738e-07
 797   -8.923e-07
 798    -9.08e-07
 799   -9.206e-07
 800   -9.304e-07
 801   -9.373e-07
 802   -9.414e-07
 803   -9.428e-07
 804   -9.416e-07
 805   -9.378e-07
 806   -9.316e-07
 807    -9.23e-07
 808    -9.12e-07
 809   -8.988e-07
 810   -8.835e-07
 811    -8.66e-07
 812   -8.465e-07
 813   -8.251e-07
 814   -8.018e-07
 815   -7.767e-07
 816   -7.498e-07
 817   -7.213e-07
 818   -6.913e-07
 819   -6.597e-07
 820   -6.268e-07
 821   -5.924e-07
 822   -5.568e-07
 823     -5.2e-07
 824   -4.821e-07
 825   -4.431e-07
 826   -4.032e-07
 827   -3.624e-07
 828   -3.207e-07
 829   -2.783e-07
 830   -2.353e-07
 831   -1.919e-07
 832    -1.48e-07
 833   -1.039e-07
 834   -5.957e-08
 835   -1.526e-08
 836    2.899e-08
 837    7.304e-08
 838    1.168e-07
 839    1.601e-07
 840    2.029e-07
 841    2.451e-07
 842    2.865e-07
 843     3.27e-07
 844    3.665e-07
 845    4.049e-07
 846    4.421e-07
 847     4.78e-07
 848    5.125e-07
 849    5.453e-07
 850    5.765e-07
 851    6.059e-07
 852    6.335e-07
 853     6.59e-07
 854    6.823e-07
 855    7.034e-07
 856    7.222e-07
 857    7.385e-07
 858    7.522e-07
 859    7.634e-07
 860     7.72e-07
 861    7.779e-07
 862    7.813e-07
 863    7.821e-07
 864    7.804e-07
 865    7.761e-07
 866    7.692e-07
 867    7.598e-07
 868    7.478e-07
 869    7.332e-07
 870    7.161e-07
 871    6.964e-07
 872    6.741e-07
 873    6.494e-07
 874     6.22e-07
 875    5.922e-07
 876    5.598e-07
 877    5.248e-07
 878    4.873e-07
 879    4.473e-07
 880    4.048e-07
 881    3.597e-07
 882    3.121e-07
 883     2.62e-07
 884    2.093e-07
 885    1.542e-07
 886    9.653e-08
 887    3.636e-08
 888   -2.624e-08
 889   -9.102e-08
 890   -1.577e-07
 891   -2.261e-07
 892   -2.959e-07
 893   -3.669e-07
 894   -4.388e-07
 895   -5.113e-07
 896   -5.843e-07
 897   -6.574e-07
 898   -7.304e-07
 899    -8.03e-07
 900   -8.751e-07
 901   -9.462e-07
 902   -1.016e-06
 903   -1.085e-06
 904   -1.152e-06
 905   -1.217e-06
 906    -1.28e-06
 907   -1.341e-06
 908   -1.399e-06
 909   -1.454e-06
 910   -1.506e-06
 911   -1.555e-06
 912   -1.599e-06
 913    -1.64e-06
 914   -1.677e-06
 915    -1.71e-06
 916   -1.737e-06
 917    -1.76e-06
 918   -1.778e-06
 919   -1.791e-06
 920   -1.799e-06
 921   -1.802e-06
 922     -1.8e-06
 923   -1.794e-06
 924   -1.783e-06
 925   -1.767e-06
 926   -1.747e-06
 927   -1.722e-06
 928   -1.692e-06
 929   -1.658e-06
 930    -1.62e-06
 931   -1.578e-06
 932   -1.531e-06
 933    -1.48e-06
 934   -1.424e-06
 935   -1.365e-06
 936   -1.302e-06
 937   -1.234e-06
 938   -1.163e-06
 939   -1.087e-06
 940   -1.008e-06
 941   -9.246e-07
 942   -8.377e-07
 943   -7.471e-07
 944   -6.527e-07
 945   -5.548e-07
 946   -4.533e-07
 947   -3.483e-07
 948   -2.402e-07
 949   -1.296e-07
 950   -1.687e-08
 951    9.744e-08
 952    2.129e-07
 953    3.289e-07
 954     4.45e-07
 955    5.607e-07
 956    6.756e-07
 957     7.89e-07
 958    9.007e-07
 959     1.01e-06
 960    1.116e-06
 961    1.219e-06
 962    1.319e-06
 963    1.413e-06
 964    1.503e-06
 965    1.588e-06
 966    1.667e-06
 967     1.74e-06
 968    1.805e-06
 969    1.864e-06
 970    1.915e-06
 971    1.957e-06
 972    1.991e-06
 973    2.015e-06
 974    2.029e-06
 975    2.034e-06
 976    2.027e-06
 977     2.01e-06
 978    1.982e-06
 979    1.944e-06
 980    1.897e-06
 981    1.842e-06
 982    1.778e-06
 983    1.706e-06
 984    1.627e-06
 985    1.542e-06
 986    1.451e-06
 987    1.355e-06
 988    1.253e-06
 989    1.148e-06
 990    1.039e-06
 991    9.266e-07
 992    8.118e-07
 993    6.951e-07
 994     5.77e-07
 995     4.58e-07
 996    3.388e-07
 997    2.199e-07
 998    1.018e-07
 999    -1.48e-08
1000   -1.294e-07
1001   -2.415e-07
1002   -3.504e-07
1003   -4.557e-07
1004   -5.567e-07
1005   -6.528e-07
1006   -7.436e-07
1007   -8.287e-07
1008   -9.082e-07
1009   -9.819e-07
1010    -1.05e-06
1011   -1.112e-06
1012   -1.169e-06
1013   -1.219e-06
1014   -1.264e-06
1015   -1.303e-06
1016   -1.336e-06
1017   -1.363e-06
1018   -1.384e-06
1019     -1.4e-06
1020   -1.409e-06
1021   -1.413e-06
1022    -1.41e-06
1023   -1.401e-06
1024   -1.387e-06
1025   -1.366e-06
1026   -1.339e-06
1027   -1.306e-06
1028   -1.267e-06
1029   -1.222e-06
1030    -1.17e-06
1031   -1.112e-06
1032   -1.048e-06
1033   -9.782e-07
1034   -9.018e-07
1035    -8.19e-07
1036     -7.3e-07
1037   -6.349e-07
1038   -5.341e-07
1039    -4.28e-07
1040   -3.169e-07
1041   -2.012e-07
1042   -8.126e-08
1043    4.265e-08
1044    1.701e-07
1045    3.009e-07
1046    4.344e-07
1047    5.706e-07
1048    7.089e-07
1049     8.49e-07
1050    9.906e-07
1051    1.133e-06
1052    1.277e-06
1053    1.421e-06
1054    1.565e-06
1055    1.708e-06
1056    1.851e-06
1057    1.994e-06
1058    2.134e-06
1059    2.273e-06
1060     2.41e-06
1061    2.545e-06
1062    2.677e-06
1063    2.806e-06
1064    2.931e-06
1065    3.053e-06
1066     3.17e-06
1067    3.283e-06
1068    3.392e-06
1069    3.495e-06
1070    3.593e-06
1071    3.685e-06
1072    3.771e-06
1073    3.851e-06
1074    3.924e-06
1075     3.99e-06
1076    4.049e-06
1077    4.099e-06
1078    4.143e-06
1079    4.177e-06
1080    4.204e-06
1081    4.221e-06
1082    4.229e-06
1083    4.228e-06
1084    4.217e-06
1085    4.195e-06
1086    4.164e-06
1087    4.121e-06
1088    4.067e-06
1089    4.002e-06
1090    3.925e-06
1091    3.836e-06
1092    3.734e-06
1093     3.62e-06
1094    3.493e-06
1095    3.352e-06
1096    3.198e-06
1097    3.032e-06
1098    2.853e-06
1099    2.663e-06
1100    2.461e-06
1101     2.25e-06
1102    2.028e-06
1103    1.798e-06
1104    1.558e-06
1105    1.311e-06
1106    1.056e-06
1107    7.934e-07
1108    5.247e-07
1109    2.503e-07
1110   -2.949e-08
1111    -3.14e-07
1112   -6.027e-07
1113   -8.949e-07
1114    -1.19e-06
1115   -1.488e-06
1116   -1.788e-06
1117   -2.089e-06
1118    -2.39e-06
1119   -2.692e-06
1120   -2.994e-06
1121   -3.294e-06
1122   -3.593e-06
1123    -3.89e-06
1124   -4.184e-06
1125   -4.476e-06
1126   -4.764e-06
1127   -5.049e-06
1128   -5.332e-06
1129   -5.613e-06
1130   -5.892e-06
1131    -6.17e-06
1132   -6.447e-06
1133   -6.724e-06
1134       -7e-06
1135   -7.276e-06
1136   -7.553e-06
1137   -7.831e-06
1138    -8.11e-06
1139    -8.39e-06
1140   -8.672e-06
1141   -8.956e-06
1142   -9.243e-06
1143   -9.533e-06
1144   -9.826e-06
1145   -1.012e-05
1146   -1.042e-05
1147   -1.073e-05
1148   -1.104e-05
1149   -1.135e-05
1150   -1.167e-05
1151     -1.2e-05
1152   -1.233e-05
1153   -1.267e-05
1154   -1.302e-05
1155   -1.337e-05
1156   -1.373e-05
1157   -1.409e-05
1158   -1.446e-05
1159   -1.483e-05
1160   -1.521e-05
1161   -1.559e-05
1162   -1.597e-05
1163   -1.635e-05
1164   -1.673e-05
1165   -1.711e-05
1166   -1.749e-05
1167   -1.787e-05
1168   -1.824e-05
1169   -1.862e-05
1170   -1.898e-05
1171   -1.934e-05
1172    -1.97e-05
1173   -2.005e-05
1174   -2.039e-05
1175   -2.072e-05
1176   -2.104e-05
1177   -2.135e-05
1178   -2.166e-05
1179   -2.195e-05
1180   -2.223e-05
1181   -2.249e-05
1182   -2.275e-05
1183   -2.298e-05
1184   -2.321e-05
1185   -2.341e-05
1186    -2.36e-05
1187   -2.378e-05
1188   -2.393e-05
1189   -2.407e-05
1190    -2.42e-05
1191    -2.43e-05
1192   -2.439e-05
1193   -2.445e-05
1194    -2.45e-05
1195   -2.453e-05
1196   -2.454e-05
1197   -2.452e-05
1198   -2.449e-05
1199   -2.444e-05
1200   -2.436e-05
1201   -2.427e-05
1202   -2.415e-05
1203   -2.401e-05
1204   -2.385e-05
1205   -2.366e-05
1206   -2.345e-05
1207   -2.322e-05
1208   -2.296e-05
1209   -2.268e-05
1210   -2.237e-05
1211   -2.204e-05
1212   -2.168e-05
1213   -2.129e-05
1214   -2.088e-05
1215   -2.045e-05
1216   -1.998e-05
1217   -1.948e-05
1218   -1.896e-05
1219    -1.84e-05
1220    -1.78e-05
1221   -1.717e-05
1222   -1.651e-05
1223    -1.58e-05
1224   -1.506e-05
1225   -1.428e-05
1226   -1.346e-05
1227   -1.259e-05
1228   -1.168e-05
1229   -1.073e-05
1230   -9.727e-06
1231   -8.677e-06
1232   -7.579e-06
1233    -6.43e-06
1234    -5.23e-06
1235   -3.976e-06
1236   -2.669e-06
1237   -1.306e-06
1238    1.142e-07
1239    1.592e-06
1240    3.129e-06
1241    4.727e-06
1242    6.386e-06
1243    8.109e-06
1244    9.895e-06
1245    1.174e-05
1246    1.365e-05
1247    1.561e-05
1248    1.762e-05
1249    1.968e-05
1250    2.179e-05
1251    2.394e-05
1252    2.613e-05
1253    2.836e-05
1254    3.062e-05
1255    3.291e-05
1256    3.523e-05
1257    3.757e-05
1258    3.994e-05
1259    4.232e-05
1260    4.471e-05
1261    4.713e-05
1262    4.955e-05
1263    5.197e-05
1264     5.44e-05
1265    5.682e-05
1266    5.925e-05
1267    6.167e-05
1268    6.408e-05
1269    6.648e-05
1270    6.886e-05
1271    7.122e-05
1272    7.356e-05
1273    7.588e-05
1274    7.817e-05
1275    8.043e-05
1276    8.267e-05
1277    8.489e-05
1278    8.709e-05
1279    8.927e-05
1280    9.143e-05
1281    9.357e-05
1282    9.569e-05
1283     9.78e-05
1284     9.99e-05
1285     0.000102
1286    0.0001041
1287    0.0001061
1288    0.0001082
1289    0.0001102
1290    0.0001122
1291    0.0001143
1292    0.0001163
1293    0.0001183
1294    0.0001204
1295    0.0001224
1296    0.0001244
1297    0.0001264
1298    0.0001285
1299    0.0001305
1300    0.0001325
1301    0.0001346
1302    0.0001367
1303    0.0001387
1304    0.0001408
1305    0.0001429
1306    0.0001449
1307     0.000147
1308     0.000149
1309     0.000151
1310     0.000153
1311    0.0001549
1312    0.0001568
1313    0.0001586
1314    0.0001604
1315    0.0001621
1316    0.0001638
1317    0.0001654
1318    0.0001668
1319    0.0001682
1320    0.0001695
1321    0.0001707
1322    0.0001718
1323    0.0001728
1324    0.0001736
1325    0.0001743
1326    0.0001749
1327    0.0001754
1328    0.0001757
1329    0.0001758
1330    0.0001758
1331    0.0001756
1332    0.0001753
1333    0.0001747
1334     0.000174
1335    0.0001731
1336     0.000172
1337    0.0001708
1338    0.0001693
1339    0.0001676
1340    0.0001658
1341    0.0001637
1342    0.0001615
1343    0.0001591
1344    0.0001564
1345    0.0001536
1346    0.0001505
1347    0.0001473
1348    0.0001438
1349    0.0001402
1350    0.0001363
1351    0.0001322
1352    0.0001278
1353    0.0001233
1354    0.0001185
1355    0.0001136
1356    0.0001084
1357    0.0001029
1358    9.726e-05
1359    9.137e-05
1360    8.524e-05
1361    7.888e-05
1362    7.228e-05
1363    6.545e-05
1364    5.838e-05
1365    5.108e-05
1366    4.357e-05
1367    3.585e-05
1368    2.791e-05
1369    1.976e-05
1370    1.142e-05
1371    2.886e-06
1372   -5.839e-06
1373   -1.475e-05
1374   -2.383e-05
1375   -3.309e-05
1376   -4.251e-05
1377   -5.209e-05
1378   -6.184e-05
1379   -7.173e-05
1380   -8.176e-05
1381   -9.194e-05
1382   -0.0001023
1383   -0.0001127
1384   -0.0001233
1385   -0.0001339
1386   -0.0001447
1387   -0.0001556
1388   -0.0001667
1389   -0.0001778
1390   -0.0001889
1391   -0.0002002
1392   -0.0002116
1393    -0.000223
1394   -0.0002345
1395   -0.0002461
1396   -0.0002577
1397   -0.0002693
1398   -0.0002809
1399   -0.0002926
1400   -0.0003043
1401   -0.0003159
1402   -0.0003276
1403   -0.0003392
1404   -0.0003508
1405   -0.0003624
1406   -0.0003738
1407   -0.0003853
1408   -0.0003966
1409   -0.0004079
1410   -0.0004191
1411   -0.0004301
1412   -0.0004411
1413   -0.0004519
1414   -0.0004626
1415   -0.0004731
1416   -0.0004836
1417   -0.0004938
1418   -0.0005038
1419   -0.0005137
1420   -0.0005234
1421   -0.0005329
1422   -0.0005422
1423   -0.0005513
1424   -0.0005601
1425   -0.0005687
1426    -0.000577
1427   -0.0005851
1428   -0.0005929
1429   -0.0006005
1430   -0.0006078
1431   -0.0006147
1432   -0.0006214
1433   -0.0006278
1434   -0.0006339
1435   -0.0006396
1436    -0.000645
1437   -0.0006501
1438   -0.0006548
1439   -0.0006592
1440   -0.0006632
1441   -0.0006668
1442   -0.0006701
1443   -0.0006729
1444   -0.0006754
1445   -0.0006774
1446   -0.0006791
1447   -0.0006803
1448    -0.000681
1449   -0.0006813
1450   -0.0006812
1451   -0.0006806
1452   -0.0006796
1453   -0.0006781
1454   -0.0006762
1455   -0.0006738
1456    -0.000671
1457   -0.0006679
1458   -0.0006644
1459   -0.0006605
1460   -0.0006563
1461   -0.0006517
1462   -0.0006468
1463   -0.0006417
1464   -0.0006362
1465   -0.0006304
1466   -0.0006244
1467   -0.0006182
1468   -0.0006117
1469    -0.000605
1470   -0.0005981
1471   -0.0005911
1472   -0.0005838
1473   -0.0005764
1474   -0.0005689
1475   -0.0005612
1476   -0.0005534
1477   -0.0005455
1478   -0.0005375
1479   -0.0005295
1480   -0.0005214
1481   -0.0005133
1482   -0.0005051
1483   -0.0004968
1484   -0.0004884
1485   -0.0004798
1486   -0.0004709
1487   -0.0004618
1488   -0.0004524
1489   -0.0004426
1490   -0.0004325
1491   -0.0004219
1492   -0.0004108
1493   -0.0003992
1494    -0.000387
1495   -0.0003742
1496   -0.0003608
1497   -0.0003466
1498   -0.0003318
1499   -0.0003162
1500   -0.0002997
1501   -0.0002824
1502   -0.0002641
1503    -0.000245
1504   -0.0002248
1505   -0.0002036
1506   -0.0001813
1507   -0.0001579
1508   -0.0001333
1509   -0.0001076
1510   -8.057e-05
1511   -5.228e-05
1512   -2.271e-05
1513    8.104e-06
1514    4.014e-05
1515    7.337e-05
1516    0.0001078
1517    0.0001433
1518      0.00018
1519    0.0002177
1520    0.0002566
1521    0.0002964
1522    0.0003373
1523    0.0003791
1524     0.000422
1525    0.0004658
1526    0.0005104
1527     0.000556
1528    0.0006024
1529    0.0006496
1530    0.0006977
1531    0.0007465
1532    0.0007961
1533    0.0008465
1534    0.0008975
1535    0.0009492
1536     0.001002
1537     0.001055
1538     0.001108
1539     0.001162
1540     0.001217
1541     0.001272
1542     0.001328
1543     0.001384
1544     0.001441
1545     0.001498
1546     0.001555
1547     0.001613
1548     0.001672
1549      0.00173
1550     0.001789
1551     0.001848
1552     0.001908
1553     0.001968
1554     0.002028
1555     0.002088
1556     0.002149
1557     0.002209
1558      0.00227
1559     0.002331
1560     0.002392
1561     0.002453
1562     0.002514
1563     0.002575
1564     0.002637
1565     0.002698
1566     0.002759
1567      0.00282
1568     0.002881
1569     0.002942
1570     0.003003
1571     0.003064
1572     0.003124
1573     0.003185
1574     0.003245
1575     0.003305
1576     0.003364
1577     0.003423
1578     0.003482
1579      0.00354
1580     0.003598
1581     0.003656
1582     0.003712
1583     0.003769
1584     0.003824
1585     0.003879
1586     0.003933
1587     0.003987
1588      0.00404
1589     0.004092
1590     0.004143
1591     0.004193
1592     0.004243
1593     0.004291
1594     0.004339
1595     0.004385
1596      0.00443
1597     0.004475
1598     0.004518
1599      0.00456
1600     0.004601
1601     0.004641
1602     0.004679
1603     0.004716
1604     0.004753
1605     0.004788
1606     0.004822
1607     0.004855
1608     0.004888
1609     0.004919
1610     0.004949
1611     0.004978
1612     0.005007
1613     0.005034
1614     0.005061
1615     0.005087
1616     0.005112
1617     0.005136
1618      0.00516
1619     0.005182
1620     0.005205
1621     0.005226
1622     0.005247
1623     0.005267
1624     0.005287
1625     0.005306
1626     0.005324
1627     0.005343
1628      0.00536
1629     0.005377
1630     0.005394
1631      0.00541
1632     0.005426
1633     0.005441
1634     0.005456
1635      0.00547
1636     0.005484
1637     0.005497
1638      0.00551
1639     0.005522
1640     0.005534
1641     0.005545
1642     0.005555
1643     0.005565
1644     0.005575
1645     0.005584
1646     0.005592
1647     0.005599
1648     0.005606
1649     0.005613
1650     0.005619
1651     0.005624
1652     0.005628
1653     0.005632
1654     0.005635
1655     0.005638
1656     0.005639
1657      0.00564
1658     0.005641
1659      0.00564
1660     0.005639
1661     0.005637
1662     0.005635
1663     0.005632
1664     0.005629
1665     0.005626
1666     0.005622
1667     0.005618
1668     0.005614
1669      0.00561
1670     0.005606
1671     0.005603
1672     0.005599
1673     0.005596
1674     0.005594
1675     0.005591
1676      0.00559
1677     0.005589
1678     0.005588
1679     0.005589
1680      0.00559
1681     0.005592
1682     0.005595
1683       0.0056
1684     0.005605
1685     0.005612
1686      0.00562
1687      0.00563
1688     0.005641
1689     0.005653
1690     0.005667
1691     0.005682
1692     0.005699
1693     0.005716
1694     0.005734
1695     0.005753
1696     0.005772
1697     0.005791
1698      0.00581
1699     0.005829
1700     0.005848
1701     0.005866
1702     0.005883
1703       0.0059
1704     0.005915
1705     0.005929
1706     0.005942
1707     0.005952
1708     0.005962
1709     0.005969
1710     0.005974
1711     0.005976
1712     0.005977
1713     0.005974
1714     0.005968
1715      0.00596
1716     0.005948
1717     0.005932
1718     0.005913
1719     0.005891
1720     0.005864
1721     0.005834
1722     0.005801
1723     0.005764
1724     0.005725
1725     0.005682
1726     0.005636
1727     0.005588
1728     0.005537
1729     0.005483
1730     0.005427
1731      0.00537
1732     0.005309
1733     0.005247
1734     0.005183
1735     0.005118
1736     0.005051
1737     0.004982
1738     0.004913
1739     0.004842
1740      0.00477
1741     0.004697
1742     0.004624
1743     0.004549
1744     0.004475
1745       0.0044
1746     0.004324
1747     0.004249
1748     0.004174
1749     0.004099
1750     0.004024
1751     0.003949
1752     0.003875
1753     0.003801
1754     0.003727
1755     0.003653
1756     0.003579
1757     0.003506
1758     0.003433
1759     0.003361
1760     0.003289
1761     0.003217
1762     0.003146
1763     0.003076
1764     0.003005
1765     0.002936
1766     0.002866
1767     0.002798
1768      0.00273
1769     0.002662
1770     0.002595
1771     0.002529
1772     0.002464
1773     0.002399
1774     0.002335
1775     0.002271
1776     0.002208
1777     0.002146
1778     0.002085
1779     0.002025
1780     0.001965
1781     0.001907
1782     0.001849
1783     0.001792
1784     0.001735
1785      0.00168
1786     0.001625
1787     0.001571
1788     0.001518
1789     0.001465
1790     0.001414
1791     0.001363
1792     0.001313
1793     0.001263
1794     0.001215
1795     0.001167
1796      0.00112
1797     0.001074
1798     0.001029
1799    0.0009841
1800    0.0009403
1801    0.0008973
1802     0.000855
1803    0.0008135
1804    0.0007728
1805    0.0007328
1806    0.0006936
1807    0.0006552
1808    0.0006175
1809    0.0005806
1810    0.0005444
1811     0.000509
1812    0.0004743
1813    0.0004402
1814    0.0004069
1815    0.0003742
1816    0.0003423
1817    0.0003109
1818    0.0002802
1819    0.0002502
1820    0.0002207
1821    0.0001919
1822    0.0001636
1823    0.0001359
1824    0.0001088
1825    8.226e-05
1826    5.624e-05
1827    3.075e-05
1828    5.773e-06
1829    -1.87e-05
1830   -4.268e-05
1831   -6.619e-05
1832   -8.923e-05
1833   -0.0001118
1834    -0.000134
1835   -0.0001557
1836    -0.000177
1837   -0.0001979
1838   -0.0002184
1839   -0.0002385
1840   -0.0002583
1841   -0.0002776
1842   -0.0002966
1843   -0.0003152
1844   -0.0003334
1845   -0.0003513
1846   -0.0003688
1847   -0.0003859
1848   -0.0004027
1849   -0.0004191
1850   -0.0004352
1851   -0.0004509
1852   -0.0004663
1853   -0.0004813
1854   -0.0004961
1855   -0.0005104
1856   -0.0005245
1857   -0.0005382
1858   -0.0005516
1859   -0.0005647
1860   -0.0005775
1861     -0.00059
1862   -0.0006021
1863   -0.0006139
1864   -0.0006255
1865   -0.0006368
1866   -0.0006477
1867   -0.0006584
1868   -0.0006688
1869   -0.0006789
1870   -0.0006887
1871   -0.0006983
1872   -0.0007075
1873   -0.0007165
1874   -0.0007252
1875   -0.0007337
1876   -0.0007419
1877   -0.0007498
1878   -0.0007574
1879   -0.0007648
1880    -0.000772
1881   -0.0007789
1882   -0.0007855
1883   -0.0007918
1884    -0.000798
1885   -0.0008039
1886   -0.0008095
1887   -0.0008149
1888   -0.0008201
1889    -0.000825
1890   -0.0008297
1891   -0.0008342
1892   -0.0008384
1893   -0.0008424
1894   -0.0008462
1895   -0.0008498
1896   -0.0008531
1897   -0.0008563
1898   -0.0008592
1899   -0.0008619
1900   -0.0008644
1901   -0.0008667
1902   -0.0008687
1903   -0.0008705
1904   -0.0008722
1905   -0.0008735
1906   -0.0008747
1907   -0.0008757
1908   -0.0008764
1909   -0.0008769
1910   -0.0008772
1911   -0.0008772
1912   -0.0008771
1913   -0.0008767
1914   -0.0008761
1915   -0.0008753
1916   -0.0008742
1917   -0.0008729
1918   -0.0008714
1919   -0.0008697
1920   -0.0008677
1921   -0.0008655
1922   -0.0008631
1923   -0.0008604
1924   -0.0008576
1925   -0.0008545
1926   -0.0008511
1927   -0.0008476
1928   -0.0008438
1929   -0.0008398
1930   -0.0008355
1931   -0.0008311
1932   -0.0008265
1933   -0.0008216
1934   -0.0008166
1935   -0.0008113
1936   -0.0008059
1937   -0.0008003
1938   -0.0007945
1939   -0.0007885
1940   -0.0007824
1941    -0.000776
1942   -0.0007696
1943   -0.0007629
1944   -0.0007561
1945   -0.0007492
1946   -0.0007421
1947   -0.0007348
1948   -0.0007275
1949   -0.0007199
1950   -0.0007123
1951   -0.0007046
1952   -0.0006966
1953   -0.0006887
1954   -0.0006805
1955   -0.0006723
1956    -0.000664
1957   -0.0006556
1958   -0.0006471
1959   -0.0006385
1960   -0.0006299
1961   -0.0006211
1962   -0.0006124
1963   -0.0006036
1964   -0.0005948
1965    -0.000586
1966   -0.0005771
1967   -0.0005683
1968   -0.0005595
1969   -0.0005507
1970   -0.0005419
1971   -0.0005332
1972   -0.0005245
1973   -0.0005159
1974   -0.0005073
1975   -0.0004989
1976   -0.0004905
1977   -0.0004822
1978   -0.0004741
1979   -0.0004661
1980   -0.0004582
1981   -0.0004504
1982   -0.0004428
1983   -0.0004353
1984    -0.000428
1985   -0.0004209
1986    -0.000414
1987   -0.0004072
1988   -0.0004007
1989   -0.0003944
1990   -0.0003882
1991   -0.0003821
1992   -0.0003763
1993   -0.0003706
1994   -0.0003651
1995   -0.0003598
1996   -0.0003546
1997   -0.0003496
1998   -0.0003447
1999     -0.00034
2000   -0.0003354
2001    -0.000331
2002   -0.0003267
2003   -0.0003225
2004   -0.0003185
2005   -0.0003146
2006   -0.0003108
2007   -0.0003072
2008   -0.0003036
2009   -0.0003002
2010   -0.0002969
2011   -0.0002937
2012   -0.0002907
2013   -0.0002877
2014   -0.0002848
2015    -0.000282
2016   -0.0002793
2017   -0.0002768
2018   -0.0002742
2019   -0.0002718
2020   -0.0002695
2021   -0.0002672
2022    -0.000265
2023   -0.0002629
2024   -0.0002608
2025   -0.0002588
2026   -0.0002569
2027    -0.000255
2028   -0.0002532
2029   -0.0002514
2030   -0.0002497
2031    -0.000248
2032   -0.0002463
2033   -0.0002447
2034   -0.0002431
2035   -0.0002416
2036     -0.00024
2037   -0.0002385
2038    -0.000237
2039   -0.0002356
2040   -0.0002341
2041   -0.0002326
2042   -0.0002312
2043   -0.0002297
2044   -0.0002283
2045   -0.0002268
2046   -0.0002253
2047   -0.0002238
2048   -0.0002223
2049   -0.0002209
2050   -0.0002194
2051   -0.0002179
2052   -0.0002164
2053   -0.0002149
2054   -0.0002135
2055    -0.000212
2056   -0.0002106
2057   -0.0002091
2058   -0.0002077
2059   -0.0002063
2060   -0.0002049
2061   -0.0002035
2062   -0.0002022
2063   -0.0002008
2064   -0.0001995
2065   -0.0001983
2066    -0.000197
2067   -0.0001958
2068   -0.0001946
2069   -0.0001935
2070   -0.0001923
2071   -0.0001913
2072   -0.0001902
2073   -0.0001892
2074   -0.0001883
2075   -0.0001873
2076   -0.0001865
2077   -0.0001856
2078   -0.0001848
2079   -0.0001841
2080   -0.0001833
2081   -0.0001826
2082   -0.0001819
2083   -0.0001812
2084   -0.0001805
2085   -0.0001798
2086   -0.0001791
2087   -0.0001784
2088   -0.0001777
2089   -0.0001769
2090   -0.0001762
2091   -0.0001754
2092   -0.0001746
2093   -0.0001738
2094    -0.000173
2095   -0.0001721
2096   -0.0001711
2097   -0.0001701
2098   -0.0001691
2099    -0.000168
2100   -0.0001668
2101   -0.0001656
2102   -0.0001643
2103   -0.0001629
2104   -0.0001614
2105   -0.0001599
2106   -0.0001583
2107   -0.0001566
2108   -0.0001548
2109    -0.000153
2110   -0.0001511
2111   -0.0001492
2112   -0.0001472
2113   -0.0001451
2114    -0.000143
2115   -0.0001409
2116   -0.0001388
2117   -0.0001366
2118   -0.0001343
2119   -0.0001321
2120   -0.0001298
2121   -0.0001275
2122   -0.0001253
2123    -0.000123
2124   -0.0001207
2125   -0.0001184
2126   -0.0001161
2127   -0.0001138
2128   -0.0001115
2129   -0.0001093
2130   -0.0001071
2131   -0.0001049
2132   -0.0001027
2133   -0.0001006
2134   -9.851e-05
2135   -9.647e-05
2136   -9.447e-05
2137   -9.252e-05
2138   -9.059e-05
2139   -8.871e-05
2140   -8.687e-05
2141   -8.507e-05
2142    -8.33e-05
2143   -8.157e-05
2144   -7.986e-05
2145    -7.82e-05
2146   -7.657e-05
2147   -7.496e-05
2148   -7.339e-05
2149   -7.185e-05
2150   -7.033e-05
2151   -6.885e-05
2152   -6.739e-05
2153   -6.596e-05
2154   -6.455e-05
2155   -6.316e-05
2156    -6.18e-05
2157   -6.047e-05
2158   -5.915e-05
2159   -5.785e-05
2160   -5.657e-05
2161   -5.531e-05
2162   -5.407e-05
2163   -5.284e-05
2164   -5.163e-05
2165   -5.044e-05
2166   -4.926e-05
2167    -4.81e-05
2168   -4.695e-05
2169   -4.581e-05
2170   -4.469e-05
2171   -4.358e-05
2172   -4.249e-05
2173    -4.14e-05
2174   -4.034e-05
2175   -3.928e-05
2176   -3.824e-05
2177   -3.721e-05
2178    -3.62e-05
2179   -3.519e-05
2180    -3.42e-05
2181   -3.321e-05
2182   -3.224e-05
2183   -3.128e-05
2184   -3.034e-05
2185    -2.94e-05
2186   -2.847e-05
2187   -2.755e-05
2188   -2.665e-05
2189   -2.575e-05
2190   -2.486e-05
2191   -2.398e-05
2192   -2.311e-05
2193   -2.225e-05
2194    -2.14e-05
2195   -2.056e-05
2196   -1.972e-05
2197   -1.889e-05
2198   -1.807e-05
2199   -1.725e-05
2200   -1.644e-05
2201   -1.563e-05
2202   -1.483e-05
2203   -1.403e-05
2204   -1.323e-05
2205   -1.243e-05
2206   -1.164e-05
2207   -1.085e-05
2208   -1.006e-05
2209   -9.264e-06
2210   -8.473e-06
2211   -7.679e-06
2212   -6.885e-06
2213   -6.088e-06
2214   -5.288e-06
2215   -4.485e-06
2216   -3.678e-06
2217   -2.867e-06
2218   -2.051e-06
2219   -1.229e-06
2220   -4.007e-07
2221    4.342e-07
2222    1.276e-06
2223    2.126e-06
2224    2.985e-06
2225     3.85e-06
2226    4.721e-06
2227    5.598e-06
2228    6.481e-06
2229    7.367e-06
2230    8.256e-06
2231    9.147e-06
2232    1.004e-05
2233    1.093e-05
2234    1.183e-05
2235    1.272e-05
2236    1.361e-05
2237     1.45e-05
2238    1.539e-05
2239    1.627e-05
2240    1.715e-05
2241    1.802e-05
2242    1.888e-05
2243    1.974e-05
2244    2.059e-05
2245    2.143e-05
2246    2.227e-05
2247    2.309e-05
2248     2.39e-05
2249    2.469e-05
2250    2.548e-05
2251    2.625e-05
2252    2.701e-05
2253    2.775e-05
2254    2.848e-05
2255    2.919e-05
2256    2.989e-05
2257    3.057e-05
2258    3.123e-05
2259    3.188e-05
2260    3.252e-05
2261    3.314e-05
2262    3.374e-05
2263    3.433e-05
2264     3.49e-05
2265    3.546e-05
2266    3.601e-05
2267    3.654e-05
2268    3.705e-05
2269    3.754e-05
2270    3.803e-05
2271     3.85e-05
2272    3.895e-05
2273    3.939e-05
2274    3.981e-05
2275    4.022e-05
2276    4.061e-05
2277    4.098e-05
2278    4.135e-05
2279    4.169e-05
2280    4.203e-05
2281    4.234e-05
2282    4.265e-05
2283    4.293e-05
2284    4.321e-05
2285    4.347e-05
2286    4.372e-05
2287    4.395e-05
2288    4.418e-05
2289    4.439e-05
2290    4.459e-05
2291    4.479e-05
2292    4.497e-05
2293    4.515e-05
2294    4.532e-05
2295    4.549e-05
2296    4.565e-05
2297    4.581e-05
2298    4.596e-05
2299    4.611e-05
2300    4.626e-05
2301     4.64e-05
2302    4.655e-05
2303    4.669e-05
2304    4.683e-05
2305    4.698e-05
2306    4.713e-05
2307    4.728e-05
2308    4.743e-05
2309    4.759e-05
2310    4.775e-05
2311    4.792e-05
2312     4.81e-05
2313    4.828e-05
2314    4.847e-05
2315    4.866e-05
2316    4.886e-05
2317    4.907e-05
2318    4.927e-05
2319    4.948e-05
2320     4.97e-05
2321    4.991e-05
2322    5.013e-05
2323    5.035e-05
2324    5.057e-05
2325    5.079e-05
2326      5.1e-05
2327    5.122e-05
2328    5.144e-05
2329    5.165e-05
2330    5.186e-05
2331    5.206e-05
2332    5.227e-05
2333    5.246e-05
2334    5.266e-05
2335    5.284e-05
2336    5.302e-05
2337    5.319e-05
2338    5.336e-05
2339    5.351e-05
2340    5.366e-05
2341     5.38e-05
2342    5.393e-05
2343    5.405e-05
2344    5.415e-05
2345    5.425e-05
2346    5.434e-05
2347    5.443e-05
2348     5.45e-05
2349    5.456e-05
2350    5.462e-05
2351    5.467e-05
2352    5.472e-05
2353    5.475e-05
2354    5.478e-05
2355    5.481e-05
2356    5.483e-05
2357    5.484e-05
2358    5.485e-05
2359    5.485e-05
2360    5.485e-05
2361    5.485e-05
2362    5.484e-05
2363    5.483e-05
2364    5.481e-05
2365    5.479e-05
2366    5.477e-05
2367    5.475e-05
2368    5.473e-05
2369     5.47e-05
2370    5.468e-05
2371    5.465e-05
2372    5.462e-05
2373     5.46e-05
2374    5.457e-05
2375    5.454e-05
2376    5.451e-05
2377    5.449e-05
2378    5.446e-05
2379    5.444e-05
2380    5.441e-05
2381    5.439e-05
2382    5.436e-05
2383    5.434e-05
2384    5.432e-05
2385     5.43e-05
2386    5.428e-05
2387    5.427e-05
2388    5.425e-05
2389    5.424e-05
2390    5.423e-05
2391    5.423e-05
2392    5.422e-05
2393    5.422e-05
2394    5.422e-05
2395    5.422e-05
2396    5.423e-05
2397    5.424e-05
2398    5.425e-05
2399    5.427e-05
2400    5.429e-05
2401    5.431e-05
2402    5.434e-05
2403    5.438e-05
2404    5.441e-05
2405    5.445e-05
2406    5.449e-05
2407    5.454e-05
2408    5.459e-05
2409    5.464e-05
2410    5.469e-05
2411    5.476e-05
2412    5.482e-05
2413    5.488e-05
2414    5.495e-05
2415    5.502e-05
2416     5.51e-05
2417    5.518e-05
2418    5.526e-05
2419    5.534e-05
2420    5.543e-05
2421    5.552e-05
2422    5.561e-05
2423     5.57e-05
2424     5.58e-05
2425     5.59e-05
2426      5.6e-05
2427     5.61e-05
2428    5.621e-05
2429    5.631e-05
2430    5.642e-05
2431    5.654e-05
2432    5.665e-05
2433    5.676e-05
2434    5.688e-05
2435      5.7e-05
2436    5.711e-05
2437    5.723e-05
2438    5.735e-05
2439    5.746e-05
2440    5.758e-05
2441    5.769e-05
2442     5.78e-05
2443     5.79e-05
2444    5.801e-05
2445    5.811e-05
2446    5.821e-05
2447     5.83e-05
2448    5.839e-05
2449    5.847e-05
2450    5.855e-05
2451    5.862e-05
2452    5.868e-05
2453    5.874e-05
2454    5.879e-05
2455    5.884e-05
2456    5.887e-05
2457     5.89e-05
2458    5.892e-05
2459    5.893e-05
2460    5.893e-05
2461    5.892e-05
2462     5.89e-05
2463    5.887e-05
2464    5.883e-05
2465    5.879e-05
2466    5.873e-05
2467    5.867e-05
2468    5.859e-05
2469    5.851e-05
2470    5.843e-05
2471    5.833e-05
2472    5.823e-05
2473    5.812e-05
2474      5.8e-05
2475    5.787e-05
2476    5.775e-05
2477    5.761e-05
2478    5.747e-05
2479    5.732e-05
2480    5.717e-05
2481    5.701e-05
2482    5.685e-05
2483    5.668e-05
2484    5.651e-05
2485    5.633e-05
2486    5.615e-05
2487    5.597e-05
2488    5.578e-05
2489    5.559e-05
2490     5.54e-05
2491    5.521e-05
2492    5.501e-05
2493    5.481e-05
2494    5.461e-05
2495    5.441e-05
2496     5.42e-05
2497      5.4e-05
2498     5.38e-05
2499    5.359e-05
2500     5.34e-05
2501    5.319e-05
2502      5.3e-05
2503     5.28e-05
2504    5.261e-05
2505    5.242e-05
2506    5.223e-05
2507    5.204e-05
2508    5.187e-05
2509    5.169e-05
2510    5.152e-05
2511    5.135e-05
2512    5.119e-05
2513    5.104e-05
2514    5.089e-05
2515    5.075e-05
2516    5.061e-05
2517    5.049e-05
2518    5.037e-05
2519    5.026e-05
2520    5.016e-05
2521    5.006e-05
2522    4.998e-05
2523     4.99e-05
2524    4.983e-05
2525    4.978e-05
2526    4.972e-05
2527    4.968e-05
2528    4.964e-05
2529    4.962e-05
2530     4.96e-05
2531    4.958e-05
2532    4.958e-05
2533    4.958e-05
2534    4.959e-05
2535     4.96e-05
2536    4.963e-05
2537    4.965e-05
2538    4.969e-05
2539    4.973e-05
2540    4.978e-05
2541    4.984e-05
2542     4.99e-05
2543    4.996e-05
2544    5.003e-05
2545    5.011e-05
2546    5.019e-05
2547    5.028e-05
2548    5.037e-05
2549    5.047e-05
2550    5.057e-05
2551    5.068e-05
2552    5.079e-05
2553     5.09e-05
2554    5.102e-05
2555    5.114e-05
2556    5.127e-05
2557    5.139e-05
2558    5.152e-05
2559    5.165e-05
2560    5.178e-05
2561    5.191e-05
2562    5.204e-05
2563    5.217e-05
2564     5.23e-05
2565    5.243e-05
2566    5.255e-05
2567    5.268e-05
2568     5.28e-05
2569    5.292e-05
2570    5.304e-05
2571    5.316e-05
2572    5.326e-05
2573    5.337e-05
2574    5.347e-05
2575    5.357e-05
2576    5.366e-05
2577    5.375e-05
2578    5.383e-05
2579     5.39e-05
2580    5.397e-05
2581    5.403e-05
2582    5.409e-05
2583    5.413e-05
2584    5.418e-05
2585    5.422e-05
2586    5.426e-05
2587    5.429e-05
2588    5.432e-05
2589    5.436e-05
2590    5.439e-05
2591    5.442e-05
2592    5.444e-05
2593    5.447e-05
2594     5.45e-05
2595    5.454e-05
2596    5.457e-05
2597    5.461e-05
2598    5.465e-05
2599    5.469e-05
2600    5.474e-05
2601    5.479e-05
2602    5.485e-05
2603    5.492e-05
2604    5.499e-05
2605    5.507e-05
2606    5.516e-05
2607    5.525e-05
2608    5.535e-05
2609    5.547e-05
2610    5.559e-05
2611    5.572e-05
2612    5.586e-05
2613    5.601e-05
2614    5.616e-05
2615    5.632e-05
2616    5.647e-05
2617    5.664e-05
2618     5.68e-05
2619    5.697e-05
2620    5.713e-05
2621    5.729e-05
2622    5.745e-05
2623    5.762e-05
2624    5.777e-05
2625    5.792e-05
2626    5.806e-05
2627     5.82e-05
2628    5.833e-05
2629    5.845e-05
2630    5.856e-05
2631    5.866e-05
2632    5.874e-05
2633    5.882e-05
2634    5.888e-05
2635    5.893e-05
2636    5.896e-05
2637    5.897e-05
2638    5.897e-05
2639    5.895e-05
2640    5.891e-05
2641    5.886e-05
2642    5.879e-05
2643     5.87e-05
2644     5.86e-05
2645    5.849e-05
2646    5.836e-05
2647    5.822e-05
2648    5.807e-05
2649    5.792e-05
2650    5.775e-05
2651    5.758e-05
2652     5.74e-05
2653    5.722e-05
2654    5.702e-05
2655    5.683e-05
2656    5.664e-05
2657    5.644e-05
2658    5.624e-05
2659    5.604e-05
2660    5.584e-05
2661    5.565e-05
2662    5.546e-05
2663    5.527e-05
2664    5.508e-05
2665     5.49e-05
2666    5.473e-05
2667    5.457e-05
2668    5.442e-05
2669    5.427e-05
2670    5.414e-05
2671    5.401e-05
2672    5.389e-05
2673    5.378e-05
2674    5.368e-05
2675    5.358e-05
2676    5.349e-05
2677    5.341e-05
2678    5.334e-05
2679    5.326e-05
2680     5.32e-05
2681    5.314e-05
2682    5.309e-05
2683    5.304e-05
2684    5.299e-05
2685    5.295e-05
2686     5.29e-05
2687    5.287e-05
2688    5.283e-05
2689     5.28e-05
2690    5.277e-05
2691    5.274e-05
2692    5.271e-05
2693    5.268e-05
2694    5.265e-05
2695    5.262e-05
2696    5.259e-05
2697    5.256e-05
2698    5.253e-05
2699    5.249e-05
2700    5.246e-05
2701    5.242e-05
2702    5.238e-05
2703    5.234e-05
2704     5.23e-05
2705    5.225e-05
2706     5.22e-05
2707    5.216e-05
2708     5.21e-05
2709    5.205e-05
2710      5.2e-05
2711    5.194e-05
2712    5.188e-05
2713    5.182e-05
2714    5.176e-05
2715    5.169e-05
2716    5.163e-05
2717    5.156e-05
2718    5.149e-05
2719    5.141e-05
2720    5.134e-05
2721    5.126e-05
2722    5.119e-05
2723     5.11e-05
2724    5.102e-05
2725    5.093e-05
2726    5.085e-05
2727    5.075e-05
2728    5.066e-05
2729    5.057e-05
2730    5.047e-05
2731    5.037e-05
2732    5.028e-05
2733    5.019e-05
2734     5.01e-05
2735        5e-05
2736    4.992e-05
2737    4.984e-05
2738    4.976e-05
2739    4.969e-05
2740    4.963e-05
2741    4.957e-05
2742    4.952e-05
2743    4.948e-05
2744    4.945e-05
2745    4.943e-05
2746    4.942e-05
2747    4.943e-05
2748    4.944e-05
2749    4.947e-05
2750    4.951e-05
2751    4.957e-05
2752    4.964e-05
2753    4.974e-05
2754    4.984e-05
2755    4.997e-05
2756    5.011e-05
2757    5.027e-05
2758    5.046e-05
2759    5.066e-05
2760    5.088e-05
2761    5.111e-05
2762    5.136e-05
2763    5.163e-05
2764     5.19e-05
2765    5.219e-05
2766    5.249e-05
2767    5.279e-05
2768     5.31e-05
2769    5.342e-05
2770    5.374e-05
2771    5.406e-05
2772    5.439e-05
2773    5.471e-05
2774    5.503e-05
2775    5.535e-05
2776    5.567e-05
2777    5.598e-05
2778    5.628e-05
2779    5.657e-05
2780    5.686e-05
2781    5.713e-05
2782    5.739e-05
2783    5.764e-05
2784    5.787e-05
2785    5.809e-05
2786    5.829e-05
2787    5.847e-05
2788    5.863e-05
2789    5.877e-05
2790    5.889e-05
2791      5.9e-05
2792    5.908e-05
2793    5.915e-05
2794     5.92e-05
2795    5.923e-05
2796    5.925e-05
2797    5.926e-05
2798    5.924e-05
2799    5.922e-05
2800    5.918e-05
2801    5.913e-05
2802    5.907e-05
2803    5.899e-05
2804     5.89e-05
2805     5.88e-05
2806    5.869e-05
2807    5.857e-05
2808    5.844e-05
2809    5.831e-05
2810    5.816e-05
2811      5.8e-05
2812    5.784e-05
2813    5.767e-05
2814     5.75e-05
2815    5.732e-05
2816    5.713e-05
2817    5.694e-05
2818    5.675e-05
2819    5.655e-05
2820    5.634e-05
2821    5.614e-05
2822    5.593e-05
2823    5.571e-05
2824     5.55e-05
2825    5.528e-05
2826    5.505e-05
2827    5.483e-05
2828     5.46e-05
2829    5.437e-05
2830    5.414e-05
2831    5.391e-05
2832    5.368e-05
2833    5.344e-05
2834     5.32e-05
2835    5.297e-05
2836    5.273e-05
2837    5.249e-05
2838    5.225e-05
2839    5.201e-05
2840    5.178e-05
2841    5.154e-05
2842     5.13e-05
2843    5.107e-05
2844    5.083e-05
2845     5.06e-05
2846    5.037e-05
2847    5.014e-05
2848    4.991e-05
2849    4.968e-05
2850    4.946e-05
2851    4.924e-05
2852    4.902e-05
2853    4.881e-05
2854    4.859e-05
2855    4.838e-05
2856    4.817e-05
2857    4.797e-05
2858    4.777e-05
2859    4.757e-05
2860    4.738e-05
2861    4.719e-05
2862      4.7e-05
2863    4.682e-05
2864    4.664e-05
2865    4.647e-05
2866     4.63e-05
2867    4.613e-05
2868    4.598e-05
2869    4.582e-05
2870    4.567e-05
2871    4.553e-05
2872    4.539e-05
2873    4.526e-05
2874    4.513e-05
2875      4.5e-05
2876    4.489e-05
2877    4.478e-05
2878    4.467e-05
2879    4.457e-05
2880    4.448e-05
2881     4.44e-05
2882    4.431e-05
2883    4.423e-05
2884    4.416e-05
2885     4.41e-05
2886    4.403e-05
2887    4.397e-05
2888    4.392e-05
2889    4.387e-05
2890    4.383e-05
2891    4.379e-05
2892    4.375e-05
2893    4.372e-05
2894    4.369e-05
2895    4.367e-05
2896    4.365e-05
2897    4.363e-05
2898    4.361e-05
2899     4.36e-05
2900     4.36e-05
2901    4.359e-05
2902    4.359e-05
2903    4.359e-05
2904    4.359e-05
2905     4.36e-05
2906    4.361e-05
2907    4.362e-05
2908    4.363e-05
2909    4.364e-05
2910    4.366e-05
2911    4.368e-05
2912     4.37e-05
2913    4.372e-05
2914    4.375e-05
2915    4.377e-05
2916     4.38e-05
2917    4.382e-05
2918    4.385e-05
2919    4.388e-05
2920    4.391e-05
2921    4.394e-05
2922    4.398e-05
2923    4.401e-05
2924    4.405e-05
2925    4.408e-05
2926    4.412e-05
2927    4.415e-05
2928    4.419e-05
2929    4.423e-05
2930    4.426e-05
2931     4.43e-05
2932    4.434e-05
2933    4.438e-05
2934    4.441e-05
2935    4.445e-05
2936    4.449e-05
2937    4.452e-05
2938    4.456e-05
2939    4.459e-05
2940    4.463e-05
2941    4.466e-05
2942    4.469e-05
2943    4.473e-05
2944    4.476e-05
2945    4.479e-05
2946    4.482e-05
2947    4.485e-05
2948    4.488e-05
2949     4.49e-05
2950    4.493e-05
2951    4.495e-05
2952    4.497e-05
2953      4.5e-05
2954    4.502e-05
2955    4.503e-05
2956    4.505e-05
2957    4.507e-05
2958    4.508e-05
2959     4.51e-05
2960    4.511e-05
2961    4.511e-05
2962    4.512e-05
2963    4.512e-05
2964    4.513e-05
2965    4.513e-05
2966    4.513e-05
2967    4.512e-05
2968    4.512e-05
2969    4.511e-05
2970     4.51e-05
2971    4.509e-05
2972    4.507e-05
2973    4.506e-05
2974    4.504e-05
2975    4.503e-05
2976    4.501e-05
2977    4.499e-05
2978    4.497e-05
2979    4.495e-05
2980    4.493e-05
2981     4.49e-05
2982    4.488e-05
2983    4.486e-05
2984    4.483e-05
2985    4.481e-05
2986    4.478e-05
2987    4.476e-05
2988    4.473e-05
2989    4.471e-05
2990    4.468e-05
2991    4.466e-05
2992    4.463e-05
2993    4.461e-05
2994    4.458e-05
2995    4.456e-05
2996    4.454e-05
2997    4.451e-05
2998    4.449e-05
2999    4.447e-05
3000    4.444e-05
3001    4.441e-05
3002    4.438e-05
3003    4.435e-05
3004    4.431e-05
3005    4.427e-05
3006    4.423e-05
3007    4.418e-05
3008    4.412e-05
3009    4.406e-05
3010    4.399e-05
3011    4.392e-05
3012    4.384e-05
3013    4.376e-05
3014    4.366e-05
3015    4.356e-05
3016    4.344e-05
3017    4.332e-05
3018    4.319e-05
3019    4.305e-05
3020    4.289e-05
3021    4.273e-05
3022    4.255e-05
3023    4.236e-05
3024    4.216e-05
3025    4.195e-05
3026    4.172e-05
3027    4.148e-05
3028    4.123e-05
3029    4.097e-05
3030     4.07e-05
3031    4.042e-05
3032    4.014e-05
3033    3.985e-05
3034    3.955e-05
3035    3.925e-05
3036    3.894e-05
3037    3.863e-05
3038    3.832e-05
3039    3.801e-05
3040    3.769e-05
3041    3.738e-05
3042    3.706e-05
3043    3.675e-05
3044    3.644e-05
3045    3.613e-05
3046    3.583e-05
3047    3.553e-05
3048    3.524e-05
3049    3.495e-05
3050    3.468e-05
3051    3.441e-05
3052    3.415e-05
3053     3.39e-05
3054    3.366e-05
3055    3.343e-05
3056    3.321e-05
3057    3.301e-05
3058    3.281e-05
3059    3.263e-05
3060    3.245e-05
3061    3.229e-05
3062    3.213e-05
3063    3.198e-05
3064    3.185e-05
3065    3.172e-05
3066    3.159e-05
3067    3.148e-05
3068    3.137e-05
3069    3.127e-05
3070    3.118e-05
3071    3.109e-05
3072    3.101e-05
3073    3.094e-05
3074    3.087e-05
3075     3.08e-05
3076    3.074e-05
3077    3.069e-05
3078    3.063e-05
3079    3.059e-05
3080    3.054e-05
3081     3.05e-05
3082    3.046e-05
3083    3.043e-05
3084    3.039e-05
3085    3.036e-05
3086    3.033e-05
3087     3.03e-05
3088    3.027e-05
3089    3.024e-05
3090    3.022e-05
3091    3.019e-05
3092    3.017e-05
3093    3.015e-05
3094    3.012e-05
3095     3.01e-05
3096    3.007e-05
3097    3.005e-05
3098    3.003e-05
3099        3e-05
3100    2.997e-05
3101    2.995e-05
3102    2.992e-05
3103    2.989e-05
3104    2.986e-05
3105    2.983e-05
3106    2.979e-05
3107    2.975e-05
3108    2.971e-05
3109    2.967e-05
3110    2.963e-05
3111    2.958e-05
3112    2.953e-05
3113    2.948e-05
3114    2.942e-05
3115    2.936e-05
3116     2.93e-05
3117    2.923e-05
3118    2.916e-05
3119     2.91e-05
3120    2.902e-05
3121    2.895e-05
3122    2.888e-05
3123     2.88e-05
3124    2.873e-05
3125    2.865e-05
3126    2.857e-05
3127     2.85e-05
3128    2.842e-05
3129    2.835e-05
3130    2.827e-05
3131     2.82e-05
3132    2.813e-05
3133    2.806e-05
3134    2.799e-05
3135    2.793e-05
3136    2.787e-05
3137    2.781e-05
3138    2.775e-05
3139     2.77e-05
3140    2.766e-05
3141    2.761e-05
3142    2.757e-05
3143    2.754e-05
3144    2.751e-05
3145    2.748e-05
3146    2.746e-05
3147    2.745e-05
3148    2.743e-05
3149    2.742e-05
3150    2.742e-05
3151    2.741e-05
3152    2.741e-05
3153     2.74e-05
3154     2.74e-05
3155     2.74e-05
3156     2.74e-05
3157     2.74e-05
3158     2.74e-05
3159     2.74e-05
3160     2.74e-05
3161    2.739e-05
3162    2.739e-05
3163    2.738e-05
3164    2.736e-05
3165    2.735e-05
3166    2.733e-05
3167    2.731e-05
3168    2.728e-05
3169    2.725e-05
3170    2.721e-05
3171    2.716e-05
3172    2.711e-05
3173    2.706e-05
3174      2.7e-05
3175    2.693e-05
3176    2.685e-05
3177    2.677e-05
3178    2.668e-05
3179    2.659e-05
3180     2.65e-05
3181    2.639e-05
3182    2.629e-05
3183    2.618e-05
3184    2.606e-05
3185    2.595e-05
3186    2.583e-05
3187     2.57e-05
3188    2.557e-05
3189    2.545e-05
3190    2.531e-05
3191    2.518e-05
3192    2.504e-05
3193    2.491e-05
3194    2.477e-05
3195    2.463e-05
3196    2.449e-05
3197    2.435e-05
3198    2.421e-05
3199    2.407e-05
3200    2.393e-05
3201    2.379e-05
3202    2.365e-05
3203    2.351e-05
3204    2.338e-05
3205    2.324e-05
3206    2.311e-05
3207    2.298e-05
3208    2.285e-05
3209    2.272e-05
3210    2.259e-05
3211    2.246e-05
3212    2.233e-05
3213    2.221e-05
3214    2.208e-05
3215    2.196e-05
3216    2.184e-05
3217    2.171e-05
3218    2.159e-05
3219    2.147e-05
3220    2.136e-05
3221    2.124e-05
3222    2.112e-05
3223      2.1e-05
3224    2.089e-05
3225    2.077e-05
3226    2.066e-05
3227    2.055e-05
3228    2.043e-05
3229    2.032e-05
3230    2.021e-05
3231     2.01e-05
3232    1.999e-05
3233    1.988e-05
3234    1.977e-05
3235    1.966e-05
3236    1.956e-05
3237    1.945e-05
3238    1.934e-05
3239    1.924e-05
3240    1.913e-05
3241    1.903e-05
3242    1.892e-05
3243    1.882e-05
3244    1.872e-05
3245    1.861e-05
3246    1.851e-05
3247    1.841e-05
3248    1.831e-05
3249    1.821e-05
3250    1.811e-05
3251    1.801e-05
3252    1.791e-05
3253    1.782e-05
3254    1.772e-05
3255    1.762e-05
3256    1.753e-05
3257    1.743e-05
3258    1.734e-05
3259    1.724e-05
3260    1.715e-05
3261    1.706e-05
3262    1.697e-05
3263    1.688e-05
3264    1.679e-05
3265     1.67e-05
3266    1.661e-05
3267    1.652e-05
3268    1.643e-05
3269    1.635e-05
3270    1.626e-05
3271    1.618e-05
3272     1.61e-05
3273    1.602e-05
3274    1.594e-05
3275    1.587e-05
3276    1.579e-05
3277    1.572e-05
3278    1.565e-05
3279    1.558e-05
3280    1.551e-05
3281    1.545e-05
3282    1.539e-05
3283    1.533e-05
3284    1.527e-05
3285    1.521e-05
3286    1.516e-05
3287    1.511e-05
3288    1.506e-05
3289    1.502e-05
3290    1.498e-05
3291    1.494e-05
3292    1.491e-05
3293    1.487e-05
3294    1.484e-05
3295    1.482e-05
3296    1.479e-05
3297    1.477e-05
3298    1.475e-05
3299    1.473e-05
3300    1.472e-05
3301     1.47e-05
3302    1.469e-05
3303    1.467e-05
3304    1.466e-05
3305    1.464e-05
3306    1.463e-05
3307    1.462e-05
3308    1.461e-05
3309    1.459e-05
3310    1.458e-05
3311    1.456e-05
3312    1.454e-05
3313    1.452e-05
3314     1.45e-05
3315    1.448e-05
3316    1.446e-05
3317    1.443e-05
3318     1.44e-05
3319    1.437e-05
3320    1.433e-05
3321     1.43e-05
3322    1.425e-05
3323    1.421e-05
3324    1.416e-05
3325    1.411e-05
3326    1.405e-05
3327      1.4e-05
3328    1.393e-05
3329    1.387e-05
3330    1.381e-05
3331    1.374e-05
3332    1.367e-05
3333     1.36e-05
3334    1.352e-05
3335    1.345e-05
3336    1.337e-05
3337    1.329e-05
3338    1.321e-05
3339    1.313e-05
3340    1.305e-05
3341    1.297e-05
3342    1.289e-05
3343     1.28e-05
3344    1.272e-05
3345    1.263e-05
3346    1.255e-05
3347    1.246e-05
3348    1.238e-05
3349    1.229e-05
3350    1.221e-05
3351    1.212e-05
3352    1.204e-05
3353    1.196e-05
3354    1.188e-05
3355    1.179e-05
3356    1.171e-05
3357    1.163e-05
3358    1.155e-05
3359    1.147e-05
3360    1.139e-05
3361    1.131e-05
3362    1.123e-05
3363    1.116e-05
3364    1.108e-05
3365      1.1e-05
3366    1.092e-05
3367    1.084e-05
3368    1.077e-05
3369    1.069e-05
3370    1.061e-05
3371    1.054e-05
3372    1.046e-05
3373    1.038e-05
3374    1.031e-05
3375    1.023e-05
3376    1.015e-05
3377    1.007e-05
3378    9.998e-06
3379    9.921e-06
3380    9.844e-06
3381    9.767e-06
3382    9.689e-06
3383    9.612e-06
3384    9.534e-06
3385    9.456e-06
3386    9.378e-06
3387    9.301e-06
3388    9.223e-06
3389    9.146e-06
3390    9.069e-06
3391    8.992e-06
3392    8.915e-06
3393    8.838e-06
3394    8.762e-06
3395    8.687e-06
3396    8.611e-06
3397    8.536e-06
3398    8.461e-06
3399    8.387e-06
3400    8.314e-06
3401    8.241e-06
3402    8.169e-06
3403    8.098e-06
3404    8.027e-06
3405    7.957e-06
3406    7.887e-06
3407    7.819e-06
3408    7.751e-06
3409    7.685e-06
3410    7.619e-06
3411    7.554e-06
3412     7.49e-06
3413    7.427e-06
3414    7.366e-06
3415    7.305e-06
3416    7.244e-06
3417    7.185e-06
3418    7.127e-06
3419    7.069e-06
3420    7.012e-06
3421    6.956e-06
3422    6.901e-06
3423    6.846e-06
3424    6.793e-06
3425    6.739e-06
3426    6.687e-06
3427    6.635e-06
3428    6.584e-06
3429    6.533e-06
3430    6.483e-06
3431    6.433e-06
3432    6.384e-06
3433    6.336e-06
3434    6.287e-06
3435     6.24e-06
3436    6.193e-06
3437    6.146e-06
3438      6.1e-06
3439    6.054e-06
3440    6.008e-06
3441    5.963e-06
3442    5.918e-06
3443    5.873e-06
3444    5.829e-06
3445    5.785e-06
3446    5.741e-06
3447    5.697e-06
3448    5.654e-06
3449     5.61e-06
3450    5.567e-06
3451    5.524e-06
3452    5.482e-06
3453    5.439e-06
3454    5.396e-06
3455    5.353e-06
3456    5.311e-06
3457    5.269e-06
3458    5.226e-06
3459    5.184e-06
3460    5.141e-06
3461    5.099e-06
3462    5.056e-06
3463    5.014e-06
3464    4.971e-06
3465    4.928e-06
3466    4.885e-06
3467    4.842e-06
3468    4.799e-06
3469    4.756e-06
3470    4.712e-06
3471    4.669e-06
3472    4.625e-06
3473    4.581e-06
3474    4.536e-06
3475    4.492e-06
3476    4.448e-06
3477    4.404e-06
3478     4.36e-06
3479    4.316e-06
3480    4.272e-06
3481    4.228e-06
3482    4.184e-06
3483     4.14e-06
3484    4.097e-06
3485    4.054e-06
3486    4.011e-06
3487    3.968e-06
3488    3.926e-06
3489    3.884e-06
3490    3.843e-06
3491    3.802e-06
3492    3.761e-06
3493    3.721e-06
3494    3.681e-06
3495    3.642e-06
3496    3.603e-06
3497    3.565e-06
3498    3.528e-06
3499    3.492e-06
3500    3.456e-06
3501     3.42e-06
3502    3.386e-06
3503    3.352e-06
3504    3.319e-06
3505    3.286e-06
3506    3.254e-06
3507    3.222e-06
3508    3.191e-06
3509    3.161e-06
3510    3.131e-06
3511    3.102e-06
3512    3.073e-06
3513    3.044e-06
3514    3.016e-06
3515    2.988e-06
3516    2.961e-06
3517    2.934e-06
3518    2.907e-06
3519    2.881e-06
3520    2.855e-06
3521    2.829e-06
3522    2.804e-06
3523    2.778e-06
3524    2.753e-06
3525    2.729e-06
3526    2.704e-06
3527     2.68e-06
3528    2.655e-06
3529    2.631e-06
3530    2.607e-06
3531    2.583e-06
3532    2.559e-06
3533    2.535e-06
3534    2.512e-06
3535    2.488e-06
3536    2.464e-06
3537    2.441e-06
3538    2.417e-06
3539    2.393e-06
3540    2.369e-06
3541    2.346e-06
3542    2.322e-06
3543    2.298e-06
3544    2.274e-06
3545     2.25e-06
3546    2.226e-06
3547    2.202e-06
3548    2.177e-06
3549    2.153e-06
3550    2.128e-06
3551    2.103e-06
3552    2.078e-06
3553    2.053e-06
3554    2.028e-06
3555    2.002e-06
3556    1.976e-06
3557     1.95e-06
3558    1.924e-06
3559    1.897e-06
3560     1.87e-06
3561    1.843e-06
3562    1.816e-06
3563    1.788e-06
3564    1.761e-06
3565    1.733e-06
3566    1.705e-06
3567    1.677e-06
3568     1.65e-06
3569    1.622e-06
3570    1.594e-06
3571    1.566e-06
3572    1.539e-06
3573    1.511e-06
3574    1.484e-06
3575    1.457e-06
3576     1.43e-06
3577    1.404e-06
3578    1.378e-06
3579    1.352e-06
3580    1.326e-06
3581    1.301e-06
3582    1.277e-06
3583    1.252e-06
3584    1.229e-06
3585    1.206e-06
3586    1.183e-06
3587    1.161e-06
3588    1.139e-06
3589    1.119e-06
3590    1.099e-06
3591    1.079e-06
3592     1.06e-06
3593    1.042e-06
3594    1.024e-06
3595    1.007e-06
3596    9.904e-07
3597    9.742e-07
3598    9.587e-07
3599    9.436e-07
3600    9.289e-07
3601    9.148e-07
3602     9.01e-07
3603    8.877e-07
3604    8.748e-07
3605    8.622e-07
3606    8.501e-07
3607    8.382e-07
3608    8.268e-07
3609    8.156e-07
3610    8.047e-07
3611    7.941e-07
3612    7.838e-07
3613    7.736e-07
3614    7.638e-07
3615    7.541e-07
3616    7.446e-07
3617    7.353e-07
3618    7.262e-07
3619    7.172e-07
3620    7.083e-07
3621    6.996e-07
3622     6.91e-07
3623    6.824e-07
3624    6.741e-07
3625    6.658e-07
3626    6.576e-07
3627    6.495e-07
3628    6.415e-07
3629    6.336e-07
3630    6.257e-07
3631    6.179e-07
3632    6.102e-07
3633    6.026e-07
3634     5.95e-07
3635    5.874e-07
3636    5.799e-07
3637    5.725e-07
3638     5.65e-07
3639    5.576e-07
3640    5.502e-07
3641    5.428e-07
3642    5.355e-07
3643    5.281e-07
3644    5.208e-07
3645    5.134e-07
3646     5.06e-07
3647    4.986e-07
3648    4.912e-07
3649    4.837e-07
3650    4.763e-07
3651    4.688e-07
3652    4.613e-07
3653    4.538e-07
3654    4.463e-07
3655    4.388e-07
3656    4.314e-07
3657     4.24e-07
3658    4.166e-07
3659    4.093e-07
3660     4.02e-07
3661    3.947e-07
3662    3.876e-07
3663    3.804e-07
3664    3.734e-07
3665    3.665e-07
3666    3.596e-07
3667    3.528e-07
3668    3.462e-07
3669    3.396e-07
3670    3.332e-07
3671    3.268e-07
3672    3.207e-07
3673    3.146e-07
3674    3.087e-07
3675    3.029e-07
3676    2.973e-07
3677    2.919e-07
3678    2.866e-07
3679    2.815e-07
3680    2.766e-07
3681    2.718e-07
3682    2.671e-07
3683    2.626e-07
3684    2.583e-07
3685     2.54e-07
3686    2.499e-07
3687    2.459e-07
3688    2.421e-07
3689    2.383e-07
3690    2.346e-07
3691     2.31e-07
3692    2.275e-07
3693     2.24e-07
3694    2.207e-07
3695    2.173e-07
3696    2.141e-07
3697    2.109e-07
3698    2.078e-07
3699    2.046e-07
3700    2.016e-07
3701    1.985e-07
3702    1.955e-07
3703    1.924e-07
3704    1.894e-07
3705    1.864e-07
3706    1.834e-07
3707    1.803e-07
3708    1.772e-07
3709    1.742e-07
3710    1.711e-07
3711     1.68e-07
3712    1.648e-07
3713    1.617e-07
3714    1.586e-07
3715    1.555e-07
3716    1.524e-07
3717    1.493e-07
3718    1.462e-07
3719    1.431e-07
3720      1.4e-07
3721     1.37e-07
3722     1.34e-07
3723     1.31e-07
3724     1.28e-07
3725    1.251e-07
3726    1.222e-07
3727    1.194e-07
3728    1.166e-07
3729    1.138e-07
3730    1.111e-07
3731    1.084e-07
3732    1.058e-07
3733    1.033e-07
3734    1.008e-07
3735    9.842e-08
3736    9.608e-08
3737    9.381e-08
3738    9.162e-08
3739     8.95e-08
3740    8.745e-08
3741    8.547e-08
3742    8.355e-08
3743    8.169e-08
3744     7.99e-08
3745    7.816e-08
3746    7.648e-08
3747    7.485e-08
3748    7.327e-08
3749    7.174e-08
3750    7.026e-08
3751    6.882e-08
