   2    5.481e-09
   3    5.521e-09
   4    5.558e-09
   5    5.593e-09
   6    5.627e-09
   7    5.657e-09
   8    5.687e-09
   9    5.714e-09
  10    5.739e-09
  11    5.762e-09
  12    5.784e-09
  13    5.803e-09
  14    5.821e-09
  15    5.837e-09
  16    5.851e-09
  17    5.863e-09
  18    5.874e-09
  19    5.883e-09
  20    5.891e-09
  21    5.897e-09
  22    5.901e-09
  23    5.904e-09
  24    5.906e-09
  25    5.906e-09
  26    5.905e-09
  27    5.902e-09
  28    5.898e-09
  29    5.892e-09
  30    5.886e-09
  31    5.878e-09
  32    5.869e-09
  33    5.859e-09
  34    5.848e-09
  35    5.836e-09
  36    5.822e-09
  37    5.808e-09
  38    5.793e-09
  39    5.776e-09
  40    5.759e-09
  41    5.741e-09
  42    5.722e-09
  43    5.703e-09
  44    5.682e-09
  45    5.661e-09
  46    5.639e-09
  47    5.617e-09
  48    5.594e-09
  49     5.57e-09
  50    5.545e-09
  51    5.521e-09
  52    5.495e-09
  53     5.47e-09
  54    5.444e-09
  55    5.417e-09
  56     5.39e-09
  57    5.363e-09
  58    5.335e-09
  59    5.308e-09
  60     5.28e-09
  61    5.252e-09
  62    5.224e-09
  63    5.196e-09
  64    5.167e-09
  65    5.139e-09
  66     5.11e-09
  67    5.082e-09
  68    5.054e-09
  69    5.025e-09
  70    4.998e-09
  71     4.97e-09
  72    4.942e-09
  73    4.915e-09
  74    4.888e-09
  75    4.861e-09
  76    4.834e-09
  77    4.808e-09
  78    4.783e-09
  79    4.758e-09
  80    4.733e-09
  81    4.709e-09
  82    4.686e-09
  83    4.662e-09
  84     4.64e-09
  85    4.619e-09
  86    4.597e-09
  87    4.577e-09
  88    4.558e-09
  89    4.539e-09
  90    4.521e-09
  91    4.505e-09
  92    4.489e-09
  93    4.474e-09
  94     4.46e-09
  95    4.446e-09
  96    4.435e-09
  97    4.424e-09
  98    4.414e-09
  99    4.405e-09
 100    4.398e-09
 101    4.392e-09
 102    4.387e-09
 103    4.383e-09
 104    4.381e-09
 105     4.38e-09
 106    4.381e-09
 107    4.383e-09
 108    4.386e-09
 109    4.391e-09
 110    4.397e-09
 111    4.405e-09
 112    4.415e-09
 113    4.427e-09
 114    4.439e-09
 115    4.454e-09
 116    4.471e-09
 117    4.489e-09
 118    4.509e-09
 119    4.531e-09
 120    4.555e-09
 121    4.581e-09
 122    4.608e-09
 123    4.638e-09
 124     4.67e-09
 125    4.704e-09
 126     4.74e-09
 127    4.778e-09
 128    4.818e-09
 129     4.86e-09
 130    4.905e-09
 131    4.952e-09
 132    5.001e-09
 133    5.053e-09
 134    5.107e-09
 135    5.164e-09
 136    5.222e-09
 137    5.284e-09
 138    5.347e-09
 139    5.414e-09
 140    5.483e-09
 141    5.555e-09
 142    5.629e-09
 143    5.706e-09
 144    5.786e-09
 145    5.869e-09
 146    5.954e-09
 147    6.041e-09
 148    6.129e-09
 149    6.219e-09
 150    6.308e-09
 151    6.398e-09
 152    6.487e-09
 153    6.575e-09
 154    6.661e-09
 155    6.745e-09
 156    6.826e-09
 157    6.903e-09
 158    6.977e-09
 159    7.046e-09
 160    7.111e-09
 161     7.17e-09
 162    7.222e-09
 163    7.268e-09
 164    7.307e-09
 165    7.339e-09
 166    7.362e-09
 167    7.377e-09
 168    7.382e-09
 169    7.378e-09
 170    7.363e-09
 171    7.337e-09
 172      7.3e-09
 173    7.252e-09
 174     7.19e-09
 175    7.116e-09
 176    7.029e-09
 177    6.929e-09
 178    6.817e-09
 179    6.694e-09
 180    6.558e-09
 181    6.413e-09
 182    6.256e-09
 183    6.088e-09
 184    5.911e-09
 185    5.724e-09
 186    5.527e-09
 187    5.322e-09
 188    5.107e-09
 189    4.885e-09
 190    4.654e-09
 191    4.416e-09
 192    4.171e-09
 193    3.918e-09
 194    3.659e-09
 195    3.394e-09
 196    3.123e-09
 197    2.847e-09
 198    2.565e-09
 199    2.278e-09
 200    1.987e-09
 201    1.691e-09
 202    1.392e-09
 203    1.089e-09
 204    7.835e-10
 205    4.748e-10
 206    1.629e-10
 207   -1.525e-10
 208   -4.717e-10
 209   -7.951e-10
 210   -1.123e-09
 211   -1.455e-09
 212   -1.793e-09
 213   -2.136e-09
 214   -2.485e-09
 215    -2.84e-09
 216   -3.202e-09
 217    -3.57e-09
 218   -3.945e-09
 219   -4.327e-09
 220   -4.717e-09
 221   -5.116e-09
 222   -5.523e-09
 223   -5.938e-09
 224   -6.362e-09
 225   -6.796e-09
 226   -7.239e-09
 227   -7.692e-09
 228   -8.156e-09
 229    -8.63e-09
 230   -9.115e-09
 231   -9.611e-09
 232   -1.012e-08
 233   -1.064e-08
 234   -1.117e-08
 235   -1.171e-08
 236   -1.226e-08
 237   -1.282e-08
 238   -1.337e-08
 239   -1.391e-08
 240   -1.445e-08
 241   -1.498e-08
 242   -1.548e-08
 243   -1.597e-08
 244   -1.643e-08
 245   -1.687e-08
 246   -1.727e-08
 247   -1.763e-08
 248   -1.795e-08
 249   -1.823e-08
 250   -1.846e-08
 251   -1.864e-08
 252   -1.876e-08
 253   -1.882e-08
 254   -1.881e-08
 255   -1.874e-08
 256    -1.86e-08
 257   -1.837e-08
 258   -1.807e-08
 259   -1.769e-08
 260   -1.721e-08
 261   -1.664e-08
 262   -1.598e-08
 263   -1.522e-08
 264   -1.435e-08
 265   -1.339e-08
 266   -1.234e-08
 267   -1.121e-08
 268   -1.001e-08
 269   -8.756e-09
 270   -7.455e-09
 271   -6.117e-09
 272   -4.752e-09
 273    -3.37e-09
 274   -1.982e-09
 275   -5.976e-10
 276    7.731e-10
 277     2.12e-09
 278    3.433e-09
 279    4.701e-09
 280    5.915e-09
 281    7.064e-09
 282    8.139e-09
 283    9.128e-09
 284    1.002e-08
 285    1.081e-08
 286    1.149e-08
 287    1.203e-08
 288    1.245e-08
 289    1.271e-08
 290    1.283e-08
 291    1.277e-08
 292    1.254e-08
 293    1.212e-08
 294    1.151e-08
 295    1.072e-08
 296    9.749e-09
 297    8.621e-09
 298    7.345e-09
 299    5.932e-09
 300    4.393e-09
 301    2.742e-09
 302    9.883e-10
 303   -8.546e-10
 304   -2.776e-09
 305   -4.763e-09
 306   -6.804e-09
 307   -8.888e-09
 308     -1.1e-08
 309   -1.314e-08
 310   -1.528e-08
 311   -1.741e-08
 312   -1.953e-08
 313   -2.162e-08
 314   -2.368e-08
 315   -2.568e-08
 316   -2.761e-08
 317   -2.947e-08
 318   -3.124e-08
 319   -3.292e-08
 320   -3.448e-08
 321   -3.592e-08
 322   -3.723e-08
 323   -3.839e-08
 324    -3.94e-08
 325   -4.025e-08
 326   -4.094e-08
 327   -4.149e-08
 328   -4.187e-08
 329    -4.21e-08
 330   -4.218e-08
 331    -4.21e-08
 332   -4.186e-08
 333   -4.146e-08
 334   -4.091e-08
 335    -4.02e-08
 336   -3.933e-08
 337    -3.83e-08
 338   -3.711e-08
 339   -3.577e-08
 340   -3.426e-08
 341   -3.259e-08
 342   -3.077e-08
 343   -2.878e-08
 344   -2.663e-08
 345   -2.432e-08
 346   -2.185e-08
 347   -1.922e-08
 348   -1.643e-08
 349   -1.347e-08
 350   -1.035e-08
 351   -7.063e-09
 352   -3.615e-09
 353   -3.945e-12
 354    3.754e-09
 355    7.634e-09
 356    1.161e-08
 357    1.566e-08
 358    1.975e-08
 359    2.386e-08
 360    2.796e-08
 361    3.203e-08
 362    3.604e-08
 363    3.997e-08
 364    4.379e-08
 365    4.748e-08
 366      5.1e-08
 367    5.434e-08
 368    5.746e-08
 369    6.035e-08
 370    6.297e-08
 371    6.531e-08
 372    6.733e-08
 373    6.901e-08
 374    7.032e-08
 375    7.125e-08
 376    7.175e-08
 377    7.181e-08
 378     7.14e-08
 379     7.05e-08
 380    6.908e-08
 381    6.711e-08
 382    6.457e-08
 383    6.145e-08
 384    5.777e-08
 385    5.358e-08
 386    4.893e-08
 387    4.386e-08
 388    3.842e-08
 389    3.266e-08
 390    2.661e-08
 391    2.033e-08
 392    1.387e-08
 393    7.253e-09
 394     5.43e-10
 395    -6.22e-09
 396   -1.299e-08
 397   -1.972e-08
 398   -2.637e-08
 399   -3.288e-08
 400   -3.922e-08
 401   -4.534e-08
 402   -5.119e-08
 403   -5.673e-08
 404   -6.192e-08
 405   -6.669e-08
 406   -7.102e-08
 407   -7.486e-08
 408   -7.815e-08
 409   -8.086e-08
 410   -8.294e-08
 411   -8.434e-08
 412   -8.502e-08
 413   -8.495e-08
 414   -8.418e-08
 415   -8.271e-08
 416    -8.06e-08
 417   -7.787e-08
 418   -7.455e-08
 419   -7.068e-08
 420   -6.628e-08
 421   -6.139e-08
 422   -5.604e-08
 423   -5.026e-08
 424   -4.408e-08
 425   -3.755e-08
 426   -3.067e-08
 427    -2.35e-08
 428   -1.606e-08
 429   -8.376e-09
 430   -4.898e-10
 431     7.57e-09
 432    1.577e-08
 433    2.408e-08
 434    3.247e-08
 435    4.091e-08
 436    4.936e-08
 437     5.78e-08
 438    6.618e-08
 439    7.449e-08
 440    8.268e-08
 441    9.073e-08
 442     9.86e-08
 443    1.063e-07
 444    1.137e-07
 445    1.209e-07
 446    1.278e-07
 447    1.343e-07
 448    1.406e-07
 449    1.464e-07
 450    1.519e-07
 451    1.569e-07
 452    1.614e-07
 453    1.655e-07
 454    1.691e-07
 455    1.721e-07
 456    1.746e-07
 457    1.765e-07
 458    1.777e-07
 459    1.784e-07
 460    1.783e-07
 461    1.775e-07
 462     1.76e-07
 463    1.737e-07
 464    1.707e-07
 465    1.668e-07
 466    1.621e-07
 467    1.565e-07
 468      1.5e-07
 469    1.426e-07
 470    1.342e-07
 471    1.249e-07
 472    1.145e-07
 473    1.032e-07
 474    9.106e-08
 475    7.814e-08
 476    6.452e-08
 477    5.029e-08
 478    3.552e-08
 479     2.03e-08
 480    4.703e-09
 481   -1.118e-08
 482   -2.727e-08
 483    -4.35e-08
 484   -5.976e-08
 485     -7.6e-08
 486   -9.212e-08
 487    -1.08e-07
 488   -1.237e-07
 489    -1.39e-07
 490   -1.538e-07
 491   -1.682e-07
 492   -1.819e-07
 493   -1.949e-07
 494   -2.072e-07
 495   -2.186e-07
 496   -2.292e-07
 497   -2.387e-07
 498   -2.471e-07
 499   -2.543e-07
 500   -2.603e-07
 501    -2.65e-07
 502   -2.683e-07
 503   -2.702e-07
 504   -2.709e-07
 505   -2.704e-07
 506   -2.686e-07
 507   -2.658e-07
 508   -2.618e-07
 509   -2.569e-07
 510   -2.509e-07
 511   -2.441e-07
 512   -2.363e-07
 513   -2.278e-07
 514   -2.184e-07
 515   -2.084e-07
 516   -1.976e-07
 517   -1.863e-07
 518   -1.744e-07
 519    -1.62e-07
 520   -1.491e-07
 521   -1.358e-07
 522   -1.221e-07
 523   -1.081e-07
 524   -9.388e-08
 525   -7.942e-08
 526    -6.48e-08
 527   -5.008e-08
 528    -3.53e-08
 529   -2.051e-08
 530   -5.766e-09
 531    8.883e-09
 532    2.339e-08
 533    3.773e-08
 534    5.187e-08
 535    6.577e-08
 536    7.939e-08
 537    9.271e-08
 538    1.057e-07
 539    1.183e-07
 540    1.305e-07
 541    1.422e-07
 542    1.535e-07
 543    1.643e-07
 544    1.745e-07
 545    1.841e-07
 546    1.932e-07
 547    2.016e-07
 548    2.093e-07
 549    2.163e-07
 550    2.225e-07
 551     2.28e-07
 552    2.326e-07
 553    2.364e-07
 554    2.393e-07
 555    2.414e-07
 556    2.424e-07
 557    2.425e-07
 558    2.415e-07
 559    2.395e-07
 560    2.364e-07
 561    2.322e-07
 562     2.27e-07
 563    2.207e-07
 564    2.135e-07
 565    2.055e-07
 566    1.968e-07
 567    1.873e-07
 568    1.773e-07
 569    1.667e-07
 570    1.556e-07
 571    1.441e-07
 572    1.324e-07
 573    1.204e-07
 574    1.082e-07
 575    9.592e-08
 576    8.364e-08
 577    7.142e-08
 578    5.934e-08
 579    4.746e-08
 580    3.587e-08
 581    2.464e-08
 582    1.384e-08
 583    3.547e-09
 584    -6.16e-09
 585   -1.521e-08
 586   -2.353e-08
 587   -3.103e-08
 588   -3.766e-08
 589   -4.333e-08
 590   -4.796e-08
 591   -5.152e-08
 592   -5.401e-08
 593   -5.547e-08
 594   -5.592e-08
 595   -5.538e-08
 596    -5.39e-08
 597   -5.149e-08
 598   -4.819e-08
 599   -4.401e-08
 600   -3.899e-08
 601   -3.316e-08
 602   -2.655e-08
 603   -1.917e-08
 604   -1.107e-08
 605   -2.257e-09
 606    7.227e-09
 607    1.736e-08
 608    2.811e-08
 609    3.946e-08
 610    5.136e-08
 611    6.381e-08
 612    7.676e-08
 613     9.02e-08
 614    1.041e-07
 615    1.184e-07
 616    1.331e-07
 617    1.482e-07
 618    1.636e-07
 619    1.794e-07
 620    1.954e-07
 621    2.116e-07
 622     2.28e-07
 623    2.445e-07
 624     2.61e-07
 625    2.773e-07
 626    2.934e-07
 627    3.093e-07
 628    3.248e-07
 629    3.398e-07
 630    3.543e-07
 631    3.681e-07
 632    3.813e-07
 633    3.936e-07
 634    4.051e-07
 635    4.156e-07
 636    4.251e-07
 637    4.334e-07
 638    4.405e-07
 639    4.462e-07
 640    4.506e-07
 641    4.535e-07
 642    4.548e-07
 643    4.545e-07
 644    4.524e-07
 645    4.485e-07
 646    4.427e-07
 647    4.349e-07
 648     4.25e-07
 649     4.13e-07
 650    3.987e-07
 651    3.822e-07
 652    3.637e-07
 653    3.433e-07
 654    3.212e-07
 655    2.974e-07
 656    2.722e-07
 657    2.455e-07
 658    2.177e-07
 659    1.888e-07
 660     1.59e-07
 661    1.283e-07
 662      9.7e-08
 663    6.514e-08
 664    3.289e-08
 665    3.768e-10
 666   -3.226e-08
 667   -6.489e-08
 668   -9.737e-08
 669   -1.296e-07
 670   -1.614e-07
 671   -1.926e-07
 672   -2.231e-07
 673   -2.528e-07
 674   -2.816e-07
 675   -3.092e-07
 676   -3.356e-07
 677   -3.607e-07
 678   -3.842e-07
 679   -4.061e-07
 680   -4.262e-07
 681   -4.447e-07
 682   -4.615e-07
 683   -4.767e-07
 684   -4.904e-07
 685   -5.026e-07
 686   -5.134e-07
 687   -5.228e-07
 688   -5.309e-07
 689   -5.379e-07
 690   -5.436e-07
 691   -5.482e-07
 692   -5.517e-07
 693   -5.542e-07
 694   -5.559e-07
 695   -5.565e-07
 696   -5.564e-07
 697   -5.555e-07
 698   -5.538e-07
 699   -5.516e-07
 700   -5.487e-07
 701   -5.452e-07
 702   -5.413e-07
 703    -5.37e-07
 704   -5.323e-07
 705   -5.273e-07
 706    -5.22e-07
 707   -5.165e-07
 708   -5.109e-07
 709   -5.053e-07
 710   -4.995e-07
 711   -4.938e-07
 712   -4.879e-07
 713    -4.82e-07
 714   -4.761e-07
 715     -4.7e-07
 716   -4.639e-07
 717   -4.577e-07
 718   -4.514e-07
 719   -4.451e-07
 720   -4.386e-07
 721    -4.32e-07
 722   -4.253e-07
 723   -4.185e-07
 724   -4.115e-07
 725   -4.044e-07
 726   -3.972e-07
 727   -3.899e-07
 728   -3.824e-07
 729   -3.748e-07
 730    -3.67e-07
 731    -3.59e-07
 732   -3.509e-07
 733   -3.425e-07
 734   -3.341e-07
 735   -3.254e-07
 736   -3.165e-07
 737   -3.074e-07
 738   -2.982e-07
 739   -2.887e-07
 740    -2.79e-07
 741    -2.69e-07
 742   -2.588e-07
 743   -2.482e-07
 744   -2.373e-07
 745    -2.26e-07
 746   -2.143e-07
 747   -2.021e-07
 748   -1.895e-07
 749   -1.764e-07
 750   -1.627e-07
 751   -1.486e-07
 752   -1.338e-07
 753   -1.184e-07
 754   -1.024e-07
 755   -8.565e-08
 756   -6.824e-08
 757    -5.01e-08
 758    -3.12e-08
 759   -1.151e-08
 760    9.003e-09
 761    3.036e-08
 762    5.261e-08
 763    7.575e-08
 764    9.984e-08
 765    1.249e-07
 766     1.51e-07
 767     1.78e-07
 768    2.062e-07
 769    2.354e-07
 770    2.655e-07
 771    2.964e-07
 772    3.281e-07
 773    3.602e-07
 774    3.928e-07
 775    4.256e-07
 776    4.586e-07
 777    4.915e-07
 778    5.244e-07
 779    5.569e-07
 780    5.891e-07
 781    6.207e-07
 782    6.516e-07
 783    6.818e-07
 784    7.109e-07
 785     7.39e-07
 786    7.659e-07
 787    7.914e-07
 788    8.155e-07
 789    8.379e-07
 790    8.585e-07
 791    8.773e-07
 792     8.94e-07
 793    9.086e-07
 794    9.209e-07
 795    9.307e-07
 796     9.38e-07
 797    9.426e-07
 798    9.443e-07
 799    9.431e-07
 800    9.392e-07
 801    9.326e-07
 802    9.233e-07
 803    9.116e-07
 804    8.975e-07
 805    8.812e-07
 806    8.626e-07
 807     8.42e-07
 808    8.194e-07
 809    7.949e-07
 810    7.686e-07
 811    7.407e-07
 812    7.112e-07
 813    6.802e-07
 814    6.478e-07
 815    6.143e-07
 816    5.795e-07
 817    5.436e-07
 818    5.068e-07
 819    4.692e-07
 820    4.308e-07
 821    3.917e-07
 822    3.521e-07
 823     3.12e-07
 824    2.715e-07
 825    2.309e-07
 826      1.9e-07
 827    1.491e-07
 828    1.083e-07
 829    6.766e-08
 830    2.724e-08
 831   -1.282e-08
 832   -5.244e-08
 833   -9.152e-08
 834   -1.299e-07
 835   -1.676e-07
 836   -2.045e-07
 837   -2.404e-07
 838   -2.753e-07
 839    -3.09e-07
 840   -3.415e-07
 841   -3.727e-07
 842   -4.025e-07
 843   -4.307e-07
 844   -4.573e-07
 845   -4.822e-07
 846   -5.053e-07
 847   -5.264e-07
 848   -5.456e-07
 849   -5.626e-07
 850   -5.774e-07
 851   -5.899e-07
 852       -6e-07
 853   -6.076e-07
 854   -6.126e-07
 855   -6.149e-07
 856   -6.144e-07
 857   -6.111e-07
 858   -6.047e-07
 859   -5.955e-07
 860   -5.836e-07
 861   -5.692e-07
 862   -5.523e-07
 863   -5.333e-07
 864   -5.121e-07
 865    -4.89e-07
 866    -4.64e-07
 867   -4.375e-07
 868   -4.094e-07
 869     -3.8e-07
 870   -3.494e-07
 871   -3.178e-07
 872   -2.852e-07
 873    -2.52e-07
 874   -2.181e-07
 875   -1.838e-07
 876   -1.493e-07
 877   -1.145e-07
 878   -7.984e-08
 879    -4.53e-08
 880   -1.107e-08
 881    2.268e-08
 882    5.582e-08
 883     8.82e-08
 884    1.197e-07
 885      1.5e-07
 886    1.792e-07
 887     2.07e-07
 888    2.333e-07
 889    2.582e-07
 890    2.816e-07
 891    3.035e-07
 892     3.24e-07
 893    3.431e-07
 894    3.607e-07
 895    3.769e-07
 896    3.917e-07
 897    4.051e-07
 898     4.17e-07
 899    4.276e-07
 900    4.368e-07
 901    4.446e-07
 902    4.511e-07
 903    4.561e-07
 904    4.598e-07
 905    4.622e-07
 906    4.632e-07
 907    4.629e-07
 908    4.612e-07
 909    4.582e-07
 910     4.54e-07
 911    4.483e-07
 912    4.415e-07
 913    4.333e-07
 914    4.238e-07
 915     4.13e-07
 916     4.01e-07
 917    3.877e-07
 918    3.732e-07
 919    3.576e-07
 920    3.409e-07
 921    3.233e-07
 922    3.048e-07
 923    2.855e-07
 924    2.655e-07
 925    2.449e-07
 926    2.238e-07
 927    2.021e-07
 928    1.802e-07
 929    1.579e-07
 930    1.354e-07
 931    1.128e-07
 932    9.015e-08
 933    6.756e-08
 934    4.509e-08
 935    2.285e-08
 936    8.945e-10
 937   -2.067e-08
 938   -4.178e-08
 939   -6.233e-08
 940   -8.225e-08
 941   -1.015e-07
 942   -1.199e-07
 943   -1.374e-07
 944   -1.539e-07
 945   -1.694e-07
 946   -1.838e-07
 947   -1.969e-07
 948   -2.089e-07
 949   -2.196e-07
 950   -2.292e-07
 951   -2.377e-07
 952    -2.45e-07
 953   -2.512e-07
 954   -2.564e-07
 955   -2.605e-07
 956   -2.635e-07
 957   -2.656e-07
 958   -2.666e-07
 959   -2.667e-07
 960   -2.658e-07
 961    -2.64e-07
 962   -2.613e-07
 963   -2.577e-07
 964   -2.532e-07
 965   -2.479e-07
 966   -2.418e-07
 967   -2.349e-07
 968   -2.272e-07
 969   -2.187e-07
 970   -2.095e-07
 971   -1.996e-07
 972    -1.89e-07
 973   -1.777e-07
 974   -1.658e-07
 975   -1.532e-07
 976   -1.401e-07
 977   -1.264e-07
 978   -1.121e-07
 979   -9.746e-08
 980   -8.241e-08
 981   -6.706e-08
 982   -5.147e-08
 983   -3.572e-08
 984   -1.987e-08
 985   -3.979e-09
 986    1.187e-08
 987    2.762e-08
 988     4.32e-08
 989    5.855e-08
 990    7.359e-08
 991    8.825e-08
 992    1.025e-07
 993    1.162e-07
 994    1.293e-07
 995    1.418e-07
 996    1.536e-07
 997    1.646e-07
 998    1.748e-07
 999     1.84e-07
1000    1.923e-07
1001    1.995e-07
1002    2.056e-07
1003    2.105e-07
1004    2.141e-07
1005    2.165e-07
1006    2.174e-07
1007     2.17e-07
1008    2.154e-07
1009    2.126e-07
1010    2.088e-07
1011    2.041e-07
1012    1.987e-07
1013    1.926e-07
1014    1.859e-07
1015    1.788e-07
1016    1.714e-07
1017    1.638e-07
1018    1.562e-07
1019    1.485e-07
1020    1.411e-07
1021    1.339e-07
1022    1.271e-07
1023    1.207e-07
1024     1.15e-07
1025    1.101e-07
1026     1.06e-07
1027    1.029e-07
1028    1.008e-07
1029    9.997e-08
1030    1.005e-07
1031    1.024e-07
1032    1.058e-07
1033     1.11e-07
1034    1.179e-07
1035    1.267e-07
1036    1.375e-07
1037    1.502e-07
1038    1.647e-07
1039    1.809e-07
1040    1.986e-07
1041    2.177e-07
1042     2.38e-07
1043    2.594e-07
1044    2.819e-07
1045    3.051e-07
1046    3.291e-07
1047    3.537e-07
1048    3.787e-07
1049    4.041e-07
1050    4.296e-07
1051    4.551e-07
1052    4.806e-07
1053    5.058e-07
1054    5.307e-07
1055    5.551e-07
1056    5.788e-07
1057    6.018e-07
1058    6.239e-07
1059     6.45e-07
1060    6.649e-07
1061    6.835e-07
1062    7.007e-07
1063    7.163e-07
1064    7.302e-07
1065    7.423e-07
1066    7.524e-07
1067    7.606e-07
1068    7.669e-07
1069    7.712e-07
1070    7.735e-07
1071    7.739e-07
1072    7.724e-07
1073    7.689e-07
1074    7.635e-07
1075    7.561e-07
1076    7.468e-07
1077    7.356e-07
1078    7.224e-07
1079    7.073e-07
1080    6.902e-07
1081    6.712e-07
1082    6.503e-07
1083    6.274e-07
1084    6.026e-07
1085    5.759e-07
1086    5.472e-07
1087    5.166e-07
1088    4.841e-07
1089    4.496e-07
1090    4.132e-07
1091    3.748e-07
1092    3.346e-07
1093    2.924e-07
1094    2.483e-07
1095    2.022e-07
1096    1.544e-07
1097     1.05e-07
1098    5.427e-08
1099    2.544e-09
1100   -4.995e-08
1101    -1.03e-07
1102   -1.563e-07
1103   -2.095e-07
1104   -2.626e-07
1105   -3.151e-07
1106   -3.668e-07
1107   -4.176e-07
1108    -4.67e-07
1109   -5.149e-07
1110    -5.61e-07
1111    -6.05e-07
1112   -6.467e-07
1113   -6.859e-07
1114   -7.222e-07
1115   -7.554e-07
1116   -7.853e-07
1117   -8.116e-07
1118    -8.34e-07
1119   -8.523e-07
1120   -8.662e-07
1121   -8.755e-07
1122   -8.799e-07
1123   -8.791e-07
1124    -8.73e-07
1125   -8.612e-07
1126   -8.439e-07
1127   -8.213e-07
1128   -7.937e-07
1129   -7.613e-07
1130   -7.243e-07
1131   -6.831e-07
1132   -6.378e-07
1133   -5.887e-07
1134   -5.361e-07
1135   -4.802e-07
1136   -4.212e-07
1137   -3.595e-07
1138   -2.951e-07
1139   -2.285e-07
1140   -1.598e-07
1141   -8.929e-08
1142   -1.722e-08
1143    5.617e-08
1144    1.306e-07
1145    2.059e-07
1146    2.818e-07
1147    3.579e-07
1148    4.342e-07
1149    5.103e-07
1150     5.86e-07
1151     6.61e-07
1152    7.351e-07
1153     8.08e-07
1154    8.796e-07
1155    9.495e-07
1156    1.018e-06
1157    1.085e-06
1158     1.15e-06
1159    1.214e-06
1160    1.277e-06
1161    1.338e-06
1162    1.399e-06
1163    1.458e-06
1164    1.516e-06
1165    1.573e-06
1166    1.629e-06
1167    1.684e-06
1168    1.738e-06
1169    1.792e-06
1170    1.845e-06
1171    1.897e-06
1172    1.948e-06
1173    1.999e-06
1174     2.05e-06
1175      2.1e-06
1176     2.15e-06
1177    2.199e-06
1178    2.248e-06
1179    2.297e-06
1180    2.346e-06
1181    2.395e-06
1182    2.444e-06
1183    2.493e-06
1184    2.542e-06
1185    2.591e-06
1186     2.64e-06
1187    2.689e-06
1188    2.738e-06
1189    2.786e-06
1190    2.833e-06
1191     2.88e-06
1192    2.926e-06
1193    2.971e-06
1194    3.015e-06
1195    3.058e-06
1196    3.099e-06
1197    3.139e-06
1198    3.177e-06
1199    3.213e-06
1200    3.247e-06
1201    3.279e-06
1202    3.309e-06
1203    3.336e-06
1204    3.361e-06
1205    3.384e-06
1206    3.403e-06
1207     3.42e-06
1208    3.434e-06
1209    3.444e-06
1210    3.451e-06
1211    3.455e-06
1212    3.455e-06
1213    3.451e-06
1214    3.443e-06
1215    3.432e-06
1216    3.415e-06
1217    3.395e-06
1218    3.369e-06
1219    3.338e-06
1220    3.301e-06
1221    3.258e-06
1222     3.21e-06
1223    3.155e-06
1224    3.093e-06
1225    3.024e-06
1226    2.948e-06
1227    2.864e-06
1228    2.772e-06
1229    2.673e-06
1230    2.565e-06
1231    2.448e-06
1232    2.322e-06
1233    2.186e-06
1234    2.042e-06
1235    1.887e-06
1236    1.722e-06
1237    1.547e-06
1238     1.36e-06
1239    1.163e-06
1240    9.547e-07
1241    7.346e-07
1242    5.026e-07
1243    2.584e-07
1244    1.884e-09
1245   -2.666e-07
1246   -5.466e-07
1247   -8.377e-07
1248   -1.139e-06
1249   -1.451e-06
1250   -1.772e-06
1251   -2.102e-06
1252   -2.441e-06
1253   -2.788e-06
1254   -3.143e-06
1255   -3.505e-06
1256   -3.874e-06
1257   -4.249e-06
1258   -4.629e-06
1259   -5.015e-06
1260   -5.406e-06
1261   -5.801e-06
1262     -6.2e-06
1263   -6.602e-06
1264   -7.007e-06
1265   -7.415e-06
1266   -7.824e-06
1267   -8.235e-06
1268   -8.647e-06
1269   -9.059e-06
1270   -9.472e-06
1271   -9.883e-06
1272   -1.029e-05
1273    -1.07e-05
1274   -1.111e-05
1275   -1.152e-05
1276   -1.192e-05
1277   -1.232e-05
1278   -1.272e-05
1279   -1.312e-05
1280   -1.352e-05
1281   -1.392e-05
1282   -1.431e-05
1283    -1.47e-05
1284   -1.509e-05
1285   -1.547e-05
1286   -1.586e-05
1287   -1.624e-05
1288   -1.662e-05
1289     -1.7e-05
1290   -1.738e-05
1291   -1.775e-05
1292   -1.812e-05
1293   -1.849e-05
1294   -1.886e-05
1295   -1.922e-05
1296   -1.959e-05
1297   -1.995e-05
1298   -2.031e-05
1299   -2.066e-05
1300   -2.101e-05
1301   -2.137e-05
1302   -2.171e-05
1303   -2.206e-05
1304    -2.24e-05
1305   -2.274e-05
1306   -2.308e-05
1307   -2.341e-05
1308   -2.373e-05
1309   -2.405e-05
1310   -2.436e-05
1311   -2.466e-05
1312   -2.495e-05
1313   -2.524e-05
1314   -2.552e-05
1315   -2.578e-05
1316   -2.603e-05
1317   -2.628e-05
1318    -2.65e-05
1319   -2.672e-05
1320   -2.692e-05
1321   -2.711e-05
1322   -2.728e-05
1323   -2.744e-05
1324   -2.758e-05
1325    -2.77e-05
1326    -2.78e-05
1327   -2.789e-05
1328   -2.795e-05
1329     -2.8e-05
1330   -2.802e-05
1331   -2.803e-05
1332   -2.801e-05
1333   -2.797e-05
1334    -2.79e-05
1335   -2.781e-05
1336    -2.77e-05
1337   -2.756e-05
1338   -2.739e-05
1339    -2.72e-05
1340   -2.698e-05
1341   -2.673e-05
1342   -2.645e-05
1343   -2.614e-05
1344    -2.58e-05
1345   -2.544e-05
1346   -2.504e-05
1347    -2.46e-05
1348   -2.414e-05
1349   -2.364e-05
1350   -2.311e-05
1351   -2.254e-05
1352   -2.194e-05
1353    -2.13e-05
1354   -2.063e-05
1355   -1.991e-05
1356   -1.916e-05
1357   -1.837e-05
1358   -1.754e-05
1359   -1.667e-05
1360   -1.576e-05
1361   -1.481e-05
1362   -1.381e-05
1363   -1.278e-05
1364    -1.17e-05
1365   -1.058e-05
1366   -9.418e-06
1367   -8.218e-06
1368   -6.977e-06
1369   -5.697e-06
1370   -4.378e-06
1371   -3.021e-06
1372   -1.627e-06
1373   -1.959e-07
1374    1.272e-06
1375    2.776e-06
1376    4.315e-06
1377    5.888e-06
1378    7.497e-06
1379    9.139e-06
1380    1.081e-05
1381    1.252e-05
1382    1.426e-05
1383    1.603e-05
1384    1.784e-05
1385    1.967e-05
1386    2.153e-05
1387    2.342e-05
1388    2.535e-05
1389    2.729e-05
1390    2.927e-05
1391    3.128e-05
1392    3.331e-05
1393    3.536e-05
1394    3.744e-05
1395    3.954e-05
1396    4.166e-05
1397     4.38e-05
1398    4.595e-05
1399    4.811e-05
1400    5.028e-05
1401    5.246e-05
1402    5.465e-05
1403    5.684e-05
1404    5.904e-05
1405    6.123e-05
1406    6.342e-05
1407     6.56e-05
1408    6.778e-05
1409    6.994e-05
1410     7.21e-05
1411    7.425e-05
1412    7.638e-05
1413    7.849e-05
1414    8.058e-05
1415    8.265e-05
1416     8.47e-05
1417    8.672e-05
1418    8.871e-05
1419    9.067e-05
1420     9.26e-05
1421    9.449e-05
1422    9.635e-05
1423    9.817e-05
1424    9.995e-05
1425    0.0001017
1426    0.0001034
1427     0.000105
1428    0.0001066
1429    0.0001082
1430    0.0001097
1431    0.0001111
1432    0.0001125
1433    0.0001138
1434    0.0001151
1435    0.0001163
1436    0.0001175
1437    0.0001185
1438    0.0001196
1439    0.0001205
1440    0.0001214
1441    0.0001222
1442    0.0001229
1443    0.0001236
1444    0.0001242
1445    0.0001247
1446    0.0001251
1447    0.0001254
1448    0.0001257
1449    0.0001259
1450    0.0001259
1451    0.0001259
1452    0.0001258
1453    0.0001256
1454    0.0001254
1455     0.000125
1456    0.0001246
1457    0.0001241
1458    0.0001235
1459    0.0001228
1460    0.0001221
1461    0.0001213
1462    0.0001204
1463    0.0001195
1464    0.0001186
1465    0.0001175
1466    0.0001165
1467    0.0001153
1468    0.0001142
1469    0.0001129
1470    0.0001117
1471    0.0001104
1472    0.0001091
1473    0.0001077
1474    0.0001063
1475    0.0001049
1476    0.0001035
1477     0.000102
1478    0.0001005
1479    9.904e-05
1480    9.754e-05
1481    9.603e-05
1482    9.451e-05
1483    9.296e-05
1484    9.139e-05
1485    8.979e-05
1486    8.814e-05
1487    8.644e-05
1488    8.468e-05
1489    8.285e-05
1490    8.095e-05
1491    7.897e-05
1492    7.689e-05
1493    7.472e-05
1494    7.244e-05
1495    7.005e-05
1496    6.753e-05
1497    6.489e-05
1498    6.211e-05
1499    5.918e-05
1500     5.61e-05
1501    5.285e-05
1502    4.944e-05
1503    4.585e-05
1504    4.208e-05
1505    3.811e-05
1506    3.394e-05
1507    2.957e-05
1508    2.497e-05
1509    2.016e-05
1510    1.511e-05
1511    9.818e-06
1512    4.293e-06
1513   -1.463e-06
1514   -7.445e-06
1515   -1.365e-05
1516   -2.006e-05
1517   -2.669e-05
1518   -3.352e-05
1519   -4.055e-05
1520   -4.777e-05
1521   -5.519e-05
1522   -6.278e-05
1523   -7.055e-05
1524   -7.849e-05
1525    -8.66e-05
1526   -9.487e-05
1527   -0.0001033
1528   -0.0001119
1529   -0.0001206
1530   -0.0001294
1531   -0.0001384
1532   -0.0001476
1533   -0.0001568
1534   -0.0001662
1535   -0.0001756
1536   -0.0001852
1537   -0.0001949
1538   -0.0002047
1539   -0.0002145
1540   -0.0002245
1541   -0.0002345
1542   -0.0002446
1543   -0.0002548
1544    -0.000265
1545   -0.0002753
1546   -0.0002857
1547   -0.0002961
1548   -0.0003066
1549   -0.0003171
1550   -0.0003277
1551   -0.0003383
1552   -0.0003489
1553   -0.0003596
1554   -0.0003703
1555    -0.000381
1556   -0.0003917
1557   -0.0004025
1558   -0.0004132
1559    -0.000424
1560   -0.0004348
1561   -0.0004456
1562   -0.0004563
1563   -0.0004671
1564   -0.0004778
1565   -0.0004886
1566   -0.0004992
1567   -0.0005099
1568   -0.0005206
1569   -0.0005312
1570   -0.0005417
1571   -0.0005523
1572   -0.0005628
1573   -0.0005732
1574   -0.0005835
1575   -0.0005938
1576   -0.0006039
1577    -0.000614
1578    -0.000624
1579   -0.0006339
1580   -0.0006436
1581   -0.0006532
1582   -0.0006626
1583   -0.0006719
1584   -0.0006811
1585     -0.00069
1586   -0.0006988
1587   -0.0007075
1588   -0.0007159
1589   -0.0007241
1590   -0.0007321
1591   -0.0007399
1592   -0.0007474
1593   -0.0007547
1594   -0.0007618
1595   -0.0007686
1596   -0.0007751
1597   -0.0007814
1598   -0.0007874
1599    -0.000793
1600   -0.0007984
1601   -0.0008035
1602   -0.0008083
1603   -0.0008127
1604   -0.0008168
1605   -0.0008207
1606   -0.0008242
1607   -0.0008274
1608   -0.0008302
1609   -0.0008328
1610    -0.000835
1611   -0.0008368
1612   -0.0008384
1613   -0.0008395
1614   -0.0008404
1615   -0.0008409
1616   -0.0008411
1617   -0.0008409
1618   -0.0008403
1619   -0.0008394
1620   -0.0008381
1621   -0.0008365
1622   -0.0008345
1623   -0.0008322
1624   -0.0008295
1625   -0.0008263
1626   -0.0008229
1627    -0.000819
1628   -0.0008148
1629   -0.0008102
1630   -0.0008051
1631   -0.0007998
1632    -0.000794
1633   -0.0007879
1634   -0.0007814
1635   -0.0007747
1636   -0.0007675
1637   -0.0007601
1638   -0.0007523
1639   -0.0007442
1640   -0.0007359
1641   -0.0007272
1642   -0.0007182
1643    -0.000709
1644   -0.0006996
1645   -0.0006898
1646   -0.0006799
1647   -0.0006697
1648   -0.0006593
1649   -0.0006486
1650   -0.0006378
1651   -0.0006267
1652   -0.0006155
1653   -0.0006041
1654   -0.0005925
1655   -0.0005807
1656   -0.0005688
1657   -0.0005568
1658   -0.0005446
1659   -0.0005323
1660   -0.0005198
1661   -0.0005072
1662   -0.0004945
1663   -0.0004816
1664   -0.0004685
1665   -0.0004552
1666   -0.0004417
1667    -0.000428
1668    -0.000414
1669   -0.0003998
1670   -0.0003853
1671   -0.0003705
1672   -0.0003555
1673   -0.0003401
1674   -0.0003244
1675   -0.0003083
1676    -0.000292
1677   -0.0002752
1678   -0.0002581
1679   -0.0002405
1680   -0.0002226
1681   -0.0002042
1682   -0.0001855
1683   -0.0001662
1684   -0.0001465
1685   -0.0001263
1686   -0.0001057
1687   -8.447e-05
1688   -6.277e-05
1689   -4.054e-05
1690   -1.777e-05
1691    5.522e-06
1692    2.934e-05
1693    5.369e-05
1694    7.855e-05
1695    0.0001039
1696    0.0001298
1697    0.0001562
1698    0.0001831
1699    0.0002105
1700    0.0002383
1701    0.0002667
1702    0.0002955
1703    0.0003249
1704    0.0003546
1705    0.0003849
1706    0.0004156
1707    0.0004468
1708    0.0004785
1709    0.0005106
1710    0.0005432
1711    0.0005761
1712    0.0006096
1713    0.0006434
1714    0.0006777
1715    0.0007125
1716    0.0007476
1717    0.0007832
1718    0.0008192
1719    0.0008556
1720    0.0008924
1721    0.0009296
1722    0.0009673
1723     0.001005
1724     0.001044
1725     0.001083
1726     0.001123
1727     0.001163
1728     0.001203
1729     0.001244
1730     0.001286
1731     0.001328
1732     0.001371
1733     0.001414
1734     0.001458
1735     0.001503
1736     0.001548
1737     0.001593
1738      0.00164
1739     0.001686
1740     0.001734
1741     0.001782
1742     0.001831
1743      0.00188
1744     0.001931
1745     0.001982
1746     0.002033
1747     0.002085
1748     0.002138
1749     0.002192
1750     0.002247
1751     0.002302
1752     0.002357
1753     0.002413
1754      0.00247
1755     0.002527
1756     0.002584
1757     0.002641
1758     0.002699
1759     0.002757
1760     0.002815
1761     0.002873
1762     0.002931
1763     0.002989
1764     0.003047
1765     0.003105
1766     0.003162
1767      0.00322
1768     0.003277
1769     0.003333
1770     0.003389
1771     0.003445
1772       0.0035
1773     0.003555
1774     0.003609
1775     0.003662
1776     0.003714
1777     0.003766
1778     0.003817
1779     0.003867
1780     0.003916
1781     0.003964
1782     0.004011
1783     0.004058
1784     0.004103
1785     0.004148
1786     0.004191
1787     0.004234
1788     0.004276
1789     0.004317
1790     0.004357
1791     0.004396
1792     0.004435
1793     0.004472
1794     0.004509
1795     0.004544
1796     0.004579
1797     0.004613
1798     0.004646
1799     0.004678
1800     0.004709
1801     0.004739
1802     0.004768
1803     0.004796
1804     0.004824
1805     0.004851
1806     0.004876
1807     0.004901
1808     0.004925
1809     0.004948
1810      0.00497
1811     0.004991
1812     0.005012
1813     0.005031
1814     0.005051
1815     0.005069
1816     0.005087
1817     0.005104
1818     0.005121
1819     0.005137
1820     0.005153
1821     0.005169
1822     0.005184
1823     0.005198
1824     0.005213
1825     0.005227
1826     0.005241
1827     0.005255
1828     0.005268
1829     0.005282
1830     0.005295
1831     0.005309
1832     0.005322
1833     0.005336
1834     0.005349
1835     0.005363
1836     0.005377
1837     0.005392
1838     0.005406
1839      0.00542
1840     0.005435
1841      0.00545
1842     0.005465
1843     0.005481
1844     0.005496
1845     0.005512
1846     0.005527
1847     0.005543
1848     0.005559
1849     0.005574
1850      0.00559
1851     0.005605
1852     0.005621
1853     0.005637
1854     0.005652
1855     0.005667
1856     0.005682
1857     0.005697
1858     0.005712
1859     0.005727
1860     0.005742
1861     0.005756
1862      0.00577
1863     0.005783
1864     0.005797
1865      0.00581
1866     0.005823
1867     0.005835
1868     0.005847
1869     0.005858
1870      0.00587
1871      0.00588
1872      0.00589
1873       0.0059
1874     0.005909
1875     0.005917
1876     0.005925
1877     0.005932
1878     0.005938
1879     0.005943
1880     0.005948
1881     0.005951
1882     0.005954
1883     0.005956
1884     0.005957
1885     0.005957
1886     0.005955
1887     0.005953
1888      0.00595
1889     0.005945
1890     0.005939
1891     0.005932
1892     0.005924
1893     0.005914
1894     0.005903
1895     0.005891
1896     0.005877
1897     0.005862
1898     0.005845
1899     0.005827
1900     0.005807
1901     0.005787
1902     0.005765
1903     0.005742
1904     0.005717
1905     0.005692
1906     0.005665
1907     0.005638
1908     0.005609
1909     0.005579
1910     0.005549
1911     0.005518
1912     0.005486
1913     0.005453
1914     0.005419
1915     0.005385
1916      0.00535
1917     0.005315
1918     0.005279
1919     0.005242
1920     0.005205
1921     0.005167
1922      0.00513
1923     0.005091
1924     0.005053
1925     0.005014
1926     0.004975
1927     0.004936
1928     0.004897
1929     0.004857
1930     0.004817
1931     0.004778
1932     0.004737
1933     0.004697
1934     0.004656
1935     0.004615
1936     0.004574
1937     0.004532
1938      0.00449
1939     0.004447
1940     0.004404
1941     0.004361
1942     0.004318
1943     0.004274
1944     0.004229
1945     0.004185
1946     0.004139
1947     0.004093
1948     0.004047
1949        0.004
1950     0.003953
1951     0.003905
1952     0.003856
1953     0.003807
1954     0.003758
1955     0.003708
1956     0.003657
1957     0.003605
1958     0.003554
1959     0.003501
1960     0.003448
1961     0.003395
1962     0.003342
1963     0.003288
1964     0.003234
1965      0.00318
1966     0.003126
1967     0.003072
1968     0.003019
1969     0.002965
1970     0.002911
1971     0.002858
1972     0.002805
1973     0.002753
1974     0.002701
1975     0.002649
1976     0.002598
1977     0.002548
1978     0.002499
1979      0.00245
1980     0.002402
1981     0.002355
1982     0.002309
1983     0.002264
1984      0.00222
1985     0.002177
1986     0.002135
1987     0.002095
1988     0.002056
1989     0.002017
1990      0.00198
1991     0.001945
1992      0.00191
1993     0.001876
1994     0.001843
1995     0.001811
1996      0.00178
1997     0.001751
1998     0.001722
1999     0.001694
2000     0.001666
2001      0.00164
2002     0.001615
2003      0.00159
2004     0.001566
2005     0.001543
2006      0.00152
2007     0.001498
2008     0.001477
2009     0.001457
2010     0.001437
2011     0.001418
2012     0.001399
2013     0.001381
2014     0.001364
2015     0.001347
2016      0.00133
2017     0.001314
2018     0.001298
2019     0.001283
2020     0.001268
2021     0.001253
2022     0.001239
2023     0.001226
2024     0.001212
2025     0.001199
2026     0.001186
2027     0.001173
2028     0.001161
2029     0.001149
2030     0.001137
2031     0.001125
2032     0.001113
2033     0.001102
2034     0.001091
2035     0.001079
2036     0.001068
2037     0.001057
2038     0.001046
2039     0.001035
2040     0.001024
2041     0.001013
2042     0.001001
2043    0.0009902
2044    0.0009789
2045    0.0009675
2046     0.000956
2047    0.0009444
2048    0.0009328
2049    0.0009211
2050    0.0009093
2051    0.0008975
2052    0.0008856
2053    0.0008738
2054    0.0008619
2055    0.0008501
2056    0.0008382
2057    0.0008264
2058    0.0008147
2059     0.000803
2060    0.0007914
2061    0.0007799
2062    0.0007685
2063    0.0007572
2064     0.000746
2065    0.0007349
2066     0.000724
2067    0.0007133
2068    0.0007027
2069    0.0006924
2070    0.0006822
2071    0.0006723
2072    0.0006626
2073    0.0006531
2074    0.0006439
2075    0.0006349
2076    0.0006262
2077    0.0006177
2078    0.0006095
2079    0.0006014
2080    0.0005936
2081     0.000586
2082    0.0005785
2083    0.0005711
2084    0.0005639
2085    0.0005567
2086    0.0005497
2087    0.0005428
2088    0.0005359
2089    0.0005291
2090    0.0005223
2091    0.0005155
2092    0.0005088
2093     0.000502
2094    0.0004952
2095    0.0004883
2096    0.0004814
2097    0.0004744
2098    0.0004673
2099    0.0004601
2100    0.0004528
2101    0.0004453
2102    0.0004377
2103    0.0004299
2104    0.0004219
2105    0.0004137
2106    0.0004053
2107    0.0003968
2108    0.0003881
2109    0.0003793
2110    0.0003702
2111    0.0003612
2112     0.000352
2113    0.0003427
2114    0.0003333
2115    0.0003239
2116    0.0003144
2117    0.0003049
2118    0.0002954
2119    0.0002858
2120    0.0002763
2121    0.0002668
2122    0.0002573
2123    0.0002479
2124    0.0002386
2125    0.0002293
2126    0.0002201
2127     0.000211
2128    0.0002021
2129    0.0001933
2130    0.0001846
2131    0.0001761
2132    0.0001678
2133    0.0001596
2134    0.0001517
2135     0.000144
2136    0.0001365
2137    0.0001292
2138    0.0001221
2139    0.0001151
2140    0.0001084
2141    0.0001018
2142    9.537e-05
2143    8.912e-05
2144    8.303e-05
2145    7.708e-05
2146    7.128e-05
2147    6.561e-05
2148    6.008e-05
2149    5.468e-05
2150    4.939e-05
2151    4.421e-05
2152    3.914e-05
2153    3.417e-05
2154     2.93e-05
2155    2.452e-05
2156    1.981e-05
2157    1.518e-05
2158    1.063e-05
2159    6.131e-06
2160    1.695e-06
2161   -2.691e-06
2162   -7.031e-06
2163   -1.133e-05
2164    -1.56e-05
2165   -1.984e-05
2166   -2.404e-05
2167   -2.821e-05
2168   -3.234e-05
2169   -3.643e-05
2170   -4.048e-05
2171    -4.45e-05
2172   -4.847e-05
2173    -5.24e-05
2174   -5.629e-05
2175   -6.012e-05
2176   -6.391e-05
2177   -6.766e-05
2178   -7.135e-05
2179   -7.499e-05
2180   -7.858e-05
2181   -8.212e-05
2182   -8.559e-05
2183   -8.901e-05
2184   -9.238e-05
2185   -9.568e-05
2186   -9.892e-05
2187   -0.0001021
2188   -0.0001052
2189   -0.0001083
2190   -0.0001113
2191   -0.0001142
2192    -0.000117
2193   -0.0001198
2194   -0.0001225
2195   -0.0001251
2196   -0.0001277
2197   -0.0001302
2198   -0.0001327
2199   -0.0001351
2200   -0.0001375
2201   -0.0001398
2202   -0.0001421
2203   -0.0001444
2204   -0.0001466
2205   -0.0001488
2206    -0.000151
2207   -0.0001532
2208   -0.0001554
2209   -0.0001576
2210   -0.0001598
2211    -0.000162
2212   -0.0001642
2213   -0.0001664
2214   -0.0001686
2215   -0.0001709
2216   -0.0001732
2217   -0.0001755
2218   -0.0001779
2219   -0.0001803
2220   -0.0001827
2221   -0.0001853
2222   -0.0001878
2223   -0.0001905
2224   -0.0001931
2225   -0.0001959
2226   -0.0001987
2227   -0.0002016
2228   -0.0002044
2229   -0.0002074
2230   -0.0002103
2231   -0.0002133
2232   -0.0002162
2233   -0.0002192
2234   -0.0002222
2235   -0.0002252
2236   -0.0002282
2237   -0.0002311
2238    -0.000234
2239   -0.0002369
2240   -0.0002398
2241   -0.0002426
2242   -0.0002454
2243   -0.0002481
2244   -0.0002508
2245   -0.0002534
2246   -0.0002559
2247   -0.0002583
2248   -0.0002607
2249   -0.0002629
2250   -0.0002651
2251   -0.0002671
2252   -0.0002691
2253   -0.0002709
2254   -0.0002726
2255   -0.0002742
2256   -0.0002757
2257   -0.0002771
2258   -0.0002784
2259   -0.0002796
2260   -0.0002806
2261   -0.0002816
2262   -0.0002825
2263   -0.0002834
2264   -0.0002841
2265   -0.0002848
2266   -0.0002854
2267   -0.0002859
2268   -0.0002864
2269   -0.0002868
2270   -0.0002871
2271   -0.0002874
2272   -0.0002876
2273   -0.0002878
2274   -0.0002879
2275    -0.000288
2276   -0.0002881
2277   -0.0002881
2278   -0.0002881
2279    -0.000288
2280    -0.000288
2281   -0.0002879
2282   -0.0002878
2283   -0.0002877
2284   -0.0002876
2285   -0.0002875
2286   -0.0002873
2287   -0.0002872
2288    -0.000287
2289   -0.0002868
2290   -0.0002866
2291   -0.0002864
2292   -0.0002862
2293    -0.000286
2294   -0.0002858
2295   -0.0002856
2296   -0.0002854
2297   -0.0002851
2298   -0.0002849
2299   -0.0002846
2300   -0.0002844
2301   -0.0002841
2302   -0.0002838
2303   -0.0002836
2304   -0.0002833
2305    -0.000283
2306   -0.0002827
2307   -0.0002824
2308   -0.0002821
2309   -0.0002818
2310   -0.0002815
2311   -0.0002812
2312   -0.0002809
2313   -0.0002807
2314   -0.0002803
2315     -0.00028
2316   -0.0002797
2317   -0.0002794
2318   -0.0002791
2319   -0.0002788
2320   -0.0002785
2321   -0.0002781
2322   -0.0002778
2323   -0.0002775
2324   -0.0002771
2325   -0.0002768
2326   -0.0002764
2327    -0.000276
2328   -0.0002756
2329   -0.0002752
2330   -0.0002748
2331   -0.0002744
2332    -0.000274
2333   -0.0002735
2334   -0.0002731
2335   -0.0002726
2336   -0.0002721
2337   -0.0002716
2338   -0.0002711
2339   -0.0002706
2340     -0.00027
2341   -0.0002695
2342   -0.0002689
2343   -0.0002683
2344   -0.0002677
2345    -0.000267
2346   -0.0002664
2347   -0.0002657
2348   -0.0002651
2349   -0.0002644
2350   -0.0002637
2351   -0.0002631
2352   -0.0002624
2353   -0.0002617
2354   -0.0002611
2355   -0.0002604
2356   -0.0002597
2357   -0.0002591
2358   -0.0002585
2359   -0.0002578
2360   -0.0002572
2361   -0.0002566
2362   -0.0002561
2363   -0.0002555
2364    -0.000255
2365   -0.0002544
2366   -0.0002539
2367   -0.0002535
2368   -0.0002531
2369   -0.0002526
2370   -0.0002523
2371   -0.0002519
2372   -0.0002516
2373   -0.0002514
2374   -0.0002511
2375   -0.0002509
2376   -0.0002507
2377   -0.0002506
2378   -0.0002505
2379   -0.0002504
2380   -0.0002503
2381   -0.0002503
2382   -0.0002502
2383   -0.0002502
2384   -0.0002503
2385   -0.0002503
2386   -0.0002503
2387   -0.0002504
2388   -0.0002505
2389   -0.0002505
2390   -0.0002506
2391   -0.0002507
2392   -0.0002509
2393    -0.000251
2394   -0.0002511
2395   -0.0002512
2396   -0.0002513
2397   -0.0002515
2398   -0.0002516
2399   -0.0002517
2400   -0.0002518
2401   -0.0002519
2402    -0.000252
2403   -0.0002521
2404   -0.0002522
2405   -0.0002523
2406   -0.0002524
2407   -0.0002524
2408   -0.0002525
2409   -0.0002525
2410   -0.0002526
2411   -0.0002526
2412   -0.0002527
2413   -0.0002527
2414   -0.0002527
2415   -0.0002527
2416   -0.0002527
2417   -0.0002527
2418   -0.0002527
2419   -0.0002526
2420   -0.0002526
2421   -0.0002526
2422   -0.0002525
2423   -0.0002525
2424   -0.0002524
2425   -0.0002523
2426   -0.0002522
2427   -0.0002521
2428    -0.000252
2429   -0.0002519
2430   -0.0002518
2431   -0.0002517
2432   -0.0002516
2433   -0.0002514
2434   -0.0002513
2435   -0.0002511
2436   -0.0002509
2437   -0.0002508
2438   -0.0002506
2439   -0.0002504
2440   -0.0002502
2441   -0.0002499
2442   -0.0002497
2443   -0.0002495
2444   -0.0002492
2445    -0.000249
2446   -0.0002487
2447   -0.0002484
2448   -0.0002482
2449   -0.0002479
2450   -0.0002475
2451   -0.0002472
2452   -0.0002469
2453   -0.0002465
2454   -0.0002462
2455   -0.0002458
2456   -0.0002454
2457   -0.0002451
2458   -0.0002447
2459   -0.0002442
2460   -0.0002438
2461   -0.0002434
2462   -0.0002429
2463   -0.0002425
2464    -0.000242
2465   -0.0002415
2466    -0.000241
2467   -0.0002405
2468     -0.00024
2469   -0.0002394
2470   -0.0002388
2471   -0.0002383
2472   -0.0002377
2473   -0.0002371
2474   -0.0002364
2475   -0.0002358
2476   -0.0002352
2477   -0.0002345
2478   -0.0002338
2479   -0.0002331
2480   -0.0002323
2481   -0.0002316
2482   -0.0002308
2483     -0.00023
2484   -0.0002292
2485   -0.0002284
2486   -0.0002276
2487   -0.0002267
2488   -0.0002258
2489   -0.0002249
2490    -0.000224
2491    -0.000223
2492    -0.000222
2493   -0.0002211
2494   -0.0002201
2495    -0.000219
2496    -0.000218
2497    -0.000217
2498   -0.0002159
2499   -0.0002149
2500   -0.0002138
2501   -0.0002128
2502   -0.0002117
2503   -0.0002106
2504   -0.0002096
2505   -0.0002086
2506   -0.0002075
2507   -0.0002065
2508   -0.0002055
2509   -0.0002045
2510   -0.0002035
2511   -0.0002025
2512   -0.0002016
2513   -0.0002007
2514   -0.0001998
2515   -0.0001989
2516   -0.0001981
2517   -0.0001973
2518   -0.0001965
2519   -0.0001957
2520    -0.000195
2521   -0.0001943
2522   -0.0001937
2523   -0.0001931
2524   -0.0001925
2525    -0.000192
2526   -0.0001915
2527    -0.000191
2528   -0.0001906
2529   -0.0001902
2530   -0.0001898
2531   -0.0001895
2532   -0.0001892
2533   -0.0001889
2534   -0.0001886
2535   -0.0001884
2536   -0.0001882
2537    -0.000188
2538   -0.0001878
2539   -0.0001877
2540   -0.0001875
2541   -0.0001874
2542   -0.0001873
2543   -0.0001873
2544   -0.0001872
2545   -0.0001872
2546   -0.0001872
2547   -0.0001872
2548   -0.0001872
2549   -0.0001873
2550   -0.0001873
2551   -0.0001874
2552   -0.0001875
2553   -0.0001875
2554   -0.0001876
2555   -0.0001877
2556   -0.0001879
2557    -0.000188
2558   -0.0001881
2559   -0.0001882
2560   -0.0001884
2561   -0.0001885
2562   -0.0001886
2563   -0.0001888
2564   -0.0001889
2565    -0.000189
2566   -0.0001891
2567   -0.0001893
2568   -0.0001894
2569   -0.0001895
2570   -0.0001896
2571   -0.0001897
2572   -0.0001898
2573   -0.0001898
2574   -0.0001899
2575     -0.00019
2576     -0.00019
2577     -0.00019
2578     -0.00019
2579     -0.00019
2580     -0.00019
2581   -0.0001899
2582   -0.0001899
2583   -0.0001898
2584   -0.0001897
2585   -0.0001896
2586   -0.0001895
2587   -0.0001894
2588   -0.0001893
2589   -0.0001892
2590    -0.000189
2591   -0.0001889
2592   -0.0001888
2593   -0.0001887
2594   -0.0001886
2595   -0.0001885
2596   -0.0001884
2597   -0.0001883
2598   -0.0001883
2599   -0.0001882
2600   -0.0001882
2601   -0.0001882
2602   -0.0001882
2603   -0.0001882
2604   -0.0001882
2605   -0.0001883
2606   -0.0001884
2607   -0.0001885
2608   -0.0001887
2609   -0.0001889
2610   -0.0001891
2611   -0.0001893
2612   -0.0001896
2613   -0.0001899
2614   -0.0001902
2615   -0.0001905
2616   -0.0001908
2617   -0.0001912
2618   -0.0001915
2619   -0.0001919
2620   -0.0001922
2621   -0.0001926
2622   -0.0001929
2623   -0.0001932
2624   -0.0001935
2625   -0.0001938
2626   -0.0001941
2627   -0.0001943
2628   -0.0001946
2629   -0.0001947
2630   -0.0001949
2631    -0.000195
2632   -0.0001951
2633   -0.0001951
2634   -0.0001951
2635   -0.0001951
2636   -0.0001949
2637   -0.0001948
2638   -0.0001945
2639   -0.0001943
2640   -0.0001939
2641   -0.0001935
2642    -0.000193
2643   -0.0001925
2644   -0.0001919
2645   -0.0001913
2646   -0.0001907
2647     -0.00019
2648   -0.0001893
2649   -0.0001885
2650   -0.0001877
2651   -0.0001869
2652   -0.0001861
2653   -0.0001852
2654   -0.0001844
2655   -0.0001835
2656   -0.0001826
2657   -0.0001817
2658   -0.0001808
2659   -0.0001799
2660    -0.000179
2661   -0.0001781
2662   -0.0001773
2663   -0.0001764
2664   -0.0001756
2665   -0.0001748
2666    -0.000174
2667   -0.0001732
2668   -0.0001725
2669   -0.0001718
2670   -0.0001711
2671   -0.0001705
2672   -0.0001699
2673   -0.0001693
2674   -0.0001688
2675   -0.0001683
2676   -0.0001678
2677   -0.0001673
2678   -0.0001669
2679   -0.0001664
2680    -0.000166
2681   -0.0001657
2682   -0.0001653
2683    -0.000165
2684   -0.0001646
2685   -0.0001643
2686    -0.000164
2687   -0.0001637
2688   -0.0001635
2689   -0.0001632
2690    -0.000163
2691   -0.0001627
2692   -0.0001625
2693   -0.0001623
2694    -0.000162
2695   -0.0001618
2696   -0.0001616
2697   -0.0001614
2698   -0.0001612
2699    -0.000161
2700   -0.0001607
2701   -0.0001605
2702   -0.0001603
2703   -0.0001601
2704   -0.0001599
2705   -0.0001597
2706   -0.0001594
2707   -0.0001592
2708    -0.000159
2709   -0.0001588
2710   -0.0001586
2711   -0.0001583
2712   -0.0001581
2713   -0.0001579
2714   -0.0001577
2715   -0.0001574
2716   -0.0001572
2717    -0.000157
2718   -0.0001568
2719   -0.0001565
2720   -0.0001563
2721   -0.0001561
2722   -0.0001558
2723   -0.0001556
2724   -0.0001553
2725   -0.0001551
2726   -0.0001549
2727   -0.0001546
2728   -0.0001544
2729   -0.0001541
2730   -0.0001539
2731   -0.0001536
2732   -0.0001534
2733   -0.0001531
2734   -0.0001529
2735   -0.0001527
2736   -0.0001525
2737   -0.0001522
2738    -0.000152
2739   -0.0001519
2740   -0.0001517
2741   -0.0001515
2742   -0.0001514
2743   -0.0001512
2744   -0.0001511
2745    -0.000151
2746    -0.000151
2747   -0.0001509
2748   -0.0001509
2749   -0.0001509
2750   -0.0001509
2751   -0.0001509
2752    -0.000151
2753   -0.0001511
2754   -0.0001512
2755   -0.0001514
2756   -0.0001516
2757   -0.0001518
2758   -0.0001521
2759   -0.0001524
2760   -0.0001527
2761   -0.0001531
2762   -0.0001535
2763   -0.0001539
2764   -0.0001543
2765   -0.0001547
2766   -0.0001552
2767   -0.0001557
2768   -0.0001562
2769   -0.0001567
2770   -0.0001572
2771   -0.0001577
2772   -0.0001582
2773   -0.0001587
2774   -0.0001592
2775   -0.0001597
2776   -0.0001601
2777   -0.0001606
2778   -0.0001611
2779   -0.0001615
2780   -0.0001619
2781   -0.0001623
2782   -0.0001627
2783    -0.000163
2784   -0.0001634
2785   -0.0001636
2786   -0.0001639
2787   -0.0001641
2788   -0.0001643
2789   -0.0001644
2790   -0.0001645
2791   -0.0001646
2792   -0.0001647
2793   -0.0001647
2794   -0.0001646
2795   -0.0001646
2796   -0.0001645
2797   -0.0001644
2798   -0.0001643
2799   -0.0001641
2800   -0.0001639
2801   -0.0001638
2802   -0.0001635
2803   -0.0001633
2804   -0.0001631
2805   -0.0001628
2806   -0.0001625
2807   -0.0001622
2808   -0.0001619
2809   -0.0001616
2810   -0.0001613
2811    -0.000161
2812   -0.0001606
2813   -0.0001603
2814   -0.0001599
2815   -0.0001596
2816   -0.0001592
2817   -0.0001589
2818   -0.0001585
2819   -0.0001582
2820   -0.0001579
2821   -0.0001575
2822   -0.0001572
2823   -0.0001568
2824   -0.0001565
2825   -0.0001561
2826   -0.0001558
2827   -0.0001554
2828   -0.0001551
2829   -0.0001547
2830   -0.0001544
2831    -0.000154
2832   -0.0001537
2833   -0.0001533
2834    -0.000153
2835   -0.0001526
2836   -0.0001522
2837   -0.0001519
2838   -0.0001515
2839   -0.0001511
2840   -0.0001507
2841   -0.0001504
2842     -0.00015
2843   -0.0001496
2844   -0.0001492
2845   -0.0001488
2846   -0.0001484
2847    -0.000148
2848   -0.0001476
2849   -0.0001472
2850   -0.0001468
2851   -0.0001464
2852   -0.0001459
2853   -0.0001455
2854   -0.0001451
2855   -0.0001447
2856   -0.0001442
2857   -0.0001438
2858   -0.0001434
2859    -0.000143
2860   -0.0001426
2861   -0.0001421
2862   -0.0001417
2863   -0.0001413
2864   -0.0001409
2865   -0.0001405
2866   -0.0001401
2867   -0.0001397
2868   -0.0001393
2869   -0.0001389
2870   -0.0001386
2871   -0.0001382
2872   -0.0001378
2873   -0.0001375
2874   -0.0001371
2875   -0.0001368
2876   -0.0001365
2877   -0.0001362
2878   -0.0001359
2879   -0.0001356
2880   -0.0001353
2881    -0.000135
2882   -0.0001348
2883   -0.0001345
2884   -0.0001343
2885    -0.000134
2886   -0.0001338
2887   -0.0001336
2888   -0.0001334
2889   -0.0001332
2890    -0.000133
2891   -0.0001329
2892   -0.0001327
2893   -0.0001326
2894   -0.0001324
2895   -0.0001323
2896   -0.0001322
2897   -0.0001321
2898    -0.000132
2899   -0.0001319
2900   -0.0001318
2901   -0.0001317
2902   -0.0001317
2903   -0.0001316
2904   -0.0001316
2905   -0.0001316
2906   -0.0001316
2907   -0.0001316
2908   -0.0001316
2909   -0.0001316
2910   -0.0001316
2911   -0.0001317
2912   -0.0001317
2913   -0.0001317
2914   -0.0001318
2915   -0.0001319
2916   -0.0001319
2917    -0.000132
2918   -0.0001321
2919   -0.0001322
2920   -0.0001323
2921   -0.0001324
2922   -0.0001325
2923   -0.0001326
2924   -0.0001327
2925   -0.0001328
2926   -0.0001329
2927    -0.000133
2928   -0.0001331
2929   -0.0001332
2930   -0.0001334
2931   -0.0001335
2932   -0.0001336
2933   -0.0001337
2934   -0.0001338
2935   -0.0001339
2936    -0.000134
2937   -0.0001341
2938   -0.0001342
2939   -0.0001343
2940   -0.0001344
2941   -0.0001345
2942   -0.0001345
2943   -0.0001346
2944   -0.0001347
2945   -0.0001348
2946   -0.0001348
2947   -0.0001349
2948    -0.000135
2949    -0.000135
2950   -0.0001351
2951   -0.0001351
2952   -0.0001351
2953   -0.0001352
2954   -0.0001352
2955   -0.0001353
2956   -0.0001353
2957   -0.0001353
2958   -0.0001353
2959   -0.0001353
2960   -0.0001353
2961   -0.0001353
2962   -0.0001353
2963   -0.0001353
2964   -0.0001353
2965   -0.0001353
2966   -0.0001352
2967   -0.0001352
2968   -0.0001352
2969   -0.0001351
2970   -0.0001351
2971    -0.000135
2972    -0.000135
2973   -0.0001349
2974   -0.0001348
2975   -0.0001348
2976   -0.0001347
2977   -0.0001346
2978   -0.0001346
2979   -0.0001345
2980   -0.0001344
2981   -0.0001343
2982   -0.0001343
2983   -0.0001342
2984   -0.0001341
2985    -0.000134
2986    -0.000134
2987   -0.0001339
2988   -0.0001338
2989   -0.0001338
2990   -0.0001337
2991   -0.0001336
2992   -0.0001336
2993   -0.0001335
2994   -0.0001335
2995   -0.0001334
2996   -0.0001334
2997   -0.0001333
2998   -0.0001333
2999   -0.0001332
3000   -0.0001332
3001   -0.0001331
3002   -0.0001331
3003   -0.0001331
3004    -0.000133
3005    -0.000133
3006   -0.0001329
3007   -0.0001328
3008   -0.0001328
3009   -0.0001327
3010   -0.0001326
3011   -0.0001325
3012   -0.0001324
3013   -0.0001323
3014   -0.0001321
3015    -0.000132
3016   -0.0001318
3017   -0.0001316
3018   -0.0001315
3019   -0.0001312
3020    -0.000131
3021   -0.0001308
3022   -0.0001305
3023   -0.0001302
3024   -0.0001299
3025   -0.0001296
3026   -0.0001293
3027   -0.0001289
3028   -0.0001285
3029   -0.0001281
3030   -0.0001277
3031   -0.0001273
3032   -0.0001268
3033   -0.0001264
3034   -0.0001259
3035   -0.0001255
3036    -0.000125
3037   -0.0001245
3038    -0.000124
3039   -0.0001235
3040    -0.000123
3041   -0.0001225
3042    -0.000122
3043   -0.0001215
3044    -0.000121
3045   -0.0001205
3046     -0.00012
3047   -0.0001195
3048   -0.0001191
3049   -0.0001186
3050   -0.0001181
3051   -0.0001177
3052   -0.0001173
3053   -0.0001168
3054   -0.0001164
3055    -0.000116
3056   -0.0001157
3057   -0.0001153
3058    -0.000115
3059   -0.0001146
3060   -0.0001143
3061    -0.000114
3062   -0.0001138
3063   -0.0001135
3064   -0.0001132
3065    -0.000113
3066   -0.0001128
3067   -0.0001125
3068   -0.0001123
3069   -0.0001121
3070    -0.000112
3071   -0.0001118
3072   -0.0001116
3073   -0.0001115
3074   -0.0001113
3075   -0.0001112
3076   -0.0001111
3077    -0.000111
3078   -0.0001109
3079   -0.0001108
3080   -0.0001107
3081   -0.0001106
3082   -0.0001105
3083   -0.0001105
3084   -0.0001104
3085   -0.0001104
3086   -0.0001103
3087   -0.0001103
3088   -0.0001103
3089   -0.0001102
3090   -0.0001102
3091   -0.0001102
3092   -0.0001102
3093   -0.0001102
3094   -0.0001101
3095   -0.0001101
3096   -0.0001101
3097   -0.0001101
3098   -0.0001101
3099   -0.0001101
3100   -0.0001101
3101     -0.00011
3102     -0.00011
3103     -0.00011
3104     -0.00011
3105   -0.0001099
3106   -0.0001099
3107   -0.0001099
3108   -0.0001098
3109   -0.0001098
3110   -0.0001097
3111   -0.0001096
3112   -0.0001095
3113   -0.0001095
3114   -0.0001094
3115   -0.0001093
3116   -0.0001091
3117    -0.000109
3118   -0.0001089
3119   -0.0001088
3120   -0.0001086
3121   -0.0001085
3122   -0.0001084
3123   -0.0001082
3124   -0.0001081
3125   -0.0001079
3126   -0.0001078
3127   -0.0001077
3128   -0.0001075
3129   -0.0001074
3130   -0.0001073
3131   -0.0001071
3132    -0.000107
3133   -0.0001069
3134   -0.0001068
3135   -0.0001067
3136   -0.0001067
3137   -0.0001066
3138   -0.0001065
3139   -0.0001065
3140   -0.0001065
3141   -0.0001064
3142   -0.0001064
3143   -0.0001065
3144   -0.0001065
3145   -0.0001065
3146   -0.0001066
3147   -0.0001067
3148   -0.0001068
3149   -0.0001069
3150    -0.000107
3151   -0.0001071
3152   -0.0001072
3153   -0.0001073
3154   -0.0001075
3155   -0.0001076
3156   -0.0001077
3157   -0.0001078
3158   -0.0001079
3159   -0.0001081
3160   -0.0001082
3161   -0.0001082
3162   -0.0001083
3163   -0.0001084
3164   -0.0001085
3165   -0.0001085
3166   -0.0001085
3167   -0.0001085
3168   -0.0001085
3169   -0.0001085
3170   -0.0001084
3171   -0.0001083
3172   -0.0001082
3173   -0.0001081
3174   -0.0001079
3175   -0.0001077
3176   -0.0001075
3177   -0.0001073
3178    -0.000107
3179   -0.0001067
3180   -0.0001064
3181   -0.0001061
3182   -0.0001057
3183   -0.0001053
3184    -0.000105
3185   -0.0001046
3186   -0.0001042
3187   -0.0001037
3188   -0.0001033
3189   -0.0001029
3190   -0.0001024
3191    -0.000102
3192   -0.0001015
3193    -0.000101
3194   -0.0001005
3195   -0.0001001
3196   -9.959e-05
3197   -9.911e-05
3198   -9.863e-05
3199   -9.816e-05
3200   -9.769e-05
3201   -9.722e-05
3202   -9.676e-05
3203   -9.631e-05
3204   -9.587e-05
3205   -9.544e-05
3206     -9.5e-05
3207   -9.458e-05
3208   -9.417e-05
3209   -9.376e-05
3210   -9.336e-05
3211   -9.296e-05
3212   -9.257e-05
3213   -9.219e-05
3214   -9.181e-05
3215   -9.144e-05
3216   -9.107e-05
3217    -9.07e-05
3218   -9.035e-05
3219       -9e-05
3220   -8.965e-05
3221    -8.93e-05
3222   -8.896e-05
3223   -8.862e-05
3224   -8.828e-05
3225   -8.795e-05
3226   -8.762e-05
3227    -8.73e-05
3228   -8.697e-05
3229   -8.665e-05
3230   -8.633e-05
3231   -8.601e-05
3232   -8.569e-05
3233   -8.538e-05
3234   -8.506e-05
3235   -8.475e-05
3236   -8.444e-05
3237   -8.413e-05
3238   -8.382e-05
3239   -8.351e-05
3240   -8.321e-05
3241    -8.29e-05
3242    -8.26e-05
3243   -8.229e-05
3244   -8.199e-05
3245   -8.169e-05
3246   -8.139e-05
3247   -8.109e-05
3248   -8.079e-05
3249    -8.05e-05
3250    -8.02e-05
3251   -7.991e-05
3252   -7.961e-05
3253   -7.932e-05
3254   -7.903e-05
3255   -7.874e-05
3256   -7.844e-05
3257   -7.815e-05
3258   -7.787e-05
3259   -7.758e-05
3260   -7.729e-05
3261     -7.7e-05
3262   -7.672e-05
3263   -7.643e-05
3264   -7.615e-05
3265   -7.587e-05
3266   -7.559e-05
3267   -7.531e-05
3268   -7.504e-05
3269   -7.477e-05
3270    -7.45e-05
3271   -7.423e-05
3272   -7.397e-05
3273   -7.371e-05
3274   -7.346e-05
3275   -7.322e-05
3276   -7.298e-05
3277   -7.274e-05
3278   -7.251e-05
3279   -7.229e-05
3280   -7.208e-05
3281   -7.187e-05
3282   -7.167e-05
3283   -7.148e-05
3284    -7.13e-05
3285   -7.112e-05
3286   -7.096e-05
3287   -7.081e-05
3288   -7.066e-05
3289   -7.053e-05
3290    -7.04e-05
3291   -7.029e-05
3292   -7.019e-05
3293    -7.01e-05
3294   -7.002e-05
3295   -6.995e-05
3296   -6.988e-05
3297   -6.983e-05
3298   -6.978e-05
3299   -6.974e-05
3300    -6.97e-05
3301   -6.967e-05
3302   -6.964e-05
3303   -6.961e-05
3304   -6.958e-05
3305   -6.955e-05
3306   -6.952e-05
3307    -6.95e-05
3308   -6.946e-05
3309   -6.943e-05
3310   -6.939e-05
3311   -6.935e-05
3312    -6.93e-05
3313   -6.924e-05
3314   -6.918e-05
3315    -6.91e-05
3316   -6.902e-05
3317   -6.893e-05
3318   -6.883e-05
3319   -6.871e-05
3320   -6.858e-05
3321   -6.844e-05
3322   -6.828e-05
3323   -6.811e-05
3324   -6.792e-05
3325   -6.772e-05
3326   -6.751e-05
3327   -6.728e-05
3328   -6.705e-05
3329    -6.68e-05
3330   -6.655e-05
3331   -6.628e-05
3332     -6.6e-05
3333   -6.572e-05
3334   -6.543e-05
3335   -6.513e-05
3336   -6.482e-05
3337   -6.451e-05
3338   -6.419e-05
3339   -6.387e-05
3340   -6.354e-05
3341   -6.321e-05
3342   -6.287e-05
3343   -6.254e-05
3344    -6.22e-05
3345   -6.185e-05
3346   -6.151e-05
3347   -6.117e-05
3348   -6.083e-05
3349   -6.049e-05
3350   -6.015e-05
3351   -5.981e-05
3352   -5.948e-05
3353   -5.914e-05
3354   -5.881e-05
3355   -5.848e-05
3356   -5.815e-05
3357   -5.783e-05
3358   -5.751e-05
3359   -5.718e-05
3360   -5.686e-05
3361   -5.654e-05
3362   -5.622e-05
3363    -5.59e-05
3364   -5.558e-05
3365   -5.526e-05
3366   -5.494e-05
3367   -5.462e-05
3368   -5.431e-05
3369   -5.399e-05
3370   -5.367e-05
3371   -5.334e-05
3372   -5.302e-05
3373    -5.27e-05
3374   -5.238e-05
3375   -5.205e-05
3376   -5.172e-05
3377   -5.139e-05
3378   -5.106e-05
3379   -5.073e-05
3380   -5.039e-05
3381   -5.005e-05
3382   -4.971e-05
3383   -4.937e-05
3384   -4.902e-05
3385   -4.868e-05
3386   -4.833e-05
3387   -4.798e-05
3388   -4.763e-05
3389   -4.728e-05
3390   -4.692e-05
3391   -4.657e-05
3392   -4.621e-05
3393   -4.586e-05
3394    -4.55e-05
3395   -4.515e-05
3396   -4.479e-05
3397   -4.444e-05
3398   -4.408e-05
3399   -4.374e-05
3400   -4.338e-05
3401   -4.303e-05
3402   -4.268e-05
3403   -4.234e-05
3404   -4.199e-05
3405   -4.165e-05
3406   -4.131e-05
3407   -4.097e-05
3408   -4.064e-05
3409    -4.03e-05
3410   -3.997e-05
3411   -3.965e-05
3412   -3.933e-05
3413   -3.901e-05
3414   -3.869e-05
3415   -3.838e-05
3416   -3.807e-05
3417   -3.776e-05
3418   -3.746e-05
3419   -3.716e-05
3420   -3.687e-05
3421   -3.657e-05
3422   -3.629e-05
3423     -3.6e-05
3424   -3.572e-05
3425   -3.544e-05
3426   -3.517e-05
3427    -3.49e-05
3428   -3.463e-05
3429   -3.437e-05
3430   -3.411e-05
3431   -3.385e-05
3432    -3.36e-05
3433   -3.335e-05
3434   -3.311e-05
3435   -3.286e-05
3436   -3.263e-05
3437   -3.239e-05
3438   -3.216e-05
3439   -3.194e-05
3440   -3.171e-05
3441    -3.15e-05
3442   -3.128e-05
3443   -3.107e-05
3444   -3.086e-05
3445   -3.066e-05
3446   -3.046e-05
3447   -3.026e-05
3448   -3.006e-05
3449   -2.987e-05
3450   -2.968e-05
3451   -2.949e-05
3452    -2.93e-05
3453   -2.912e-05
3454   -2.893e-05
3455   -2.875e-05
3456   -2.857e-05
3457    -2.84e-05
3458   -2.822e-05
3459   -2.804e-05
3460   -2.787e-05
3461    -2.77e-05
3462   -2.752e-05
3463   -2.735e-05
3464   -2.718e-05
3465   -2.701e-05
3466   -2.684e-05
3467   -2.666e-05
3468   -2.649e-05
3469   -2.632e-05
3470   -2.615e-05
3471   -2.598e-05
3472    -2.58e-05
3473   -2.563e-05
3474   -2.545e-05
3475   -2.528e-05
3476    -2.51e-05
3477   -2.493e-05
3478   -2.475e-05
3479   -2.458e-05
3480    -2.44e-05
3481   -2.422e-05
3482   -2.404e-05
3483   -2.386e-05
3484   -2.369e-05
3485   -2.351e-05
3486   -2.333e-05
3487   -2.315e-05
3488   -2.297e-05
3489   -2.279e-05
3490   -2.261e-05
3491   -2.242e-05
3492   -2.224e-05
3493   -2.206e-05
3494   -2.188e-05
3495    -2.17e-05
3496   -2.151e-05
3497   -2.133e-05
3498   -2.115e-05
3499   -2.097e-05
3500   -2.078e-05
3501    -2.06e-05
3502   -2.042e-05
3503   -2.023e-05
3504   -2.005e-05
3505   -1.987e-05
3506   -1.968e-05
3507    -1.95e-05
3508   -1.932e-05
3509   -1.914e-05
3510   -1.896e-05
3511   -1.878e-05
3512    -1.86e-05
3513   -1.842e-05
3514   -1.825e-05
3515   -1.807e-05
3516    -1.79e-05
3517   -1.772e-05
3518   -1.755e-05
3519   -1.738e-05
3520   -1.721e-05
3521   -1.704e-05
3522   -1.688e-05
3523   -1.671e-05
3524   -1.655e-05
3525   -1.639e-05
3526   -1.623e-05
3527   -1.608e-05
3528   -1.592e-05
3529   -1.577e-05
3530   -1.562e-05
3531   -1.547e-05
3532   -1.533e-05
3533   -1.519e-05
3534   -1.505e-05
3535   -1.491e-05
3536   -1.477e-05
3537   -1.463e-05
3538    -1.45e-05
3539   -1.436e-05
3540   -1.423e-05
3541    -1.41e-05
3542   -1.397e-05
3543   -1.384e-05
3544   -1.371e-05
3545   -1.358e-05
3546   -1.345e-05
3547   -1.332e-05
3548    -1.32e-05
3549   -1.307e-05
3550   -1.294e-05
3551   -1.281e-05
3552   -1.268e-05
3553   -1.255e-05
3554   -1.242e-05
3555   -1.229e-05
3556   -1.216e-05
3557   -1.202e-05
3558   -1.189e-05
3559   -1.175e-05
3560   -1.162e-05
3561   -1.148e-05
3562   -1.134e-05
3563    -1.12e-05
3564   -1.106e-05
3565   -1.091e-05
3566   -1.077e-05
3567   -1.063e-05
3568   -1.048e-05
3569   -1.034e-05
3570    -1.02e-05
3571   -1.005e-05
3572   -9.912e-06
3573   -9.769e-06
3574   -9.627e-06
3575   -9.486e-06
3576   -9.345e-06
3577   -9.206e-06
3578   -9.067e-06
3579    -8.93e-06
3580   -8.793e-06
3581   -8.659e-06
3582   -8.526e-06
3583   -8.394e-06
3584   -8.265e-06
3585   -8.138e-06
3586   -8.012e-06
3587   -7.889e-06
3588   -7.768e-06
3589    -7.65e-06
3590   -7.535e-06
3591   -7.421e-06
3592   -7.311e-06
3593   -7.202e-06
3594   -7.096e-06
3595   -6.992e-06
3596   -6.891e-06
3597   -6.792e-06
3598   -6.694e-06
3599   -6.599e-06
3600   -6.506e-06
3601   -6.415e-06
3602   -6.325e-06
3603   -6.238e-06
3604   -6.152e-06
3605   -6.068e-06
3606   -5.986e-06
3607   -5.905e-06
3608   -5.826e-06
3609   -5.749e-06
3610   -5.672e-06
3611   -5.598e-06
3612   -5.524e-06
3613   -5.452e-06
3614   -5.382e-06
3615   -5.313e-06
3616   -5.244e-06
3617   -5.177e-06
3618   -5.111e-06
3619   -5.046e-06
3620   -4.981e-06
3621   -4.918e-06
3622   -4.856e-06
3623   -4.795e-06
3624   -4.734e-06
3625   -4.674e-06
3626   -4.616e-06
3627   -4.558e-06
3628     -4.5e-06
3629   -4.444e-06
3630   -4.388e-06
3631   -4.333e-06
3632   -4.279e-06
3633   -4.225e-06
3634   -4.171e-06
3635   -4.119e-06
3636   -4.067e-06
3637   -4.015e-06
3638   -3.964e-06
3639   -3.914e-06
3640   -3.864e-06
3641   -3.814e-06
3642   -3.765e-06
3643   -3.716e-06
3644   -3.668e-06
3645   -3.619e-06
3646   -3.571e-06
3647   -3.524e-06
3648   -3.476e-06
3649   -3.429e-06
3650   -3.382e-06
3651   -3.336e-06
3652   -3.289e-06
3653   -3.243e-06
3654   -3.197e-06
3655   -3.152e-06
3656   -3.107e-06
3657   -3.062e-06
3658   -3.018e-06
3659   -2.974e-06
3660    -2.93e-06
3661   -2.887e-06
3662   -2.844e-06
3663   -2.802e-06
3664   -2.761e-06
3665   -2.719e-06
3666   -2.679e-06
3667   -2.638e-06
3668   -2.599e-06
3669    -2.56e-06
3670   -2.521e-06
3671   -2.483e-06
3672   -2.446e-06
3673   -2.409e-06
3674   -2.373e-06
3675   -2.337e-06
3676   -2.303e-06
3677   -2.269e-06
3678   -2.235e-06
3679   -2.203e-06
3680   -2.171e-06
3681   -2.139e-06
3682   -2.108e-06
3683   -2.078e-06
3684   -2.049e-06
3685    -2.02e-06
3686   -1.991e-06
3687   -1.963e-06
3688   -1.936e-06
3689   -1.909e-06
3690   -1.882e-06
3691   -1.856e-06
3692    -1.83e-06
3693   -1.804e-06
3694   -1.779e-06
3695   -1.754e-06
3696   -1.729e-06
3697   -1.705e-06
3698   -1.681e-06
3699   -1.656e-06
3700   -1.633e-06
3701   -1.609e-06
3702   -1.585e-06
3703   -1.562e-06
3704   -1.538e-06
3705   -1.515e-06
3706   -1.492e-06
3707   -1.468e-06
3708   -1.445e-06
3709   -1.421e-06
3710   -1.398e-06
3711   -1.375e-06
3712   -1.351e-06
3713   -1.328e-06
3714   -1.305e-06
3715   -1.281e-06
3716   -1.258e-06
3717   -1.235e-06
3718   -1.212e-06
3719    -1.19e-06
3720   -1.167e-06
3721   -1.144e-06
3722   -1.122e-06
3723     -1.1e-06
3724   -1.078e-06
3725   -1.056e-06
3726   -1.035e-06
3727   -1.014e-06
3728   -9.929e-07
3729   -9.722e-07
3730   -9.519e-07
3731   -9.318e-07
3732   -9.121e-07
3733   -8.927e-07
3734   -8.736e-07
3735   -8.549e-07
3736   -8.366e-07
3737   -8.187e-07
3738   -8.012e-07
3739   -7.841e-07
3740   -7.674e-07
3741   -7.511e-07
3742   -7.351e-07
3743   -7.195e-07
3744   -7.042e-07
3745   -6.893e-07
3746   -6.747e-07
3747   -6.605e-07
3748   -6.465e-07
3749   -6.329e-07
3750   -6.196e-07
3751   -6.066e-07
