  353   -0.10000E-03
  354   -0.10000E-03
  355   -0.10000E-03
  356   -0.10000E-03
  357   -0.10000E-03
  358   -0.10000E-03
  359   -0.10000E-03
  360   -0.10000E-03
  361   -0.10000E-03
  362   -0.10000E-03
  363   -0.10000E-03
  401    0.10000E-03
  402    0.10000E-03
  403    0.10000E-03
  404    0.10000E-03
  405    0.10000E-03
  406    0.10000E-03
  407    0.10000E-03
  408    0.10000E-03
  409    0.10000E-03
  410    0.10000E-03
  411    0.10000E-03
  412    0.10000E-03
  413    0.10000E-03
  414    0.10000E-03
  415    0.10000E-03
  416    0.10000E-03
  417    0.10000E-03
  418    0.10000E-03
  419    0.10000E-03
  420    0.10000E-03
  421    0.10000E-03
  422    0.10000E-03
  423    0.10000E-03
  424    0.10000E-03
  425    0.10000E-03
  426    0.10000E-03
  427    0.10000E-03
  428    0.10000E-03
  429    0.10000E-03
  430    0.10000E-03
  431    0.10000E-03
  432    0.10000E-03
  433    0.10000E-03
  434    0.10000E-03
  435    0.10000E-03
  436    0.10000E-03
  437    0.10000E-03
  438    0.10000E-03
  439    0.10000E-03
  440    0.10000E-03
  441    0.10000E-03
  442    0.10000E-03
  443    0.10000E-03
  444    0.10000E-03
  445    0.10000E-03
  446    0.10000E-03
  447    0.10000E-03
  448    0.10000E-03
  449    0.10000E-03
  450    0.10000E-03
  451    0.10000E-03
  452    0.10000E-03
  453    0.10000E-03
  454    0.10000E-03
  481   -0.10000E-03
  482   -0.10000E-03
  483   -0.10000E-03
  484   -0.10000E-03
  485   -0.10000E-03
  486   -0.10000E-03
  487   -0.10000E-03
  488   -0.10000E-03
  489   -0.10000E-03
  490   -0.10000E-03
  491   -0.10000E-03
  492   -0.10000E-03
  493   -0.10000E-03
  494   -0.10000E-03
  495   -0.10000E-03
  496   -0.10000E-03
  497   -0.10000E-03
  498   -0.10000E-03
  499   -0.10000E-03
  500   -0.10000E-03
  501   -0.10000E-03
  502   -0.10000E-03
  503   -0.10000E-03
  504   -0.10000E-03
  505   -0.20000E-03
  506   -0.20000E-03
  507   -0.20000E-03
  508   -0.20000E-03
  509   -0.20000E-03
  510   -0.20000E-03
  511   -0.20000E-03
  512   -0.20000E-03
  513   -0.20000E-03
  514   -0.20000E-03
  515   -0.20000E-03
  516   -0.20000E-03
  517   -0.20000E-03
  518   -0.20000E-03
  519   -0.20000E-03
  520   -0.20000E-03
  521   -0.20000E-03
  522   -0.20000E-03
  523   -0.20000E-03
  524   -0.20000E-03
  525   -0.20000E-03
  526   -0.20000E-03
  527   -0.20000E-03
  528   -0.20000E-03
  529   -0.20000E-03
  530   -0.20000E-03
  531   -0.20000E-03
  532   -0.20000E-03
  533   -0.20000E-03
  534   -0.20000E-03
  535   -0.20000E-03
  536   -0.20000E-03
  537   -0.20000E-03
  538   -0.20000E-03
  539   -0.20000E-03
  540   -0.20000E-03
  541   -0.20000E-03
  542   -0.20000E-03
  543   -0.20000E-03
  544   -0.20000E-03
  545   -0.20000E-03
  546   -0.20000E-03
  547   -0.20000E-03
  548   -0.20000E-03
  549   -0.10000E-03
  550   -0.10000E-03
  551   -0.10000E-03
  552   -0.10000E-03
  553   -0.10000E-03
  554   -0.10000E-03
  555   -0.10000E-03
  556   -0.10000E-03
  557   -0.10000E-03
  558   -0.10000E-03
  559   -0.10000E-03
  568    0.10000E-03
  569    0.10000E-03
  570    0.10000E-03
  571    0.10000E-03
  572    0.10000E-03
  573    0.10000E-03
  574    0.20000E-03
  575    0.20000E-03
  576    0.20000E-03
  577    0.20000E-03
  578    0.20000E-03
  579    0.30000E-03
  580    0.30000E-03
  581    0.30000E-03
  582    0.30000E-03
  583    0.30000E-03
  584    0.40000E-03
  585    0.40000E-03
  586    0.40000E-03
  587    0.40000E-03
  588    0.50000E-03
  589    0.50000E-03
  590    0.50000E-03
  591    0.50000E-03
  592    0.50000E-03
  593    0.60000E-03
  594    0.60000E-03
  595    0.60000E-03
  596    0.60000E-03
  597    0.60000E-03
  598    0.70000E-03
  599    0.70000E-03
  600    0.70000E-03
  601    0.70000E-03
  602    0.70000E-03
  603    0.80000E-03
  604    0.80000E-03
  605    0.80000E-03
  606    0.80000E-03
  607    0.80000E-03
  608    0.80000E-03
  609    0.90000E-03
  610    0.90000E-03
  611    0.90000E-03
  612    0.90000E-03
  613    0.90000E-03
  614    0.90000E-03
  615    0.90000E-03
  616    0.90000E-03
  617    0.90000E-03
  618    0.90000E-03
  619    0.90000E-03
  620    0.90000E-03
  621    0.90000E-03
  622    0.90000E-03
  623    0.90000E-03
  624    0.90000E-03
  625    0.90000E-03
  626    0.90000E-03
  627    0.90000E-03
  628    0.90000E-03
  629    0.80000E-03
  630    0.80000E-03
  631    0.80000E-03
  632    0.80000E-03
  633    0.80000E-03
  634    0.70000E-03
  635    0.70000E-03
  636    0.70000E-03
  637    0.60000E-03
  638    0.60000E-03
  639    0.60000E-03
  640    0.50000E-03
  641    0.50000E-03
  642    0.50000E-03
  643    0.40000E-03
  644    0.40000E-03
  645    0.30000E-03
  646    0.30000E-03
  647    0.20000E-03
  648    0.20000E-03
  649    0.10000E-03
  650    0.10000E-03
  652   -0.10000E-03
  653   -0.10000E-03
  654   -0.20000E-03
  655   -0.30000E-03
  656   -0.30000E-03
  657   -0.40000E-03
  658   -0.50000E-03
  659   -0.50000E-03
  660   -0.60000E-03
  661   -0.70000E-03
  662   -0.80000E-03
  663   -0.80000E-03
  664   -0.90000E-03
  665   -0.10000E-02
  666   -0.11000E-02
  667   -0.12000E-02
  668   -0.12000E-02
  669   -0.13000E-02
  670   -0.14000E-02
  671   -0.15000E-02
  672   -0.16000E-02
  673   -0.16000E-02
  674   -0.17000E-02
  675   -0.18000E-02
  676   -0.19000E-02
  677   -0.19000E-02
  678   -0.20000E-02
  679   -0.21000E-02
  680   -0.22000E-02
  681   -0.22000E-02
  682   -0.23000E-02
  683   -0.24000E-02
  684   -0.24000E-02
  685   -0.25000E-02
  686   -0.26000E-02
  687   -0.26000E-02
  688   -0.27000E-02
  689   -0.27000E-02
  690   -0.28000E-02
  691   -0.28000E-02
  692   -0.29000E-02
  693   -0.29000E-02
  694   -0.30000E-02
  695   -0.30000E-02
  696   -0.30000E-02
  697   -0.31000E-02
  698   -0.31000E-02
  699   -0.31000E-02
  700   -0.31000E-02
  701   -0.31000E-02
  702   -0.31000E-02
  703   -0.31000E-02
  704   -0.31000E-02
  705   -0.31000E-02
  706   -0.31000E-02
  707   -0.31000E-02
  708   -0.30000E-02
  709   -0.30000E-02
  710   -0.30000E-02
  711   -0.29000E-02
  712   -0.29000E-02
  713   -0.28000E-02
  714   -0.28000E-02
  715   -0.27000E-02
  716   -0.26000E-02
  717   -0.26000E-02
  718   -0.25000E-02
  719   -0.24000E-02
  720   -0.23000E-02
  721   -0.22000E-02
  722   -0.21000E-02
  723   -0.20000E-02
  724   -0.19000E-02
  725   -0.17000E-02
  726   -0.16000E-02
  727   -0.15000E-02
  728   -0.14000E-02
  729   -0.12000E-02
  730   -0.11000E-02
  731   -0.90000E-03
  732   -0.80000E-03
  733   -0.60000E-03
  734   -0.40000E-03
  735   -0.30000E-03
  736   -0.10000E-03
  737    0.10000E-03
  738    0.20000E-03
  739    0.40000E-03
  740    0.60000E-03
  741    0.80000E-03
  742    0.10000E-02
  743    0.12000E-02
  744    0.14000E-02
  745    0.16000E-02
  746    0.18000E-02
  747    0.20000E-02
  748    0.22000E-02
  749    0.24000E-02
  750    0.26000E-02
  751    0.28000E-02
  752    0.30000E-02
  753    0.32000E-02
  754    0.34000E-02
  755    0.37000E-02
  756    0.39000E-02
  757    0.41000E-02
  758    0.43000E-02
  759    0.45000E-02
  760    0.47000E-02
  761    0.49000E-02
  762    0.51000E-02
  763    0.53000E-02
  764    0.55000E-02
  765    0.57000E-02
  766    0.59000E-02
  767    0.61000E-02
  768    0.62000E-02
  769    0.64000E-02
  770    0.66000E-02
  771    0.68000E-02
  772    0.70000E-02
  773    0.71000E-02
  774    0.73000E-02
  775    0.75000E-02
  776    0.76000E-02
  777    0.78000E-02
  778    0.79000E-02
  779    0.81000E-02
  780    0.82000E-02
  781    0.83000E-02
  782    0.85000E-02
  783    0.86000E-02
  784    0.87000E-02
  785    0.88000E-02
  786    0.89000E-02
  787    0.90000E-02
  788    0.91000E-02
  789    0.92000E-02
  790    0.93000E-02
  791    0.94000E-02
  792    0.95000E-02
  793    0.95000E-02
  794    0.96000E-02
  795    0.97000E-02
  796    0.97000E-02
  797    0.98000E-02
  798    0.98000E-02
  799    0.99000E-02
  800    0.99000E-02
  801    0.99000E-02
  802    0.10000E-01
  803    0.10000E-01
  804    0.10000E-01
  805    0.10000E-01
  806    0.10000E-01
  807    0.10000E-01
  808    0.10000E-01
  809    0.10000E-01
  810    0.10000E-01
  811    0.10000E-01
  812    0.10000E-01
  813    0.10000E-01
  814    0.99000E-02
  815    0.99000E-02
  816    0.99000E-02
  817    0.98000E-02
  818    0.98000E-02
  819    0.98000E-02
  820    0.97000E-02
  821    0.97000E-02
  822    0.96000E-02
  823    0.96000E-02
  824    0.95000E-02
  825    0.94000E-02
  826    0.94000E-02
  827    0.93000E-02
  828    0.92000E-02
  829    0.92000E-02
  830    0.91000E-02
  831    0.90000E-02
  832    0.89000E-02
  833    0.89000E-02
  834    0.88000E-02
  835    0.87000E-02
  836    0.86000E-02
  837    0.85000E-02
  838    0.84000E-02
  839    0.84000E-02
  840    0.83000E-02
  841    0.82000E-02
  842    0.81000E-02
  843    0.80000E-02
  844    0.79000E-02
  845    0.78000E-02
  846    0.77000E-02
  847    0.76000E-02
  848    0.75000E-02
  849    0.74000E-02
  850    0.73000E-02
  851    0.72000E-02
  852    0.71000E-02
  853    0.70000E-02
  854    0.69000E-02
  855    0.68000E-02
  856    0.67000E-02
  857    0.66000E-02
  858    0.65000E-02
  859    0.64000E-02
  860    0.63000E-02
  861    0.62000E-02
  862    0.61000E-02
  863    0.60000E-02
  864    0.59000E-02
  865    0.58000E-02
  866    0.57000E-02
  867    0.55000E-02
  868    0.54000E-02
  869    0.53000E-02
  870    0.52000E-02
  871    0.51000E-02
  872    0.50000E-02
  873    0.49000E-02
  874    0.48000E-02
  875    0.47000E-02
  876    0.46000E-02
  877    0.45000E-02
  878    0.44000E-02
  879    0.43000E-02
  880    0.42000E-02
  881    0.41000E-02
  882    0.40000E-02
  883    0.39000E-02
  884    0.38000E-02
  885    0.37000E-02
  886    0.36000E-02
  887    0.36000E-02
  888    0.35000E-02
  889    0.34000E-02
  890    0.33000E-02
  891    0.32000E-02
  892    0.31000E-02
  893    0.30000E-02
  894    0.29000E-02
  895    0.29000E-02
  896    0.28000E-02
  897    0.27000E-02
  898    0.26000E-02
  899    0.25000E-02
  900    0.25000E-02
  901    0.24000E-02
  902    0.23000E-02
  903    0.22000E-02
  904    0.22000E-02
  905    0.21000E-02
  906    0.20000E-02
  907    0.20000E-02
  908    0.19000E-02
  909    0.18000E-02
  910    0.18000E-02
  911    0.17000E-02
  912    0.16000E-02
  913    0.16000E-02
  914    0.15000E-02
  915    0.15000E-02
  916    0.14000E-02
  917    0.14000E-02
  918    0.13000E-02
  919    0.12000E-02
  920    0.12000E-02
  921    0.11000E-02
  922    0.11000E-02
  923    0.11000E-02
  924    0.10000E-02
  925    0.10000E-02
  926    0.90000E-03
  927    0.90000E-03
  928    0.80000E-03
  929    0.80000E-03
  930    0.80000E-03
  931    0.70000E-03
  932    0.70000E-03
  933    0.70000E-03
  934    0.60000E-03
  935    0.60000E-03
  936    0.60000E-03
  937    0.50000E-03
  938    0.50000E-03
  939    0.50000E-03
  940    0.50000E-03
  941    0.40000E-03
  942    0.40000E-03
  943    0.40000E-03
  944    0.40000E-03
  945    0.40000E-03
  946    0.30000E-03
  947    0.30000E-03
  948    0.30000E-03
  949    0.30000E-03
  950    0.30000E-03
  951    0.20000E-03
  952    0.20000E-03
  953    0.20000E-03
  954    0.20000E-03
  955    0.20000E-03
  956    0.20000E-03
  957    0.20000E-03
  958    0.20000E-03
  959    0.10000E-03
  960    0.10000E-03
  961    0.10000E-03
  962    0.10000E-03
  963    0.10000E-03
  964    0.10000E-03
  965    0.10000E-03
  966    0.10000E-03
  967    0.10000E-03
  968    0.10000E-03
  969    0.10000E-03
  970    0.10000E-03
  971    0.10000E-03
  972    0.10000E-03
  973    0.10000E-03
