  724    0.10000E-03
  725    0.10000E-03
  726    0.10000E-03
  727    0.10000E-03
  728    0.20000E-03
  729    0.20000E-03
  730    0.30000E-03
  731    0.30000E-03
  732    0.40000E-03
  733    0.50000E-03
  734    0.60000E-03
  735    0.80000E-03
  736    0.10000E-02
  737    0.12000E-02
  738    0.15000E-02
  739    0.18000E-02
  740    0.22000E-02
  741    0.27000E-02
  742    0.33000E-02
  743    0.41000E-02
  744    0.49000E-02
  745    0.59000E-02
  746    0.71000E-02
  747    0.85000E-02
  748    0.10100E-01
  749    0.12100E-01
  750    0.14300E-01
  751    0.16900E-01
  752    0.19900E-01
  753    0.23300E-01
  754    0.27300E-01
  755    0.31800E-01
  756    0.36900E-01
  757    0.42700E-01
  758    0.49300E-01
  759    0.56700E-01
  760    0.65000E-01
  761    0.74300E-01
  762    0.84600E-01
  763    0.96100E-01
  764    0.10870E+00
  765    0.12250E+00
  766    0.13770E+00
  767    0.15420E+00
  768    0.17210E+00
  769    0.19150E+00
  770    0.21230E+00
  771    0.23460E+00
  772    0.25840E+00
  773    0.28370E+00
  774    0.31040E+00
  775    0.33850E+00
  776    0.36790E+00
  777    0.39850E+00
  778    0.43020E+00
  779    0.46300E+00
  780    0.49650E+00
  781    0.53070E+00
  782    0.56540E+00
  783    0.60040E+00
  784    0.63540E+00
  785    0.67020E+00
  786    0.70450E+00
  787    0.73810E+00
  788    0.77080E+00
  789    0.80230E+00
  790    0.83220E+00
  791    0.86040E+00
  792    0.88660E+00
  793    0.91050E+00
  794    0.93200E+00
  795    0.95090E+00
  796    0.96680E+00
  797    0.97980E+00
  798    0.98960E+00
  799    0.99630E+00
  800    0.99960E+00
  801    0.99960E+00
  802    0.99630E+00
  803    0.98960E+00
  804    0.97980E+00
  805    0.96680E+00
  806    0.95090E+00
  807    0.93200E+00
  808    0.91050E+00
  809    0.88660E+00
  810    0.86040E+00
  811    0.83220E+00
  812    0.80230E+00
  813    0.77080E+00
  814    0.73810E+00
  815    0.70450E+00
  816    0.67020E+00
  817    0.63540E+00
  818    0.60040E+00
  819    0.56540E+00
  820    0.53070E+00
  821    0.49650E+00
  822    0.46300E+00
  823    0.43020E+00
  824    0.39850E+00
  825    0.36790E+00
  826    0.33850E+00
  827    0.31040E+00
  828    0.28370E+00
  829    0.25840E+00
  830    0.23460E+00
  831    0.21230E+00
  832    0.19150E+00
  833    0.17210E+00
  834    0.15420E+00
  835    0.13770E+00
  836    0.12250E+00
  837    0.10870E+00
  838    0.96100E-01
  839    0.84600E-01
  840    0.74300E-01
  841    0.65000E-01
  842    0.56700E-01
  843    0.49300E-01
  844    0.42700E-01
  845    0.36900E-01
  846    0.31800E-01
  847    0.27300E-01
  848    0.23300E-01
  849    0.19900E-01
  850    0.16900E-01
  851    0.14300E-01
  852    0.12100E-01
  853    0.10100E-01
  854    0.85000E-02
  855    0.71000E-02
  856    0.59000E-02
  857    0.49000E-02
  858    0.41000E-02
  859    0.33000E-02
  860    0.27000E-02
  861    0.22000E-02
  862    0.18000E-02
  863    0.15000E-02
  864    0.12000E-02
  865    0.10000E-02
  866    0.80000E-03
  867    0.60000E-03
  868    0.50000E-03
  869    0.40000E-03
  870    0.30000E-03
  871    0.30000E-03
  872    0.20000E-03
  873    0.20000E-03
  874    0.10000E-03
  875    0.10000E-03
  876    0.10000E-03
  877    0.10000E-03
