  937    0.10000E+01
  938    0.10000E+01
  939    0.10000E+01
  940    0.10000E+01
  941    0.10000E+01
  942    0.10000E+01
  943    0.10000E+01
  944    0.10000E+01
  945    0.10000E+01
  946    0.10000E+01
  947    0.10000E+01
  948    0.10000E+01
  949    0.10000E+01
  950    0.10000E+01
  951    0.10000E+01
  952    0.10000E+01
  953    0.10000E+01
  954    0.10000E+01
  955    0.10000E+01
  956    0.10000E+01
  957    0.10000E+01
  958    0.10000E+01
  959    0.10000E+01
  960    0.10000E+01
  961    0.10000E+01
  962    0.10000E+01
  963    0.10000E+01
  964    0.10000E+01
  965    0.10000E+01
  966    0.10000E+01
  967    0.10000E+01
  968    0.10000E+01
  969    0.10000E+01
  970    0.10000E+01
  971    0.10000E+01
  972    0.10000E+01
  973    0.10000E+01
  974    0.10000E+01
  975    0.10000E+01
  976    0.10000E+01
  977    0.10000E+01
  978    0.10000E+01
  979    0.10000E+01
  980    0.10000E+01
  981    0.10000E+01
  982    0.10000E+01
  983    0.10000E+01
  984    0.10000E+01
  985    0.10000E+01
  986    0.10000E+01
  987    0.10000E+01
  988    0.10000E+01
  989    0.10000E+01
  990    0.10000E+01
  991    0.10000E+01
  992    0.10000E+01
  993    0.10000E+01
  994    0.10000E+01
  995    0.10000E+01
  996    0.10000E+01
  997    0.10000E+01
  998    0.10000E+01
  999    0.10000E+01
 1000    0.10000E+01
 1001    0.10000E+01
 1002    0.10000E+01
 1003    0.10000E+01
 1004    0.10000E+01
 1005    0.10000E+01
 1006    0.10000E+01
 1007    0.10000E+01
 1008    0.10000E+01
 1009    0.10000E+01
 1010    0.10000E+01
 1011    0.10000E+01
 1012    0.10000E+01
 1013    0.10000E+01
 1014    0.10000E+01
 1015    0.10000E+01
 1016    0.10000E+01
 1017    0.10000E+01
 1018    0.10000E+01
 1019    0.10000E+01
 1020    0.10000E+01
 1021    0.10000E+01
 1022    0.10000E+01
 1023    0.10000E+01
 1024    0.10000E+01
 1025    0.10000E+01
 1026    0.10000E+01
 1027    0.10000E+01
 1028    0.10000E+01
 1029    0.10000E+01
 1030    0.10000E+01
 1031    0.10000E+01
 1032    0.10000E+01
 1033    0.10000E+01
 1034    0.10000E+01
 1035    0.10000E+01
 1036    0.10000E+01
 1037    0.10000E+01
 1038    0.10000E+01
 1039    0.10000E+01
 1040    0.10000E+01
 1041    0.10000E+01
 1042    0.10000E+01
 1043    0.10000E+01
 1044    0.10000E+01
 1045    0.10000E+01
 1046    0.10000E+01
 1047    0.10000E+01
 1048    0.10000E+01
 1049    0.10000E+01
 1050    0.10000E+01
 1051    0.10000E+01
 1052    0.10000E+01
 1053    0.10000E+01
 1054    0.10000E+01
 1055    0.10000E+01
 1056    0.10000E+01
 1057    0.10000E+01
 1058    0.10000E+01
 1059    0.10000E+01
 1060    0.10000E+01
 1061    0.10000E+01
 1062    0.10000E+01
 1063    0.10000E+01
 1064    0.10000E+01
 1065    0.10000E+01
 1066    0.10000E+01
 1067    0.10000E+01
 1068    0.10000E+01
 1069    0.10000E+01
 1070    0.10000E+01
 1071    0.10000E+01
 1072    0.10000E+01
 1073    0.10000E+01
 1074    0.10000E+01
 1075    0.10000E+01
 1076    0.10000E+01
 1077    0.10000E+01
 1078    0.10000E+01
 1079    0.10000E+01
 1080    0.10000E+01
 1081    0.10000E+01
 1082    0.10000E+01
 1083    0.10000E+01
 1084    0.10000E+01
