  874    0.10000E-03
  875    0.10000E-03
  876    0.10000E-03
  877    0.10000E-03
  878    0.20000E-03
  879    0.20000E-03
  880    0.30000E-03
  881    0.30000E-03
  882    0.40000E-03
  883    0.50000E-03
  884    0.60000E-03
  885    0.80000E-03
  886    0.10000E-02
  887    0.12000E-02
  888    0.15000E-02
  889    0.18000E-02
  890    0.22000E-02
  891    0.27000E-02
  892    0.33000E-02
  893    0.41000E-02
  894    0.49000E-02
  895    0.59000E-02
  896    0.71000E-02
  897    0.85000E-02
  898    0.10100E-01
  899    0.12100E-01
  900    0.14300E-01
  901    0.16900E-01
  902    0.19900E-01
  903    0.23300E-01
  904    0.27300E-01
  905    0.31800E-01
  906    0.36900E-01
  907    0.42700E-01
  908    0.49300E-01
  909    0.56700E-01
  910    0.65000E-01
  911    0.74300E-01
  912    0.84600E-01
  913    0.96100E-01
  914    0.10870E+00
  915    0.12250E+00
  916    0.13770E+00
  917    0.15420E+00
  918    0.17210E+00
  919    0.19150E+00
  920    0.21230E+00
  921    0.23460E+00
  922    0.25840E+00
  923    0.28370E+00
  924    0.31040E+00
  925    0.33850E+00
  926    0.36790E+00
  927    0.39850E+00
  928    0.43020E+00
  929    0.46300E+00
  930    0.49650E+00
  931    0.53070E+00
  932    0.56540E+00
  933    0.60040E+00
  934    0.63540E+00
  935    0.67020E+00
  936    0.70450E+00
  937    0.73810E+00
  938    0.77080E+00
  939    0.80230E+00
  940    0.83220E+00
  941    0.86040E+00
  942    0.88660E+00
  943    0.91050E+00
  944    0.93200E+00
  945    0.95090E+00
  946    0.96680E+00
  947    0.97980E+00
  948    0.98960E+00
  949    0.99630E+00
  950    0.99960E+00
  951    0.99960E+00
  952    0.99630E+00
  953    0.98960E+00
  954    0.97980E+00
  955    0.96680E+00
  956    0.95090E+00
  957    0.93200E+00
  958    0.91050E+00
  959    0.88660E+00
  960    0.86040E+00
  961    0.83220E+00
  962    0.80230E+00
  963    0.77080E+00
  964    0.73810E+00
  965    0.70450E+00
  966    0.67020E+00
  967    0.63540E+00
  968    0.60040E+00
  969    0.56540E+00
  970    0.53070E+00
  971    0.49650E+00
  972    0.46300E+00
  973    0.43020E+00
  974    0.39850E+00
  975    0.36790E+00
  976    0.33850E+00
  977    0.31040E+00
  978    0.28370E+00
  979    0.25840E+00
  980    0.23460E+00
  981    0.21230E+00
  982    0.19150E+00
  983    0.17210E+00
  984    0.15420E+00
  985    0.13770E+00
  986    0.12250E+00
  987    0.10870E+00
  988    0.96100E-01
  989    0.84600E-01
  990    0.74300E-01
  991    0.65000E-01
  992    0.56700E-01
  993    0.49300E-01
  994    0.42700E-01
  995    0.36900E-01
  996    0.31800E-01
  997    0.27300E-01
  998    0.23300E-01
  999    0.19900E-01
 1000    0.16900E-01
 1001    0.14300E-01
 1002    0.12100E-01
 1003    0.10100E-01
 1004    0.85000E-02
 1005    0.71000E-02
 1006    0.59000E-02
 1007    0.49000E-02
 1008    0.41000E-02
 1009    0.33000E-02
 1010    0.27000E-02
 1011    0.22000E-02
 1012    0.18000E-02
 1013    0.15000E-02
 1014    0.12000E-02
 1015    0.10000E-02
 1016    0.80000E-03
 1017    0.60000E-03
 1018    0.50000E-03
 1019    0.40000E-03
 1020    0.30000E-03
 1021    0.30000E-03
 1022    0.20000E-03
 1023    0.20000E-03
 1024    0.10000E-03
 1025    0.10000E-03
 1026    0.10000E-03
 1027    0.10000E-03
