107  1.40889260864e-07
108  1.40889260864e-07
109  1.40889260864e-07
110  1.40889260864e-07
111  2.86457625607e-07
112  2.86457625607e-07
113  2.86457625607e-07
114  2.86457625607e-07
115  5.03182905971e-07
116  5.03182905971e-07
117  5.03182905971e-07
118  8.88750741572e-07
119  8.88750741572e-07
120  8.88750741572e-07
121  8.88750741572e-07
122  9.6430378185e-07
123  1.03431910631e-06
124  1.39193364754e-06
125  1.39193364754e-06
126  1.39193364754e-06
127  1.39193364754e-06
128  1.39193364754e-06
129  1.67839127315e-06
130  2.13979512825e-06
131  2.13979512825e-06
132  2.28068438911e-06
133  2.42625275386e-06
134  3.03600877377e-06
135  3.03600877377e-06
136  3.32246639938e-06
137  3.56714497412e-06
138  4.00031255562e-06
139  4.07032788009e-06
140  4.28677018123e-06
141  4.71440004692e-06
142  4.93084234806e-06
143  5.46226152763e-06
144  5.74871915324e-06
145  5.96516145438e-06
146  6.8613750999e-06
147  7.14783272551e-06
148  7.65101563148e-06
149  8.18215183182e-06
150  8.82622399866e-06
151  9.25357088513e-06
152  9.6100438352e-06
153  1.0581810521e-05
154  1.12538359822e-05
155  1.20434765138e-05
156  1.27572810259e-05
157  1.37990630361e-05
158  1.45128675482e-05
159  1.52266720603e-05
160  1.67295749464e-05
161  1.76542840438e-05
162  1.88366723357e-05
163  2.00536597538e-05
164  2.11239372159e-05
165  2.24518938726e-05
166  2.39832922106e-05
167  2.58797679938e-05
168  2.74186292358e-05
169  2.89217913002e-05
170  3.11326780034e-05
171  3.30988861319e-05
172  3.49585211464e-05
173  3.72867399407e-05
174  3.99249735304e-05
175  4.246409691e-05
176  4.553435649e-05
177  4.85346007456e-05
178  5.18913179512e-05
179  5.51442458429e-05
180  5.89620839244e-05
181  6.314385786e-05
182  6.71443642532e-05
183  7.17460221712e-05
184  7.67407108288e-05
185  8.20974101523e-05
186  8.78742764375e-05
187  9.41244056064e-05
188  0.000100726328622
189  0.000107930261773
190  0.000115349778614
191  0.00012369928309
192  0.000132586286619
193  0.000141964289507
194  0.000152523321456
195  0.000163152085751
196  0.000175383146121
197  0.000187794091003
198  0.000201668084908
199  0.000216212462065
200  0.000231798621233
201  0.00024869919428
202  0.000266523117195
203  0.000286277030704
204  0.000306778522715
205  0.00032902234145
206  0.00035301956234
207  0.000378514431381
208  0.000405790655871
209  0.000434739191762
210  0.000465868759674
211  0.000498776070509
212  0.000534039076615
213  0.00057183350782
214  0.000611627944944
215  0.000654386974747
216  0.000699706241556
217  0.000747926690011
218  0.000798707375472
219  0.000853277451163
220  0.000910660730475
221  0.000971405770153
222  0.00103592970026
223  0.00110378161675
224  0.0011755217507
225  0.00125136128967
226  0.00133092766646
227  0.00141508998535
228  0.0015035462604
229  0.00159610912041
230  0.00169363713691
231  0.00179556429966
232  0.00190267526937
233  0.00201442341808
234  0.0021313617366
235  0.00225337178473
236  0.00238024234142
237  0.00251251428897
238  0.0026497579973
239  0.00279268319126
240  0.00294061752892
241  0.00309391587452
242  0.00325265016855
243  0.00341632276584
244  0.00358532752225
245  0.00375894756649
246  0.00393793354385
247  0.00412153759285
248  0.00430989781894
249  0.00450276954355
250  0.0046996869667
251  0.00490129801453
252  0.00510605548047
253  0.00531468951942
254  0.00552714506873
255  0.005742257679
256  0.00595962964039
257  0.00617972953669
258  0.00640183082194
259  0.00662519145535
260  0.00685030879914
261  0.00707564978895
262  0.00730110203098
263  0.00752691794969
264  0.00775199182761
265  0.00797606598555
266  0.00819839695815
267  0.00841840576803
268  0.00863616157191
269  0.00885063727213
270  0.00906189321295
271  0.00926879703164
272  0.00947090871487
273  0.00966815156802
274  0.0098596844401
275  0.0100451672116
276  0.0102239668523
277  0.01039547639
278  0.0105604436861
279  0.0107165407573
280  0.0108649087787
281  0.0110042346659
282  0.0111346847904
283  0.0112558771969
284  0.0113673111699
285  0.0114691184935
286  0.0115601253186
287  0.0116407340756
288  0.0117112149255
289  0.0117703674368
290  0.011818959449
291  0.0118565455624
292  0.0118829052311
293  0.0118985402373
294  0.011903228035
295  0.0118965484989
296  0.0118794382207
297  0.0118512426286
298  0.0118124286642
299  0.0117628916794
300  0.0117034927467
301  0.0116338396605
302  0.0115545693049
303  0.0114656553689
304  0.0113677051076
305  0.0112608527645
306  0.0111452217754
307  0.0110215508849
308  0.0108899538162
309  0.010750827492
310  0.0106047650587
311  0.0104520316585
312  0.0102929137489
313  0.0101280850215
314  0.00995754437613
315  0.00978222843825
316  0.00960195700688
317  0.00941789728533
318  0.00922935647477
319  0.00903799306084
320  0.00884353441168
321  0.00864640619042
322  0.00844689627925
323  0.00824570493992
324  0.00804274606282
325  0.00783868395135
326  0.00763402343062
327  0.00742936707671
328  0.00722400519827
329  0.00701908065424
330  0.00681455052398
331  0.0066113160167
332  0.00640847592318
333  0.00620739368163
334  0.00600763584149
335  0.0058102082264
336  0.00561456641658
337  0.00542145855647
338  0.00523060508541
339  0.00504297555223
340  0.00485787500669
341  0.0046762430776
342  0.00449736154054
343  0.0043223059515
344  0.00415046962124
345  0.00398248165457
346  0.00381838332994
347  0.00365796452636
348  0.00350158839608
349  0.00334895519787
350  0.00320093150834
351  0.00305668506704
352  0.0029164104251
353  0.00278087871819
354  0.00264927843237
355  0.0025218888038
356  0.00239884907952
357  0.00227999177621
358  0.00216505843108
359  0.00205469803685
360  0.00194829701699
361  0.00184599540215
362  0.00174755873059
363  0.0016533626363
364  0.00156287817102
365  0.00147639514216
366  0.00139355479357
367  0.00131456724625
368  0.0012392177001
369  0.00116687398352
370  0.00109859397279
371  0.00103327687099
372  0.000971458564853
373  0.000912177221528
374  0.000856176264834
375  0.000803384579394
376  0.000753278208933
377  0.000705807052885
378  0.000660909959598
379  0.000618731096667
380  0.000578680128296
381  0.000541179123359
382  0.000505876028306
383  0.000472437587627
384  0.000441069168192
385  0.000411665055497
386  0.000384044506421
387  0.000358324853053
388  0.000334124196837
389  0.000311325932527
390  0.00029010172802
391  0.000270192220371
392  0.000251639188631
393  0.000234477265402
394  0.000218145360987
395  0.000203193206671
396  0.000189140302896
397  0.000176235471265
398  0.000164007627179
399  0.000152842338473
400  0.000142187412598
401  0.000132560442976
402  0.000123582224626
403  0.00011481491086
404  0.000106906427814
405  9.96049169873e-05
406  9.2982894526e-05
407  8.67173450149e-05
408  8.09887523991e-05
409  7.52543390882e-05
410  7.04208185268e-05
411  6.58037402665e-05
412  6.15013559054e-05
413  5.69540099903e-05
414  5.33357930983e-05
415  4.96818770287e-05
416  4.6594796337e-05
417  4.34794793717e-05
418  4.05750669917e-05
419  3.80609015512e-05
420  3.53776105762e-05
421  3.340204424e-05
422  3.11743364251e-05
423  2.90296445544e-05
424  2.70883943652e-05
425  2.55448540193e-05
426  2.40013136734e-05
427  2.25986625885e-05
428  2.06338552294e-05
429  1.93767725092e-05
430  1.80438537694e-05
431  1.69323394139e-05
432  1.60682874332e-05
433  1.50976623386e-05
434  1.40617010234e-05
435  1.2840576659e-05
436  1.21976460833e-05
437  1.13725893534e-05
438  1.06884218843e-05
439  9.89878135276e-06
440  9.21461388372e-06
441  8.78258789337e-06
442  8.02726350871e-06
443  7.42611198391e-06
444  6.81195983933e-06
445  6.52550221373e-06
446  5.91106708993e-06
447  5.62460946433e-06
448  5.33815183872e-06
449  4.97585819361e-06
450  4.26813355486e-06
451  4.12256519012e-06
452  3.90612288898e-06
453  3.83610756451e-06
454  3.08078317985e-06
455  3.08078317985e-06
456  2.93521481511e-06
457  2.79432555425e-06
458  2.43203190914e-06
459  1.93521185572e-06
460  1.93521185572e-06
461  1.64875423011e-06
462  1.64875423011e-06
463  1.64875423011e-06
464  1.64875423011e-06
465  1.286460585e-06
466  1.286460585e-06
467  1.14557132414e-06
468  1.14557132414e-06
469  1.14557132414e-06
470  1.07001828386e-06
471  7.47861480707e-07
472  7.47861480707e-07
473  7.47861480707e-07
474  5.03182905971e-07
475  5.03182905971e-07
476  5.03182905971e-07
477  2.86457625607e-07
478  2.86457625607e-07
479  1.45568364743e-07
480  1.45568364743e-07
481  1.45568364743e-07
482  1.45568364743e-07
483  7.00153244648e-08
