421  2.44678405113e-07
422  2.44678405113e-07
423  3.85567568306e-07
424  3.85567568306e-07
425  3.85567568306e-07
426  6.77845686327e-07
427  9.29986990218e-07
428  1.00000226614e-06
429  1.00000226614e-06
430  1.00000226614e-06
431  1.00000226614e-06
432  1.00000226614e-06
433  1.38556983445e-06
434  1.38556983445e-06
435  1.38556983445e-06
436  1.46112282235e-06
437  1.53113809828e-06
438  1.67202726147e-06
439  2.14089369548e-06
440  2.14089369548e-06
441  2.60201425169e-06
442  2.67202952762e-06
443  2.67202952762e-06
444  2.95848695464e-06
445  3.42735338865e-06
446  3.64379553974e-06
447  3.95848922078e-06
448  4.17493137188e-06
449  4.85470224501e-06
450  4.93025523291e-06
451  5.14115967203e-06
452  5.92443680805e-06
453  6.35760408927e-06
454  6.64406151629e-06
455  7.1826602472e-06
456  7.46911767422e-06
457  8.35786779967e-06
458  8.89646653058e-06
459  9.39382839672e-06
460  1.02247052457e-05
461  1.06520518359e-05
462  1.14771079938e-05
463  1.25114263831e-05
464  1.34773717042e-05
465  1.45191529923e-05
466  1.52329570095e-05
467  1.62744553185e-05
468  1.75271410457e-05
469  1.85274024899e-05
470  1.99965303682e-05
471  2.12489331164e-05
472  2.26469041283e-05
473  2.40803328538e-05
474  2.5619193029e-05
475  2.74447936102e-05
476  2.92000959364e-05
477  3.10254135386e-05
478  3.3283898422e-05
479  3.53201204633e-05
480  3.77241736106e-05
481  4.00468530789e-05
482  4.25859746983e-05
483  4.54173744358e-05
484  4.82429534822e-05
485  5.15016998099e-05
486  5.46137362833e-05
487  5.80122301838e-05
488  6.21242689234e-05
489  6.59501094141e-05
490  7.03203693267e-05
491  7.46773456496e-05
492  7.99305349966e-05
493  8.53292926075e-05
494  9.06923510656e-05
495  9.66219615296e-05
496  0.000103301358143
497  0.000110237333721
498  0.000117308377771
499  0.000125097362783
500  0.000133454866526
501  0.000142812089557
502  0.000152203628711
503  0.000162378445001
504  0.000173623278833
505  0.000185114191838
506  0.000197861927515
507  0.000211492592625
508  0.000225631978005
509  0.000241010223365
510  0.000257534039255
511  0.000275122910608
512  0.000293529658198
513  0.000313369292357
514  0.000334775763767
515  0.000357146538291
516  0.000381365928391
517  0.000406947614152
518  0.000434304833438
519  0.000463341825862
520  0.000494092082413
521  0.000526731091355
522  0.000561684798511
523  0.000598351769793
524  0.000637235470738
525  0.000678574476079
526  0.000722095894961
527  0.000768176407481
528  0.000816872500822
529  0.000868304276119
530  0.000922562536675
531  0.000979385711561
532  0.00103970599593
533  0.00110320373403
534  0.00116912742249
535  0.00123865923113
536  0.00131203911772
537  0.00138853026325
538  0.00146833753383
539  0.00155228516049
540  0.00163977085051
541  0.00173118242118
542  0.0018262020705
543  0.00192553702199
544  0.00202859327101
545  0.00213603483747
546  0.00224737236459
547  0.00236274674151
548  0.0024824065006
549  0.00260642554907
550  0.00273466107255
551  0.00286672254139
552  0.00300334591601
553  0.00314402410313
554  0.00328872559729
555  0.00343743430423
556  0.00359054161222
557  0.00374723047015
558  0.00390809566628
559  0.00407267415487
560  0.00424076417813
561  0.00441239283072
562  0.00458737994527
563  0.00476548470541
564  0.00494656211851
565  0.00513043029998
566  0.0053171947228
567  0.00550614101701
568  0.005697597985
569  0.00589088117681
570  0.00608535727968
571  0.00628168948484
572  0.00647881689148
573  0.00667684025198
574  0.00687530312486
575  0.00707398882655
576  0.00727243677057
577  0.00747042223481
578  0.00766740797976
579  0.00786304967472
580  0.00805731162053
581  0.00824932170349
582  0.00843947763316
583  0.00862639469832
584  0.00881035849778
585  0.00899092925997
586  0.0091672899338
587  0.00933994173509
588  0.00950742329958
589  0.00967012043628
590  0.00982728418418
591  0.00997891426029
592  0.0101244795288
593  0.0102635869592
594  0.0103959027536
595  0.0105213701802
596  0.0106392673728
597  0.0107497717782
598  0.0108525600983
599  0.0109467023461
600  0.0110330250023
601  0.0111102457203
602  0.0111790603654
603  0.011238745119
604  0.0112897005015
605  0.0113312337144
606  0.0113636519886
607  0.0113862501007
608  0.0113997687318
609  0.011403998578
610  0.011398372846
611  0.0113836975115
612  0.0113592346472
613  0.0113255896128
614  0.0112827258503
615  0.011230712267
616  0.0111697332386
617  0.0110998911298
618  0.0110211057085
619  0.0109338906571
620  0.0108384588385
621  0.0107350186565
622  0.0106237107173
623  0.0105050509448
624  0.0103788458546
625  0.0102458098502
626  0.0101060231636
627  0.00996018912285
628  0.00980817209355
629  0.00965033657726
630  0.00948762837222
631  0.00931981494205
632  0.00914735301117
633  0.00897063836396
634  0.00879041470671
635  0.00860622699872
636  0.00841931441643
637  0.00822937359109
638  0.00803746071449
639  0.00784325805607
640  0.00764776893794
641  0.00745059700979
642  0.00725302847212
643  0.00705438991691
644  0.00685596450777
645  0.00665742894655
646  0.00645939134663
647  0.00626242600589
648  0.00606617699379
649  0.00587132075524
650  0.00567788664429
651  0.00548660063076
652  0.00529770271394
653  0.00511062491728
654  0.00492638052661
655  0.00474501995232
656  0.00456645264722
657  0.00439119510432
658  0.00421913411943
659  0.00405059380118
660  0.00388560043377
661  0.00372428744346
662  0.00356718789128
663  0.00341369037941
664  0.00326427095422
665  0.00311899495187
666  0.00297762073086
667  0.00284045248508
668  0.00270771247736
669  0.00257904969771
670  0.00245478055702
671  0.00233450731225
672  0.00221838770714
673  0.0021063733249
674  0.00199888707448
675  0.00189530232241
676  0.00179550227884
677  0.0016999128896
678  0.00160844172384
679  0.00152049730459
680  0.00143656009813
681  0.00135615545887
682  0.00127946437125
683  0.00120637696615
684  0.00113658766666
685  0.00107006660953
686  0.00100684558319
687  0.000946658337615
688  0.000890039358394
689  0.000835951519537
690  0.000784549276776
691  0.00073618081478
692  0.000690170254589
693  0.000647046765307
694  0.000605895327283
695  0.00056730880359
696  0.000531115597875
697  0.000496886980518
698  0.000464517195552
699  0.000433965572069
700  0.000405671632133
701  0.000378651151281
702  0.000353777384815
703  0.000330405119424
704  0.000308278076862
705  0.000287870119118
706  0.000268350052887
707  0.000250585312784
708  0.0002334272615
709  0.000218052772598
710  0.000203284972516
711  0.000189475937835
712  0.000176714505133
713  0.000164834318119
714  0.000153533149628
715  0.0001433017157
716  0.000133818142735
717  0.0001248731685
718  0.000116535166065
719  0.000108873867725
720  0.000101564362988
721  9.48039567735e-05
722  8.85700072904e-05
723  8.2551641347e-05
724  7.73566893538e-05
725  7.21633795684e-05
726  6.7577041582e-05
727  6.30587936847e-05
728  5.88998022886e-05
729  5.52769088042e-05
730  5.18358583687e-05
731  4.84991393324e-05
732  4.53791454261e-05
733  4.24401359574e-05
734  3.96065994782e-05
735  3.74154509718e-05
736  3.47216620654e-05
737  3.2816970986e-05
738  3.10578481705e-05
739  2.87617688318e-05
740  2.68260577002e-05
741  2.52778393238e-05
742  2.35884488051e-05
743  2.23266878557e-05
744  2.07549123259e-05
745  1.96387196403e-05
746  1.82357865487e-05
747  1.72308460038e-05
748  1.63310954693e-05
749  1.51437459174e-05
750  1.41731214956e-05
751  1.33508491358e-05
752  1.2455777702e-05
753  1.14093173133e-05
754  1.09772916225e-05
755  1.02931246277e-05
756  9.57435853082e-06
757  9.03575979991e-06
758  8.35905570395e-06
759  7.53371656699e-06
760  7.31259531526e-06
761  6.70398130842e-06
762  6.55841304459e-06
763  5.80308918356e-06
764  5.51663175654e-06
765  5.1263850876e-06
766  4.98081682377e-06
767  4.22549296274e-06
768  4.15547768681e-06
769  4.00990942299e-06
770  3.86902025979e-06
771  3.25458556195e-06
772  2.86433889301e-06
773  2.72344972982e-06
774  2.65343445389e-06
775  2.57788146599e-06
776  2.03899975605e-06
777  1.96344676815e-06
778  1.96344676815e-06
779  1.75254232903e-06
780  1.75254232903e-06
781  1.43231093602e-06
782  1.43231093602e-06
783  1.14557052997e-06
784  1.14557052997e-06
785  1.14557052997e-06
786  1.14557052997e-06
787  8.17876238181e-07
788  7.47860962254e-07
789  7.47860962254e-07
790  6.06971799061e-07
791  6.06971799061e-07
792  6.06971799061e-07
793  6.06971799061e-07
794  3.62293393948e-07
795  3.62293393948e-07
796  1.45568263828e-07
797  1.45568263828e-07
798  1.45568263828e-07
799  7.00152759269e-08
800  7.00152759269e-08
