294  2.52143114238e-07
295  2.52143114238e-07
296  2.52143114238e-07
297  2.52143114238e-07
298  2.52143114238e-07
299  5.66839054746e-07
300  5.66839054746e-07
301  6.4239258511e-07
302  7.83282759872e-07
303  7.83282759872e-07
304  7.83282759872e-07
305  1.03542587411e-06
306  1.03542587411e-06
307  1.03542587411e-06
308  1.10544165274e-06
309  1.1809951831e-06
310  1.1809951831e-06
311  1.43313829734e-06
312  1.50315407597e-06
313  1.88872441261e-06
314  1.96427794298e-06
315  2.28643683584e-06
316  2.28643683584e-06
317  2.78962300578e-06
318  3.11178189865e-06
319  3.18733542901e-06
320  3.39824138241e-06
321  3.79595380564e-06
322  4.18620327651e-06
323  4.7248058745e-06
324  4.93571182789e-06
325  5.33342425113e-06
326  5.68989951351e-06
327  6.30405564187e-06
328  6.51964072949e-06
329  7.37293926799e-06
330  7.80496806074e-06
331  8.70004592112e-06
332  9.60094451429e-06
333  1.01029890857e-05
334  1.0998066946e-05
335  1.19969347935e-05
336  1.30375819629e-05
337  1.40428127042e-05
338  1.50834598736e-05
339  1.63405507481e-05
340  1.75267672265e-05
341  1.91406163444e-05
342  2.05302758238e-05
343  2.23605686469e-05
344  2.39032603876e-05
345  2.58791225197e-05
346  2.78491639189e-05
347  3.00406111386e-05
348  3.26176286949e-05
349  3.49441453566e-05
350  3.74976055904e-05
351  4.0472877731e-05
352  4.35519398587e-05
353  4.6813671483e-05
354  5.04656525782e-05
355  5.40185228205e-05
356  5.82437058643e-05
357  6.23694950741e-05
358  6.68099802245e-05
359  7.17536515448e-05
360  7.69837823488e-05
361  8.26813583736e-05
362  8.84135337491e-05
363  9.48932924752e-05
364  0.000101765225873
365  0.000108887919345
366  0.000116770621236
367  0.000125103088509
368  0.000133873405308
369  0.000143216641074
370  0.0001533431596
371  0.000164037059342
372  0.000175272315616
373  0.000187432569966
374  0.000200310770432
375  0.00021414192245
376  0.000228836589892
377  0.000244386239633
378  0.000261010310751
379  0.000278381965221
380  0.000297601389923
381  0.000317258381169
382  0.00033880299677
383  0.000361130895131
384  0.000385101737683
385  0.000410603729328
386  0.000437573175639
387  0.000466318451204
388  0.000496495765008
389  0.000528737292749
390  0.000562767650449
391  0.000598937775616
392  0.00063720588893
393  0.000677543753934
394  0.000720418598208
395  0.0007653986106
396  0.000813365650626
397  0.000863443679503
398  0.000916305010031
399  0.000972053432199
400  0.00103111936246
401  0.00109300236859
402  0.00115795541883
403  0.00122636325838
404  0.00129842212341
405  0.00137350925323
406  0.00145259005795
407  0.00153523887165
408  0.00162185340677
409  0.00171246743751
410  0.00180703504758
411  0.00190577874286
412  0.00200863515344
413  0.00211612877309
414  0.00222765927154
415  0.00234372182983
416  0.00246428377383
417  0.00258934400346
418  0.0027189437559
419  0.00285357985441
420  0.00299242777907
421  0.00313620854281
422  0.00328438326004
423  0.00343702030432
424  0.00359466106207
425  0.00375702403592
426  0.00392328413998
427  0.0040941131449
428  0.00426909170613
429  0.00444854119896
430  0.00463199189497
431  0.00481913188205
432  0.00501013304075
433  0.0052048935063
434  0.00540272632295
435  0.00560377791865
436  0.00580766436528
437  0.00601430846708
438  0.00622320758004
439  0.00643397530869
440  0.00664653499944
441  0.00686046094485
442  0.00707503299062
443  0.00729104684458
444  0.00750681886753
445  0.00772287937399
446  0.00793784360931
447  0.0081524602569
448  0.00836554085862
449  0.00857678171902
450  0.00878563181044
451  0.00899201750455
452  0.00919527560536
453  0.00939471139958
454  0.00959023049701
455  0.00978071498941
456  0.00996680947753
457  0.01014730138
458  0.0103218231459
459  0.0104895731901
460  0.0106512063869
461  0.0108050620318
462  0.0109515586107
463  0.0110899798196
464  0.0112197914522
465  0.0113411045199
466  0.0114530944613
467  0.0115557136763
468  0.0116485538958
469  0.0117313444384
470  0.0118039150693
471  0.0118659522005
472  0.0119172969377
473  0.0119577765867
474  0.0119875356052
475  0.0120057179108
476  0.012012807043
477  0.0120090122388
478  0.011993627438
479  0.0119674846234
480  0.0119300039554
481  0.0118813085875
482  0.0118219905583
483  0.011751521482
484  0.0116706866083
485  0.0115794839703
486  0.0114779509512
487  0.0113668691916
488  0.0112458550463
489  0.011115830763
490  0.0109765455817
491  0.0108288292852
492  0.0106733863065
493  0.0105096234655
494  0.0103386354864
495  0.010160708787
496  0.00997646366869
497  0.00978614009106
498  0.00958991908135
499  0.00938933981754
500  0.00918389883051
501  0.00897435727026
502  0.00876101797363
503  0.00854483025634
504  0.00832592782859
505  0.00810445186355
506  0.00788179925794
507  0.0076578654047
508  0.00743336495384
509  0.00720808007862
510  0.00698319319881
511  0.00675888062101
512  0.00653557301476
513  0.00631352366479
514  0.00609351003313
515  0.00587536327611
516  0.00565975516438
517  0.00544690268381
518  0.00523666440207
519  0.00503036417124
520  0.00482728789921
521  0.00462814221515
522  0.00443292821911
523  0.0042420483442
524  0.00405577829084
525  0.00387408400186
526  0.0036971506415
527  0.00352461673891
528  0.00335725949693
529  0.00319502051746
530  0.00303771520219
531  0.00288559648145
532  0.00273890078525
533  0.00259717692361
534  0.00246035488078
535  0.00232878645287
536  0.00220253557575
537  0.00208100992784
538  0.00196462688335
539  0.00185327908489
540  0.00174704401117
541  0.00164470492607
542  0.00154757653498
543  0.00145509314043
544  0.00136710688993
545  0.00128323307174
546  0.00120349992234
547  0.00112815848477
548  0.00105646253492
549  0.00098875393861
550  0.000924806520654
551  0.000864280683763
552  0.000807328393616
553  0.000753376414788
554  0.000702851271795
555  0.000655244282256
556  0.000610531847309
557  0.000568890598077
558  0.000529424032121
559  0.000492426354857
560  0.000457814266822
561  0.000425699020955
562  0.000395758458363
563  0.000367537818074
564  0.000341340471018
565  0.000316785525994
566  0.000294273520782
567  0.000273104174432
568  0.000253297992141
569  0.000234954868363
570  0.000218135430725
571  0.000202394339882
572  0.000187897938646
573  0.000174294973051
574  0.000161546164613
575  0.000149938255795
576  0.000139330356423
577  0.000129225643221
578  0.000120365336646
579  0.000111715936024
580  0.000103603495781
581  9.63114384851e-05
582  8.94096306602e-05
583  8.34378165028e-05
584  7.77524618291e-05
585  7.22079973302e-05
586  6.74113991631e-05
587  6.28312447011e-05
588  5.83211060178e-05
589  5.42795541538e-05
590  5.07691419354e-05
591  4.73642034638e-05
592  4.42114081064e-05
593  4.11283455466e-05
594  3.85822433652e-05
595  3.59323511966e-05
596  3.34933649815e-05
597  3.15913391448e-05
598  2.94725866219e-05
599  2.72500441119e-05
600  2.5634477759e-05
601  2.40897858022e-05
602  2.23983829378e-05
603  2.10067232423e-05
604  1.95320470641e-05
605  1.83438303697e-05
606  1.7161151427e-05
607  1.59729347326e-05
608  1.52533048575e-05
609  1.42115160896e-05
610  1.28541727636e-05
611  1.22400166353e-05
612  1.15203867602e-05
613  1.06186295495e-05
614  1.00800269515e-05
615  9.10825396224e-06
616  8.64713009524e-06
617  7.89180081106e-06
618  7.60534132731e-06
619  6.92002782176e-06
620  6.38142522376e-06
621  6.3058716934e-06
622  5.37587802597e-06
623  5.16497207258e-06
624  4.83727542798e-06
625  4.69638525322e-06
626  4.15196192243e-06
627  3.6208222768e-06
628  3.6208222768e-06
629  3.36867916256e-06
630  3.15223545743e-06
631  2.9000923432e-06
632  2.61334987838e-06
633  2.29311618614e-06
634  2.29311618614e-06
635  1.90008289714e-06
636  1.82452936678e-06
637  1.82452936678e-06
638  1.82452936678e-06
639  1.57238625254e-06
640  1.57238625254e-06
641  1.32770609066e-06
642  1.25215256029e-06
643  1.25215256029e-06
644  1.00000944606e-06
645  7.89103492664e-07
646  7.89103492664e-07
647  7.89103492664e-07
648  5.72376806481e-07
649  5.72376806481e-07
650  5.72376806481e-07
651  5.72376806481e-07
652  5.72376806481e-07
653  5.72376806481e-07
654  2.52143114238e-07
655  2.52143114238e-07
