1195  7.00158862591e-08
1196  7.00158862591e-08
1197  1.45569532765e-07
1198  1.45569532765e-07
1199  1.45569532765e-07
1200  1.45569532765e-07
1201  3.97713034604e-07
1202  3.97713034604e-07
1203  3.97713034604e-07
1204  6.4239357261e-07
1205  1.00001098329e-06
1206  1.07002686955e-06
1207  1.07002686955e-06
1208  1.07002686955e-06
1209  1.14558051606e-06
1210  1.14558051606e-06
1211  1.21559640232e-06
1212  1.21559640232e-06
1213  1.21559640232e-06
1214  1.54329355066e-06
1215  1.75419982826e-06
1216  1.75419982826e-06
1217  1.89976936103e-06
1218  1.89976936103e-06
1219  1.96978524729e-06
1220  2.43090982314e-06
1221  2.5009257094e-06
1222  3.11536576335e-06
1223  3.25625615469e-06
1224  3.40182568745e-06
1225  3.68828561156e-06
1226  3.75830149782e-06
1227  4.29690492377e-06
1228  4.44247445653e-06
1229  4.7989502669e-06
1230  5.085410191e-06
1231  5.44188600137e-06
1232  6.37656023983e-06
1233  6.73303605019e-06
1234  7.2304022519e-06
1235  7.66243170877e-06
1236  8.34660466749e-06
1237  8.84865001062e-06
1238  9.49158574509e-06
1239  1.05333761145e-05
1240  1.12463277352e-05
1241  1.19648171162e-05
1242  1.26777687369e-05
1243  1.36484016197e-05
1244  1.48924937026e-05
1245  1.59732796357e-05
1246  1.74412787202e-05
1247  1.8440690265e-05
1248  1.96612249892e-05
1249  2.11992399599e-05
1250  2.27773920947e-05
1251  2.46018669896e-05
1252  2.61088616378e-05
1253  2.84365234762e-05
1254  3.04691208263e-05
1255  3.26556092918e-05
1256  3.4729986028e-05
1257  3.74896773232e-05
1258  4.04882284147e-05
1259  4.30657920943e-05
1260  4.61061225719e-05
1261  4.97534301396e-05
1262  5.30148837964e-05
1263  5.71595575658e-05
1264  6.11633409439e-05
1265  6.58466181392e-05
1266  7.04233213655e-05
1267  7.55386280177e-05
1268  8.09403945941e-05
1269  8.6553067448e-05
1270  9.2696880764e-05
1271  9.92029906322e-05
1272  0.000106388594318
1273  0.000113789783422
1274  0.000121548306956
1275  0.000130019239948
1276  0.000139128712515
1277  0.000148782326269
1278  0.00015903709637
1279  0.000170005959693
1280  0.00018176364474
1281  0.000194124411339
1282  0.000207308599065
1283  0.000221172280609
1284  0.000236246879414
1285  0.000251970234696
1286  0.000268476873941
1287  0.000286522127595
1288  0.000304989193805
1289  0.000325035011588
1290  0.000345788559688
1291  0.00036822629173
1292  0.000391552781645
1293  0.000416342332323
1294  0.000442418353908
1295  0.000470108826531
1296  0.0004988643639
1297  0.000529689939122
1298  0.000561802268233
1299  0.000595599639904
1300  0.000630930088225
1301  0.000668185004866
1302  0.000707228754214
1303  0.00074823903425
1304  0.00079077578659
1305  0.000835576846503
1306  0.000882337832759
1307  0.000930882113963
1308  0.000981895287654
1309  0.00103508507317
1310  0.00109027488065
1311  0.00114753004684
1312  0.00120758762341
1313  0.00126949383167
1314  0.00133375796229
1315  0.00140077108242
1316  0.00146968625511
1317  0.00154119738481
1318  0.00161507389983
1319  0.0016914530816
1320  0.00177014976559
1321  0.00185149582746
1322  0.00193501850114
1323  0.00202132590535
1324  0.00210956359861
1325  0.00220062143887
1326  0.0022935395523
1327  0.00238910868584
1328  0.00248702191586
1329  0.00258680288203
1330  0.00268915213467
1331  0.00279347263062
1332  0.00289982280961
1333  0.0030080329788
1334  0.00311838380117
1335  0.00323045679014
1336  0.00334401943416
1337  0.00345962476194
1338  0.00357644600259
1339  0.00369472426562
1340  0.00381421872448
1341  0.00393497230018
1342  0.00405718093151
1343  0.00417953655696
1344  0.00430328304289
1345  0.00442734536686
1346  0.00455216276209
1347  0.00467701507317
1348  0.00480204204892
1349  0.00492703334899
1350  0.0050521649973
1351  0.0051766880263
1352  0.00530102952711
1353  0.00542433945446
1354  0.00554760320627
1355  0.00566919299103
1356  0.00578992311304
1357  0.00590929396444
1358  0.00602698063189
1359  0.00614295126993
1360  0.00625763572005
1361  0.00636988505194
1362  0.00647995722985
1363  0.00658795190694
1364  0.00669351921175
1365  0.00679632923894
1366  0.00689649516683
1367  0.00699372915245
1368  0.00708774473589
1369  0.00717865288726
1370  0.00726634456164
1371  0.00735042451696
1372  0.00743128607008
1373  0.00750832856529
1374  0.00758168378779
1375  0.00765110705703
1376  0.00771675140552
1377  0.00777845743786
1378  0.00783591014116
1379  0.00788936087532
1380  0.00793827153755
1381  0.00798357822665
1382  0.00802434484381
1383  0.00806071810017
1384  0.00809294267625
1385  0.0081208441904
1386  0.0081441773961
1387  0.008163397621
1388  0.00817858678164
1389  0.00818902496406
1390  0.00819542186533
1391  0.0081976409912
1392  0.00819539866559
1393  0.00818929411963
1394  0.00817872533836
1395  0.00816484068611
1396  0.00814645916589
1397  0.00812428544121
1398  0.00809850356489
1399  0.00806883179769
1400  0.00803555741661
1401  0.00799917642861
1402  0.00795893514546
1403  0.00791526702121
1404  0.00786842391638
1405  0.00781872634814
1406  0.00776602760534
1407  0.00771051732011
1408  0.00765213928776
1409  0.00759098427084
1410  0.00752764988816
1411  0.00746146075909
1412  0.00739345923995
1413  0.00732292073763
1414  0.00725041652978
1415  0.00717591862132
1416  0.0070997783083
1417  0.00702192635844
1418  0.00694257757357
1419  0.00686182992307
1420  0.00677998593441
1421  0.0066963575092
1422  0.0066121221069
1423  0.00652689498172
1424  0.00644069579908
1425  0.00635368702118
1426  0.00626620937275
1427  0.00617762238544
1428  0.00608918843062
1429  0.00600050511613
1430  0.00591096182242
1431  0.00582160148147
1432  0.00573227655701
1433  0.00564252760821
1434  0.00555331008286
1435  0.00546399623032
1436  0.00537467655705
1437  0.00528607679773
1438  0.00519750691714
1439  0.00510968768785
1440  0.00502223268032
1441  0.00493513500722
1442  0.00484857622052
1443  0.00476286605453
1444  0.00467788326547
1445  0.00459339147971
1446  0.0045100126418
1447  0.00442737613362
1448  0.00434514012229
1449  0.00426397413783
1450  0.00418409576588
1451  0.00410457386974
1452  0.00402612478429
1453  0.00394867570982
1454  0.00387236199897
1455  0.00379706129983
1456  0.0037226438208
1457  0.00364947849625
1458  0.00357710310156
1459  0.00350575845518
1460  0.00343555938933
1461  0.0033660044008
1462  0.00329829832696
1463  0.0032313885378
1464  0.00316543780538
1465  0.00310016656677
1466  0.00303643230036
1467  0.00297337781074
1468  0.00291156965487
1469  0.00285094253754
1470  0.00279135113065
1471  0.00273264819865
1472  0.00267494556062
1473  0.00261839128693
1474  0.00256297513079
1475  0.00250802202443
1476  0.00245443208422
1477  0.00240194787035
1478  0.00235021124097
1479  0.00229925986231
1480  0.0022495232549
1481  0.00220046642429
1482  0.00215237390521
1483  0.00210513582757
1484  0.00205915458356
1485  0.00201398654377
1486  0.00196934964445
1487  0.00192572575683
1488  0.00188277418305
1489  0.00184099642629
1490  0.00179980019394
1491  0.00175937978258
1492  0.00171992506579
1493  0.00168125999587
1494  0.00164330847701
1495  0.00160596365225
1496  0.00156947326895
1497  0.00153345061456
1498  0.00149835327613
1499  0.00146400848433
1500  0.00143051813397
1501  0.00139723868989
1502  0.00136489392005
1503  0.00133318686465
1504  0.00130240980434
1505  0.00127184832944
1506  0.00124228800714
1507  0.00121286743362
1508  0.00118433507581
1509  0.00115662806434
1510  0.00112939546114
1511  0.00110271641417
1512  0.00107623167846
1513  0.00105077490725
1514  0.00102570563217
1515  0.00100124887195
1516  0.000977260982241
1517  0.000953980822853
1518  0.000931161788041
1519  0.00090881162375
1520  0.000886823756011
1521  0.000865788299128
1522  0.000844513699466
1523  0.00082440823768
1524  0.000804771646415
1525  0.000785280624682
1526  0.000766105157993
1527  0.000747614147244
1528  0.000729474391002
1529  0.000712158055888
1530  0.00069499035711
1531  0.000678311736428
1532  0.000661605162226
1533  0.000646002389154
1534  0.000630547969438
1535  0.000615658747426
1536  0.000600735751153
1537  0.000586526022958
1538  0.000572533021782
1539  0.000558895954255
1540  0.000545832948176
1541  0.000532868194484
1542  0.00052058875535
1543  0.000508561459719
1544  0.00049660225477
1545  0.000485181936229
1546  0.000474329316232
1547  0.000463511295639
1548  0.000452728691529
1549  0.000442777254492
1550  0.000432672501977
1551  0.000423210426017
1552  0.00041411343043
1553  0.000404792244861
1554  0.000396015483459
1555  0.000387700129614
1556  0.00037913427449
1557  0.000371204491575
1558  0.000363503577784
1559  0.000355643810756
1560  0.000348328467894
1561  0.000341154015425
1562  0.000334622239509
1563  0.000327697146718
1564  0.000321236245308
1565  0.00031492091343
1566  0.000308673955216
1567  0.000302358623338
1568  0.000296574714904
1569  0.000290965471121
1570  0.000285509259835
1571  0.000280116460091
1572  0.00027486951286
1573  0.00026940583861
1574  0.000264796605811
1575  0.000259690548972
1576  0.000255015979428
1577  0.000250552316161
1578  0.000246152347418
1579  0.000241688684151
1580  0.000237551075811
1581  0.000233079949581
1582  0.000229077693871
1583  0.000225150991809
1584  0.000221037482989
1585  0.000217355461465
1586  0.000213428759402
1587  0.000209746737877
1588  0.000205958142384
1589  0.00020263373827
1590  0.000198951716745
1591  0.000195407801789
1592  0.000192012240189
1593  0.000188791626221
1594  0.000185143921119
1595  0.000181852149665
1596  0.00017866585212
1597  0.000175449634313
1598  0.00017229875325
1599  0.000168971565314
1600  0.000166140918436
1601  0.000163030174537
1602  0.000159738403084
1603  0.000156872339723
1604  0.000153797012307
1605  0.000150860074441
1606  0.000147784747025
1607  0.000144701956646
1608  0.00014223360632
1609  0.000139009925548
1610  0.000136466021576
1611  0.000133214104305
1612  0.000130453473313
1613  0.000127774216709
1614  0.000124761442216
1615  0.000122006348984
1616  0.000119537998658
1617  0.000116600777811
1618  0.00011384568458
1619  0.000111236443863
1620  0.000108551366517
1621  0.000105866289172
1622  0.00010332792296
1623  0.000100887526153
1624  9.84191758269e-05
1625  9.57340984816e-05
1626  9.31957322695e-05
1627  9.04453181794e-05
1628  8.79769678535e-05
1629  8.55440340101e-05
1630  8.33959178687e-05
1631  8.07108405234e-05
1632  7.85701873459e-05
1633  7.62839646356e-05
1634  7.36744409368e-05
1635  7.17029146508e-05
1636  6.95622614732e-05
1637  6.74216082956e-05
1638  6.48477840609e-05
1639  6.29518114213e-05
1640  6.08111582438e-05
1641  5.85949514197e-05
1642  5.66989787802e-05
1643  5.48104691045e-05
1644  5.28109892997e-05
1645  5.1167160162e-05
1646  4.89564910982e-05
1647  4.73126619605e-05
1648  4.56408793041e-05
1649  4.39214965199e-05
1650  4.19975703617e-05
1651  4.0353741224e-05
1652  3.89341020694e-05
1653  3.75069999511e-05
1654  3.58631708133e-05
1655  3.4191388157e-05
1656  3.26887323921e-05
1657  3.15137737756e-05
1658  3.00866716572e-05
1659  2.87708226493e-05
1660  2.73511834948e-05
1661  2.59240813764e-05
1662  2.49658497792e-05
1663  2.37908911627e-05
1664  2.26159325461e-05
1665  2.14055574471e-05
1666  2.04752793686e-05
1667  1.95170477714e-05
1668  1.85942326567e-05
1669  1.76360010595e-05
1670  1.68468963538e-05
1671  1.58886647566e-05
1672  1.47137061401e-05
1673  1.42522985827e-05
1674  1.32940669855e-05
1675  1.25805159264e-05
1676  1.1874427831e-05
1677  1.11608767718e-05
1678  1.06994692145e-05
1679  9.74123761727e-06
1680  9.49655707926e-06
1681  8.78300602008e-06
1682  8.32159846273e-06
1683  7.60804740355e-06
1684  7.36336686554e-06
1685  6.90195930819e-06
1686  6.65727877019e-06
1687  5.943727711e-06
1688  5.69904717299e-06
1689  5.23763961565e-06
1690  4.99295907764e-06
1691  4.52408855646e-06
1692  4.27940801845e-06
1693  3.81800046111e-06
1694  3.5733199231e-06
1695  3.5733199231e-06
1696  3.11191236575e-06
1697  2.85976886391e-06
1698  2.61508832591e-06
1699  2.61508832591e-06
1700  2.15368076856e-06
1701  2.15368076856e-06
1702  1.90900023055e-06
1703  1.90900023055e-06
1704  1.66431969255e-06
1705  1.66431969255e-06
1706  1.44759267321e-06
1707  1.2029121352e-06
1708  1.2029121352e-06
1709  1.2029121352e-06
1710  1.2029121352e-06
1711  9.58231597192e-07
1712  9.58231597192e-07
1713  7.06088095354e-07
1714  7.06088095354e-07
1715  7.06088095354e-07
1716  4.61407557347e-07
1717  2.44680538006e-07
1718  2.44680538006e-07
1719  2.44680538006e-07
1720  2.44680538006e-07
1721  2.44680538006e-07
1722  2.44680538006e-07
1723  2.44680538006e-07
1724  2.44680538006e-07
1725  2.44680538006e-07
