345  7.00157739883e-08
346  7.00157739883e-08
347  7.00157739883e-08
348  1.45569299344e-07
349  1.45569299344e-07
350  1.45569299344e-07
351  3.90249445004e-07
352  3.90249445004e-07
353  3.90249445004e-07
354  3.90249445004e-07
355  3.90249445004e-07
356  6.42392542529e-07
357  9.29134988336e-07
358  1.07002515376e-06
359  1.14557867912e-06
360  1.14557867912e-06
361  1.14557867912e-06
362  1.2155944531e-06
363  1.2155944531e-06
364  1.2155944531e-06
365  1.29114797846e-06
366  1.60584389811e-06
367  1.60584389811e-06
368  1.85798699563e-06
369  2.00355629498e-06
370  2.1444464604e-06
371  2.50674243156e-06
372  2.50674243156e-06
373  2.57675820555e-06
374  2.65231173091e-06
375  3.29470427344e-06
376  3.65232111068e-06
377  3.79789041002e-06
378  3.86790618401e-06
379  4.26561858088e-06
380  4.55207804565e-06
381  4.91437401681e-06
382  5.30462346181e-06
383  5.84322602411e-06
384  6.20552199527e-06
385  6.56199723402e-06
386  7.03526315625e-06
387  7.60846506682e-06
388  7.89960366551e-06
389  8.51375975316e-06
390  9.33164180939e-06
391  9.62278040808e-06
392  1.05936947155e-05
393  1.1101277005e-05
394  1.20721913124e-05
395  1.25088992105e-05
396  1.34853512693e-05
397  1.42738552721e-05
398  1.55650032506e-05
399  1.6212617088e-05
400  1.73346384462e-05
401  1.83445482548e-05
402  1.94607488806e-05
403  2.0798355312e-05
404  2.22693889571e-05
405  2.3747885554e-05
406  2.49030816809e-05
407  2.64515940518e-05
408  2.83958936191e-05
409  3.00899752893e-05
410  3.19277010584e-05
411  3.38382264194e-05
412  3.61390012255e-05
413  3.83406651852e-05
414  4.07870092905e-05
415  4.33089069213e-05
416  4.5900820326e-05
417  4.89959198673e-05
418  5.21189728824e-05
419  5.56117848206e-05
420  5.89559606604e-05
421  6.30554657344e-05
422  6.72249865823e-05
423  7.15326137777e-05
424  7.64200806936e-05
425  8.14830371231e-05
426  8.67950698512e-05
427  9.27215416479e-05
428  9.87889036101e-05
429  0.000105608810988
430  0.000112680861464
431  0.000120107461978
432  0.000128563950547
433  0.000136995239575
434  0.00014620981131
435  0.0001564944082
436  0.00016693011214
437  0.00017868052138
438  0.000190793226591
439  0.000203689214509
440  0.000217589890942
441  0.000232413098028
442  0.000248240993628
443  0.000264683045316
444  0.000283077798693
445  0.000301910118585
446  0.000322132980283
447  0.000343676085032
448  0.000366471342258
449  0.000390621441884
450  0.000416273053266
451  0.000443469097322
452  0.000472295401215
453  0.000502985512837
454  0.000535137040655
455  0.000569329824391
456  0.000604912866952
457  0.00064295733509
458  0.000682720041656
459  0.000724874158026
460  0.000769243336067
461  0.000815360389771
462  0.000864226711555
463  0.000915552533717
464  0.000969241770667
465  0.0010254682697
466  0.00108451212739
467  0.00114548598806
468  0.00120988142958
469  0.00127724647839
470  0.00134703749482
471  0.00141997553327
472  0.00149597839433
473  0.00157487416757
474  0.00165655466687
475  0.00174166228475
476  0.00183005613105
477  0.00192137559357
478  0.00201605683804
479  0.00211408964757
480  0.00221515186329
481  0.00231922102795
482  0.00242682278493
483  0.00253763053768
484  0.00265170210313
485  0.00276897384361
486  0.00288952713338
487  0.00301279981256
488  0.00313950239415
489  0.0032691588284
490  0.0034018521318
491  0.00353686875443
492  0.00367541906945
493  0.00381635639811
494  0.00396026222237
495  0.00410619744344
496  0.00425499019015
497  0.00440567308572
498  0.00455860460562
499  0.0047134561946
500  0.00487035182331
501  0.00502841772962
502  0.00518862761166
503  0.00535011598731
504  0.00551250640309
505  0.00567599318517
506  0.00584008504805
507  0.00600477645398
508  0.00617018973139
509  0.00633502759512
510  0.00650039498612
511  0.00666544300207
512  0.00682977471417
513  0.00699339098104
514  0.00715592700588
515  0.00731725708359
516  0.00747732565055
517  0.00763557411431
518  0.00779157291705
519  0.00794574415363
520  0.00809734549551
521  0.00824618899465
522  0.00839196577586
523  0.00853484468276
524  0.00867429371715
525  0.00881006599069
526  0.008941724762
527  0.00906945572942
528  0.00919300039503
529  0.00931172436333
530  0.00942587617652
531  0.00953503098581
532  0.00963881817366
533  0.00973735621451
534  0.00983057395099
535  0.00991803849571
536  0.00999921818465
537  0.0100745688453
538  0.0101439897247
539  0.0102067681314
540  0.01026315535
541  0.0103129283324
542  0.0103559140566
543  0.0103923303607
544  0.0104216654842
545  0.0104443982305
546  0.0104598790273
547  0.0104685681398
548  0.0104697960389
549  0.0104642676701
550  0.0104513461786
551  0.0104314948964
552  0.0104047165774
553  0.010370539598
554  0.0103296475877
555  0.010282110604
556  0.0102272889667
557  0.010166138152
558  0.0100980265262
559  0.0100234503706
560  0.0099424030472
561  0.00985532436431
562  0.00976206675237
563  0.00966305238126
564  0.00955822055193
565  0.00944774404151
566  0.00933215894364
567  0.00921104317154
568  0.00908531178126
569  0.00895473334644
570  0.00881953929344
571  0.00868056189971
572  0.00853737242092
573  0.00839026035345
574  0.00823999990472
575  0.00808624367479
576  0.00792988262828
577  0.00777069343418
578  0.00760909176771
579  0.0074452008392
580  0.00727966886192
581  0.00711270674181
582  0.00694425192606
583  0.00677493962722
584  0.00660474160885
585  0.00643383999827
586  0.00626246647493
587  0.00609160055767
588  0.00592074459813
589  0.00575017205504
590  0.00558089622149
591  0.00541201037821
592  0.00524488236829
593  0.00507854234401
594  0.00491371547296
595  0.00475088836148
596  0.0045900640465
597  0.00443118161741
598  0.00427429616408
599  0.0041204237634
600  0.00396851456427
601  0.00381993865146
602  0.00367368273189
603  0.00353090013019
604  0.00339083720088
605  0.00325388529346
606  0.00312008426205
607  0.00298939593629
608  0.00286213332834
609  0.00273867341863
610  0.00261824123136
611  0.00250154172656
612  0.00238815668664
613  0.00227795408516
614  0.0021718342785
615  0.00206907185764
616  0.00196935098505
617  0.00187345494345
618  0.00178091628765
619  0.00169191572039
620  0.00160598662162
621  0.00152356765792
622  0.0014445758128
623  0.00136847412594
624  0.00129563043104
625  0.00122621385473
626  0.00115933618273
627  0.00109571182356
628  0.00103504735543
629  0.000977066577298
630  0.000921829246518
631  0.000869348405329
632  0.000819189741772
633  0.000771593256858
634  0.000726359945291
635  0.000683910218173
636  0.000643064439638
637  0.000604758424022
638  0.000568305716268
639  0.00053384834814
640  0.000501390998772
641  0.000470829878183
642  0.000441865243224
643  0.000414585931105
644  0.000389084090341
645  0.000364841906546
646  0.000341908607319
647  0.000320332651327
648  0.000300459754764
649  0.000281633326034
650  0.000263690974617
651  0.000247428125308
652  0.000231451735464
653  0.00021707183125
654  0.000202978386501
655  0.000190174194414
656  0.000178321311597
657  0.000167264712191
658  0.000156518671732
659  0.000146555913981
660  0.000137419359855
661  0.000128452474511
662  0.0001203444254
663  0.000112804899065
664  0.000105874849685
665  9.90770859193e-05
666  9.28890820885e-05
667  8.7128427888e-05
668  8.15786796268e-05
669  7.66730076676e-05
670  7.18708427077e-05
671  6.71757937069e-05
672  6.31585952144e-05
673  5.9387719087e-05
674  5.58678859986e-05
675  5.20275362582e-05
676  4.88594992747e-05
677  4.58024322423e-05
678  4.2991729115e-05
679  4.00343150898e-05
680  3.78322302988e-05
681  3.53021659039e-05
682  3.31297183462e-05
683  3.10682407395e-05
684  2.90413624812e-05
685  2.72962645536e-05
686  2.54456928864e-05
687  2.39115008983e-05
688  2.20952455983e-05
689  2.0777497301e-05
690  1.9354275264e-05
691  1.81065427406e-05
692  1.69997003827e-05
693  1.60038279759e-05
694  1.4896985618e-05
695  1.39011132111e-05
696  1.3010714544e-05
697  1.21903316509e-05
698  1.13353494094e-05
699  1.05149665163e-05
700  9.84293674046e-06
701  8.8058271755e-06
702  8.12633444778e-06
703  7.91542850837e-06
704  7.23593578065e-06
705  6.59185947864e-06
706  6.45096931322e-06
707  5.66768660527e-06
708  5.09916382861e-06
709  4.70613056566e-06
710  4.4196711009e-06
711  4.4196711009e-06
712  4.02663783795e-06
713  3.52345170136e-06
714  3.13788139028e-06
715  2.88573829275e-06
716  2.67483235334e-06
717  2.67483235334e-06
718  2.45838866256e-06
719  2.20624556503e-06
720  1.84862872779e-06
721  1.7786129538e-06
722  1.7786129538e-06
723  1.53393280814e-06
724  1.39304264272e-06
725  1.1408995452e-06
726  1.1408995452e-06
727  1.1408995452e-06
728  1.1408995452e-06
729  9.24455854416e-07
730  9.24455854416e-07
731  9.24455854416e-07
732  8.54440080428e-07
733  6.37713408609e-07
734  6.37713408609e-07
735  6.37713408609e-07
736  3.85570311084e-07
737  1.40890165424e-07
738  1.40890165424e-07
739  1.40890165424e-07
740  1.40890165424e-07
