903  7.00157529805e-08
904  7.00157529805e-08
905  3.14695825226e-07
906  5.31422432017e-07
907  6.06975934703e-07
908  6.06975934703e-07
909  8.59118956574e-07
910  8.59118956574e-07
911  1.00000907972e-06
912  1.00000907972e-06
913  1.00000907972e-06
914  1.00000907972e-06
915  1.07002483271e-06
916  1.07002483271e-06
917  1.07002483271e-06
918  1.07002483271e-06
919  1.60698501443e-06
920  1.60698501443e-06
921  1.67700076741e-06
922  1.92914378928e-06
923  1.92914378928e-06
924  2.07003391243e-06
925  2.2156031681e-06
926  2.2156031681e-06
927  2.67700984713e-06
928  2.8225791028e-06
929  3.21561224782e-06
930  3.2856280008e-06
931  3.36118150349e-06
932  3.43119725647e-06
933  4.43120633619e-06
934  4.43120633619e-06
935  4.57677559186e-06
936  4.78768146799e-06
937  5.18539374553e-06
938  5.68857973114e-06
939  6.07882905905e-06
940  6.28973493518e-06
941  6.68744721272e-06
942  6.97390659154e-06
943  7.72923559902e-06
944  8.1612642335e-06
945  8.62152931439e-06
946  9.16013171508e-06
947  9.80888695636e-06
948  1.041750511e-05
949  1.09904238677e-05
950  1.1744611277e-05
951  1.21766399115e-05
952  1.32884440508e-05
953  1.37960261879e-05
954  1.50057995456e-05
955  1.57242875589e-05
956  1.66949185941e-05
957  1.74834223604e-05
958  1.87407957553e-05
959  1.98569960462e-05
960  2.09319591913e-05
961  2.21890496053e-05
962  2.35161557722e-05
963  2.52055578017e-05
964  2.66782332243e-05
965  2.80396557482e-05
966  2.97287747967e-05
967  3.19493162772e-05
968  3.37784668316e-05
969  3.57540452589e-05
970  3.8086381799e-05
971  4.04522095542e-05
972  4.32531327419e-05
973  4.59474821635e-05
974  4.86697850505e-05
975  5.21474169449e-05
976  5.51982414983e-05
977  5.91790593784e-05
978  6.30131664046e-05
979  6.73842336126e-05
980  7.15803535204e-05
981  7.66655125902e-05
982  8.19371950804e-05
983  8.74900821806e-05
984  9.34758565325e-05
985  9.97109900892e-05
986  0.000106555883398
987  0.00011400193191
988  0.000121951166408
989  0.000129975954409
990  0.000139322910265
991  0.000148878846796
992  0.000159335964572
993  0.000170430512584
994  0.000182174098818
995  0.000194847678379
996  0.000207981523021
997  0.000222548546976
998  0.000237682409777
999  0.000254004771818
1000  0.000271284222035
1001  0.000289535727866
1002  0.000308996223452
1003  0.000329709154122
1004  0.000351643216629
1005  0.000375356174537
1006  0.000399751661883
1007  0.000426001598133
1008  0.000453508365616
1009  0.000482659501269
1010  0.000513557686918
1011  0.00054581263976
1012  0.000580068752359
1013  0.000615581696192
1014  0.000653486049111
1015  0.000693173976563
1016  0.000735044332424
1017  0.0007785216733
1018  0.000824181159605
1019  0.000872015611368
1020  0.000921961334191
1021  0.0009738373424
1022  0.00102835136497
1023  0.00108482916414
1024  0.00114370497672
1025  0.00120483437507
1026  0.00126856412164
1027  0.0013344765796
1028  0.00140310814317
1029  0.00147384076092
1030  0.0015471798306
1031  0.00162291805529
1032  0.00170100755199
1033  0.00178159971067
1034  0.00186457884074
1035  0.00195002521638
1036  0.00203768943684
1037  0.00212802544586
1038  0.00222032715668
1039  0.00231523810326
1040  0.00241214935097
1041  0.00251122891827
1042  0.00261281421435
1043  0.00271596635836
1044  0.00282104796261
1045  0.00292855667535
1046  0.0030374185762
1047  0.00314810336353
1048  0.00326038409386
1049  0.00337424027666
1050  0.003489376848
1051  0.00360579466651
1052  0.00372331628405
1053  0.00384191016808
1054  0.00396150406119
1055  0.00408169388821
1056  0.0042025626656
1057  0.0043237461388
1058  0.0044458906256
1059  0.00456760001697
1060  0.00468952141427
1061  0.00481126154292
1062  0.00493256850133
1063  0.0050536878282
1064  0.00517409360538
1065  0.00529370391645
1066  0.00541227851905
1067  0.00552995386561
1068  0.0056460903177
1069  0.00576121347704
1070  0.00587430838177
1071  0.00598602769788
1072  0.00609578877513
1073  0.00620346653479
1074  0.00630921400906
1075  0.0064122775527
1076  0.00651379666413
1077  0.0066118529586
1078  0.00670761667182
1079  0.00680037343701
1080  0.00689055752446
1081  0.00697745538448
1082  0.00706152096079
1083  0.00714255245268
1084  0.00721972255672
1085  0.00729417413078
1086  0.00736468876349
1087  0.00743199272227
1088  0.00749582946794
1089  0.00755584024217
1090  0.00761245935679
1091  0.00766561011671
1092  0.00771472678313
1093  0.00776033967842
1094  0.00780234418751
1095  0.00784106275214
1096  0.00787552939661
1097  0.00790646541654
1098  0.00793354090725
1099  0.00795725929614
1100  0.00797734134536
1101  0.00799420746587
1102  0.00800746520017
1103  0.00801694016692
1104  0.00802342118634
1105  0.00802632398119
1106  0.00802613485949
1107  0.00802297448917
1108  0.00801614232121
1109  0.00800663950629
1110  0.00799459861298
1111  0.00797895707938
1112  0.00796085412094
1113  0.00794004395754
1114  0.00791659138363
1115  0.00789064389366
1116  0.00786209384729
1117  0.00783176215158
1118  0.00779868893456
1119  0.00776337101929
1120  0.007726193976
1121  0.007686744281
1122  0.00764554671087
1123  0.00760227993197
1124  0.00755780970106
1125  0.00751123566204
1126  0.00746313047449
1127  0.00741334742756
1128  0.00736246640233
1129  0.00730990751771
1130  0.00725618063904
1131  0.00720131478637
1132  0.00714484194869
1133  0.00708748617556
1134  0.00702888571327
1135  0.00696939181567
1136  0.00690875701887
1137  0.00684709535958
1138  0.00678497065139
1139  0.00672163695344
1140  0.00665755538944
1141  0.00659265622661
1142  0.00652697181456
1143  0.00646040615083
1144  0.00639322628965
1145  0.00632537993665
1146  0.00625677271688
1147  0.00618753442171
1148  0.00611768197064
1149  0.00604726845991
1150  0.0059758549401
1151  0.00590458090963
1152  0.00583217151772
1153  0.00575901425974
1154  0.00568588523821
1155  0.0056118674605
1156  0.00553702901716
1157  0.00546215625747
1158  0.00538667373802
1159  0.00531062269597
1160  0.00523427965678
1161  0.00515719150548
1162  0.00507985231121
1163  0.00500186794077
1164  0.00492349163724
1165  0.00484472201759
1166  0.00476559506419
1167  0.00468614426826
1168  0.0046063657758
1169  0.00452616432999
1170  0.00444596288419
1171  0.00436517991507
1172  0.00428426159358
1173  0.00420312682847
1174  0.00412191344306
1175  0.00404060040467
1176  0.00395913319247
1177  0.00387767180101
1178  0.00379616748864
1179  0.00371434569663
1180  0.00363302072771
1181  0.00355154740572
1182  0.00347071647608
1183  0.00338974465632
1184  0.00330876537361
1185  0.00322825963965
1186  0.00314849540887
1187  0.00306862460432
1188  0.00298935441281
1189  0.00291044651716
1190  0.00283232772472
1191  0.0027545236281
1192  0.00267782333052
1193  0.00260152074521
1194  0.00252628186338
1195  0.0024512998037
1196  0.00237709938428
1197  0.00230414557921
1198  0.00223222555742
1199  0.00216088427511
1200  0.00209068249123
1201  0.0020215385901
1202  0.00195341266087
1203  0.00188667231091
1204  0.00182096766942
1205  0.00175612022169
1206  0.00169273611492
1207  0.0016305966973
1208  0.00157000171189
1209  0.00151019029194
1210  0.00145177027199
1211  0.00139481331002
1212  0.00133950457021
1213  0.00128519612246
1214  0.00123227325399
1215  0.00118092469639
1216  0.00113093212238
1217  0.00108205052737
1218  0.00103484899993
1219  0.000988822145882
1220  0.000944795309997
1221  0.000901489486761
1222  0.00085995977511
1223  0.000819326282589
1224  0.000780481902352
1225  0.00074303084732
1226  0.000706824481441
1227  0.000671665724678
1228  0.00063806913671
1229  0.000605717237893
1230  0.000574589537713
1231  0.000544706526685
1232  0.000516040251343
1233  0.000488767018226
1234  0.000462493794189
1235  0.000437437305838
1236  0.000413235257311
1237  0.000390430930142
1238  0.00036843980565
1239  0.000347630817508
1240  0.000327569695423
1241  0.00030876072544
1242  0.00029037938794
1243  0.000273570436116
1244  0.000257330006899
1245  0.000241878680885
1246  0.000227351810448
1247  0.000213504432535
1248  0.000200334904926
1249  0.000187779816202
1250  0.000176534753251
1251  0.000165190579483
1252  0.000154917289165
1253  0.000145140821941
1254  0.000136078446578
1255  0.000127190735535
1256  0.000119128369253
1257  0.000111451573166
1258  0.000104074520138
1259  9.75386232533e-05
1260  9.09036155525e-05
1261  8.51986011783e-05
1262  7.95589234247e-05
1263  7.41403684293e-05
1264  6.92839731486e-05
1265  6.49307638535e-05
1266  6.07939981842e-05
1267  5.65816790122e-05
1268  5.30518892776e-05
1269  4.93781725064e-05
1270  4.61301630181e-05
1271  4.29875856978e-05
1272  4.02781786102e-05
1273  3.75687715227e-05
1274  3.50002545582e-05
1275  3.2746433419e-05
1276  3.0933245462e-05
1277  2.8820314446e-05
1278  2.6683826116e-05
1279  2.53262241074e-05
1280  2.31850566449e-05
1281  2.20438982622e-05
1282  2.05797224874e-05
1283  1.92218374978e-05
1284  1.82915849912e-05
1285  1.6729157017e-05
1286  1.55821779036e-05
1287  1.48683690228e-05
1288  1.3761526997e-05
1289  1.31177338692e-05
1290  1.20463082585e-05
1291  1.15434052538e-05
1292  1.06530068539e-05
1293  1.00092137261e-05
1294  9.36513761731e-06
1295  8.86223461265e-06
1296  8.3648693577e-06
1297  7.75539258685e-06
1298  7.32804308488e-06
1299  6.90069358291e-06
1300  6.61423420409e-06
1301  5.97015809533e-06
1302  5.50157144763e-06
1303  5.2906655715e-06
1304  5.00420619268e-06
1305  4.78776256684e-06
1306  4.57685669071e-06
1307  4.36041306487e-06
1308  3.75065331306e-06
1309  3.46419393424e-06
1310  3.32330381109e-06
1311  3.17773455543e-06
1312  2.79216436003e-06
1313  2.79216436003e-06
1314  2.32357771232e-06
1315  2.25356195934e-06
1316  2.11267183619e-06
1317  2.11267183619e-06
1318  1.67950160356e-06
1319  1.67950160356e-06
1320  1.67950160356e-06
1321  1.60948585058e-06
1322  1.21645270556e-06
1323  1.14089920288e-06
1324  1.14089920288e-06
1325  1.14089920288e-06
1326  1.14089920288e-06
1327  1.00000907972e-06
1328  1.00000907972e-06
1329  1.00000907972e-06
1330  1.00000907972e-06
1331  1.00000907972e-06
1332  9.29993326744e-07
1333  9.29993326744e-07
1334  7.13266719954e-07
1335  6.37713217267e-07
1336  3.93033145022e-07
